99,13,34,76,41,
0.0,-15.9971052386,12.6559432293
0.0,-15.994370677,12.6543984653
0.0,-15.9918542932,12.6525657837
0.0,-15.9834173465,12.6471665472
0.0,-15.9832711998,12.6471964821
0.0,-15.9815544256,12.645018924
0.0,-15.9749848341,12.6366878804
0.0,-15.9715730145,12.6323609819
0.0,-15.9673546949,12.6270109933
0.0,-15.9665382848,12.6259754554
0.0,-15.9665328111,12.6259685131
0.0,-15.9661314329,12.6255031833
0.0,-15.9661619379,12.6245853299
0.0,-15.9661715432,12.6224683827
0.0,-15.9661766047,12.6211335679
0.0,-15.9655741439,12.6192912187
0.0,-15.9652506449,12.6181847667
0.0,-15.9650819337,12.6166055207
0.0,-15.9648737006,12.6154655852
0.0,-15.9646099675,12.6140218079
0.0,-15.9634719953,12.6109156535
0.0,-15.9622515315,12.6075842367
0.0,-15.9618931039,12.6066058425
0.0,-15.9612457838,12.6054598576
0.0,-15.9601011337,12.6015788393
0.0,-15.9600581309,12.6002969368
0.0,-15.9599518749,12.5971293502
0.0,-15.9599477125,12.5970052669
0.0,-15.9599432283,12.597003509
0.0,-15.9597439025,12.5969253704
0.0,-15.9576255494,12.5960949386
0.0,-15.9568954406,12.5952371089
0.0,-15.9568622882,12.5951981558
0.0,-15.9568622131,12.595192571
0.0,-15.9568125394,12.5914739465
0.0,-15.9568692732,12.5909511384
0.0,-15.9571546753,12.589972268
0.0,-15.9573401222,12.5898078685
0.0,-15.9582896572,12.5889660954
0.0,-15.9586792341,12.5886207284
0.0,-15.9592418263,12.5879303749
0.0,-15.9606732495,12.588317501
0.0,-15.9648361262,12.5807039361
0.0,-15.9639816395,12.5736257312
0.0,-15.9632877716,12.5704225104
0.0,-15.9626006909,12.569037429
0.0,-15.9600078002,12.5659845485
0.0,-15.9584457938,12.5650810519
0.0,-15.9563471334,12.5639402279
0.0,-15.9549773299,12.5623183233
0.0,-15.9518869766,12.5563963198
0.0,-15.9518454644,12.5557072288
0.0,-15.9528720841,12.5539205425
0.0,-15.9528665908,12.5524277446
0.0,-15.9525621125,12.5490986922
0.0,-15.9529564457,12.5450781659
0.0,-15.9531854452,12.5437785537
0.0,-15.9532396662,12.5426300388
0.0,-15.9502445973,12.5339817477
0.0,-15.9460062445,12.530368543
0.0,-15.9435171912,12.5293533344
0.0,-15.9405630957,12.5281484079
0.0,-15.9390451081,12.5274838568
0.0,-15.9365854212,12.5260570267
0.0,-15.9362483447,12.5257403801
0.0,-15.9356943222,12.5257878322
0.0,-15.9346429935,12.5246307293
0.0,-15.9339732136,12.524405081
0.0,-15.9317183143,12.523645391
0.0,-15.9313751623,12.5235487991
0.0,-15.9313064599,12.5235066312
0.0,-15.9310401659,12.5234169131
0.0,-15.9280017676,12.5215150405
0.0,-15.9266497504,12.5198989297
0.0,-15.9255795095,12.5184208618
0.0,-15.9250558767,12.5177733897
0.0,-15.9244601504,12.5170367679
0.0,-15.9234827451,12.5156973911
0.0,-15.9224118903,12.5140362098
0.0,-15.9217163205,12.5122844486
0.0,-15.9212040943,12.5115458899
0.0,-15.9206942262,12.5102546305
0.0,-15.9204181801,12.508965961
0.0,-15.9203381339,12.5056082661
0.0,-15.9203910109,12.5041353712
0.0,-15.920540294,12.5021128457
0.0,-15.9209662451,12.5008274268
0.0,-15.9213987984,12.4984840719
0.0,-15.9214966493,12.4972879337
0.0,-15.921415047,12.4948388153
0.0,-15.9210508698,12.4919953695
0.0,-15.9206812588,12.4907510969
0.0,-15.919983665,12.4894604723
0.0,-15.9193351398,12.487893897
0.0,-15.9188449763,12.4859004239
0.0,-15.9187231603,12.4855806569
0.0,-15.918711639,12.4855789402
0.0,-15.9187521841,12.4855230391
0.0,-15.9193596613,12.4846854985
0.0,-15.9204670147,12.4838778855
0.0,-15.9223872779,12.4826104474
0.0,-15.9225656536,12.4824927119
0.0,-15.9227174503,12.4824424137
0.0,-15.9255421531,12.4815064304
0.0,-15.9270582814,12.4806399731
0.0,-15.9276372684,12.4791451467
0.0,-15.9273953737,12.4768493079
0.0,-15.9255693795,12.4727215673
0.0,-15.9239240203,12.470086029
0.0,-15.9230974914,12.4676773482
0.0,-15.9216238203,12.4640077004
0.0,-15.9216233259,12.4640078711
0.0,-15.9215893018,12.4638966285
0.0,-15.9203707759,12.4640737116
0.0,-15.9193625008,12.4644541576
0.0,-15.9193533724,12.4644604476
0.0,-15.9179077329,12.4650030688
0.0,-15.9162390296,12.4656326886
0.0,-15.9148361318,12.4661620074
0.0,-15.9140213087,12.4668591499
0.0,-15.9136610331,12.4671673902
0.0,-15.9125328584,12.4679442985
0.0,-15.9122556675,12.4679430035
0.0,-15.9122411816,12.4679429358
0.0,-15.912016,12.4679418835
0.0,-15.9118941562,12.4679413139
0.0,-15.911791454,12.4679434067
0.0,-15.9116116701,12.4679542764
0.0,-15.9110765801,12.467986628
0.0,-15.9104251824,12.4680260095
0.0,-15.9097185327,12.4688037458
0.0,-15.909701657,12.4688128438
0.0,-15.9096926456,12.4688177017
0.0,-15.9096745117,12.4688274775
0.0,-15.9096495328,12.4688409439
0.0,-15.909509057,12.4689166767
0.0,-15.9092300558,12.4690670885
0.0,-15.9088345843,12.4692802902
0.0,-15.9087358776,12.4693338755
0.0,-15.908682445,12.4693623099
0.0,-15.90841221,12.469507995
0.0,-15.9083015313,12.4695676614
0.0,-15.908028659,12.4697147682
0.0,-15.9078253548,12.4698918612
0.0,-15.9077119494,12.4699906461
0.0,-15.9077084451,12.4699936987
0.0,-15.9076156838,12.4700745001
0.0,-15.9071350953,12.470493127
0.0,-15.9068831763,12.4706075866
0.0,-15.90645344,12.470802836
0.0,-15.9064485034,12.4708028318
0.0,-15.9064348862,12.4708115769
0.0,-15.9064340978,12.4708116238
0.0,-15.9057359741,12.4711288126
0.0,-15.9056006629,12.4711750283
0.0,-15.9055811772,12.4711816836
0.0,-15.9039451778,12.4711871662
0.0,-15.9038759109,12.4711666213
0.0,-15.9022462336,12.4706832428
0.0,-15.9018395653,12.4705626188
0.0,-15.9015976597,12.4704329254
0.0,-15.8983273287,12.4686795598
0.0,-15.8934126787,12.4667436773
0.0,-15.8916559215,12.4656011362
0.0,-15.8887237862,12.4624528443
0.0,-15.8882487484,12.4602151281
0.0,-15.8873027996,12.4569454433
0.0,-15.8871763869,12.454132404
0.0,-15.8873448318,12.4521222401
0.0,-15.8877924134,12.4505067072
0.0,-15.9533768324,12.442647367
0.0,-15.9857713226,12.4533533828
0.0,-15.9979616043,12.4573811511
0.0,-16.0051313,12.4600234221
0.0,-16.0100650853,12.461871951
0.0,-16.02255841,12.4665522124
0.0,-16.0243735524,12.4672321339
0.0,-16.0315565162,12.4699225914
0.0,-16.0319345635,12.4700641861
0.0,-16.0328725154,12.4702965916
0.0,-16.0340780979,12.4705953052
0.0,-16.0354943311,12.4709462053
0.0,-16.0360530594,12.4710846389
0.0,-16.0363091114,12.4711480793
0.0,-16.036431861,12.4711784919
0.0,-16.0364867398,12.4711920888
0.0,-16.0365143667,12.4711989341
0.0,-16.0365315934,12.4712032016
0.0,-16.0365340231,12.4712038044
0.0,-16.0365394239,12.4712051354
0.0,-16.0365398871,12.4712052512
0.0,-16.0365402574,12.4712053411
0.0,-16.0365406617,12.4712054453
0.0,-16.036541043,12.4712055433
0.0,-16.0367451626,12.4712539872
0.0,-16.0375269999,12.4714498238
0.0,-16.0377922213,12.471515535
0.0,-16.0384033738,12.4714113253
0.0,-16.0388772152,12.4713305274
0.0,-16.0393803934,12.4713245833
0.0,-16.0396847368,12.4713209882
0.0,-16.0406669015,12.471309382
0.0,-16.0411819197,12.4713032949
0.0,-16.0420728022,12.4712927625
0.0,-16.0425767876,12.471286803
0.0,-16.0435334119,12.4712754884
0.0,-16.0438670138,12.4712715422
0.0,-16.0446848873,12.4712625457
0.0,-16.045022065,12.4712603085
0.0,-16.0456306618,12.4712562684
0.0,-16.0458424559,12.4712548621
0.0,-16.0458482156,12.4712568733
0.0,-16.045993507,12.4712538565
0.0,-16.0459937508,12.4712538537
0.0,-16.0459946479,12.4712538521
0.0,-16.0459954235,12.4712538473
0.0,-16.0459972223,12.4712538349
0.0,-16.0459976511,12.4712538323
0.0,-16.0460056401,12.4712537787
0.0,-16.0460216772,12.4712536723
0.0,-16.0460336521,12.4712535934
0.0,-16.0460743575,12.4712533226
0.0,-16.0461012286,12.4712531443
0.0,-16.0461158386,12.471253047
0.0,-16.0463162309,12.4712517162
0.0,-16.0464089882,12.4712511008
0.0,-16.0466083639,12.4712497764
0.0,-16.0471398795,12.4712462451
0.0,-16.0476723556,12.4712427072
0.0,-16.0482810081,12.4712386609
0.0,-16.0504536847,12.4712242075
0.0,-16.0505753858,12.4712233976
0.0,-16.0515492107,12.4712169135
0.0,-16.0516465848,12.4712162648
0.0,-16.0529793507,12.4712073844
0.0,-16.0534236396,12.4712044223
0.0,-16.0538100958,12.4712018454
0.0,-16.054362966,12.4711981577
0.0,-16.0550033155,12.4711656648
0.0,-16.0563956352,12.4710950098
0.0,-16.0566850821,12.4710803209
0.0,-16.057466344,12.4710406711
0.0,-16.0579453823,12.4710163583
0.0,-16.0583092003,12.4709978924
0.0,-16.0583092499,12.4709978904
0.0,-16.058309376,12.4709978836
0.0,-16.0583095001,12.4709978777
0.0,-16.0583096041,12.4709978727
0.0,-16.0583110244,12.4709977994
0.0,-16.0583155007,12.470997572
0.0,-16.0583262637,12.4709970262
0.0,-16.0583865292,12.4709939672
0.0,-16.0591479394,12.4709553198
0.0,-16.0623944039,12.470790513
0.0,-16.0670169314,12.4705519761
0.0,-16.0670234672,12.4705554385
0.0,-16.067506525,12.4705284121
0.0,-16.0678764829,12.4705121271
0.0,-16.0759647209,12.4686112288
0.0,-16.0892234064,12.4653833162
0.0,-16.0893123926,12.4653613172
0.0,-16.0914707945,12.464827714
0.0,-16.097754538,12.463274128
0.0,-16.1064145778,12.4611327635
0.0,-16.1092418547,12.4604334935
0.0,-16.1163054788,12.4586862496
0.0,-16.1318066939,12.4548511859
0.0,-16.1406018121,12.452674801
0.0,-16.1484587312,12.4507303095
0.0,-16.1576267086,12.4484610278
0.0,-16.1588602424,12.4481087861
0.0,-16.160642299,12.4477145262
0.0,-16.1621891444,12.4479972077
0.0,-16.1626843506,12.4481564706
0.0,-16.1662178666,12.4492928463
0.0,-16.1783656013,12.45319911
0.0,-16.178486179,12.4532379802
0.0,-16.1784863085,12.4532379217
0.0,-16.1784902583,12.453239192
0.0,-16.1784999066,12.4532422945
0.0,-16.1785096,12.4532454104
0.0,-16.1785121789,12.45324624
0.0,-16.1785162669,12.4532475549
0.0,-16.1790089062,12.4534059547
0.0,-16.1790585584,12.4534219194
0.0,-16.179225978,12.45347575
0.0,-16.1792554168,12.4534852153
0.0,-16.1793375013,12.4535116078
0.0,-16.1793538304,12.4535168583
0.0,-16.1794610815,12.4535513424
0.0,-16.1795067333,12.4535660216
0.0,-16.1796597827,12.4536152312
0.0,-16.1797280259,12.4536371733
0.0,-16.1798482995,12.4536758444
0.0,-16.1799078802,12.4536950006
0.0,-16.1799753642,12.4537166927
0.0,-16.1799973706,12.4537237665
0.0,-16.1800361741,12.4537362396
0.0,-16.1802049142,12.4537904815
0.0,-16.1802316038,12.4537990609
0.0,-16.180430952,12.4538631407
0.0,-16.1804899496,12.4538821049
0.0,-16.1806287792,12.4539267306
0.0,-16.1806829775,12.4539441525
0.0,-16.1808490828,12.4539975465
0.0,-16.1808908126,12.4540109597
0.0,-16.1810572689,12.454064466
0.0,-16.1812201377,12.4541168197
0.0,-16.1816190157,12.4542450355
0.0,-16.1819842372,12.4543624317
0.0,-16.1824344675,12.4545071527
0.0,-16.1825761069,12.4545526809
0.0,-16.1830686398,12.4547109983
0.0,-16.1840277876,12.4550192983
0.0,-16.1843423779,12.4551204169
0.0,-16.1854244411,12.4554682189
0.0,-16.1856549049,12.4555422952
0.0,-16.1866253881,12.4558542273
0.0,-16.1870244892,12.4559825051
0.0,-16.1879123059,12.4562678612
0.0,-16.188319458,12.4563987245
0.0,-16.1893082506,12.4567165295
0.0,-16.1896093187,12.4568132936
0.0,-16.19062701,12.4571403809
0.0,-16.1908519786,12.4572126848
0.0,-16.1911877926,12.4573206154
0.0,-16.1915744656,12.4574448895
0.0,-16.1919592943,12.4575685717
0.0,-16.1924729955,12.4577336706
0.0,-16.1935580104,12.4580823807
0.0,-16.1961615232,12.458919095
0.0,-16.1964933229,12.4590257272
0.0,-16.1974919926,12.4593466681
0.0,-16.1985519366,12.4596971669
0.0,-16.1987710761,12.4597698558
0.0,-16.1988172378,12.4597851676
0.0,-16.198940781,12.4598261469
0.0,-16.1991400326,12.4598922387
0.0,-16.1992315305,12.4599225883
0.0,-16.199276123,12.4599373799
0.0,-16.1993538769,12.4599631704
0.0,-16.1993771633,12.459970894
0.0,-16.1993839367,12.4599731415
0.0,-16.199403236,12.4599795429
0.0,-16.1994090742,12.4599814789
0.0,-16.1994150819,12.4599834721
0.0,-16.1994195914,12.4599849674
0.0,-16.1994215983,12.459985633
0.0,-16.1994255549,12.4599869454
0.0,-16.1994295133,12.4599882587
0.0,-16.1994337261,12.4599896558
0.0,-16.1994352492,12.4599901617
0.0,-16.1994385166,12.4599912448
0.0,-16.1994407309,12.4599919881
0.0,-16.1994413371,12.459992188
0.0,-16.199442019,12.459992411
0.0,-16.199442441,12.4599925519
0.0,-16.1994429579,12.4599927187
0.0,-16.2004396503,12.4603220318
0.0,-16.2006625653,12.4603972556
0.0,-16.2012554389,12.4605939061
0.0,-16.2031303767,12.4601787062
0.0,-16.2066562952,12.4586711752
0.0,-16.2107239512,12.4570200737
0.0,-16.210935514,12.4569341959
0.0,-16.2134751117,12.4556863938
0.0,-16.222845879,12.4510818737
0.0,-16.2229384979,12.4510363618
0.0,-16.227795118,12.4486497738
0.0,-16.2330295189,12.4460774005
0.0,-16.2330602197,12.4460623191
0.0,-16.2343782669,12.4501250641
0.0,-16.237027906,12.4545145042
0.0,-16.239565731,12.4558424777
0.0,-16.241422482,12.4572692414
0.0,-16.2439726701,12.4611806229
0.0,-16.2457754851,12.4630507934
0.0,-16.246848567,12.4673082372
0.0,-16.2513477181,12.4714975773
0.0,-16.2584488712,12.474796539
0.0,-16.2590539294,12.4756467095
0.0,-16.2619783162,12.4797556707
0.0,-16.2676543264,12.4855658222
0.0,-16.2685090185,12.4861924657
0.0,-16.2743975142,12.4905096268
0.0,-16.2777144062,12.4917378203
0.0,-16.2787600327,12.49346092
0.0,-16.2799656155,12.4954475772
0.0,-16.2822305004,12.4991797301
0.0,-16.288998508,12.5090028592
0.0,-16.293502867,12.5139567974
0.0,-16.2983907233,12.5176649081
0.0,-16.3002472721,12.5188998236
0.0,-16.3076937068,12.5214784913
0.0,-16.3081494847,12.5216363166
0.0,-16.3126360307,12.5229540155
0.0,-16.3162568075,12.5263808927
0.0,-16.3185640517,12.5301337627
0.0,-16.3214899082,12.5348926373
0.0,-16.3331491891,12.5538540664
0.0,-16.3438203895,12.5739163867
0.0,-16.3450587757,12.5762443497
0.0,-16.3456872484,12.5777423533
0.0,-16.3452308064,12.5787687727
0.0,-16.3447480863,12.5799125901
0.0,-16.3445506073,12.58087529
0.0,-16.3443063972,12.5817014833
0.0,-16.3439183017,12.5828459548
0.0,-16.3435828519,12.5834398068
0.0,-16.343149746,12.5844477623
0.0,-16.342839267,12.5849218849
0.0,-16.3426723293,12.5851768069
0.0,-16.3420084764,12.5861292249
0.0,-16.3416233884,12.5866816996
0.0,-16.3410943854,12.587780541
0.0,-16.3408974247,12.5885138281
0.0,-16.3403232454,12.5896106347
0.0,-16.3403204897,12.5896164888
0.0,-16.3400988866,12.5900872003
0.0,-16.3396987659,12.5909371012
0.0,-16.3390797553,12.5917109237
0.0,-16.338214817,12.5935403528
0.0,-16.3377835929,12.5943629577
0.0,-16.3361411954,12.5960283454
0.0,-16.3337492631,12.5984537076
0.0,-16.3332734334,12.5989985262
0.0,-16.3326628557,12.5991292708
0.0,-16.3321165489,12.5998015314
0.0,-16.3316632995,12.6003592746
0.0,-16.3290473974,12.6010394812
0.0,-16.3259960386,12.6022702105
0.0,-16.3239762729,12.6023580337
0.0,-16.3216893648,12.6029526211
0.0,-16.3185427274,12.6032359947
0.0,-16.3147439097,12.6032829588
0.0,-16.312303418,12.6033910101
0.0,-16.3104728469,12.6034610165
0.0,-16.3092303745,12.6032239987
0.0,-16.3082685339,12.603040511
0.0,-16.3062547084,12.6026563268
0.0,-16.3045370887,12.602328637
0.0,-16.3035036552,12.6021314712
0.0,-16.3034672163,12.6021245193
0.0,-16.3032647154,12.6020858841
0.0,-16.3005105997,12.6008098428
0.0,-16.2941649307,12.597882004
0.0,-16.2906684697,12.5956876938
0.0,-16.2905784535,12.5956312003
0.0,-16.2872250911,12.5935656897
0.0,-16.2807828336,12.5908199147
0.0,-16.2791483074,12.590155314
0.0,-16.2789701077,12.590106767
0.0,-16.2743785027,12.5888558339
0.0,-16.2735810745,12.5887005257
0.0,-16.2731153985,12.5886098294
0.0,-16.2713793635,12.5885875698
0.0,-16.2712055463,12.588582744
0.0,-16.2684251514,12.5885055287
0.0,-16.2683798821,12.5885082928
0.0,-16.2666992326,12.5886108946
0.0,-16.2625081836,12.5888668133
0.0,-16.2615237625,12.5889269153
0.0,-16.2607495741,12.5891315527
0.0,-16.2568658851,12.5901580694
0.0,-16.2536149887,12.5913599549
0.0,-16.2513747622,12.5921060713
0.0,-16.2497534985,12.5926460258
0.0,-16.2483858794,12.5932728527
0.0,-16.2455027669,12.5951227549
0.0,-16.2453199981,12.5952074245
0.0,-16.2435683041,12.5960189092
0.0,-16.2420514389,12.5973798562
0.0,-16.2407087545,12.5981773273
0.0,-16.2400146194,12.5985895963
0.0,-16.2399265494,12.598641904
0.0,-16.2396040273,12.5988685996
0.0,-16.2388213865,12.599418703
0.0,-16.2376845832,12.6002177317
0.0,-16.237419437,12.6004040948
0.0,-16.2357649861,12.6018108783
0.0,-16.235714233,12.6018540327
0.0,-16.2338222465,12.6030938182
0.0,-16.2333034177,12.6034337928
0.0,-16.2321501933,12.6043797915
0.0,-16.2309827184,12.6053374676
0.0,-16.2298777051,12.6059822118
0.0,-16.2285194218,12.6067741698
0.0,-16.2278165436,12.6071839835
0.0,-16.2263704958,12.6080499022
0.0,-16.2257853479,12.6084002951
0.0,-16.225595858,12.6084661599
0.0,-16.2242727503,12.6089260544
0.0,-16.2224742163,12.6095511883
0.0,-16.221307939,12.609956555
0.0,-16.2205827697,12.6102086008
0.0,-16.2162046931,12.6106376772
0.0,-16.2130863324,12.6095399329
0.0,-16.2116089836,12.6090198514
0.0,-16.2098928905,12.6076839654
0.0,-16.2081693977,12.6063422921
0.0,-16.2068053948,12.6052890787
0.0,-16.206170065,12.6047985035
0.0,-16.20291181,12.6025506337
0.0,-16.201582148,12.6015623706
0.0,-16.2007716504,12.6009599664
0.0,-16.2004657959,12.6006757344
0.0,-16.1992937172,12.5995865055
0.0,-16.1991761597,12.5994772565
0.0,-16.1990097981,12.5993226532
0.0,-16.1989151021,12.5992346505
0.0,-16.1983189404,12.5987018891
0.0,-16.1974267812,12.5979046036
0.0,-16.1972440459,12.5977412997
0.0,-16.1968259751,12.5973926611
0.0,-16.196358586,12.5970028934
0.0,-16.1956215597,12.5963882632
0.0,-16.1950796649,12.5959363566
0.0,-16.1950603202,12.5959202241
0.0,-16.1949386513,12.5958238523
0.0,-16.194911801,12.5958025844
0.0,-16.1949075049,12.5957991815
0.0,-16.1949068397,12.5957986565
0.0,-16.1949067491,12.5957985827
0.0,-16.1904387761,12.5922594876
0.0,-16.1880810458,12.5903918491
0.0,-16.1863665463,12.5890337043
0.0,-16.1858539355,12.5886276327
0.0,-16.1842420229,12.588060428
0.0,-16.1818923428,12.5872335942
0.0,-16.1788851682,12.5868388706
0.0,-16.1770987811,12.5871371838
0.0,-16.1739252966,12.5877622454
0.0,-16.1738064009,12.587785663
0.0,-16.1736746607,12.5878135436
0.0,-16.1715487759,12.5882634417
0.0,-16.1700696254,12.588740621
0.0,-16.1699009225,12.5887950448
0.0,-16.1688610113,12.5889926675
0.0,-16.1681865148,12.5891208446
0.0,-16.1675058003,12.5892502027
0.0,-16.1634038127,12.590029672
0.0,-16.1608251503,12.590519642
0.0,-16.1583280543,12.5913633948
0.0,-16.1565445197,12.5914784761
0.0,-16.1550817796,12.5920566588
0.0,-16.1510405256,12.5926504612
0.0,-16.1495408785,12.5929941005
0.0,-16.1464765634,12.5936962516
0.0,-16.1439310782,12.5946757039
0.0,-16.1413685519,12.5953416446
0.0,-16.1410614918,12.5954214409
0.0,-16.1381944049,12.5958902459
0.0,-16.1380571723,12.5959253544
0.0,-16.13725167,12.5961314266
0.0,-16.1364378936,12.5963396121
0.0,-16.1332659294,12.5971521034
0.0,-16.1297220156,12.598036201
0.0,-16.1246368607,12.5996726558
0.0,-16.1224578562,12.6013465614
0.0,-16.121393747,12.602208782
0.0,-16.1153043621,12.6071426691
0.0,-16.1135983637,12.6085930217
0.0,-16.1092399507,12.6121237493
0.0,-16.1083887195,12.6126652482
0.0,-16.1070208758,12.6132913893
0.0,-16.1057941813,12.6138276554
0.0,-16.1048520918,12.6141830402
0.0,-16.1037160666,12.6144099441
0.0,-16.1005243587,12.6150474134
0.0,-16.0988781496,12.615439584
0.0,-16.0942108502,12.6157243888
0.0,-16.0833100545,12.6163892521
0.0,-16.0830374426,12.6164090213
0.0,-16.0758414732,12.6169307545
0.0,-16.0634296346,12.6178301999
0.0,-16.0580190199,12.6182221075
0.0,-16.0570715532,12.6186457869
0.0,-16.0563206999,12.6189815426
0.0,-16.054633209,12.6195663618
0.0,-16.0527381914,12.6202230869
0.0,-16.0493279897,12.6222414195
0.0,-16.0474919737,12.6233280372
0.0,-16.0474349326,12.6233661652
0.0,-16.0457888374,12.6244664411
0.0,-16.0403569722,12.6280970541
0.0,-16.0400659904,12.628291538
0.0,-16.036054692,12.6334134593
0.0,-16.0301538832,12.6409475943
0.0,-16.0278168978,12.6440906727
0.0,-16.0251269124,12.6468613063
0.0,-16.0186461917,12.653535986
0.0,-16.016893565,12.6551668104
0.0,-16.015943514,12.6551237988
0.0,-16.014047266,12.656135783
0.0,-16.0104441584,12.6567714737
0.0,-16.0082028592,12.6567799697
0.0,-15.998456947,12.6565296183
0.0,-15.9971052386,12.6559432293
