44,7,43,71,36,
0.0,-16.200665584,15.4204344907
0.0,-16.1917269924,15.418403616
0.0,-16.1865173923,15.4184405439
0.0,-16.1795117304,15.4170948515
0.0,-16.1733986772,15.4167593802
0.0,-16.1691466005,15.4165259353
0.0,-16.1661589957,15.4171653484
0.0,-16.1628957645,15.416838962
0.0,-16.1597739566,15.4151287768
0.0,-16.1584664007,15.4151130004
0.0,-16.1576143898,15.4132258619
0.0,-16.1565839885,15.4116782534
0.0,-16.1546311232,15.4087450715
0.0,-16.1487814492,15.4030353965
0.0,-16.1451066968,15.3982710238
0.0,-16.142621651,15.3946484704
0.0,-16.1399566706,15.3941838096
0.0,-16.1345379824,15.3950725152
0.0,-16.1290185683,15.3955789345
0.0,-16.1226034389,15.3945590643
0.0,-16.112814898,15.3917044623
0.0,-16.1068014798,15.3899505309
0.0,-16.0997773771,15.3855846328
0.0,-16.093047368,15.3808343769
0.0,-16.0867220558,15.3784137804
0.0,-16.087335501,15.3910764306
0.0,-16.0873689728,15.3917672776
0.0,-16.083510315,15.3917224705
0.0,-16.0748370984,15.3916215113
0.0,-16.0723217795,15.3918429307
0.0,-16.0626546086,15.3926936469
0.0,-16.0618811356,15.3927616947
0.0,-16.0537373464,15.393519065
0.0,-16.052152735,15.3933457851
0.0,-16.0497107462,15.3930787263
0.0,-16.047438124,15.3928301651
0.0,-16.042705119,15.3927547006
0.0,-16.0380190984,15.392679885
0.0,-16.0300306335,15.3925521171
0.0,-16.011133246,15.3904828404
0.0,-15.9959463011,15.389832679
0.0,-15.9844619364,15.389673612
0.0,-15.9763166704,15.3895603437
0.0,-15.9552326538,15.3881683886
0.0,-15.9454062385,15.3878689014
0.0,-15.9436963802,15.382873727
0.0,-15.9359001726,15.3785957488
0.0,-15.9225670634,15.3782920562
0.0,-15.9146085769,15.3762036637
0.0,-15.9077372631,15.3744002911
0.0,-15.9086603349,15.3730325384
0.0,-15.910087823,15.3705567327
0.0,-15.9108812203,15.368572144
0.0,-15.9112714795,15.3672039951
0.0,-15.9115988331,15.3654584465
0.0,-15.9117263206,15.3641187275
0.0,-15.9117526807,15.3630925378
0.0,-15.911483325,15.3598420052
0.0,-15.9190590896,15.3596221653
0.0,-15.930631324,15.3595741519
0.0,-15.9469222323,15.3591462076
0.0,-15.9530777719,15.3595542724
0.0,-15.9554609655,15.3595229238
0.0,-15.9617252731,15.3596112896
0.0,-15.9653036345,15.3597034783
0.0,-15.968219646,15.3601062843
0.0,-15.9704708458,15.3601244978
0.0,-15.972962836,15.3601223023
0.0,-15.9753782939,15.3599627217
0.0,-15.9814157466,15.3601178602
0.0,-15.9841775901,15.3601887737
0.0,-15.9851307137,15.3601386385
0.0,-15.9881826425,15.3599160219
0.0,-15.9971966078,15.3592582729
0.0,-15.9984460431,15.3591670726
0.0,-16.0023004129,15.3588856852
0.0,-16.0072762456,15.3585223266
0.0,-16.0144540458,15.3565371988
0.0,-16.0196613258,15.3564592052
0.0,-16.0210992569,15.3553396587
0.0,-16.0225132867,15.3542387014
0.0,-16.02730921,15.3504799504
0.0,-16.0273125129,15.3504692059
0.0,-16.0283899665,15.3469641994
0.0,-16.0299079301,15.34202601
0.0,-16.0302082852,15.3395604816
0.0,-16.0305317796,15.3369049725
0.0,-16.033474645,15.3273165811
0.0,-16.0334748008,15.3273160742
0.0,-16.0345166754,15.3252027424
0.0,-16.0349810953,15.3244194883
0.0,-16.0360236025,15.3226612547
0.0,-16.0377227868,15.3197437184
0.0,-16.0408445063,15.3164986411
0.0,-16.0440675477,15.3144530687
0.0,-16.0465442402,15.3139883715
0.0,-16.048897612,15.3140699959
0.0,-16.0509364426,15.3152208845
0.0,-16.0516403926,15.3161032705
0.0,-16.0533538008,15.3163957981
0.0,-16.0547961025,15.3164187752
0.0,-16.0563597951,15.3161731454
0.0,-16.0576157456,15.3157502786
0.0,-16.0587461095,15.314762171
0.0,-16.0595938037,15.3135148128
0.0,-16.059936283,15.3123489749
0.0,-16.0608732037,15.3095750112
0.0,-16.0619946271,15.3065356547
0.0,-16.0619977309,15.3065272431
0.0,-16.0619987655,15.3065244395
0.0,-16.0631174898,15.3021823575
0.0,-16.0637072102,15.3004730553
0.0,-16.0645938875,15.2979029766
0.0,-16.0692169832,15.2883742553
0.0,-16.0710525036,15.2845907933
0.0,-16.076967863,15.2777363949
0.0,-16.0811772686,15.2758258335
0.0,-16.087976229,15.2735247747
0.0,-16.0906374808,15.2726240252
0.0,-16.0943864526,15.271355051
0.0,-16.097964654,15.2713622785
0.0,-16.1013353671,15.2714031368
0.0,-16.1030504381,15.2714521013
0.0,-16.1049441002,15.2717297774
0.0,-16.1059778702,15.2715788816
0.0,-16.1074752512,15.2695360331
0.0,-16.1089387177,15.2667161354
0.0,-16.1107554039,15.2636074734
0.0,-16.1119425026,15.2621694768
0.0,-16.1126004775,15.2613724267
0.0,-16.1133276143,15.2604915865
0.0,-16.1135486241,15.2602238587
0.0,-16.1135729515,15.2601943874
0.0,-16.1135738003,15.2601937793
0.0,-16.1139773807,15.2597658097
0.0,-16.1142356385,15.2594788364
0.0,-16.1151680252,15.2585031965
0.0,-16.1171152366,15.2564382424
0.0,-16.1191427417,15.254288081
0.0,-16.1214988852,15.2517893255
0.0,-16.1222924356,15.2509477255
0.0,-16.1223853577,15.2508792083
0.0,-16.1223887265,15.2508776457
0.0,-16.1247519159,15.2497812031
0.0,-16.1271816999,15.2486465648
0.0,-16.1278702328,15.2483250331
0.0,-16.1302505113,15.247213466
0.0,-16.1353331158,15.2448398188
0.0,-16.1354170924,15.2448005992
0.0,-16.1399034896,15.2427052494
0.0,-16.1416131144,15.2419404554
0.0,-16.1436437414,15.2411217728
0.0,-16.1439386386,15.2410090267
0.0,-16.1445262951,15.2407914051
0.0,-16.145116327,15.2405799302
0.0,-16.1453481096,15.2404995935
0.0,-16.1468999872,15.2399826194
0.0,-16.1480997117,15.2396155697
0.0,-16.1485482348,15.2394810253
0.0,-16.1491041979,15.2393299039
0.0,-16.1492810716,15.2392807784
0.0,-16.149496883,15.2392231641
0.0,-16.1498612631,15.2391258856
0.0,-16.1504430633,15.2389767928
0.0,-16.1510264119,15.2388335183
0.0,-16.1527851277,15.2384387444
0.0,-16.1536550251,15.2382646207
0.0,-16.1543221379,15.2381394934
0.0,-16.1549696351,15.2380316772
0.0,-16.1550718403,15.2380078016
0.0,-16.1551569072,15.2379879291
0.0,-16.1556814436,15.2377387799
0.0,-16.156126601,15.2375012084
0.0,-16.156709493,15.2371574616
0.0,-16.1572678582,15.2367865768
0.0,-16.1576786518,15.2364875396
0.0,-16.1581386024,15.2361210689
0.0,-16.1585192862,15.2357896392
0.0,-16.1588573836,15.2354730211
0.0,-16.1593633674,15.2349534166
0.0,-16.1597922872,15.2344634247
0.0,-16.160071264,15.2341134357
0.0,-16.1603462952,15.2337449513
0.0,-16.1606858768,15.2332455593
0.0,-16.160902182,15.2328966029
0.0,-16.1611487134,15.2324686464
0.0,-16.1614252415,15.2319338448
0.0,-16.1616754157,15.2313869471
0.0,-16.1618306527,15.2310052631
0.0,-16.1620377622,15.2304329267
0.0,-16.1621287601,15.2301495434
0.0,-16.1622267869,15.2298142807
0.0,-16.1623698897,15.2292459842
0.0,-16.1624615054,15.2288095527
0.0,-16.1625359179,15.2283668637
0.0,-16.1625959898,15.2279215877
0.0,-16.1626415877,15.2274272004
0.0,-16.1626653054,15.2270266
0.0,-16.1627803349,15.2261870514
0.0,-16.1629879203,15.2252200014
0.0,-16.1630715674,15.2249270406
0.0,-16.1631821672,15.2245396789
0.0,-16.1633660531,15.2240039604
0.0,-16.1636875105,15.2232166263
0.0,-16.1639391022,15.2226892644
0.0,-16.1642621699,15.2220931414
0.0,-16.1645679638,15.2215898531
0.0,-16.164945905,15.221032714
0.0,-16.1656490851,15.2201403608
0.0,-16.1662162958,15.2195248523
0.0,-16.1667839749,15.2189811394
0.0,-16.1673999184,15.2182301138
0.0,-16.168070005,15.21780535
0.0,-16.168678231,15.217483038
0.0,-16.1695072854,15.2171247431
0.0,-16.1700759036,15.2169305505
0.0,-16.1707802199,15.2167404533
0.0,-16.1715600655,15.2165940573
0.0,-16.1720778194,15.2165320759
0.0,-16.1725982691,15.2164973946
0.0,-16.17338066,15.2164967613
0.0,-16.1741605239,15.2165577683
0.0,-16.1745365705,15.2166103529
0.0,-16.1750646726,15.2167080966
0.0,-16.1754407394,15.2167951513
0.0,-16.1761888787,15.2170174715
0.0,-16.1766762475,15.2171981295
0.0,-16.1771528323,15.2174041351
0.0,-16.1776172363,15.2176348846
0.0,-16.1792772331,15.217778779
0.0,-16.1810621615,15.2179906443
0.0,-16.1830005588,15.2182885359
0.0,-16.1835356489,15.2183837826
0.0,-16.1840696942,15.2184844102
0.0,-16.184602636,15.2185904089
0.0,-16.1851344175,15.2187017664
0.0,-16.1853414606,15.2187930091
0.0,-16.1855511695,15.2188783203
0.0,-16.1859778607,15.2190308603
0.0,-16.1863458465,15.2191401422
0.0,-16.1867553121,15.2192401181
0.0,-16.187078375,15.2193039194
0.0,-16.1875281253,15.2193688407
0.0,-16.1878794212,15.21940072
0.0,-16.1882081612,15.2194179911
0.0,-16.188562688,15.2194197096
0.0,-16.189374833,15.219366955
0.0,-16.1896064749,15.219336304
0.0,-16.1902067241,15.2192234298
0.0,-16.1907446668,15.219082355
0.0,-16.1913073909,15.2188883532
0.0,-16.1917555161,15.2186994477
0.0,-16.1920394421,15.2185631706
0.0,-16.1923143641,15.2183947075
0.0,-16.1923967693,15.2183462036
0.0,-16.1925923645,15.2182310774
0.0,-16.1928733523,15.2180723323
0.0,-16.1931313529,15.217932282
0.0,-16.1933916795,15.2177963501
0.0,-16.1936542616,15.217664574
0.0,-16.1939190304,15.2175369893
0.0,-16.1940551275,15.2174742229
0.0,-16.1948126334,15.2171439683
0.0,-16.1951152249,15.2170235076
0.0,-16.1954200125,15.216908388
0.0,-16.1960357784,15.2166943202
0.0,-16.1966591228,15.2165020451
0.0,-16.1976088873,15.2159767574
0.0,-16.1991234063,15.2149944408
0.0,-16.1999868505,15.2143436837
0.0,-16.2008585064,15.2135828013
0.0,-16.2021607692,15.212337419
0.0,-16.2044453502,15.2101525732
0.0,-16.2060581014,15.2086101884
0.0,-16.209741567,15.2037690606
0.0,-16.2104878769,15.2028370003
0.0,-16.2105103753,15.2028076786
0.0,-16.2105761301,15.2027496034
0.0,-16.2107893009,15.2025580557
0.0,-16.2113149055,15.202040159
0.0,-16.2117960207,15.2014945838
0.0,-16.212199844,15.2009749178
0.0,-16.2124086913,15.2006756823
0.0,-16.2128021378,15.2000489798
0.0,-16.2130542477,15.1996360764
0.0,-16.2130627157,15.1995706241
0.0,-16.2130635047,15.1995645246
0.0,-16.2134144956,15.1988106583
0.0,-16.2137028343,15.1980302321
0.0,-16.2140421976,15.1966888473
0.0,-16.2141590948,15.1958675197
0.0,-16.2142003973,15.195316143
0.0,-16.2142071305,15.1944870338
0.0,-16.2141130729,15.1933855172
0.0,-16.2140221477,15.1928397801
0.0,-16.2139022582,15.1922993451
0.0,-16.2138132929,15.1918094891
0.0,-16.2137852525,15.19146837
0.0,-16.2137731744,15.1911860958
0.0,-16.2137684868,15.1909036145
0.0,-16.2137812956,15.1903387609
0.0,-16.213823644,15.1897752684
0.0,-16.2139422944,15.1889357676
0.0,-16.2140578475,15.1883820333
0.0,-16.2141264559,15.1881074838
0.0,-16.2141544325,15.1880067687
0.0,-16.2141987957,15.1878344038
0.0,-16.2142547316,15.1876628649
0.0,-16.2143680468,15.187315362
0.0,-16.214460718,15.1870587937
0.0,-16.2145598227,15.1868045039
0.0,-16.2147824358,15.1862958739
0.0,-16.2148945448,15.1860580043
0.0,-16.2150181102,15.1858154926
0.0,-16.2151477167,15.1855759746
0.0,-16.2152832876,15.1853395899
0.0,-16.2157249704,15.1846506366
0.0,-16.2158835637,15.1844281726
0.0,-16.2160476851,15.1842095231
0.0,-16.2167574655,15.1833756295
0.0,-16.2171428492,15.1829848252
0.0,-16.2176456275,15.1822795426
0.0,-16.2263580166,15.175731898
0.0,-16.2263348471,15.1757350559
0.0,-16.2263445927,15.1757314639
0.0,-16.2450405776,15.167677973
0.0,-16.2450306896,15.167658539
0.0,-16.2450467682,15.1676839191
0.0,-16.2459358164,15.1682424853
0.0,-16.2474802267,15.1692127845
0.0,-16.2499120984,15.1711585648
0.0,-16.2526189052,15.1741468165
0.0,-16.2550570451,15.1771365263
0.0,-16.2572296033,15.1806508298
0.0,-16.2587232906,15.1831237455
0.0,-16.2600821567,15.1854674645
0.0,-16.2615782358,15.1883312865
0.0,-16.2632059301,15.1906734744
0.0,-16.2638749148,15.1921844533
0.0,-16.2647055002,15.1940603914
0.0,-16.2660681149,15.1970571203
0.0,-16.2671806142,15.2005908159
0.0,-16.2683048045,15.2049051922
0.0,-16.2687721928,15.2100458262
0.0,-16.2692606557,15.2146723199
0.0,-16.26928628,15.2149150178
0.0,-16.2698517501,15.2176246928
0.0,-16.2696987599,15.2200570823
0.0,-16.2692240665,15.2231782624
0.0,-16.2688881235,15.2247439285
0.0,-16.2684569921,15.2287778127
0.0,-16.268127379,15.2312563937
0.0,-16.2680478182,15.2357018307
0.0,-16.2682268274,15.2371873659
0.0,-16.268329615,15.2380403526
0.0,-16.2684724697,15.2392258174
0.0,-16.2692005589,15.242549225
0.0,-16.2699981412,15.2466846239
0.0,-16.2708224511,15.2497905375
0.0,-16.2718536126,15.252383903
0.0,-16.2723249941,15.2535694013
0.0,-16.2742408216,15.2570193649
0.0,-16.2759932023,15.2595561604
0.0,-16.2780244311,15.2617648128
0.0,-16.2784640844,15.2622382887
0.0,-16.2788918764,15.2626989886
0.0,-16.2806179165,15.2645577696
0.0,-16.2831693562,15.2672198662
0.0,-16.2844045833,15.2684976931
0.0,-16.2848627448,15.2689716484
0.0,-16.2857754595,15.2695776781
0.0,-16.286807378,15.2702621099
0.0,-16.2885005869,15.2716895851
0.0,-16.290776812,15.2722369022
0.0,-16.2930968473,15.2724766159
0.0,-16.295027701,15.2730258815
0.0,-16.2969272958,15.2728431514
0.0,-16.299951317,15.272482143
0.0,-16.3016527586,15.2722553282
0.0,-16.3045491702,15.270647621
0.0,-16.306439344,15.2691361378
0.0,-16.3079575759,15.266207693
0.0,-16.3080449013,15.2656471096
0.0,-16.3083874206,15.2634482972
0.0,-16.3087729603,15.2595502486
0.0,-16.3092927165,15.2547746347
0.0,-16.3101979707,15.252111889
0.0,-16.3112424025,15.2508764854
0.0,-16.3142179886,15.248771071
0.0,-16.3170587965,15.2489532687
0.0,-16.3202306506,15.2499650654
0.0,-16.3212658115,15.2503466666
0.0,-16.3237301405,15.2512550887
0.0,-16.3273660559,15.2536921898
0.0,-16.3304830016,15.2561323048
0.0,-16.3324539151,15.2574104062
0.0,-16.3331763665,15.2578788944
0.0,-16.333398781,15.2582544813
0.0,-16.334973896,15.2609143067
0.0,-16.3380450348,15.2636257398
0.0,-16.3405554226,15.2653336213
0.0,-16.3414956958,15.2659732982
0.0,-16.3421010106,15.266815636
0.0,-16.3435718234,15.2688623355
0.0,-16.3450410694,15.2714838273
0.0,-16.3457479414,15.2742816255
0.0,-16.345366843,15.2758476353
0.0,-16.3447708685,15.2766290235
0.0,-16.3445634537,15.276900966
0.0,-16.3416271458,15.2793319491
0.0,-16.3397658232,15.2811015814
0.0,-16.3387856044,15.2820334975
0.0,-16.3371263303,15.2846918009
0.0,-16.3353672273,15.287767608
0.0,-16.3344193564,15.2924915519
0.0,-16.3345604964,15.2956633528
0.0,-16.3355982368,15.2993811713
0.0,-16.3361452953,15.3007078926
0.0,-16.3370556757,15.3029156951
0.0,-16.3381564153,15.3042599311
0.0,-16.3382729863,15.3045591334
0.0,-16.3407615217,15.3082940243
0.0,-16.3410699785,15.3088482524
0.0,-16.3420676577,15.3104963715
0.0,-16.3427430213,15.3112678119
0.0,-16.3437078199,15.3127157183
0.0,-16.3457958545,15.3151818138
0.0,-16.3467921218,15.3167499317
0.0,-16.3468257686,15.3167837863
0.0,-16.3489166074,15.31888744
0.0,-16.3496355823,15.3197543172
0.0,-16.3580627,15.3227434353
0.0,-16.3637278295,15.3223501934
0.0,-16.3706156242,15.3205144101
0.0,-16.3730672144,15.3185861547
0.0,-16.38255457,15.3186472221
0.0,-16.4090764755,15.3235036109
0.0,-16.4148828734,15.3257913159
0.0,-16.4162344964,15.326323822
0.0,-16.4189092047,15.3276481558
0.0,-16.4193797164,15.3280690308
0.0,-16.4228122045,15.3311393172
0.0,-16.4254669813,15.3339424067
0.0,-16.4280196878,15.336791304
0.0,-16.429090969,15.3381010975
0.0,-16.4300024504,15.3392154955
0.0,-16.4311378685,15.340603661
0.0,-16.4314467459,15.340887133
0.0,-16.4338372266,15.3430809581
0.0,-16.4362007309,15.3454699948
0.0,-16.4385199481,15.3481846726
0.0,-16.4414073141,15.3511396879
0.0,-16.4415638473,15.351317297
0.0,-16.443577642,15.3536021871
0.0,-16.4454308576,15.3556373641
0.0,-16.4457550992,15.3559934365
0.0,-16.4458345462,15.3560463095
0.0,-16.4435719701,15.3581948912
0.0,-16.4409263564,15.3596436168
0.0,-16.4403647664,15.3596540384
0.0,-16.440251026,15.3600134171
0.0,-16.4397282225,15.3616445699
0.0,-16.4386081294,15.3635320307
0.0,-16.43616492,15.3658715296
0.0,-16.4351771007,15.3663748126
0.0,-16.4320776885,15.3679538884
0.0,-16.4319141258,15.3680372171
0.0,-16.431346851,15.3683262224
0.0,-16.431177211,15.3698827203
0.0,-16.4343933771,15.370411734
0.0,-16.4343449519,15.3708618016
0.0,-16.4341228492,15.3722749656
0.0,-16.4345879186,15.3731223501
0.0,-16.4348391953,15.3734740978
0.0,-16.4360620874,15.3751859401
0.0,-16.4375013857,15.3773533976
0.0,-16.4385906452,15.3781157368
0.0,-16.4388171973,15.3782649331
0.0,-16.4391062298,15.3783599184
0.0,-16.4396583426,15.3785392926
0.0,-16.4405006766,15.3787988777
0.0,-16.4407222681,15.378947248
0.0,-16.4410167866,15.3793529272
0.0,-16.4410890567,15.3796807919
0.0,-16.4409506715,15.3803450042
0.0,-16.4409477959,15.3803516733
0.0,-16.4406549086,15.3810308988
0.0,-16.4400874194,15.3816572705
0.0,-16.4388937742,15.3828651033
0.0,-16.4362683462,15.3852761453
0.0,-16.4304488626,15.3898147908
0.0,-16.4226359595,15.3930656463
0.0,-16.4175207247,15.4001696179
0.0,-16.4119298567,15.4052726115
0.0,-16.4118584141,15.4053714913
0.0,-16.4108960651,15.4067034026
0.0,-16.4049686647,15.4149066203
0.0,-16.3983424034,15.4250783975
0.0,-16.3965641985,15.4269847273
0.0,-16.3966153525,15.427023171
0.0,-16.3941534204,15.4296624179
0.0,-16.3875135985,15.4367805493
0.0,-16.3849992756,15.4403382773
0.0,-16.3816338797,15.445100041
0.0,-16.3750431145,15.4526978981
0.0,-16.3741752772,15.4536982914
0.0,-16.3669384754,15.4601139351
0.0,-16.3634085654,15.4620358231
0.0,-16.359121249,15.4643699682
0.0,-16.3585753548,15.4649564694
0.0,-16.3539641302,15.4687140383
0.0,-16.350472586,15.4715590618
0.0,-16.3483604222,15.4732956464
0.0,-16.3488849782,15.4755575663
0.0,-16.3490176989,15.4761298606
0.0,-16.3490182991,15.47622248
0.0,-16.3490401434,15.4795932569
0.0,-16.3490407437,15.4796858771
0.0,-16.3450177305,15.485309834
0.0,-16.3450165417,15.4853114953
0.0,-16.3414208695,15.4872025742
0.0,-16.3366640412,15.4880463179
0.0,-16.3302722026,15.4915343979
0.0,-16.329936932,15.4917660187
0.0,-16.326500697,15.4941398753
0.0,-16.3223733265,15.4995491103
0.0,-16.3212525619,15.5010179
0.0,-16.3212303176,15.5010470519
0.0,-16.3221979772,15.5037367977
0.0,-16.3222163281,15.5037878056
0.0,-16.3206919133,15.5073593171
0.0,-16.314521947,15.5102082932
0.0,-16.3102893403,15.513608289
0.0,-16.3080298941,15.5169391559
0.0,-16.3079894613,15.5169052794
0.0,-16.3047949073,15.5138764708
0.0,-16.2975326609,15.5069904893
0.0,-16.2954890716,15.504483762
0.0,-16.295457166,15.5044446247
0.0,-16.2964185584,15.502803287
0.0,-16.296425061,15.5027921863
0.0,-16.2961593414,15.4997325879
0.0,-16.2943229899,15.4979257842
0.0,-16.292147642,15.4971253873
0.0,-16.2891471693,15.4967040546
0.0,-16.288181519,15.495519405
0.0,-16.2869153803,15.4939660912
0.0,-16.2849965121,15.4899594632
0.0,-16.2844528257,15.4884499454
0.0,-16.2834667535,15.4857120968
0.0,-16.2825250343,15.4830973153
0.0,-16.2824195471,15.4828044123
0.0,-16.2823111668,15.4825034787
0.0,-16.2822983001,15.4824677521
0.0,-16.2825957139,15.4810915719
0.0,-16.2826106986,15.4810222346
0.0,-16.2816839026,15.4796349043
0.0,-16.2802810811,15.4779033036
0.0,-16.2802377251,15.4752696288
0.0,-16.2805259862,15.4692267816
0.0,-16.2805216024,15.469214129
0.0,-16.2805254168,15.4691341587
0.0,-16.2800750409,15.4678343458
0.0,-16.2797283794,15.466833845
0.0,-16.2794482632,15.4621973732
0.0,-16.277131642,15.4582968872
0.0,-16.2747720721,15.4565026872
0.0,-16.2723288201,15.4551694724
0.0,-16.2592492073,15.4480315148
0.0,-16.2499405394,15.4416795378
0.0,-16.2498821557,15.4416396956
0.0,-16.2401400603,15.4377706583
0.0,-16.2400578113,15.4377379926
0.0,-16.2387953628,15.437236299
0.0,-16.2386166623,15.4371652834
0.0,-16.2360150793,15.4354171986
0.0,-16.2351330014,15.4348244896
0.0,-16.2320393146,15.4327456397
0.0,-16.2263634553,15.4310415694
0.0,-16.2152948371,15.4251456638
0.0,-16.2115073626,15.4239260694
0.0,-16.200665584,15.4204344907
