42,7,41,115,110,
0.0,-15.9600598512,15.6626133639
0.0,-15.9585630716,15.6603376299
0.0,-15.9581743322,15.6597465729
0.0,-15.9578297023,15.6592225777
0.0,-15.9534225767,15.652521427
0.0,-15.9493177576,15.6456031951
0.0,-15.9468939488,15.6406544833
0.0,-15.9445835557,15.6359370704
0.0,-15.9429876073,15.6320315211
0.0,-15.9421229496,15.6299154878
0.0,-15.9362113859,15.6131317025
0.0,-15.9324348072,15.6094015011
0.0,-15.9318111185,15.6087854508
0.0,-15.9342826537,15.5935433557
0.0,-15.9068693231,15.5926870012
0.0,-15.906569154,15.5915437761
0.0,-15.9065472011,15.5914601655
0.0,-15.9018007298,15.5831788923
0.0,-15.901086071,15.5811298969
0.0,-15.8996481011,15.577006955
0.0,-15.8911287616,15.5768305073
0.0,-15.8905936466,15.576337572
0.0,-15.8897960079,15.5746450179
0.0,-15.889284373,15.5732981144
0.0,-15.8884887875,15.5705025036
0.0,-15.8883232006,15.5699206359
0.0,-15.8869533452,15.57032098
0.0,-15.8849567644,15.5708073727
0.0,-15.8786235232,15.570406702
0.0,-15.8784203442,15.5702635214
0.0,-15.8721820315,15.5658671778
0.0,-15.8715887931,15.5641890936
0.0,-15.8715831532,15.5628497051
0.0,-15.8722679672,15.561411912
0.0,-15.8711999476,15.558276598
0.0,-15.8664318214,15.5582777554
0.0,-15.8589303992,15.5581157795
0.0,-15.8498955865,15.5605586035
0.0,-15.8417311931,15.5602454976
0.0,-15.8408961997,15.5602134583
0.0,-15.8336159271,15.5581302954
0.0,-15.8322405623,15.5566420183
0.0,-15.8301756441,15.5544075192
0.0,-15.8288731274,15.5498472377
0.0,-15.8301440479,15.546522527
0.0,-15.8326993949,15.5431918339
0.0,-15.8364305076,15.5394035242
0.0,-15.8388310052,15.5378109858
0.0,-15.8429452347,15.5348784742
0.0,-15.8449973818,15.5322038093
0.0,-15.844719117,15.531306325
0.0,-15.8446052545,15.5309390851
0.0,-15.8443005621,15.5299563513
0.0,-15.8422332006,15.5288808552
0.0,-15.8383557327,15.5265621487
0.0,-15.8306633792,15.5233990905
0.0,-15.8224705518,15.5227600464
0.0,-15.8169413311,15.5234346527
0.0,-15.8143828168,15.5237467625
0.0,-15.806214285,15.5248726176
0.0,-15.8052928076,15.5249996041
0.0,-15.8051119687,15.5250245244
0.0,-15.804855504,15.5250510021
0.0,-15.7991607512,15.5256388623
0.0,-15.7986920589,15.5256872376
0.0,-15.7971176788,15.5258497293
0.0,-15.796656794,15.5258972948
0.0,-15.7963054851,15.5259333005
0.0,-15.7941363142,15.5262653123
0.0,-15.7916783469,15.5265721689
0.0,-15.7866369957,15.5272014507
0.0,-15.7824166657,15.5272164497
0.0,-15.7742773015,15.5242141812
0.0,-15.770827298,15.5211952814
0.0,-15.770035095,15.5183186216
0.0,-15.7701846515,15.5164995161
0.0,-15.7709532169,15.5130112151
0.0,-15.7710971384,15.5096766413
0.0,-15.769204196,15.5049852245
0.0,-15.7659707862,15.5034679399
0.0,-15.7624719436,15.50182602
0.0,-15.7604107903,15.4982983688
0.0,-15.7600014376,15.4942814245
0.0,-15.7608594692,15.4906687446
0.0,-15.7632422953,15.4846571926
0.0,-15.7680163599,15.4737792898
0.0,-15.7692906184,15.4688393996
0.0,-15.7698489136,15.4666750013
0.0,-15.7702090088,15.4652789604
0.0,-15.7711286865,15.4617134154
0.0,-15.7726806504,15.4566436522
0.0,-15.769736544,15.44364407
0.0,-15.7725661298,15.4389803494
0.0,-15.7820700852,15.4233142192
0.0,-15.7838388806,15.420398279
0.0,-15.7915829401,15.4017476683
0.0,-15.795378078,15.3926040538
0.0,-15.802168389,15.3762421448
0.0,-15.8024941922,15.3754570246
0.0,-15.8054056409,15.3736455572
0.0,-15.809480543,15.37111009
0.0,-15.8159812226,15.3692207105
0.0,-15.8175683671,15.3686541221
0.0,-15.8208553863,15.3674806564
0.0,-15.8312109847,15.3680163123
0.0,-15.8343403626,15.3694455221
0.0,-15.840249841,15.3721442473
0.0,-15.8532796844,15.3755389854
0.0,-15.867629826,15.3762010949
0.0,-15.8799014487,15.3750048621
0.0,-15.8919087757,15.3723799896
0.0,-15.8999528307,15.3726351899
0.0,-15.907633796,15.374376832
0.0,-15.9077372631,15.3744002911
0.0,-15.9146085769,15.3762036637
0.0,-15.9225670634,15.3782920562
0.0,-15.9359001726,15.3785957488
0.0,-15.9436963802,15.382873727
0.0,-15.9454062385,15.3878689014
0.0,-15.9552326538,15.3881683886
0.0,-15.9763166704,15.3895603437
0.0,-15.9844619364,15.389673612
0.0,-15.9959463011,15.389832679
0.0,-16.011133246,15.3904828404
0.0,-16.0300306335,15.3925521171
0.0,-16.0380190984,15.392679885
0.0,-16.042705119,15.3927547006
0.0,-16.047438124,15.3928301651
0.0,-16.0497107462,15.3930787263
0.0,-16.052152735,15.3933457851
0.0,-16.0537373464,15.393519065
0.0,-16.0618811356,15.3927616947
0.0,-16.0626546086,15.3926936469
0.0,-16.0723217795,15.3918429307
0.0,-16.0748370984,15.3916215113
0.0,-16.083510315,15.3917224705
0.0,-16.0873689728,15.3917672776
0.0,-16.087335501,15.3910764306
0.0,-16.0867220558,15.3784137804
0.0,-16.093047368,15.3808343769
0.0,-16.0997773771,15.3855846328
0.0,-16.1068014798,15.3899505309
0.0,-16.112814898,15.3917044623
0.0,-16.1226034389,15.3945590643
0.0,-16.1290185683,15.3955789345
0.0,-16.1345379824,15.3950725152
0.0,-16.1399566706,15.3941838096
0.0,-16.142621651,15.3946484704
0.0,-16.1451066968,15.3982710238
0.0,-16.1487814492,15.4030353965
0.0,-16.1546311232,15.4087450715
0.0,-16.1565839885,15.4116782534
0.0,-16.1576143898,15.4132258619
0.0,-16.1584664007,15.4151130004
0.0,-16.1584194373,15.4162660612
0.0,-16.1577963645,15.4315634865
0.0,-16.1560379349,15.4373340448
0.0,-16.1550119519,15.4407008327
0.0,-16.1545104766,15.4423463988
0.0,-16.1533650358,15.4441873334
0.0,-16.1470157439,15.448947816
0.0,-16.1434096728,15.450774303
0.0,-16.1304232154,15.4535075032
0.0,-16.1258743259,15.4551035012
0.0,-16.1234815134,15.457082345
0.0,-16.1209472403,15.4591781093
0.0,-16.1176687266,15.4630725596
0.0,-16.1172326948,15.4651899717
0.0,-16.1138540185,15.4715176007
0.0,-16.1130860177,15.4760592285
0.0,-16.1081107573,15.4878939491
0.0,-16.1054276212,15.494275806
0.0,-16.1053510807,15.4946576105
0.0,-16.1039836783,15.5014783651
0.0,-16.101511822,15.5064804343
0.0,-16.0997877269,15.51468778
0.0,-16.0997323713,15.5149512868
0.0,-16.0997211861,15.5150045311
0.0,-16.0996169626,15.515500642
0.0,-16.099489557,15.5161070998
0.0,-16.1085216488,15.5165186395
0.0,-16.1170328938,15.5210040931
0.0,-16.116939581,15.5223118814
0.0,-16.1155808274,15.5239147258
0.0,-16.1072885002,15.5258044927
0.0,-16.099500678,15.5271827557
0.0,-16.0958690645,15.530836158
0.0,-16.0930229428,15.5337865151
0.0,-16.0881236275,15.5400659885
0.0,-16.0849664265,15.5446046282
0.0,-16.0841349512,15.5457996578
0.0,-16.0803741185,15.5505638029
0.0,-16.0734196896,15.557384439
0.0,-16.0722237139,15.5586013943
0.0,-16.0683091747,15.56358514
0.0,-16.0589492997,15.5732031034
0.0,-16.0550044894,15.5788445773
0.0,-16.0540270846,15.5827352708
0.0,-16.0540256202,15.5827411001
0.0,-16.0534240446,15.5851356907
0.0,-16.0538350764,15.5869062033
0.0,-16.0543916126,15.5893034125
0.0,-16.0566607621,15.5990768119
0.0,-16.0604502911,15.6081498385
0.0,-16.0620050575,15.6118720444
0.0,-16.0693030541,15.626546609
0.0,-16.0702868912,15.6285246811
0.0,-16.072166638,15.6335368678
0.0,-16.0660554243,15.6364095309
0.0,-16.0568954594,15.6401600078
0.0,-16.0479021049,15.6431678797
0.0,-16.0431301388,15.6447637052
0.0,-16.0409102093,15.6452057358
0.0,-16.0335496012,15.6466712037
0.0,-16.0322517164,15.6469593676
0.0,-16.0278092941,15.6479456368
0.0,-16.0200314799,15.6484791386
0.0,-16.0182922415,15.6486969374
0.0,-16.0176557187,15.6487766441
0.0,-16.0175917774,15.6487937426
0.0,-16.0205966513,15.6615613322
0.0,-16.0207062222,15.6615442188
0.0,-16.0229504351,15.6718907033
0.0,-16.015889992,15.6731591467
0.0,-16.0055633536,15.6750139431
0.0,-16.0030072454,15.6754729732
0.0,-15.9998447364,15.676040859
0.0,-15.9924925348,15.6767058675
0.0,-15.9820359695,15.6776512354
0.0,-15.9758603211,15.6782093328
0.0,-15.9757463922,15.6771499388
0.0,-15.9753368288,15.6733413953
0.0,-15.9745569305,15.6720950966
0.0,-15.9726663971,15.6705787816
0.0,-15.9693029006,15.6685440692
0.0,-15.9622649885,15.6655838842
0.0,-15.9611312553,15.6646257989
0.0,-15.9600598512,15.6626133639
