21,5,3,69,39,
0.0,-16.6417981043,14.5115098599
0.0,-16.6403555974,14.510431575
0.0,-16.6403528872,14.5104361999
0.0,-16.6383895726,14.508977609
0.0,-16.6376423381,14.5084224624
0.0,-16.6374929825,14.5083115003
0.0,-16.6362204386,14.5074725171
0.0,-16.6347196167,14.5064977923
0.0,-16.6342458089,14.5058035659
0.0,-16.6337475779,14.5050735471
0.0,-16.6333208449,14.5044482851
0.0,-16.6328588419,14.5037713382
0.0,-16.632675189,14.5035022403
0.0,-16.631883465,14.5024960657
0.0,-16.6311680788,14.5015868941
0.0,-16.6307296158,14.5010296543
0.0,-16.6304810948,14.5007138099
0.0,-16.6304004863,14.5005962622
0.0,-16.6301471182,14.5002267873
0.0,-16.6298189288,14.499748201
0.0,-16.6294883412,14.4992661166
0.0,-16.6292841383,14.4989683326
0.0,-16.6291435874,14.4987633695
0.0,-16.6290895126,14.4986822029
0.0,-16.6290884791,14.4986739435
0.0,-16.6288925884,14.4983560669
0.0,-16.6286577402,14.497974969
0.0,-16.6283972806,14.4975523109
0.0,-16.6282261133,14.4972745498
0.0,-16.6281129916,14.4970909795
0.0,-16.6278270234,14.4966269224
0.0,-16.6275473822,14.4961731284
0.0,-16.6271193222,14.4954880885
0.0,-16.6270306289,14.4953345519
0.0,-16.6269717068,14.4952612825
0.0,-16.6269708052,14.4952619233
0.0,-16.6265188816,14.4947132634
0.0,-16.6260966308,14.4942006238
0.0,-16.6257598199,14.4937917125
0.0,-16.625447602,14.4934126551
0.0,-16.6252338156,14.4931531011
0.0,-16.6249852116,14.4928512745
0.0,-16.624803164,14.4926302526
0.0,-16.6247071835,14.4925137243
0.0,-16.6246354066,14.4924237162
0.0,-16.6245413471,14.4923117162
0.0,-16.624512851,14.4922777851
0.0,-16.6240153788,14.4916054693
0.0,-16.6236236734,14.4910760888
0.0,-16.6232868598,14.4906208917
0.0,-16.6229160741,14.4901197774
0.0,-16.6227005426,14.4898284877
0.0,-16.6224082162,14.4894334081
0.0,-16.6221429255,14.4890748646
0.0,-16.621989708,14.4888677897
0.0,-16.6218141898,14.4886153157
0.0,-16.6206299274,14.4869762427
0.0,-16.620362908,14.4866044129
0.0,-16.6201288458,14.4862784751
0.0,-16.6197679684,14.485775942
0.0,-16.61957283,14.4855042036
0.0,-16.6193769629,14.4852239016
0.0,-16.619017826,14.4846153087
0.0,-16.6187754572,14.4842045896
0.0,-16.6183614926,14.483503077
0.0,-16.6181738709,14.4831851277
0.0,-16.6176640572,14.4823211769
0.0,-16.6174962496,14.4820368022
0.0,-16.6173868351,14.4818513817
0.0,-16.6152302132,14.4799500539
0.0,-16.6123765676,14.4778636749
0.0,-16.6086132021,14.4769675233
0.0,-16.6084162297,14.4769732172
0.0,-16.6084152657,14.4769717759
0.0,-16.6079029246,14.4769827824
0.0,-16.6072785523,14.4769961941
0.0,-16.606854579,14.4770053001
0.0,-16.6063863329,14.4770153558
0.0,-16.606050682,14.4770225645
0.0,-16.6058769127,14.4770262955
0.0,-16.6058767998,14.4770263388
0.0,-16.60587618,14.4770263114
0.0,-16.6055481891,14.4770333541
0.0,-16.6050319581,14.4770444379
0.0,-16.604596141,14.4770537942
0.0,-16.6043352434,14.4770593948
0.0,-16.6039561095,14.4770675326
0.0,-16.6037594784,14.4770717534
0.0,-16.6036941773,14.4769306637
0.0,-16.6035844632,14.4766936148
0.0,-16.6030411016,14.4755196183
0.0,-16.6025560959,14.4744716947
0.0,-16.6019128802,14.4730819146
0.0,-16.6014798847,14.4721463411
0.0,-16.6013560163,14.4718786967
0.0,-16.6010244763,14.4711623296
0.0,-16.6002524699,14.4698678194
0.0,-16.6000001113,14.4694446559
0.0,-16.5992825136,14.468241357
0.0,-16.5986300628,14.4671472843
0.0,-16.5977230922,14.4656263908
0.0,-16.5973518567,14.4647208332
0.0,-16.5967443151,14.4632388308
0.0,-16.5962644159,14.4620580885
0.0,-16.5958978206,14.4611739
0.0,-16.5956862086,14.4606506236
0.0,-16.5956855633,14.4606500097
0.0,-16.5956801569,14.460636813
0.0,-16.5956721582,14.4606172879
0.0,-16.5956646155,14.4605988759
0.0,-16.5956458362,14.4605530367
0.0,-16.595639652,14.4605379409
0.0,-16.5956239171,14.4604995315
0.0,-16.5956043194,14.4604516922
0.0,-16.5955874196,14.4604104391
0.0,-16.5955729743,14.4603751772
0.0,-16.5955586112,14.4603401173
0.0,-16.5955444189,14.4603054738
0.0,-16.5955169188,14.4602383455
0.0,-16.5954883917,14.4601687096
0.0,-16.595455946,14.4600895086
0.0,-16.5954372093,14.4600437703
0.0,-16.5953954803,14.4599419083
0.0,-16.595378355,14.4599001044
0.0,-16.5953580154,14.4598504552
0.0,-16.5953330341,14.459789475
0.0,-16.59532184,14.4597621486
0.0,-16.5952988204,14.4597059573
0.0,-16.5952864378,14.4596757313
0.0,-16.5952401636,14.4595627746
0.0,-16.5952300655,14.4595381234
0.0,-16.5952075293,14.459483112
0.0,-16.595169079,14.4593892531
0.0,-16.5951471743,14.4593357811
0.0,-16.5951206686,14.459271081
0.0,-16.5950896231,14.4591952969
0.0,-16.5950667509,14.4591394643
0.0,-16.5950408352,14.4590762018
0.0,-16.5950211546,14.4590281596
0.0,-16.5949851911,14.4589403713
0.0,-16.5949659429,14.4588933846
0.0,-16.594933525,14.458814251
0.0,-16.5949276543,14.4587999195
0.0,-16.5949105009,14.4587580479
0.0,-16.5948884764,14.4587042839
0.0,-16.594874526,14.4586702298
0.0,-16.5948676358,14.4586534096
0.0,-16.5948561417,14.4586253523
0.0,-16.5948331516,14.4585692312
0.0,-16.5947929137,14.4584710078
0.0,-16.5947784234,14.458435635
0.0,-16.5947609377,14.4583929531
0.0,-16.5947444159,14.4583526211
0.0,-16.5947376834,14.4583361867
0.0,-16.5947067015,14.4582605557
0.0,-16.5946960881,14.4582346481
0.0,-16.5946725081,14.4581770875
0.0,-16.5946664864,14.4581623891
0.0,-16.5946533082,14.4581302179
0.0,-16.5946393683,14.4580961909
0.0,-16.5946297226,14.4580726438
0.0,-16.5946165435,14.4580404736
0.0,-16.5946119132,14.4580291697
0.0,-16.5945780787,14.4579465784
0.0,-16.5945746161,14.4579381255
0.0,-16.5945420239,14.4578585637
0.0,-16.5945297331,14.4578285603
0.0,-16.5945099046,14.4577801584
0.0,-16.5945010953,14.4577586529
0.0,-16.5944749969,14.4576949451
0.0,-16.5944693207,14.4576810876
0.0,-16.5944462524,14.4576247772
0.0,-16.5944402449,14.4576101104
0.0,-16.5944239158,14.4575702515
0.0,-16.5944168189,14.4575529265
0.0,-16.5943935543,14.4574961348
0.0,-16.5943857655,14.4574771197
0.0,-16.5943680242,14.4574338123
0.0,-16.5943632778,14.4574222253
0.0,-16.5943553937,14.4574029814
0.0,-16.5943471442,14.4573828433
0.0,-16.5943362109,14.4573561532
0.0,-16.5943296134,14.4573400478
0.0,-16.5943229734,14.4573238387
0.0,-16.5943085455,14.4572886191
0.0,-16.5943035594,14.4572764481
0.0,-16.5942973338,14.4572612503
0.0,-16.5942932539,14.4572512912
0.0,-16.5942887181,14.4572402171
0.0,-16.5942792395,14.4572170793
0.0,-16.5942705124,14.4571957767
0.0,-16.5942607233,14.457171879
0.0,-16.5942384783,14.4571175777
0.0,-16.5942278434,14.4570916159
0.0,-16.5942125688,14.4570543286
0.0,-16.5941988733,14.4570203468
0.0,-16.594123068,14.4568358478
0.0,-16.5949850576,14.4561259223
0.0,-16.5960764973,14.4557496622
0.0,-16.5963057781,14.4556659736
0.0,-16.5967169047,14.4555159092
0.0,-16.597079662,14.4553835
0.0,-16.5974757735,14.4552389142
0.0,-16.5981170491,14.45500484
0.0,-16.5989024365,14.4547181603
0.0,-16.5993481709,14.4545554575
0.0,-16.599673077,14.4544368595
0.0,-16.5999553689,14.4543338158
0.0,-16.6004639625,14.4541481662
0.0,-16.6006898356,14.4540609746
0.0,-16.6012658769,14.4538386105
0.0,-16.6020000926,14.453555185
0.0,-16.6024089854,14.4533973416
0.0,-16.6030173647,14.4531624882
0.0,-16.6037363967,14.4528849177
0.0,-16.603886683,14.4528579464
0.0,-16.6041296071,14.4528169753
0.0,-16.6044076726,14.4527689286
0.0,-16.6048446762,14.4526934179
0.0,-16.6052647749,14.4526208282
0.0,-16.6054869253,14.4525824412
0.0,-16.6057951965,14.4525291734
0.0,-16.6061933976,14.4524603648
0.0,-16.6066611767,14.4523795334
0.0,-16.6072303094,14.4522808163
0.0,-16.6072760352,14.4522732843
0.0,-16.6073820615,14.4522222884
0.0,-16.6075311099,14.4521505999
0.0,-16.6082135236,14.4518223723
0.0,-16.6087494102,14.451564621
0.0,-16.6092024021,14.4513467381
0.0,-16.6099642162,14.4509781361
0.0,-16.6099689514,14.4509784291
0.0,-16.6101443236,14.4508960157
0.0,-16.6103901878,14.4507804741
0.0,-16.6106526123,14.4506571507
0.0,-16.6112965298,14.4503545457
0.0,-16.6119162874,14.4500632932
0.0,-16.6121874884,14.4499073253
0.0,-16.6128397816,14.4495321885
0.0,-16.6137993499,14.4489803314
0.0,-16.6154632137,14.4480234116
0.0,-16.6174975472,14.447168874
0.0,-16.6201538919,14.4451169654
0.0,-16.6217200691,14.4436600363
0.0,-16.6234327616,14.4420665125
0.0,-16.6250458089,14.44056405
0.0,-16.6251496663,14.440380119
0.0,-16.6253061476,14.4401029892
0.0,-16.6256699675,14.4394586612
0.0,-16.6259200015,14.4390158464
0.0,-16.6263369304,14.4382774541
0.0,-16.6268806959,14.4377399759
0.0,-16.6279944462,14.4366390921
0.0,-16.6291030164,14.4355786569
0.0,-16.6297075818,14.435000336
0.0,-16.6297539149,14.4349415596
0.0,-16.6298699677,14.4347943392
0.0,-16.6307784602,14.4336418557
0.0,-16.6316864639,14.4324899757
0.0,-16.6317935284,14.4323520594
0.0,-16.6322641816,14.4317457749
0.0,-16.6328986334,14.4309284841
0.0,-16.6336036255,14.4300203145
0.0,-16.6351702784,14.4286548239
0.0,-16.6352145261,14.4286432264
0.0,-16.6352802761,14.4286218502
0.0,-16.6355798884,14.4285320369
0.0,-16.6358941003,14.4284378458
0.0,-16.6363751105,14.4282936537
0.0,-16.6372944418,14.4280180631
0.0,-16.6376142682,14.4279221869
0.0,-16.6380320907,14.4277969336
0.0,-16.6389088431,14.4275340995
0.0,-16.6390250683,14.4275024276
0.0,-16.6395420773,14.4273746271
0.0,-16.6401485149,14.4272219022
0.0,-16.6406973249,14.4270836883
0.0,-16.6415388874,14.4268717444
0.0,-16.6419301759,14.4268216962
0.0,-16.6423760104,14.4267646714
0.0,-16.6432081168,14.4266582378
0.0,-16.6439109315,14.4265683388
0.0,-16.645708146,14.4263027332
0.0,-16.6465603834,14.426170249
0.0,-16.6494984011,14.4256791101
0.0,-16.6516489297,14.4259358343
0.0,-16.6517574175,14.4259350386
0.0,-16.6522874049,14.425931151
0.0,-16.652659128,14.4259284234
0.0,-16.6536933218,14.4259208328
0.0,-16.6543410846,14.4259160753
0.0,-16.6550945583,14.42591054
0.0,-16.6568340869,14.4260712042
0.0,-16.6574540661,14.4260401048
0.0,-16.6582772577,14.4259988091
0.0,-16.6596024472,14.4259323247
0.0,-16.6606005425,14.4258778138
0.0,-16.6606229195,14.4258806805
0.0,-16.6613922067,14.4258382595
0.0,-16.6623305855,14.425786511
0.0,-16.6629783445,14.4257507871
0.0,-16.6642077885,14.4256908621
0.0,-16.664209262,14.425689101
0.0,-16.6642801407,14.425690706
0.0,-16.6658933466,14.4257272186
0.0,-16.6682406459,14.4258721398
0.0,-16.6683891786,14.425881309
0.0,-16.6710303529,14.4256276204
0.0,-16.6733405662,14.4259185469
0.0,-16.673492664,14.4258618347
0.0,-16.6738528317,14.4260341602
0.0,-16.6768540981,14.4261667435
0.0,-16.6834104359,14.4265817388
0.0,-16.6882657128,14.4278359214
0.0,-16.6910504582,14.4280468177
0.0,-16.692588248,14.4278049444
0.0,-16.6945317921,14.4264059297
0.0,-16.6977278723,14.4203920093
0.0,-16.6984627129,14.4183117975
0.0,-16.6990394541,14.4152132485
0.0,-16.6990274427,14.4136278107
0.0,-16.6990774546,14.4104675991
0.0,-16.6992169982,14.4091031763
0.0,-16.6993354349,14.4082501881
0.0,-16.699887536,14.404740283
0.0,-16.700833851,14.4018819007
0.0,-16.7048214239,14.3956107041
0.0,-16.7049497756,14.3951756182
0.0,-16.7052513974,14.3941531789
0.0,-16.7052783226,14.393288643
0.0,-16.7053531529,14.3908859145
0.0,-16.7053605404,14.3908819142
0.0,-16.7053554169,14.3907686234
0.0,-16.7052800642,14.3891022446
0.0,-16.7054278479,14.3884875512
0.0,-16.7060530648,14.3858869891
0.0,-16.7064055386,14.3834622171
0.0,-16.7068928244,14.3804761057
0.0,-16.7065376068,14.3777672165
0.0,-16.7067877927,14.3751895328
0.0,-16.7071539314,14.3731756889
0.0,-16.7071793971,14.3730356232
0.0,-16.707671605,14.3707002242
0.0,-16.7078735274,14.3679873156
0.0,-16.7082752892,14.3647306748
0.0,-16.7081301726,14.3641338172
0.0,-16.7078628875,14.3630344718
0.0,-16.7078748381,14.3608290701
0.0,-16.7088394772,14.358445073
0.0,-16.7091389074,14.3551439786
0.0,-16.7103873922,14.3522969842
0.0,-16.710545937,14.3498645709
0.0,-16.7101825252,14.3472913122
0.0,-16.7100161021,14.3449064329
0.0,-16.7098450929,14.3419160274
0.0,-16.7103339299,14.3390293223
0.0,-16.7102110595,14.3362735616
0.0,-16.709714015,14.333186083
0.0,-16.709211623,14.3306138168
0.0,-16.7089475723,14.3286815442
0.0,-16.7089096876,14.3262415034
0.0,-16.7078995431,14.3237090371
0.0,-16.7077767325,14.3209532675
0.0,-16.7078791825,14.3185664439
0.0,-16.7074289257,14.3166355038
0.0,-16.7074921819,14.3139676467
0.0,-16.7070854853,14.311665824
0.0,-16.7072841166,14.3097392569
0.0,-16.707772096,14.3068525599
0.0,-16.7084915206,14.305157244
0.0,-16.7088419431,14.3023528788
0.0,-16.7095685671,14.3003863632
0.0,-16.7109440074,14.2984242179
0.0,-16.7123739376,14.2963170634
0.0,-16.7138485382,14.293992664
0.0,-16.7150460387,14.2917967905
0.0,-16.7165665125,14.2894178197
0.0,-16.7178033219,14.28763741
0.0,-16.7186635335,14.2860766317
0.0,-16.7197600405,14.2840170442
0.0,-16.720813009,14.2823283336
0.0,-16.7219037187,14.2807297285
0.0,-16.7232350067,14.2790830584
0.0,-16.7246105554,14.2771660469
0.0,-16.7264212846,14.2752006848
0.0,-16.7276564031,14.273103915
0.0,-16.7290329154,14.2713224501
0.0,-16.7305508918,14.2698653252
0.0,-16.7318374585,14.268446027
0.0,-16.7332620406,14.2668991857
0.0,-16.7344487858,14.2657607847
0.0,-16.7345879029,14.2656008213
0.0,-16.7331539648,14.2644479517
0.0,-16.7329555041,14.2639743238
0.0,-16.7325109674,14.2631699331
0.0,-16.7316727885,14.2618458235
0.0,-16.7310327099,14.2609478357
0.0,-16.7305380303,14.2599537758
0.0,-16.729700963,14.2587721692
0.0,-16.7289692832,14.2586349542
0.0,-16.7278981076,14.2586902264
0.0,-16.7265346928,14.2587476103
0.0,-16.7245875237,14.2589042241
0.0,-16.7238569268,14.2589095074
0.0,-16.7241957054,14.2586220134
0.0,-16.7262334173,14.2575621088
0.0,-16.7292274821,14.2541674009
0.0,-16.7320320792,14.2514866474
0.0,-16.7331922817,14.2503380482
0.0,-16.735037236,14.2495645232
0.0,-16.7408126146,14.2468620591
0.0,-16.7428519562,14.2460395539
0.0,-16.7445027534,14.2453623936
0.0,-16.7450381206,14.2453109724
0.0,-16.7457225344,14.2452253206
0.0,-16.7456574811,14.244880494
0.0,-16.7434235599,14.2413098176
0.0,-16.7431681723,14.2385686548
0.0,-16.743102954,14.23786863
0.0,-16.742613903,14.2354549532
0.0,-16.7419563468,14.2322095187
0.0,-16.7419669395,14.2282178136
0.0,-16.744184966,14.2259059428
0.0,-16.7450021158,14.2242934331
0.0,-16.7441117871,14.2231015739
0.0,-16.7432711707,14.222221971
0.0,-16.7430942238,14.2208946569
0.0,-16.7422901567,14.2200599732
0.0,-16.7421605104,14.2188588465
0.0,-16.740101216,14.2173283233
0.0,-16.7386984139,14.2156212813
0.0,-16.7367709422,14.2143609096
0.0,-16.7354078194,14.2134140073
0.0,-16.7341009353,14.2125061561
0.0,-16.7329707703,14.2117210533
0.0,-16.7321186242,14.2111876138
0.0,-16.7312331643,14.2110569401
0.0,-16.7303454388,14.2112802808
0.0,-16.7280873438,14.2103927876
0.0,-16.7254091436,14.2090823762
0.0,-16.7239094523,14.2080176413
0.0,-16.7232113129,14.2063596388
0.0,-16.722755077,14.2048354646
0.0,-16.7221520589,14.203502148
0.0,-16.7222705995,14.2017009195
0.0,-16.722309164,14.201114925
0.0,-16.723505297,14.1982923375
0.0,-16.723947241,14.1944089191
0.0,-16.7247223837,14.1928161439
0.0,-16.725395405,14.1914331915
0.0,-16.7266567931,14.1903919154
0.0,-16.7277619496,14.1894795975
0.0,-16.7290826475,14.1889458502
0.0,-16.731766059,14.1860054075
0.0,-16.7328770494,14.1847879725
0.0,-16.7341130865,14.1828719705
0.0,-16.7356278419,14.1822825588
0.0,-16.737465313,14.1827121128
0.0,-16.7392066433,14.1826814031
0.0,-16.7402428026,14.1825021546
0.0,-16.7412863396,14.1819624514
0.0,-16.7427954637,14.1806398175
0.0,-16.7436625332,14.1789433753
0.0,-16.7449968139,14.176565669
0.0,-16.7456171084,14.1754223458
0.0,-16.746754734,14.1738685364
0.0,-16.7479424273,14.1729199134
0.0,-16.749312108,14.1715451655
0.0,-16.7507345308,14.1710105723
0.0,-16.7522893969,14.1708365286
0.0,-16.7539354963,14.1704810454
0.0,-16.7556801766,14.1698084959
0.0,-16.7574354262,14.1690816286
0.0,-16.7588118488,14.1673904518
0.0,-16.7600938869,14.1654740094
0.0,-16.7611898933,14.163459509
0.0,-16.7624237101,14.1625014491
0.0,-16.7634669712,14.1608578903
0.0,-16.7634269463,14.1593849771
0.0,-16.7629689091,14.1576439921
0.0,-16.7617082601,14.1562071548
0.0,-16.7596954332,14.1546312147
0.0,-16.7573964893,14.1531838828
0.0,-16.7565151817,14.1517984628
0.0,-16.7558636935,14.1501854047
0.0,-16.7550715565,14.1483474186
0.0,-16.7535306646,14.1468131546
0.0,-16.7532548396,14.1457577066
0.0,-16.7527475816,14.1448304807
0.0,-16.7526879993,14.1442815412
0.0,-16.752568202,14.14317781
0.0,-16.7533335571,14.1415272839
0.0,-16.7536628103,14.1409825925
0.0,-16.7547501053,14.1402516029
0.0,-16.7559343061,14.1400802649
0.0,-16.7573378313,14.1407297863
0.0,-16.7585180492,14.1412453615
0.0,-16.7592650727,14.1420352463
0.0,-16.7613463224,14.1415970806
0.0,-16.7625562659,14.1413423416
0.0,-16.7632681068,14.1411924697
0.0,-16.764123657,14.1403275702
0.0,-16.7655433385,14.1394675617
0.0,-16.7676750735,14.1384667377
0.0,-16.7692738956,14.1380200135
0.0,-16.7710230742,14.1378546108
0.0,-16.7724779138,14.1379523407
0.0,-16.7762870022,14.1393612625
0.0,-16.7766090402,14.1402807616
0.0,-16.7798480219,14.1411334774
0.0,-16.7817866865,14.1403237617
0.0,-16.7834884204,14.1400128812
0.0,-16.7849030526,14.1397041221
0.0,-16.7868388962,14.1373665084
0.0,-16.788270314,14.1356379726
0.0,-16.7892676785,14.1340850534
0.0,-16.7905093474,14.1317982351
0.0,-16.791561115,14.1301002967
0.0,-16.7916168866,14.1277590439
0.0,-16.7918552911,14.126621862
0.0,-16.7919359038,14.1256686644
0.0,-16.7920697299,14.124086249
0.0,-16.7903972201,14.1217193294
0.0,-16.7893633776,14.1202562129
0.0,-16.7888131128,14.119869164
0.0,-16.7872298118,14.1187554763
0.0,-16.7853286283,14.1174181623
0.0,-16.7828916389,14.1157039069
0.0,-16.7819604905,14.1150510275
0.0,-16.7811119863,14.1143071518
0.0,-16.7798467821,14.1135663545
0.0,-16.7790089558,14.1118101297
0.0,-16.7783126898,14.1114508089
0.0,-16.7755413751,14.1100823488
0.0,-16.7728623048,14.1086379253
0.0,-16.7721056625,14.1083803323
0.0,-16.7703679781,14.1077887384
0.0,-16.7687305365,14.1072312582
0.0,-16.7674157321,14.106165379
0.0,-16.7666887834,14.1059391122
0.0,-16.7660631306,14.1047743965
0.0,-16.7667332464,14.1028070823
0.0,-16.7676462712,14.0999172279
0.0,-16.7663757833,14.0985302179
0.0,-16.7648913951,14.0969096577
0.0,-16.7629648853,14.0956493858
0.0,-16.7624050142,14.0950931173
0.0,-16.7610500848,14.0936117306
0.0,-16.7600712314,14.0926427623
0.0,-16.7592727827,14.091981171
0.0,-16.7583844866,14.0912451232
0.0,-16.7569361524,14.089538435
0.0,-16.7567626392,14.089137798
0.0,-16.7560972202,14.0876013432
0.0,-16.7547905762,14.0862551321
0.0,-16.7535766075,14.0849172762
0.0,-16.7532136073,14.0822446151
0.0,-16.7531810921,14.080410101
0.0,-16.7523393132,14.0793045214
0.0,-16.7525691037,14.0763617335
0.0,-16.752651433,14.075307376
0.0,-16.7521462572,14.0734130254
0.0,-16.7518349017,14.071435922
0.0,-16.7517391305,14.070486478
0.0,-16.7520521236,14.0691849651
0.0,-16.7520469704,14.0683184657
0.0,-16.752071214,14.0662971236
0.0,-16.7522425618,14.0649751738
0.0,-16.7526650544,14.0638434628
0.0,-16.7536311641,14.0630862785
0.0,-16.755074796,14.0626871482
0.0,-16.7565726999,14.0624243175
0.0,-16.7579509858,14.0621838143
0.0,-16.7593615678,14.0620809004
0.0,-16.7607280951,14.0621952153
0.0,-16.7620561821,14.0629571607
0.0,-16.7632858784,14.0636780148
0.0,-16.764314409,14.0632558768
0.0,-16.7652705768,14.0623778378
0.0,-16.7661787213,14.0612753233
0.0,-16.7670473079,14.0600714175
0.0,-16.7674193608,14.0595471768
0.0,-16.7689604977,14.0578452782
0.0,-16.7712873446,14.0542695218
0.0,-16.7723385429,14.0527048799
0.0,-16.7735805279,14.0512111451
0.0,-16.7737679884,14.0530300456
0.0,-16.7742728213,14.0554666281
0.0,-16.7747014404,14.0570225528
0.0,-16.7752052513,14.0593235666
0.0,-16.7754245356,14.0607454553
0.0,-16.775993617,14.0625036995
0.0,-16.776421743,14.0639918355
0.0,-16.7770665625,14.0665629456
0.0,-16.7777019701,14.06791398
0.0,-16.7784888409,14.0708907499
0.0,-16.7789880165,14.07258171
0.0,-16.7794955952,14.0753571746
0.0,-16.77993375,14.0781331484
0.0,-16.780431908,14.0796885382
0.0,-16.7812919922,14.0831392454
0.0,-16.781725989,14.0853729578
0.0,-16.7821531601,14.0867255086
0.0,-16.7825819153,14.0882814023
0.0,-16.7830138351,14.0902439831
0.0,-16.7835125762,14.0918671409
0.0,-16.7838024649,14.0934240574
0.0,-16.7845095564,14.095045669
0.0,-16.7851498493,14.0970066982
0.0,-16.7855070965,14.0982919702
0.0,-16.7862131635,14.0997780104
0.0,-16.786852433,14.1016034686
0.0,-16.7875595773,14.1032250646
0.0,-16.7881246668,14.1044410016
0.0,-16.7889007506,14.1059942943
0.0,-16.7901714522,14.1086284663
0.0,-16.7910175457,14.110249013
0.0,-16.7918673604,14.112344022
0.0,-16.7927124219,14.1138289973
0.0,-16.7934164721,14.1150438796
0.0,-16.7948240656,14.1174058543
0.0,-16.7956728858,14.1193652798
0.0,-16.7964469551,14.1206474113
0.0,-16.797011612,14.1217955342
0.0,-16.7977157132,14.1230103976
0.0,-16.7983471761,14.1238190932
0.0,-16.798838672,14.1244932642
0.0,-16.7995379995,14.1250980942
0.0,-16.8003810334,14.1263119071
0.0,-16.8017139899,14.1279965373
0.0,-16.8024208052,14.1295502836
0.0,-16.8016621346,14.1302338153
0.0,-16.8008334709,14.1308500848
0.0,-16.8009793131,14.1317301913
0.0,-16.8012651353,14.1327448176
0.0,-16.8017630638,14.1342323449
0.0,-16.8024570933,14.1341593567
0.0,-16.8023753621,14.1326009265
0.0,-16.8032793554,14.1327297155
0.0,-16.8039081966,14.1331994882
0.0,-16.8045418494,14.1342792825
0.0,-16.8051701629,14.1346812706
0.0,-16.8060763042,14.1350811693
0.0,-16.8065699893,14.1360264395
0.0,-16.806994222,14.1369722305
0.0,-16.8081060686,14.1370316517
0.0,-16.8089358014,14.1365509175
0.0,-16.8096955379,14.1360029237
0.0,-16.8129508662,14.1348260582
0.0,-16.8140600144,14.1345465528
0.0,-16.8163536732,14.134732582
0.0,-16.8171198407,14.1349979266
0.0,-16.8184427349,14.1353946246
0.0,-16.8196283373,14.1359957061
0.0,-16.8208844803,14.1367318142
0.0,-16.8217265895,14.137809973
0.0,-16.8216706231,14.1395049927
0.0,-16.8210557587,14.1407975464
0.0,-16.8197409162,14.141417564
0.0,-16.81884497,14.1423055395
0.0,-16.8202465373,14.1438539519
0.0,-16.8214994895,14.1441833727
0.0,-16.8228202827,14.1443089204
0.0,-16.8242099944,14.1443661536
0.0,-16.8248453964,14.1456492169
0.0,-16.8252702645,14.1466627432
0.0,-16.8263734918,14.1456376015
0.0,-16.8262969968,14.144756996
0.0,-16.8260061759,14.1431323997
0.0,-16.8275505005,14.145154163
0.0,-16.8283237572,14.1463005985
0.0,-16.8298643284,14.1478478858
0.0,-16.8311932841,14.148990074
0.0,-16.8322433266,14.149998815
0.0,-16.8341312511,14.1515434175
0.0,-16.8350413086,14.1524176462
0.0,-16.8363697715,14.1534920199
0.0,-16.8372098392,14.1542989905
0.0,-16.8385388681,14.1554411285
0.0,-16.8394495034,14.1563831152
0.0,-16.8402934138,14.1576645246
0.0,-16.842325845,14.1598857702
0.0,-16.8431686919,14.1610316081
0.0,-16.8443594108,14.1622425508
0.0,-16.8449856743,14.1623733014
0.0,-16.8456846877,14.1629101878
0.0,-16.8466675865,14.164190498
0.0,-16.8482784158,14.165804879
0.0,-16.8490502046,14.1667478892
0.0,-16.8498991528,14.1686392589
0.0,-16.8507459187,14.1702595099
0.0,-16.8518032948,14.1721492603
0.0,-16.8523705737,14.173568313
0.0,-16.8532129754,14.1746463237
0.0,-16.854058139,14.1760632218
0.0,-16.8549016607,14.1772767808
0.0,-16.8559558004,14.1787598345
0.0,-16.8570766638,14.1799034527
0.0,-16.8581258616,14.1807764906
0.0,-16.8593112419,14.1813095545
0.0,-16.8599386681,14.1815758143
0.0,-16.8606377757,14.1821126449
0.0,-16.8621065763,14.1833213145
0.0,-16.8629435248,14.1837215013
0.0,-16.8645440816,14.1840479608
0.0,-16.8657972963,14.1843771145
0.0,-16.8666320346,14.1845061761
0.0,-16.8669149049,14.1851140104
0.0,-16.8667831798,14.1859962036
0.0,-16.8666553385,14.187352841
0.0,-16.8669498695,14.1893840065
0.0,-16.8673127687,14.1912790736
0.0,-16.8676028716,14.1927680151
0.0,-16.8678952018,14.1945280661
0.0,-16.8681875383,14.196288116
0.0,-16.8683370438,14.1975748062
0.0,-16.8685649208,14.1999453949
0.0,-16.8687155457,14.201367639
0.0,-16.8688028171,14.2035359783
0.0,-16.8690923992,14.2049571359
0.0,-16.8692402523,14.2060404907
0.0,-16.8694603663,14.2074621898
0.0,-16.8696827109,14.2091549981
0.0,-16.8695626862,14.2114605186
0.0,-16.8699211544,14.2129828068
0.0,-16.8708289315,14.214587783
0.0,-16.8707680881,14.2154976645
0.0,-16.8711392975,14.2171588016
0.0,-16.8719033703,14.2205769261
0.0,-16.8745640493,14.2281634271
0.0,-16.8755619663,14.2312057634
0.0,-16.8762707859,14.2328947337
0.0,-16.8771236251,14.2351926014
0.0,-16.8783250291,14.2376232844
0.0,-16.8799411303,14.2397795671
0.0,-16.8826102299,14.2432153749
0.0,-16.8846472751,14.2458427621
0.0,-16.8850625213,14.2465093855
0.0,-16.8844915253,14.2472063931
0.0,-16.8829646599,14.2489784991
0.0,-16.8817099536,14.2507156902
0.0,-16.880620185,14.2526515309
0.0,-16.8794106341,14.2546707797
0.0,-16.8777526426,14.2577181839
0.0,-16.8758163456,14.2611518653
0.0,-16.874373165,14.2629074587
0.0,-16.8739322298,14.2634430098
0.0,-16.8726676409,14.2649825503
0.0,-16.8723441179,14.2655002313
0.0,-16.871934276,14.2661552827
0.0,-16.8710953607,14.2675920605
0.0,-16.8693139244,14.270757884
0.0,-16.8687225916,14.2718809188
0.0,-16.867366072,14.2753461578
0.0,-16.8661705968,14.2783977927
0.0,-16.8652005289,14.2816758568
0.0,-16.8635871109,14.2876476297
0.0,-16.8631183371,14.2893831214
0.0,-16.8610756858,14.2995538021
0.0,-16.8611034142,14.3015153863
0.0,-16.8611067548,14.3017516587
0.0,-16.8608799563,14.3028177886
0.0,-16.8603985072,14.3050809572
0.0,-16.8596139974,14.3063792622
0.0,-16.8587788328,14.3077613802
0.0,-16.858219063,14.308687737
0.0,-16.8576549236,14.3096213164
0.0,-16.8576544652,14.3096213697
0.0,-16.8575610653,14.3098242358
0.0,-16.8573353833,14.3103144124
0.0,-16.8570358553,14.3109649818
0.0,-16.85668745,14.311724973
0.0,-16.8558349944,14.3137658088
0.0,-16.8531536223,14.3186512164
0.0,-16.8498062986,14.325312032
0.0,-16.8489190801,14.3277511854
0.0,-16.8486563679,14.3288180615
0.0,-16.8486490563,14.3288165784
0.0,-16.848095045,14.331002436
0.0,-16.8476398149,14.3327985269
0.0,-16.8474700083,14.3334684837
0.0,-16.8472813115,14.3342129696
0.0,-16.847089349,14.3350116812
0.0,-16.84686659,14.3359465886
0.0,-16.8467363264,14.3364932972
0.0,-16.8465640722,14.3372162304
0.0,-16.8465040444,14.3375000896
0.0,-16.8455107039,14.3417046545
0.0,-16.8440337616,14.3475261916
0.0,-16.8429599195,14.3518138472
0.0,-16.8430173208,14.3531645223
0.0,-16.8431285194,14.3554603376
0.0,-16.843348362,14.3597379295
0.0,-16.8433605342,14.3612245191
0.0,-16.8435384637,14.3631763841
0.0,-16.8439942543,14.3652729456
0.0,-16.8448061892,14.3685099847
0.0,-16.8455557927,14.3716322744
0.0,-16.8460630244,14.3724722027
0.0,-16.846208859,14.3727136952
0.0,-16.8493075147,14.3726089331
0.0,-16.8529844011,14.3725004551
0.0,-16.8561997601,14.3724752619
0.0,-16.8622296559,14.3709829319
0.0,-16.8657955462,14.3701042898
0.0,-16.8673122707,14.369617932
0.0,-16.8688473922,14.3711255663
0.0,-16.8717434617,14.3739696899
0.0,-16.8737716722,14.3759614519
0.0,-16.8751208995,14.3772864008
0.0,-16.876538449,14.3796065424
0.0,-16.8775058855,14.3802820026
0.0,-16.8763333684,14.382876284
0.0,-16.8745573738,14.3852981999
0.0,-16.8778102834,14.3891970146
0.0,-16.8788966786,14.3952457097
0.0,-16.8779179169,14.4020676973
0.0,-16.8758888176,14.4071312152
0.0,-16.8756614404,14.4109185686
0.0,-16.8761985031,14.4131860809
0.0,-16.87783422,14.4157114563
0.0,-16.8791930534,14.4174188771
0.0,-16.8802107264,14.4193538107
0.0,-16.8815688336,14.420969715
0.0,-16.8829219405,14.4230917419
0.0,-16.8839346582,14.4255327842
0.0,-16.8851451635,14.4283337328
0.0,-16.8865397076,14.4309614892
0.0,-16.888122026,14.4338588498
0.0,-16.8888655423,14.4351542711
0.0,-16.8891846263,14.4368055468
0.0,-16.8893567084,14.438412813
0.0,-16.8894406109,14.4406624361
0.0,-16.8893776764,14.4430939825
0.0,-16.8894020941,14.4459857319
0.0,-16.8893441643,14.4479111472
0.0,-16.8892812369,14.4503426926
0.0,-16.8891225331,14.4524146427
0.0,-16.8883593626,14.4542914902
0.0,-16.8874508552,14.4565309947
0.0,-16.8864013201,14.4585456943
0.0,-16.8850642046,14.460553657
0.0,-16.883928425,14.4622436959
0.0,-16.8823643981,14.4638467836
0.0,-16.8803231851,14.4658513204
0.0,-16.8786150106,14.4678622217
0.0,-16.8770462989,14.4699171877
0.0,-16.8757627855,14.4716987508
0.0,-16.874856846,14.4731609912
0.0,-16.8735686497,14.4754938635
0.0,-16.8720944827,14.4777739877
0.0,-16.8710884465,14.4794719875
0.0,-16.8701403162,14.4814406456
0.0,-16.868708936,14.4834041065
0.0,-16.8675200389,14.4853204476
0.0,-16.8667067469,14.4867819309
0.0,-16.8662166162,14.4872354348
0.0,-16.865620624,14.4877858008
0.0,-16.864355103,14.4891252937
0.0,-16.8641495366,14.4893428738
0.0,-16.86350713,14.4899890443
0.0,-16.8629482891,14.4905569746
0.0,-16.8622420316,14.4912747127
0.0,-16.8610384061,14.4924978901
0.0,-16.860144685,14.493406118
0.0,-16.8601368797,14.4934252795
0.0,-16.8600648214,14.4934872775
0.0,-16.8580776278,14.4954550916
0.0,-16.8568842494,14.4969557075
0.0,-16.8563165527,14.4974517701
0.0,-16.8552842306,14.498353823
0.0,-16.8549733234,14.4986254948
0.0,-16.8536878622,14.499748724
0.0,-16.8528137981,14.5005124656
0.0,-16.8509180338,14.502334911
0.0,-16.8490628722,14.5041182835
0.0,-16.8490222384,14.5041573445
0.0,-16.8490171349,14.5041637597
0.0,-16.8489866685,14.504194052
0.0,-16.8484395892,14.5047586271
0.0,-16.847774588,14.5054448891
0.0,-16.8469340191,14.5063123257
0.0,-16.8465694797,14.5066885133
0.0,-16.846410085,14.5068530005
0.0,-16.8461302096,14.5064376913
0.0,-16.8457164935,14.5058237709
0.0,-16.8451264859,14.5049482399
0.0,-16.8448976686,14.504608688
0.0,-16.8448228495,14.5044976603
0.0,-16.8444597245,14.5041567296
0.0,-16.8439552982,14.5036831325
0.0,-16.8436413002,14.5033883221
0.0,-16.8434287469,14.5031887579
0.0,-16.8430616126,14.5028440558
0.0,-16.8427429799,14.5025448917
0.0,-16.8425883326,14.5023996926
0.0,-16.8421899952,14.50202569
0.0,-16.8418698839,14.5017251335
0.0,-16.841577791,14.5014508826
0.0,-16.8411575892,14.5010563463
0.0,-16.840940696,14.5008526995
0.0,-16.8409334384,14.5008506995
0.0,-16.8407778379,14.500705472
0.0,-16.8404483109,14.5004075707
0.0,-16.840041255,14.5000395805
0.0,-16.8397816287,14.4998048692
0.0,-16.8395133634,14.4995623471
0.0,-16.8393054625,14.4993743967
0.0,-16.8392165273,14.4992939951
0.0,-16.8390969244,14.499185869
0.0,-16.8390778643,14.4991686373
0.0,-16.8389595205,14.4990616489
0.0,-16.8388657229,14.4989768515
0.0,-16.8385893072,14.4987269587
0.0,-16.8382837592,14.4984507267
0.0,-16.8379175498,14.4981196523
0.0,-16.8375382527,14.4977767445
0.0,-16.837349913,14.4976064735
0.0,-16.8372389521,14.4975061575
0.0,-16.8370991867,14.4973797992
0.0,-16.8370539428,14.4973388959
0.0,-16.8364657521,14.4968071279
0.0,-16.8358804697,14.4962779852
0.0,-16.8353776534,14.4958233948
0.0,-16.8349485676,14.4954326305
0.0,-16.8348028125,14.4953036837
0.0,-16.8346842205,14.4951921985
0.0,-16.8340534191,14.4946223871
0.0,-16.8338539066,14.4944410024
0.0,-16.8328509057,14.4935291295
0.0,-16.8317719813,14.4925482163
0.0,-16.8308836505,14.4917405728
0.0,-16.8308841368,14.4917394773
0.0,-16.8308308229,14.4916925432
0.0,-16.8288762339,14.4903695957
0.0,-16.8282851516,14.4899919602
0.0,-16.8273863364,14.489453535
0.0,-16.8263797828,14.4888505636
0.0,-16.8255195292,14.4883352252
0.0,-16.8251099125,14.488089841
0.0,-16.8242324448,14.4875641825
0.0,-16.8229180039,14.4868550599
0.0,-16.8224082,14.4865817124
0.0,-16.8211049425,14.4858829219
0.0,-16.8204707543,14.4855428734
0.0,-16.8198418233,14.4852056409
0.0,-16.8195608646,14.4850549903
0.0,-16.8181602506,14.4848462753
0.0,-16.816811807,14.4846453274
0.0,-16.816230294,14.4845586656
0.0,-16.8151606735,14.4843992591
0.0,-16.814279025,14.4842678629
0.0,-16.8137512801,14.4841892082
0.0,-16.8131612608,14.4841012712
0.0,-16.8109036862,14.4838946012
0.0,-16.8094266412,14.4837593723
0.0,-16.808600181,14.4836837029
0.0,-16.807854914,14.4836230005
0.0,-16.8069562011,14.4835989853
0.0,-16.8061834897,14.4835783347
0.0,-16.805152269,14.4835507712
0.0,-16.8041017939,14.4835226876
0.0,-16.8029913268,14.4834929962
0.0,-16.8025316362,14.4834807033
0.0,-16.802193124,14.4834716504
0.0,-16.7998324757,14.4840500761
0.0,-16.7968647043,14.484217387
0.0,-16.7967590864,14.4842426044
0.0,-16.7964181264,14.4843240123
0.0,-16.7954128192,14.4845640357
0.0,-16.7950000759,14.4846625797
0.0,-16.7939956833,14.4849023788
0.0,-16.7929548464,14.4851508742
0.0,-16.7917775893,14.4854319326
0.0,-16.791135946,14.4855851166
0.0,-16.7903293103,14.4857776871
0.0,-16.7890980227,14.48607163
0.0,-16.7878266264,14.4863751401
0.0,-16.7866449521,14.4866572253
0.0,-16.7862687155,14.4867443581
0.0,-16.7862685476,14.4867457439
0.0,-16.7848235274,14.4870740538
0.0,-16.7829253701,14.4875101718
0.0,-16.7815004696,14.487837544
0.0,-16.7803515542,14.4880997886
0.0,-16.7799351891,14.4881971572
0.0,-16.7799339955,14.488196718
0.0,-16.7796353761,14.4882660366
0.0,-16.7794229914,14.4883158454
0.0,-16.7788297078,14.4884720476
0.0,-16.7780341593,14.4886815014
0.0,-16.7779012266,14.4887165002
0.0,-16.7776029462,14.4887950305
0.0,-16.7772273947,14.4888939052
0.0,-16.7768847414,14.4889824353
0.0,-16.7768771958,14.488986103
0.0,-16.7762840931,14.4891422516
0.0,-16.7756421001,14.4893112695
0.0,-16.7750614974,14.4894641223
0.0,-16.7741834018,14.4896952934
0.0,-16.7736833184,14.489826946
0.0,-16.7732660434,14.489936797
0.0,-16.770767323,14.4895037512
0.0,-16.7694104363,14.4891795737
0.0,-16.7680461746,14.4879245462
0.0,-16.7675443323,14.4866359105
0.0,-16.7675270029,14.486328823
0.0,-16.7675233024,14.4863308907
0.0,-16.7673893502,14.4843880129
0.0,-16.7673119103,14.48326479
0.0,-16.7672567586,14.4824648249
0.0,-16.7672590382,14.482453412
0.0,-16.7672404126,14.4822277288
0.0,-16.7663813032,14.4801626677
0.0,-16.7661365532,14.4795743474
0.0,-16.7657559612,14.478659489
0.0,-16.7656087393,14.4783011311
0.0,-16.7655762193,14.4782274276
0.0,-16.7648767132,14.4765697133
0.0,-16.7643368848,14.4739889358
0.0,-16.7635510758,14.4719703472
0.0,-16.7622468209,14.4700731309
0.0,-16.7605068038,14.4693721662
0.0,-16.7572555775,14.468754783
0.0,-16.7552394701,14.4683269756
0.0,-16.7534888787,14.4686382803
0.0,-16.7495658285,14.4699870241
0.0,-16.7448066682,14.4710628638
0.0,-16.7425839876,14.4715029939
0.0,-16.7401236759,14.4723978899
0.0,-16.7380439451,14.4734435957
0.0,-16.7347392998,14.4742000697
0.0,-16.7292143456,14.4752028194
0.0,-16.7281571327,14.4744607037
0.0,-16.7258317195,14.4721245088
0.0,-16.7196738991,14.4702835142
0.0,-16.711466386,14.4678294184
0.0,-16.7087076535,14.4674865533
0.0,-16.7041952173,14.4669256597
0.0,-16.7027583127,14.4675490506
0.0,-16.700012187,14.4687404059
0.0,-16.6956024186,14.4706534107
0.0,-16.6934323668,14.4715947622
0.0,-16.6877295983,14.4748517502
0.0,-16.6818981088,14.4781820238
0.0,-16.6815612064,14.4791914566
0.0,-16.6809260038,14.4810946341
0.0,-16.6803572859,14.4827985879
0.0,-16.6786338403,14.4879621214
0.0,-16.6796092912,14.4935234782
0.0,-16.6797997317,14.4946299198
0.0,-16.6796837436,14.4947470104
0.0,-16.6777863193,14.4966676332
0.0,-16.6763544318,14.4988560672
0.0,-16.6750197076,14.5013239866
0.0,-16.6740306913,14.5022734147
0.0,-16.6740316605,14.5022788054
0.0,-16.6733478195,14.503018336
0.0,-16.6726754752,14.5037454278
0.0,-16.6718755716,14.5046104579
0.0,-16.6713802447,14.505146109
0.0,-16.6711616452,14.5053825021
0.0,-16.6710368785,14.505512956
0.0,-16.6681733064,14.5087660106
0.0,-16.6664204364,14.5100799711
0.0,-16.6654035911,14.5103664862
0.0,-16.6649284597,14.5105118261
0.0,-16.6646338437,14.5106047633
0.0,-16.664419657,14.5106723288
0.0,-16.6641673435,14.5107519214
0.0,-16.6640246861,14.5107969223
0.0,-16.663889025,14.5108397169
0.0,-16.6637570254,14.5108813557
0.0,-16.6636111487,14.5109273716
0.0,-16.6634237315,14.5109864918
0.0,-16.6632852861,14.5110301635
0.0,-16.6630803283,14.5110948172
0.0,-16.6630670852,14.5110989945
0.0,-16.663052763,14.5111035121
0.0,-16.6629605014,14.5111326157
0.0,-16.6629216368,14.511144875
0.0,-16.6628916798,14.5111543244
0.0,-16.6628500847,14.5111674454
0.0,-16.6628194243,14.5111771176
0.0,-16.6627803098,14.5111894554
0.0,-16.6627430913,14.5112025046
0.0,-16.6627122381,14.5112133224
0.0,-16.6626996999,14.5112177189
0.0,-16.662664135,14.5112301879
0.0,-16.6626358486,14.5112401054
0.0,-16.6625907139,14.5112559303
0.0,-16.6625474104,14.5112711132
0.0,-16.6625038895,14.5112863718
0.0,-16.6624622294,14.511300979
0.0,-16.6624246916,14.5113141399
0.0,-16.662393125,14.5113252076
0.0,-16.6622967955,14.5113589809
0.0,-16.6622235678,14.5113846559
0.0,-16.6621717318,14.5114028303
0.0,-16.6621573328,14.511407878
0.0,-16.662094353,14.5114299599
0.0,-16.6620389295,14.5114493916
0.0,-16.6619985472,14.5114635496
0.0,-16.6619685711,14.5114740601
0.0,-16.6619399498,14.5114840946
0.0,-16.6619164179,14.5114922403
0.0,-16.6619048206,14.5114964113
0.0,-16.6618881415,14.5115022588
0.0,-16.6618778009,14.5115058841
0.0,-16.6614100463,14.5116698824
0.0,-16.6609849617,14.5118189186
0.0,-16.6607894434,14.5118874677
0.0,-16.6603643579,14.5120365029
0.0,-16.6603413875,14.5120483104
0.0,-16.6602925241,14.5120616884
0.0,-16.6596639526,14.5122337709
0.0,-16.6588068825,14.5126775509
0.0,-16.6584306287,14.5128723698
0.0,-16.6580795215,14.5130541662
0.0,-16.6580624482,14.5130671583
0.0,-16.6580004066,14.5130951301
0.0,-16.6558310418,14.5133092926
0.0,-16.6538027559,14.5139382026
0.0,-16.6519195518,14.5139100332
0.0,-16.651905992,14.5139098304
0.0,-16.6512867838,14.5139005651
0.0,-16.6497138827,14.5136501488
0.0,-16.649608158,14.5136333163
0.0,-16.6492110533,14.5135542797
0.0,-16.6484990691,14.5134125699
0.0,-16.6481226493,14.5133376477
0.0,-16.6471864174,14.5131512996
0.0,-16.6464837413,14.5130114361
0.0,-16.6459916031,14.5129134774
0.0,-16.6451666891,14.5127492774
0.0,-16.6446869519,14.512653784
0.0,-16.6445733724,14.5126311754
0.0,-16.644511954,14.5126063609
0.0,-16.6443812421,14.5125535487
0.0,-16.6443491265,14.5125405733
0.0,-16.6443090779,14.5125243925
0.0,-16.643338123,14.5121320928
0.0,-16.6425574669,14.5118166763
0.0,-16.6417981043,14.5115098599
