71,4,20,66,97,
0.0,-14.1631191556,16.4890213028
0.0,-14.1608716147,16.4842410166
0.0,-14.1586610491,16.4795326058
0.0,-14.156221921,16.4761147285
0.0,-14.1538536529,16.4735222205
0.0,-14.1517038346,16.472006802
0.0,-14.1497862489,16.4714541403
0.0,-14.1471753813,16.4709870748
0.0,-14.1445474842,16.4711198539
0.0,-14.142807449,16.4722607133
0.0,-14.1396203159,16.4755480683
0.0,-14.1387556405,16.476772207
0.0,-14.1379587792,16.4776059906
0.0,-14.1364202253,16.4780062234
0.0,-14.1339679696,16.4776373512
0.0,-14.133054599,16.4767965081
0.0,-14.1328126966,16.4754562051
0.0,-14.1333126699,16.4745016313
0.0,-14.1355291162,16.4721431001
0.0,-14.1384193609,16.4687350059
0.0,-14.1401681389,16.4656091774
0.0,-14.1408713839,16.4635074413
0.0,-14.1410079435,16.4606380624
0.0,-14.1407949548,16.4585133945
0.0,-14.1401100045,16.4563055536
0.0,-14.1383618744,16.4536915123
0.0,-14.1364663488,16.4530113909
0.0,-14.1301415033,16.4519355987
0.0,-14.1246217578,16.4503819921
0.0,-14.1191555564,16.4479674892
0.0,-14.1143636012,16.4444555599
0.0,-14.1113042404,16.4414531116
0.0,-14.1087499787,16.4363959902
0.0,-14.1086142739,16.4335494042
0.0,-14.1083072921,16.4302237685
0.0,-14.1065855806,16.4273943532
0.0,-14.1029326625,16.424221857
0.0,-14.0984403641,16.4223609238
0.0,-14.0961765583,16.4215939546
0.0,-14.0915745097,16.4201032614
0.0,-14.0866053796,16.4176422773
0.0,-14.0805662884,16.413526301
0.0,-14.0746413289,16.4089084298
0.0,-14.069774833,16.4039399382
0.0,-14.0687628581,16.4023892948
0.0,-14.0674413346,16.398939548
0.0,-14.0662291218,16.3959566389
0.0,-14.0618627559,16.3919910832
0.0,-14.0571217025,16.3877399538
0.0,-14.0567562697,16.3874122717
0.0,-14.0547685367,16.3855838487
0.0,-14.0530147997,16.3839706256
0.0,-14.0514656093,16.3825455259
0.0,-14.0466586338,16.3776091017
0.0,-14.0418136903,16.372887646
0.0,-14.0409692811,16.3718643148
0.0,-14.0378140112,16.3676007558
0.0,-14.0352376655,16.3625666545
0.0,-14.0329347821,16.3548432556
0.0,-14.0311211393,16.3521223797
0.0,-14.0294917739,16.3510147572
0.0,-14.0281570573,16.350434629
0.0,-14.0222160057,16.3494720075
0.0,-14.0170979566,16.3491019614
0.0,-14.0102596734,16.3494645726
0.0,-14.0038999633,16.3483263964
0.0,-14.0021289356,16.3478852839
0.0,-13.9999939996,16.347390759
0.0,-13.9947718019,16.3455783501
0.0,-13.9912283456,16.3422431417
0.0,-13.9886734117,16.3393610382
0.0,-13.9858633252,16.3379425069
0.0,-13.9816909202,16.3365472622
0.0,-13.9783754532,16.3357452042
0.0,-13.9765388705,16.3351527443
0.0,-13.9723072024,16.3341311325
0.0,-13.968261348,16.3310741239
0.0,-13.9652082803,16.327639267
0.0,-13.9627517869,16.3240561467
0.0,-13.9597435173,16.3185977052
0.0,-13.9590712655,16.3173015468
0.0,-13.957348242,16.3153080673
0.0,-13.9570130633,16.3131301102
0.0,-13.9568266015,16.3109289711
0.0,-13.9579303832,16.3082558922
0.0,-13.9597959881,16.3066866678
0.0,-13.9611100273,16.3063941899
0.0,-13.9637805158,16.3071606412
0.0,-13.9685609945,16.3093364284
0.0,-13.9728620514,16.3108640623
0.0,-13.9762050158,16.3109161652
0.0,-13.982451319,16.3098342732
0.0,-13.9871378069,16.3086729733
0.0,-13.9888890009,16.3076410324
0.0,-13.9901750415,16.3059801267
0.0,-13.9909126876,16.3041709824
0.0,-13.9906223246,16.3028422768
0.0,-13.9898990975,16.2990003601
0.0,-13.9891012409,16.295229831
0.0,-13.9891608151,16.2908535511
0.0,-13.9887884691,16.2837846912
0.0,-13.9888507878,16.278870316
0.0,-13.9885011197,16.2768711356
0.0,-13.9872226314,16.2752511156
0.0,-13.9861541004,16.2746411826
0.0,-13.9845906651,16.2744663328
0.0,-13.9827644248,16.2745619111
0.0,-13.9807318722,16.2750697976
0.0,-13.9762020565,16.2759208878
0.0,-13.9714552456,16.2762907011
0.0,-13.9664847671,16.2762228375
0.0,-13.9602990471,16.2752322929
0.0,-13.9549332445,16.2730234893
0.0,-13.9526374889,16.2713535382
0.0,-13.9518801982,16.2692983583
0.0,-13.9526142884,16.2672069119
0.0,-13.9563837693,16.2641406419
0.0,-13.9592397215,16.2618709298
0.0,-13.9624638837,16.2588314139
0.0,-13.9661911285,16.2546158101
0.0,-13.9684666861,16.2514842635
0.0,-13.9702029414,16.2477826473
0.0,-13.9705298902,16.2457327892
0.0,-13.9707092515,16.2373096329
0.0,-13.9711773241,16.2330961322
0.0,-13.9726118856,16.2276290317
0.0,-13.9740288819,16.2244495905
0.0,-13.9740783535,16.2236205184
0.0,-13.9728793367,16.2226343188
0.0,-13.9857898515,16.2096039073
0.0,-13.9887787638,16.2070087862
0.0,-13.9891065182,16.2068466111
0.0,-13.991598422,16.2061624477
0.0,-13.9927830194,16.2055841546
0.0,-13.9957605731,16.2044737812
0.0,-13.997102494,16.203648526
0.0,-13.9979798945,16.2029608924
0.0,-13.998898126,16.20224125
0.0,-13.9993241432,16.2013214577
0.0,-13.9998214167,16.2002478067
0.0,-14.0008459268,16.1980357701
0.0,-14.0012744605,16.1971104969
0.0,-14.0025546403,16.1943463269
0.0,-14.0039101387,16.1914194272
0.0,-14.0040210122,16.1911800158
0.0,-14.0062632286,16.187148
0.0,-14.0066104328,16.1865236302
0.0,-14.0070792993,16.1856804694
0.0,-14.0072906884,16.1853424348
0.0,-14.0079083894,16.1842698453
0.0,-14.0082237877,16.1837221742
0.0,-14.0095681115,16.1817004922
0.0,-14.0143859681,16.1586036273
0.0,-14.015100266,16.1551787386
0.0,-14.0377739652,16.1533980811
0.0,-14.0464117729,16.1478883307
0.0,-14.053761081,16.1426594847
0.0,-14.0518548771,16.1272488648
0.0,-14.0475593821,16.127282064
0.0,-14.0355688721,16.1272162463
0.0,-14.0301841734,16.1160416119
0.0,-14.0288647296,16.1133091483
0.0,-14.0378925045,16.0991708822
0.0,-14.0386857871,16.0979284139
0.0,-14.0408879523,16.0967438496
0.0,-14.0460687742,16.09395689
0.0,-14.0499412425,16.0928112621
0.0,-14.0565591832,16.0908532202
0.0,-14.0764900906,16.0849547919
0.0,-14.0975918194,16.0787074227
0.0,-14.1179109925,16.0726893624
0.0,-14.1454495406,16.0645293773
0.0,-14.1486499551,16.0635807811
0.0,-14.1735861245,16.0561877727
0.0,-14.1795178246,16.0568305612
0.0,-14.1864839569,16.0575852325
0.0,-14.1904912763,16.0568445153
0.0,-14.1947322486,16.0654305059
0.0,-14.1963664947,16.0678092847
0.0,-14.1964931019,16.0675210858
0.0,-14.1974334829,16.0671193354
0.0,-14.2023435894,16.0639441643
0.0,-14.2340211066,16.0518713557
0.0,-14.2398674566,16.0469950921
0.0,-14.2474638837,16.0391182642
0.0,-14.2492259767,16.0371184753
0.0,-14.2518947402,16.0340896028
0.0,-14.2611651723,16.0191487695
0.0,-14.2737048416,15.9989346375
0.0,-14.2919391387,15.983455677
0.0,-14.3100182388,15.9672399764
0.0,-14.3126324826,15.9648690087
0.0,-14.3141966222,15.9624646037
0.0,-14.3170103282,15.9581391777
0.0,-14.3193834038,15.9554618379
0.0,-14.3207479182,15.9528353181
0.0,-14.3219117468,15.9505950284
0.0,-14.3235216837,15.9510156226
0.0,-14.3278631818,15.9521497653
0.0,-14.3455485402,15.9377214165
0.0,-14.3604090606,15.9287966242
0.0,-14.3730392114,15.9212993954
0.0,-14.3840796182,15.9121519121
0.0,-14.3918613392,15.8994486685
0.0,-14.4029898258,15.880536163
0.0,-14.4062074824,15.8735390326
0.0,-14.4072288946,15.8713177471
0.0,-14.4135347367,15.857603064
0.0,-14.4194769381,15.8450565474
0.0,-14.4216128451,15.8427298986
0.0,-14.4251724818,15.8388871295
0.0,-14.4264680987,15.8364497168
0.0,-14.4276413175,15.8343554983
0.0,-14.4282510353,15.8331073378
0.0,-14.4291717027,15.831222593
0.0,-14.4308264021,15.8278639964
0.0,-14.4329262683,15.8216046502
0.0,-14.4346789029,15.8159229446
0.0,-14.4357318037,15.8133673092
0.0,-14.4359870075,15.81264481
0.0,-14.4366729292,15.8107028951
0.0,-14.4371368564,15.8083898073
0.0,-14.4378345498,15.80595076
0.0,-14.4385318766,15.8036382712
0.0,-14.4392301603,15.8009720837
0.0,-14.439807988,15.7979631843
0.0,-14.440269636,15.7964546583
0.0,-14.4406133992,15.7936711573
0.0,-14.4414233295,15.7911238985
0.0,-14.4427203338,15.7879902698
0.0,-14.4436587246,15.786247909
0.0,-14.4447116434,15.7835837326
0.0,-14.4464905575,15.7817259786
0.0,-14.4477939422,15.7796319562
0.0,-14.4503401873,15.7782965752
0.0,-14.4526200709,15.7771008477
0.0,-14.4551703761,15.7757632459
0.0,-14.4585057878,15.7748133036
0.0,-14.4620829925,15.7742074368
0.0,-14.4657809265,15.7738368538
0.0,-14.4702070259,15.7739199946
0.0,-14.4752183436,15.7742395045
0.0,-14.4773838006,15.7745463954
0.0,-14.4775084126,15.7745640546
0.0,-14.4806032169,15.7750099258
0.0,-14.4889755194,15.776215903
0.0,-14.4964221972,15.7773843705
0.0,-14.4998972378,15.777929552
0.0,-14.4959552371,15.7838548182
0.0,-14.5331660986,15.8327644922
0.0,-14.5333021916,15.8329887357
0.0,-14.5425408397,15.8482101737
0.0,-14.5439831984,15.8505861825
0.0,-14.5598232747,15.8766754415
0.0,-14.576089841,15.9034609045
0.0,-14.5771093232,15.9051393764
0.0,-14.5860049118,15.9197837086
0.0,-14.5872511031,15.9218350532
0.0,-14.5944007556,15.9336030986
0.0,-14.5963078085,15.9336924313
0.0,-14.5985141686,15.9337957627
0.0,-14.5991859521,15.933309026
0.0,-14.6097083567,15.921269876
0.0,-14.6498918946,15.927079416
0.0,-14.6478982683,15.9430886087
0.0,-14.6461786068,15.9568955553
0.0,-14.6462470172,15.9570328578
0.0,-14.6464937667,15.9575280937
0.0,-14.6476010686,15.9597504599
0.0,-14.6481542406,15.9608606624
0.0,-14.6549694805,15.9745375643
0.0,-14.6428977466,15.9792382368
0.0,-14.6426108438,15.9793254177
0.0,-14.6419642253,15.9795219026
0.0,-14.6060361926,15.9918536747
0.0,-14.6060041309,15.9925138009
0.0,-14.6059435331,15.9937614339
0.0,-14.6057242683,15.9959578087
0.0,-14.6057856911,15.9967874594
0.0,-14.6058215789,15.997272211
0.0,-14.6058808926,15.9977877974
0.0,-14.6061093325,15.9997734924
0.0,-14.6064808906,16.0006476853
0.0,-14.6065641824,16.00078676
0.0,-14.6075851331,16.0024914372
0.0,-14.6090148751,16.0048786183
0.0,-14.6119489323,16.0115086895
0.0,-14.6132391854,16.0147672338
0.0,-14.6147802623,16.0202574195
0.0,-14.6165159887,16.0256433049
0.0,-14.6176800581,16.0292587523
0.0,-14.6180996717,16.030838094
0.0,-14.6202417762,16.0389001702
0.0,-14.6203968311,16.0404687674
0.0,-14.6204582536,16.0410901346
0.0,-14.6206697313,16.043229469
0.0,-14.6209872,16.0464409579
0.0,-14.6212557151,16.0491571603
0.0,-14.6213607554,16.0513634182
0.0,-14.6214443479,16.0531191763
0.0,-14.6214528903,16.0532986059
0.0,-14.6214707657,16.0564733679
0.0,-14.6240868391,16.0569026711
0.0,-14.6250652948,16.0570632294
0.0,-14.6276091264,16.057480632
0.0,-14.6306544564,16.0579802824
0.0,-14.6309838864,16.0603088704
0.0,-14.63226204,16.069343051
0.0,-14.6307018372,16.0719102904
0.0,-14.6281293723,16.076142987
0.0,-14.6193442393,16.0905962848
0.0,-14.5998026584,16.1227370326
0.0,-14.5980703847,16.1255855634
0.0,-14.5939144052,16.1324192039
0.0,-14.5902901532,16.1343202593
0.0,-14.5859478015,16.1365978546
0.0,-14.5772756028,16.1411460594
0.0,-14.5663045383,16.1468991083
0.0,-14.5638059023,16.1482092254
0.0,-14.538123604,16.1616725618
0.0,-14.5364927167,16.1625273474
0.0,-14.5362964638,16.1626302069
0.0,-14.5348864229,16.1648361724
0.0,-14.5342808896,16.1657605062
0.0,-14.5271854157,16.176590797
0.0,-14.5266362525,16.177415344
0.0,-14.5249265354,16.1799823645
0.0,-14.5150959392,16.1947407108
0.0,-14.5149200356,16.1950934379
0.0,-14.5130621753,16.1988187823
0.0,-14.509550322,16.2058602383
0.0,-14.5091914915,16.20657968
0.0,-14.503360783,16.2167327304
0.0,-14.5015814104,16.2199592104
0.0,-14.4992760736,16.2241392196
0.0,-14.4974479412,16.2280081473
0.0,-14.4965197258,16.2299724899
0.0,-14.4934951033,16.2381916133
0.0,-14.4911755348,16.244057063
0.0,-14.490773108,16.2450746326
0.0,-14.4896062294,16.2476029984
0.0,-14.4884172947,16.2511818185
0.0,-14.4852614788,16.260680459
0.0,-14.4806449837,16.27457375
0.0,-14.4793008054,16.2792381373
0.0,-14.4762183034,16.2899337024
0.0,-14.4707408761,16.2990270376
0.0,-14.4681110592,16.3033925589
0.0,-14.4658260075,16.3071855766
0.0,-14.4654280428,16.3089341065
0.0,-14.4622720096,16.3159048305
0.0,-14.4615793411,16.3193110721
0.0,-14.4598905989,16.3236422749
0.0,-14.4598258199,16.3238084134
0.0,-14.4588040912,16.3247899644
0.0,-14.455647546,16.3278222871
0.0,-14.4451649104,16.3378913559
0.0,-14.4387286218,16.3440729255
0.0,-14.4273839262,16.3549671861
0.0,-14.4263569687,16.355953277
0.0,-14.4263377646,16.3560587129
0.0,-14.4255449914,16.3604110729
0.0,-14.4235334248,16.3714536956
0.0,-14.4233383423,16.3725245423
0.0,-14.4219779348,16.3799917026
0.0,-14.4175606475,16.416278797
0.0,-14.4174166924,16.4174610848
0.0,-14.4065706177,16.4174292551
0.0,-14.3985351997,16.4174053118
0.0,-14.3956285939,16.4328800756
0.0,-14.3956147394,16.4329538306
0.0,-14.3804894773,16.4311195779
0.0,-14.3803468054,16.4387276512
0.0,-14.3804168365,16.4393726431
0.0,-14.380422906,16.4394285474
0.0,-14.3807178675,16.4394602832
0.0,-14.3813105504,16.4395240508
0.0,-14.3850388184,16.4400380408
0.0,-14.3858268638,16.4401527506
0.0,-14.3864688701,16.4402392617
0.0,-14.3866160713,16.4402598243
0.0,-14.3868815314,16.4402961386
0.0,-14.3872721169,16.4403453055
0.0,-14.387969277,16.4404568491
0.0,-14.389090948,16.4406225659
0.0,-14.3910470721,16.4408648356
0.0,-14.3914739144,16.4409176986
0.0,-14.3937149687,16.4411950237
0.0,-14.3940586047,16.4412375456
0.0,-14.3946533309,16.4413110833
0.0,-14.3975832135,16.4417589991
0.0,-14.3997068542,16.4426238511
0.0,-14.4006511929,16.443187008
0.0,-14.401352079,16.4437223472
0.0,-14.4029580031,16.4454263734
0.0,-14.4058171119,16.4487614259
0.0,-14.4074193501,16.4506055864
0.0,-14.4079947724,16.4512798647
0.0,-14.4084622463,16.4518276465
0.0,-14.408474547,16.4518420596
0.0,-14.4087920089,16.45221575
0.0,-14.4099919823,16.4536282415
0.0,-14.4104146247,16.4541100077
0.0,-14.4111837342,16.4549867006
0.0,-14.4116204258,16.4554758016
0.0,-14.4122666539,16.4562546407
0.0,-14.4136031547,16.4578653744
0.0,-14.4138329508,16.4581224795
0.0,-14.4144744159,16.4588401702
0.0,-14.4148195223,16.4592032579
0.0,-14.4150012944,16.4593945014
0.0,-14.4147390478,16.4597873968
0.0,-14.4146903344,16.4598603778
0.0,-14.4142214228,16.4605628924
0.0,-14.4138667014,16.4610943232
0.0,-14.4130891319,16.4622592392
0.0,-14.4088027085,16.4668964631
0.0,-14.4056478192,16.4702939303
0.0,-14.400490843,16.4758262784
0.0,-14.3963164807,16.480300958
0.0,-14.3922106188,16.4847019194
0.0,-14.3900065033,16.4870643308
0.0,-14.3868227589,16.4904765822
0.0,-14.3846778951,16.4927752911
0.0,-14.381154966,16.4965507377
0.0,-14.3767593329,16.4968984407
0.0,-14.3722608855,16.4972541796
0.0,-14.357826715,16.4950629641
0.0,-14.3521094284,16.4942128296
0.0,-14.3483459347,16.4936531265
0.0,-14.3473616535,16.4935186406
0.0,-14.3397476722,16.4924781473
0.0,-14.3283196325,16.491754764
0.0,-14.3225396296,16.491519178
0.0,-14.3176246134,16.4904275081
0.0,-14.3090633868,16.4898118442
0.0,-14.3078326584,16.489633849
0.0,-14.3026670074,16.4888866785
0.0,-14.3008221987,16.4888113599
0.0,-14.2976657007,16.4886884312
0.0,-14.2971302383,16.4886665582
0.0,-14.2915756698,16.4884395831
0.0,-14.2907408372,16.4884820386
0.0,-14.2890319226,16.4885689339
0.0,-14.2854097037,16.4887530723
0.0,-14.2842187871,16.4893369664
0.0,-14.2782338655,16.4914543664
0.0,-14.2779697053,16.4915478178
0.0,-14.2776937063,16.4917657267
0.0,-14.2765789916,16.492645818
0.0,-14.2754237016,16.4934192061
0.0,-14.2737430557,16.4943715515
0.0,-14.2712474763,16.4952668085
0.0,-14.2700921504,16.4960401655
0.0,-14.2685464771,16.4981499771
0.0,-14.267343426,16.4991491348
0.0,-14.264601865,16.5006490836
0.0,-14.2627731798,16.501979151
0.0,-14.2617151928,16.5033416765
0.0,-14.2607428121,16.5052636213
0.0,-14.2602310978,16.5060556905
0.0,-14.2627348294,16.5122916476
0.0,-14.2632238786,16.513509658
0.0,-14.2632639154,16.515162361
0.0,-14.2632832518,16.5159605904
0.0,-14.2633310723,16.5179346149
0.0,-14.2621766487,16.5216137005
0.0,-14.2609476213,16.5217462702
0.0,-14.2602631692,16.5218200955
0.0,-14.2597687477,16.5218734222
0.0,-14.25657108,16.5222182848
0.0,-14.2577772235,16.5254622493
0.0,-14.2571504327,16.5300442443
0.0,-14.2559096636,16.5358386696
0.0,-14.2531696117,16.5406481867
0.0,-14.2507636202,16.5430688013
0.0,-14.2470161463,16.5457196343
0.0,-14.2378319837,16.5466266259
0.0,-14.2288594258,16.54537903
0.0,-14.2204161755,16.5438587634
0.0,-14.215110996,16.5398424039
0.0,-14.2094439761,16.5349625644
0.0,-14.2035240546,16.5323932923
0.0,-14.1999536741,16.5314001139
0.0,-14.1992684959,16.5301045156
0.0,-14.1993154118,16.5285766386
0.0,-14.2012755251,16.5260373833
0.0,-14.2033596852,16.5229500464
0.0,-14.2044272597,16.520133083
0.0,-14.2042988321,16.5166847268
0.0,-14.2032713987,16.5133086037
0.0,-14.202310842,16.5117683129
0.0,-14.2010961939,16.5101408379
0.0,-14.2006774024,16.5095797032
0.0,-14.1983899215,16.5081957516
0.0,-14.193748253,16.5065934403
0.0,-14.1896032145,16.5048135821
0.0,-14.1841489764,16.5015046325
0.0,-14.1836253254,16.5011869338
0.0,-14.1801749333,16.4990088594
0.0,-14.1768778821,16.4975422495
0.0,-14.1716798039,16.4957280061
0.0,-14.1670804373,16.493055038
0.0,-14.1631191556,16.4890213028
