16,5,7,49,114,
0.0,-16.5134804326,15.2765734042
0.0,-16.5001661928,15.2620977181
0.0,-16.4981765916,15.2605951757
0.0,-16.4957497573,15.2587623814
0.0,-16.488623747,15.2533803188
0.0,-16.483748457,15.2496978528
0.0,-16.4787820064,15.2424276041
0.0,-16.4784787524,15.2378238338
0.0,-16.4783446084,15.2357872422
0.0,-16.4803698747,15.2298718061
0.0,-16.4827388091,15.2188722362
0.0,-16.4826005252,15.2168764676
0.0,-16.4829957465,15.2150855586
0.0,-16.4834258719,15.2131364569
0.0,-16.484220898,15.2095337367
0.0,-16.4852128979,15.2050382848
0.0,-16.4859580581,15.2016613349
0.0,-16.4869442567,15.1971918996
0.0,-16.4858569473,15.1950773297
0.0,-16.484673814,15.1927763449
0.0,-16.483660285,15.1908051617
0.0,-16.4829789256,15.1894799783
0.0,-16.482109309,15.1877886237
0.0,-16.4821664896,15.1861166751
0.0,-16.4822568549,15.1834744304
0.0,-16.4823380514,15.1811003163
0.0,-16.4805586042,15.1785457563
0.0,-16.4792365221,15.1766477338
0.0,-16.4783392031,15.1753594894
0.0,-16.4775815617,15.1742717569
0.0,-16.4762231841,15.1723215218
0.0,-16.4756615269,15.1715151305
0.0,-16.4751631689,15.1710489755
0.0,-16.4739148073,15.1698812666
0.0,-16.4718086518,15.1679111363
0.0,-16.4707177456,15.1668906613
0.0,-16.4692434295,15.1655115047
0.0,-16.4673691001,15.1637581126
0.0,-16.4662782364,15.162737612
0.0,-16.4652999263,15.1618223921
0.0,-16.4640195957,15.1606246086
0.0,-16.4634289552,15.158941192
0.0,-16.4618603469,15.1544702594
0.0,-16.4611225292,15.1523672101
0.0,-16.4605278664,15.1506721707
0.0,-16.4600949352,15.149438111
0.0,-16.4594319875,15.1475483653
0.0,-16.4588363507,15.1458504542
0.0,-16.4587143333,15.145502628
0.0,-16.4586350643,15.1452766627
0.0,-16.4572786831,15.1414100391
0.0,-16.4516823109,15.1404657171
0.0,-16.4463608665,15.1395676472
0.0,-16.4374296514,15.1380600736
0.0,-16.4350202496,15.138105026
0.0,-16.429987068,15.1381988483
0.0,-16.4165244844,15.1384492507
0.0,-16.4131089464,15.136109773
0.0,-16.4071877042,15.1359824319
0.0,-16.3924424542,15.1356646473
0.0,-16.3842881364,15.1376264039
0.0,-16.3849101949,15.1424972469
0.0,-16.3883431426,15.1463600143
0.0,-16.3923450019,15.150862664
0.0,-16.395336105,15.1534760442
0.0,-16.3949181505,15.1536497119
0.0,-16.3941901275,15.1532199618
0.0,-16.3934106468,15.1527592799
0.0,-16.3922270569,15.1530513388
0.0,-16.39136182,15.1532595102
0.0,-16.3910315601,15.1541842309
0.0,-16.3907860204,15.1548860313
0.0,-16.3907743861,15.1549578177
0.0,-16.3906338048,15.1557959909
0.0,-16.3903469097,15.1575064956
0.0,-16.3900972092,15.1589952238
0.0,-16.3899999046,15.1589877193
0.0,-16.3899997059,15.1589875054
0.0,-16.3899361221,15.1589828012
0.0,-16.3897902631,15.1589715537
0.0,-16.3895749644,15.1589549509
0.0,-16.3891225012,15.1596681122
0.0,-16.386190325,15.1602140002
0.0,-16.3863876316,15.160873831
0.0,-16.3869824735,15.1617471818
0.0,-16.3874081559,15.1623721666
0.0,-16.3874318588,15.1623930757
0.0,-16.3867182918,15.1631228222
0.0,-16.3858757825,15.1641957102
0.0,-16.3850791875,15.1653089882
0.0,-16.3843135803,15.1664480602
0.0,-16.3835640333,15.16759833
0.0,-16.3828153369,15.168746333
0.0,-16.3820800325,15.1698976414
0.0,-16.381367799,15.1710646244
0.0,-16.3806631553,15.1722372084
0.0,-16.3799503178,15.1734030618
0.0,-16.3792135287,15.174554372
0.0,-16.3784431401,15.1756832888
0.0,-16.3776564204,15.176806654
0.0,-16.3768507156,15.1779188346
0.0,-16.3760181057,15.1790097099
0.0,-16.3751518515,15.180071412
0.0,-16.3742464189,15.1811028443
0.0,-16.3733102653,15.1821525385
0.0,-16.3723308462,15.1831697273
0.0,-16.3718434834,15.1835958448
0.0,-16.3712884915,15.1840810895
0.0,-16.3701652553,15.1848099031
0.0,-16.3688817817,15.18527304
0.0,-16.3674528987,15.1854692773
0.0,-16.3660133399,15.1854531575
0.0,-16.3646381461,15.1852694197
0.0,-16.3632377037,15.184912958
0.0,-16.3619134794,15.1843763788
0.0,-16.3607855574,15.1836533086
0.0,-16.3599525976,15.1826166101
0.0,-16.3593354018,15.1813435951
0.0,-16.3588027405,15.1800531199
0.0,-16.3583414351,15.1787769007
0.0,-16.3579462806,15.1774742946
0.0,-16.3575560535,15.1761682679
0.0,-16.3571098315,15.1748829149
0.0,-16.3565786114,15.173630838
0.0,-16.3559992275,15.1723959971
0.0,-16.3554033101,15.1711669027
0.0,-16.3548224871,15.1699320661
0.0,-16.3542883939,15.1686811285
0.0,-16.3538291735,15.1674037525
0.0,-16.3534369885,15.1661022455
0.0,-16.3530836854,15.1647858158
0.0,-16.3527414241,15.163467059
0.0,-16.3523829178,15.162154048
0.0,-16.3519797318,15.160857122
0.0,-16.3515040131,15.1595866162
0.0,-16.350967665,15.1583390692
0.0,-16.3503988238,15.1571030136
0.0,-16.3498038896,15.1558784107
0.0,-16.3491895141,15.1546595712
0.0,-16.3485620951,15.1534464566
0.0,-16.3479280029,15.1522345094
0.0,-16.3472945071,15.151023686
0.0,-16.3466674023,15.1498105623
0.0,-16.346052767,15.1485905826
0.0,-16.3458078925,15.1472542794
0.0,-16.3458073908,15.1472517686
0.0,-16.3423032656,15.1454491971
0.0,-16.3407010361,15.1446249581
0.0,-16.3380275386,15.1427064808
0.0,-16.3374872801,15.1411282122
0.0,-16.3371277603,15.1401989764
0.0,-16.336987037,15.1396668155
0.0,-16.3360876271,15.1362655313
0.0,-16.3355360022,15.1341793944
0.0,-16.3357987421,15.1325155016
0.0,-16.3360394729,15.130990969
0.0,-16.336244923,15.1292604032
0.0,-16.3365221042,15.1267163984
0.0,-16.3371989931,15.1244961962
0.0,-16.3380297215,15.1217713437
0.0,-16.3386920177,15.1195989127
0.0,-16.3380981595,15.1161714626
0.0,-16.3378237243,15.1145875142
0.0,-16.3376396287,15.1135397408
0.0,-16.3362473923,15.1134510386
0.0,-16.3348055035,15.1134516441
0.0,-16.3333584661,15.1134658293
0.0,-16.3319462557,15.1134233063
0.0,-16.3305467231,15.1134089468
0.0,-16.3291549872,15.1133391687
0.0,-16.3277510019,15.1131700247
0.0,-16.3263334268,15.1129659251
0.0,-16.3249960614,15.1126144623
0.0,-16.3238304632,15.111969347
0.0,-16.3228741376,15.1109354523
0.0,-16.3221202426,15.1097693035
0.0,-16.3216506728,15.108502061
0.0,-16.3212394786,15.1069881619
0.0,-16.3208633627,15.1056446689
0.0,-16.3207775876,15.1043277273
0.0,-16.3211042682,15.1029914298
0.0,-16.3216116467,15.1016789342
0.0,-16.3223069561,15.1005257832
0.0,-16.3233502798,15.0996541964
0.0,-16.324688019,15.0990949894
0.0,-16.3260366296,15.0989300397
0.0,-16.3274544609,15.0990968607
0.0,-16.3288424829,15.0990051054
0.0,-16.3302147045,15.0987575113
0.0,-16.3315846833,15.0984771558
0.0,-16.3329589606,15.0982340529
0.0,-16.3343353756,15.0980078774
0.0,-16.3357160257,15.0978087858
0.0,-16.3371034231,15.09766614
0.0,-16.3384980634,15.0975663782
0.0,-16.3398936309,15.0974756414
0.0,-16.3412840915,15.0973589393
0.0,-16.342663402,15.0971801517
0.0,-16.3440198466,15.0968794654
0.0,-16.3453576427,15.0964805831
0.0,-16.3466969149,15.096086204
0.0,-16.3480602031,15.0958125706
0.0,-16.3494594577,15.0957104553
0.0,-16.3508387251,15.0955282299
0.0,-16.3521657332,15.0951282434
0.0,-16.3534712517,15.094641378
0.0,-16.3547758419,15.0941466019
0.0,-16.3561003345,15.0937194917
0.0,-16.3574542551,15.0933950158
0.0,-16.3588236189,15.0931224132
0.0,-16.3601953545,15.0928576975
0.0,-16.3615555172,15.0925568876
0.0,-16.3628892688,15.0921726186
0.0,-16.3641886065,15.0916812123
0.0,-16.3654736873,15.0911435604
0.0,-16.3667685359,15.0906340893
0.0,-16.3680852151,15.0901753233
0.0,-16.3694030809,15.0897210623
0.0,-16.3706956193,15.0892172334
0.0,-16.3719201558,15.0885827454
0.0,-16.3730757871,15.0878130855
0.0,-16.3742687518,15.0871087258
0.0,-16.3754878717,15.086449396
0.0,-16.3767169696,15.0858058177
0.0,-16.3779548901,15.0851791274
0.0,-16.3792034141,15.0845749636
0.0,-16.3804678257,15.0840012028
0.0,-16.3817360534,15.0834341913
0.0,-16.3829948535,15.082849153
0.0,-16.3842306204,15.0822100158
0.0,-16.3854678701,15.0815765125
0.0,-16.3867405748,15.0810320449
0.0,-16.3880655846,15.0806194434
0.0,-16.3894210294,15.0802834781
0.0,-16.3907841449,15.0799655358
0.0,-16.3921316055,15.0796103964
0.0,-16.3934385294,15.0791470326
0.0,-16.3946714877,15.078442328
0.0,-16.3958844851,15.0777094939
0.0,-16.3971495054,15.0772429787
0.0,-16.3984992086,15.077146526
0.0,-16.3998916908,15.077235097
0.0,-16.4013012145,15.0774399287
0.0,-16.4027029191,15.0776933833
0.0,-16.4040764283,15.0779470037
0.0,-16.4054352999,15.0782730167
0.0,-16.406770894,15.0786839044
0.0,-16.4080689258,15.0791729767
0.0,-16.4093214106,15.0797640106
0.0,-16.4105492893,15.0804139423
0.0,-16.4117794865,15.0810615926
0.0,-16.4130303142,15.0816627832
0.0,-16.4142886105,15.0822492316
0.0,-16.4155517874,15.0828254734
0.0,-16.4168192707,15.0833926419
0.0,-16.4180832512,15.084000499
0.0,-16.4173181893,15.0830868975
0.0,-16.4167854055,15.0824506654
0.0,-16.4165340183,15.0821504656
0.0,-16.4162559007,15.0806412109
0.0,-16.4166759345,15.0778143226
0.0,-16.4185870408,15.0785957661
0.0,-16.4214214647,15.0797547088
0.0,-16.4235385042,15.0801095721
0.0,-16.4252677494,15.0803994165
0.0,-16.4266745594,15.0815066546
0.0,-16.4278883301,15.0824619427
0.0,-16.4291300541,15.0834392154
0.0,-16.4292643965,15.0837201481
0.0,-16.4297131966,15.0846586584
0.0,-16.4307245294,15.0867734739
0.0,-16.431315731,15.0875380288
0.0,-16.4346748976,15.0890443159
0.0,-16.4400037138,15.0901584092
0.0,-16.4436423222,15.0903250558
0.0,-16.4469340598,15.0909451335
0.0,-16.4518492872,15.0901355301
0.0,-16.4535554619,15.0897411491
0.0,-16.4564000678,15.0890715307
0.0,-16.4571709443,15.0886606571
0.0,-16.4583178157,15.0880493717
0.0,-16.4596653269,15.087331134
0.0,-16.4619256323,15.0864191053
0.0,-16.4631297608,15.0859714902
0.0,-16.4641515925,15.0841438187
0.0,-16.4640413636,15.08261758
0.0,-16.4637956862,15.0813467085
0.0,-16.4652966469,15.0759405162
0.0,-16.4641036922,15.0748640109
0.0,-16.4627705951,15.0736610214
0.0,-16.4600059918,15.072483108
0.0,-16.4573101918,15.0708310215
0.0,-16.4545381076,15.069132121
0.0,-16.4536953822,15.0686156358
0.0,-16.4536699165,15.0685595435
0.0,-16.451768649,15.065405937
0.0,-16.4489934988,15.0627448506
0.0,-16.4457203048,15.0605738567
0.0,-16.4416922338,15.0579195181
0.0,-16.4396708794,15.0554975527
0.0,-16.439285766,15.054160008
0.0,-16.4389182996,15.0527658584
0.0,-16.4390298654,15.0514161246
0.0,-16.4391091381,15.050062076
0.0,-16.4391692125,15.0487058894
0.0,-16.4392243464,15.047349734
0.0,-16.4392876176,15.0459935269
0.0,-16.4393703852,15.0446405856
0.0,-16.4394627443,15.0432875834
0.0,-16.4395580086,15.0419345628
0.0,-16.4396529822,15.0405815439
0.0,-16.4397450491,15.0392285433
0.0,-16.4398301403,15.0378755868
0.0,-16.4399053496,15.0365226929
0.0,-16.4399700809,15.0351676056
0.0,-16.4400223155,15.0338125974
0.0,-16.4400579763,15.0324565642
0.0,-16.4400715498,15.0311006709
0.0,-16.4400546154,15.0297461006
0.0,-16.4400013546,15.0283917602
0.0,-16.4399303601,15.0270364021
0.0,-16.4405325567,15.0243074134
0.0,-16.4424201426,15.024298836
0.0,-16.445401898,15.0237646942
0.0,-16.4468697936,15.0235384295
0.0,-16.4520774388,15.0222307783
0.0,-16.4553408888,15.0219749101
0.0,-16.4590740981,15.0213092426
0.0,-16.4635814392,15.0193550476
0.0,-16.4676987895,15.0176292523
0.0,-16.471297474,15.0162230945
0.0,-16.4731715404,15.015316143
0.0,-16.4742195143,15.0147681675
0.0,-16.4755205689,15.0142569603
0.0,-16.4767640412,15.0136139305
0.0,-16.4788976079,15.0125007528
0.0,-16.4815381346,15.0109052116
0.0,-16.4858450597,15.0084005606
0.0,-16.4888884352,15.0060758375
0.0,-16.4921164627,15.0035690974
0.0,-16.4939138732,15.0026173004
0.0,-16.4964770113,15.000792759
0.0,-16.4963514048,15.0002621743
0.0,-16.4967913036,15.0002398691
0.0,-16.498236157,15.0001666015
0.0,-16.4996842554,15.0000931606
0.0,-16.5009837506,15.0000272477
0.0,-16.5047742318,14.9998349454
0.0,-16.5088217544,14.9996295324
0.0,-16.5101520452,14.9995620041
0.0,-16.5141977346,14.9993565889
0.0,-16.5173955567,14.9991941722
0.0,-16.5189313262,14.9991161545
0.0,-16.5199998655,14.9990618662
0.0,-16.5213569044,14.9989929131
0.0,-16.5224486473,14.9989374343
0.0,-16.5234959887,14.9988842069
0.0,-16.5245183393,14.9988322447
0.0,-16.5261022872,14.9987517297
0.0,-16.527407058,14.9986853978
0.0,-16.5280479273,14.9986528142
0.0,-16.5285700128,14.9982415327
0.0,-16.5282537173,14.9976950421
0.0,-16.5275668133,14.996513357
0.0,-16.5268770205,14.9953328181
0.0,-16.5270169949,14.9918396548
0.0,-16.5323486712,14.9897430948
0.0,-16.5376566645,14.9882521513
0.0,-16.5438347347,14.986221933
0.0,-16.5519473747,14.9841693535
0.0,-16.5575502843,14.9823596198
0.0,-16.5608179604,14.9810820712
0.0,-16.5644947056,14.9796457613
0.0,-16.5738343771,14.9777467066
0.0,-16.5799183467,14.9756619847
0.0,-16.5871288597,14.9736879
0.0,-16.5913494183,14.9723648947
0.0,-16.5962925991,14.9708209729
0.0,-16.6014969791,14.9704229642
0.0,-16.6069516021,14.9687938871
0.0,-16.6142574299,14.9673233202
0.0,-16.6210884602,14.965666102
0.0,-16.6288124442,14.9642011537
0.0,-16.6349259385,14.9625848124
0.0,-16.6402291232,14.9617785249
0.0,-16.6444179777,14.9600401962
0.0,-16.6478840161,14.958614308
0.0,-16.6509240502,14.9574083642
0.0,-16.6521749645,14.956606231
0.0,-16.6542173946,14.9552956204
0.0,-16.6579758146,14.9532257777
0.0,-16.6614599933,14.9505613704
0.0,-16.6627628817,14.9496910234
0.0,-16.6802985131,14.9646220301
0.0,-16.6958663256,14.9897618366
0.0,-16.7074383465,15.0040679901
0.0,-16.7096090195,15.0167598506
0.0,-16.7062218682,15.0320036686
0.0,-16.7057123535,15.0342974238
0.0,-16.7024504754,15.0367451274
0.0,-16.7008926011,15.0371996453
0.0,-16.7005820229,15.0374589257
0.0,-16.7002379809,15.0377263345
0.0,-16.6986492445,15.0390045687
0.0,-16.6973696014,15.0400341005
0.0,-16.6961526412,15.0410162431
0.0,-16.6950981326,15.0418615627
0.0,-16.6927430981,15.0437562016
0.0,-16.6905526514,15.0455183805
0.0,-16.6884186004,15.0472351437
0.0,-16.6859382421,15.0494156745
0.0,-16.6859361945,15.0494125292
0.0,-16.6857837108,15.0495494281
0.0,-16.6846398138,15.0505662928
0.0,-16.6865061133,15.0533193666
0.0,-16.6779277798,15.0592657447
0.0,-16.6727074936,15.0628840692
0.0,-16.6723665516,15.0640402842
0.0,-16.6717203453,15.0666366447
0.0,-16.67174395,15.0696596228
0.0,-16.6706248038,15.0733684476
0.0,-16.6690561421,15.078566768
0.0,-16.6683706884,15.0808381949
0.0,-16.6649770178,15.0854141769
0.0,-16.6622781815,15.088736688
0.0,-16.6604884111,15.0909160202
0.0,-16.6595803878,15.0916510963
0.0,-16.6581843004,15.0927812634
0.0,-16.6569822746,15.0937543157
0.0,-16.6543792769,15.0945533505
0.0,-16.6499425696,15.095915193
0.0,-16.6470686217,15.0982348673
0.0,-16.6459865899,15.0991081955
0.0,-16.6421295413,15.1005799884
0.0,-16.6399947554,15.1029330608
0.0,-16.6388577373,15.1043137668
0.0,-16.6367749859,15.103316246
0.0,-16.6361541938,15.1029885977
0.0,-16.6360929076,15.1029888474
0.0,-16.6342557818,15.1026327882
0.0,-16.6326017272,15.1023134588
0.0,-16.6325563002,15.1021335191
0.0,-16.6323320508,15.1019906009
0.0,-16.6314278891,15.1017444342
0.0,-16.6289092882,15.100970664
0.0,-16.6271197138,15.1011146598
0.0,-16.6251638714,15.101272018
0.0,-16.6208010087,15.1016229728
0.0,-16.6136561869,15.1021975292
0.0,-16.6137385677,15.1086922044
0.0,-16.6138471244,15.1172474416
0.0,-16.6140423971,15.1326279031
0.0,-16.6145350221,15.1331793429
0.0,-16.6145507032,15.133179549
0.0,-16.6184616628,15.1374238233
0.0,-16.6169023637,15.1398365715
0.0,-16.6146328358,15.1433448545
0.0,-16.6146088186,15.1433398367
0.0,-16.6138531185,15.1445501276
0.0,-16.6127937894,15.145696487
0.0,-16.6130616352,15.1477948372
0.0,-16.6103472256,15.1510814019
0.0,-16.6008126748,15.1589219614
0.0,-16.597800909,15.1643028796
0.0,-16.5943559829,15.1702652688
0.0,-16.5891528802,15.1751012314
0.0,-16.5830914959,15.1809373164
0.0,-16.5827662298,15.1812119263
0.0,-16.5809989948,15.1827039185
0.0,-16.5770244758,15.1860592941
0.0,-16.5739245163,15.1898621109
0.0,-16.5705406844,15.1940129733
0.0,-16.5691508809,15.1962532551
0.0,-16.5662269784,15.200966248
0.0,-16.5625178942,15.2084191334
0.0,-16.5619254542,15.2096095094
0.0,-16.5574518785,15.2190663868
0.0,-16.5566277883,15.2208083753
0.0,-16.5540227383,15.2264425311
0.0,-16.5515950363,15.2316928578
0.0,-16.5496178593,15.2359686588
0.0,-16.5476144011,15.2395684234
0.0,-16.543149084,15.2475911385
0.0,-16.5389799758,15.2552415983
0.0,-16.5371224276,15.2586500824
0.0,-16.5316539208,15.2671563172
0.0,-16.5290268657,15.2680522931
0.0,-16.5287795255,15.2681366479
0.0,-16.525583621,15.2687131583
0.0,-16.525329507,15.2687766701
0.0,-16.5250725414,15.2687218878
0.0,-16.5237497902,15.2686314662
0.0,-16.522475219,15.2687666655
0.0,-16.5201997723,15.2695503665
0.0,-16.5186403194,15.2703291937
0.0,-16.5173161712,15.2713414124
0.0,-16.5157518892,15.2726263971
0.0,-16.5144791922,15.2743251616
0.0,-16.5134804326,15.2765734042
