9,9,10,61,119,
0.0,-17.1599983643,14.8933496953
0.0,-17.1568286792,14.8904152816
0.0,-17.1559186692,14.8895719956
0.0,-17.1555126239,14.8891957191
0.0,-17.1553393396,14.8723431971
0.0,-17.1544304566,14.8650775055
0.0,-17.1514970617,14.8416224101
0.0,-17.1428363097,14.8270472656
0.0,-17.1412010097,14.8214767663
0.0,-17.1395930504,14.815999039
0.0,-17.1386490044,14.8127828509
0.0,-17.1369010651,14.8089010881
0.0,-17.1322186349,14.7985016342
0.0,-17.1321242676,14.7980505745
0.0,-17.1326609539,14.797866189
0.0,-17.1318588345,14.7967163379
0.0,-17.1291779268,14.7839385569
0.0,-17.1274758258,14.7757853953
0.0,-17.1256632544,14.7725254084
0.0,-17.1255256144,14.7635173288
0.0,-17.1241207341,14.7582416284
0.0,-17.1243403768,14.7574235247
0.0,-17.1243643907,14.7570616751
0.0,-17.1244713034,14.7554506863
0.0,-17.1235803841,14.7538185127
0.0,-17.1226376777,14.7528520344
0.0,-17.1223621402,14.7525695455
0.0,-17.1219142753,14.7521125911
0.0,-17.1219072116,14.7521053838
0.0,-17.1196568766,14.75141044
0.0,-17.1122851273,14.7491294068
0.0,-17.1115166532,14.7429501228
0.0,-17.1102787131,14.7363120128
0.0,-17.1102403279,14.7323259211
0.0,-17.1102191505,14.7301262408
0.0,-17.1107667545,14.7284106965
0.0,-17.1120458931,14.7244033058
0.0,-17.1141955096,14.7224743559
0.0,-17.1169315313,14.7200191262
0.0,-17.1246677548,14.719263799
0.0,-17.1264642477,14.71836856
0.0,-17.125727307,14.7175457811
0.0,-17.1271212869,14.7175834271
0.0,-17.128075026,14.7173933344
0.0,-17.1292985611,14.7171494614
0.0,-17.1293034357,14.7171638633
0.0,-17.1293083093,14.7171782653
0.0,-17.1317990194,14.716651052
0.0,-17.1364666568,14.7116591619
0.0,-17.1367185877,14.7087735766
0.0,-17.1329415512,14.7083685127
0.0,-17.1329944683,14.7068542982
0.0,-17.1331736905,14.7011430475
0.0,-17.1335872986,14.6954296393
0.0,-17.1337600302,14.6935213134
0.0,-17.1339867376,14.6931548288
0.0,-17.136610042,14.6889140214
0.0,-17.1373273651,14.6887398473
0.0,-17.1374087928,14.6827965795
0.0,-17.1374496192,14.6798171869
0.0,-17.1381644491,14.6764461864
0.0,-17.1355560451,14.6747555565
0.0,-17.1341753906,14.6738606645
0.0,-17.1341273602,14.6738295323
0.0,-17.1339624767,14.6726497174
0.0,-17.1330310028,14.6724090606
0.0,-17.1317213641,14.6712304333
0.0,-17.128395482,14.6682371643
0.0,-17.1266781616,14.6666915334
0.0,-17.1267111984,14.6513490666
0.0,-17.130065512,14.6423246939
0.0,-17.1338419123,14.6207758372
0.0,-17.1270229247,14.6018173698
0.0,-17.1284507162,14.600786123
0.0,-17.1311615739,14.5993029921
0.0,-17.1400558196,14.5942971999
0.0,-17.142933823,14.5929797723
0.0,-17.1432161873,14.592751054
0.0,-17.1451504535,14.5911842607
0.0,-17.1460637906,14.5906480238
0.0,-17.1464363917,14.590519064
0.0,-17.1464716884,14.5905068472
0.0,-17.1465163874,14.5905856735
0.0,-17.1465583137,14.5906607438
0.0,-17.1466089843,14.5907314199
0.0,-17.1466449802,14.5907869981
0.0,-17.1466644007,14.5908554802
0.0,-17.1466844447,14.5909183019
0.0,-17.146707288,14.5909744248
0.0,-17.1467559782,14.591060941
0.0,-17.1467745747,14.5911368565
0.0,-17.1467906738,14.5911978928
0.0,-17.1467946492,14.5912703762
0.0,-17.1468018332,14.5914309896
0.0,-17.1468079767,14.5915054455
0.0,-17.1468181519,14.591605466
0.0,-17.1468203353,14.5917250839
0.0,-17.1468253272,14.5918150245
0.0,-17.1468178686,14.5918926597
0.0,-17.146818086,14.5919467488
0.0,-17.1468406436,14.5920007527
0.0,-17.1468521607,14.5920618501
0.0,-17.1468564986,14.59214214
0.0,-17.1468552025,14.5922194537
0.0,-17.1468543184,14.5922969625
0.0,-17.1468548458,14.5923513478
0.0,-17.1468572553,14.5924311178
0.0,-17.1468923316,14.5925883536
0.0,-17.146905433,14.592666518
0.0,-17.1469190232,14.5927353727
0.0,-17.1469492046,14.5928413653
0.0,-17.1469742863,14.5929279196
0.0,-17.1469984941,14.5929981251
0.0,-17.1470117528,14.593088952
0.0,-17.1470155323,14.5931412156
0.0,-17.147034813,14.5932011653
0.0,-17.1470430146,14.5932747457
0.0,-17.1470435952,14.59333461
0.0,-17.1470812325,14.5934816693
0.0,-17.1470970717,14.593574988
0.0,-17.1471113334,14.5936532737
0.0,-17.1471142671,14.5937236549
0.0,-17.1471322394,14.5937774614
0.0,-17.1471576778,14.5938410755
0.0,-17.1471667786,14.5939488008
0.0,-17.1472135714,14.5940758787
0.0,-17.1472320611,14.5941618756
0.0,-17.1472558234,14.5942167348
0.0,-17.1472678605,14.5943071048
0.0,-17.1472802507,14.5943717009
0.0,-17.1473012246,14.5944270132
0.0,-17.1473213752,14.594479624
0.0,-17.1473512562,14.5945388193
0.0,-17.1473578002,14.5946123354
0.0,-17.1473872386,14.5947050952
0.0,-17.1474154632,14.5947706715
0.0,-17.1474324575,14.594847976
0.0,-17.1474483418,14.5949353919
0.0,-17.1474736201,14.5950209278
0.0,-17.1475030334,14.5950794306
0.0,-17.1475507318,14.595158445
0.0,-17.1476274903,14.5953396759
0.0,-17.1476575025,14.5954008027
0.0,-17.1476935514,14.5954694651
0.0,-17.1477237214,14.5955204493
0.0,-17.1477408243,14.5955736511
0.0,-17.1477649108,14.5956444801
0.0,-17.1478001078,14.5957170448
0.0,-17.147840437,14.5957868496
0.0,-17.147863066,14.5958559815
0.0,-17.1479007088,14.5959296739
0.0,-17.1479515461,14.5959979407
0.0,-17.1480068553,14.5960632776
0.0,-17.1480631321,14.5961408384
0.0,-17.1481091303,14.5961985505
0.0,-17.1481714356,14.5962469474
0.0,-17.1482044531,14.5962920681
0.0,-17.1482247725,14.5963408921
0.0,-17.1482673454,14.5964167058
0.0,-17.1483027606,14.5964716663
0.0,-17.1483458512,14.5965322641
0.0,-17.1483849232,14.5966025213
0.0,-17.1484382962,14.5966823
0.0,-17.1484952682,14.5967450317
0.0,-17.148589819,14.5968010416
0.0,-17.1486524719,14.5968378202
0.0,-17.1487051861,14.5968939659
0.0,-17.1487286971,14.5969554613
0.0,-17.1487727736,14.5970175147
0.0,-17.1488094454,14.5970754517
0.0,-17.1488171343,14.5971403802
0.0,-17.1488138494,14.5972038979
0.0,-17.1488329647,14.5972853238
0.0,-17.1488340763,14.5973365357
0.0,-17.1488374868,14.5973970805
0.0,-17.1488389603,14.597460333
0.0,-17.1488494428,14.5975284923
0.0,-17.1488959482,14.5975773145
0.0,-17.1489574177,14.5976648544
0.0,-17.1489818428,14.5977215632
0.0,-17.1490232932,14.5977659085
0.0,-17.1490430916,14.5978243993
0.0,-17.149036425,14.5979015275
0.0,-17.1490225449,14.5979819813
0.0,-17.1490036237,14.5980694185
0.0,-17.1489871557,14.5981632487
0.0,-17.1489754054,14.5982488858
0.0,-17.148971,14.5983325035
0.0,-17.1489652553,14.5984150385
0.0,-17.1489803628,14.5985006108
0.0,-17.1489951098,14.5985609987
0.0,-17.1490046276,14.5986211447
0.0,-17.1490115704,14.5987012396
0.0,-17.1490076422,14.5987980671
0.0,-17.1490358369,14.5988814704
0.0,-17.1490822695,14.5989407261
0.0,-17.1491315509,14.5989909268
0.0,-17.1491398794,14.5990585384
0.0,-17.1491258564,14.5991141447
0.0,-17.1491077464,14.5991625346
0.0,-17.1491226875,14.5992473973
0.0,-17.149126731,14.5993161454
0.0,-17.1491147277,14.5993757396
0.0,-17.14910133,14.5994497844
0.0,-17.1490850574,14.5995226538
0.0,-17.149068498,14.5995828936
0.0,-17.1490781688,14.5996749288
0.0,-17.1491186051,14.5997749186
0.0,-17.1491340689,14.5998714537
0.0,-17.1491677566,14.5999802217
0.0,-17.1491917916,14.6000640754
0.0,-17.1492186879,14.6001476044
0.0,-17.1492051796,14.60023872
0.0,-17.1492035062,14.6003011513
0.0,-17.1492182316,14.6003638733
0.0,-17.1492611957,14.6004587101
0.0,-17.1493199793,14.6005329989
0.0,-17.1493793748,14.6006091362
0.0,-17.149392606,14.6006811853
0.0,-17.1494251725,14.6007640142
0.0,-17.1494206483,14.6008352809
0.0,-17.1494346339,14.6009046565
0.0,-17.1494645947,14.6009607196
0.0,-17.14950752,14.6010167762
0.0,-17.1495447444,14.6010998613
0.0,-17.1495521032,14.6011834799
0.0,-17.1495478381,14.6012371918
0.0,-17.1495709606,14.6012923249
0.0,-17.1496059723,14.601358346
0.0,-17.1496448475,14.6014428607
0.0,-17.1497068074,14.6015449923
0.0,-17.1497428845,14.6016393846
0.0,-17.1497786998,14.6017165649
0.0,-17.1498164556,14.6017838456
0.0,-17.1498448715,14.6018468498
0.0,-17.1498770815,14.6019087131
0.0,-17.1498990908,14.6019628994
0.0,-17.1499167561,14.6020123458
0.0,-17.1499368164,14.602073552
0.0,-17.1499576136,14.602137633
0.0,-17.1499891136,14.6022158895
0.0,-17.1500171242,14.6022771941
0.0,-17.1500371033,14.6023330934
0.0,-17.1500495125,14.6023846791
0.0,-17.150072459,14.6024343749
0.0,-17.1501007601,14.6024887029
0.0,-17.1501519298,14.6026130538
0.0,-17.1501846208,14.6026887683
0.0,-17.1502055926,14.6027445445
0.0,-17.1502290702,14.6028235724
0.0,-17.1502654889,14.6028825974
0.0,-17.1502958242,14.6029400051
0.0,-17.1503240103,14.6029929896
0.0,-17.1503449221,14.6030921325
0.0,-17.1503661877,14.6031856546
0.0,-17.150372203,14.6032467128
0.0,-17.1503912053,14.6032967938
0.0,-17.1504224527,14.6033542824
0.0,-17.15044891,14.6034030495
0.0,-17.1504750496,14.6034781176
0.0,-17.1504926442,14.6035453744
0.0,-17.150512201,14.6036043786
0.0,-17.1505305358,14.6036550006
0.0,-17.1505519371,14.6037097906
0.0,-17.1505677965,14.6037890577
0.0,-17.1505753073,14.6038619067
0.0,-17.1506068906,14.6039381698
0.0,-17.1506708428,14.6040294007
0.0,-17.1506982776,14.6041065378
0.0,-17.1507250333,14.6041655479
0.0,-17.1507459081,14.6042167573
0.0,-17.1507854942,14.6042901075
0.0,-17.1508495867,14.6043695071
0.0,-17.1510666073,14.6047271451
0.0,-17.151133539,14.6047462985
0.0,-17.1511785787,14.6047957054
0.0,-17.1512360833,14.6048550616
0.0,-17.1512916383,14.6049013418
0.0,-17.1513532163,14.6049685966
0.0,-17.1514096999,14.6050287709
0.0,-17.1514598884,14.6050458124
0.0,-17.1515233515,14.6050594079
0.0,-17.1516088923,14.605083586
0.0,-17.1516766428,14.6051358564
0.0,-17.1517368225,14.6052028123
0.0,-17.1518048944,14.6052645494
0.0,-17.1518992727,14.6052934909
0.0,-17.151982914,14.605307258
0.0,-17.1520389396,14.6053149971
0.0,-17.1521328952,14.6053255814
0.0,-17.1522108942,14.6053348888
0.0,-17.1522723615,14.6053442005
0.0,-17.1523345334,14.6053851071
0.0,-17.1523169583,14.6054383572
0.0,-17.1522888957,14.6054864308
0.0,-17.15225872,14.6055609964
0.0,-17.1522176767,14.6056489198
0.0,-17.152196251,14.605717833
0.0,-17.1522022964,14.6057759144
0.0,-17.1522119869,14.6058284765
0.0,-17.1522351199,14.605887124
0.0,-17.1522648752,14.605930886
0.0,-17.1522987414,14.6059870553
0.0,-17.1523248187,14.6060702063
0.0,-17.1523286615,14.6061503259
0.0,-17.152299962,14.6062222051
0.0,-17.1522908354,14.6062738275
0.0,-17.1522860646,14.606330994
0.0,-17.1522975351,14.6063856766
0.0,-17.1523367774,14.606428846
0.0,-17.1523837816,14.60648135
0.0,-17.1524111071,14.6065371351
0.0,-17.1524325259,14.6065948785
0.0,-17.1524886931,14.6066534587
0.0,-17.1525425971,14.6067093553
0.0,-17.1525892909,14.6067435897
0.0,-17.152630036,14.6067835581
0.0,-17.1526364982,14.6068502072
0.0,-17.1526156937,14.6069236399
0.0,-17.1526078604,14.6069908627
0.0,-17.1526084094,14.6070472572
0.0,-17.1526264627,14.6071405519
0.0,-17.1526474932,14.6072160644
0.0,-17.1526765102,14.6072773557
0.0,-17.152704345,14.6073500801
0.0,-17.1527233695,14.6074233205
0.0,-17.1527451675,14.6074767123
0.0,-17.1527729691,14.607526961
0.0,-17.1528114109,14.6075877694
0.0,-17.1528429872,14.6076473464
0.0,-17.1528663598,14.6076943478
0.0,-17.1529111271,14.6077534054
0.0,-17.1529685692,14.6078093568
0.0,-17.1530075779,14.6078673706
0.0,-17.1530460431,14.6079305696
0.0,-17.1530729041,14.6079787352
0.0,-17.1531125802,14.6080506888
0.0,-17.1531428422,14.6081328911
0.0,-17.153161083,14.6082223365
0.0,-17.1531855654,14.6083034356
0.0,-17.153203022,14.6083564689
0.0,-17.1532262509,14.608409748
0.0,-17.1532582518,14.6084642084
0.0,-17.1532726485,14.6085573966
0.0,-17.1532940733,14.6086482909
0.0,-17.1533071862,14.6087162726
0.0,-17.1533170605,14.6087721256
0.0,-17.1533344983,14.608848469
0.0,-17.1533632449,14.6089367411
0.0,-17.1534018319,14.609006115
0.0,-17.1534229439,14.6090689763
0.0,-17.1534419626,14.6091467997
0.0,-17.1534761514,14.6092382889
0.0,-17.1535097537,14.6093168134
0.0,-17.1535363074,14.6093858005
0.0,-17.1535738243,14.6094671387
0.0,-17.1536249046,14.6095336078
0.0,-17.1536692352,14.6095827405
0.0,-17.1537227522,14.6096588075
0.0,-17.1537614306,14.6097288672
0.0,-17.1537957405,14.6097801878
0.0,-17.1538445513,14.6098226539
0.0,-17.1538732355,14.609875709
0.0,-17.1539162624,14.6099087399
0.0,-17.1539339219,14.6099872218
0.0,-17.153966637,14.6100577992
0.0,-17.1539849182,14.6101126609
0.0,-17.1540095584,14.6102020849
0.0,-17.1540444326,14.6102903572
0.0,-17.1541084462,14.610356665
0.0,-17.1541484751,14.6104281606
0.0,-17.1541992203,14.6104960909
0.0,-17.1542243686,14.6105556592
0.0,-17.1542593403,14.6106126717
0.0,-17.1543073967,14.6106759742
0.0,-17.1543328474,14.6107279866
0.0,-17.1543781209,14.6107982255
0.0,-17.1544207375,14.6108593898
0.0,-17.1544446796,14.6109268557
0.0,-17.154474399,14.6109952658
0.0,-17.1545083874,14.6110535397
0.0,-17.1545702877,14.6111031133
0.0,-17.1546340754,14.6111662975
0.0,-17.1546828001,14.611209778
0.0,-17.1547331789,14.6112490316
0.0,-17.1547760125,14.6113187318
0.0,-17.1548009768,14.6113834766
0.0,-17.1548424304,14.6114245032
0.0,-17.1549088404,14.6114848972
0.0,-17.1549598298,14.6115430807
0.0,-17.1550024043,14.6116146546
0.0,-17.1550291818,14.6116671958
0.0,-17.155057107,14.6117205875
0.0,-17.1550815607,14.6117681587
0.0,-17.1551259553,14.6118328069
0.0,-17.1551586664,14.6119186999
0.0,-17.15517804,14.6119839038
0.0,-17.1552164334,14.6120467234
0.0,-17.1552632688,14.6121120628
0.0,-17.15529029,14.612173316
0.0,-17.1553179357,14.6122342805
0.0,-17.1553556906,14.6122853756
0.0,-17.1553865565,14.612328562
0.0,-17.1554091486,14.6123794358
0.0,-17.1554348761,14.6124506512
0.0,-17.1554556966,14.6125270128
0.0,-17.1554890115,14.6125849565
0.0,-17.1555549958,14.6126561702
0.0,-17.155596041,14.6127104678
0.0,-17.1556255944,14.6127635046
0.0,-17.1556570602,14.6128374563
0.0,-17.1556978302,14.6129011186
0.0,-17.1557221051,14.6129951134
0.0,-17.1557573218,14.613067656
0.0,-17.1557934979,14.6131332402
0.0,-17.1558259928,14.6132055622
0.0,-17.1558414795,14.6132625873
0.0,-17.1558619867,14.6133277165
0.0,-17.1559012679,14.6133904564
0.0,-17.1559611239,14.6134328812
0.0,-17.1559891857,14.6134996563
0.0,-17.1560133241,14.6135516742
0.0,-17.1560386458,14.613614835
0.0,-17.1560654772,14.6136650514
0.0,-17.1560938914,14.613712763
0.0,-17.1561350981,14.6137652175
0.0,-17.1561824775,14.6138184335
0.0,-17.1562559531,14.6138688447
0.0,-17.1563353953,14.6139167718
0.0,-17.1563812247,14.613990013
0.0,-17.1564256876,14.6140648012
0.0,-17.156474568,14.6141467755
0.0,-17.1565117564,14.6141971924
0.0,-17.156549922,14.6142526469
0.0,-17.1565841134,14.6143258051
0.0,-17.1566180805,14.6143759708
0.0,-17.1566636307,14.6144102156
0.0,-17.156729733,14.6144453952
0.0,-17.1567874572,14.6144845106
0.0,-17.1568217339,14.6145276065
0.0,-17.1568577339,14.6145924873
0.0,-17.1568984869,14.6146592704
0.0,-17.156928344,14.614712268
0.0,-17.1569606569,14.6147779537
0.0,-17.1569951586,14.614830311
0.0,-17.1570313028,14.6148720142
0.0,-17.1570673477,14.6149139054
0.0,-17.1571129976,14.6149619569
0.0,-17.1572072555,14.6150519433
0.0,-17.1572398929,14.6151030465
0.0,-17.15726305,14.615168084
0.0,-17.1572861486,14.6152524065
0.0,-17.157298982,14.6153269278
0.0,-17.1573171133,14.6153776032
0.0,-17.1573354018,14.6154339156
0.0,-17.1573499501,14.6154884689
0.0,-17.1573744216,14.6155484097
0.0,-17.1574017885,14.6156009523
0.0,-17.1574351591,14.615644922
0.0,-17.1574911027,14.6157089051
0.0,-17.1575223735,14.6157972722
0.0,-17.1575558524,14.6158437755
0.0,-17.1576148654,14.6158710354
0.0,-17.1576234812,14.6159265192
0.0,-17.157627932,14.6159800645
0.0,-17.1576435892,14.6160371683
0.0,-17.1576712703,14.6161061938
0.0,-17.1577023381,14.6161657745
0.0,-17.1577251064,14.6162135786
0.0,-17.1577541467,14.6162646111
0.0,-17.1578028641,14.61632285
0.0,-17.157861411,14.6163643285
0.0,-17.1579177985,14.6164103467
0.0,-17.1579622082,14.6164701823
0.0,-17.1579928552,14.6165202953
0.0,-17.158036235,14.6166023625
0.0,-17.1580848475,14.6166588719
0.0,-17.1581173866,14.6166996704
0.0,-17.1581523969,14.6167697331
0.0,-17.1581767499,14.6168371684
0.0,-17.158216473,14.6168851498
0.0,-17.1582665955,14.616937485
0.0,-17.1583036006,14.6169919261
0.0,-17.1583457246,14.6170787938
0.0,-17.1584065026,14.6171427815
0.0,-17.1584445619,14.617185064
0.0,-17.1584764844,14.6172378632
0.0,-17.1584951028,14.6172901875
0.0,-17.1585073977,14.6173549224
0.0,-17.1585111093,14.6174207335
0.0,-17.1585258662,14.6174861432
0.0,-17.1585596503,14.6175515763
0.0,-17.1586070163,14.6176039334
0.0,-17.1586614931,14.6176512431
0.0,-17.1587080778,14.6177073935
0.0,-17.1587607773,14.617782214
0.0,-17.1588128233,14.6178319371
0.0,-17.1588315644,14.6178863529
0.0,-17.1588537334,14.6179355558
0.0,-17.158862541,14.6179889676
0.0,-17.1588699237,14.6180429898
0.0,-17.1588973119,14.61809868
0.0,-17.1589504297,14.618157598
0.0,-17.1590071104,14.6182210253
0.0,-17.1590565664,14.618277945
0.0,-17.15910441,14.6183372705
0.0,-17.1591549923,14.6183868372
0.0,-17.1592045966,14.6184558798
0.0,-17.1592490103,14.6184903043
0.0,-17.1592900777,14.6185247183
0.0,-17.1593157161,14.6185835519
0.0,-17.1593456886,14.6186565905
0.0,-17.1593854516,14.6187265501
0.0,-17.1594098807,14.6187767286
0.0,-17.1594341651,14.6188330845
0.0,-17.159452609,14.6188883994
0.0,-17.1594811332,14.6189493974
0.0,-17.1595122416,14.6189921426
0.0,-17.1595521881,14.6190389903
0.0,-17.1596020884,14.619096418
0.0,-17.159667437,14.6191704091
0.0,-17.1597118392,14.6192230924
0.0,-17.1597486396,14.6192724586
0.0,-17.159796693,14.6193532991
0.0,-17.1598413349,14.6194409446
0.0,-17.1598510821,14.6195141136
0.0,-17.1598780261,14.619573291
0.0,-17.1599175104,14.6196356819
0.0,-17.1599640045,14.61970945
0.0,-17.1600101775,14.61978026
0.0,-17.1600594631,14.6198363849
0.0,-17.1601134229,14.6198960266
0.0,-17.1601552612,14.6199429913
0.0,-17.1602030289,14.6200109953
0.0,-17.1602681582,14.6200839544
0.0,-17.1603220885,14.6201516617
0.0,-17.1603675665,14.6201992143
0.0,-17.1604148735,14.6202563451
0.0,-17.1604567321,14.6203120273
0.0,-17.1605010742,14.6203856498
0.0,-17.1605242491,14.6204540498
0.0,-17.1605399658,14.6205045881
0.0,-17.1605563407,14.6205554384
0.0,-17.160615906,14.6206149096
0.0,-17.1606760487,14.6206805596
0.0,-17.1607355947,14.6207324453
0.0,-17.1607866557,14.6208042995
0.0,-17.1608309818,14.6208628918
0.0,-17.1608851339,14.6209249675
0.0,-17.1609328301,14.6209887531
0.0,-17.1609819627,14.6210468228
0.0,-17.1610125877,14.62109141
0.0,-17.1610416416,14.6211387433
0.0,-17.1610625442,14.6211923409
0.0,-17.1610936809,14.6212630569
0.0,-17.1611278904,14.6213215524
0.0,-17.1611617333,14.6213676187
0.0,-17.1612054896,14.6214231566
0.0,-17.1612438942,14.6214671087
0.0,-17.1612913043,14.6215112962
0.0,-17.1613422865,14.6215525816
0.0,-17.1613872426,14.6215802165
0.0,-17.1614469656,14.6216114588
0.0,-17.161501831,14.6216647421
0.0,-17.1615286028,14.6217242624
0.0,-17.1615614114,14.6217901811
0.0,-17.1616110594,14.6218596373
0.0,-17.1616581006,14.6219173169
0.0,-17.1617045712,14.6220117046
0.0,-17.1617437099,14.6220680641
0.0,-17.1617917751,14.6221222707
0.0,-17.1618490235,14.6221866243
0.0,-17.1619162481,14.622230054
0.0,-17.1619820792,14.6222664992
0.0,-17.1620387297,14.6223349867
0.0,-17.1620738185,14.6223938714
0.0,-17.1621221915,14.6224454727
0.0,-17.1621716738,14.6225221436
0.0,-17.1622109261,14.6226025067
0.0,-17.1622441627,14.6226535192
0.0,-17.1622930365,14.6226967369
0.0,-17.1623426756,14.622737843
0.0,-17.1624061633,14.6227823915
0.0,-17.162479298,14.6228342128
0.0,-17.1625587277,14.6228836174
0.0,-17.1626241556,14.6229188571
0.0,-17.1626715775,14.6229777374
0.0,-17.1627081426,14.6230310944
0.0,-17.162755621,14.6230654147
0.0,-17.1628133961,14.6231083426
0.0,-17.1628584927,14.6231652538
0.0,-17.1628980682,14.6232522343
0.0,-17.1629377945,14.6233295947
0.0,-17.1629979366,14.6234107693
0.0,-17.1630488444,14.623472992
0.0,-17.1630922051,14.6235298243
0.0,-17.1631495086,14.6236063537
0.0,-17.1631937548,14.623678462
0.0,-17.1632064444,14.6237306031
0.0,-17.1632302113,14.6238051171
0.0,-17.1632563925,14.6238567534
0.0,-17.1633029984,14.6239165094
0.0,-17.1633454153,14.6239714339
0.0,-17.1633676794,14.6240407699
0.0,-17.163389411,14.6241034983
0.0,-17.1634198869,14.6241753052
0.0,-17.1634490361,14.6242357708
0.0,-17.1634897203,14.6242845101
0.0,-17.1635338005,14.6243386023
0.0,-17.1635756188,14.6244120613
0.0,-17.1635980975,14.6245010275
0.0,-17.1636242606,14.6245702115
0.0,-17.1636619541,14.6246283388
0.0,-17.1637059808,14.6247029998
0.0,-17.1637339301,14.6247622214
0.0,-17.1637543741,14.6248139823
0.0,-17.1637934441,14.6248622711
0.0,-17.1638262556,14.6249185118
0.0,-17.1638495666,14.6249680323
0.0,-17.1638813322,14.625034299
0.0,-17.1639211997,14.6251224023
0.0,-17.1639470405,14.6251871807
0.0,-17.1639685294,14.6252370433
0.0,-17.1640044318,14.6253011002
0.0,-17.1640426739,14.6253533418
0.0,-17.1640832856,14.6254052414
0.0,-17.1641378696,14.6254630689
0.0,-17.1641816518,14.6255044204
0.0,-17.1642214545,14.6255524575
0.0,-17.1642611407,14.6256149304
0.0,-17.1642990663,14.6257000075
0.0,-17.164334505,14.6257685315
0.0,-17.1643793669,14.6258316855
0.0,-17.1644270126,14.6259045814
0.0,-17.1644743653,14.6259929177
0.0,-17.1645174083,14.6260590036
0.0,-17.1645589526,14.626105772
0.0,-17.1646234892,14.626164686
0.0,-17.1646997106,14.6262560177
0.0,-17.164736078,14.6263131351
0.0,-17.1647642538,14.6263696537
0.0,-17.1647856395,14.6264222008
0.0,-17.1648091555,14.6264886244
0.0,-17.1648329515,14.6265678952
0.0,-17.1648773538,14.6266359173
0.0,-17.1649045271,14.6266840771
0.0,-17.1649354106,14.6267348923
0.0,-17.1649626455,14.6267893268
0.0,-17.1649935281,14.626840142
0.0,-17.1650321884,14.626885954
0.0,-17.1650681282,14.6269359749
0.0,-17.1651037706,14.6269818647
0.0,-17.1651334924,14.627028995
0.0,-17.1651765601,14.6271017209
0.0,-17.1652204145,14.6271607827
0.0,-17.165287088,14.6272422363
0.0,-17.1653192883,14.6272907568
0.0,-17.165366813,14.6273485889
0.0,-17.1654148824,14.6274149341
0.0,-17.1654539789,14.6274738901
0.0,-17.1654791801,14.6275306159
0.0,-17.1655089051,14.6276135371
0.0,-17.1655375483,14.6276706484
0.0,-17.1655823673,14.6277341838
0.0,-17.1656362994,14.6277880718
0.0,-17.1656836484,14.6278279748
0.0,-17.1657520989,14.6278881829
0.0,-17.1658036349,14.6279418835
0.0,-17.1658516423,14.6280060371
0.0,-17.1659141948,14.6281079047
0.0,-17.1659562247,14.6281666326
0.0,-17.1659983089,14.6282105557
0.0,-17.1660640841,14.6282671725
0.0,-17.1661325968,14.6283369127
0.0,-17.166194409,14.6284096393
0.0,-17.1662442683,14.6284595513
0.0,-17.166279538,14.6285015525
0.0,-17.1663338642,14.6285607687
0.0,-17.1663877798,14.6286290182
0.0,-17.1664452415,14.6286967214
0.0,-17.1664937103,14.628746105
0.0,-17.1665304467,14.6287834174
0.0,-17.166586975,14.6288469629
0.0,-17.1666365163,14.6289059596
0.0,-17.1667000772,14.6289958107
0.0,-17.1667400568,14.6290633503
0.0,-17.166785813,14.6291065704
0.0,-17.1668322612,14.6291323684
0.0,-17.1668915265,14.6291890237
0.0,-17.1669175636,14.6292463298
0.0,-17.1669758745,14.6293085231
0.0,-17.1670513468,14.6293680374
0.0,-17.1671019162,14.6294076109
0.0,-17.1671654947,14.6294592274
0.0,-17.1672092883,14.6295213524
0.0,-17.1672504997,14.6295831427
0.0,-17.1672825974,14.6296262358
0.0,-17.1673349089,14.6296730986
0.0,-17.1673881865,14.6297101466
0.0,-17.1674321355,14.6297645435
0.0,-17.1674857745,14.6297868851
0.0,-17.1675273169,14.6298307568
0.0,-17.167568208,14.6298692656
0.0,-17.1676095265,14.6299095241
0.0,-17.1676515154,14.6299451935
0.0,-17.1676983004,14.6299900321
0.0,-17.1677333097,14.6300390156
0.0,-17.1677586493,14.6300930191
0.0,-17.1677882063,14.6301441452
0.0,-17.1678417425,14.6301910561
0.0,-17.1679097202,14.6302336976
0.0,-17.1679754684,14.6303202425
0.0,-17.1680161268,14.630381904
0.0,-17.168068577,14.6304409744
0.0,-17.1681425301,14.6305207337
0.0,-17.1681990535,14.6305774512
0.0,-17.1682467016,14.6306272874
0.0,-17.1682932118,14.6306700158
0.0,-17.168328277,14.6307112496
0.0,-17.168375282,14.6307628745
0.0,-17.1684377077,14.6308242175
0.0,-17.1684941583,14.6308899516
0.0,-17.1685577941,14.6309333336
0.0,-17.1686221159,14.6310209523
0.0,-17.1686645966,14.6310639485
0.0,-17.1687134419,14.6311153728
0.0,-17.1687707232,14.6311618274
0.0,-17.1688082006,14.6312060946
0.0,-17.1688487154,14.6312645296
0.0,-17.1688747385,14.6313193841
0.0,-17.1689293819,14.6313673866
0.0,-17.1689818447,14.6314366636
0.0,-17.1690340511,14.63148286
0.0,-17.1690781513,14.6315288653
0.0,-17.1691106301,14.6315715751
0.0,-17.1691544243,14.6316346962
0.0,-17.1692144578,14.6317054603
0.0,-17.1692523663,14.6317713903
0.0,-17.1692831666,14.6318216679
0.0,-17.1693218486,14.6318583634
0.0,-17.1693715723,14.6318898761
0.0,-17.169445459,14.6319439954
0.0,-17.1694943831,14.6320056644
0.0,-17.1695232306,14.6320499657
0.0,-17.1695544611,14.6320984971
0.0,-17.1695888311,14.6321666711
0.0,-17.1696271168,14.6322210028
0.0,-17.1696652721,14.6322620665
0.0,-17.16970854,14.6323147633
0.0,-17.1697497878,14.6323671878
0.0,-17.1698055537,14.632420012
0.0,-17.1698770476,14.6324961475
0.0,-17.169928941,14.632557853
0.0,-17.1699714529,14.632592541
0.0,-17.1700144379,14.6326253118
0.0,-17.1700783468,14.6326780917
0.0,-17.1701929289,14.6327694429
0.0,-17.1702781538,14.6328189401
0.0,-17.1703266195,14.6328875536
0.0,-17.1703615486,14.6329376126
0.0,-17.1704140867,14.6329900186
0.0,-17.1705136196,14.6330303301
0.0,-17.1705979319,14.6330677963
0.0,-17.1706621248,14.6331036565
0.0,-17.1707115682,14.6331378605
0.0,-17.1707604227,14.6331744618
0.0,-17.1708019575,14.6332089392
0.0,-17.17084186,14.6332438972
0.0,-17.1708783358,14.6332958871
0.0,-17.170930544,14.6333454868
0.0,-17.1709997647,14.6333973574
0.0,-17.1710468366,14.6334358475
0.0,-17.1710898878,14.6334739955
0.0,-17.1711559612,14.6335297818
0.0,-17.1712123753,14.6335653159
0.0,-17.1712728795,14.633600612
0.0,-17.1713312985,14.6336319437
0.0,-17.1713873611,14.6336784387
0.0,-17.1714772736,14.6337414797
0.0,-17.1715637452,14.6337986017
0.0,-17.1716320266,14.6338485283
0.0,-17.1716907264,14.6339063141
0.0,-17.1717232601,14.6339562163
0.0,-17.171786226,14.6340007872
0.0,-17.1718763083,14.634020235
0.0,-17.1719367318,14.6340521116
0.0,-17.1719875493,14.6340792645
0.0,-17.172035561,14.6341075053
0.0,-17.1720988387,14.6341543303
0.0,-17.1721539213,14.6341948579
0.0,-17.1722069947,14.634235669
0.0,-17.1722450751,14.6342843113
0.0,-17.1722955087,14.6343192231
0.0,-17.1723374967,14.6343540692
0.0,-17.172384889,14.6343819822
0.0,-17.1724350007,14.6344028526
0.0,-17.1724901469,14.6344301294
0.0,-17.1725348773,14.6344572459
0.0,-17.1725789882,14.6344942091
0.0,-17.1726471239,14.6345546634
0.0,-17.1727130687,14.6346030599
0.0,-17.1727821099,14.6346499981
0.0,-17.1728494319,14.6347167724
0.0,-17.1728918076,14.6347687339
0.0,-17.1729375773,14.6348099645
0.0,-17.1730174219,14.6348497619
0.0,-17.1730863258,14.6348633239
0.0,-17.1731452801,14.6348654635
0.0,-17.173203317,14.6348628318
0.0,-17.1732835083,14.6348608353
0.0,-17.1733787683,14.634897037
0.0,-17.173421224,14.634980661
0.0,-17.1734244417,14.6350580506
0.0,-17.1734306728,14.635114533
0.0,-17.1734464848,14.6351908888
0.0,-17.1734708742,14.6352617458
0.0,-17.1734916047,14.6353383737
0.0,-17.1735102141,14.6354150449
0.0,-17.1735227212,14.6354882691
0.0,-17.173527388,14.635564184
0.0,-17.1735402722,14.6356487391
0.0,-17.173556818,14.6357341953
0.0,-17.1735590969,14.6358154736
0.0,-17.1735515696,14.6358708782
0.0,-17.1735548054,14.6359256827
0.0,-17.1735871839,14.6359876397
0.0,-17.1736276397,14.6360725518
0.0,-17.1736718395,14.636154766
0.0,-17.1737155768,14.6362269449
0.0,-17.1737474333,14.6362947783
0.0,-17.1737759189,14.6363493876
0.0,-17.1737926917,14.6364034204
0.0,-17.1738162142,14.636478384
0.0,-17.1738649995,14.6365527656
0.0,-17.1739007847,14.6366194897
0.0,-17.1739332795,14.636676465
0.0,-17.1739849475,14.6367614132
0.0,-17.1740131033,14.63681023
0.0,-17.1740571918,14.6368677287
0.0,-17.1740984674,14.6369289953
0.0,-17.1741233491,14.6369967419
0.0,-17.1741584708,14.6370627935
0.0,-17.1742250726,14.6371201198
0.0,-17.1742996506,14.6371886183
0.0,-17.1743712137,14.6372518654
0.0,-17.174446324,14.6373351976
0.0,-17.1744998648,14.6374001545
0.0,-17.1745544758,14.6374359203
0.0,-17.1746180285,14.6374729281
0.0,-17.1746773111,14.6375010547
0.0,-17.1747064173,14.6375485379
0.0,-17.1747365501,14.6376205128
0.0,-17.1747777708,14.6376898334
0.0,-17.1748263942,14.6377284273
0.0,-17.1748790545,14.6377833996
0.0,-17.1749244606,14.6378449789
0.0,-17.1749715438,14.6379116541
0.0,-17.1750266463,14.6379822039
0.0,-17.1750770338,14.6380509047
0.0,-17.1751147392,14.638111731
0.0,-17.175128795,14.6381776079
0.0,-17.1751288604,14.6382455266
0.0,-17.1751184093,14.6383124069
0.0,-17.1751316527,14.6383752319
0.0,-17.1751414138,14.6384270983
0.0,-17.1751727431,14.6385002963
0.0,-17.1752055823,14.6385557023
0.0,-17.1752325918,14.6386045449
0.0,-17.1752775963,14.6386646098
0.0,-17.1753348715,14.6387275229
0.0,-17.1753721682,14.6387800174
0.0,-17.1754020388,14.6388247012
0.0,-17.1754452223,14.638859051
0.0,-17.1754725254,14.6389205247
0.0,-17.1754861424,14.6389745308
0.0,-17.1755040517,14.6390274225
0.0,-17.1755504725,14.6390925685
0.0,-17.1756079426,14.6391373955
0.0,-17.1756492026,14.6391756197
0.0,-17.1756805057,14.6392338997
0.0,-17.1756965436,14.6393076237
0.0,-17.1757231625,14.6393585255
0.0,-17.1757812971,14.6394006075
0.0,-17.1758432314,14.6394502475
0.0,-17.1758971961,14.6395260863
0.0,-17.1759956401,14.6396202712
0.0,-17.1760732863,14.6396826122
0.0,-17.1761162079,14.6397170158
0.0,-17.1761536041,14.6397534924
0.0,-17.1761914416,14.6398214482
0.0,-17.1762604242,14.6398943689
0.0,-17.1763153231,14.6399495484
0.0,-17.1763646624,14.6399787877
0.0,-17.1765779634,14.6401746484
0.0,-17.176636149,14.6402145294
0.0,-17.1766939821,14.6402859277
0.0,-17.1767558174,14.6403490028
0.0,-17.1768201719,14.6404091068
0.0,-17.1768769299,14.6404676654
0.0,-17.1769515626,14.6405124452
0.0,-17.177008518,14.6405541366
0.0,-17.1770572107,14.6405955077
0.0,-17.1771257854,14.6406432302
0.0,-17.1771936398,14.6406961052
0.0,-17.1772408007,14.6407535924
0.0,-17.1772744678,14.6408247088
0.0,-17.1772802636,14.640884804
0.0,-17.1773157252,14.6409318224
0.0,-17.1773509757,14.6409770889
0.0,-17.1773916234,14.6410205402
0.0,-17.1774242988,14.6410705321
0.0,-17.1774515966,14.6411217011
0.0,-17.1774874584,14.6411622407
0.0,-17.1775380893,14.6412037263
0.0,-17.1775787282,14.6412611298
0.0,-17.1776223508,14.6413111051
0.0,-17.1776723722,14.641377528
0.0,-17.1777048363,14.6414387252
0.0,-17.1777439837,14.6414788111
0.0,-17.1777885756,14.6415472509
0.0,-17.1778423413,14.6416095708
0.0,-17.1778835329,14.6416625063
0.0,-17.1779331478,14.6417332221
0.0,-17.1779555319,14.6417850623
0.0,-17.1779765768,14.6418539004
0.0,-17.1780188734,14.6418990882
0.0,-17.178069639,14.6419330429
0.0,-17.17812321,14.6419590877
0.0,-17.1781795599,14.6419878027
0.0,-17.1782324051,14.6420138361
0.0,-17.1782781462,14.6420405523
0.0,-17.17833828,14.6420794359
0.0,-17.1783864906,14.6421178836
0.0,-17.1784314632,14.6421548182
0.0,-17.1784756327,14.6422253653
0.0,-17.1785036601,14.6422793284
0.0,-17.1785298137,14.6423338385
0.0,-17.1785435738,14.6424011084
0.0,-17.1785618458,14.6424693715
0.0,-17.1785954478,14.6425470736
0.0,-17.1786092993,14.6426000977
0.0,-17.1786341834,14.6426665415
0.0,-17.1786437541,14.6427446826
0.0,-17.178665514,14.6428345791
0.0,-17.1787003191,14.642919437
0.0,-17.1787463224,14.6429935278
0.0,-17.1787845464,14.6430355359
0.0,-17.1788355013,14.6430923726
0.0,-17.1789052255,14.6431356146
0.0,-17.1789789017,14.6431626382
0.0,-17.1790449815,14.6431850271
0.0,-17.1791004976,14.6431997551
0.0,-17.1791526645,14.6432150583
0.0,-17.1792043942,14.6432427546
0.0,-17.1792600094,14.643284409
0.0,-17.1793358095,14.6433443534
0.0,-17.179409835,14.643396381
0.0,-17.179464564,14.6434558785
0.0,-17.179512723,14.6435128234
0.0,-17.1795709769,14.6435513918
0.0,-17.1796345817,14.6436196078
0.0,-17.1796931538,14.6436881122
0.0,-17.1797434996,14.6437455444
0.0,-17.1797797588,14.6437923994
0.0,-17.1798154603,14.6438394412
0.0,-17.1798663227,14.6438926028
0.0,-17.1799110722,14.6439496338
0.0,-17.1799649459,14.6440074503
0.0,-17.1800280645,14.6440632565
0.0,-17.1800599321,14.6441279413
0.0,-17.1800878152,14.6441761452
0.0,-17.1801295714,14.6442133282
0.0,-17.1802016838,14.6442660186
0.0,-17.1802660359,14.6443258602
0.0,-17.1803245754,14.6443634308
0.0,-17.1804004307,14.6443986606
0.0,-17.1804634736,14.6444391833
0.0,-17.180520876,14.6444748579
0.0,-17.1806043833,14.6445298006
0.0,-17.1806996816,14.6445704755
0.0,-17.1807616378,14.6446141844
0.0,-17.1807962056,14.6446597394
0.0,-17.1808285806,14.6447040871
0.0,-17.1809124292,14.6447614335
0.0,-17.1809711361,14.6448102744
0.0,-17.1810401561,14.6448600107
0.0,-17.1811048726,14.6448949118
0.0,-17.1811637214,14.6449306116
0.0,-17.1812452809,14.6449752263
0.0,-17.181312918,14.645008899
0.0,-17.1813746823,14.6450595436
0.0,-17.1814271079,14.6451010376
0.0,-17.1814804788,14.6451362049
0.0,-17.1815458418,14.6451850374
0.0,-17.1815916966,14.6452245463
0.0,-17.1816391309,14.6452629137
0.0,-17.1816747543,14.6453161725
0.0,-17.1817180405,14.6453621724
0.0,-17.181797961,14.6454232617
0.0,-17.1818675302,14.6454763232
0.0,-17.1819022601,14.645520766
0.0,-17.1819501249,14.645570845
0.0,-17.182032777,14.6456146964
0.0,-17.1820937393,14.6456483222
0.0,-17.1821414297,14.6457048715
0.0,-17.182191249,14.6457670273
0.0,-17.182246299,14.6458271381
0.0,-17.1823173773,14.6458694905
0.0,-17.1823920252,14.6459144777
0.0,-17.1824469824,14.6459574178
0.0,-17.182487164,14.6459992432
0.0,-17.1825373749,14.6460316631
0.0,-17.1826073258,14.6460696121
0.0,-17.1826758023,14.646121189
0.0,-17.1827471594,14.6462066798
0.0,-17.1828197899,14.6462677142
0.0,-17.1829026666,14.6463403972
0.0,-17.1829576874,14.6463912437
0.0,-17.1830057086,14.6464237021
0.0,-17.1830522651,14.6464606289
0.0,-17.1830913254,14.6465146006
0.0,-17.1831314928,14.6465606927
0.0,-17.1831711001,14.6466047651
0.0,-17.1832222887,14.6466360778
0.0,-17.1832679468,14.646669152
0.0,-17.1833138857,14.6466945016
0.0,-17.1833627476,14.6467148442
0.0,-17.1834158921,14.6467356101
0.0,-17.1834714012,14.646764795
0.0,-17.1835223043,14.6468187178
0.0,-17.1835697135,14.6469007871
0.0,-17.1836230324,14.6469613701
0.0,-17.183690872,14.6469874627
0.0,-17.1837524149,14.6470151858
0.0,-17.1838042841,14.6470592587
0.0,-17.1838118768,14.6471202762
0.0,-17.1838232846,14.6471914918
0.0,-17.1838513935,14.6472544094
0.0,-17.1839205052,14.647314478
0.0,-17.1839733752,14.6473787218
0.0,-17.1840169365,14.6474263594
0.0,-17.1840726221,14.6474759606
0.0,-17.1841588958,14.6475235703
0.0,-17.1842277949,14.6475760354
0.0,-17.1842514346,14.6476459063
0.0,-17.1842863733,14.6476852135
0.0,-17.1843325227,14.6477118214
0.0,-17.184367465,14.6477525137
0.0,-17.1843892846,14.6478018508
0.0,-17.184401843,14.6478556889
0.0,-17.1844306719,14.6479145317
0.0,-17.1844562488,14.6479802063
0.0,-17.1844949567,14.6480332088
0.0,-17.1845354212,14.6480796185
0.0,-17.184561782,14.6481354286
0.0,-17.1845800285,14.6481988065
0.0,-17.1845928877,14.648282896
0.0,-17.1846130594,14.6483671898
0.0,-17.1846360507,14.6484296755
0.0,-17.1846631545,14.6485095001
0.0,-17.184701306,14.6485900622
0.0,-17.1847402516,14.6486533622
0.0,-17.1847627126,14.6487032498
0.0,-17.1847907873,14.6487621973
0.0,-17.1848266199,14.6488185301
0.0,-17.1848631902,14.648879345
0.0,-17.1849076021,14.6489484216
0.0,-17.184944981,14.6490075753
0.0,-17.1849820648,14.6490622265
0.0,-17.1850361182,14.6491616087
0.0,-17.1850749071,14.6492310724
0.0,-17.1851236843,14.6492910226
0.0,-17.1851862963,14.649408919
0.0,-17.1852167317,14.6494867162
0.0,-17.1852550491,14.6495375436
0.0,-17.185292811,14.6495925209
0.0,-17.1853142834,14.6496425524
0.0,-17.1853413861,14.6496957206
0.0,-17.185391758,14.649766728
0.0,-17.1854489383,14.6498394054
0.0,-17.185487845,14.6499055572
0.0,-17.1855295323,14.6499543072
0.0,-17.1855785516,14.6499905253
0.0,-17.1856228737,14.6500292561
0.0,-17.1856271893,14.6500897215
0.0,-17.1856541414,14.650141926
0.0,-17.1856996838,14.6501806335
0.0,-17.1857319105,14.650228745
0.0,-17.1857833917,14.6502870142
0.0,-17.1858077623,14.6503403688
0.0,-17.1858144341,14.6503939865
0.0,-17.1858498292,14.6504675434
0.0,-17.1859071478,14.6505309225
0.0,-17.1859463445,14.6505868006
0.0,-17.1859893685,14.6506205793
0.0,-17.1860385162,14.650653151
0.0,-17.1860696114,14.650702538
0.0,-17.1860972637,14.6507460625
0.0,-17.1861575571,14.6508198471
0.0,-17.1862157763,14.6508669588
0.0,-17.1862689676,14.6509126213
0.0,-17.1863243491,14.6509576254
0.0,-17.1863702574,14.6509935174
0.0,-17.186413409,14.6510409866
0.0,-17.1864669598,14.6510674882
0.0,-17.1865200226,14.6510896175
0.0,-17.1865630898,14.6511189292
0.0,-17.186622669,14.6511611134
0.0,-17.1866810922,14.6512149284
0.0,-17.1867272016,14.6512508708
0.0,-17.1867845874,14.6513067674
0.0,-17.1868328569,14.6513762401
0.0,-17.1868756855,14.651427528
0.0,-17.1869229593,14.6514588449
0.0,-17.1869633576,14.6514936962
0.0,-17.1870246045,14.6515411812
0.0,-17.1870712279,14.6515800065
0.0,-17.1871256357,14.6516188779
0.0,-17.1871985686,14.6516627489
0.0,-17.1872670625,14.6516983885
0.0,-17.1873148037,14.6517219067
0.0,-17.187391101,14.6517660631
0.0,-17.1874620089,14.6518218161
0.0,-17.1875311051,14.6518740928
0.0,-17.1876130026,14.6519423779
0.0,-17.187677468,14.6519718685
0.0,-17.1877465533,14.6519933027
0.0,-17.1878169773,14.6520435817
0.0,-17.1878817978,14.6520958435
0.0,-17.1879657573,14.6521373524
0.0,-17.1880391032,14.6521898872
0.0,-17.1881016341,14.6522417629
0.0,-17.188160973,14.6523184833
0.0,-17.1881861728,14.6523709615
0.0,-17.1882208487,14.6524157957
0.0,-17.1882564253,14.6524762884
0.0,-17.1882728359,14.6525483736
0.0,-17.1882988636,14.6526137532
0.0,-17.1883284988,14.6526752976
0.0,-17.1883491644,14.6527421987
0.0,-17.1883763763,14.65281187
0.0,-17.1884134415,14.6528844981
0.0,-17.1884576431,14.6529422865
0.0,-17.1884693431,14.653009347
0.0,-17.1884772661,14.6530889782
0.0,-17.1884827251,14.6531615975
0.0,-17.1885110035,14.6532199514
0.0,-17.1885413028,14.6532718998
0.0,-17.1885941173,14.6533366126
0.0,-17.1886436568,14.6534155593
0.0,-17.1886907714,14.6535123753
0.0,-17.1887265852,14.6535889592
0.0,-17.1887491358,14.6536515505
0.0,-17.1887593449,14.6537103375
0.0,-17.1887819415,14.6537565285
0.0,-17.1887917441,14.6538200739
0.0,-17.1888033668,14.6538777505
0.0,-17.1888399024,14.653921874
0.0,-17.188874834,14.653963451
0.0,-17.1889189517,14.6540187426
0.0,-17.1889693679,14.6540956543
0.0,-17.1890232236,14.6541628518
0.0,-17.1890873263,14.6542340461
0.0,-17.1891420057,14.6542860495
0.0,-17.1891824776,14.6543317623
0.0,-17.1892284943,14.6543909773
0.0,-17.1892703741,14.6544408929
0.0,-17.1893254555,14.6544956131
0.0,-17.1893856128,14.6545631352
0.0,-17.1894450213,14.6546293714
0.0,-17.1895018128,14.6546886159
0.0,-17.1895549176,14.6547321341
0.0,-17.1896200589,14.6547719139
0.0,-17.1896588555,14.6548151747
0.0,-17.1896933333,14.654884471
0.0,-17.1897420411,14.65494688
0.0,-17.189774464,14.6550199797
0.0,-17.1898324624,14.6550695319
0.0,-17.189903497,14.6551134821
0.0,-17.189965573,14.6551672806
0.0,-17.1900143808,14.6552296569
0.0,-17.1900726167,14.6553094411
0.0,-17.1901071693,14.6553794152
0.0,-17.1901330991,14.6554585631
0.0,-17.1901827901,14.6555512314
0.0,-17.1902184474,14.6556212321
0.0,-17.190272905,14.6556617791
0.0,-17.1903344963,14.6557079559
0.0,-17.1903802808,14.6557540132
0.0,-17.1904289444,14.6558299615
0.0,-17.1904897892,14.6558775033
0.0,-17.1905337272,14.6559421816
0.0,-17.1905936933,14.6559967416
0.0,-17.1906366438,14.656052997
0.0,-17.1906655126,14.6561015593
0.0,-17.1907072903,14.6561607498
0.0,-17.1907330886,14.6562115954
0.0,-17.1907664661,14.6562693886
0.0,-17.190810792,14.6563351573
0.0,-17.190875456,14.6563785771
0.0,-17.190927783,14.6564148348
0.0,-17.190989561,14.6564642661
0.0,-17.1910346818,14.6565000126
0.0,-17.1910724628,14.6565359113
0.0,-17.1911133164,14.6565866168
0.0,-17.1911634022,14.6566449147
0.0,-17.1912210322,14.6567138036
0.0,-17.191266746,14.656774173
0.0,-17.1913166028,14.6568379938
0.0,-17.1913614081,14.6568956619
0.0,-17.1913942119,14.6569464179
0.0,-17.1914299666,14.6569934758
0.0,-17.1914775524,14.657033021
0.0,-17.1915350722,14.6570811125
0.0,-17.1915786943,14.6571388794
0.0,-17.1916271443,14.6572019553
0.0,-17.1916664818,14.6572498766
0.0,-17.1917044747,14.6572861554
0.0,-17.1917672224,14.6573460668
0.0,-17.1918245562,14.6574219935
0.0,-17.1918805766,14.6575066745
0.0,-17.1919244553,14.6575594304
0.0,-17.1919661301,14.6576016868
0.0,-17.1920150732,14.6576636429
0.0,-17.1920743223,14.6577273018
0.0,-17.1921405538,14.6577685043
0.0,-17.1921744983,14.6578123254
0.0,-17.19220741,14.657855501
0.0,-17.1922446598,14.6579040184
0.0,-17.1922863993,14.6579527536
0.0,-17.1923281773,14.6580053611
0.0,-17.1923705842,14.6580594211
0.0,-17.1924211429,14.6581134041
0.0,-17.1924640705,14.6581581361
0.0,-17.1925014436,14.6582101626
0.0,-17.1925474237,14.6582726055
0.0,-17.1925986172,14.6583274192
0.0,-17.1926716254,14.6583720942
0.0,-17.1927282647,14.6584242488
0.0,-17.1927679389,14.6584637057
0.0,-17.1928114315,14.658497303
0.0,-17.1928481928,14.6585379322
0.0,-17.1928834036,14.6585926643
0.0,-17.192884249,14.6586584877
0.0,-17.192926935,14.658709789
0.0,-17.1930042843,14.6587649151
0.0,-17.1930712832,14.6588163999
0.0,-17.1931074138,14.6588540712
0.0,-17.1930092179,14.6589127655
0.0,-17.1935390473,14.6594217365
0.0,-17.1942746632,14.6600531086
0.0,-17.1947036044,14.6605152434
0.0,-17.1950062206,14.660868121
0.0,-17.1954841968,14.6612728932
0.0,-17.1960541422,14.6617886784
0.0,-17.1965917641,14.6622641267
0.0,-17.1966889333,14.6624042586
0.0,-17.1966185124,14.6624838173
0.0,-17.1974105032,14.6631026907
0.0,-17.1976793164,14.663340413
0.0,-17.19763941,14.6634017531
0.0,-17.1983338201,14.6639617772
0.0,-17.1987610383,14.6643235109
0.0,-17.1992446881,14.6648030475
0.0,-17.1994037456,14.6648696762
0.0,-17.1995284733,14.6648182916
0.0,-17.2000341887,14.6652940311
0.0,-17.2002989211,14.6656142665
0.0,-17.2011947109,14.6664198103
0.0,-17.2018078219,14.6669519036
0.0,-17.2018718344,14.6670911522
0.0,-17.2023213793,14.6674741817
0.0,-17.2031053954,14.6681516773
0.0,-17.2038935169,14.6685028039
0.0,-17.204846484,14.6694978454
0.0,-17.2058232745,14.6702118551
0.0,-17.2071323423,14.6711687348
0.0,-17.2084673436,14.6720549373
0.0,-17.2099882084,14.6728628614
0.0,-17.2106289534,14.673086267
0.0,-17.2112644892,14.6737687293
0.0,-17.2123454884,14.674791201
0.0,-17.214326675,14.6764362191
0.0,-17.2162647668,14.6778893484
0.0,-17.2162744799,14.6778164319
0.0,-17.2164543165,14.6779598269
0.0,-17.2166363553,14.6781122859
0.0,-17.2169149937,14.6783463006
0.0,-17.2171776333,14.6784549585
0.0,-17.2175600579,14.6787525283
0.0,-17.2177268233,14.6788513436
0.0,-17.2178642293,14.678961196
0.0,-17.2181978674,14.6791695818
0.0,-17.2184688521,14.6793749795
0.0,-17.2187887704,14.6796839027
0.0,-17.2190593593,14.6798498569
0.0,-17.2193264449,14.6800337753
0.0,-17.2195267598,14.6801717129
0.0,-17.2196976078,14.680309933
0.0,-17.2200160092,14.6804682572
0.0,-17.220178478,14.6805061488
0.0,-17.2204083335,14.6806509754
0.0,-17.2206868331,14.680870642
0.0,-17.2209432341,14.6810905197
0.0,-17.2212509133,14.6812812185
0.0,-17.2215329532,14.6814865061
0.0,-17.2218037987,14.6816775565
0.0,-17.2221419973,14.6819719551
0.0,-17.2227028703,14.6824291758
0.0,-17.2232186734,14.6828007624
0.0,-17.2237274391,14.6831749468
0.0,-17.2241687426,14.6834647676
0.0,-17.2248733139,14.6839241909
0.0,-17.2254546646,14.6842198386
0.0,-17.2263282809,14.6846381894
0.0,-17.2268730541,14.6849592854
0.0,-17.2273840608,14.6852197426
0.0,-17.2278913849,14.6854802338
0.0,-17.2283365269,14.6857843523
0.0,-17.2292349268,14.6863971525
0.0,-17.2302301578,14.6870759923
0.0,-17.2309169584,14.6874923626
0.0,-17.2314033749,14.6877863262
0.0,-17.232226538,14.6883127153
0.0,-17.2333136381,14.6890732323
0.0,-17.2525080544,14.7030392081
0.0,-17.2539881622,14.7038584623
0.0,-17.2537458464,14.7039397078
0.0,-17.2532211254,14.7048628006
0.0,-17.2531137874,14.7050482136
0.0,-17.2528265514,14.7055443727
0.0,-17.2532667202,14.7057158029
0.0,-17.2541342082,14.7061130742
0.0,-17.2538511232,14.7065709945
0.0,-17.253433255,14.7073218007
0.0,-17.2536084814,14.707426541
0.0,-17.2545685085,14.7079945329
0.0,-17.2547812647,14.7081216815
0.0,-17.2539905823,14.7101947265
0.0,-17.2531172801,14.7098869207
0.0,-17.252619712,14.7097110177
0.0,-17.252033381,14.7094929653
0.0,-17.2517210181,14.709376103
0.0,-17.2510040046,14.709153572
0.0,-17.2507716309,14.7091271421
0.0,-17.2505759845,14.7090895969
0.0,-17.2503148746,14.7091351636
0.0,-17.2498164481,14.7093910182
0.0,-17.2492920124,14.7096256074
0.0,-17.2486061493,14.7099263091
0.0,-17.2482326369,14.7100824178
0.0,-17.2479825046,14.7101869606
0.0,-17.247980259,14.7108125686
0.0,-17.2467143817,14.7113848057
0.0,-17.2463196614,14.7117004308
0.0,-17.245760154,14.7121478191
0.0,-17.2457871832,14.7129851887
0.0,-17.245802173,14.7134495759
0.0,-17.2459057919,14.7139745054
0.0,-17.246211271,14.7150234122
0.0,-17.2456301601,14.7158418555
0.0,-17.2458855435,14.7167956233
0.0,-17.2458457232,14.7177044419
0.0,-17.2453117678,14.7183311782
0.0,-17.2451774039,14.7185316366
0.0,-17.2446343636,14.7193418019
0.0,-17.2432599809,14.719450744
0.0,-17.2419376468,14.7198460494
0.0,-17.2412067048,14.7204268729
0.0,-17.2402369932,14.7216793781
0.0,-17.2396720181,14.7222091406
0.0,-17.2393611189,14.7225006615
0.0,-17.2392456518,14.724633776
0.0,-17.2389879782,14.7293940305
0.0,-17.2385448645,14.7375802815
0.0,-17.2385264463,14.73792054
0.0,-17.2389399473,14.7377296111
0.0,-17.23900161,14.7377011392
0.0,-17.2399244741,14.7372750127
0.0,-17.2412943755,14.7367166834
0.0,-17.2417722329,14.7365651359
0.0,-17.2424451683,14.7363517198
0.0,-17.243224623,14.7361863826
0.0,-17.2436121133,14.7361252502
0.0,-17.2438282583,14.7361231537
0.0,-17.243969539,14.7361349659
0.0,-17.24534525,14.7361455236
0.0,-17.2459814922,14.7362080772
0.0,-17.2463386678,14.7362801799
0.0,-17.2465184996,14.7363241885
0.0,-17.2475601241,14.7365790941
0.0,-17.2497784251,14.7372308834
0.0,-17.2507499054,14.7375046665
0.0,-17.250635021,14.7376260897
0.0,-17.2599410225,14.7402501941
0.0,-17.265524887,14.7416967268
0.0,-17.2667070689,14.7421022092
0.0,-17.2681480505,14.742602053
0.0,-17.2694216917,14.742930213
0.0,-17.27764306,14.7452924624
0.0,-17.2789114643,14.7458294817
0.0,-17.2796787709,14.7460557132
0.0,-17.2809842549,14.7464430149
0.0,-17.2819748031,14.7467344493
0.0,-17.2833125372,14.7471042064
0.0,-17.2836584705,14.7472040608
0.0,-17.2847642915,14.7475244639
0.0,-17.2854573212,14.7476940357
0.0,-17.2863275906,14.7478991447
0.0,-17.2856206492,14.7497409083
0.0,-17.2845270216,14.7525900346
0.0,-17.2845060335,14.7531802891
0.0,-17.2844928396,14.753551373
0.0,-17.2848125179,14.7545235558
0.0,-17.2852448618,14.7549926086
0.0,-17.2940187458,14.7581759161
0.0,-17.2939874588,14.7581020696
0.0,-17.2948133169,14.7584200801
0.0,-17.2977564054,14.7593625741
0.0,-17.2985747825,14.7596759378
0.0,-17.2992157175,14.7598866194
0.0,-17.2998116583,14.7601099372
0.0,-17.3018415669,14.7613007557
0.0,-17.3031059649,14.7626013295
0.0,-17.3035698656,14.7630293869
0.0,-17.3038946999,14.7633153989
0.0,-17.3050256074,14.7645844274
0.0,-17.3058129847,14.7649810409
0.0,-17.3055596732,14.765141344
0.0,-17.3049115369,14.7656010565
0.0,-17.3042563161,14.7660880905
0.0,-17.3037752942,14.7664607907
0.0,-17.3035608542,14.7665321014
0.0,-17.3029227486,14.7664049826
0.0,-17.3026116523,14.7662574823
0.0,-17.3019234256,14.7659903911
0.0,-17.3014010558,14.7657962287
0.0,-17.300856951,14.7654975764
0.0,-17.3005239565,14.765229809
0.0,-17.3002885145,14.7650842069
0.0,-17.3000535805,14.7651596893
0.0,-17.2999329926,14.765115821
0.0,-17.2997267141,14.7651236127
0.0,-17.2994387539,14.765213496
0.0,-17.2988318533,14.7654375544
0.0,-17.2983907795,14.7654515078
0.0,-17.2982005529,14.7654906934
0.0,-17.2975684831,14.7656576266
0.0,-17.297685078,14.7660924986
0.0,-17.2977666886,14.7663775933
0.0,-17.2978273554,14.7666316305
0.0,-17.2978898635,14.7673609821
0.0,-17.2979052889,14.7675886138
0.0,-17.2978802508,14.7681347883
0.0,-17.2976875638,14.7684867517
0.0,-17.2970100429,14.7690050673
0.0,-17.2964628918,14.7697730889
0.0,-17.2957724579,14.7704660386
0.0,-17.2955776765,14.770529723
0.0,-17.2949757889,14.770726512
0.0,-17.2944528024,14.7708975026
0.0,-17.2938208108,14.771077098
0.0,-17.2936979101,14.7710990521
0.0,-17.2927325678,14.7705550512
0.0,-17.292601167,14.7711355106
0.0,-17.2925991499,14.7711444239
0.0,-17.2928529112,14.7721655612
0.0,-17.2928870652,14.7724990668
0.0,-17.2933412233,14.772929266
0.0,-17.2937979238,14.7734291894
0.0,-17.2947690507,14.774548464
0.0,-17.2951553363,14.7750236847
0.0,-17.2954457758,14.7753554696
0.0,-17.2957185822,14.7755891795
0.0,-17.2963265886,14.7760751001
0.0,-17.2970266145,14.7766203447
0.0,-17.2973618199,14.7768873874
0.0,-17.2975856998,14.7770657416
0.0,-17.2974471958,14.7773886046
0.0,-17.2972911952,14.7777397714
0.0,-17.2971416815,14.7781237449
0.0,-17.2969275492,14.7782035682
0.0,-17.296788267,14.7781003696
0.0,-17.2962962474,14.7774538483
0.0,-17.2959067073,14.7774995588
0.0,-17.2945766658,14.7772763294
0.0,-17.2935840777,14.7775073221
0.0,-17.2925957704,14.7776993073
0.0,-17.2923883031,14.7799693863
0.0,-17.2916872944,14.7798926825
0.0,-17.2916613594,14.7803988128
0.0,-17.2916630887,14.7814416657
0.0,-17.2916619065,14.7827923281
0.0,-17.2916708771,14.7839396952
0.0,-17.2916805437,14.7857384755
0.0,-17.2916849208,14.7859566885
0.0,-17.2916934264,14.7863806593
0.0,-17.2916934272,14.7863807307
0.0,-17.2916934288,14.7863808029
0.0,-17.2918539425,14.7863779149
0.0,-17.2935601031,14.7863479698
0.0,-17.2946119438,14.7863986934
0.0,-17.2946108884,14.786401736
0.0,-17.2944876017,14.7867572433
0.0,-17.2944868293,14.7867594709
0.0,-17.2944860569,14.7867616976
0.0,-17.2943777059,14.7870637828
0.0,-17.294245199,14.7874332118
0.0,-17.2942451773,14.7874332725
0.0,-17.2942451557,14.7874333324
0.0,-17.2947391854,14.7876846813
0.0,-17.2951581212,14.7879112578
0.0,-17.2953450727,14.7880123684
0.0,-17.2955015849,14.7882230896
0.0,-17.2959309229,14.7888642567
0.0,-17.2966871893,14.7890068484
0.0,-17.2966794551,14.7891110109
0.0,-17.2966794503,14.7891110823
0.0,-17.2966794445,14.7891111537
0.0,-17.2966650822,14.789281525
0.0,-17.2966552307,14.7893983874
0.0,-17.2966454272,14.7895146874
0.0,-17.2966331435,14.7896604798
0.0,-17.2965699529,14.7900063009
0.0,-17.2961781837,14.7903209712
0.0,-17.2954811511,14.7910460264
0.0,-17.2951779519,14.7913722439
0.0,-17.2951373141,14.7915004131
0.0,-17.2950950513,14.7916337095
0.0,-17.2950780449,14.7916873464
0.0,-17.2949956789,14.7919471233
0.0,-17.2949544369,14.7920772003
0.0,-17.2949544235,14.792077242
0.0,-17.29495441,14.7920772846
0.0,-17.2949837288,14.7921384175
0.0,-17.2948999827,14.7932268102
0.0,-17.2948999788,14.7932268817
0.0,-17.2945803801,14.7932092176
0.0,-17.2945192087,14.7938437442
0.0,-17.294442022,14.7939012572
0.0,-17.2943905621,14.7939396
0.0,-17.2942368197,14.7940541551
0.0,-17.2941474072,14.7941120029
0.0,-17.2940486465,14.794185512
0.0,-17.2939428874,14.7942642289
0.0,-17.2938795895,14.7943198407
0.0,-17.2937175309,14.7944232902
0.0,-17.2936090138,14.7944779181
0.0,-17.2933895917,14.7945470358
0.0,-17.293337453,14.7945643001
0.0,-17.2932682056,14.794579054
0.0,-17.293224704,14.7946151328
0.0,-17.2931637791,14.7945034639
0.0,-17.29289022,14.7941906361
0.0,-17.2927592532,14.7938859505
0.0,-17.2925023194,14.7937522465
0.0,-17.2909875473,14.7931648921
0.0,-17.2907888158,14.7932126668
0.0,-17.2905226314,14.7937070229
0.0,-17.2891545438,14.7962477931
0.0,-17.2891258816,14.7963010233
0.0,-17.2882014238,14.7974244609
0.0,-17.2882013798,14.7974245146
0.0,-17.2882013358,14.7974245675
0.0,-17.2886185927,14.7975988967
0.0,-17.2892255061,14.7978524615
0.0,-17.2900294902,14.7986046623
0.0,-17.2903418934,14.7988724848
0.0,-17.2907727683,14.7991909233
0.0,-17.2912981838,14.7996207763
0.0,-17.2914271685,14.7997366296
0.0,-17.2924483223,14.7994085325
0.0,-17.2930771354,14.7991560508
0.0,-17.2931505893,14.7991314149
0.0,-17.2935801864,14.8002626395
0.0,-17.2941162974,14.8018467505
0.0,-17.2942389036,14.8022090256
0.0,-17.2945958198,14.8032636295
0.0,-17.2948037738,14.8038780783
0.0,-17.2957237454,14.8063656984
0.0,-17.2958849798,14.8068016722
0.0,-17.2959985775,14.8070932575
0.0,-17.2959986004,14.8070933178
0.0,-17.2959986243,14.8070933781
0.0,-17.2956440047,14.8072672513
0.0,-17.2947101988,14.8075928177
0.0,-17.2947101701,14.8075928279
0.0,-17.2951048326,14.8089036831
0.0,-17.2964196275,14.8095061349
0.0,-17.2986666576,14.8128782517
0.0,-17.299867441,14.8168491198
0.0,-17.3002096045,14.8172239185
0.0,-17.3005324511,14.8175775571
0.0,-17.3013878208,14.8182981126
0.0,-17.3020509457,14.8188472754
0.0,-17.3029716192,14.819352024
0.0,-17.3031688631,14.8200271487
0.0,-17.3032750568,14.8201617606
0.0,-17.3034134537,14.82045216
0.0,-17.3035481676,14.8207348288
0.0,-17.3035480929,14.8207348756
0.0,-17.3035478377,14.8207349848
0.0,-17.3035471711,14.8207352697
0.0,-17.3030109364,14.820964755
0.0,-17.3027421784,14.8211108758
0.0,-17.3025461203,14.8211606471
0.0,-17.3024483435,14.8212094359
0.0,-17.3023500622,14.8212104192
0.0,-17.3022277152,14.8212594537
0.0,-17.3021299382,14.8213082423
0.0,-17.3020075911,14.8213572767
0.0,-17.3019093097,14.8213582599
0.0,-17.3018115326,14.8214070475
0.0,-17.3016886801,14.8214082764
0.0,-17.3016400441,14.8214565733
0.0,-17.3015176968,14.8215056074
0.0,-17.3014199204,14.8215543958
0.0,-17.3013712844,14.8216026918
0.0,-17.3013226483,14.8216509886
0.0,-17.3012243667,14.8216519715
0.0,-17.3011265893,14.8217007598
0.0,-17.3010290653,14.8217734503
0.0,-17.3009315404,14.8218461407
0.0,-17.3008829042,14.8218944375
0.0,-17.3007359861,14.821943717
0.0,-17.3006632847,14.8220400639
0.0,-17.3005414418,14.8221369031
0.0,-17.3004682351,14.8221854454
0.0,-17.300346392,14.8222822836
0.0,-17.3002481091,14.8222832661
0.0,-17.3001508371,14.8223798595
0.0,-17.3000530591,14.8224286473
0.0,-17.2998575038,14.8225262221
0.0,-17.2997592217,14.8225272044
0.0,-17.2997105851,14.822575501
0.0,-17.2996128069,14.8226242887
0.0,-17.2993926809,14.8227221087
0.0,-17.299197125,14.8228196839
0.0,-17.2990747762,14.822868716
0.0,-17.2989775024,14.822965309
0.0,-17.2988799771,14.8230379987
0.0,-17.2986109599,14.8231602122
0.0,-17.29843947,14.8232097359
0.0,-17.2983667671,14.8233060823
0.0,-17.2982689881,14.8233548696
0.0,-17.2981471433,14.8234517077
0.0,-17.2980985061,14.823500004
0.0,-17.2979515861,14.823549281
0.0,-17.2979029488,14.8235975774
0.0,-17.2978051706,14.8236463644
0.0,-17.2976828209,14.8236953968
0.0,-17.2975609756,14.8237922338
0.0,-17.2974626918,14.8237932152
0.0,-17.297340342,14.8238422475
0.0,-17.2972182442,14.823915182
0.0,-17.2971693554,14.8239395749
0.0,-17.2970219296,14.8239410468
0.0,-17.2968258671,14.8239908148
0.0,-17.2966298044,14.8240405825
0.0,-17.2965320256,14.8240893691
0.0,-17.2964091711,14.8240905954
0.0,-17.2963359628,14.8241391366
0.0,-17.2962381829,14.8241879222
0.0,-17.2960907578,14.8241893935
0.0,-17.2958460568,14.8242874567
0.0,-17.2957482767,14.824336243
0.0,-17.2954785007,14.8243867445
0.0,-17.2953561499,14.8244357758
0.0,-17.2952829412,14.8244843168
0.0,-17.2951600863,14.8244855424
0.0,-17.2950628099,14.824582134
0.0,-17.2949158883,14.8246314093
0.0,-17.2948181088,14.8246801953
0.0,-17.2947203283,14.8247289812
0.0,-17.2945984809,14.8248258169
0.0,-17.2944761296,14.8248748478
0.0,-17.2943294595,14.824948026
0.0,-17.294183293,14.8250690098
0.0,-17.2941346545,14.8251173055
0.0,-17.2938658842,14.8252634165
0.0,-17.2937437843,14.8253363494
0.0,-17.2936457514,14.8253612326
0.0,-17.2935971127,14.8254095282
0.0,-17.2935239031,14.8254580678
0.0,-17.29345019,14.8254588027
0.0,-17.2934298636,14.825506816
0.0,-17.2933524088,14.8255075881
0.0,-17.2933037709,14.8255558836
0.0,-17.2932059896,14.825604669
0.0,-17.2930831339,14.8256058936
0.0,-17.2930099242,14.8256544331
0.0,-17.2929121428,14.8257032184
0.0,-17.2928138587,14.8257041979
0.0,-17.2927160772,14.8257529831
0.0,-17.2924959442,14.8258507983
0.0,-17.2923244492,14.825900317
0.0,-17.2922271717,14.8259969077
0.0,-17.292079744,14.8259983766
0.0,-17.2919824664,14.8260949663
0.0,-17.2918355419,14.8261442408
0.0,-17.2916886182,14.8261935152
0.0,-17.2915171227,14.8262430343
0.0,-17.291370702,14.8263401133
0.0,-17.2911259958,14.826438172
0.0,-17.2909790717,14.826487446
0.0,-17.2909058612,14.8265359849
0.0,-17.2907835078,14.8265850141
0.0,-17.2906611545,14.8266340433
0.0,-17.2905633719,14.8266828277
0.0,-17.2904901612,14.8267313665
0.0,-17.2904174535,14.8268277119
0.0,-17.2903191688,14.8268286905
0.0,-17.2902213861,14.8268774748
0.0,-17.290197318,14.8269255251
0.0,-17.2900749643,14.8269745531
0.0,-17.2900022563,14.8270708984
0.0,-17.2899290444,14.827119438
0.0,-17.2898558333,14.8271679767
0.0,-17.2897821194,14.8271687104
0.0,-17.2897580513,14.8272167608
0.0,-17.2896356973,14.8272657895
0.0,-17.2895870572,14.8273140844
0.0,-17.2894890226,14.8273389651
0.0,-17.2894160628,14.8274114069
0.0,-17.2893423488,14.8274121406
0.0,-17.2892445665,14.8274609245
0.0,-17.2891467833,14.8275097084
0.0,-17.2888529314,14.8276082532
0.0,-17.2887551489,14.8276570369
0.0,-17.2886568628,14.8276580149
0.0,-17.2885099371,14.8277072875
0.0,-17.2884367255,14.8277558266
0.0,-17.2882657302,14.8278531485
0.0,-17.2881674449,14.8278541262
0.0,-17.2880947348,14.8279504711
0.0,-17.288021523,14.8279990102
0.0,-17.2879283053,14.8280455156
0.0,-17.2878259562,14.8280965761
0.0,-17.2877276707,14.8280975537
0.0,-17.28767903,14.8281458482
0.0,-17.2876303892,14.8281941428
0.0,-17.2875321037,14.8281951203
0.0,-17.2874834628,14.828243414
0.0,-17.2873365355,14.8282926859
0.0,-17.2872387522,14.8283414691
0.0,-17.2870431847,14.8284390354
0.0,-17.2868471147,14.8284887948
0.0,-17.2867498325,14.8285853837
0.0,-17.2865046189,14.8286356323
0.0,-17.2864073375,14.8287322201
0.0,-17.2862604095,14.8287814914
0.0,-17.2861134823,14.8288307627
0.0,-17.2860156985,14.8288795445
0.0,-17.2859179137,14.8289283273
0.0,-17.2857464141,14.8289778425
0.0,-17.2855754174,14.8290751635
0.0,-17.2854771304,14.8290761402
0.0,-17.2854284889,14.8291244335
0.0,-17.2852569899,14.8291739484
0.0,-17.2851553225,14.8292126537
0.0,-17.2850859918,14.8292712691
0.0,-17.284939064,14.8293205388
0.0,-17.2848172092,14.8294173711
0.0,-17.2847439952,14.8294659093
0.0,-17.2845970671,14.8295151797
0.0,-17.2845484252,14.8295634729
0.0,-17.284401497,14.8296127432
0.0,-17.2843037124,14.8296615253
0.0,-17.2841322117,14.8297110394
0.0,-17.2840589983,14.8297595766
0.0,-17.2840103563,14.8298078705
0.0,-17.2839366412,14.8298086026
0.0,-17.2838634278,14.8298571405
0.0,-17.283765642,14.8299059224
0.0,-17.2836673545,14.8299068984
0.0,-17.2835454997,14.8300037292
0.0,-17.2834231423,14.830052755
0.0,-17.2833253563,14.8301015368
0.0,-17.2832270696,14.8301025125
0.0,-17.2831292835,14.8301512942
0.0,-17.2830314973,14.830200075
0.0,-17.2828845682,14.8302493444
0.0,-17.2827867829,14.830298126
0.0,-17.2826398527,14.8303473952
0.0,-17.2825418165,14.8303722733
0.0,-17.2824437794,14.8303971512
0.0,-17.2823705654,14.8304456888
0.0,-17.2822973513,14.8304942263
0.0,-17.2821504218,14.8305434953
0.0,-17.2820772067,14.8305920328
0.0,-17.2820034912,14.8305927643
0.0,-17.281930277,14.8306413008
0.0,-17.2818324912,14.830690082
0.0,-17.281759276,14.8307386194
0.0,-17.2816364165,14.8307398383
0.0,-17.2815632021,14.8307883756
0.0,-17.2814894866,14.8307891069
0.0,-17.2814654162,14.8308371558
0.0,-17.2813917006,14.8308378871
0.0,-17.2813184852,14.8308864243
0.0,-17.2812206992,14.8309352053
0.0,-17.2811720562,14.8309834988
0.0,-17.2810742701,14.8310322788
0.0,-17.2809762324,14.8310571572
0.0,-17.2809032683,14.8311295969
0.0,-17.28078116,14.831202524
0.0,-17.2807327674,14.83127472
0.0,-17.280634981,14.8313235008
0.0,-17.2805617653,14.8313720379
0.0,-17.2804885504,14.8314205749
0.0,-17.2804644798,14.8314686237
0.0,-17.2803915153,14.8315410642
0.0,-17.2803426216,14.8315654541
0.0,-17.2802694066,14.8316139911
0.0,-17.2801961916,14.8316625281
0.0,-17.2801229757,14.8317110642
0.0,-17.2800497606,14.8317596011
0.0,-17.2800011181,14.8318078944
0.0,-17.279073358,14.8321235949
0.0,-17.2779279392,14.8333863174
0.0,-17.2767055779,14.8339960592
0.0,-17.2765827161,14.8339972757
0.0,-17.2764598543,14.8339984921
0.0,-17.2763382437,14.8341192234
0.0,-17.2762166321,14.8342399547
0.0,-17.2759709082,14.8342423871
0.0,-17.2758492963,14.8343631183
0.0,-17.2757264342,14.8343643343
0.0,-17.2756048221,14.8344850653
0.0,-17.2753603476,14.8346070122
0.0,-17.2752374854,14.834608228
0.0,-17.2751158728,14.8347289588
0.0,-17.2749942602,14.8348496896
0.0,-17.2747497849,14.8349716359
0.0,-17.2746269233,14.8349728514
0.0,-17.274383697,14.8352143126
0.0,-17.2742620836,14.8353350431
0.0,-17.2738947444,14.8354582039
0.0,-17.2737731307,14.8355789342
0.0,-17.2736515167,14.8356996635
0.0,-17.2735299027,14.8358203937
0.0,-17.2734070396,14.8358216086
0.0,-17.2732854253,14.8359423387
0.0,-17.2731638109,14.8360630688
0.0,-17.2730409477,14.8360642835
0.0,-17.272919333,14.8361850135
0.0,-17.2727964706,14.8361862281
0.0,-17.2725532408,14.8364276877
0.0,-17.2724303773,14.8364289022
0.0,-17.2723075138,14.8364301166
0.0,-17.2721871468,14.8366703615
0.0,-17.2720642831,14.8366715758
0.0,-17.2719426676,14.8367923054
0.0,-17.2718198038,14.8367935195
0.0,-17.27169694,14.8367947336
0.0,-17.2715753242,14.836915463
0.0,-17.2713308443,14.8370374062
0.0,-17.2712092281,14.8371581355
0.0,-17.271086365,14.8371593493
0.0,-17.2709647486,14.8372800784
0.0,-17.2708431321,14.8374008066
0.0,-17.2707202679,14.8374020202
0.0,-17.2705986512,14.8375227492
0.0,-17.2704757869,14.8375239627
0.0,-17.2703529225,14.8375251761
0.0,-17.2701084411,14.8376471182
0.0,-17.2699868239,14.837767847
0.0,-17.2697423419,14.8378897888
0.0,-17.2696207244,14.8380105174
0.0,-17.2693762419,14.8381324589
0.0,-17.2691317601,14.8382544001
0.0,-17.2690088952,14.8382556129
0.0,-17.268887277,14.8383763412
0.0,-17.2686427936,14.838498282
0.0,-17.2683995564,14.8387397382
0.0,-17.268153826,14.838742163
0.0,-17.2680309608,14.8387433753
0.0,-17.2677864764,14.8388653153
0.0,-17.2676648571,14.8389860431
0.0,-17.2674191272,14.8389884671
0.0,-17.2672975077,14.8391091947
0.0,-17.2671758879,14.8392299214
0.0,-17.2669301568,14.8392323449
0.0,-17.2665628054,14.8393554955
0.0,-17.2664411851,14.8394762227
0.0,-17.2661966989,14.8395981613
0.0,-17.266073833,14.8395993726
0.0,-17.2655848603,14.8398432488
0.0,-17.265340373,14.8399651866
0.0,-17.264850153,14.8400895456
0.0,-17.2646056649,14.8402114827
0.0,-17.2643611765,14.8403334196
0.0,-17.2642395544,14.8404541459
0.0,-17.2641179321,14.8405748722
0.0,-17.2638721998,14.8405772927
0.0,-17.2635060877,14.8408199549
0.0,-17.2631387311,14.8409431006
0.0,-17.2625281268,14.8413076962
0.0,-17.2622848791,14.8415491473
0.0,-17.2621620127,14.8415503567
0.0,-17.2620403886,14.8416710821
0.0,-17.2619175212,14.8416722913
0.0,-17.2617971399,14.8419125328
0.0,-17.2615060443,14.8421294095
0.0,-17.2613093981,14.8422759175
0.0,-17.2610661479,14.8425173676
0.0,-17.26094328,14.8425185764
0.0,-17.260820412,14.8425197851
0.0,-17.2592293372,14.8431330734
0.0,-17.2589860835,14.8433745218
0.0,-17.2587403463,14.8433769372
0.0,-17.2584958513,14.8434988688
0.0,-17.2582513552,14.8436208001
0.0,-17.2581284863,14.8436220075
0.0,-17.2577611209,14.8437451457
0.0,-17.2576394929,14.8438658693
0.0,-17.2573949957,14.8439877998
0.0,-17.2571492575,14.8439902137
0.0,-17.2567831321,14.844232867
0.0,-17.2565386339,14.8443547967
0.0,-17.2561712659,14.8444779327
0.0,-17.2560496366,14.8445986547
0.0,-17.2555606381,14.8448425127
0.0,-17.2553148986,14.8448449247
0.0,-17.2551920289,14.8448461306
0.0,-17.2547030296,14.8450899869
0.0,-17.2543368982,14.8453326369
0.0,-17.254091158,14.8453350477
0.0,-17.2537250255,14.8455776969
0.0,-17.2534805237,14.8456996239
0.0,-17.2532347838,14.8457020338
0.0,-17.252867411,14.845825165
0.0,-17.252745779,14.8459458865
0.0,-17.2525000378,14.8459482957
0.0,-17.252132664,14.8460714258
0.0,-17.2518881606,14.8461933513
0.0,-17.2516424189,14.8461957596
0.0,-17.2513979159,14.8463176837
0.0,-17.2511534117,14.8464396084
0.0,-17.2509076697,14.846442016
0.0,-17.2507860361,14.8465627366
0.0,-17.2502945516,14.8465675507
0.0,-17.2501729175,14.8466882711
0.0,-17.249928412,14.8468101947
0.0,-17.2498055407,14.8468113979
0.0,-17.2493165295,14.8470552442
0.0,-17.249193658,14.8470564471
0.0,-17.2489491515,14.8471783698
0.0,-17.2488262798,14.8471795725
0.0,-17.2483372656,14.847423417
0.0,-17.248091522,14.8474258216
0.0,-17.2477253791,14.8476684627
0.0,-17.2476025071,14.8476696647
0.0,-17.2474808708,14.847790384
0.0,-17.2472363622,14.8479123051
0.0,-17.2469906178,14.8479147087
0.0,-17.2468677456,14.8479159104
0.0,-17.2465015994,14.8481585489
0.0,-17.246378727,14.8481597503
0.0,-17.2462570897,14.8482804691
0.0,-17.2460125807,14.8484023891
0.0,-17.2458897081,14.8484035903
0.0,-17.2456451978,14.8485255099
0.0,-17.2455223251,14.8485267109
0.0,-17.2454006871,14.8486474293
0.0,-17.2450345378,14.8488900667
0.0,-17.2449116648,14.8488912675
0.0,-17.2449128993,14.8490107849
0.0,-17.2446683876,14.8491327037
0.0,-17.2445455145,14.8491339042
0.0,-17.2445467487,14.8492534217
0.0,-17.2443010033,14.8492558226
0.0,-17.2441805982,14.849496058
0.0,-17.2436915725,14.849739894
0.0,-17.2433254191,14.8499825283
0.0,-17.2432025455,14.8499837282
0.0,-17.2430821388,14.8502239633
0.0,-17.2428363911,14.8502263628
0.0,-17.2427147506,14.8503470801
0.0,-17.2424702368,14.8504689968
0.0,-17.2419812066,14.8507128298
0.0,-17.2418595653,14.8508335467
0.0,-17.2414921751,14.8509566618
0.0,-17.2412476589,14.8510785774
0.0,-17.2408802679,14.8512016916
0.0,-17.2406357519,14.8513236067
0.0,-17.2401467172,14.8515674363
0.0,-17.2399021994,14.8516893498
0.0,-17.2396576813,14.851811264
0.0,-17.2395348063,14.8518124621
0.0,-17.2389228948,14.8520574874
0.0,-17.2386783756,14.8521794007
0.0,-17.2385555003,14.8521805982
0.0,-17.2383097496,14.8521829932
0.0,-17.2379435853,14.8524256212
0.0,-17.2376990651,14.8525475336
0.0,-17.2375761895,14.8525487307
0.0,-17.237208794,14.8526718396
0.0,-17.2370871488,14.8527925545
0.0,-17.2368413972,14.852794948
0.0,-17.2365956455,14.8527973413
0.0,-17.2365968757,14.8529168594
0.0,-17.236352354,14.8530387705
0.0,-17.236106602,14.8530411633
0.0,-17.2359801927,14.8531666044
0.0,-17.2358633096,14.8532825921
0.0,-17.2356187869,14.8534045016
0.0,-17.2353742648,14.8535264119
0.0,-17.235252618,14.853647126
0.0,-17.2350080945,14.8537690359
0.0,-17.2346419233,14.8540116595
0.0,-17.2345202758,14.8541323733
0.0,-17.2343986281,14.8542530871
0.0,-17.2342769803,14.8543738008
0.0,-17.2339108072,14.8546164235
0.0,-17.2336675114,14.8548578505
0.0,-17.2335458629,14.854978564
0.0,-17.2333013368,14.8551004724
0.0,-17.2328296475,14.8554517884
0.0,-17.2325689849,14.8555857138
0.0,-17.2323256855,14.8558271397
0.0,-17.2319582806,14.8559502414
0.0,-17.2318366304,14.8560709542
0.0,-17.231592102,14.8561928611
0.0,-17.2314704514,14.8563135737
0.0,-17.2313488008,14.8564342862
0.0,-17.2309826206,14.8566769051
0.0,-17.2306152123,14.8568000049
0.0,-17.2302490305,14.8570426219
0.0,-17.2298828489,14.8572852393
0.0,-17.2297611967,14.8574059512
0.0,-17.2296383177,14.8574071444
0.0,-17.2293937863,14.8575290494
0.0,-17.2292721337,14.857649761
0.0,-17.2290263754,14.857652147
0.0,-17.2290276018,14.8577716656
0.0,-17.2286601902,14.8578947627
0.0,-17.228538537,14.8580154741
0.0,-17.228294005,14.858137378
0.0,-17.2280494719,14.8582592817
0.0,-17.2279265922,14.8582604741
0.0,-17.2276820587,14.8583823774
0.0,-17.227314645,14.8585054726
0.0,-17.2270701107,14.8586273754
0.0,-17.2265878714,14.8588677755
0.0,-17.2263365071,14.8589930815
0.0,-17.2259703162,14.8592356937
0.0,-17.2258474359,14.859236885
0.0,-17.2247476342,14.8598451992
0.0,-17.2243814399,14.8600878093
0.0,-17.2234020625,14.8604558893
0.0,-17.2230358663,14.8606984966
0.0,-17.2225455636,14.860822775
0.0,-17.2222998005,14.8608251542
0.0,-17.2223010235,14.8609446734
0.0,-17.2220564831,14.8610665715
0.0,-17.2216878379,14.8610701395
0.0,-17.2215661788,14.861190848
0.0,-17.2213216376,14.8613127454
0.0,-17.2210758747,14.8613151234
0.0,-17.2210770971,14.8614346427
0.0,-17.220954215,14.8614358316
0.0,-17.220831333,14.8614370204
0.0,-17.220708451,14.8614382092
0.0,-17.220586791,14.8615589172
0.0,-17.220465131,14.8616796252
0.0,-17.2203422488,14.8616808138
0.0,-17.2199748239,14.8618038986
0.0,-17.2198531633,14.8619246063
0.0,-17.2196073985,14.8619269828
0.0,-17.2194857386,14.8620476903
0.0,-17.219241195,14.8621695859
0.0,-17.2189954298,14.8621719618
0.0,-17.218752107,14.8624133754
0.0,-17.2186292242,14.8624145631
0.0,-17.2185075625,14.8625352703
0.0,-17.2181401348,14.8626583524
0.0,-17.2180184726,14.8627790594
0.0,-17.2178955896,14.8627802467
0.0,-17.217651045,14.8629021408
0.0,-17.2174064992,14.8630240347
0.0,-17.2172848365,14.8631447413
0.0,-17.2170402902,14.8632666349
0.0,-17.2169198473,14.8635068609
0.0,-17.2166740802,14.8635092345
0.0,-17.2166753004,14.8636287542
0.0,-17.2164586656,14.8637722659
0.0,-17.2163090894,14.8638713534
0.0,-17.2161862056,14.8638725399
0.0,-17.2160633218,14.8638737264
0.0,-17.2160645416,14.8639932461
0.0,-17.2159428784,14.8641139513
0.0,-17.2158199945,14.8641151376
0.0,-17.2156983302,14.8642358436
0.0,-17.2155754461,14.8642370299
0.0,-17.2154537816,14.8643577357
0.0,-17.2154550011,14.8644772554
0.0,-17.2152104521,14.8645991474
0.0,-17.2150887872,14.8647198531
0.0,-17.2149659028,14.8647210391
0.0,-17.2148442377,14.8648417447
0.0,-17.2147213532,14.8648429305
0.0,-17.2147225724,14.8649624503
0.0,-17.214600907,14.8650831558
0.0,-17.2144780224,14.8650843416
0.0,-17.2143563568,14.865205047
0.0,-17.214234691,14.8653257524
0.0,-17.2141118071,14.8653269379
0.0,-17.2139901412,14.8654476432
0.0,-17.2138672563,14.8654488286
0.0,-17.2138684751,14.8655683485
0.0,-17.2137455901,14.8655695338
0.0,-17.2136239238,14.865690239
0.0,-17.2135010387,14.8656914242
0.0,-17.2135022573,14.8658109432
0.0,-17.2133793722,14.8658121284
0.0,-17.2133805907,14.8659316482
0.0,-17.2132577055,14.8659328334
0.0,-17.213258924,14.8660523532
0.0,-17.2131360387,14.8660535383
0.0,-17.2130143718,14.8661742432
0.0,-17.2130155901,14.8662937631
0.0,-17.2128927047,14.8662949481
0.0,-17.212893923,14.8664144679
0.0,-17.2126493701,14.8665363576
0.0,-17.2126505883,14.8666558775
0.0,-17.2125277026,14.8666570623
0.0,-17.2124060359,14.866777767
0.0,-17.2122831502,14.8667789517
0.0,-17.2121602644,14.8667801363
0.0,-17.2120385965,14.8669008408
0.0,-17.2117940425,14.8670227297
0.0,-17.2115482706,14.8670250983
0.0,-17.2114266022,14.8671458026
0.0,-17.2113037161,14.8671469868
0.0,-17.2111808301,14.8671481709
0.0,-17.211057944,14.8671493549
0.0,-17.2109362752,14.867270059
0.0,-17.210813389,14.8672712429
0.0,-17.21069172,14.8673919468
0.0,-17.2106929372,14.8675114669
0.0,-17.2105700518,14.8675126507
0.0,-17.2104483826,14.8676333536
0.0,-17.2103254961,14.8676345373
0.0,-17.2102038267,14.867755241
0.0,-17.2100821571,14.8678759447
0.0,-17.2099592705,14.8678771282
0.0,-17.209714714,14.8679990152
0.0,-17.2095930439,14.8681197187
0.0,-17.2093484869,14.8682416053
0.0,-17.2093497034,14.8683611255
0.0,-17.208982259,14.868484195
0.0,-17.2087377021,14.8686060811
0.0,-17.2086160311,14.8687267842
0.0,-17.2083702568,14.8687291497
0.0,-17.2078811394,14.8689729205
0.0,-17.2076353646,14.8689752853
0.0,-17.2073908053,14.8690971701
0.0,-17.2071462457,14.8692190548
0.0,-17.207023359,14.8692202368
0.0,-17.2057969119,14.8694710937
0.0,-17.204736454,14.870549221
0.0,-17.2046780504,14.8706071576
0.0,-17.2045606595,14.8706656609
0.0,-17.2045612423,14.8707230306
0.0,-17.2045022559,14.8707235974
0.0,-17.2045028386,14.8707809671
0.0,-17.2044438522,14.8707815339
0.0,-17.204444435,14.8708389036
0.0,-17.2043860312,14.87089684
0.0,-17.2043270448,14.8708974068
0.0,-17.2043276275,14.8709547765
0.0,-17.204268641,14.8709553432
0.0,-17.2042102372,14.8710132806
0.0,-17.2041524152,14.8711285867
0.0,-17.2040934286,14.8711291534
0.0,-17.2039760382,14.8711876565
0.0,-17.2039176343,14.8712455929
0.0,-17.2039182169,14.8713029626
0.0,-17.2038592303,14.8713035292
0.0,-17.2038008263,14.8713614656
0.0,-17.2037418397,14.8713620322
0.0,-17.2036828521,14.8713625988
0.0,-17.2036244481,14.8714205351
0.0,-17.2035070573,14.8714790389
0.0,-17.2033896665,14.8715375417
0.0,-17.2032722756,14.8715960445
0.0,-17.2031554662,14.8717119169
0.0,-17.2030380751,14.8717704196
0.0,-17.202920684,14.8718289222
0.0,-17.2028032919,14.8718874248
0.0,-17.202686483,14.872003298
0.0,-17.2026274961,14.8720038643
0.0,-17.2025690916,14.8720618004
0.0,-17.2025101048,14.8720623668
0.0,-17.202510687,14.8721197365
0.0,-17.2024517002,14.8721203028
0.0,-17.2023932956,14.8721782389
0.0,-17.20233489,14.872236175
0.0,-17.2022174984,14.8722946773
0.0,-17.2022180806,14.8723520471
0.0,-17.2021006889,14.8724105503
0.0,-17.2020417019,14.8724111165
0.0,-17.2019832971,14.8724690525
0.0,-17.2019248923,14.8725269885
0.0,-17.2018074995,14.8725854906
0.0,-17.2016901075,14.8726439927
0.0,-17.2016906896,14.8727013625
0.0,-17.2015732976,14.8727598645
0.0,-17.2015143105,14.8727604306
0.0,-17.2015148925,14.8728178004
0.0,-17.2013974994,14.8728763033
0.0,-17.201221702,14.8729927411
0.0,-17.2011048916,14.8731086127
0.0,-17.2009290929,14.8732250503
0.0,-17.2008117004,14.8732835529
0.0,-17.2006359023,14.8733999903
0.0,-17.2005185095,14.8734584919
0.0,-17.2004606849,14.8735737975
0.0,-17.200343292,14.873632299
0.0,-17.2002264807,14.8737481712
0.0,-17.2001680751,14.8738061068
0.0,-17.1999922752,14.8739225438
0.0,-17.1999338695,14.8739804794
0.0,-17.1998164762,14.8740389807
0.0,-17.1996996644,14.8741548518
0.0,-17.1996406769,14.8741554175
0.0,-17.199582271,14.8742133539
0.0,-17.1995238641,14.8742712895
0.0,-17.1994064705,14.8743297906
0.0,-17.1993480644,14.8743877261
0.0,-17.1992306707,14.8744462271
0.0,-17.1990548698,14.8745626635
0.0,-17.1989368945,14.8745637945
0.0,-17.198820082,14.8746796662
0.0,-17.1987616757,14.8747376016
0.0,-17.1985847116,14.8747392979
0.0,-17.1984673174,14.8747977986
0.0,-17.198408911,14.8748557338
0.0,-17.1981151336,14.8749733004
0.0,-17.1979387514,14.8750323661
0.0,-17.1975275788,14.8752084333
0.0,-17.1974101841,14.8752669335
0.0,-17.1971169865,14.8754418688
0.0,-17.1968816154,14.8755014989
0.0,-17.1962350685,14.8757371939
0.0,-17.1959412893,14.8758547579
0.0,-17.1954121358,14.8760319503
0.0,-17.1952357517,14.8760910151
0.0,-17.1947065978,14.876268206
0.0,-17.1944128159,14.8763857683
0.0,-17.1941774428,14.8764453958
0.0,-17.194001057,14.8765044588
0.0,-17.1936488669,14.8766799555
0.0,-17.1934724807,14.8767390182
0.0,-17.1931197098,14.8768571431
0.0,-17.1929433232,14.8769162054
0.0,-17.192826506,14.8770320746
0.0,-17.1927091087,14.8770905728
0.0,-17.1925911306,14.8770917007
0.0,-17.1924147445,14.8771507626
0.0,-17.1922979269,14.8772666307
0.0,-17.1920631307,14.8773836264
0.0,-17.1919463127,14.8774994953
0.0,-17.1918283352,14.8775006229
0.0,-17.1916525273,14.8776170544
0.0,-17.1915351293,14.8776755521
0.0,-17.1914767201,14.8777334859
0.0,-17.1911835136,14.8779084156
0.0,-17.1910661153,14.877966913
0.0,-17.1908313185,14.8780839077
0.0,-17.1906549301,14.8781429684
0.0,-17.1904201329,14.8782599627
0.0,-17.1902443235,14.8783763943
0.0,-17.1901263454,14.8783775211
0.0,-17.1901269247,14.8784348913
0.0,-17.1897741476,14.8785530117
0.0,-17.1897163168,14.8786683155
0.0,-17.1893635391,14.8787864353
0.0,-17.1892461398,14.8788449328
0.0,-17.1891287403,14.8789034294
0.0,-17.1890113409,14.8789619259
0.0,-17.18883553,14.8790783557
0.0,-17.1886585621,14.8790800448
0.0,-17.1884827519,14.8791964743
0.0,-17.1881889619,14.8793140305
0.0,-17.1880715618,14.8793725266
0.0,-17.1878957501,14.8794889557
0.0,-17.1874255693,14.8796655689
0.0,-17.1871907684,14.8797825612
0.0,-17.1870149558,14.8798989898
0.0,-17.1868385654,14.8799580479
0.0,-17.186662175,14.880017106
0.0,-17.1864863619,14.8801335342
0.0,-17.1861925701,14.8802510881
0.0,-17.1857819538,14.8804845063
0.0,-17.185487582,14.8805446881
0.0,-17.1849005725,14.8808371629
0.0,-17.1846657677,14.880954152
0.0,-17.1841955804,14.8811307602
0.0,-17.1839607757,14.8812477488
0.0,-17.1834905869,14.8814243548
0.0,-17.1832563581,14.8815987141
0.0,-17.1827855904,14.8817179483
0.0,-17.1822569864,14.8819524842
0.0,-17.1820805927,14.882011539
0.0,-17.1819637655,14.8821274038
0.0,-17.1817283811,14.8821870198
0.0,-17.1816693907,14.8821875812
0.0,-17.1814345823,14.8823045675
0.0,-17.181140784,14.8824221148
0.0,-17.1809649656,14.8825385403
0.0,-17.1805537615,14.8827145798
0.0,-17.180259962,14.8828321261
0.0,-17.180025152,14.8829491111
0.0,-17.1797903427,14.8830660969
0.0,-17.1795549554,14.8831257109
0.0,-17.1793201455,14.8832426953
0.0,-17.1791443253,14.8833591188
0.0,-17.1786741269,14.8835357169
0.0,-17.178439316,14.8836527005
0.0,-17.1780865219,14.8837708049
0.0,-17.1779696925,14.8838866671
0.0,-17.1777932947,14.88394572
0.0,-17.1776168977,14.8840047718
0.0,-17.1775584828,14.8840627028
0.0,-17.1774416528,14.8841785648
0.0,-17.1772056874,14.884180806
0.0,-17.1769714508,14.8843551599
0.0,-17.1768534675,14.8843562803
0.0,-17.1766782217,14.8845300729
0.0,-17.1765602392,14.8845311931
0.0,-17.1765608152,14.8845885638
0.0,-17.1765018239,14.8845891239
0.0,-17.1763844163,14.8846476148
0.0,-17.1763260008,14.8847055456
0.0,-17.1761490269,14.8847072257
0.0,-17.1760906113,14.8847651564
0.0,-17.1759147879,14.8848815787
0.0,-17.1757378137,14.8848832585
0.0,-17.1756204066,14.884941749
0.0,-17.1755029985,14.8850002395
0.0,-17.1753260242,14.885001919
0.0,-17.1753056347,14.8850106475
0.0,-17.1753410803,14.8851255632
0.0,-17.1728912174,14.8865188272
0.0,-17.171715661,14.887248947
0.0,-17.1712291839,14.8875510871
0.0,-17.1709096554,14.8877516077
0.0,-17.1699134802,14.8883767558
0.0,-17.1676940029,14.8894142709
0.0,-17.1661726278,14.8905807041
0.0,-17.164367788,14.8912754337
0.0,-17.1631210334,14.8920326503
0.0,-17.1599989898,14.8933494319
0.0,-17.1599989189,14.8933493088
0.0,-17.1599983643,14.8933496953
1.0,-17.1686754579,14.8866141
1.0,-17.1672741754,14.8859472221
1.0,-17.16727416,14.8859472557
1.0,-17.1686754579,14.8866141
