57,0,37,97,12,
0.0,-15.5454425922,13.8163058147
0.0,-15.5448752273,13.8160640897
0.0,-15.5417973176,13.8169198154
0.0,-15.540136652,13.8171352151
0.0,-15.537394398,13.8181293586
0.0,-15.5348662189,13.8179937183
0.0,-15.5340701417,13.8172896482
0.0,-15.5340630679,13.8141841294
0.0,-15.5340584066,13.8121373091
0.0,-15.5340561566,13.8111491896
0.0,-15.5341254857,13.8098785918
0.0,-15.5340642265,13.8085306632
0.0,-15.5331932864,13.8079220925
0.0,-15.5317938699,13.8069442337
0.0,-15.5301814309,13.805799411
0.0,-15.5281900258,13.8048091027
0.0,-15.5273839002,13.8041916103
0.0,-15.5265774156,13.8035738374
0.0,-15.5243078632,13.8023037962
0.0,-15.5225111809,13.8014848186
0.0,-15.5209919829,13.800629072
0.0,-15.5185396908,13.8003720458
0.0,-15.5162251652,13.799653573
0.0,-15.5138184329,13.7990708979
0.0,-15.5115511962,13.7988134142
0.0,-15.5083404097,13.7986121136
0.0,-15.5055096275,13.7987264538
0.0,-15.5046936968,13.7987066562
0.0,-15.5024462747,13.7986513584
0.0,-15.5000073021,13.7989230401
0.0,-15.4997176597,13.7989553018
0.0,-15.4970714979,13.7988792909
0.0,-15.4968402052,13.7989234777
0.0,-15.4966131818,13.8040377757
0.0,-15.4965794316,13.8042498352
0.0,-15.4965385826,13.8044607011
0.0,-15.4964906823,13.8046701418
0.0,-15.4964357822,13.8048779383
0.0,-15.4963739371,13.805083861
0.0,-15.4963052188,13.8052876925
0.0,-15.4962296953,13.8054892122
0.0,-15.496147453,13.805688203
0.0,-15.4960585785,13.8058844511
0.0,-15.4959631675,13.8060777466
0.0,-15.4958613214,13.8062678815
0.0,-15.4957531507,13.8064546492
0.0,-15.4956387735,13.8066378506
0.0,-15.4955183094,13.8068172884
0.0,-15.4953918897,13.8069927687
0.0,-15.4952596488,13.8071641052
0.0,-15.4951217326,13.8073311111
0.0,-15.4949782851,13.8074936071
0.0,-15.4948294631,13.8076514194
0.0,-15.4946754273,13.8078043776
0.0,-15.4945163402,13.8079523186
0.0,-15.4943523754,13.8080950829
0.0,-15.4941837101,13.8082325146
0.0,-15.4940105236,13.808364467
0.0,-15.4938330025,13.8084908002
0.0,-15.4936513371,13.8086113767
0.0,-15.4934657252,13.8087260674
0.0,-15.4932763643,13.8088347473
0.0,-15.493083458,13.808937302
0.0,-15.492887215,13.8090336189
0.0,-15.4926878442,13.8091235964
0.0,-15.4924855638,13.8092071364
0.0,-15.4922805884,13.8092841498
0.0,-15.4920731396,13.8093545529
0.0,-15.4918634377,13.8094182713
0.0,-15.4916517139,13.8094752338
0.0,-15.4914381899,13.8095253822
0.0,-15.491223099,13.8095686618
0.0,-15.4910066723,13.8096050268
0.0,-15.490789141,13.8096344352
0.0,-15.490570742,13.8096568568
0.0,-15.4892613917,13.8096445034
0.0,-15.4890646864,13.80962758
0.0,-15.4888687492,13.8096035969
0.0,-15.4886738484,13.8095725824
0.0,-15.4884802488,13.809534583
0.0,-15.4882882095,13.8094896472
0.0,-15.4880979935,13.8094378357
0.0,-15.4879098544,13.8093792205
0.0,-15.4877240514,13.8093138806
0.0,-15.4875408346,13.8092419024
0.0,-15.4873604522,13.8091633865
0.0,-15.4871831467,13.8090784375
0.0,-15.4870091591,13.8089871705
0.0,-15.4868387263,13.80888971
0.0,-15.4866720782,13.8087861856
0.0,-15.4865094407,13.8086767415
0.0,-15.4863510345,13.8085615221
0.0,-15.4861970727,13.8084406842
0.0,-15.4860477646,13.808314392
0.0,-15.4859033123,13.8081828187
0.0,-15.4857639124,13.8080461375
0.0,-15.4856297522,13.8079045398
0.0,-15.4855010133,13.8077582114
0.0,-15.485377872,13.8076073546
0.0,-15.4852604933,13.8074521716
0.0,-15.4851490369,13.8072928718
0.0,-15.4850436531,13.8071296738
0.0,-15.4849444847,13.806962796
0.0,-15.4848516674,13.8067924662
0.0,-15.4847653237,13.8066189137
0.0,-15.4846855744,13.8064423752
0.0,-15.4846125236,13.8062630874
0.0,-15.4845462735,13.8060812942
0.0,-15.4844869117,13.8058972432
0.0,-15.48443452,13.805711182
0.0,-15.4843891674,13.8055233618
0.0,-15.4843509191,13.8053340394
0.0,-15.484319822,13.8051434695
0.0,-15.4842959219,13.8049519107
0.0,-15.4843193278,13.8017891007
0.0,-15.4833211571,13.8019085938
0.0,-15.481017216,13.8021843873
0.0,-15.4779089944,13.8023893729
0.0,-15.4747544335,13.8025582413
0.0,-15.4705999185,13.8023582697
0.0,-15.4667771992,13.8015156245
0.0,-15.464175576,13.8010232489
0.0,-15.4610665488,13.8008211382
0.0,-15.4571074311,13.8011721257
0.0,-15.4544148083,13.8010053234
0.0,-15.4514919705,13.8013995119
0.0,-15.4483836349,13.8015589152
0.0,-15.4457933138,13.8016721305
0.0,-15.4447968798,13.8017627782
0.0,-15.4430552151,13.8019212137
0.0,-15.4409353402,13.8012920932
0.0,-15.4408694741,13.8012404691
0.0,-15.4390822409,13.7998396639
0.0,-15.4383567424,13.7986270664
0.0,-15.4326497998,13.7986374167
0.0,-15.4317285708,13.7986390763
0.0,-15.4276840479,13.7987326737
0.0,-15.4239665324,13.798818646
0.0,-15.4238963839,13.7920292279
0.0,-15.4238085326,13.7835251535
0.0,-15.42794902,13.7834721197
0.0,-15.4314574612,13.7834271248
0.0,-15.4314437573,13.7829830599
0.0,-15.4311203652,13.7818422477
0.0,-15.4308848766,13.7811818723
0.0,-15.4298278274,13.7782175637
0.0,-15.4285392709,13.776755017
0.0,-15.4276189729,13.7743136087
0.0,-15.4275344547,13.7740893924
0.0,-15.4266242986,13.7721198281
0.0,-15.426045212,13.770564452
0.0,-15.4255645611,13.7692734496
0.0,-15.4241355786,13.7668436309
0.0,-15.4229838797,13.7642686555
0.0,-15.4221434394,13.7622834869
0.0,-15.4218783935,13.7616574265
0.0,-15.4207734981,13.7593626589
0.0,-15.419863781,13.7575739026
0.0,-15.4191632325,13.7561949464
0.0,-15.4186291829,13.755143715
0.0,-15.4040675529,13.7538679618
0.0,-15.4040563897,13.7473583473
0.0,-15.4040439125,13.7400779021
0.0,-15.4146193763,13.7415109818
0.0,-15.4157626477,13.740473447
0.0,-15.4192250925,13.7370225968
0.0,-15.4224465511,13.7333460628
0.0,-15.4268583758,13.7281935921
0.0,-15.4299960372,13.7238660863
0.0,-15.4332248731,13.719357543
0.0,-15.436166884,13.7148494657
0.0,-15.4382599852,13.7114459818
0.0,-15.4397809981,13.7087747686
0.0,-15.4415413165,13.7055074794
0.0,-15.4424819047,13.7035889
0.0,-15.4433470475,13.701824166
0.0,-15.4455395656,13.697308282
0.0,-15.4477233875,13.6931269482
0.0,-15.4484864855,13.6907746529
0.0,-15.4508156768,13.6852909848
0.0,-15.4522518518,13.6819337925
0.0,-15.4536307218,13.677645373
0.0,-15.4551109275,13.673183832
0.0,-15.456784269,13.6682076635
0.0,-15.4579768154,13.663277582
0.0,-15.4591788242,13.6584831066
0.0,-15.4603734354,13.6546651736
0.0,-15.46175103,13.6498703595
0.0,-15.4626657568,13.6448051405
0.0,-15.4641526304,13.6387623133
0.0,-15.4651141342,13.6340225082
0.0,-15.4662603986,13.6292281004
0.0,-15.4670751696,13.6251305439
0.0,-15.467945188,13.6209334183
0.0,-15.4684263701,13.6164657612
0.0,-15.4691036653,13.6130104378
0.0,-15.4700115871,13.6093195846
0.0,-15.4708726361,13.605312346
0.0,-15.4717876524,13.6005624263
0.0,-15.4722320019,13.5972386431
0.0,-15.4724484689,13.595859325
0.0,-15.4730764253,13.5908850227
0.0,-15.5025290989,13.5906838413
0.0,-15.5317416205,13.5907690357
0.0,-15.560953457,13.5908519371
0.0,-15.5901666158,13.5909302803
0.0,-15.6064704916,13.5909725202
0.0,-15.6193799417,13.5910074585
0.0,-15.6485931309,13.5910800814
0.0,-15.6778053133,13.5911504119
0.0,-15.7070179193,13.5912161858
0.0,-15.7362306547,13.5912785338
0.0,-15.7568209815,13.5913208401
0.0,-15.7568209072,13.5913210049
0.0,-15.7567886841,13.5913209382
0.0,-15.7550283692,13.5952254638
0.0,-15.7538237792,13.5974895092
0.0,-15.7523185729,13.5976839325
0.0,-15.7516308496,13.5994400778
0.0,-15.7506574502,13.601477372
0.0,-15.7503363946,13.6025373363
0.0,-15.7497428166,13.6048447307
0.0,-15.7492854388,13.6063741368
0.0,-15.7490251894,13.6088613581
0.0,-15.7488547593,13.6105164823
0.0,-15.7489144417,13.6122251635
0.0,-15.7482650725,13.6140716012
0.0,-15.7483358632,13.6160062885
0.0,-15.7491448817,13.6175228407
0.0,-15.748318848,13.6194150183
0.0,-15.7481394778,13.6211696255
0.0,-15.7491405964,13.6220346044
0.0,-15.7506965093,13.6226628238
0.0,-15.7507228675,13.6226603265
0.0,-15.752766646,13.6224666937
0.0,-15.7544109367,13.6220819655
0.0,-15.7555847948,13.6220241528
0.0,-15.7555860021,13.6220255858
0.0,-15.7565869778,13.6232145933
0.0,-15.7562204218,13.6242283639
0.0,-15.7552911568,13.6256235897
0.0,-15.7542702961,13.6272903374
0.0,-15.753709302,13.6282142788
0.0,-15.7521247825,13.6299731425
0.0,-15.7508155541,13.6310892138
0.0,-15.7486995886,13.6317104235
0.0,-15.7471579077,13.6324112641
0.0,-15.7443411184,13.6325277636
0.0,-15.7443293521,13.63252825
0.0,-15.7427115588,13.6324975363
0.0,-15.742683671,13.6324970066
0.0,-15.7413160375,13.6326909629
0.0,-15.7395804947,13.6334917935
0.0,-15.7380295277,13.6341926069
0.0,-15.7368117869,13.6350280472
0.0,-15.7358337053,13.6356367323
0.0,-15.7352262548,13.6365155654
0.0,-15.7323179747,13.6377820668
0.0,-15.7309157391,13.6387626892
0.0,-15.7289854129,13.6393831901
0.0,-15.727951517,13.6398925519
0.0,-15.7270179295,13.6399495355
0.0,-15.7270179234,13.6399496521
0.0,-15.7245540868,13.6399657755
0.0,-15.7245533172,13.6399656638
0.0,-15.7245217826,13.6399658697
0.0,-15.7230603972,13.6397531287
0.0,-15.7221497023,13.6397557777
0.0,-15.7221173981,13.6397558716
0.0,-15.7211731638,13.6393517415
0.0,-15.7197892386,13.6372400149
0.0,-15.7194879757,13.6354495152
0.0,-15.7188173372,13.6337968379
0.0,-15.7168263918,13.6327085508
0.0,-15.7156051219,13.6323956128
0.0,-15.7138619295,13.6320402665
0.0,-15.7119098214,13.632144017
0.0,-15.7103572865,13.6323473751
0.0,-15.7103437255,13.6323450124
0.0,-15.7103249832,13.6323474675
0.0,-15.7090725194,13.6321292521
0.0,-15.707631596,13.6328705243
0.0,-15.7060344651,13.6336255236
0.0,-15.7051492895,13.6344146605
0.0,-15.7033218187,13.6354415463
0.0,-15.7033025584,13.6354343087
0.0,-15.7013874605,13.6347146392
0.0,-15.7005353929,13.6344910011
0.0,-15.7005219933,13.6344960533
0.0,-15.6988924702,13.63511046
0.0,-15.6970074532,13.6354412543
0.0,-15.6949386407,13.6361522987
0.0,-15.6940534174,13.6369413982
0.0,-15.6929839755,13.6379672223
0.0,-15.6916293961,13.6394990395
0.0,-15.6912187308,13.6413446838
0.0,-15.6918394256,13.6420753311
0.0,-15.6923611095,13.6431317528
0.0,-15.6930866472,13.6446396876
0.0,-15.6935608525,13.6455606136
0.0,-15.6931023572,13.6468548519
0.0,-15.6934390737,13.6481830364
0.0,-15.6929340818,13.6493869876
0.0,-15.6914860367,13.6505935666
0.0,-15.6901772132,13.6519896256
0.0,-15.6887753664,13.6531960613
0.0,-15.6872263852,13.6546831889
0.0,-15.686064898,13.6558889447
0.0,-15.685334035,13.6589380073
0.0,-15.6859106012,13.6600847058
0.0,-15.6864410741,13.6612767385
0.0,-15.6876308263,13.6634344009
0.0,-15.6887702211,13.664163614
0.0,-15.6901890066,13.6655792099
0.0,-15.6905805577,13.6666812019
0.0,-15.691583156,13.6680527389
0.0,-15.6917800182,13.6689744383
0.0,-15.6899540945,13.6706431905
0.0,-15.6894505153,13.672353464
0.0,-15.6884283377,13.673793928
0.0,-15.6879716308,13.67573011
0.0,-15.6877915025,13.6773852324
0.0,-15.68762159,13.6793748674
0.0,-15.6874992217,13.6818164526
0.0,-15.6874200157,13.6832000447
0.0,-15.6874343283,13.684945043
0.0,-15.6872052269,13.6859583433
0.0,-15.6863691848,13.6875350388
0.0,-15.685058668,13.6884236192
0.0,-15.6827568271,13.6886650599
0.0,-15.6818137815,13.6887219084
0.0,-15.6800773304,13.6894228914
0.0,-15.6795154521,13.6904913497
0.0,-15.6786768908,13.6915153571
0.0,-15.6780210535,13.6920686954
0.0,-15.6761052406,13.6944338086
0.0,-15.6755543515,13.6958186868
0.0,-15.6750976334,13.6978000565
0.0,-15.6745932525,13.6992842641
0.0,-15.6730083413,13.7012777454
0.0,-15.6722279251,13.7032599908
0.0,-15.6717594536,13.7043733876
0.0,-15.6714955841,13.7058931029
0.0,-15.670706564,13.7081115807
0.0,-15.6711002111,13.7099550108
0.0,-15.6717354729,13.712205788
0.0,-15.672496406,13.7131157959
0.0,-15.6735018966,13.7154638873
0.0,-15.6739406122,13.7168833603
0.0,-15.674243649,13.7193678561
0.0,-15.6734995396,13.7211239646
0.0,-15.6718821273,13.7250524427
0.0,-15.6712429509,13.7276400909
0.0,-15.6703720622,13.7303639913
0.0,-15.6703408169,13.7303607298
0.0,-15.6683459751,13.7301524843
0.0,-15.6683419929,13.7301555295
0.0,-15.66651866,13.7315498376
0.0,-15.6650125636,13.7320704032
0.0,-15.6628621348,13.733693512
0.0,-15.6610802179,13.734810414
0.0,-15.6589762623,13.7365339548
0.0,-15.6570102309,13.7379768201
0.0,-15.6564720304,13.7389050225
0.0,-15.6564556498,13.7388776228
0.0,-15.6564397123,13.7389051085
0.0,-15.6559009286,13.7398333113
0.0,-15.6547388772,13.7410389383
0.0,-15.6528085021,13.7420205529
0.0,-15.6514160979,13.7435545349
0.0,-15.6498189095,13.7446245337
0.0,-15.6477147829,13.7463479847
0.0,-15.6460242986,13.7471390435
0.0,-15.6441962222,13.7483554093
0.0,-15.6419875115,13.7493828782
0.0,-15.6389998342,13.7527722259
0.0,-15.6376906401,13.7543488678
0.0,-15.636195822,13.7556999404
0.0,-15.6331484957,13.7576065402
0.0,-15.6319770381,13.7588301742
0.0,-15.6308034367,13.7592581402
0.0,-15.6291479634,13.7593618307
0.0,-15.627789475,13.759835463
0.0,-15.6264678604,13.7602637859
0.0,-15.625960818,13.7609070345
0.0,-15.6251580358,13.7616504914
0.0,-15.6247911057,13.7628087587
0.0,-15.626309443,13.7633021966
0.0,-15.6263121375,13.764314859
0.0,-15.6266467315,13.7649107595
0.0,-15.6267504336,13.7656428724
0.0,-15.6257166473,13.7664863776
0.0,-15.6253949556,13.7672647798
0.0,-15.6250729257,13.7679165988
0.0,-15.6243710074,13.7683342969
0.0,-15.6238543327,13.7688419408
0.0,-15.6231061816,13.7692687942
0.0,-15.6226833459,13.7702825331
0.0,-15.621890633,13.7713514558
0.0,-15.62166169,13.7722290779
0.0,-15.6215823304,13.7737030737
0.0,-15.6215948547,13.7749417534
0.0,-15.6219314141,13.7762790731
0.0,-15.6221749684,13.7774267518
0.0,-15.6223717962,13.7783948447
0.0,-15.6225694607,13.7796782639
0.0,-15.6208600432,13.783932175
0.0,-15.6201991181,13.7849647856
0.0,-15.6194688733,13.786105686
0.0,-15.6153546655,13.7906006893
0.0,-15.6130556004,13.7923243524
0.0,-15.6107555372,13.7936772881
0.0,-15.6084668303,13.7961875119
0.0,-15.6066490874,13.7980455518
0.0,-15.6057798308,13.8017819154
0.0,-15.6051370627,13.803999844
0.0,-15.6043122798,13.8067222932
0.0,-15.6009462381,13.8109801471
0.0,-15.5984168616,13.8132117108
0.0,-15.5972109586,13.8156197379
0.0,-15.5952682456,13.8193677184
0.0,-15.593499736,13.8225094699
0.0,-15.591959366,13.8244119469
0.0,-15.5888678908,13.8276563143
0.0,-15.5881267456,13.8284401992
0.0,-15.5878451291,13.8293676485
0.0,-15.5848875727,13.8310564753
0.0,-15.5800773621,13.83123065
0.0,-15.5756326541,13.8298848649
0.0,-15.5712419813,13.8282676197
0.0,-15.566842741,13.8265508542
0.0,-15.5640330133,13.8239985187
0.0,-15.5598283134,13.8223263836
0.0,-15.5547619062,13.8201136181
0.0,-15.550511712,13.8187126736
0.0,-15.5480422047,13.8174838869
0.0,-15.5470565308,13.8169934214
0.0,-15.5454425922,13.8163058147
