56,0,37,54,120,
0.0,-16.2008462696,13.8905602871
0.0,-16.1965445197,13.8894959302
0.0,-16.1928417809,13.8905117409
0.0,-16.1919544456,13.8886606021
0.0,-16.1915483215,13.8866578882
0.0,-16.1906695354,13.8836054062
0.0,-16.1905546855,13.8822363535
0.0,-16.1906533971,13.8804436241
0.0,-16.1911859803,13.8790702868
0.0,-16.1924703305,13.877061589
0.0,-16.1935408487,13.8753692116
0.0,-16.1948423355,13.8736090295
0.0,-16.1944746678,13.8730164233
0.0,-16.1935474854,13.8718603961
0.0,-16.1920060669,13.8706339061
0.0,-16.1898728822,13.8688079704
0.0,-16.1881267747,13.8675236857
0.0,-16.1872244363,13.8667505949
0.0,-16.1840104767,13.8644699146
0.0,-16.1779813332,13.8602240369
0.0,-16.1757081552,13.8586359451
0.0,-16.1736250565,13.8572943998
0.0,-16.1713534591,13.8559526068
0.0,-16.1688707319,13.8546524804
0.0,-16.1679237876,13.8540151286
0.0,-16.1665140086,13.8533347757
0.0,-16.1654868709,13.8529068556
0.0,-16.1645770836,13.8527021238
0.0,-16.1637723616,13.8527511516
0.0,-16.1626553663,13.8528581625
0.0,-16.1611455301,13.8529274794
0.0,-16.1596756219,13.8531774071
0.0,-16.1579299371,13.8537913789
0.0,-16.156229217,13.8543203722
0.0,-16.1537910041,13.8550494608
0.0,-16.1506853808,13.8558867595
0.0,-16.1490312389,13.8563103904
0.0,-16.1473394145,13.8565985799
0.0,-16.1461652565,13.8569656993
0.0,-16.1454103875,13.8575749453
0.0,-16.1437182822,13.857808869
0.0,-16.1418790593,13.8582333181
0.0,-16.1404169345,13.8581949316
0.0,-16.1383461219,13.8585661905
0.0,-16.1367470081,13.8588990802
0.0,-16.1345757629,13.8595510306
0.0,-16.1318949507,13.8600697117
0.0,-16.1300545887,13.8602680666
0.0,-16.1283604319,13.8600860313
0.0,-16.1266081455,13.859361819
0.0,-16.1243454088,13.8583144787
0.0,-16.1233980783,13.8575775026
0.0,-16.1224514484,13.856985168
0.0,-16.1216445224,13.8565820412
0.0,-16.1207138475,13.856298799
0.0,-16.1170206669,13.8551747712
0.0,-16.1155589849,13.8552266381
0.0,-16.1144317239,13.855738044
0.0,-16.0992271594,13.863050684
0.0,-16.0970148124,13.8629407139
0.0,-16.0957471669,13.8629463931
0.0,-16.0907755373,13.8619922143
0.0,-16.0865348129,13.8597689968
0.0,-16.0856911285,13.8594111142
0.0,-16.0833742861,13.8586348419
0.0,-16.0742149495,13.8571111685
0.0,-16.0719560399,13.856849849
0.0,-16.0701134647,13.8565776482
0.0,-16.0684721844,13.8578324335
0.0,-16.0681886957,13.8585659675
0.0,-16.0676848318,13.8616962484
0.0,-16.067551904,13.8629806078
0.0,-16.0669980026,13.8652884021
0.0,-16.0664228807,13.8657823465
0.0,-16.0654956082,13.8665787289
0.0,-16.0630819918,13.86808726
0.0,-16.0628581217,13.8684992713
0.0,-16.06135021,13.86950686
0.0,-16.0585720266,13.8701385908
0.0,-16.054768382,13.8705840408
0.0,-16.0520855948,13.8707386013
0.0,-16.0511528743,13.8707659809
0.0,-16.0495844616,13.8712760214
0.0,-16.0495270487,13.8712946919
0.0,-16.0488635817,13.8714647917
0.0,-16.0488484764,13.8704839358
0.0,-16.0488330961,13.8691199796
0.0,-16.0488226166,13.8677526119
0.0,-16.0488167603,13.8663840941
0.0,-16.0488149419,13.8650132986
0.0,-16.0488171681,13.8636413556
0.0,-16.0488228587,13.8622682675
0.0,-16.0488314323,13.8608929068
0.0,-16.0488426031,13.8595164046
0.0,-16.048855798,13.8581398937
0.0,-16.0488712974,13.8567611125
0.0,-16.0488879579,13.8553834563
0.0,-16.0489057662,13.8540035349
0.0,-16.0489241573,13.852624741
0.0,-16.0489428333,13.8512448155
0.0,-16.0489615148,13.8498660201
0.0,-16.0489796133,13.8484860969
0.0,-16.0489968504,13.8471073073
0.0,-16.0490126467,13.8457296539
0.0,-16.0490267087,13.8443520077
0.0,-16.0490390414,13.8429754989
0.0,-16.0490484883,13.8416001324
0.0,-16.0490553381,13.840225907
0.0,-16.0490590136,13.8388528251
0.0,-16.049058652,13.8374820206
0.0,-16.0490545379,13.836112362
0.0,-16.0490460973,13.834744982
0.0,-16.0490324633,13.8333798843
0.0,-16.0490139196,13.8320159375
0.0,-16.0489896106,13.8306554055
0.0,-16.0489592406,13.8292971594
0.0,-16.0489225262,13.8279423306
0.0,-16.048879173,13.8265897902
0.0,-16.0488286087,13.8252406707
0.0,-16.0487702552,13.8238949746
0.0,-16.0487041067,13.8225515718
0.0,-16.0486295953,13.821212725
0.0,-16.0485461437,13.8198784365
0.0,-16.0484537471,13.8185475763
0.0,-16.0483518265,13.8172201467
0.0,-16.0482398089,13.8158972805
0.0,-16.0481174067,13.8145789787
0.0,-16.0479846233,13.8132663714
0.0,-16.0478405829,13.8119572021
0.0,-16.0476850062,13.8106537323
0.0,-16.04751731,13.8093548341
0.0,-16.0473377943,13.8080627666
0.0,-16.0471452869,13.8067741444
0.0,-16.0469262244,13.8059478455
0.0,-16.0469182899,13.8052709498
0.0,-16.046256971,13.804261198
0.0,-16.0451525399,13.8031990844
0.0,-16.0443867632,13.8024892474
0.0,-16.0432453126,13.801614878
0.0,-16.0418746782,13.8006872297
0.0,-16.0407460381,13.7999597064
0.0,-16.0394814066,13.799137824
0.0,-16.0382690123,13.7982942418
0.0,-16.0368697103,13.7971508341
0.0,-16.0358630523,13.7962170925
0.0,-16.0348564073,13.7952844762
0.0,-16.0338500548,13.7943507239
0.0,-16.0328434207,13.7934169681
0.0,-16.0318367995,13.7924843375
0.0,-16.0308301814,13.7915505722
0.0,-16.0298235712,13.7906168021
0.0,-16.0288172577,13.789683026
0.0,-16.0278106684,13.7887503765
0.0,-16.0268040822,13.7878165921
0.0,-16.0257975039,13.786882803
0.0,-16.0247909385,13.7859501393
0.0,-16.0237843762,13.7850163407
0.0,-16.0227781114,13.7840825361
0.0,-16.0217715699,13.7831498581
0.0,-16.0207650315,13.7822160453
0.0,-16.019758501,13.7812822277
0.0,-16.0187519785,13.7803484054
0.0,-16.0177457575,13.7794157073
0.0,-16.016739251,13.7784818755
0.0,-16.0157327524,13.7775480389
0.0,-16.0147262666,13.7766153278
0.0,-16.013719784,13.7756814818
0.0,-16.0127135988,13.7747476298
0.0,-16.0117071369,13.7738149044
0.0,-16.0107006782,13.7728810442
0.0,-16.0096942274,13.7719471793
0.0,-16.0086877894,13.7710144397
0.0,-16.0076813545,13.7700805653
0.0,-16.0066752162,13.769146685
0.0,-16.0056687972,13.7682128011
0.0,-16.0046623911,13.7672800426
0.0,-16.003655988,13.7663461492
0.0,-16.0026495929,13.7654122512
0.0,-16.0016435001,13.7644794773
0.0,-16.000637121,13.7635455698
0.0,-15.9996307498,13.7626116576
0.0,-15.9986243913,13.7616788707
0.0,-15.997376894,13.7605210316
0.0,-15.9964056673,13.7595530584
0.0,-15.9954347333,13.7585839496
0.0,-15.9944635226,13.7576159676
0.0,-15.9934923152,13.756646851
0.0,-15.9925211205,13.7556788601
0.0,-15.9915502176,13.7547097335
0.0,-15.9905790389,13.7537417338
0.0,-15.9896078634,13.7527725994
0.0,-15.9886367007,13.7518045908
0.0,-15.9876658308,13.7508354464
0.0,-15.9866946841,13.7498674289
0.0,-15.9857235454,13.7488994069
0.0,-15.983891283,13.7470714028
0.0,-15.9825222121,13.7472893242
0.0,-15.9811522621,13.7475049815
0.0,-15.9797817066,13.747714983
0.0,-15.9784108455,13.7479215879
0.0,-15.9770379401,13.748123673
0.0,-15.9755681973,13.7481837377
0.0,-15.9742083438,13.748398187
0.0,-15.9732747112,13.7492200856
0.0,-15.9720463333,13.7517405945
0.0,-15.9707193599,13.7513129838
0.0,-15.9693641741,13.7509114695
0.0,-15.9679848063,13.7505326449
0.0,-15.9665855743,13.7501719723
0.0,-15.9651699323,13.7498260474
0.0,-15.9637427828,13.7494925904
0.0,-15.9623075727,13.7491659372
0.0,-15.9608686175,13.7488415503
0.0,-15.9594302484,13.7485182825
0.0,-15.9579961993,13.7481904688
0.0,-15.956570793,13.747854702
0.0,-15.9551580561,13.7475064462
0.0,-15.9537620276,13.7471434257
0.0,-15.9523867294,13.7467599746
0.0,-15.9510364894,13.7463538162
0.0,-15.949715336,13.7459204149
0.0,-15.9484273012,13.7454563652
0.0,-15.9471764136,13.7449571316
0.0,-15.9459667071,13.7444193088
0.0,-15.9448024988,13.7438383603
0.0,-15.9436878262,13.7432120109
0.0,-15.942626718,13.7425357255
0.0,-15.941623492,13.7418049676
0.0,-15.9406839054,13.7410140653
0.0,-15.9398494234,13.7401244366
0.0,-15.9391255251,13.7391326714
0.0,-15.93850184,13.7380478512
0.0,-15.9379668448,13.7368790617
0.0,-15.9375095997,13.7356376464
0.0,-15.9371194523,13.7343338174
0.0,-15.9367854556,13.7329766578
0.0,-15.9366571282,13.7323554144
0.0,-15.9364966752,13.7315786408
0.0,-15.9362421596,13.7301477192
0.0,-15.9360106837,13.728695237
0.0,-15.9357915929,13.7272314058
0.0,-15.9355739409,13.7257653085
0.0,-15.9353467962,13.7243094178
0.0,-15.9350989233,13.7228728174
0.0,-15.9348196661,13.7214645887
0.0,-15.9341932129,13.7190043807
0.0,-15.9328327359,13.7187394167
0.0,-15.931472266,13.7184755751
0.0,-15.9301117942,13.7182105958
0.0,-15.92875104,13.7179467399
0.0,-15.9273905733,13.7176817452
0.0,-15.9260301093,13.7174167427
0.0,-15.9246696522,13.7171528627
0.0,-15.9233091933,13.7168878449
0.0,-15.9219487413,13.7166239495
0.0,-15.920587999,13.7163589174
0.0,-15.9192301527,13.716094997
0.0,-15.9173968218,13.7165504773
0.0,-15.9159915503,13.7169489809
0.0,-15.9147877869,13.7174439236
0.0,-15.9134853551,13.7184319697
0.0,-15.9127865062,13.7196132959
0.0,-15.9116859487,13.7207961032
0.0,-15.9108168336,13.7221290397
0.0,-15.9053654397,13.7227103058
0.0,-15.8978810178,13.7214547519
0.0,-15.8963961512,13.7210914197
0.0,-15.8965696016,13.7166910637
0.0,-15.8970786795,13.7037758411
0.0,-15.8969853967,13.701289392
0.0,-15.8968717352,13.6982596057
0.0,-15.8992159731,13.6950985345
0.0,-15.8994717241,13.69510781
0.0,-15.9020144786,13.6927196277
0.0,-15.901738793,13.6925098804
0.0,-15.9014874296,13.6923245784
0.0,-15.9006312635,13.6916934213
0.0,-15.8995044806,13.6909030203
0.0,-15.8983219122,13.6901828856
0.0,-15.8971244074,13.6894842718
0.0,-15.8959723667,13.6887335002
0.0,-15.8949167023,13.6878682288
0.0,-15.8939162601,13.6869326834
0.0,-15.892953215,13.6859506622
0.0,-15.8920241508,13.6849357398
0.0,-15.8911256298,13.68389584
0.0,-15.8902553828,13.682842273
0.0,-15.8894263195,13.6817501291
0.0,-15.8886488366,13.6806182414
0.0,-15.8879290403,13.6794567599
0.0,-15.887261988,13.6782577917
0.0,-15.8868016329,13.6769292435
0.0,-15.8870591948,13.6756467221
0.0,-15.8874916308,13.6743816568
0.0,-15.8879960161,13.6731185934
0.0,-15.8884188663,13.6721507928
0.0,-15.8891195122,13.6706010941
0.0,-15.889687762,13.6693445798
0.0,-15.8902276984,13.6680904264
0.0,-15.8907468019,13.6668295659
0.0,-15.8912574827,13.6655585634
0.0,-15.8917611985,13.6642808041
0.0,-15.8922591096,13.6629974141
0.0,-15.8927535358,13.6617106453
0.0,-15.8932456329,13.6604204936
0.0,-15.8937371472,13.6591303432
0.0,-15.8942292344,13.65784019
0.0,-15.8947239249,13.6565522869
0.0,-15.895222669,13.6552677588
0.0,-15.895727211,13.6539899899
0.0,-15.8964439716,13.652218705
0.0,-15.8971039513,13.6506386203
0.0,-15.8970074664,13.6489595543
0.0,-15.8972816745,13.6481267671
0.0,-15.8983017829,13.6465137336
0.0,-15.8983901966,13.6454465447
0.0,-15.8991693734,13.6436897196
0.0,-15.8998203454,13.6422588424
0.0,-15.9001858291,13.641425722
0.0,-15.9006904631,13.6401142143
0.0,-15.8966931766,13.6396229358
0.0,-15.8976311118,13.6311931876
0.0,-15.8977987556,13.6279683537
0.0,-15.8981526871,13.6211599164
0.0,-15.8972316488,13.6148044484
0.0,-15.8910398918,13.6145963318
0.0,-15.8909804803,13.5915575377
0.0,-15.8915613166,13.5915545085
0.0,-15.9114698396,13.5915842097
0.0,-15.9406812376,13.5916225866
0.0,-15.9698921273,13.5916586698
0.0,-15.9991022033,13.5916902004
0.0,-16.0276966015,13.591330952
0.0,-16.056543078,13.5914182744
0.0,-16.0853893205,13.5915022558
0.0,-16.0913571345,13.5915180076
0.0,-16.1414266395,13.5916558583
0.0,-16.1333008312,13.5984453491
0.0,-16.1304098281,13.606698675
0.0,-16.1312536376,13.6068666275
0.0,-16.1372126056,13.6105577964
0.0,-16.1390401728,13.6115944945
0.0,-16.1417466066,13.6131296923
0.0,-16.1420240237,13.6149368965
0.0,-16.1423033946,13.6167567922
0.0,-16.1427778026,13.6198471322
0.0,-16.140709716,13.6208588404
0.0,-16.1390274155,13.6216818031
0.0,-16.1349974218,13.6236531653
0.0,-16.1314370813,13.6253947071
0.0,-16.1284621734,13.6268498269
0.0,-16.1278274532,13.631393245
0.0,-16.1271288657,13.6363936929
0.0,-16.1266996907,13.6394656231
0.0,-16.1258468276,13.639737431
0.0,-16.1266882742,13.6401580423
0.0,-16.1283814799,13.6404758214
0.0,-16.1305013707,13.6404661822
0.0,-16.1325228127,13.6404569739
0.0,-16.1346361971,13.6398958479
0.0,-16.1371351951,13.6403545354
0.0,-16.1378820703,13.6408940577
0.0,-16.1382669071,13.6411720524
0.0,-16.1384486521,13.6414107319
0.0,-16.1389687608,13.6413366622
0.0,-16.1396988707,13.6423465867
0.0,-16.1366933417,13.6476042444
0.0,-16.1378721058,13.6503347826
0.0,-16.1413789651,13.652370633
0.0,-16.1427887507,13.6546440893
0.0,-16.1474421586,13.6597662909
0.0,-16.1479453335,13.6603201377
0.0,-16.1514557428,13.6630397904
0.0,-16.1533508399,13.6691868065
0.0,-16.1541191301,13.6704501797
0.0,-16.1555594997,13.6728186741
0.0,-16.15678362,13.6782296078
0.0,-16.1590918817,13.6865510837
0.0,-16.159847871,13.6892451851
0.0,-16.1602422702,13.6961526974
0.0,-16.1605001017,13.7006679731
0.0,-16.1606986884,13.7041455264
0.0,-16.1610623701,13.7105136751
0.0,-16.161140456,13.7118808951
0.0,-16.1612066673,13.7130401729
0.0,-16.161246271,13.7137335805
0.0,-16.1612955619,13.7145965938
0.0,-16.161390322,13.7162556558
0.0,-16.1614686137,13.7176263761
0.0,-16.1614884244,13.7179732049
0.0,-16.1615733398,13.719459845
0.0,-16.1616517283,13.7208321871
0.0,-16.1617198952,13.7220255635
0.0,-16.1617599989,13.722727636
0.0,-16.1618078027,13.7235644938
0.0,-16.1618531097,13.7243576369
0.0,-16.1619286865,13.7256806535
0.0,-16.1620142104,13.7271777683
0.0,-16.1620889747,13.728486506
0.0,-16.1621786318,13.7298682653
0.0,-16.1622422058,13.7307912514
0.0,-16.1624206947,13.7333825595
0.0,-16.1624926117,13.7344266246
0.0,-16.1625440886,13.7351739454
0.0,-16.1625623334,13.7354388157
0.0,-16.1629731342,13.7360745214
0.0,-16.1635235228,13.7369262307
0.0,-16.1640074245,13.7376750473
0.0,-16.1642881629,13.7381094743
0.0,-16.1646513661,13.7386715092
0.0,-16.1646740759,13.7392531496
0.0,-16.1647045243,13.7400329868
0.0,-16.1647362787,13.7408462676
0.0,-16.1647835998,13.7420582259
0.0,-16.1648003764,13.7424878833
0.0,-16.1666258748,13.744864212
0.0,-16.167099036,13.7454801347
0.0,-16.1695386948,13.7454685782
0.0,-16.1709232817,13.7454086499
0.0,-16.1720679875,13.7453590988
0.0,-16.1731889583,13.7448702395
0.0,-16.1737745669,13.7441467707
0.0,-16.1740865646,13.7429767427
0.0,-16.1741185108,13.741606647
0.0,-16.1758344366,13.7397144305
0.0,-16.1767265237,13.7393183828
0.0,-16.1776709101,13.7398764222
0.0,-16.1776890515,13.7398928092
0.0,-16.1797905098,13.7417909746
0.0,-16.1810085544,13.7428911642
0.0,-16.18370865,13.7453299427
0.0,-16.1861670322,13.7475503276
0.0,-16.1892526294,13.7503371063
0.0,-16.196030204,13.7564579328
0.0,-16.198982049,13.7591235776
0.0,-16.2012545409,13.7615988575
0.0,-16.2025642176,13.7623582946
0.0,-16.2059562889,13.7643251827
0.0,-16.2095724115,13.766421896
0.0,-16.210914388,13.7677204821
0.0,-16.214070849,13.7707747958
0.0,-16.2146981264,13.7713817586
0.0,-16.2161040078,13.7727420916
0.0,-16.2168028802,13.7734183131
0.0,-16.2185141332,13.7750740748
0.0,-16.2197441019,13.7762641349
0.0,-16.221203097,13.7776757663
0.0,-16.2214251076,13.779177327
0.0,-16.2218746047,13.7811960483
0.0,-16.2232973392,13.7837148493
0.0,-16.2256725499,13.7866018275
0.0,-16.2309681653,13.7904504903
0.0,-16.2338866138,13.791234627
0.0,-16.234915559,13.7915243616
0.0,-16.2416433244,13.7954058792
0.0,-16.2436675248,13.7963006484
0.0,-16.2456572802,13.7975519042
0.0,-16.2454397361,13.8005168014
0.0,-16.2450141148,13.802934107
0.0,-16.2441931327,13.8075967545
0.0,-16.2432658468,13.812253058
0.0,-16.2428438116,13.8143722285
0.0,-16.2405931784,13.8241534224
0.0,-16.2398571816,13.8265116739
0.0,-16.2392290817,13.8280283519
0.0,-16.2390351749,13.8305747037
0.0,-16.2389373574,13.8318592153
0.0,-16.2398016446,13.8348746041
0.0,-16.2414776956,13.837016166
0.0,-16.2460213463,13.8396127676
0.0,-16.2479471501,13.8408018323
0.0,-16.2477281351,13.8414869835
0.0,-16.2455244466,13.8430547433
0.0,-16.2430435051,13.8437061386
0.0,-16.2387053492,13.8434738455
0.0,-16.2337402677,13.842806316
0.0,-16.2322729891,13.8426090279
0.0,-16.2276257289,13.8425566762
0.0,-16.2244017533,13.842520306
0.0,-16.2222675061,13.8455321118
0.0,-16.2187064036,13.8505572639
0.0,-16.2175836311,13.8521415827
0.0,-16.2161976301,13.8540973034
0.0,-16.2149683534,13.8573234316
0.0,-16.2143305556,13.858997244
0.0,-16.2129976167,13.8624952826
0.0,-16.2119409648,13.8628730982
0.0,-16.2109123264,13.8632408926
0.0,-16.2098435277,13.8637725498
0.0,-16.208985964,13.8645804731
0.0,-16.2079799325,13.8669773602
0.0,-16.2075016888,13.8691802871
0.0,-16.2080665417,13.8720864223
0.0,-16.2085844434,13.874035316
0.0,-16.2088968384,13.8744829616
0.0,-16.2077101635,13.8775209274
0.0,-16.2061422307,13.8815348206
0.0,-16.204629757,13.88386819
0.0,-16.2025267623,13.8871125008
0.0,-16.2018560123,13.8881472525
0.0,-16.2010987234,13.8906227475
0.0,-16.2008462696,13.8905602871
