10,5,18,52,84,
0.0,-17.16727416,14.8859472557
0.0,-17.1672741754,14.8859472221
0.0,-17.1686754579,14.8866141
0.0,-17.16727416,14.8859472557
1.0,-17.1599983643,14.8933496953
1.0,-17.1599989189,14.8933493088
1.0,-17.1599989898,14.8933494319
1.0,-17.1599983643,14.8933496953
2.0,-17.1599983643,14.8933496953
2.0,-17.1577104492,14.8945233063
2.0,-17.1559765695,14.8953528444
2.0,-17.1540370053,14.8965231449
2.0,-17.1523734459,14.897419766
2.0,-17.1512666412,14.8982433801
2.0,-17.1499528038,14.8992722377
2.0,-17.1486355922,14.8999622801
2.0,-17.1473230746,14.9011266493
2.0,-17.1459354889,14.9017495701
2.0,-17.1446195896,14.9025751169
2.0,-17.1426751975,14.9032710026
2.0,-17.1405894159,14.9037648898
2.0,-17.1394094986,14.9042502967
2.0,-17.1375367594,14.9051487787
2.0,-17.1357330179,14.9059788348
2.0,-17.1340706328,14.9070108668
2.0,-17.132130161,14.9081132476
2.0,-17.1299089283,14.9090149204
2.0,-17.1288013032,14.9097706816
2.0,-17.1275596285,14.9110698358
2.0,-17.1270108024,14.911955933
2.0,-17.1266492262,14.9125397052
2.0,-17.1264466945,14.9127931302
2.0,-17.1262830302,14.9129979198
2.0,-17.1262814312,14.9130072181
2.0,-17.1262359729,14.9130488096
2.0,-17.1262357172,14.9130520974
2.0,-17.1261469365,14.9131547356
2.0,-17.1260635783,14.913260252
2.0,-17.1259347218,14.91342336
2.0,-17.1257229908,14.9136910517
2.0,-17.1255079477,14.9139647287
2.0,-17.1254212373,14.9140819043
2.0,-17.1253708734,14.914160788
2.0,-17.1252864977,14.914286441
2.0,-17.1251789575,14.9144465911
2.0,-17.1250575359,14.9146264997
2.0,-17.1249211124,14.9148286357
2.0,-17.1248334473,14.9149576588
2.0,-17.1246555776,14.9152194395
2.0,-17.1243660517,14.9156438624
2.0,-17.1242970075,14.9157443479
2.0,-17.1242061553,14.9158802749
2.0,-17.1240630952,14.9160943137
2.0,-17.1238509155,14.9164103865
2.0,-17.1236935778,14.9166378729
2.0,-17.1235632133,14.9168309028
2.0,-17.1233169142,14.9171955949
2.0,-17.1229080435,14.917795081
2.0,-17.1227716233,14.9179948099
2.0,-17.1225110664,14.9178958855
2.0,-17.122062537,14.9190498546
2.0,-17.1215846889,14.9200708232
2.0,-17.1213849282,14.9210214433
2.0,-17.1210150728,14.9218116653
2.0,-17.121016134,14.9218179182
2.0,-17.120963805,14.9220244062
2.0,-17.1209158649,14.9221337847
2.0,-17.1207797078,14.9224444313
2.0,-17.1206462671,14.9227488803
2.0,-17.1205862423,14.9228858271
2.0,-17.1204208509,14.9232631711
2.0,-17.1203535589,14.9234166993
2.0,-17.1202009362,14.9237753019
2.0,-17.1201135468,14.9239806329
2.0,-17.1198882365,14.9245100188
2.0,-17.1197208334,14.9249033475
2.0,-17.1196184715,14.9251438549
2.0,-17.1194814576,14.9259184684
2.0,-17.1194250536,14.9272743741
2.0,-17.1192359109,14.9293092016
2.0,-17.1186936549,14.9308729181
2.0,-17.1182894495,14.9322998165
2.0,-17.1176821375,14.9343385191
2.0,-17.1169931702,14.9351581321
2.0,-17.1163805303,14.936654729
2.0,-17.1158369141,14.9380829167
2.0,-17.1152216057,14.9393084599
2.0,-17.1148140507,14.9403965406
2.0,-17.1142000582,14.9417576086
2.0,-17.1135820793,14.942712097
2.0,-17.1129640953,14.9436665843
2.0,-17.1121409925,14.9450295834
2.0,-17.1113165547,14.9462570542
2.0,-17.1107695749,14.9473464201
2.0,-17.1101542167,14.9485719558
2.0,-17.1093251201,14.9493250793
2.0,-17.1084296288,14.9504176608
2.0,-17.1078093677,14.9516488853
2.0,-17.099918246,14.945307191
2.0,-17.0890395358,14.937029421
2.0,-17.0822669435,14.9305310474
2.0,-17.0809300296,14.9239107378
2.0,-17.0808172951,14.9222751028
2.0,-17.0803900681,14.916081362
2.0,-17.0775340201,14.9118784142
2.0,-17.0690275345,14.9037043359
2.0,-17.0607964708,14.8952032081
2.0,-17.0555059875,14.8732836453
2.0,-17.0559858486,14.8670533735
2.0,-17.057163394,14.8569945188
2.0,-17.058093665,14.8492782666
2.0,-17.0588986026,14.8430450814
2.0,-17.0592192744,14.8326674645
2.0,-17.0564319915,14.8344567358
2.0,-17.0528848674,14.8376206308
2.0,-17.047552797,14.8411471572
2.0,-17.0425680913,14.8436279259
2.0,-17.0396937184,14.8422607274
2.0,-17.0371835302,14.8415871902
2.0,-17.0339545611,14.8405720845
2.0,-17.0321531486,14.839196414
2.0,-17.0292756526,14.8374823258
2.0,-17.0267525765,14.8354171704
2.0,-17.0242295357,14.8333508514
2.0,-17.0220577002,14.8305867353
2.0,-17.0202532141,14.8288630757
2.0,-17.0184519808,14.8274872733
2.0,-17.016286713,14.8254177069
2.0,-17.0130580524,14.8244022637
2.0,-17.0089866182,14.8243824984
2.0,-17.0034575374,14.8283570781
2.0,-16.9989814508,14.8315734933
2.0,-16.9931535624,14.8286079731
2.0,-16.9904220123,14.8243404982
2.0,-16.9872941202,14.8194535438
2.0,-16.9849686474,14.8129336032
2.0,-16.9835548923,14.808969608
2.0,-16.9835109727,14.8088464591
2.0,-16.9819691535,14.8014477828
2.0,-16.9815083874,14.8002803919
2.0,-16.9807711918,14.7984126064
2.0,-16.9797891936,14.7963087058
2.0,-16.9774183244,14.7951486793
2.0,-16.975965809,14.7944379687
2.0,-16.9745787227,14.7932750172
2.0,-16.9741431506,14.7928627468
2.0,-16.9740508385,14.7927753735
2.0,-16.9730237512,14.7918032199
2.0,-16.971858102,14.7912179133
2.0,-16.9713188586,14.7909098515
2.0,-16.9712309427,14.7908596261
2.0,-16.9701529049,14.7902437522
2.0,-16.9700839222,14.789407502
2.0,-16.9703352766,14.7866258534
2.0,-16.9707667268,14.786015809
2.0,-16.9712311825,14.785359092
2.0,-16.9712856311,14.7852821047
2.0,-16.9718355441,14.7845045496
2.0,-16.9719615416,14.7843263927
2.0,-16.9721854011,14.7840098631
2.0,-16.9723288208,14.78358615
2.0,-16.9727729995,14.7830047481
2.0,-16.9730991855,14.7825777882
2.0,-16.9732151904,14.7824259444
2.0,-16.9737868918,14.7816776133
2.0,-16.9738765469,14.7815602583
2.0,-16.9746072223,14.7806038284
2.0,-16.9750571269,14.7800149137
2.0,-16.9753501443,14.7796313576
2.0,-16.9760169284,14.7787585422
2.0,-16.9762156373,14.7784984308
2.0,-16.9763736194,14.7782916322
2.0,-16.9736866384,14.7762315118
2.0,-16.9730335101,14.7757307442
2.0,-16.9715477713,14.7745915784
2.0,-16.9710534749,14.7680055012
2.0,-16.970084499,14.7550925333
2.0,-16.9641538421,14.748864688
2.0,-16.9739715501,14.7461149776
2.0,-16.9805318499,14.7469928208
2.0,-16.9731371573,14.7392008034
2.0,-16.9660735782,14.7317568809
2.0,-16.9638162548,14.7293778426
2.0,-16.9631152318,14.7285664074
2.0,-16.9631857631,14.7277106252
2.0,-16.9634772446,14.7250061526
2.0,-16.9635467087,14.7223939307
2.0,-16.9642102365,14.7192762584
2.0,-16.9648459556,14.7173641034
2.0,-16.9664557551,14.7164953366
2.0,-16.9690081779,14.7153621312
2.0,-16.9725051764,14.7139587943
2.0,-16.9752960652,14.71250721
2.0,-16.9765088061,14.7118891471
2.0,-16.9782350469,14.7110091483
2.0,-16.9804092015,14.7100597944
2.0,-16.9827737487,14.7087021413
2.0,-16.9848966757,14.7083496105
2.0,-16.987401161,14.707072047
2.0,-16.9891961899,14.7063969702
2.0,-16.9912803043,14.7058639842
2.0,-16.9932222186,14.7039857406
2.0,-16.9941285558,14.7025772636
2.0,-16.9958882073,14.7000589686
2.0,-16.9965585756,14.6982277938
2.0,-16.9975521146,14.6972252064
2.0,-16.9983152127,14.6964053344
2.0,-16.99893512,14.6961740762
2.0,-17.0080025919,14.6918124
2.0,-17.0226661146,14.6841485473
2.0,-17.0309963858,14.6792005357
2.0,-17.0311599482,14.6809425646
2.0,-17.0443686367,14.6795188817
2.0,-17.0445726942,14.6787933146
2.0,-17.0539308237,14.6806649699
2.0,-17.0567919987,14.6812371304
2.0,-17.0660703372,14.6825128689
2.0,-17.0798803715,14.6844109703
2.0,-17.0911477946,14.6892141157
2.0,-17.0922837659,14.6897962579
2.0,-17.092189389,14.6901361331
2.0,-17.0930875431,14.6916007809
2.0,-17.0947168652,14.6934987344
2.0,-17.0955104297,14.6942948835
2.0,-17.0965548593,14.694610597
2.0,-17.0976924199,14.6943899191
2.0,-17.0979759408,14.6938657031
2.0,-17.0980405645,14.6939479864
2.0,-17.0980411761,14.693950689
2.0,-17.0981232953,14.694056927
2.0,-17.0982231518,14.6941861109
2.0,-17.0985022384,14.6945471654
2.0,-17.0987175704,14.6948257398
2.0,-17.0987583597,14.6948647078
2.0,-17.0987597583,14.6948637012
2.0,-17.0987671466,14.6948731078
2.0,-17.1013122274,14.6973045036
2.0,-17.1038599829,14.7000091823
2.0,-17.1058421303,14.7021734083
2.0,-17.109228042,14.7045970551
2.0,-17.1092809985,14.704622233
2.0,-17.1091596198,14.7057048506
2.0,-17.1088910477,14.7082032076
2.0,-17.1095831325,14.7091378576
2.0,-17.1102114066,14.7099863214
2.0,-17.1110188266,14.7110767029
2.0,-17.1148069172,14.7128871387
2.0,-17.1165092791,14.713700715
2.0,-17.1177240092,14.71364473
2.0,-17.1186044615,14.7136041474
2.0,-17.1200261793,14.7151223041
2.0,-17.1217058461,14.7169158656
2.0,-17.1235536685,14.7174870634
2.0,-17.1256294467,14.7175431381
2.0,-17.125727307,14.7175457811
2.0,-17.1264642477,14.71836856
2.0,-17.1246677548,14.719263799
2.0,-17.1169315313,14.7200191262
2.0,-17.1141955096,14.7224743559
2.0,-17.1120458931,14.7244033058
2.0,-17.1107667545,14.7284106965
2.0,-17.1102191505,14.7301262408
2.0,-17.1102403279,14.7323259211
2.0,-17.1102787131,14.7363120128
2.0,-17.1115166532,14.7429501228
2.0,-17.1122851273,14.7491294068
2.0,-17.1196568766,14.75141044
2.0,-17.1219072116,14.7521053838
2.0,-17.1219142753,14.7521125911
2.0,-17.1223621402,14.7525695455
2.0,-17.1226376777,14.7528520344
2.0,-17.1235803841,14.7538185127
2.0,-17.1244713034,14.7554506863
2.0,-17.1243643907,14.7570616751
2.0,-17.1243403768,14.7574235247
2.0,-17.1241207341,14.7582416284
2.0,-17.1255256144,14.7635173288
2.0,-17.1256632544,14.7725254084
2.0,-17.1274758258,14.7757853953
2.0,-17.1291779268,14.7839385569
2.0,-17.1318588345,14.7967163379
2.0,-17.1326609539,14.797866189
2.0,-17.1321242676,14.7980505745
2.0,-17.1322186349,14.7985016342
2.0,-17.1369010651,14.8089010881
2.0,-17.1386490044,14.8127828509
2.0,-17.1395930504,14.815999039
2.0,-17.1412010097,14.8214767663
2.0,-17.1428363097,14.8270472656
2.0,-17.1514970617,14.8416224101
2.0,-17.1544304566,14.8650775055
2.0,-17.1553393396,14.8723431971
2.0,-17.1555126239,14.8891957191
2.0,-17.1559186692,14.8895719956
2.0,-17.1568286792,14.8904152816
2.0,-17.1599983643,14.8933496953
