96,13,22,95,48,
0.0,-16.6305902585,13.169193575
0.0,-16.6257597898,13.1658124043
0.0,-16.6162175357,13.1656506905
0.0,-16.6110193944,13.1674418782
0.0,-16.6028340451,13.1697891512
0.0,-16.595124866,13.1703155355
0.0,-16.5864215154,13.1680734711
0.0,-16.5835418802,13.1652869692
0.0,-16.5717330697,13.1649226181
0.0,-16.5647301587,13.1646942215
0.0,-16.5630714616,13.1647915893
0.0,-16.5511556693,13.16549075
0.0,-16.5353319224,13.1651339176
0.0,-16.5070966735,13.1654278298
0.0,-16.501672506,13.1655193505
0.0,-16.4898562705,13.1657183272
0.0,-16.4699671563,13.1650705748
0.0,-16.4674537178,13.1649886067
0.0,-16.4598000182,13.1655023304
0.0,-16.4370675996,13.1653323022
0.0,-16.4301640284,13.16478326
0.0,-16.4135312408,13.1645047557
0.0,-16.411336562,13.1630523321
0.0,-16.4098113358,13.1609001214
0.0,-16.4079184925,13.1589849583
0.0,-16.4063503445,13.1573844055
0.0,-16.4034573932,13.1547876261
0.0,-16.4012884254,13.1529643142
0.0,-16.3987309872,13.1509532522
0.0,-16.3955034084,13.1480327414
0.0,-16.3942644681,13.1457432563
0.0,-16.3929707632,13.1420709081
0.0,-16.3913948254,13.1390509714
0.0,-16.3904758606,13.1363890784
0.0,-16.3893286613,13.1341442628
0.0,-16.38840898,13.1313467581
0.0,-16.3878151302,13.1274355418
0.0,-16.3875105264,13.1242640618
0.0,-16.381750452,13.08567529
0.0,-16.3816854848,13.0852399604
0.0,-16.3745958238,13.0618468821
0.0,-16.3719928031,13.0603395831
0.0,-16.3685396739,13.057880828
0.0,-16.3664270542,13.0577111916
0.0,-16.3638476826,13.0581858651
0.0,-16.3607855336,13.0580663902
0.0,-16.3574878697,13.0570350363
0.0,-16.354661242,13.0561367771
0.0,-16.3505525241,13.0536359895
0.0,-16.3474387147,13.0523232848
0.0,-16.3438060547,13.0508685877
0.0,-16.3401866957,13.0501641236
0.0,-16.3388652014,13.0498454757
0.0,-16.3372136301,13.0494472276
0.0,-16.3346708464,13.047986759
0.0,-16.330327045,13.0461377443
0.0,-16.3263563891,13.0433555678
0.0,-16.3232827647,13.0412106153
0.0,-16.3222717024,13.0392698103
0.0,-16.3183650127,13.0317691394
0.0,-16.3180684689,13.029745569
0.0,-16.3163740624,13.0231726686
0.0,-16.3165434225,13.0203240377
0.0,-16.316608644,13.0169606241
0.0,-16.3171453102,13.0138298709
0.0,-16.3197136544,13.011330671
0.0,-16.3210589213,13.0094343537
0.0,-16.3298409127,13.0001229786
0.0,-16.3305078366,12.9989804581
0.0,-16.3307965352,12.997794672
0.0,-16.3311761685,12.9963733665
0.0,-16.3316138109,12.9954580319
0.0,-16.3321737524,12.9950031356
0.0,-16.3334054634,12.9943187787
0.0,-16.3345360499,12.993689179
0.0,-16.3350112745,12.9929092545
0.0,-16.3349231858,12.991951414
0.0,-16.3341341372,12.9909338894
0.0,-16.333390224,12.9897353201
0.0,-16.333255279,12.9886330704
0.0,-16.3334442406,12.9877642122
0.0,-16.3343744563,12.9868182583
0.0,-16.3351955302,12.985983283
0.0,-16.3367022947,12.985026287
0.0,-16.3384973357,12.9845379051
0.0,-16.339387411,12.9837648792
0.0,-16.3403861148,12.9826206308
0.0,-16.3411379019,12.9818483128
0.0,-16.3421767141,12.9813095644
0.0,-16.3428833223,12.9807092445
0.0,-16.3434594629,12.9798474231
0.0,-16.3436558548,12.9786530651
0.0,-16.3445050858,12.977147957
0.0,-16.3469714749,12.9745044197
0.0,-16.3485700594,12.9735016869
0.0,-16.3503111438,12.9732847263
0.0,-16.3526083334,12.9736253721
0.0,-16.3541107228,12.9735904359
0.0,-16.355149665,12.9730878022
0.0,-16.3562888326,12.9706680684
0.0,-16.3566421155,12.9678184873
0.0,-16.3560935234,12.9652436885
0.0,-16.3552569345,12.9639552604
0.0,-16.3532974673,12.9629800426
0.0,-16.3517996257,12.9621380195
0.0,-16.351102308,12.961029661
0.0,-16.3505953968,12.9593326822
0.0,-16.3499060931,12.9579982657
0.0,-16.3492092834,12.9569803022
0.0,-16.3479417314,12.9561008972
0.0,-16.3470140155,12.9549937161
0.0,-16.346699205,12.9530154769
0.0,-16.348904567,12.9466034082
0.0,-16.3505283261,12.9417493036
0.0,-16.3509763666,12.9393693363
0.0,-16.350979889,12.9383115816
0.0,-16.3501013588,12.9360560087
0.0,-16.3497347151,12.9347199135
0.0,-16.3498393837,12.9336164323
0.0,-16.350360351,12.9328000928
0.0,-16.3522962723,12.9311627807
0.0,-16.353901304,12.9296989421
0.0,-16.3549904459,12.928282976
0.0,-16.3564166728,12.9261420174
0.0,-16.3571771773,12.9253153822
0.0,-16.3583459754,12.9250019281
0.0,-16.3590093465,12.9249623142
0.0,-16.3597145905,12.9241450008
0.0,-16.3603343395,12.9228580273
0.0,-16.3616085216,12.9215857226
0.0,-16.3639231194,12.9201271725
0.0,-16.3653442333,12.9187636805
0.0,-16.3661012467,12.9173042109
0.0,-16.3663557818,12.9149614044
0.0,-16.3654251246,12.9065044067
0.0,-16.3645931778,12.9043390405
0.0,-16.363989422,12.9034652659
0.0,-16.36287054,12.9027659433
0.0,-16.3595857131,12.9020146011
0.0,-16.3586055664,12.901404942
0.0,-16.3581412871,12.9007564386
0.0,-16.3583921934,12.8994352252
0.0,-16.3591777377,12.8969819742
0.0,-16.3607847121,12.8919632657
0.0,-16.361910935,12.8882248205
0.0,-16.3633145819,12.886055711
0.0,-16.3655798503,12.8840550031
0.0,-16.3673830284,12.8818125992
0.0,-16.3679155545,12.8797576334
0.0,-16.3675929939,12.8780506698
0.0,-16.3666244515,12.8761662659
0.0,-16.3663034247,12.8747395456
0.0,-16.3664094913,12.8739072691
0.0,-16.3698501268,12.871177168
0.0,-16.3745209904,12.867635981
0.0,-16.3768798751,12.8659511217
0.0,-16.3786212903,12.8657792437
0.0,-16.3799768296,12.8659710027
0.0,-16.3805780631,12.8665509454
0.0,-16.3827378481,12.8676379754
0.0,-16.3871668046,12.8686440552
0.0,-16.3918153718,12.8721858493
0.0,-16.392175766,12.873520782
0.0,-16.3939794015,12.8757441673
0.0,-16.3980371229,12.8735393007
0.0,-16.3984231624,12.8725337607
0.0,-16.3985821375,12.870928248
0.0,-16.3993566373,12.8687329567
0.0,-16.399742923,12.8677737463
0.0,-16.4004117565,12.8667248829
0.0,-16.4017094529,12.8663842093
0.0,-16.4027625494,12.8661077428
0.0,-16.4055826736,12.8655423094
0.0,-16.4095263267,12.8650804239
0.0,-16.4133800499,12.8642969039
0.0,-16.4175025118,12.8646633854
0.0,-16.421133899,12.8669987252
0.0,-16.422357123,12.8665988398
0.0,-16.4227860702,12.8658687698
0.0,-16.4236559124,12.8637203723
0.0,-16.4239967102,12.8625760568
0.0,-16.4237705579,12.8618393717
0.0,-16.4243524225,12.8601456803
0.0,-16.4252119591,12.85877819
0.0,-16.4270468506,12.8582009381
0.0,-16.4290546081,12.858865769
0.0,-16.4299909052,12.8590595527
0.0,-16.4313896353,12.8597638445
0.0,-16.4336568125,12.8624522368
0.0,-16.434342687,12.8639751575
0.0,-16.4352586874,12.8659126668
0.0,-16.4361531442,12.8697792485
0.0,-16.4365110668,12.8712983059
0.0,-16.4355462718,12.8779447709
0.0,-16.4354401212,12.8832225848
0.0,-16.4359285675,12.885660767
0.0,-16.4366705818,12.8863573135
0.0,-16.4380210032,12.8872448809
0.0,-16.4397873617,12.8885041915
0.0,-16.4430113072,12.8895938634
0.0,-16.4444107616,12.8901070964
0.0,-16.4479138661,12.8913917758
0.0,-16.4512335861,12.8923000057
0.0,-16.4530114341,12.8926393168
0.0,-16.4554793224,12.8941364371
0.0,-16.4570140191,12.8953008542
0.0,-16.4580712442,12.895996849
0.0,-16.4586429381,12.8963732042
0.0,-16.4609724786,12.8976393833
0.0,-16.4628887872,12.8982095017
0.0,-16.4647277326,12.8973110205
0.0,-16.4691906293,12.892264222
0.0,-16.4701062394,12.890023917
0.0,-16.4701218381,12.8886011444
0.0,-16.46905292,12.8878093565
0.0,-16.4674625663,12.8874713622
0.0,-16.4640492415,12.8866542622
0.0,-16.4632069739,12.8865075488
0.0,-16.4625542996,12.8861326404
0.0,-16.4611778858,12.8834554068
0.0,-16.4609524663,12.8827187637
0.0,-16.4605838618,12.8821185208
0.0,-16.4626619552,12.8807170034
0.0,-16.4641207384,12.880273797
0.0,-16.4656237957,12.8799681971
0.0,-16.4687778615,12.878855547
0.0,-16.4697651319,12.8785901066
0.0,-16.4712651526,12.8786065465
0.0,-16.475094871,12.8798867813
0.0,-16.4772909322,12.8805524105
0.0,-16.4792833971,12.8826859208
0.0,-16.4798331892,12.8834276761
0.0,-16.4803460104,12.8841195461
0.0,-16.4811745774,12.8854143688
0.0,-16.4808068551,12.8889906614
0.0,-16.4803652357,12.8908226408
0.0,-16.4794506368,12.892925106
0.0,-16.4782653794,12.8941522126
0.0,-16.4766968205,12.8960165432
0.0,-16.4749425302,12.897788123
0.0,-16.4741328041,12.8989272165
0.0,-16.4740293215,12.8998442372
0.0,-16.4729292461,12.9017601508
0.0,-16.4731086481,12.9024970365
0.0,-16.4738502163,12.9032397941
0.0,-16.4754807301,12.9042204863
0.0,-16.4764603021,12.90468956
0.0,-16.4795518866,12.9048607951
0.0,-16.4808550901,12.9047467493
0.0,-16.4818988468,12.9046554028
0.0,-16.4847096319,12.9048236478
0.0,-16.4878513681,12.9048566388
0.0,-16.4931050851,12.9045927798
0.0,-16.496153237,12.9045324156
0.0,-16.4974436046,12.9044279095
0.0,-16.4991559462,12.904289217
0.0,-16.5007960315,12.904397328
0.0,-16.5015459662,12.9044054524
0.0,-16.5029513756,12.9044211077
0.0,-16.5038866857,12.9047050084
0.0,-16.5062711256,12.9052359398
0.0,-16.5095043998,12.9053619315
0.0,-16.5122658676,12.9057584201
0.0,-16.5144223586,12.9057809671
0.0,-16.5173960576,12.9039308833
0.0,-16.5176950896,12.902326824
0.0,-16.5183256729,12.9004055732
0.0,-16.5188984015,12.8995400666
0.0,-16.5217520347,12.8958521517
0.0,-16.5232216378,12.8944458063
0.0,-16.5401184266,12.8966882121
0.0,-16.5411881565,12.8974333477
0.0,-16.5430993332,12.8984627898
0.0,-16.5444032118,12.8992110488
0.0,-16.5467899654,12.8995574074
0.0,-16.5487084648,12.8998522777
0.0,-16.550390219,12.9004208606
0.0,-16.5520198048,12.9014010512
0.0,-16.5537470678,12.902061998
0.0,-16.554773699,12.9023937576
0.0,-16.5561332669,12.9024534689
0.0,-16.5570721063,12.9024185012
0.0,-16.5578225963,12.9023338036
0.0,-16.5591407379,12.9017959926
0.0,-16.5598515393,12.9011160327
0.0,-16.5602818458,12.9003405675
0.0,-16.5610436271,12.8992919313
0.0,-16.5619923022,12.8982918962
0.0,-16.5627508943,12.8974737887
0.0,-16.5640290104,12.8962932447
0.0,-16.5647875898,12.8955677899
0.0,-16.5657811484,12.8947053314
0.0,-16.5702742563,12.8905709851
0.0,-16.5727755271,12.8857954312
0.0,-16.5748402534,12.8785399589
0.0,-16.5745749382,12.8698487449
0.0,-16.5719956023,12.8622064513
0.0,-16.5702647095,12.8551793873
0.0,-16.5714874663,12.8478792154
0.0,-16.5716871402,12.8466870809
0.0,-16.5743874663,12.840047042
0.0,-16.5775792464,12.8345407831
0.0,-16.5804255132,12.8273856983
0.0,-16.5841633447,12.8180489203
0.0,-16.5858002509,12.8099677357
0.0,-16.5861869565,12.799599588
0.0,-16.5863406311,12.7954794803
0.0,-16.5867095614,12.7869912293
0.0,-16.5872825407,12.7768395698
0.0,-16.587648327,12.7711186169
0.0,-16.5874069637,12.7629718863
0.0,-16.5882177745,12.7575861158
0.0,-16.5891439541,12.7544121243
0.0,-16.590745721,12.7494668018
0.0,-16.5918029293,12.7468882996
0.0,-16.5925273079,12.7451215336
0.0,-16.5950522042,12.7415638836
0.0,-16.5953466316,12.7403270581
0.0,-16.5963898987,12.7392823296
0.0,-16.5972504015,12.7377290877
0.0,-16.5997610802,12.735458519
0.0,-16.6030594096,12.7340701818
0.0,-16.6101550291,12.7326768192
0.0,-16.612783362,12.7324303099
0.0,-16.6182888271,12.7307887918
0.0,-16.6225788909,12.7287681737
0.0,-16.6298027387,12.7242514817
0.0,-16.6321279041,12.7217038261
0.0,-16.6349834771,12.717828587
0.0,-16.6363238354,12.7153638147
0.0,-16.6373706548,12.71231215
0.0,-16.6378858043,12.7096332595
0.0,-16.6384502285,12.7007246787
0.0,-16.6383948756,12.69831648
0.0,-16.6382906909,12.6937832792
0.0,-16.6377805746,12.6902936583
0.0,-16.636588341,12.6821372451
0.0,-16.635990636,12.6796523294
0.0,-16.6347970388,12.6746898502
0.0,-16.6345016712,12.6734617952
0.0,-16.6322772951,12.664212968
0.0,-16.6320112041,12.6631065203
0.0,-16.6303311072,12.6580320337
0.0,-16.6269699124,12.6513032045
0.0,-16.6264765124,12.6503154229
0.0,-16.6240852283,12.6459672526
0.0,-16.622156381,12.6422693517
0.0,-16.6188929532,12.6361196145
0.0,-16.613823964,12.6279276032
0.0,-16.62154664,12.6206106169
0.0,-16.6291196443,12.6140288388
0.0,-16.6349429201,12.6088949015
0.0,-16.6407102521,12.6044527362
0.0,-16.6491190717,12.5987265026
0.0,-16.6542662499,12.5952211379
0.0,-16.6661476235,12.5889146358
0.0,-16.6800992639,12.5819845225
0.0,-16.6801026343,12.5819828689
0.0,-16.6915095116,12.5764008193
0.0,-16.6969242069,12.5737508515
0.0,-16.6969236438,12.5737493274
0.0,-16.6981432722,12.5731364706
0.0,-16.7068655644,12.5687533336
0.0,-16.711674973,12.5665275012
0.0,-16.7148269125,12.5650686948
0.0,-16.7229525389,12.5623905882
0.0,-16.7229651543,12.5623870623
0.0,-16.7229660516,12.5623868116
0.0,-16.7229662662,12.5623866963
0.0,-16.723046781,12.5623601583
0.0,-16.7231697918,12.5623196129
0.0,-16.7238176659,12.5621060689
0.0,-16.724438663,12.5619013814
0.0,-16.7254649317,12.5615631081
0.0,-16.7263429275,12.5613093242
0.0,-16.7282826802,12.56075304
0.0,-16.7333515518,12.5592993095
0.0,-16.7344453858,12.5589855883
0.0,-16.7355167763,12.5586782995
0.0,-16.7364444878,12.558412216
0.0,-16.7367968857,12.5583111405
0.0,-16.7371329074,12.5582302756
0.0,-16.7383933251,12.5579269473
0.0,-16.7398037029,12.5575875215
0.0,-16.7400612292,12.5575255437
0.0,-16.7413325082,12.5572195865
0.0,-16.7415846419,12.5571589051
0.0,-16.7416401245,12.5571455518
0.0,-16.7416943898,12.5571324912
0.0,-16.7417439717,12.5571205583
0.0,-16.7417827619,12.5571112229
0.0,-16.7418202935,12.5571021894
0.0,-16.7418426578,12.5570968068
0.0,-16.7418767223,12.5570886085
0.0,-16.7418926356,12.5570847782
0.0,-16.7419241279,12.5570771995
0.0,-16.7419450149,12.5570721727
0.0,-16.7419664825,12.5570670057
0.0,-16.7419879786,12.5570618321
0.0,-16.7420275396,12.5570523109
0.0,-16.7420395356,12.5570494235
0.0,-16.7420857,12.5570383128
0.0,-16.7421055903,12.5570335257
0.0,-16.7421400333,12.5570252363
0.0,-16.7421653612,12.5570191402
0.0,-16.74218459,12.5570145128
0.0,-16.7421962617,12.5570117036
0.0,-16.7422059078,12.557009382
0.0,-16.7422066942,12.5570091925
0.0,-16.7422074788,12.5570090039
0.0,-16.7422137111,12.5570075036
0.0,-16.7447490169,12.5563973081
0.0,-16.744752427,12.556396486
0.0,-16.7472214343,12.5558022175
0.0,-16.7518398962,12.5549114786
0.0,-16.7551147025,12.5542798327
0.0,-16.7579764473,12.5537278242
0.0,-16.7579777929,12.5537269277
0.0,-16.7579800903,12.5537264851
0.0,-16.7704541571,12.5513199579
0.0,-16.7663056328,12.5758037137
0.0,-16.7669141994,12.5768233761
0.0,-16.7676891194,12.5791232284
0.0,-16.767980952,12.5814262673
0.0,-16.7676465491,12.5829877172
0.0,-16.7673844072,12.5850232417
0.0,-16.766303807,12.5884878257
0.0,-16.7657683681,12.590931913
0.0,-16.7653695669,12.5931717188
0.0,-16.7649726166,12.595682685
0.0,-16.7648494205,12.5978528785
0.0,-16.7647919974,12.5995480859
0.0,-16.764809163,12.6020563181
0.0,-16.7649731934,12.6058516488
0.0,-16.7652062589,12.6096465216
0.0,-16.7652062679,12.6096478368
0.0,-16.7658567418,12.6139144991
0.0,-16.7661439918,12.615539632
0.0,-16.7669213951,12.6181784151
0.0,-16.7674903453,12.6206151951
0.0,-16.7685476148,12.6237944584
0.0,-16.7697392394,12.6264304796
0.0,-16.7707965692,12.6296097258
0.0,-16.7717760292,12.631501419
0.0,-16.7734537378,12.6345409394
0.0,-16.7748450761,12.6360909126
0.0,-16.7756809172,12.6371700287
0.0,-16.7777677391,12.6394610667
0.0,-16.7780203637,12.6410525055
0.0,-16.778212817,12.6434668938
0.0,-16.7783227551,12.6448468669
0.0,-16.7765039671,12.6463843316
0.0,-16.7763710593,12.6471309357
0.0,-16.7746555583,12.648633806
0.0,-16.7771214579,12.6508206217
0.0,-16.7781292435,12.6517968856
0.0,-16.7786204589,12.6529460766
0.0,-16.7788369527,12.6543004787
0.0,-16.779192458,12.6557895361
0.0,-16.7799687584,12.6582248719
0.0,-16.7808098783,12.6600496387
0.0,-16.7813739266,12.6617406714
0.0,-16.782214129,12.6634298521
0.0,-16.7836113509,12.6657932169
0.0,-16.7841693043,12.6666029816
0.0,-16.7845530173,12.6671766412
0.0,-16.7841277723,12.668241571
0.0,-16.7842325573,12.6691617117
0.0,-16.7870522937,12.6939038122
0.0,-16.7876079629,12.6943746147
0.0,-16.7882364684,12.6953872605
0.0,-16.7880388086,12.6967444301
0.0,-16.7877716286,12.6980342762
0.0,-16.7867449431,12.6993292369
0.0,-16.7863415569,12.7008911674
0.0,-16.7855253068,12.7026592524
0.0,-16.7849800304,12.7036798012
0.0,-16.7844385349,12.7052426598
0.0,-16.7839646627,12.7066016872
0.0,-16.7834236299,12.7082323339
0.0,-16.7828802272,12.7095240361
0.0,-16.7820634596,12.7112243273
0.0,-16.7812518807,12.713670295
0.0,-16.7805060324,12.7156412757
0.0,-16.7797615914,12.7178156223
0.0,-16.7791486317,12.7190399959
0.0,-16.7784689756,12.720603777
0.0,-16.7779283608,12.7223022084
0.0,-16.777729228,12.7234560109
0.0,-16.7771843572,12.7245443412
0.0,-16.7769852206,12.7256981436
0.0,-16.7766470318,12.7267172946
0.0,-16.7763107282,12.7280076014
0.0,-16.7760439481,12.729365234
0.0,-16.7760538568,12.7307888027
0.0,-16.7760661263,12.7325513162
0.0,-16.7760807578,12.7346527743
0.0,-16.7763744502,12.7371591118
0.0,-16.7763810612,12.7381081569
0.0,-16.7763200327,12.7392610324
0.0,-16.7762580597,12.74027833
0.0,-16.7764018423,12.7410908698
0.0,-16.7767546892,12.7421731736
0.0,-16.7771765976,12.7432550126
0.0,-16.7778071037,12.7445388244
0.0,-16.7790591448,12.7458184537
0.0,-16.7798963713,12.7470330757
0.0,-16.7812822888,12.7477016631
0.0,-16.7819757241,12.7481037423
0.0,-16.7830811448,12.7481640825
0.0,-16.7844618523,12.7480869768
0.0,-16.7852934109,12.7484881144
0.0,-16.787371842,12.749423157
0.0,-16.7877823923,12.7488780479
0.0,-16.7885368083,12.7481272379
0.0,-16.7886687398,12.747245054
0.0,-16.788109135,12.7462319634
0.0,-16.7897003347,12.7466279499
0.0,-16.7903975876,12.7475723127
0.0,-16.7901994611,12.7488616944
0.0,-16.7889668701,12.7503614526
0.0,-16.7880028915,12.7507747236
0.0,-16.7872436349,12.7510419852
0.0,-16.7873522573,12.7564736231
0.0,-16.788533917,12.7575502942
0.0,-16.7894407691,12.7588321947
0.0,-16.7902809527,12.7604535002
0.0,-16.7907839441,12.7632295433
0.0,-16.7910764191,12.765532471
0.0,-16.7909545172,12.7678382082
0.0,-16.790758301,12.7693987431
0.0,-16.7903539342,12.7708251068
0.0,-16.7898109559,12.7721846188
0.0,-16.7894056271,12.7734754055
0.0,-16.7886540106,12.7746329561
0.0,-16.7882520115,12.7763982602
0.0,-16.7879162145,12.7777563664
0.0,-16.7871026634,12.7799312077
0.0,-16.7859509068,12.7831252118
0.0,-16.7850001416,12.7854365625
0.0,-16.7843242121,12.787542677
0.0,-16.783646845,12.7894454257
0.0,-16.7831038028,12.790804932
0.0,-16.7826312547,12.792367336
0.0,-16.7820200828,12.7938628854
0.0,-16.781339357,12.7952911126
0.0,-16.7805924056,12.7971265366
0.0,-16.7799788359,12.7982831414
0.0,-16.7797806513,12.7995725228
0.0,-16.779442892,12.8006594719
0.0,-16.7788988596,12.8018833975
0.0,-16.7783543473,12.8030395341
0.0,-16.77787843,12.8041274152
0.0,-16.7777488337,12.8053485416
0.0,-16.7777559617,12.8063653697
0.0,-16.7775577648,12.807654751
0.0,-16.7777787753,12.809619219
0.0,-16.7776510808,12.8111114994
0.0,-16.7775953154,12.8130100442
0.0,-16.777332794,12.8149777772
0.0,-16.7772098532,12.8171479425
0.0,-16.7767443719,12.8197271718
0.0,-16.7765490215,12.8214232841
0.0,-16.7762112314,12.8225102331
0.0,-16.7758753405,12.8238683359
0.0,-16.7755422992,12.8256331698
0.0,-16.7748667014,12.8278070669
0.0,-16.7743283073,12.8298444537
0.0,-16.7738551878,12.8313390656
0.0,-16.7734525715,12.8330365768
0.0,-16.7730480511,12.8344629336
0.0,-16.772921761,12.8361585799
0.0,-16.7729322131,12.8376499282
0.0,-16.7728021224,12.838803266
0.0,-16.772121255,12.8402314874
0.0,-16.7719216008,12.8413175028
0.0,-16.771862491,12.8427415289
0.0,-16.7713907674,12.8444395057
0.0,-16.7709838509,12.8455269191
0.0,-16.7707865651,12.8469518774
0.0,-16.7705869036,12.8480378927
0.0,-16.7701833036,12.8495998259
0.0,-16.7695090461,12.8519770856
0.0,-16.7689629876,12.8529298524
0.0,-16.7686265636,12.8542201647
0.0,-16.7680842939,12.8557152397
0.0,-16.7678155294,12.8568017202
0.0,-16.7672027383,12.8580938941
0.0,-16.7668644045,12.8591130511
0.0,-16.7666651975,12.8602668545
0.0,-16.765850812,12.8623738872
0.0,-16.7642858855,12.8658418083
0.0,-16.7637430994,12.8672690909
0.0,-16.7631331101,12.8689679927
0.0,-16.7626589323,12.8703270209
0.0,-16.762463019,12.8719553452
0.0,-16.7622652101,12.8733125144
0.0,-16.7619320528,12.8750773456
0.0,-16.7615387956,12.8781306279
0.0,-16.7610035528,12.8806425293
0.0,-16.7608114183,12.8828131637
0.0,-16.7604119911,12.884985192
0.0,-16.7600135066,12.8872927977
0.0,-16.7596836426,12.8895321501
0.0,-16.759213683,12.8915012764
0.0,-16.7587460852,12.8938093464
0.0,-16.7583471085,12.8960491631
0.0,-16.7576007289,12.8980201465
0.0,-16.7571307455,12.8999892719
0.0,-16.7568680629,12.9019570045
0.0,-16.7563289678,12.903926594
0.0,-16.7557893929,12.9058283944
0.0,-16.7551125503,12.9078667002
0.0,-16.7548489056,12.909698855
0.0,-16.7545828938,12.9111920656
0.0,-16.7544621858,12.9137011808
0.0,-16.7542042128,12.9163468016
0.0,-16.7539476573,12.9191957889
0.0,-16.7536892077,12.9217736207
0.0,-16.7532239043,12.9244206337
0.0,-16.7530923112,12.9253706055
0.0,-16.7526194304,12.926932997
0.0,-16.7522847639,12.9284944604
0.0,-16.7519237168,12.9297668765
0.0,-16.7517451294,12.9303962597
0.0,-16.7513389806,12.9316192424
0.0,-16.7509361385,12.9333167469
0.0,-16.750253528,12.9349090278
0.0,-16.7497119897,12.9361722263
0.0,-16.7486255694,12.9389589873
0.0,-16.7475596191,12.9418663874
0.0,-16.7474046795,12.9422889842
0.0,-16.7463840246,12.9446007552
0.0,-16.7459825547,12.9465016243
0.0,-16.7459261848,12.9483323896
0.0,-16.7459360987,12.9497559578
0.0,-16.7457405543,12.951452071
0.0,-16.7457443576,12.9519981373
0.0,-16.7457570806,12.9538246843
0.0,-16.745223504,12.9566077363
0.0,-16.744825323,12.9589831282
0.0,-16.7444887019,12.9602734337
0.0,-16.7440152563,12.961768032
0.0,-16.7436203662,12.9646179464
0.0,-16.7432254713,12.9674678609
0.0,-16.742966454,12.9699779045
0.0,-16.7423693772,12.9735748863
0.0,-16.7419072322,12.9766964194
0.0,-16.7417086687,12.9777476793
0.0,-16.7415738878,12.9784612471
0.0,-16.7411022919,12.9802270006
0.0,-16.7406335223,12.9823994877
0.0,-16.7402329286,12.9844359339
0.0,-16.7402373054,12.9850646732
0.0,-16.7402489742,12.9867407593
0.0,-16.7401267696,12.9890465101
0.0,-16.7398705593,12.9919632872
0.0,-16.7393104975,12.9947123013
0.0,-16.7390684006,12.9959006018
0.0,-16.7388808386,12.998749127
0.0,-16.7383457376,13.0013288107
0.0,-16.7371414961,13.0070992037
0.0,-16.7366783338,13.010085158
0.0,-16.73641879,13.0125274121
0.0,-16.7361620759,13.0153764001
0.0,-16.7360403259,13.0177499396
0.0,-16.7358480251,13.0199205749
0.0,-16.7358133988,13.0209467274
0.0,-16.7357333571,13.0233109483
0.0,-16.7358161866,13.0252763647
0.0,-16.7358284652,13.0270388768
0.0,-16.7359780765,13.0286648846
0.0,-16.7360585529,13.0302913551
0.0,-16.7363473931,13.0320520129
0.0,-16.7365637905,13.0333386112
0.0,-16.7368502763,13.0347603229
0.0,-16.7372059061,13.0361815701
0.0,-16.7375587021,13.0371960832
0.0,-16.7377050268,13.038347565
0.0,-16.7377850525,13.0399062432
0.0,-16.7380090443,13.042277458
0.0,-16.7374649054,13.0435691578
0.0,-16.7374028638,13.0445864536
0.0,-16.7379616837,13.0453962052
0.0,-16.7392034028,13.0449811128
0.0,-16.7398290011,13.0454514514
0.0,-16.7405289613,13.0466669984
0.0,-16.7412317762,13.0482892742
0.0,-16.7416575526,13.0498456201
0.0,-16.7428510454,13.0524136698
0.0,-16.7436296966,13.0549845076
0.0,-16.7446100939,13.0567404798
0.0,-16.7448265714,13.0580270607
0.0,-16.7451136262,13.0595165396
0.0,-16.7467836139,13.0609966775
0.0,-16.7474827059,13.0620766178
0.0,-16.7479085551,13.0636329439
0.0,-16.7480803595,13.0644633579
0.0,-16.7466661143,13.0661270329
0.0,-16.7457123985,13.0687084268
0.0,-16.7447753327,13.0705044542
0.0,-16.743839207,13.0724360564
0.0,-16.7432753132,13.0735426062
0.0,-16.7418716927,13.0745553921
0.0,-16.7406994232,13.0743746083
0.0,-16.7391489715,13.0744200786
0.0,-16.7373165619,13.0746493443
0.0,-16.7351593164,13.0747000015
0.0,-16.7336503784,13.0751620805
0.0,-16.7322025584,13.0764553229
0.0,-16.730838966,13.077928773
0.0,-16.7302782167,13.079496267
0.0,-16.7291066891,13.0820711743
0.0,-16.7296743457,13.0841372878
0.0,-16.7308045295,13.0862086654
0.0,-16.7320793591,13.0878632742
0.0,-16.7332527792,13.0895185558
0.0,-16.7339171172,13.0908970458
0.0,-16.7338174063,13.0924614479
0.0,-16.7333464917,13.0927877059
0.0,-16.7325510154,13.0933388226
0.0,-16.7312918708,13.093934807
0.0,-16.7298823468,13.0941250428
0.0,-16.728239444,13.0952297675
0.0,-16.7266423156,13.0962889821
0.0,-16.7267403199,13.0971199084
0.0,-16.7275397505,13.0980365256
0.0,-16.728946406,13.0997851693
0.0,-16.7295547838,13.098719015
0.0,-16.7306378716,13.0993173554
0.0,-16.7318151336,13.1001952643
0.0,-16.733133882,13.1015241612
0.0,-16.735059973,13.1026681841
0.0,-16.7361425499,13.1045048296
0.0,-16.737032983,13.105240019
0.0,-16.7372725821,13.1065309651
0.0,-16.7371353796,13.1080052289
0.0,-16.7367645093,13.1103488011
0.0,-16.7360120028,13.1121887678
0.0,-16.7351672712,13.1140293546
0.0,-16.7339021079,13.1150954258
0.0,-16.7323076574,13.1152327002
0.0,-16.7295786285,13.1153323924
0.0,-16.7285530072,13.1150500328
0.0,-16.7276587068,13.1137634672
0.0,-16.7269925135,13.1122493949
0.0,-16.7264265934,13.1103188569
0.0,-16.7248772883,13.1089914713
0.0,-16.7228596226,13.1092671003
0.0,-16.7217285752,13.1137512019
0.0,-16.7227676449,13.1146006943
0.0,-16.7240429116,13.1163005205
0.0,-16.7255916341,13.1175375201
0.0,-16.7259685748,13.1186919768
0.0,-16.7259228942,13.1200752392
0.0,-16.725648181,13.1216769712
0.0,-16.7240900989,13.1218297744
0.0,-16.7213476625,13.1209679599
0.0,-16.7201160894,13.1203310366
0.0,-16.7185225701,13.120651263
0.0,-16.7164352333,13.121201877
0.0,-16.7152626849,13.121511368
0.0,-16.713016917,13.1221590508
0.0,-16.712356754,13.1227148212
0.0,-16.7110891238,13.12344637
0.0,-16.7101955578,13.1249256646
0.0,-16.7102028735,13.1259831781
0.0,-16.710388361,13.1275908858
0.0,-16.7107193206,13.1286462473
0.0,-16.7105374154,13.1303467865
0.0,-16.7103997438,13.1317758619
0.0,-16.7096008744,13.1336160874
0.0,-16.7092268831,13.1342151464
0.0,-16.7080566452,13.1344940906
0.0,-16.7072099813,13.134635297
0.0,-16.7063144044,13.1344966162
0.0,-16.7048993146,13.1327072376
0.0,-16.7036796525,13.1323808752
0.0,-16.7025122085,13.1329399849
0.0,-16.7012902953,13.1336259966
0.0,-16.70100926,13.1344594458
0.0,-16.7014305525,13.1352430541
0.0,-16.7032677634,13.1368488768
0.0,-16.7039279896,13.1376308968
0.0,-16.7039266869,13.1387788598
0.0,-16.7038300479,13.1396020502
0.0,-16.703690335,13.1406153453
0.0,-16.7034145958,13.1420905313
0.0,-16.7033210653,13.1432391054
0.0,-16.7041683261,13.1443904821
0.0,-16.7049233664,13.1455424669
0.0,-16.7056745412,13.1461340563
0.0,-16.7072287265,13.1466841534
0.0,-16.7079786588,13.1470949634
0.0,-16.7092438675,13.1486593336
0.0,-16.7094820811,13.1497605044
0.0,-16.7091554825,13.1518777988
0.0,-16.7080378768,13.1543167192
0.0,-16.7072326922,13.1553796342
0.0,-16.7058265393,13.1561120974
0.0,-16.7048870161,13.1562991165
0.0,-16.703287831,13.1557945055
0.0,-16.7021667007,13.1550607405
0.0,-16.7008967578,13.1528094009
0.0,-16.7000036682,13.1530412888
0.0,-16.6992969705,13.1535521502
0.0,-16.6991550653,13.15437564
0.0,-16.6994409795,13.1557115231
0.0,-16.6999062551,13.1563050187
0.0,-16.700706814,13.1573663216
0.0,-16.7014157076,13.1585095795
0.0,-16.7021720357,13.1598423393
0.0,-16.7021726725,13.1612704977
0.0,-16.7019844088,13.1620581393
0.0,-16.7003925534,13.1627466149
0.0,-16.6982716305,13.1627064222
0.0,-16.6966308563,13.1616506676
0.0,-16.6956390857,13.1608256298
0.0,-16.6943226492,13.1598592356
0.0,-16.6935293619,13.1598543008
0.0,-16.6919807504,13.1600000972
0.0,-16.6908490524,13.1604143104
0.0,-16.6897262638,13.1607832652
0.0,-16.6901253128,13.1626076572
0.0,-16.6903505818,13.1636377556
0.0,-16.6904966938,13.1643056831
0.0,-16.6907097695,13.1652804969
0.0,-16.6908603477,13.1659687323
0.0,-16.6898232559,13.166858001
0.0,-16.6886498023,13.1679142564
0.0,-16.6841423315,13.1683777569
0.0,-16.6794949847,13.1676930008
0.0,-16.6715829667,13.1677799077
0.0,-16.6637066888,13.1723674986
0.0,-16.6592085527,13.1741759992
0.0,-16.6499485295,13.1734321503
0.0,-16.6434985258,13.1724403727
0.0,-16.6419614014,13.1720861077
0.0,-16.6379252493,13.1711558339
0.0,-16.6305902585,13.169193575
