113,11,19,29,75,
0.0,-12.933848296,13.9338783062
0.0,-12.9206537817,13.9304578703
0.0,-12.9154996677,13.9304900845
0.0,-12.9343080534,13.9082389189
0.0,-12.947916219,13.8952435064
0.0,-12.9694165227,13.8747063791
0.0,-12.9730340183,13.8677994304
0.0,-13.0107872823,13.8163490449
0.0,-13.0194324703,13.8045628304
0.0,-13.0654567409,13.7967050285
0.0,-13.0687128115,13.7968256692
0.0,-13.0687168263,13.7968258174
0.0,-13.0746345688,13.7970449651
0.0,-13.0728079732,13.7860594645
0.0,-13.0726108777,13.7848740569
0.0,-13.0633578806,13.7292149474
0.0,-13.062509684,13.7241120494
0.0,-13.0597161884,13.7107867685
0.0,-13.0569494366,13.6975880478
0.0,-13.043012627,13.6791566833
0.0,-13.0526350082,13.6747348104
0.0,-13.0717637551,13.6553680996
0.0,-13.0722983119,13.6551218715
0.0,-13.0728636355,13.6542925091
0.0,-13.0741459797,13.6524112084
0.0,-13.0794618246,13.6446119993
0.0,-13.0582696726,13.6387255016
0.0,-13.0553859924,13.6230126644
0.0,-13.1035775578,13.5090058397
0.0,-13.14005554,13.4993804638
0.0,-13.1722391818,13.4908830023
0.0,-13.1828043417,13.484725524
0.0,-13.1838832852,13.4849412143
0.0,-13.1841072182,13.4847684514
0.0,-13.185043929,13.4840457796
0.0,-13.1847928147,13.483131095
0.0,-13.1843081321,13.4824949084
0.0,-13.1844340576,13.4817185252
0.0,-13.1841705201,13.4799270352
0.0,-13.1851448317,13.4793194749
0.0,-13.1852972685,13.4774767616
0.0,-13.1861864086,13.4771397296
0.0,-13.1934569417,13.4761459503
0.0,-13.1950993851,13.4770322205
0.0,-13.1963856334,13.4779272211
0.0,-13.1974799887,13.4785496879
0.0,-13.1990758843,13.4787961368
0.0,-13.2001021889,13.4786408049
0.0,-13.2011858007,13.4783864571
0.0,-13.2021648472,13.4783753921
0.0,-13.2034186637,13.4774353351
0.0,-13.2030121986,13.4760585916
0.0,-13.2011454402,13.4737494783
0.0,-13.1997791503,13.471208944
0.0,-13.2007684828,13.4710533405
0.0,-13.2015561427,13.4708510975
0.0,-13.2012974496,13.4694754108
0.0,-13.20171148,13.4686016508
0.0,-13.2029485271,13.4674264714
0.0,-13.2042337749,13.4659063637
0.0,-13.2048399344,13.4651894278
0.0,-13.2061244005,13.4638428375
0.0,-13.2071462502,13.4630366708
0.0,-13.2075570739,13.4624340266
0.0,-13.2082470124,13.46155318
0.0,-13.2098092764,13.4601000844
0.0,-13.2104984483,13.4591649936
0.0,-13.2112747097,13.4580045587
0.0,-13.2125351056,13.454913335
0.0,-13.2139203972,13.4511631802
0.0,-13.2146626683,13.4506894107
0.0,-13.215880756,13.4508065136
0.0,-13.2165378435,13.4506123264
0.0,-13.2173321034,13.4505998787
0.0,-13.2182272696,13.450678528
0.0,-13.2194077574,13.4508857324
0.0,-13.2218446809,13.4510204689
0.0,-13.2233110989,13.4512748689
0.0,-13.2248119718,13.4517102738
0.0,-13.2264564653,13.4517670656
0.0,-13.2277361529,13.4523003182
0.0,-13.2286320644,13.452279513
0.0,-13.2293274148,13.4519047907
0.0,-13.2300699959,13.451385782
0.0,-13.2326612956,13.4493612907
0.0,-13.2353500912,13.4478888025
0.0,-13.2361849881,13.44737042
0.0,-13.2372996104,13.446483413
0.0,-13.2386464426,13.4454895624
0.0,-13.239068907,13.4432780694
0.0,-13.2381266289,13.4407225998
0.0,-13.2376369872,13.4394899277
0.0,-13.2368162017,13.438082074
0.0,-13.2360405935,13.4368112433
0.0,-13.2354042231,13.4354419626
0.0,-13.2350144529,13.43444499
0.0,-13.2345090804,13.4328416235
0.0,-13.2342644064,13.4322072096
0.0,-13.2343833394,13.4310963008
0.0,-13.2354386023,13.4294767534
0.0,-13.236743404,13.4290881914
0.0,-13.2388974513,13.4288140224
0.0,-13.2418395014,13.4280301344
0.0,-13.2418779566,13.4280418845
0.0,-13.2418987448,13.4280218237
0.0,-13.24270791,13.4282690672
0.0,-13.2440255916,13.4285674888
0.0,-13.2467361491,13.4304935115
0.0,-13.2481157158,13.4312533138
0.0,-13.2494478134,13.432193552
0.0,-13.2516800278,13.4337998536
0.0,-13.2525407829,13.4348000765
0.0,-13.2535025263,13.4358823454
0.0,-13.2556710362,13.4386451229
0.0,-13.2565914881,13.4403338162
0.0,-13.2571742898,13.4414676825
0.0,-13.2574724123,13.4423826499
0.0,-13.2578767733,13.443931058
0.0,-13.257996124,13.445305759
0.0,-13.2584806313,13.445987011
0.0,-13.2595726986,13.446934586
0.0,-13.2613732518,13.4479132149
0.0,-13.2613750308,13.4479141817
0.0,-13.2634049284,13.4456685308
0.0,-13.2637407467,13.4439173449
0.0,-13.2636344942,13.4432839046
0.0,-13.2633706868,13.4414472336
0.0,-13.2630200675,13.4401251681
0.0,-13.2631583364,13.4375941627
0.0,-13.2629471424,13.4361749786
0.0,-13.2636603656,13.4355389345
0.0,-13.2642626355,13.4352538482
0.0,-13.2651970561,13.4350072032
0.0,-13.2660929169,13.4349862563
0.0,-13.2674119048,13.4351941848
0.0,-13.2693387562,13.4356243433
0.0,-13.2694894738,13.4356584245
0.0,-13.2728789494,13.4364248466
0.0,-13.2743367851,13.4365884989
0.0,-13.2751332071,13.4364312581
0.0,-13.2765227924,13.4358080604
0.0,-13.2783068426,13.435549101
0.0,-13.2790618188,13.4358615784
0.0,-13.2804270644,13.4360607179
0.0,-13.2809967257,13.4364623121
0.0,-13.2815195118,13.4369630117
0.0,-13.2826660841,13.4380464461
0.0,-13.2825145132,13.4398802804
0.0,-13.2823021544,13.4411725038
0.0,-13.2826210666,13.4429101211
0.0,-13.2824563583,13.4441563456
0.0,-13.2818264028,13.4457338278
0.0,-13.2809655825,13.4473097303
0.0,-13.2809313703,13.44822241
0.0,-13.2811369265,13.4491819214
0.0,-13.2808869075,13.45057218
0.0,-13.2807263914,13.4523607544
0.0,-13.2814557978,13.4536763566
0.0,-13.2828340111,13.4546619542
0.0,-13.2840538032,13.4545527753
0.0,-13.2850882614,13.4545327143
0.0,-13.2878790907,13.4529699423
0.0,-13.2912024907,13.4516306196
0.0,-13.2963907189,13.4517708909
0.0,-13.2978172314,13.4515812747
0.0,-13.2979441929,13.4516372317
0.0,-13.2989784592,13.4518069259
0.0,-13.3006225152,13.451772843
0.0,-13.3013251005,13.4516691221
0.0,-13.3027751692,13.4516427539
0.0,-13.303849487,13.4512070964
0.0,-13.3048835579,13.4512411825
0.0,-13.3052204668,13.4519213659
0.0,-13.3059357393,13.4526402527
0.0,-13.3066117911,13.4536842726
0.0,-13.3070958264,13.4544558332
0.0,-13.3077797893,13.4556897201
0.0,-13.3078001289,13.4567383641
0.0,-13.3073943884,13.4578022182
0.0,-13.3072247441,13.4584518735
0.0,-13.3066809942,13.4596051849
0.0,-13.3074835337,13.4597371324
0.0,-13.3087250784,13.4594642664
0.0,-13.3088802133,13.4594301704
0.0,-13.3095304691,13.4590549109
0.0,-13.3096428119,13.4589409857
0.0,-13.3115581657,13.4569986341
0.0,-13.3121544448,13.4562524105
0.0,-13.3128519851,13.4555520586
0.0,-13.313733329,13.4549794811
0.0,-13.3146076471,13.4540904919
0.0,-13.3152500824,13.4533445681
0.0,-13.3152358933,13.4525671287
0.0,-13.3142071964,13.450607838
0.0,-13.3134463617,13.4497982783
0.0,-13.3125909732,13.4493044435
0.0,-13.3116419148,13.4489997941
0.0,-13.3108671218,13.4475483744
0.0,-13.3099392187,13.4455445539
0.0,-13.3098252551,13.4446760571
0.0,-13.3098581527,13.4439350906
0.0,-13.3100231788,13.4427882618
0.0,-13.3101506328,13.4417315693
0.0,-13.3105000914,13.4406210033
0.0,-13.3106730783,13.4396550042
0.0,-13.3106388075,13.4379554653
0.0,-13.3109962169,13.4370268582
0.0,-13.3110303723,13.4361051214
0.0,-13.3104457294,13.4351973119
0.0,-13.310625666,13.4345567584
0.0,-13.3105643593,13.4339157166
0.0,-13.3104006455,13.4324039955
0.0,-13.3101917183,13.431580056
0.0,-13.3102260785,13.4307939038
0.0,-13.3102924258,13.4292306222
0.0,-13.3106967623,13.4283565617
0.0,-13.3113863095,13.4274663337
0.0,-13.3122143551,13.4265770309
0.0,-13.3133190851,13.425734771
0.0,-13.3142464781,13.4251624863
0.0,-13.3152682379,13.4246914369
0.0,-13.3153673923,13.4246457247
0.0,-13.3164482809,13.4245715968
0.0,-13.3176198046,13.42474212
0.0,-13.3186681482,13.4253637623
0.0,-13.3193308257,13.4256755056
0.0,-13.3198543724,13.4260767092
0.0,-13.3205167394,13.4264336424
0.0,-13.3210870864,13.4267447664
0.0,-13.3217949973,13.4271923893
0.0,-13.3229353864,13.4278598237
0.0,-13.3240694347,13.4281114202
0.0,-13.3249559944,13.4280992373
0.0,-13.3262408388,13.4282444892
0.0,-13.3271766187,13.4287919107
0.0,-13.3274763224,13.4295170166
0.0,-13.3277807533,13.4308929584
0.0,-13.3283180367,13.4319811988
0.0,-13.3286084503,13.4327152813
0.0,-13.3288297843,13.4340906713
0.0,-13.3291339754,13.4355027667
0.0,-13.3302288807,13.4360794828
0.0,-13.3303880882,13.437092902
0.0,-13.3303543812,13.4379604187
0.0,-13.3306515385,13.4390561032
0.0,-13.3312814413,13.4401087983
0.0,-13.3320267061,13.4418401791
0.0,-13.333412139,13.4431430573
0.0,-13.3341880021,13.444458844
0.0,-13.3343071056,13.4459329846
0.0,-13.3351683382,13.4469239314
0.0,-13.3352974956,13.4472208132
0.0,-13.3465466281,13.4494289122
0.0,-13.3465773819,13.4494901385
0.0,-13.3511217542,13.4585369895
0.0,-13.3536245633,13.4617303379
0.0,-13.3598991493,13.4697356773
0.0,-13.3649303828,13.4738948764
0.0,-13.3690709721,13.4850631121
0.0,-13.3635560223,13.4899788988
0.0,-13.3609276143,13.5044041194
0.0,-13.3612449889,13.5196738362
0.0,-13.3582450913,13.5266690332
0.0,-13.3615453484,13.5374192583
0.0,-13.3614280575,13.5376325574
0.0,-13.3577017021,13.5444088852
0.0,-13.361755708,13.5500887833
0.0,-13.3620829495,13.5500828448
0.0,-13.3635326202,13.5551757186
0.0,-13.3601557428,13.5555662112
0.0,-13.355086158,13.5567707875
0.0,-13.3512305665,13.5654107141
0.0,-13.356713607,13.5654468695
0.0,-13.3655482741,13.568805977
0.0,-13.3676205112,13.5741838391
0.0,-13.3735255905,13.5742224074
0.0,-13.3772958475,13.5742469594
0.0,-13.379310863,13.5742600578
0.0,-13.3794306882,13.5742608362
0.0,-13.3809160034,13.5752692294
0.0,-13.3874085387,13.5796768751
0.0,-13.3966688544,13.5826250861
0.0,-13.4002644759,13.5828995475
0.0,-13.4002879351,13.5829235632
0.0,-13.408328553,13.5835371309
0.0,-13.4229278609,13.5842943827
0.0,-13.4229349505,13.5844226699
0.0,-13.4232809387,13.5852022326
0.0,-13.4238577554,13.5860103723
0.0,-13.4254447582,13.5876836221
0.0,-13.4265008735,13.5887659617
0.0,-13.4271167573,13.5892579686
0.0,-13.427933567,13.5900224193
0.0,-13.4297296539,13.5910009432
0.0,-13.4310100315,13.5916236778
0.0,-13.4316888323,13.592387249
0.0,-13.4338182838,13.5931780201
0.0,-13.4348587431,13.5936636397
0.0,-13.435899769,13.5942396517
0.0,-13.437884129,13.5946136729
0.0,-13.4385936438,13.5949254564
0.0,-13.4394421254,13.5951838729
0.0,-13.4412782964,13.5956111759
0.0,-13.4431168961,13.5956678696
0.0,-13.4451523204,13.5956270194
0.0,-13.4451779234,13.5956265057
0.0,-13.4452782002,13.5956162781
0.0,-13.4483941052,13.5998935596
0.0,-13.4518874235,13.599915299
0.0,-13.459900115,13.5970518224
0.0,-13.4610101754,13.598319116
0.0,-13.4618280034,13.5990382785
0.0,-13.4626037989,13.6005436049
0.0,-13.4639455202,13.601708925
0.0,-13.4649470246,13.6026099997
0.0,-13.4656628781,13.6033827596
0.0,-13.4677349011,13.6059547973
0.0,-13.4700322579,13.6079835832
0.0,-13.4714590286,13.6088691711
0.0,-13.4731959297,13.6103160701
0.0,-13.4738858767,13.6108908126
0.0,-13.4760843333,13.6125042618
0.0,-13.4770391441,13.6134954044
0.0,-13.477763733,13.6143585837
0.0,-13.4794294108,13.6154715794
0.0,-13.4818239424,13.6182341921
0.0,-13.4826933159,13.6194055845
0.0,-13.4845617402,13.6209819297
0.0,-13.4856240125,13.6225251067
0.0,-13.4866661634,13.6228749503
0.0,-13.4877680691,13.6240025463
0.0,-13.4866151623,13.6250802658
0.0,-13.4855742749,13.6274332229
0.0,-13.4844500699,13.6298037441
0.0,-13.4828590521,13.6327228133
0.0,-13.4817732616,13.6348585258
0.0,-13.4805026009,13.6369931006
0.0,-13.4787739386,13.6399203299
0.0,-13.4776590973,13.6408084005
0.0,-13.4755241373,13.6422235297
0.0,-13.474449728,13.6425694682
0.0,-13.4724977716,13.6444478305
0.0,-13.4701070444,13.6465471952
0.0,-13.4673567713,13.6471269978
0.0,-13.4673741253,13.6471428822
0.0,-13.4673313036,13.6471519094
0.0,-13.464837953,13.6484042726
0.0,-13.4604036445,13.6490106929
0.0,-13.4556253076,13.6526792193
0.0,-13.4564632902,13.6568063611
0.0,-13.4608958006,13.6564113104
0.0,-13.4664702339,13.6569441238
0.0,-13.4649586288,13.6591313365
0.0,-13.4635683671,13.6608650619
0.0,-13.4620349352,13.6609753291
0.0,-13.4600926387,13.6625722773
0.0,-13.4579970579,13.6635716595
0.0,-13.4559694043,13.6654934545
0.0,-13.4550007224,13.6666173332
0.0,-13.4542184931,13.6674983087
0.0,-13.4537569908,13.6698633774
0.0,-13.4537498764,13.6698998392
0.0,-13.4526699234,13.6724873764
0.0,-13.4501905819,13.6756085139
0.0,-13.447698076,13.6779069636
0.0,-13.4453827908,13.6797816502
0.0,-13.4431910887,13.68271468
0.0,-13.4409487877,13.6834960273
0.0,-13.4407982181,13.6834917176
0.0,-13.4389246309,13.6834380796
0.0,-13.4389242247,13.6834416412
0.0,-13.4387670285,13.6848200881
0.0,-13.4383305103,13.6866161415
0.0,-13.4366658294,13.6881151854
0.0,-13.4340468373,13.6885325151
0.0,-13.433901457,13.6885291648
0.0,-13.4338867878,13.6885315026
0.0,-13.4332539888,13.6885169209
0.0,-13.4330952955,13.6885132635
0.0,-13.4297959888,13.6949456347
0.0,-13.4248429852,13.7004525838
0.0,-13.4248100435,13.700513871
0.0,-13.4116618745,13.7169264657
0.0,-13.393920047,13.7318086196
0.0,-13.3936870913,13.7324769648
0.0,-13.3821835141,13.7654746335
0.0,-13.3859057831,13.7819954644
0.0,-13.392651061,13.8052845998
0.0,-13.3955512075,13.827998752
0.0,-13.3962622164,13.8281467541
0.0,-13.3979073418,13.8283473247
0.0,-13.3980387641,13.8283448695
0.0,-13.3980674836,13.8283483708
0.0,-13.4007907825,13.8282974775
0.0,-13.4028992266,13.8288047161
0.0,-13.403611263,13.8288364691
0.0,-13.4115893745,13.8330213664
0.0,-13.4167279721,13.8355731071
0.0,-13.424705647,13.8406694349
0.0,-13.4326045699,13.8435945187
0.0,-13.433739787,13.8439000689
0.0,-13.4350158871,13.8440618885
0.0,-13.437154969,13.8451240804
0.0,-13.4386603147,13.845504283
0.0,-13.4405992329,13.8460680198
0.0,-13.4412653392,13.8462349635
0.0,-13.4425784872,13.8463065898
0.0,-13.4463176148,13.8474331101
0.0,-13.448163468,13.8480865915
0.0,-13.4495967316,13.8495780901
0.0,-13.4515577236,13.8510096454
0.0,-13.4540655921,13.8521101911
0.0,-13.4556143044,13.854515346
0.0,-13.4556993018,13.8543996239
0.0,-13.4557744685,13.8545163563
0.0,-13.4557744831,13.8545163925
0.0,-13.4568567994,13.8571535824
0.0,-13.4576833856,13.8582434938
0.0,-13.4583222507,13.8595672395
0.0,-13.4586675308,13.8605185287
0.0,-13.4593514703,13.8620233403
0.0,-13.4610475169,13.8643751633
0.0,-13.4616048345,13.8668474977
0.0,-13.4619576723,13.8674014714
0.0,-13.4625297028,13.8682995833
0.0,-13.4634784982,13.8689292498
0.0,-13.4635539691,13.8701138587
0.0,-13.4640988322,13.8716720231
0.0,-13.4641730567,13.8730464473
0.0,-13.4637344511,13.8750232758
0.0,-13.4647484622,13.8784012655
0.0,-13.4645610185,13.8795810056
0.0,-13.464536117,13.8797377325
0.0,-13.4670675056,13.8817151289
0.0,-13.4694449744,13.883185343
0.0,-13.4703205758,13.8837900939
0.0,-13.4761148127,13.887791841
0.0,-13.4773509591,13.8883599817
0.0,-13.4792813914,13.8888782045
0.0,-13.4805566242,13.8891301998
0.0,-13.4813829182,13.8901206166
0.0,-13.4820381523,13.8902060428
0.0,-13.4824348715,13.8904927537
0.0,-13.4878659815,13.8918088282
0.0,-13.4914051725,13.8956844909
0.0,-13.494708617,13.8992596541
0.0,-13.4947165268,13.8992682143
0.0,-13.5087483901,13.8985701136
0.0,-13.5101577056,13.8985869138
0.0,-13.5101595963,13.8985860051
0.0,-13.5113643317,13.8980067167
0.0,-13.5122334474,13.896755544
0.0,-13.5127300754,13.8956919252
0.0,-13.5130427992,13.8945367914
0.0,-13.5132870352,13.8926038545
0.0,-13.5133510261,13.8912754572
0.0,-13.5128607288,13.889808095
0.0,-13.5122605017,13.8880779213
0.0,-13.5114752361,13.8864370129
0.0,-13.5112069559,13.8849800408
0.0,-13.5110092338,13.8840658603
0.0,-13.5107488249,13.8828258806
0.0,-13.5107734469,13.8818678582
0.0,-13.5110841325,13.8808483029
0.0,-13.5117284671,13.8801030897
0.0,-13.512705079,13.8793937941
0.0,-13.5128616398,13.8780569193
0.0,-13.5128564782,13.8774150924
0.0,-13.5126342232,13.8759945584
0.0,-13.5121797441,13.8744460602
0.0,-13.5117422847,13.8735846574
0.0,-13.510878664,13.8726302657
0.0,-13.5107254198,13.8719965765
0.0,-13.5112691727,13.8708790051
0.0,-13.5127098212,13.8699386356
0.0,-13.5128338815,13.8699631862
0.0,-13.5145948749,13.8703116668
0.0,-13.515824037,13.8705270349
0.0,-13.5179163849,13.8717690813
0.0,-13.5192436024,13.8725725885
0.0,-13.5202880892,13.8727325809
0.0,-13.5216017413,13.8727586052
0.0,-13.5216587761,13.8727575308
0.0,-13.523054516,13.8727312263
0.0,-13.5242762796,13.8726572476
0.0,-13.5255850213,13.8719962247
0.0,-13.5268621274,13.8712430001
0.0,-13.5270223083,13.8712439649
0.0,-13.5270366717,13.8712440514
0.0,-13.5426860274,13.8719834631
0.0,-13.5426876207,13.8719769298
0.0,-13.5428462109,13.8719844176
0.0,-13.5460713342,13.8587619656
0.0,-13.5460726909,13.8587564017
0.0,-13.5509752117,13.8589574682
0.0,-13.5570283452,13.8592055894
0.0,-13.5590018271,13.8649763746
0.0,-13.5596591596,13.8654817739
0.0,-13.5611797401,13.8664579537
0.0,-13.5624226604,13.8674517025
0.0,-13.5636199507,13.8683446128
0.0,-13.5643907173,13.8693886877
0.0,-13.5655405991,13.8704711427
0.0,-13.565784956,13.8714434616
0.0,-13.5669780927,13.8718788357
0.0,-13.5669856202,13.8718788798
0.0,-13.5688691186,13.8718899093
0.0,-13.5690293038,13.8718908467
0.0,-13.5700677583,13.8715281655
0.0,-13.5711444352,13.8713787516
0.0,-13.5715679155,13.8713199822
0.0,-13.5737738759,13.8706820057
0.0,-13.5753509111,13.8700041873
0.0,-13.5780203315,13.8692242356
0.0,-13.5798858616,13.8682678345
0.0,-13.5813784523,13.8677781859
0.0,-13.5829600913,13.8672912582
0.0,-13.5829635497,13.8672901935
0.0,-13.5829620301,13.8672859984
0.0,-13.5863522994,13.8664073693
0.0,-13.5902979231,13.8664876815
0.0,-13.5903273694,13.8665397741
0.0,-13.5923390888,13.8693831372
0.0,-13.5928187262,13.8699522528
0.0,-13.592959514,13.8699301589
0.0,-13.5942042606,13.8697348197
0.0,-13.5943580561,13.8697110534
0.0,-13.5943644452,13.8697357404
0.0,-13.6104610731,13.8787394082
0.0,-13.6283421188,13.888739217
0.0,-13.6286464378,13.8888542301
0.0,-13.6283593782,13.887302499
0.0,-13.6283602526,13.8872296768
0.0,-13.6283836503,13.8863981491
0.0,-13.628563548,13.8857030963
0.0,-13.6298240042,13.8853576166
0.0,-13.6319888995,13.8854149459
0.0,-13.6337897065,13.886021648
0.0,-13.6351656318,13.8864994072
0.0,-13.6365865065,13.8872034051
0.0,-13.6380544472,13.8877720607
0.0,-13.6391984889,13.8883479438
0.0,-13.6399086477,13.8887496503
0.0,-13.6410521725,13.8894159208
0.0,-13.641670071,13.8897719103
0.0,-13.6427878898,13.8916764857
0.0,-13.6431960187,13.8930980049
0.0,-13.643356209,13.8941927128
0.0,-13.6437175519,13.8957043698
0.0,-13.6441635463,13.8969814612
0.0,-13.6446873583,13.8976081171
0.0,-13.6455527602,13.8983722648
0.0,-13.6458900937,13.8982008933
0.0,-13.6454482197,13.9126472838
0.0,-13.6324185004,13.9094384954
0.0,-13.6301778525,13.9088866209
0.0,-13.6291471168,13.9086423089
0.0,-13.6177771358,13.9063773974
0.0,-13.6177771952,13.9063773688
0.0,-13.6052935786,13.90387797
0.0,-13.6052914112,13.9038895799
0.0,-13.5698978866,13.8968336199
0.0,-13.5467778095,13.9116457001
0.0,-13.5384224286,13.9172559011
0.0,-13.5257614114,13.9241361002
0.0,-13.4730361945,13.9211362321
0.0,-13.4699481892,13.9489736412
0.0,-13.4874095805,13.9494281068
0.0,-13.4735741638,13.97157984
0.0,-13.4734825647,13.9711124305
0.0,-13.4526038018,13.9577386743
0.0,-13.4519501943,13.9485038987
0.0,-13.4499199351,13.9198174024
0.0,-13.4496550499,13.9160745851
0.0,-13.4421769693,13.9037303981
0.0,-13.4420227037,13.9036799947
0.0,-13.441992746,13.9037022168
0.0,-13.4394233261,13.9056081728
0.0,-13.4348313825,13.9089266661
0.0,-13.4272404889,13.9145816636
0.0,-13.4255185021,13.9158105106
0.0,-13.4097749857,13.9285380361
0.0,-13.3842825242,13.949141425
0.0,-13.3893877626,13.9540498142
0.0,-13.3896414031,13.9542936672
0.0,-13.3890681943,13.9546674457
0.0,-13.3479152556,13.9706037551
0.0,-13.3189745259,13.9818052184
0.0,-13.2735063735,13.9975886234
0.0,-13.2626697067,14.0013503664
0.0,-13.2587309518,14.0028560727
0.0,-13.2588734614,14.0031713104
0.0,-13.2954415474,14.0840345933
0.0,-13.2903085833,14.0874496987
0.0,-13.2901392901,14.087492608
0.0,-13.2900197286,14.0877670558
0.0,-13.1970360277,14.1386652552
0.0,-13.1710996897,14.1528514478
0.0,-13.1463550219,14.1663813348
0.0,-13.126926345,14.1288000977
0.0,-13.1125617569,14.0967507268
0.0,-13.1043267061,14.0783783092
0.0,-13.0976058973,14.0633821443
0.0,-13.0782733546,14.0588030413
0.0,-13.0681711009,14.0564102232
0.0,-13.0681719569,14.0564099354
0.0,-12.9688440397,14.0338148763
0.0,-12.9678378228,14.0335857584
0.0,-12.938689317,13.9480836773
0.0,-12.933848296,13.9338783062
