61,12,33,108,111,
0.0,-15.7587423464,14.2910560714
0.0,-15.6933730433,14.2883007177
0.0,-15.6933171026,14.288301744
0.0,-15.6942025529,14.2825986705
0.0,-15.6922490439,14.2804606232
0.0,-15.6837556477,14.2755851849
0.0,-15.6822953266,14.2738708592
0.0,-15.680472201,14.2703406938
0.0,-15.675483005,14.2602373031
0.0,-15.6739050001,14.2564082776
0.0,-15.6728014633,14.2531384587
0.0,-15.6712258567,14.250086951
0.0,-15.6701216991,14.2465820439
0.0,-15.6686388965,14.2435392949
0.0,-15.667118022,14.2409454603
0.0,-15.6669611445,14.2406779043
0.0,-15.6665223442,14.2393550746
0.0,-15.6658585036,14.2373537916
0.0,-15.6647308316,14.234714783
0.0,-15.6646545505,14.2345362653
0.0,-15.6626123498,14.2306168901
0.0,-15.661137742,14.2268326733
0.0,-15.6599867869,14.2233730376
0.0,-15.6592213011,14.2213056974
0.0,-15.6586891837,14.2198685915
0.0,-15.6573012575,14.2174674236
0.0,-15.6561441522,14.2147491669
0.0,-15.6550797297,14.2120216078
0.0,-15.6533652584,14.2088347111
0.0,-15.6531715893,14.2085566804
0.0,-15.6509828867,14.2054145426
0.0,-15.6496007745,14.2020458821
0.0,-15.648344116,14.2001054023
0.0,-15.6468997692,14.1973336188
0.0,-15.6462692436,14.1950965299
0.0,-15.6462631755,14.1950750026
0.0,-15.644167577,14.1913827381
0.0,-15.642685762,14.1884301966
0.0,-15.6408301844,14.1843665566
0.0,-15.6393002213,14.1810434219
0.0,-15.6382364506,14.1784152193
0.0,-15.6367554175,14.1753722159
0.0,-15.6356450958,14.172644667
0.0,-15.6340325124,14.1692312945
0.0,-15.6324481529,14.1659534547
0.0,-15.6296042537,14.1628947728
0.0,-15.6272236066,14.1597907665
0.0,-15.625280852,14.1576966824
0.0,-15.6251232988,14.157526854
0.0,-15.6231538624,14.1556694447
0.0,-15.6218524735,14.1541357794
0.0,-15.6195579382,14.1519627301
0.0,-15.617271687,14.1494098958
0.0,-15.6167826886,14.149025322
0.0,-15.6138454512,14.1467152902
0.0,-15.611132993,14.1444437649
0.0,-15.608606733,14.1424881854
0.0,-15.6058682875,14.140323152
0.0,-15.6056086288,14.1401178605
0.0,-15.603454198,14.1382607413
0.0,-15.6019577616,14.1364562033
0.0,-15.5999521316,14.1347885478
0.0,-15.5987782118,14.1336257193
0.0,-15.5976577377,14.1325158143
0.0,-15.5959750064,14.1302957905
0.0,-15.5938836739,14.1276958906
0.0,-15.5935457037,14.1271854314
0.0,-15.5924792107,14.1255746079
0.0,-15.5912131623,14.1233410873
0.0,-15.5903173865,14.1206218284
0.0,-15.5903138943,14.1206112277
0.0,-15.5902143346,14.1203089928
0.0,-15.5889611785,14.116468262
0.0,-15.5889350307,14.1163881225
0.0,-15.5888480069,14.114968822
0.0,-15.5870886503,14.1116820163
0.0,-15.5857001795,14.1085027913
0.0,-15.5852293932,14.1063856013
0.0,-15.5846131005,14.1036139809
0.0,-15.5843119423,14.1023558866
0.0,-15.5839295787,14.1007585234
0.0,-15.5828199542,14.0979040934
0.0,-15.5813006408,14.0942097844
0.0,-15.5807066766,14.0923495969
0.0,-15.580152155,14.0906128973
0.0,-15.5793674094,14.0879837019
0.0,-15.5779339087,14.0852113937
0.0,-15.5736129146,14.0837931468
0.0,-15.5784292658,14.0744326355
0.0,-15.5784338893,14.0744236516
0.0,-15.5812661095,14.0755233044
0.0,-15.5844993234,14.0773328417
0.0,-15.5878611079,14.0808395648
0.0,-15.5913487378,14.084952839
0.0,-15.5918766834,14.0859639105
0.0,-15.5922594002,14.0871161479
0.0,-15.592472494,14.0879393217
0.0,-15.5930251648,14.0895441714
0.0,-15.5939561057,14.0905715024
0.0,-15.5963333313,14.0917284701
0.0,-15.5995672074,14.0936598488
0.0,-15.6021782928,14.0948648991
0.0,-15.6045400757,14.0957077561
0.0,-15.6072741474,14.0965496514
0.0,-15.6121200455,14.0975070899
0.0,-15.615139407,14.0976441161
0.0,-15.6200196619,14.098328753
0.0,-15.6249570098,14.0980900789
0.0,-15.6301249831,14.0975494765
0.0,-15.6355229322,14.0964810117
0.0,-15.6359521255,14.0963367049
0.0,-15.6363708002,14.0961775483
0.0,-15.6386055647,14.0951926534
0.0,-15.6394530041,14.0947385686
0.0,-15.6397381785,14.0944866881
0.0,-15.6402226565,14.0940587676
0.0,-15.640291909,14.0938952919
0.0,-15.6406059055,14.0931540734
0.0,-15.6406033849,14.0922504022
0.0,-15.6409845282,14.0905926489
0.0,-15.6412889351,14.0890857112
0.0,-15.6425157894,14.0863714149
0.0,-15.6436075988,14.0848976353
0.0,-15.6449753332,14.083051368
0.0,-15.647977609,14.080708823
0.0,-15.6538328181,14.0778313873
0.0,-15.6613622244,14.0740942448
0.0,-15.6677044537,14.0746013108
0.0,-15.6717876906,14.0743801692
0.0,-15.6764014751,14.0718495582
0.0,-15.6837805941,14.0672462718
0.0,-15.6882892937,14.0644334281
0.0,-15.689021772,14.0639764448
0.0,-15.6890495739,14.0639600512
0.0,-15.6902352668,14.0632609722
0.0,-15.691458087,14.0625692007
0.0,-15.6926934546,14.0619135527
0.0,-15.6939454586,14.0613064482
0.0,-15.6940377118,14.0612668333
0.0,-15.6953391618,14.0614853092
0.0,-15.7004205547,14.0603343353
0.0,-15.7040616373,14.0577428625
0.0,-15.7044585363,14.0576029716
0.0,-15.7057969101,14.0571481287
0.0,-15.7071387671,14.0566977891
0.0,-15.7084838148,14.0562519536
0.0,-15.7098314821,14.0558128841
0.0,-15.7111814873,14.0553828417
0.0,-15.712533834,14.0549629567
0.0,-15.7138882368,14.0545543598
0.0,-15.7152438413,14.0541615744
0.0,-15.7152550345,14.0541584563
0.0,-15.7166009351,14.0537834692
0.0,-15.7179592398,14.0534245659
0.0,-15.7193178853,14.0530837367
0.0,-15.7206771769,14.0527655015
0.0,-15.7220365352,14.0524698619
0.0,-15.7233956824,14.0522002091
0.0,-15.7247546188,14.0519565433
0.0,-15.7261127776,14.0517433868
0.0,-15.7274695816,14.0515596111
0.0,-15.7288253271,14.0514086057
0.0,-15.730179446,14.0512926329
0.0,-15.730898638,14.0512495926
0.0,-15.7315319388,14.0512116925
0.0,-15.73288195,14.0511703077
0.0,-15.7329052889,14.0511703545
0.0,-15.7342303652,14.0511729967
0.0,-15.7342579528,14.0511729129
0.0,-15.7444587843,14.048322703
0.0,-15.7477033103,14.0474160472
0.0,-15.7484895696,14.0471963273
0.0,-15.7630942298,14.0431145047
0.0,-15.786395649,14.0365999469
0.0,-15.7862448088,14.0379120577
0.0,-15.7861124925,14.0390630118
0.0,-15.7859407469,14.043014579
0.0,-15.786905948,14.0463295632
0.0,-15.78758486,14.0490802237
0.0,-15.7877984002,14.0499702617
0.0,-15.7881555522,14.0514970602
0.0,-15.7881828022,14.0514955302
0.0,-15.7881831387,14.0514969694
0.0,-15.790405431,14.0513721772
0.0,-15.7935950303,14.0511637496
0.0,-15.7957955323,14.0513183279
0.0,-15.7981959643,14.0515737375
0.0,-15.7986085631,14.0530449565
0.0,-15.7995936477,14.0540181465
0.0,-15.8015678166,14.054445583
0.0,-15.8041620279,14.0547353231
0.0,-15.8080101444,14.0560526677
0.0,-15.810975693,14.0565852023
0.0,-15.8123793934,14.0580632353
0.0,-15.8130308231,14.0589470763
0.0,-15.8146350738,14.0595112642
0.0,-15.8172144227,14.0608135175
0.0,-15.8188113955,14.0619292101
0.0,-15.8207715859,14.063604207
0.0,-15.8233525009,14.0653222764
0.0,-15.8250497598,14.0659764853
0.0,-15.8264976098,14.0668123577
0.0,-15.8284595566,14.068948377
0.0,-15.8290916077,14.0691828475
0.0,-15.8303431245,14.0696471125
0.0,-15.8318939144,14.0707640002
0.0,-15.8329678249,14.0711699583
0.0,-15.8343795446,14.0717036066
0.0,-15.835682786,14.0735073163
0.0,-15.8378462687,14.0749915948
0.0,-15.8401876092,14.0769815334
0.0,-15.8425937605,14.0790142072
0.0,-15.8433744383,14.0796736963
0.0,-15.8444896197,14.0807156986
0.0,-15.8446072113,14.0808255716
0.0,-15.8445555859,14.0809469515
0.0,-15.8444985005,14.0810293093
0.0,-15.8440782904,14.0816355485
0.0,-15.8437295171,14.0824798145
0.0,-15.8433335032,14.0835272
0.0,-15.8430817199,14.0846521414
0.0,-15.8430678458,14.0852298326
0.0,-15.8435341438,14.0858995156
0.0,-15.8446457488,14.0862283813
0.0,-15.8453595048,14.0864395424
0.0,-15.8476006124,14.0869468697
0.0,-15.8481174575,14.0869450526
0.0,-15.849120055,14.0869415245
0.0,-15.8491476453,14.0869414273
0.0,-15.8491673144,14.0869684794
0.0,-15.8523126265,14.0855314208
0.0,-15.8523588971,14.0855102802
0.0,-15.8552480821,14.0875432057
0.0,-15.8566046265,14.0918298402
0.0,-15.8563570567,14.0924765894
0.0,-15.8563441976,14.0929718015
0.0,-15.8561650802,14.0938455121
0.0,-15.8562658259,14.0939325919
0.0,-15.8566388065,14.0946825762
0.0,-15.8570973212,14.0961375472
0.0,-15.8575131804,14.0974571472
0.0,-15.8601916656,14.1059560629
0.0,-15.8601530166,14.1062737521
0.0,-15.8601646551,14.1062865705
0.0,-15.8609032051,14.108083093
0.0,-15.8600458156,14.109180119
0.0,-15.8584841937,14.1102254081
0.0,-15.8560195278,14.1125577245
0.0,-15.8543099834,14.1136939245
0.0,-15.8519898614,14.1150583006
0.0,-15.8519880749,14.1150432211
0.0,-15.8519622669,14.1150583983
0.0,-15.8506400408,14.1159915517
0.0,-15.8503272372,14.1173891918
0.0,-15.8503330023,14.1189432912
0.0,-15.85047051,14.1202379068
0.0,-15.8511417168,14.1223076942
0.0,-15.8519451586,14.1242474997
0.0,-15.8523504977,14.1261887125
0.0,-15.8532861901,14.127998534
0.0,-15.8540950582,14.129268422
0.0,-15.8532467314,14.1318429463
0.0,-15.8528959165,14.1341259762
0.0,-15.8515371691,14.142968068
0.0,-15.8514677441,14.1465511301
0.0,-15.8512567693,14.1500336416
0.0,-15.8512058801,14.1508736568
0.0,-15.8511262197,14.1543637646
0.0,-15.8510801956,14.1556416648
0.0,-15.8510086569,14.1576279811
0.0,-15.8510234076,14.1615890142
0.0,-15.8510268074,14.1619179532
0.0,-15.8510523786,14.1643916188
0.0,-15.8511276812,14.1671940583
0.0,-15.851528372,14.1702846536
0.0,-15.8513153956,14.1728078442
0.0,-15.8508793558,14.1751510065
0.0,-15.849869445,14.1776679816
0.0,-15.8490994612,14.1799219149
0.0,-15.8485265559,14.1816759614
0.0,-15.848082464,14.1830356136
0.0,-15.8468863223,14.1853272125
0.0,-15.8451181429,14.1885339642
0.0,-15.8441565245,14.191376224
0.0,-15.8431551123,14.1938568528
0.0,-15.8431514749,14.1938605905
0.0,-15.8427387564,14.1947292419
0.0,-15.8416754924,14.1970174902
0.0,-15.840666429,14.1998147
0.0,-15.8388534242,14.2032475941
0.0,-15.8375964441,14.2066875717
0.0,-15.8360593379,14.2098030473
0.0,-15.8344319495,14.21310869
0.0,-15.832943491,14.2166398641
0.0,-15.8317953484,14.2197087561
0.0,-15.8302577644,14.2224987256
0.0,-15.8286837631,14.2254786736
0.0,-15.8283230643,14.2264052695
0.0,-15.8283357316,14.2264081404
0.0,-15.8280792202,14.2271024959
0.0,-15.8274074604,14.2288282627
0.0,-15.8253535601,14.2323986475
0.0,-15.8243164472,14.2348601491
0.0,-15.8232859039,14.2373060013
0.0,-15.8213321537,14.24041379
0.0,-15.8203178023,14.2424222481
0.0,-15.8132261891,14.2412747874
0.0,-15.8027559921,14.2424637295
0.0,-15.7927901854,14.2429913927
0.0,-15.7814801405,14.2456652869
0.0,-15.7747274241,14.2471703931
0.0,-15.7715196953,14.247839935
0.0,-15.7701085514,14.2488527711
0.0,-15.7685146247,14.2516246763
0.0,-15.7679764662,14.2544464241
0.0,-15.7677101724,14.25584267
0.0,-15.7618994243,14.2863061307
0.0,-15.7617639923,14.2870160607
0.0,-15.7615020792,14.2870211569
0.0,-15.7614232106,14.2870226261
0.0,-15.7587423464,14.2910560714
