84,1,24,88,55,
0.0,-15.7172360856,12.7516306477
0.0,-15.716114074,12.7501790615
0.0,-15.7119768685,12.7448264197
0.0,-15.70659906,12.7390989853
0.0,-15.7018334084,12.7343267818
0.0,-15.6978049467,12.7317057403
0.0,-15.69206931,12.7286106102
0.0,-15.6825525368,12.7240896449
0.0,-15.6692581047,12.7193386383
0.0,-15.6596232862,12.7160133396
0.0,-15.6508431583,12.7132837012
0.0,-15.6492503231,12.7127797953
0.0,-15.6459653169,12.7117405221
0.0,-15.6395038264,12.7103206963
0.0,-15.6329205541,12.7089010011
0.0,-15.6257278267,12.7073629532
0.0,-15.6201197413,12.7060602549
0.0,-15.6125136361,12.7039278745
0.0,-15.6099509612,12.7023187876
0.0,-15.608242689,12.7012461492
0.0,-15.6042750226,12.6979655358
0.0,-15.5992434559,12.6955844482
0.0,-15.597060386,12.6942051432
0.0,-15.5935617954,12.6947965123
0.0,-15.591828045,12.6953282915
0.0,-15.589153502,12.6962500482
0.0,-15.5883662917,12.6965213468
0.0,-15.580317891,12.7002635347
0.0,-15.5801716776,12.6983697052
0.0,-15.5792786705,12.6922933072
0.0,-15.578181018,12.6818140691
0.0,-15.5750785971,12.6806215107
0.0,-15.5668271591,12.6779947185
0.0,-15.5554208061,12.6746275966
0.0,-15.5539276989,12.6779089289
0.0,-15.5494408179,12.6877690022
0.0,-15.5457429531,12.6958945862
0.0,-15.5444909592,12.6986455611
0.0,-15.5432602641,12.7013496737
0.0,-15.5414948323,12.705228616
0.0,-15.5397912792,12.7089714858
0.0,-15.5390283872,12.7106475939
0.0,-15.5370489698,12.7074238662
0.0,-15.5364607749,12.7064658986
0.0,-15.535237047,12.7039562292
0.0,-15.5344959754,12.6991726891
0.0,-15.5330218943,12.6934336104
0.0,-15.5314245568,12.6869770078
0.0,-15.5305588096,12.6807581835
0.0,-15.5300714198,12.6777149777
0.0,-15.5294479653,12.6738220826
0.0,-15.528580598,12.6667658614
0.0,-15.5274696372,12.6597101146
0.0,-15.5263592347,12.652893609
0.0,-15.5248846651,12.6466759425
0.0,-15.5249194658,12.646303377
0.0,-15.525599924,12.6390184368
0.0,-15.5270286291,12.6360410125
0.0,-15.5277832681,12.6344683156
0.0,-15.5314262829,12.6306468666
0.0,-15.5334960718,12.6284756274
0.0,-15.537630365,12.6249981631
0.0,-15.5408860782,12.6226432745
0.0,-15.5412790795,12.6223590075
0.0,-15.5439520093,12.6191236627
0.0,-15.5471115808,12.6156480437
0.0,-15.5507585302,12.6122910118
0.0,-15.5526837057,12.6090849519
0.0,-15.5526920698,12.6090710216
0.0,-15.5544012682,12.6070199209
0.0,-15.555856414,12.6040262414
0.0,-15.5582817568,12.5991165099
0.0,-15.5592425092,12.5973296778
0.0,-15.5593183535,12.5970343977
0.0,-15.5594589402,12.5964870561
0.0,-15.5622524477,12.5906817163
0.0,-15.5647361892,12.5869829564
0.0,-15.5654573072,12.5859090532
0.0,-15.5683126933,12.5817687222
0.0,-15.5733325508,12.5783702077
0.0,-15.577469829,12.5763399341
0.0,-15.5826169889,12.5738139528
0.0,-15.5856521441,12.571797618
0.0,-15.5929660637,12.5663342483
0.0,-15.595494449,12.5643189292
0.0,-15.6022988903,12.5577960868
0.0,-15.6037669835,12.5563271707
0.0,-15.6092966987,12.5507941414
0.0,-15.6121166013,12.5485866116
0.0,-15.6213544097,12.5415792549
0.0,-15.628361234,12.5386919424
0.0,-15.6336215058,12.5386795863
0.0,-15.6382001223,12.5387644482
0.0,-15.6426825113,12.539327962
0.0,-15.6494073226,12.5406515885
0.0,-15.6545757587,12.5428401394
0.0,-15.65740852,12.5458956147
0.0,-15.6590720663,12.5477187703
0.0,-15.6603236132,12.5490903728
0.0,-15.6606322315,12.5494285924
0.0,-15.6626848207,12.5521031238
0.0,-15.6643448362,12.553630214
0.0,-15.6663962662,12.5558262174
0.0,-15.6670821393,12.5573557063
0.0,-15.6673666476,12.559084247
0.0,-15.6677749347,12.5615647625
0.0,-15.6678155282,12.5644867889
0.0,-15.6678945918,12.570177419
0.0,-15.6666411632,12.5752526117
0.0,-15.6672365872,12.5794619042
0.0,-15.6681206077,12.5822349826
0.0,-15.6717316691,12.5846184298
0.0,-15.6721117402,12.5850234205
0.0,-15.6726973414,12.585647412
0.0,-15.6782611151,12.5895570377
0.0,-15.678487279,12.5896606104
0.0,-15.6830410388,12.5917459588
0.0,-15.6841841564,12.5918021241
0.0,-15.6848924897,12.5918369246
0.0,-15.6905458113,12.5926836842
0.0,-15.6953676823,12.5925020323
0.0,-15.6960014624,12.59247815
0.0,-15.6965681417,12.5924956489
0.0,-15.7045762027,12.5927428029
0.0,-15.7101318918,12.5934937024
0.0,-15.7131051948,12.5942471031
0.0,-15.7146169184,12.5946301415
0.0,-15.7190344461,12.595738658
0.0,-15.7210454883,12.5962715478
0.0,-15.7234234192,12.597341732
0.0,-15.7261063513,12.5985905001
0.0,-15.7286659967,12.5993012745
0.0,-15.7320798951,12.6006077985
0.0,-15.7345189729,12.601737523
0.0,-15.7368951247,12.6021496634
0.0,-15.7390872224,12.6020838014
0.0,-15.7406696677,12.6017803662
0.0,-15.7429233448,12.601953547
0.0,-15.7454882165,12.6021933165
0.0,-15.7460299168,12.6022439524
0.0,-15.7479544043,12.6022645313
0.0,-15.7507166763,12.6022940444
0.0,-15.7566852032,12.6025164626
0.0,-15.763216064,12.6017057036
0.0,-15.7665468173,12.6012921527
0.0,-15.7705028956,12.6005630516
0.0,-15.7725253006,12.5996851869
0.0,-15.7781466114,12.5972450373
0.0,-15.7836742142,12.5926832871
0.0,-15.7862246351,12.59034319
0.0,-15.7885908712,12.5875251273
0.0,-15.7908957976,12.5845876068
0.0,-15.7920181998,12.5827684842
0.0,-15.7928513815,12.5814180954
0.0,-15.7930770558,12.5810523287
0.0,-15.7946523012,12.5784758031
0.0,-15.7956456057,12.5769268837
0.0,-15.7971653748,12.5743748066
0.0,-15.7978632203,12.5732029278
0.0,-15.7981049754,12.5730128512
0.0,-15.8005358398,12.5711015876
0.0,-15.8010037862,12.5708962649
0.0,-15.8014508554,12.5707001022
0.0,-15.8024263538,12.5702720738
0.0,-15.8040914672,12.5695414464
0.0,-15.8051220723,12.5690892245
0.0,-15.80533948,12.5689938272
0.0,-15.8089923252,12.5677375808
0.0,-15.8099011759,12.5674250101
0.0,-15.8107271565,12.5674092275
0.0,-15.8131734893,12.5673624692
0.0,-15.8160982411,12.5680425961
0.0,-15.8218913417,12.5700345195
0.0,-15.8234341032,12.570810698
0.0,-15.8237062817,12.5709476324
0.0,-15.8271049592,12.5735783817
0.0,-15.8306847865,12.5779884704
0.0,-15.8362533112,12.5827368036
0.0,-15.8442060255,12.5887158119
0.0,-15.8452263163,12.5891445056
0.0,-15.8581088523,12.5945568654
0.0,-15.8588073636,12.5944646063
0.0,-15.865228775,12.593616384
0.0,-15.8670196865,12.5933797893
0.0,-15.8706698355,12.5923631358
0.0,-15.8779641822,12.5886071935
0.0,-15.8859356866,12.5848800321
0.0,-15.8909496889,12.5825355098
0.0,-15.8937222719,12.5813779325
0.0,-15.8950166242,12.5802578158
0.0,-15.8972190135,12.5783518575
0.0,-15.899226019,12.5786938606
0.0,-15.9013984507,12.5794758298
0.0,-15.9022518319,12.5797829993
0.0,-15.9037715713,12.5803300105
0.0,-15.9071341168,12.5815402781
0.0,-15.9190837281,12.5905686736
0.0,-15.9200413341,12.59129213
0.0,-15.9236274508,12.5940013131
0.0,-15.9269445107,12.5965961721
0.0,-15.9275501128,12.597564948
0.0,-15.9282701215,12.5980297368
0.0,-15.9326095508,12.6008308927
0.0,-15.9342763941,12.6019068241
0.0,-15.938597698,12.6044428856
0.0,-15.9430265005,12.6069844476
0.0,-15.9452619298,12.6085438049
0.0,-15.9490567315,12.6115699265
0.0,-15.9521865568,12.6142080505
0.0,-15.9549456346,12.6159251916
0.0,-15.9582666849,12.6179657912
0.0,-15.9613714848,12.6204599287
0.0,-15.9648754138,12.6240471192
0.0,-15.9660114856,12.6254588615
0.0,-15.9661314329,12.6255031833
0.0,-15.9665328111,12.6259685131
0.0,-15.9665382848,12.6259754554
0.0,-15.9673546949,12.6270109933
0.0,-15.9715730145,12.6323609819
0.0,-15.9749848341,12.6366878804
0.0,-15.9815544256,12.645018924
0.0,-15.9832711998,12.6471964821
0.0,-15.9716073386,12.6495853284
0.0,-15.9706889973,12.6495002954
0.0,-15.9666357801,12.6491249519
0.0,-15.9650183948,12.6465949644
0.0,-15.9638429502,12.644972446
0.0,-15.9621837043,12.644260747
0.0,-15.9589219923,12.6449901978
0.0,-15.9541064661,12.647160568
0.0,-15.9511428715,12.649467791
0.0,-15.9503680763,12.6507624094
0.0,-15.9503723249,12.6519107086
0.0,-15.9520367389,12.654010006
0.0,-15.9544276018,12.6549105287
0.0,-15.9580869238,12.6562370857
0.0,-15.9579013085,12.6587257607
0.0,-15.9557570509,12.6586377749
0.0,-15.9528276884,12.6570693446
0.0,-15.9499958084,12.6555005326
0.0,-15.9480399384,12.6536414921
0.0,-15.9466696653,12.652019586
0.0,-15.9447185969,12.6514523555
0.0,-15.9424769489,12.6513646036
0.0,-15.941747846,12.6518456468
0.0,-15.9413650684,12.6537608608
0.0,-15.9414183533,12.6550046818
0.0,-15.9430857071,12.657917418
0.0,-15.9427958172,12.6585882956
0.0,-15.9397292805,12.6594603746
0.0,-15.9389256397,12.6598529146
0.0,-15.9362758829,12.6611471718
0.0,-15.9350989694,12.6590939064
0.0,-15.9328334383,12.6524511747
0.0,-15.9319022982,12.6509711881
0.0,-15.9300948355,12.6496856448
0.0,-15.9278110427,12.6514160895
0.0,-15.925730049,12.6553467597
0.0,-15.9242407661,12.6612370786
0.0,-15.9236943063,12.6641632249
0.0,-15.9238174966,12.6658495043
0.0,-15.9238865067,12.6667941254
0.0,-15.9249873929,12.6680462755
0.0,-15.9261481195,12.6689991711
0.0,-15.9283397702,12.6686924906
0.0,-15.9302827895,12.6670110722
0.0,-15.9316813003,12.6663482878
0.0,-15.9331457152,12.6670608552
0.0,-15.9329068654,12.6683774734
0.0,-15.9307228226,12.670777453
0.0,-15.9301100913,12.673136041
0.0,-15.9292578739,12.6800050057
0.0,-15.9288507839,12.6819681376
0.0,-15.9276821342,12.6822114524
0.0,-15.9270943461,12.6813761884
0.0,-15.9261878299,12.6799917965
0.0,-15.9246712593,12.678346368
0.0,-15.9233260354,12.6769156439
0.0,-15.921448508,12.6765154603
0.0,-15.9195480804,12.6765220395
0.0,-15.9186718168,12.6767643023
0.0,-15.9178218867,12.6775567088
0.0,-15.9168770597,12.6790671407
0.0,-15.9161999788,12.6805048771
0.0,-15.9158646855,12.6821328214
0.0,-15.9157174772,12.6886644069
0.0,-15.913166469,12.689332357
0.0,-15.9125873191,12.6909132895
0.0,-15.9111564585,12.6937882129
0.0,-15.9110544374,12.6939931936
0.0,-15.9083614893,12.6961871547
0.0,-15.9071498064,12.6971743006
0.0,-15.9009418178,12.7021785953
0.0,-15.9006424943,12.703674825
0.0,-15.8991362862,12.7064489293
0.0,-15.8980398236,12.7084683321
0.0,-15.8949394371,12.7103328772
0.0,-15.8921404733,12.7112992447
0.0,-15.8913911926,12.7118425713
0.0,-15.8903174588,12.7126211623
0.0,-15.8900097336,12.7117250647
0.0,-15.8897602244,12.7100512589
0.0,-15.8896928526,12.7081974154
0.0,-15.8881632246,12.7062886621
0.0,-15.8852329118,12.7045041925
0.0,-15.8825485797,12.7033767672
0.0,-15.880598168,12.7030842023
0.0,-15.8788321581,12.7032694835
0.0,-15.8784703461,12.7043472409
0.0,-15.8784806187,12.707337651
0.0,-15.8707457076,12.707901432
0.0,-15.8695801019,12.7055128963
0.0,-15.867742389,12.7025284616
0.0,-15.8667648607,12.7016943289
0.0,-15.8627420495,12.7010495359
0.0,-15.8574421847,12.7010667108
0.0,-15.8534245859,12.7019767989
0.0,-15.8465952812,12.702541661
0.0,-15.8397236617,12.7025634932
0.0,-15.8368798293,12.7047615027
0.0,-15.8335927615,12.7055613355
0.0,-15.830988739,12.705813975
0.0,-15.8245386347,12.7042926764
0.0,-15.8207271167,12.7057354683
0.0,-15.8182142886,12.7066337152
0.0,-15.8173484637,12.7069432099
0.0,-15.8153600582,12.7076539656
0.0,-15.8136809424,12.7083768387
0.0,-15.812060644,12.7118478811
0.0,-15.8087597841,12.7138463256
0.0,-15.8053550272,12.7179177949
0.0,-15.8031769237,12.7227331158
0.0,-15.8028153687,12.7256871107
0.0,-15.8025354113,12.7279744018
0.0,-15.8043118339,12.7316925657
0.0,-15.8041782787,12.7357121887
0.0,-15.8040966171,12.7391646156
0.0,-15.804049248,12.7411672309
0.0,-15.8050959657,12.748484758
0.0,-15.8037954373,12.7492561069
0.0,-15.8036363577,12.749350457
0.0,-15.8010104812,12.7513680302
0.0,-15.7954688184,12.756265239
0.0,-15.7916697724,12.7572814492
0.0,-15.7897686793,12.7572871363
0.0,-15.7850780002,12.7537125137
0.0,-15.7805759086,12.7524779972
0.0,-15.7783454337,12.7518663466
0.0,-15.7717626667,12.7511679192
0.0,-15.765327455,12.7508995335
0.0,-15.7609391123,12.7504815633
0.0,-15.7577240737,12.7512085178
0.0,-15.7467820614,12.7599958907
0.0,-15.7426965237,12.7631653956
0.0,-15.7400745842,12.7667613806
0.0,-15.7362875797,12.7720831356
0.0,-15.7342643556,12.7732748051
0.0,-15.7322910952,12.7744370211
0.0,-15.7271487565,12.7661973725
0.0,-15.7222518528,12.7584354179
0.0,-15.7172564062,12.7516582158
0.0,-15.7172360856,12.7516306477
