22,10,15,86,22,
0.0,-15.6621199392,14.8831905861
0.0,-15.6524980032,14.8793690361
0.0,-15.6406265663,14.8794024935
0.0,-15.636260482,14.8783514877
0.0,-15.6320916584,14.8773478787
0.0,-15.6159349622,14.8684241767
0.0,-15.5994976142,14.8642614863
0.0,-15.6007115763,14.862959656
0.0,-15.6035805678,14.8598829152
0.0,-15.5984736204,14.8573194658
0.0,-15.5984264527,14.8573479338
0.0,-15.5845848228,14.8481778731
0.0,-15.5814769949,14.8469109834
0.0,-15.5784692542,14.8448210723
0.0,-15.5772961514,14.8440736222
0.0,-15.5757118634,14.8430311045
0.0,-15.5736277271,14.8416598278
0.0,-15.5698113606,14.8395085263
0.0,-15.566525969,14.8377898179
0.0,-15.5629503308,14.8352298302
0.0,-15.5597485629,14.8334565699
0.0,-15.5562202784,14.8316388477
0.0,-15.5522744741,14.829162079
0.0,-15.5495931281,14.8273060523
0.0,-15.5452181154,14.8250200423
0.0,-15.5432445727,14.8237137618
0.0,-15.5407817924,14.8237387727
0.0,-15.5385995371,14.8244569992
0.0,-15.536417495,14.8252678753
0.0,-15.5347555505,14.8259396478
0.0,-15.5312539595,14.827195418
0.0,-15.5275502829,14.8287318713
0.0,-15.523799515,14.8303949479
0.0,-15.5204375268,14.8314242134
0.0,-15.5175488596,14.8321811353
0.0,-15.5148375293,14.8332631022
0.0,-15.5130360428,14.8339361636
0.0,-15.5102863,14.834882548
0.0,-15.5077696342,14.8357741394
0.0,-15.5054015717,14.8366292132
0.0,-15.5046375961,14.8369631492
0.0,-15.5030339104,14.8376662134
0.0,-15.5009904689,14.8386199841
0.0,-15.4990030246,14.8389226596
0.0,-15.4972937632,14.8393241684
0.0,-15.4953052297,14.8395364041
0.0,-15.492330928,14.8395066264
0.0,-15.4903889607,14.8397639253
0.0,-15.4884006377,14.8400755528
0.0,-15.4863650883,14.8400527436
0.0,-15.4844305704,14.8394872392
0.0,-15.4841329166,14.8394448079
0.0,-15.4813992687,14.8389623282
0.0,-15.4783308144,14.8383810603
0.0,-15.4755957271,14.8376272812
0.0,-15.47281543,14.8370453427
0.0,-15.4707411621,14.8362980566
0.0,-15.4682862135,14.8357244375
0.0,-15.4669185545,14.8354831081
0.0,-15.4642769478,14.8345391393
0.0,-15.4614032854,14.8333153309
0.0,-15.459142331,14.8321535514
0.0,-15.4566485353,14.8307481012
0.0,-15.4528812787,14.8292456804
0.0,-15.4490216918,14.8280146101
0.0,-15.4446398027,14.8258622884
0.0,-15.4421851431,14.8253426316
0.0,-15.4394516599,14.8248144396
0.0,-15.4368036995,14.8240577638
0.0,-15.4354041722,14.8229325331
0.0,-15.4354445081,14.822188823
0.0,-15.4355206905,14.8207805212
0.0,-15.4354999481,14.8206504756
0.0,-15.4350218789,14.8176532287
0.0,-15.4358446144,14.815454675
0.0,-15.435681096,14.8126883936
0.0,-15.4360285665,14.8117401452
0.0,-15.4366524663,14.8100374981
0.0,-15.4367686793,14.8077408259
0.0,-15.4373581114,14.8050816096
0.0,-15.4374358758,14.8024069218
0.0,-15.4374972071,14.8002974453
0.0,-15.4349956244,14.7996185736
0.0,-15.4315954832,14.7960367451
0.0,-15.4258362695,14.7930333455
0.0,-15.422897272,14.7921801616
0.0,-15.424362772,14.7908242283
0.0,-15.4271894127,14.7882088463
0.0,-15.4292304446,14.7860055057
0.0,-15.4314800924,14.7835768893
0.0,-15.4341698235,14.7776000975
0.0,-15.4362121967,14.7734392892
0.0,-15.4370026523,14.7711946287
0.0,-15.4375456956,14.7696525172
0.0,-15.4384622984,14.7670495368
0.0,-15.4394722782,14.7650240361
0.0,-15.4408685563,14.7622237517
0.0,-15.44194073,14.7605891177
0.0,-15.443063087,14.7588779432
0.0,-15.4431973063,14.7586733063
0.0,-15.4432780872,14.7585065079
0.0,-15.4435458305,14.7579536604
0.0,-15.4436494114,14.7577397814
0.0,-15.4438619315,14.7573009574
0.0,-15.4440644158,14.7568828551
0.0,-15.4463510585,14.7521611249
0.0,-15.4519856674,14.7410411392
0.0,-15.4561404525,14.7302319046
0.0,-15.4582163528,14.724873228
0.0,-15.4589686169,14.7196725094
0.0,-15.4596748195,14.714790039
0.0,-15.4596749193,14.7147893498
0.0,-15.4604365224,14.7094696484
0.0,-15.4821329391,14.7062593227
0.0,-15.5024851477,14.7008674333
0.0,-15.5109422625,14.6986262999
0.0,-15.5255594706,14.688350094
0.0,-15.526927461,14.6871581572
0.0,-15.542003896,14.67402061
0.0,-15.5420039367,14.6740205737
0.0,-15.5531092603,14.6641278274
0.0,-15.5617309921,14.6644129775
0.0,-15.567572796,14.6726120937
0.0,-15.5687318442,14.6811866152
0.0,-15.5699636514,14.6856740941
0.0,-15.5754780714,14.6904945655
0.0,-15.5800468453,14.6944881268
0.0,-15.5819195161,14.693313881
0.0,-15.5853278397,14.6812251099
0.0,-15.5872584683,14.6813685779
0.0,-15.5888366609,14.681485843
0.0,-15.5899977509,14.6815721096
0.0,-15.5937338209,14.6828301123
0.0,-15.6029222588,14.6859001345
0.0,-15.6111654948,14.6886295839
0.0,-15.6103548893,14.6934322983
0.0,-15.6095793476,14.6980270858
0.0,-15.6084036479,14.7019441794
0.0,-15.6082649046,14.7043648357
0.0,-15.6096718681,14.7054894773
0.0,-15.6123039472,14.705674647
0.0,-15.6188064869,14.7020692322
0.0,-15.6211408298,14.7019433871
0.0,-15.6241032072,14.7011220896
0.0,-15.6257436879,14.6995237502
0.0,-15.625775907,14.6995503839
0.0,-15.6266319346,14.7002580095
0.0,-15.6277026358,14.7011467819
0.0,-15.62877306,14.7020366799
0.0,-15.6298432021,14.7029265733
0.0,-15.6309142199,14.7038153288
0.0,-15.6319869791,14.704700684
0.0,-15.6330617684,14.7055826378
0.0,-15.6341397458,14.7064600571
0.0,-15.6352211963,14.7073306807
0.0,-15.6363072757,14.7081933754
0.0,-15.6370381505,14.7087659941
0.0,-15.6407097353,14.7115444881
0.0,-15.6387674567,14.7181147158
0.0,-15.6380267779,14.7209638626
0.0,-15.6377274013,14.722122725
0.0,-15.6373785748,14.7234572261
0.0,-15.6382417228,14.7270498097
0.0,-15.6403410188,14.7275168431
0.0,-15.6421779659,14.7277866831
0.0,-15.6433352028,14.7279566682
0.0,-15.6465318017,14.7284261825
0.0,-15.6494801493,14.7280591193
0.0,-15.6510756125,14.7273370131
0.0,-15.6542686466,14.7266103881
0.0,-15.6583093301,14.7216951685
0.0,-15.6613768437,14.7201315778
0.0,-15.6670372817,14.7226270324
0.0,-15.67184409,14.7230744269
0.0,-15.6722792321,14.7227682572
0.0,-15.6736682349,14.7217909318
0.0,-15.673944882,14.7215962766
0.0,-15.6740386054,14.7215303299
0.0,-15.6772921952,14.7195379629
0.0,-15.6779636156,14.7191268019
0.0,-15.6833657602,14.7175560837
0.0,-15.6872089944,14.713889719
0.0,-15.6874953784,14.7086796746
0.0,-15.68794396,14.7023853847
0.0,-15.6881170105,14.7003754636
0.0,-15.6883724636,14.697942061
0.0,-15.6881628446,14.6955805764
0.0,-15.6883607522,14.6942020935
0.0,-15.6883552058,14.6924305299
0.0,-15.688580298,14.6907863399
0.0,-15.6898244636,14.6909982381
0.0,-15.6912520346,14.6913194627
0.0,-15.6926313696,14.6917142796
0.0,-15.6939534796,14.6921849766
0.0,-15.6952099553,14.6927338402
0.0,-15.6963915179,14.6933631593
0.0,-15.6975320153,14.6940377999
0.0,-15.6986682058,14.6947248788
0.0,-15.6997997944,14.6954232668
0.0,-15.700927367,14.6961340922
0.0,-15.702050625,14.6968550958
0.0,-15.7031698629,14.697587407
0.0,-15.7042850772,14.6983298955
0.0,-15.7053965614,14.6990836908
0.0,-15.7065043093,14.6998465326
0.0,-15.7076083247,14.7006195512
0.0,-15.708708603,14.7014016163
0.0,-15.7098057287,14.7021938565
0.0,-15.7108994056,14.7029940124
0.0,-15.71198993,14.7038043434
0.0,-15.713077291,14.7046214592
0.0,-15.7141617877,14.7054476193
0.0,-15.7152431249,14.7062816943
0.0,-15.7163218795,14.7071225525
0.0,-15.7207046438,14.708608506
0.0,-15.7234992541,14.70955595
0.0,-15.7298946476,14.7117239901
0.0,-15.735211903,14.7135263715
0.0,-15.739075746,14.7148359953
0.0,-15.739463305,14.7149673512
0.0,-15.7424793902,14.7166931669
0.0,-15.7472184248,14.7194047235
0.0,-15.7497026964,14.720826094
0.0,-15.7533509092,14.7229133274
0.0,-15.7555697696,14.7241827435
0.0,-15.7557056788,14.7242604963
0.0,-15.7578475048,14.7270937754
0.0,-15.7605594504,14.7289281209
0.0,-15.7608037952,14.7290933912
0.0,-15.7630951984,14.730712433
0.0,-15.7652880032,14.7315051904
0.0,-15.7676158399,14.73213784
0.0,-15.7693277804,14.7320529177
0.0,-15.7693508935,14.732066138
0.0,-15.7719312496,14.7335420541
0.0,-15.7740242642,14.734739183
0.0,-15.7756757966,14.7356837767
0.0,-15.7778053153,14.736901725
0.0,-15.7818955638,14.7392409883
0.0,-15.7842953241,14.740590954
0.0,-15.7842727365,14.7406004654
0.0,-15.7838797684,14.7407659426
0.0,-15.7817086856,14.7415327064
0.0,-15.7800480419,14.7421621195
0.0,-15.7777664154,14.7432004412
0.0,-15.7747877061,14.7441506701
0.0,-15.772553119,14.7453695989
0.0,-15.7707540539,14.7462796719
0.0,-15.7690387104,14.7472256161
0.0,-15.7670912113,14.7484525804
0.0,-15.7654304253,14.7497339548
0.0,-15.7650923574,14.7506922597
0.0,-15.7636201387,14.7521074787
0.0,-15.7626534193,14.7546239899
0.0,-15.7611665709,14.7571874146
0.0,-15.7597811002,14.7595244794
0.0,-15.7580997093,14.7622693403
0.0,-15.7567149612,14.7648335343
0.0,-15.7546147474,14.7673898886
0.0,-15.7529483299,14.7691221054
0.0,-15.7511737206,14.7718231511
0.0,-15.7493598195,14.7739163229
0.0,-15.7474074769,14.7762913226
0.0,-15.7462142087,14.7778501886
0.0,-15.7447815035,14.780042673
0.0,-15.7435336783,14.7819633318
0.0,-15.7418202985,14.7836052188
0.0,-15.7410532651,14.7848372235
0.0,-15.7401463879,14.7859340634
0.0,-15.7384808169,14.787991648
0.0,-15.7372847675,14.7887639365
0.0,-15.7358381338,14.7923848517
0.0,-15.7345935698,14.795318019
0.0,-15.7340996396,14.7976521027
0.0,-15.7332298345,14.7989632788
0.0,-15.7332237985,14.7989655889
0.0,-15.7332237338,14.7989656859
0.0,-15.7253695709,14.8019714382
0.0,-15.7246134694,14.8022607807
0.0,-15.7227947799,14.8031779943
0.0,-15.7209263409,14.8042159642
0.0,-15.7191178019,14.8058182097
0.0,-15.7155483011,14.8163171914
0.0,-15.7151845513,14.8176174672
0.0,-15.689067255,14.8356181065
0.0,-15.6900961143,14.8574775799
0.0,-15.690319149,14.862215391
0.0,-15.6920464525,14.872106431
0.0,-15.6875537995,14.881465816
0.0,-15.6751307113,14.885901052
0.0,-15.6621199392,14.8831905861
