48,7,4,38,93,
0.0,-14.8402036955,15.9145061621
0.0,-14.8405117939,15.9141919439
0.0,-14.8399032578,15.9142777504
0.0,-14.8362964665,15.9079838595
0.0,-14.8306713807,15.8982044351
0.0,-14.8200082835,15.8819187834
0.0,-14.8132199079,15.8715493229
0.0,-14.8131606126,15.8714587413
0.0,-14.7923214432,15.8788613357
0.0,-14.7885653861,15.8801953091
0.0,-14.761185805,15.8949169712
0.0,-14.7426242389,15.9140312504
0.0,-14.7285230705,15.9226249754
0.0,-14.7042827927,15.9328784496
0.0,-14.6837469023,15.9440913895
0.0,-14.6694157471,15.9605342477
0.0,-14.6693810012,15.9605741091
0.0,-14.6658461249,15.9639993575
0.0,-14.6651429574,15.9646806956
0.0,-14.6549694805,15.9745375643
0.0,-14.6481542406,15.9608606624
0.0,-14.6476010686,15.9597504599
0.0,-14.6464937667,15.9575280937
0.0,-14.6462470172,15.9570328578
0.0,-14.6461786068,15.9568955553
0.0,-14.6478982683,15.9430886087
0.0,-14.6498918946,15.927079416
0.0,-14.6097083567,15.921269876
0.0,-14.5991859521,15.933309026
0.0,-14.5985141686,15.9337957627
0.0,-14.5963078085,15.9336924313
0.0,-14.5944007556,15.9336030986
0.0,-14.5872511031,15.9218350532
0.0,-14.5860049118,15.9197837086
0.0,-14.5771093232,15.9051393764
0.0,-14.576089841,15.9034609045
0.0,-14.5598232747,15.8766754415
0.0,-14.5439831984,15.8505861825
0.0,-14.5425408397,15.8482101737
0.0,-14.5333021916,15.8329887357
0.0,-14.5733422038,15.8066718794
0.0,-14.5953945159,15.7923437635
0.0,-14.6210011625,15.7757008557
0.0,-14.6340021898,15.7672486758
0.0,-14.6673331584,15.7455728247
0.0,-14.6634287506,15.7143677482
0.0,-14.6616997309,15.7005461203
0.0,-14.6629302993,15.6999400461
0.0,-14.6641695859,15.699348669
0.0,-14.6654181739,15.6987719898
0.0,-14.6666754803,15.6982100075
0.0,-14.6679409258,15.6976604609
0.0,-14.6692145069,15.6971256101
0.0,-14.6704956458,15.6966020637
0.0,-14.6717837577,15.6960909508
0.0,-14.6730794298,15.6955900122
0.0,-14.6743814918,15.695101506
0.0,-14.6756899478,15.694623172
0.0,-14.6770047995,15.6941538801
0.0,-14.6783248787,15.6936947584
0.0,-14.6796507708,15.6932446777
0.0,-14.6809818943,15.6928025069
0.0,-14.6823176661,15.6923682452
0.0,-14.6836575048,15.6919407614
0.0,-14.685001992,15.6915211866
0.0,-14.6863499647,15.6911072587
0.0,-14.6877020064,15.6906989785
0.0,-14.7046270449,15.6800297724
0.0,-14.7099553479,15.673209522
0.0,-14.7155531321,15.6635554737
0.0,-14.7203926965,15.6494338598
0.0,-14.7208925228,15.6479752697
0.0,-14.7215442447,15.6463514938
0.0,-14.7248544184,15.6381037086
0.0,-14.731572631,15.6213620395
0.0,-14.7471504478,15.5772129145
0.0,-14.7469944546,15.5771949441
0.0,-14.7520985822,15.5589618563
0.0,-14.7362215047,15.5542474688
0.0,-14.7362755945,15.553006136
0.0,-14.7363321021,15.551656879
0.0,-14.7363868601,15.5503076197
0.0,-14.7364392859,15.5489583574
0.0,-14.736489378,15.5476102222
0.0,-14.7365371378,15.5462620841
0.0,-14.7365825655,15.5449139429
0.0,-14.736625661,15.5435657989
0.0,-14.736666423,15.5422187819
0.0,-14.7367048545,15.5408706319
0.0,-14.7367409525,15.539523609
0.0,-14.7367747171,15.5381777132
0.0,-14.7368055684,15.5368306837
0.0,-14.7368340865,15.5354847814
0.0,-14.7368596885,15.5341400055
0.0,-14.7368829602,15.5327940965
0.0,-14.736903316,15.531449314
0.0,-14.7369207573,15.5301045278
0.0,-14.736935867,15.5287597387
0.0,-14.7369480609,15.5274160761
0.0,-14.7369579234,15.5260724104
0.0,-14.7369497189,15.5247287232
0.0,-14.7368045643,15.5233803521
0.0,-14.7366959619,15.5228775529
0.0,-14.7367690259,15.52287764
0.0,-14.7367699761,15.5228776412
0.0,-14.7365865675,15.5220285037
0.0,-14.736166352,15.5206730232
0.0,-14.7356359981,15.5193162799
0.0,-14.7350147351,15.5179616865
0.0,-14.7343223791,15.5166092659
0.0,-14.7335752476,15.5152601673
0.0,-14.7327937338,15.5139178051
0.0,-14.7319982351,15.5125822037
0.0,-14.7312044816,15.5112567724
0.0,-14.7304317041,15.5099415347
0.0,-14.7297014607,15.5086387773
0.0,-14.7290294817,15.5073507801
0.0,-14.7284349949,15.5060786973
0.0,-14.7279389758,15.5048236855
0.0,-14.7275577361,15.5035880255
0.0,-14.727311085,15.5023728726
0.0,-14.7272176644,15.5011805102
0.0,-14.7272955331,15.500013221
0.0,-14.7275656663,15.4988710307
0.0,-14.7280315557,15.4977550728
0.0,-14.728568518,15.4966493719
0.0,-14.7291346027,15.4955493556
0.0,-14.7297292268,15.494455023
0.0,-14.7303512258,15.4933652423
0.0,-14.7310000153,15.4922811427
0.0,-14.731674431,15.4912015925
0.0,-14.7323738883,15.4901277208
0.0,-14.7330972244,15.4890572657
0.0,-14.7338432722,15.4879913558
0.0,-14.7346120328,15.4869288606
0.0,-14.7354017564,15.4858709081
0.0,-14.7362112775,15.4848174964
0.0,-14.7370411798,15.4837674961
0.0,-14.7378891324,15.4827209041
0.0,-14.7387545538,15.4816765895
0.0,-14.7396374409,15.4806368121
0.0,-14.7405354658,15.479599309
0.0,-14.7414492094,15.4785652106
0.0,-14.7423763424,15.477533384
0.0,-14.7433168646,15.4765038291
0.0,-14.7442701931,15.4754765448
0.0,-14.7452345798,15.4744515292
0.0,-14.746209442,15.4734287813
0.0,-14.7471936156,15.4724071697
0.0,-14.7481865165,15.4713878235
0.0,-14.7491875632,15.470369612
0.0,-14.7501955892,15.4693536638
0.0,-14.7512094317,15.4683377174
0.0,-14.7522285067,15.467322902
0.0,-14.7532522314,15.466309217
0.0,-14.754278858,15.4652966603
0.0,-14.7553078064,15.4642829711
0.0,-14.7563384914,15.4632704089
0.0,-14.7573697477,15.4622589724
0.0,-14.7584009953,15.4612464008
0.0,-14.759430485,15.4602338223
0.0,-14.7604587994,15.4592212375
0.0,-14.7614836095,15.4582075138
0.0,-14.7625049153,15.4571926513
0.0,-14.7695069973,15.4572337273
0.0,-14.7770271368,15.4572775955
0.0,-14.777539875,15.457280577
0.0,-14.7788771604,15.4573666727
0.0,-14.7789507316,15.4573715765
0.0,-14.7789508304,15.457371583
0.0,-14.779020771,15.4573762445
0.0,-14.7802196858,15.4574561557
0.0,-14.7815665803,15.4575478952
0.0,-14.7829184263,15.4576418915
0.0,-14.7842746404,15.4577381441
0.0,-14.7856352226,15.4578366528
0.0,-14.7870004657,15.4579374178
0.0,-14.7883694945,15.4580404383
0.0,-14.7897428927,15.4581445846
0.0,-14.7911200775,15.4582509861
0.0,-14.7925010502,15.4583585128
0.0,-14.7938858098,15.4584671644
0.0,-14.7952740655,15.4585769408
0.0,-14.7966661082,15.4586878421
0.0,-14.7979885428,15.4587940432
0.0,-14.798051725,15.4587603777
0.0,-14.8104585604,15.4521488549
0.0,-14.8118261953,15.4514199824
0.0,-14.8131976098,15.450689082
0.0,-14.8165946223,15.4492844183
0.0,-14.821401872,15.4472965005
0.0,-14.8253327389,15.4456708824
0.0,-14.8322804727,15.4442683793
0.0,-14.8480396117,15.4445814206
0.0,-14.8594430128,15.4467007403
0.0,-14.8686674216,15.4518350553
0.0,-14.8732260896,15.4574691773
0.0,-14.8776058056,15.4621470648
0.0,-14.87785855,15.4621355127
0.0,-14.8792475658,15.4620662074
0.0,-14.8806327983,15.4619878506
0.0,-14.8820145389,15.4619027026
0.0,-14.8833924947,15.4618107634
0.0,-14.884766376,15.4617097726
0.0,-14.8861364722,15.4616019907
0.0,-14.8875022028,15.4614851573
0.0,-14.8888635662,15.4613615326
0.0,-14.8902208537,15.4612288567
0.0,-14.8915731923,15.4610871292
0.0,-14.892921164,15.4609374806
0.0,-14.8942644759,15.4607799108
0.0,-14.8956025484,15.4606121594
0.0,-14.8969359607,15.4604364871
0.0,-14.8982641326,15.4602517634
0.0,-14.8995867718,15.4600568583
0.0,-14.9009044601,15.4598529022
0.0,-14.9022163249,15.4596398949
0.0,-14.9035229473,15.4594167066
0.0,-14.9048237464,15.459183337
0.0,-14.9061204725,15.4589296162
0.0,-14.9074204294,15.458610343
0.0,-14.9087224517,15.4582232565
0.0,-14.91002537,15.4577728768
0.0,-14.9113274347,15.4572603332
0.0,-14.9126263134,15.4566901452
0.0,-14.91392113,15.4560634426
0.0,-14.9152095518,15.4553836149
0.0,-14.9164904113,15.4546540521
0.0,-14.9177616682,15.4538770138
0.0,-14.9190215719,15.4530547596
0.0,-14.9202689551,15.4521918098
0.0,-14.9215014866,15.451290424
0.0,-14.9227177084,15.4503528621
0.0,-14.9239161627,15.4493825141
0.0,-14.9250948076,15.4483827701
0.0,-14.9262521873,15.4473547599
0.0,-14.9273865524,15.4463030037
0.0,-14.9284964446,15.4452286315
0.0,-14.9295798249,15.4441361635
0.0,-14.9306349448,15.4430278597
0.0,-14.9316603456,15.4419071103
0.0,-14.9326545724,15.4407750455
0.0,-14.9336152936,15.4396361855
0.0,-14.9345416339,15.4384927905
0.0,-14.9354309725,15.4373482507
0.0,-14.9362824352,15.4362048263
0.0,-14.937093983,15.4350659077
0.0,-14.9374392169,15.4345577192
0.0,-14.9378638677,15.4339326249
0.0,-14.9385906326,15.4328106284
0.0,-14.9392722387,15.4317010482
0.0,-14.9399075222,15.4306061447
0.0,-14.9404941524,15.4295304381
0.0,-14.941030964,15.4284750586
0.0,-14.9415162089,15.4274445265
0.0,-14.9419466855,15.4264399715
0.0,-14.9421974505,15.4254308484
0.0,-14.9422064749,15.4243945395
0.0,-14.9419958971,15.4233344409
0.0,-14.94158902,15.4222539485
0.0,-14.9410085651,15.4211519371
0.0,-14.9402772517,15.4200329319
0.0,-14.9394177998,15.4188980678
0.0,-14.9384529281,15.4177507399
0.0,-14.9374056469,15.4165909532
0.0,-14.9362986753,15.4154209735
0.0,-14.9351547303,15.4142441967
0.0,-14.9339965283,15.4130628892
0.0,-14.932847078,15.4118770579
0.0,-14.9317288031,15.4106912301
0.0,-14.930665003,15.4095054135
0.0,-14.92967781,15.4083218763
0.0,-14.9287905196,15.4071440172
0.0,-14.9280258456,15.405974105
0.0,-14.9274755311,15.4047952192
0.0,-14.9274852631,15.4047341918
0.0,-14.927684214,15.4034866172
0.0,-14.9283460626,15.4021329568
0.0,-14.9289729257,15.4008640415
0.0,-14.9295918991,15.3996527575
0.0,-14.9302618231,15.3984618296
0.0,-14.9309541602,15.3972799474
0.0,-14.9316403744,15.3960946707
0.0,-14.9322928056,15.3948935599
0.0,-14.932921061,15.3936822687
0.0,-14.9335443587,15.3924687138
0.0,-14.9341638645,15.3912528957
0.0,-14.934779869,15.3900359445
0.0,-14.9353929549,15.3888167305
0.0,-14.9360039956,15.387597514
0.0,-14.9366135734,15.386376035
0.0,-14.9372222696,15.385155684
0.0,-14.9378306683,15.383934201
0.0,-14.9384259583,15.3827059319
0.0,-14.9389970761,15.3814607027
0.0,-14.939555085,15.3802075575
0.0,-14.9401113413,15.3789532802
0.0,-14.9406777804,15.3777057847
0.0,-14.9412660473,15.3764741149
0.0,-14.9418874983,15.3752627942
0.0,-14.9425080896,15.3741635364
0.0,-14.9388113115,15.372318776
0.0,-14.9351423225,15.3704877904
0.0,-14.9238878252,15.3648707262
0.0,-14.9203966458,15.3631281196
0.0,-14.9113695104,15.3586583512
0.0,-14.9088935437,15.3528167237
0.0,-14.9111968337,15.3483512872
0.0,-14.9170394763,15.34646392
0.0,-14.9361574096,15.349218745
0.0,-14.9660740663,15.3559248539
0.0,-14.9675084574,15.3563621428
0.0,-14.9817010715,15.3606883099
0.0,-15.0027201969,15.3670933331
0.0,-15.0071804783,15.3689762164
0.0,-15.0335788842,15.3801176349
0.0,-15.0680685228,15.394667427
0.0,-15.0690540319,15.3956288496
0.0,-15.0703733981,15.3969167651
0.0,-15.0714865005,15.3953692853
0.0,-15.0723131662,15.394219693
0.0,-15.0730865568,15.3931447025
0.0,-15.0735237475,15.3925375872
0.0,-15.0738867175,15.3920335367
0.0,-15.0746865787,15.390921238
0.0,-15.0754864313,15.3898089363
0.0,-15.0762865671,15.3886966316
0.0,-15.0770864028,15.387584324
0.0,-15.0776325262,15.3868248378
0.0,-15.07788623,15.3864720135
0.0,-15.0786863399,15.38536083
0.0,-15.0794861501,15.3842485136
0.0,-15.0802859519,15.3831361942
0.0,-15.0810860368,15.3820238718
0.0,-15.0818858217,15.3809115466
0.0,-15.0821846974,15.3804960236
0.0,-15.0826858887,15.3797992183
0.0,-15.0834856571,15.3786880173
0.0,-15.0842854165,15.3775756832
0.0,-15.085085459,15.3764633461
0.0,-15.0852918227,15.3761763219
0.0,-15.0858852015,15.3753510061
0.0,-15.0866849355,15.3742386632
0.0,-15.0874849522,15.3731274474
0.0,-15.0882846693,15.3720150986
0.0,-15.0890843779,15.3709027469
0.0,-15.0898843696,15.3697903921
0.0,-15.0901080607,15.3694792434
0.0,-15.0906840613,15.3686780345
0.0,-15.091431106,15.3676392725
0.0,-15.0914840352,15.3675656739
0.0,-15.0922837114,15.3664544406
0.0,-15.0930833767,15.3653420742
0.0,-15.0938833261,15.3642297047
0.0,-15.0946829755,15.3631173325
0.0,-15.0954826164,15.3620049573
0.0,-15.0986816782,15.3575565571
0.0,-15.0994812768,15.3564441673
0.0,-15.1002811577,15.3553317744
0.0,-15.1010807399,15.3542205088
0.0,-15.1018803132,15.3531081102
0.0,-15.1026801696,15.3519957085
0.0,-15.1034797259,15.350883304
0.0,-15.1042792738,15.3497708966
0.0,-15.1050791039,15.3486584862
0.0,-15.1058786355,15.3475472031
0.0,-15.1066784497,15.3464347868
0.0,-15.1074779638,15.3453223677
0.0,-15.1082774694,15.3442099457
0.0,-15.1090772573,15.3430975206
0.0,-15.1098767467,15.3419862228
0.0,-15.1102751892,15.3414318158
0.0,-15.110676227,15.3408737921
0.0,-15.1114759905,15.3397613582
0.0,-15.1122754539,15.3386489216
0.0,-15.1130751996,15.337536482
0.0,-15.1138746461,15.3364240395
0.0,-15.1146740849,15.3353127243
0.0,-15.1154738062,15.3342002758
0.0,-15.1162732274,15.3330878247
0.0,-15.1166609453,15.3324029452
0.0,-15.1174200313,15.3310620525
0.0,-15.1180908315,15.3295722027
0.0,-15.1186124267,15.3283692495
0.0,-15.1187505406,15.3280507132
0.0,-15.1191113094,15.3272781953
0.0,-15.1194315287,15.326592497
0.0,-15.1201667489,15.3252969865
0.0,-15.1209888639,15.3242624839
0.0,-15.1219302471,15.3235872911
0.0,-15.123024145,15.3233674483
0.0,-15.1281576284,15.3246235146
0.0,-15.1295300127,15.3251629197
0.0,-15.1331653645,15.3178078641
0.0,-15.1347189403,15.314664489
0.0,-15.139429174,15.3051335604
0.0,-15.1521953639,15.3077523218
0.0,-15.1803687226,15.313528777
0.0,-15.1808348498,15.3122597677
0.0,-15.1813357959,15.3108591463
0.0,-15.1822041839,15.3083488015
0.0,-15.182318129,15.3080149713
0.0,-15.1828000984,15.3065725474
0.0,-15.1832771015,15.3051176951
0.0,-15.1837491411,15.3036526747
0.0,-15.1842165069,15.3021763558
0.0,-15.1846800738,15.3006898679
0.0,-15.1851398436,15.2991966014
0.0,-15.1855966883,15.2976942952
0.0,-15.1860509015,15.2961863396
0.0,-15.1865027755,15.2946727343
0.0,-15.1866335375,15.2942319964
0.0,-15.1882976574,15.2885821492
0.0,-15.1887454136,15.2870561108
0.0,-15.189193453,15.285528941
0.0,-15.1896426512,15.2840028993
0.0,-15.1900933011,15.2824802457
0.0,-15.1905456938,15.2809598499
0.0,-15.1910004108,15.2794428413
0.0,-15.1914580379,15.2779314798
0.0,-15.1919185734,15.2764257653
0.0,-15.1923828937,15.2749279574
0.0,-15.19285158,15.2734369253
0.0,-15.1933243418,15.2719549296
0.0,-15.1938026367,15.270483099
0.0,-15.1930336348,15.2592814147
0.0,-15.1831559225,15.2344716577
0.0,-15.1801947231,15.2309454099
0.0,-15.1771839667,15.2273599857
0.0,-15.1749943182,15.2247522924
0.0,-15.1765588489,15.2235159921
0.0,-15.1829330423,15.2185502656
0.0,-15.1909120592,15.2123337412
0.0,-15.2017360125,15.2051474896
0.0,-15.2074939474,15.2108072481
0.0,-15.2112640225,15.2145127944
0.0,-15.2501107738,15.2535836751
0.0,-15.2657847126,15.2755728329
0.0,-15.2703706893,15.2807302543
0.0,-15.2793037412,15.280719292
0.0,-15.2829965659,15.2780235671
0.0,-15.2848358831,15.2714430174
0.0,-15.2826372931,15.2627835947
0.0,-15.2629234983,15.2370835398
0.0,-15.263007914,15.2369090816
0.0,-15.2639337247,15.2372470374
0.0,-15.2654051143,15.237793411
0.0,-15.2668808868,15.2383476803
0.0,-15.2683610443,15.2389121057
0.0,-15.2731331716,15.2407563477
0.0,-15.2932580553,15.2484013591
0.0,-15.3134938077,15.2552942701
0.0,-15.3137143914,15.2553597479
0.0,-15.3137485468,15.2553698865
0.0,-15.3168699813,15.2568853803
0.0,-15.3373807238,15.2668419515
0.0,-15.3374745833,15.2668624813
0.0,-15.3431677036,15.2779877587
0.0,-15.3464957187,15.2925937908
0.0,-15.3439417431,15.3040041255
0.0,-15.3439390338,15.3040077541
0.0,-15.338082598,15.3118501082
0.0,-15.3358841103,15.3147035481
0.0,-15.3347704905,15.3169733401
0.0,-15.3330586442,15.3218783624
0.0,-15.3328325132,15.3250186312
0.0,-15.333647057,15.3286059085
0.0,-15.3353876729,15.3332010549
0.0,-15.3378211696,15.3374587162
0.0,-15.3411785126,15.341266376
0.0,-15.345584698,15.3503429425
0.0,-15.3354237074,15.355276572
0.0,-15.3354066833,15.3552848094
0.0,-15.3354067029,15.3552848293
0.0,-15.3352752474,15.3553486987
0.0,-15.325895701,15.3599905917
0.0,-15.3258438266,15.3600162621
0.0,-15.3253855245,15.3602387253
0.0,-15.3244905902,15.3606859228
0.0,-15.3223606569,15.3617399139
0.0,-15.3219988675,15.3619200715
0.0,-15.3218686476,15.3619833889
0.0,-15.3145715921,15.3742390736
0.0,-15.3075618983,15.3860131031
0.0,-15.3072749573,15.3864950381
0.0,-15.2999766032,15.3987496366
0.0,-15.2980758824,15.4015289125
0.0,-15.2798309061,15.4282025809
0.0,-15.2722208238,15.440110013
0.0,-15.2633718305,15.4539539382
0.0,-15.2609176897,15.4579671146
0.0,-15.2594985387,15.4602877234
0.0,-15.2487859001,15.4778031805
0.0,-15.248755322,15.4778531724
0.0,-15.2416467395,15.4856889742
0.0,-15.2387353354,15.4888979846
0.0,-15.2320769468,15.496236484
0.0,-15.2303198696,15.4981719147
0.0,-15.2294276935,15.4983544846
0.0,-15.2288169491,15.4985112406
0.0,-15.2279151752,15.4986639881
0.0,-15.2260928927,15.4990368639
0.0,-15.2138281674,15.4998082216
0.0,-15.2085022228,15.5001231887
0.0,-15.2007804319,15.5005796116
0.0,-15.1916464633,15.5005877175
0.0,-15.1832960708,15.5013539553
0.0,-15.1796764768,15.5063768775
0.0,-15.1796616593,15.5063974401
0.0,-15.1796468408,15.5064180028
0.0,-15.1791357962,15.5190710358
0.0,-15.1770573423,15.5302070056
0.0,-15.1768023738,15.5372926646
0.0,-15.1752463274,15.5491873369
0.0,-15.1723535451,15.5599066772
0.0,-15.1682230361,15.5949255502
0.0,-15.1631433029,15.6399518007
0.0,-15.1456419348,15.686597243
0.0,-15.083417198,15.6708652359
0.0,-15.0529277956,15.6631493793
0.0,-15.0527949399,15.6628762433
0.0,-15.0525893483,15.6624535673
0.0,-15.0523314625,15.661923379
0.0,-15.0517456327,15.6606928541
0.0,-15.0511697225,15.6594566748
0.0,-15.0506013998,15.6582171018
0.0,-15.0500400815,15.6569752653
0.0,-15.0494843097,15.6557300358
0.0,-15.0489323345,15.6544836737
0.0,-15.0483829895,15.6532361794
0.0,-15.04804393,15.6524637029
0.0,-15.0480438497,15.6524637472
0.0,-15.0480416578,15.6524587545
0.0,-15.0319857205,15.6614142354
0.0,-15.00229744,15.6855190221
0.0,-14.999441661,15.687595658
0.0,-14.9550241771,15.6895424966
0.0,-14.9507340691,15.6917110422
0.0,-14.9341038191,15.7001159953
0.0,-14.9340632347,15.7001365044
0.0,-14.9339343408,15.7002016396
0.0,-14.9199630514,15.7220226457
0.0,-14.9260614135,15.7431831339
0.0,-14.9278499274,15.7493881716
0.0,-14.9278509407,15.7493894123
0.0,-14.9279348325,15.7494921451
0.0,-14.9279806036,15.7495481948
0.0,-14.944546221,15.7698314461
0.0,-14.9493031171,15.7755593633
0.0,-14.9345085336,15.8317033814
0.0,-14.933093001,15.8370734864
0.0,-14.9227398962,15.8435004983
0.0,-14.9065213567,15.8535668366
0.0,-14.9017637288,15.8565193245
0.0,-14.9017911564,15.8566253181
0.0,-14.9225415205,15.9367814476
0.0,-14.9221717855,15.9671770728
0.0,-14.9113866932,15.9769703315
0.0,-14.91132852,15.9769121667
0.0,-14.9036425977,15.9692269357
0.0,-14.9036425165,15.9692268543
0.0,-14.9005072777,15.9660916497
0.0,-14.8849502667,15.9503183317
0.0,-14.8848916947,15.9502589382
0.0,-14.8633005194,15.9283615776
0.0,-14.8613374875,15.927235222
0.0,-14.8538049034,15.9229128657
0.0,-14.8508918628,15.9212411811
0.0,-14.8436299504,15.9170735512
0.0,-14.8398266717,15.9148906734
0.0,-14.8402036955,15.9145061621
