60,12,42,65,53,
0.0,-15.541905386,14.0601232633
0.0,-15.5399384365,14.0586798818
0.0,-15.5348153231,14.0592351921
0.0,-15.5337070736,14.0594332425
0.0,-15.5308760108,14.0599391454
0.0,-15.5298321716,14.0602658932
0.0,-15.5250350935,14.0596274532
0.0,-15.5238790658,14.0593990398
0.0,-15.5231527567,14.05925553
0.0,-15.5152053625,14.0576850591
0.0,-15.5112954972,14.0571056579
0.0,-15.5079514262,14.0568866698
0.0,-15.5038972992,14.0568537599
0.0,-15.5035241057,14.0568507277
0.0,-15.5006887977,14.0567300361
0.0,-15.4964080895,14.0559612857
0.0,-15.4917405497,14.0561968702
0.0,-15.4878776399,14.0558882418
0.0,-15.4839232779,14.0561312763
0.0,-15.480949826,14.0559654207
0.0,-15.4785046098,14.0559431499
0.0,-15.4750124918,14.0557782475
0.0,-15.4737236492,14.0558065608
0.0,-15.4704928345,14.0558775061
0.0,-15.4666303137,14.0557493701
0.0,-15.4625267687,14.0559471345
0.0,-15.4566347232,14.0552440457
0.0,-15.4524941768,14.0550257912
0.0,-15.4483442861,14.0547622744
0.0,-15.447339625,14.054872275
0.0,-15.4459922375,14.0550197943
0.0,-15.4424626423,14.054619405
0.0,-15.438544314,14.0543552953
0.0,-15.4360608249,14.0536816596
0.0,-15.4329092007,14.0523220242
0.0,-15.4294715168,14.0519755291
0.0,-15.4256629311,14.0509243827
0.0,-15.4205310139,14.0504631942
0.0,-15.4171020759,14.0493298746
0.0,-15.4140993079,14.0482500264
0.0,-15.4106149425,14.0471619167
0.0,-15.4080762109,14.0465875421
0.0,-15.4052133966,14.0460498508
0.0,-15.4020627739,14.0451057245
0.0,-15.3994778541,14.044576544
0.0,-15.3978921442,14.0441866423
0.0,-15.3963730233,14.0438131022
0.0,-15.3933531444,14.0434654034
0.0,-15.3900647495,14.0431542671
0.0,-15.3865805657,14.0420658055
0.0,-15.38329964,14.0406605083
0.0,-15.3796308159,14.0398886999
0.0,-15.3741736367,14.0385499746
0.0,-15.3705972708,14.0376433877
0.0,-15.3691333681,14.0373926089
0.0,-15.3669287607,14.0370149226
0.0,-15.363306421,14.0362880023
0.0,-15.3630809447,14.0361916639
0.0,-15.3597847641,14.0347832816
0.0,-15.3557439945,14.0336861539
0.0,-15.3516029736,14.0328693999
0.0,-15.3470911819,14.031819149
0.0,-15.3431909421,14.0309555648
0.0,-15.3384850696,14.0301303425
0.0,-15.3350100316,14.028670399
0.0,-15.3323048503,14.0280042228
0.0,-15.3319064773,14.0279061173
0.0,-15.3302576547,14.0276552006
0.0,-15.3265513079,14.0262858674
0.0,-15.3251059067,14.0256041709
0.0,-15.3237196284,14.0249503458
0.0,-15.3193604598,14.0237818234
0.0,-15.3177016202,14.0232987108
0.0,-15.3144771714,14.0223596003
0.0,-15.3108555914,14.0212702104
0.0,-15.3072418831,14.0197648297
0.0,-15.3040078481,14.0182137085
0.0,-15.3007184101,14.0167530306
0.0,-15.2977499019,14.0152288856
0.0,-15.2973453189,14.0150211534
0.0,-15.293638901,14.0132896322
0.0,-15.2894688725,14.0110432197
0.0,-15.2866340028,14.0092171471
0.0,-15.285910047,14.008750804
0.0,-15.2826284609,14.0066478911
0.0,-15.2793020046,14.0049609113
0.0,-15.2762064581,14.0034635019
0.0,-15.2728720734,14.0020929076
0.0,-15.2704816109,14.0009201377
0.0,-15.2695422434,14.0006228005
0.0,-15.2679434429,14.0001182252
0.0,-15.2659246586,14.000020986
0.0,-15.2649793044,13.9992896258
0.0,-15.2636547851,13.9989836441
0.0,-15.2621356984,13.9985784044
0.0,-15.261191087,13.9984890042
0.0,-15.2594959685,13.9979935181
0.0,-15.2583567616,13.9977777281
0.0,-15.256467859,13.9978791936
0.0,-15.2558573188,13.9978097418
0.0,-15.2545777394,13.9976641785
0.0,-15.2530224048,13.9971685001
0.0,-15.2519855582,13.9974046693
0.0,-15.2499112623,13.9973254378
0.0,-15.2487722613,13.9972904408
0.0,-15.2471694495,13.9973011211
0.0,-15.2455933045,13.9975461152
0.0,-15.2450029975,13.99763787
0.0,-15.2432995808,13.9980193454
0.0,-15.2416972896,13.9977044797
0.0,-15.2402337597,13.997253837
0.0,-15.2379646384,13.9968130189
0.0,-15.2361680905,13.9966791456
0.0,-15.2342791475,13.9967442706
0.0,-15.2326307683,13.9966192698
0.0,-15.2313056976,13.9965753271
0.0,-15.2293711795,13.9964957865
0.0,-15.2271949493,13.9963260375
0.0,-15.225027806,13.9959754217
0.0,-15.2237038794,13.9962117365
0.0,-15.2211565754,13.9962321558
0.0,-15.2195095117,13.9965682035
0.0,-15.2177132805,13.9967597028
0.0,-15.2163427884,13.9967247611
0.0,-15.214924835,13.9966229198
0.0,-15.2149090424,13.9965930339
0.0,-15.2098922099,13.987098835
0.0,-15.2070238932,13.9783076996
0.0,-15.204267477,13.9760340429
0.0,-15.1990759035,13.9753141726
0.0,-15.1905999689,13.9741829731
0.0,-15.184668979,13.9760497318
0.0,-15.181794307,13.9772908241
0.0,-15.1810683033,13.9776042566
0.0,-15.177572646,13.9780206541
0.0,-15.1753478515,13.9779188157
0.0,-15.1734464926,13.9776287109
0.0,-15.1732353088,13.9775964877
0.0,-15.1709282782,13.9754965529
0.0,-15.1669348539,13.9732433552
0.0,-15.1618906261,13.9709896628
0.0,-15.1557979964,13.9714039255
0.0,-15.1530675779,13.9728422068
0.0,-15.150757919,13.9753053322
0.0,-15.1495011086,13.9808454556
0.0,-15.1490845128,13.9867964661
0.0,-15.1488891184,13.9904661844
0.0,-15.1488769446,13.9906948164
0.0,-15.1467778256,13.9937737578
0.0,-15.1404744455,13.9945980483
0.0,-15.1349069717,13.9940801637
0.0,-15.1334429576,13.9939091757
0.0,-15.1314157081,13.993512435
0.0,-15.1305584731,13.9932845877
0.0,-15.1293782562,13.9929710109
0.0,-15.127914018,13.9923750164
0.0,-15.1265442796,13.9920683071
0.0,-15.1300204342,13.9822819104
0.0,-15.1307231011,13.9804369672
0.0,-15.1312681152,13.9781761753
0.0,-15.132489108,13.9760506441
0.0,-15.1332275559,13.9735998599
0.0,-15.1343016629,13.9722158432
0.0,-15.1354198813,13.9700903535
0.0,-15.1366417423,13.9681004302
0.0,-15.1378075167,13.9667073043
0.0,-15.1386491222,13.9651425599
0.0,-15.1394904607,13.9631528386
0.0,-15.1403328503,13.9614886257
0.0,-15.1404474738,13.9612374631
0.0,-15.141302828,13.9593631935
0.0,-15.1423765383,13.9575179986
0.0,-15.1428020205,13.9568667249
0.0,-15.1434950275,13.9546589376
0.0,-15.143630478,13.9524017468
0.0,-15.1434640525,13.9516565033
0.0,-15.1434250807,13.9514905059
0.0,-15.1433621231,13.9512223345
0.0,-15.1431034041,13.9501528578
0.0,-15.1427985162,13.948821601
0.0,-15.1421991778,13.9461749031
0.0,-15.1402598271,13.9448138562
0.0,-15.1376144663,13.9434521665
0.0,-15.1335732959,13.941875974
0.0,-15.130119884,13.9403711469
0.0,-15.1281359538,13.9393677353
0.0,-15.1248293769,13.9375757666
0.0,-15.1232123601,13.9357829017
0.0,-15.1233580555,13.933486909
0.0,-15.1253404834,13.9318357053
0.0,-15.1282037923,13.9291795572
0.0,-15.1310676001,13.9275278416
0.0,-15.1334908515,13.9262350713
0.0,-15.1357675456,13.9255880862
0.0,-15.1372529488,13.9253799658
0.0,-15.1393664754,13.9250838227
0.0,-15.1445820321,13.9256547636
0.0,-15.1506062563,13.9272295601
0.0,-15.1545926934,13.9279107584
0.0,-15.1611265724,13.9292499221
0.0,-15.1683476017,13.9297488145
0.0,-15.1711721918,13.9297425444
0.0,-15.173368231,13.9297376463
0.0,-15.1783181763,13.9286502138
0.0,-15.1808095135,13.9267172469
0.0,-15.1822267787,13.9224031369
0.0,-15.1810538075,13.9199384576
0.0,-15.1741871997,13.9147858492
0.0,-15.1734698316,13.9143434504
0.0,-15.1688377597,13.9114867718
0.0,-15.1663796743,13.9099707632
0.0,-15.1514845554,13.9041618908
0.0,-15.1503087204,13.9037032802
0.0,-15.1381588193,13.9011955212
0.0,-15.1329778256,13.9001259552
0.0,-15.1259763219,13.897887552
0.0,-15.1220731478,13.8951989967
0.0,-15.1189053997,13.8910742502
0.0,-15.1188839654,13.8910343526
0.0,-15.1182406629,13.8898320707
0.0,-15.1177729267,13.8889586833
0.0,-15.1175967896,13.8886297872
0.0,-15.1163501864,13.8863280484
0.0,-15.1156904288,13.885134809
0.0,-15.1150321232,13.8839404367
0.0,-15.1143903079,13.882738143
0.0,-15.1137487875,13.881534717
0.0,-15.1131026472,13.8803335518
0.0,-15.1124562243,13.8791312546
0.0,-15.1118138557,13.8779278234
0.0,-15.1111798811,13.8767209957
0.0,-15.1105586342,13.8755085092
0.0,-15.1099541657,13.8742881016
0.0,-15.1093708124,13.8730597711
0.0,-15.1087929576,13.871824655
0.0,-15.1082125061,13.8705884083
0.0,-15.1082087365,13.8705803173
0.0,-15.1076349503,13.869348768
0.0,-15.1070660764,13.8681057316
0.0,-15.1065116657,13.8668570361
0.0,-15.1059772146,13.8656015489
0.0,-15.1054679259,13.864339268
0.0,-15.104990164,13.8630690606
0.0,-15.1045491303,13.861788664
0.0,-15.1041494529,13.8604969462
0.0,-15.1037862108,13.8591882583
0.0,-15.1034602734,13.8578626
0.0,-15.1031739543,13.8565256218
0.0,-15.1029304356,13.855179583
0.0,-15.1027323204,13.8538278734
0.0,-15.1025827931,13.8524750129
0.0,-15.1024953404,13.8512739177
0.0,-15.1024844531,13.8511243913
0.0,-15.102441643,13.8497793976
0.0,-15.1024688154,13.8484332442
0.0,-15.1025578719,13.8470859345
0.0,-15.1026937752,13.8457363444
0.0,-15.1029277917,13.8439153935
0.0,-15.1029485429,13.8437648339
0.0,-15.1030491491,13.843034868
0.0,-15.1032394121,13.8416829939
0.0,-15.1034186851,13.8403311241
0.0,-15.1035725063,13.8389781345
0.0,-15.1036867112,13.8376251615
0.0,-15.1037714165,13.8362722008
0.0,-15.1038405074,13.8349169859
0.0,-15.103875133,13.8340975304
0.0,-15.1039483201,13.8322043081
0.0,-15.1039694983,13.8316019645
0.0,-15.1039960093,13.8308479716
0.0,-15.1040554462,13.8292508838
0.0,-15.1039961081,13.82651454
0.0,-15.1040332539,13.8248598176
0.0,-15.1044488802,13.8231506815
0.0,-15.1044851142,13.8214055379
0.0,-15.1050392569,13.8190995616
0.0,-15.1046497334,13.8170742935
0.0,-15.1042043545,13.8142702954
0.0,-15.104162855,13.8126257771
0.0,-15.1150264759,13.8089407856
0.0,-15.1216037589,13.8066228345
0.0,-15.1244540531,13.804884732
0.0,-15.1371311531,13.7971535508
0.0,-15.1372300232,13.7970932497
0.0,-15.152855881,13.7875626757
0.0,-15.1693535413,13.7776224897
0.0,-15.1858506671,13.7676823358
0.0,-15.2150499812,13.7503700428
0.0,-15.2151560789,13.7497369455
0.0,-15.2256184051,13.749332849
0.0,-15.2345167024,13.7494723699
0.0,-15.2392996574,13.7495472317
0.0,-15.2392073558,13.7503207726
0.0,-15.23930366,13.7503205725
0.0,-15.2422203318,13.7531388626
0.0,-15.2453312917,13.7559207547
0.0,-15.2482492109,13.7589650213
0.0,-15.2515456768,13.7620721598
0.0,-15.2539996114,13.7644296286
0.0,-15.2576750544,13.7671203541
0.0,-15.2614435412,13.7702178178
0.0,-15.2648874679,13.7725379521
0.0,-15.2682851451,13.7748038345
0.0,-15.2719138511,13.7767981513
0.0,-15.2735839428,13.7774568655
0.0,-15.2737245671,13.7775123288
0.0,-15.2759888214,13.7784053648
0.0,-15.2782446309,13.7793590234
0.0,-15.2821130891,13.7805752978
0.0,-15.2857045636,13.7815036168
0.0,-15.2892028076,13.7825303247
0.0,-15.2934963009,13.7832395631
0.0,-15.2979380694,13.7841293875
0.0,-15.2998810381,13.7842716997
0.0,-15.3029442626,13.7850636468
0.0,-15.3077185569,13.7855007815
0.0,-15.3118359446,13.7858844044
0.0,-15.3133069474,13.7859040102
0.0,-15.3162767059,13.7859420295
0.0,-15.3202000101,13.7858194079
0.0,-15.3248342858,13.7853250629
0.0,-15.3292372561,13.7848309407
0.0,-15.3335385057,13.7843820881
0.0,-15.3387453098,13.7831995122
0.0,-15.3425738894,13.78219959
0.0,-15.3458936858,13.7812455346
0.0,-15.3500080155,13.7795929412
0.0,-15.3538917869,13.7784571364
0.0,-15.3580071672,13.7769954221
0.0,-15.3609369948,13.7757034069
0.0,-15.3617512969,13.7753443039
0.0,-15.3660132109,13.7735567304
0.0,-15.3701819815,13.7714075446
0.0,-15.3738706442,13.7698919586
0.0,-15.3777995719,13.768249362
0.0,-15.3818298185,13.7663714551
0.0,-15.3857575621,13.7640777125
0.0,-15.3891207155,13.7616401293
0.0,-15.3924849701,13.7592115416
0.0,-15.3949211145,13.7572925558
0.0,-15.3972378793,13.7548262524
0.0,-15.397977104,13.7536900632
0.0,-15.3979512159,13.752989787
0.0,-15.3976288339,13.7522658398
0.0,-15.3974290394,13.7509862706
0.0,-15.3978722907,13.7501403452
0.0,-15.3986619268,13.7496077935
0.0,-15.4007976111,13.7489287635
0.0,-15.4040563897,13.7473583473
0.0,-15.4040675529,13.7538679618
0.0,-15.4186291829,13.755143715
0.0,-15.4191632325,13.7561949464
0.0,-15.419863781,13.7575739026
0.0,-15.4207734981,13.7593626589
0.0,-15.4218783935,13.7616574265
0.0,-15.4221434394,13.7622834869
0.0,-15.4229838797,13.7642686555
0.0,-15.4241355786,13.7668436309
0.0,-15.4255645611,13.7692734496
0.0,-15.426045212,13.770564452
0.0,-15.4266242986,13.7721198281
0.0,-15.4275344547,13.7740893924
0.0,-15.4276189729,13.7743136087
0.0,-15.4285392709,13.776755017
0.0,-15.4298278274,13.7782175637
0.0,-15.4308848766,13.7811818723
0.0,-15.4311203652,13.7818422477
0.0,-15.4314437573,13.7829830599
0.0,-15.4314574612,13.7834271248
0.0,-15.42794902,13.7834721197
0.0,-15.4238085326,13.7835251535
0.0,-15.4238963839,13.7920292279
0.0,-15.4239665324,13.798818646
0.0,-15.4276840479,13.7987326737
0.0,-15.4317285708,13.7986390763
0.0,-15.4326497998,13.7986374167
0.0,-15.4383567424,13.7986270664
0.0,-15.4390822409,13.7998396639
0.0,-15.4408694741,13.8012404691
0.0,-15.4409353402,13.8012920932
0.0,-15.4430552151,13.8019212137
0.0,-15.4447968798,13.8017627782
0.0,-15.4457933138,13.8016721305
0.0,-15.4483836349,13.8015589152
0.0,-15.4514919705,13.8013995119
0.0,-15.4544148083,13.8010053234
0.0,-15.4571074311,13.8011721257
0.0,-15.4610665488,13.8008211382
0.0,-15.464175576,13.8010232489
0.0,-15.4667771992,13.8015156245
0.0,-15.4705999185,13.8023582697
0.0,-15.4747544335,13.8025582413
0.0,-15.4779089944,13.8023893729
0.0,-15.481017216,13.8021843873
0.0,-15.4833211571,13.8019085938
0.0,-15.4843193278,13.8017891007
0.0,-15.4842959219,13.8049519107
0.0,-15.484319822,13.8051434695
0.0,-15.4843509191,13.8053340394
0.0,-15.4843891674,13.8055233618
0.0,-15.48443452,13.805711182
0.0,-15.4844869117,13.8058972432
0.0,-15.4845462735,13.8060812942
0.0,-15.4846125236,13.8062630874
0.0,-15.4846855744,13.8064423752
0.0,-15.4847653237,13.8066189137
0.0,-15.4848516674,13.8067924662
0.0,-15.4849444847,13.806962796
0.0,-15.4850436531,13.8071296738
0.0,-15.4851490369,13.8072928718
0.0,-15.4852604933,13.8074521716
0.0,-15.485377872,13.8076073546
0.0,-15.4855010133,13.8077582114
0.0,-15.4856297522,13.8079045398
0.0,-15.4857639124,13.8080461375
0.0,-15.4859033123,13.8081828187
0.0,-15.4860477646,13.808314392
0.0,-15.4861970727,13.8084406842
0.0,-15.4863510345,13.8085615221
0.0,-15.4865094407,13.8086767415
0.0,-15.4866720782,13.8087861856
0.0,-15.4868387263,13.80888971
0.0,-15.4870091591,13.8089871705
0.0,-15.4871831467,13.8090784375
0.0,-15.4873604522,13.8091633865
0.0,-15.4875408346,13.8092419024
0.0,-15.4877240514,13.8093138806
0.0,-15.4879098544,13.8093792205
0.0,-15.4880979935,13.8094378357
0.0,-15.4882882095,13.8094896472
0.0,-15.4884802488,13.809534583
0.0,-15.4886738484,13.8095725824
0.0,-15.4888687492,13.8096035969
0.0,-15.4890646864,13.80962758
0.0,-15.4892613917,13.8096445034
0.0,-15.490570742,13.8096568568
0.0,-15.490789141,13.8096344352
0.0,-15.4910066723,13.8096050268
0.0,-15.491223099,13.8095686618
0.0,-15.4914381899,13.8095253822
0.0,-15.4916517139,13.8094752338
0.0,-15.4918634377,13.8094182713
0.0,-15.4920731396,13.8093545529
0.0,-15.4922805884,13.8092841498
0.0,-15.4924855638,13.8092071364
0.0,-15.4926878442,13.8091235964
0.0,-15.492887215,13.8090336189
0.0,-15.493083458,13.808937302
0.0,-15.4932763643,13.8088347473
0.0,-15.4934657252,13.8087260674
0.0,-15.4936513371,13.8086113767
0.0,-15.4938330025,13.8084908002
0.0,-15.4940105236,13.808364467
0.0,-15.4941837101,13.8082325146
0.0,-15.4943523754,13.8080950829
0.0,-15.4945163402,13.8079523186
0.0,-15.4946754273,13.8078043776
0.0,-15.4948294631,13.8076514194
0.0,-15.4949782851,13.8074936071
0.0,-15.4951217326,13.8073311111
0.0,-15.4952596488,13.8071641052
0.0,-15.4953918897,13.8069927687
0.0,-15.4955183094,13.8068172884
0.0,-15.4956387735,13.8066378506
0.0,-15.4957531507,13.8064546492
0.0,-15.4958613214,13.8062678815
0.0,-15.4959631675,13.8060777466
0.0,-15.4960585785,13.8058844511
0.0,-15.496147453,13.805688203
0.0,-15.4962296953,13.8054892122
0.0,-15.4963052188,13.8052876925
0.0,-15.4963739371,13.805083861
0.0,-15.4964357822,13.8048779383
0.0,-15.4964906823,13.8046701418
0.0,-15.4965385826,13.8044607011
0.0,-15.4965794316,13.8042498352
0.0,-15.4966131818,13.8040377757
0.0,-15.4968402052,13.7989234777
0.0,-15.4970714979,13.7988792909
0.0,-15.4997176597,13.7989553018
0.0,-15.5000073021,13.7989230401
0.0,-15.5024462747,13.7986513584
0.0,-15.5046936968,13.7987066562
0.0,-15.5055096275,13.7987264538
0.0,-15.5083404097,13.7986121136
0.0,-15.5115511962,13.7988134142
0.0,-15.5138184329,13.7990708979
0.0,-15.5162251652,13.799653573
0.0,-15.5185396908,13.8003720458
0.0,-15.5209919829,13.800629072
0.0,-15.5225111809,13.8014848186
0.0,-15.5243078632,13.8023037962
0.0,-15.5265774156,13.8035738374
0.0,-15.5273839002,13.8041916103
0.0,-15.5281900258,13.8048091027
0.0,-15.5301814309,13.805799411
0.0,-15.5317938699,13.8069442337
0.0,-15.5331932864,13.8079220925
0.0,-15.5340642265,13.8085306632
0.0,-15.5341254857,13.8098785918
0.0,-15.5340561566,13.8111491896
0.0,-15.5340584066,13.8121373091
0.0,-15.5340630679,13.8141841294
0.0,-15.5340701417,13.8172896482
0.0,-15.5348662189,13.8179937183
0.0,-15.537394398,13.8181293586
0.0,-15.540136652,13.8171352151
0.0,-15.5417973176,13.8169198154
0.0,-15.5448752273,13.8160640897
0.0,-15.5454425922,13.8163058147
0.0,-15.5470565308,13.8169934214
0.0,-15.5480422047,13.8174838869
0.0,-15.550511712,13.8187126736
0.0,-15.5547619062,13.8201136181
0.0,-15.5598283134,13.8223263836
0.0,-15.5640330133,13.8239985187
0.0,-15.566842741,13.8265508542
0.0,-15.5712419813,13.8282676197
0.0,-15.5756326541,13.8298848649
0.0,-15.5800773621,13.83123065
0.0,-15.5848875727,13.8310564753
0.0,-15.5878451291,13.8293676485
0.0,-15.5870076363,13.8311689523
0.0,-15.5858931318,13.8332059997
0.0,-15.5852050378,13.8355584846
0.0,-15.5842847003,13.8375498532
0.0,-15.5835384223,13.8388445937
0.0,-15.5824694217,13.8406012257
0.0,-15.5818631826,13.8424019637
0.0,-15.5809800538,13.8434410369
0.0,-15.5808390516,13.8436069391
0.0,-15.5806521791,13.84448015
0.0,-15.5804731575,13.8453166871
0.0,-15.5800239472,13.8464711479
0.0,-15.5796456151,13.8474434453
0.0,-15.5788191772,13.8500222831
0.0,-15.5784066563,13.8515965128
0.0,-15.5772355475,13.853262948
0.0,-15.5759352031,13.8550653074
0.0,-15.5757001335,13.8553695861
0.0,-15.5747175682,13.8566414238
0.0,-15.5720832184,13.8582298908
0.0,-15.5707714331,13.8591642479
0.0,-15.5688031547,13.8603272975
0.0,-15.5669266239,13.8611713992
0.0,-15.5655123272,13.8618256738
0.0,-15.5647661114,13.8632198197
0.0,-15.5631760756,13.8639196953
0.0,-15.561290786,13.8649909485
0.0,-15.5596916028,13.8657450735
0.0,-15.5576300182,13.8666358682
0.0,-15.5549956369,13.8679438651
0.0,-15.5541187197,13.8682186622
0.0,-15.5531646239,13.8685176401
0.0,-15.5505622246,13.8677097553
0.0,-15.5488257849,13.8691512908
0.0,-15.5464311772,13.8701331577
0.0,-15.5435547885,13.8708900295
0.0,-15.541862644,13.8715086216
0.0,-15.5401358984,13.8731761197
0.0,-15.5387325193,13.8746168507
0.0,-15.5369952128,13.8762391424
0.0,-15.5361208964,13.8783658687
0.0,-15.5353766516,13.8807183506
0.0,-15.534779747,13.8827540473
0.0,-15.53346788,13.8837797603
0.0,-15.5318320744,13.8848061717
0.0,-15.5305108195,13.8857844207
0.0,-15.5289209315,13.8866649157
0.0,-15.5184921177,13.8924095637
0.0,-15.513735388,13.8953558726
0.0,-15.5072480449,13.8993738522
0.0,-15.50572098,13.9007649298
0.0,-15.5036493055,13.9031189396
0.0,-15.5019043284,13.9051524088
0.0,-15.4987725183,13.909344301
0.0,-15.4987135186,13.9094232703
0.0,-15.4972632874,13.9108186613
0.0,-15.4959506875,13.9116531752
0.0,-15.4945820605,13.9122617518
0.0,-15.4935393721,13.9124379175
0.0,-15.4929366201,13.9132868016
0.0,-15.492398422,13.9142105807
0.0,-15.4912650361,13.9172583419
0.0,-15.4904642456,13.9190610422
0.0,-15.4901670245,13.9211417641
0.0,-15.4905024475,13.9227267882
0.0,-15.4907350239,13.9238248938
0.0,-15.4909056591,13.9246303969
0.0,-15.4915634495,13.9274964381
0.0,-15.4914590691,13.9298452442
0.0,-15.4909987431,13.9315867097
0.0,-15.4887369602,13.9342846513
0.0,-15.4906531535,13.9370080224
0.0,-15.4841176977,13.9390306349
0.0,-15.4780789748,13.9401785143
0.0,-15.4774721626,13.9414193884
0.0,-15.476236083,13.9438551734
0.0,-15.4764801728,13.9455093379
0.0,-15.4784596901,13.9478178841
0.0,-15.4792468734,13.9493556938
0.0,-15.4801128892,13.9517952597
0.0,-15.482162837,13.9544654799
0.0,-15.4823593671,13.9547214726
0.0,-15.4836417459,13.9570155293
0.0,-15.4848866268,13.9590745675
0.0,-15.4864655067,13.9614584329
0.0,-15.4877109318,13.9637525384
0.0,-15.4887599255,13.9654954859
0.0,-15.4900988486,13.967789389
0.0,-15.4908149334,13.9694139085
0.0,-15.491150108,13.9701742823
0.0,-15.492199911,13.9718629603
0.0,-15.4931213016,13.9741124803
0.0,-15.4945970586,13.9758093232
0.0,-15.4951287295,13.9776437081
0.0,-15.495507389,13.9780533356
0.0,-15.496697113,13.9793403476
0.0,-15.4981271216,13.9812633027
0.0,-15.498376708,13.9821328541
0.0,-15.4987055188,13.983278416
0.0,-15.5000417869,13.9846500065
0.0,-15.5007581196,13.9862127444
0.0,-15.5016687228,13.9880915376
0.0,-15.5026734773,13.9898808449
0.0,-15.5037804919,13.9918496387
0.0,-15.5045894676,13.9934121705
0.0,-15.5060647222,13.9947834348
0.0,-15.506740067,13.9956566836
0.0,-15.5070211633,13.9960201489
0.0,-15.5081063351,13.9968406718
0.0,-15.5094418221,13.9977962891
0.0,-15.510767641,13.9985620439
0.0,-15.5124631534,13.9990105515
0.0,-15.5138327359,13.9986279037
0.0,-15.5158140725,13.99852424
0.0,-15.5175999231,13.9979598523
0.0,-15.519107312,13.9974864644
0.0,-15.5211825065,13.9975633897
0.0,-15.5225068083,13.9976419158
0.0,-15.5240154622,13.9973493283
0.0,-15.5256636421,13.9973367207
0.0,-15.5272638542,13.9965918318
0.0,-15.5288187917,13.9962991142
0.0,-15.5307530529,13.9958699324
0.0,-15.5317431734,13.995587473
0.0,-15.5344080305,13.995102289
0.0,-15.5346586944,13.9950566496
0.0,-15.5356865617,13.9947370512
0.0,-15.5421061103,13.9948108672
0.0,-15.5465519984,13.9956517468
0.0,-15.5506530185,13.9980248628
0.0,-15.5524024447,14.0008286982
0.0,-15.5531064611,14.0037199929
0.0,-15.5533725598,14.0056763465
0.0,-15.5535525431,14.0080583203
0.0,-15.5540888473,14.0136727163
0.0,-15.5556627196,14.0158813263
0.0,-15.5577559917,14.0166422826
0.0,-15.5614120628,14.0150172218
0.0,-15.5635858419,14.0130552192
0.0,-15.568455921,14.0090448503
0.0,-15.5749336296,14.0041061984
0.0,-15.5750394864,14.0039977412
0.0,-15.5753448178,14.0037926933
0.0,-15.5787843154,14.0026633513
0.0,-15.5822267161,14.0028155986
0.0,-15.5853443937,14.0040886062
0.0,-15.5866582375,14.0050449678
0.0,-15.5874801681,14.0060036445
0.0,-15.5886307757,14.0072813657
0.0,-15.5890038357,14.0078549771
0.0,-15.5906056863,14.0103179184
0.0,-15.5933986536,14.0151279859
0.0,-15.5938001004,14.019276397
0.0,-15.594159705,14.0229922701
0.0,-15.5937668743,14.0256991952
0.0,-15.5931016031,14.0302833271
0.0,-15.5929494801,14.0313315424
0.0,-15.5916097849,14.0361630051
0.0,-15.5902789745,14.0408678572
0.0,-15.5896082086,14.0430501952
0.0,-15.5888911913,14.0453829687
0.0,-15.5867082148,14.050089876
0.0,-15.5856886578,14.0530850978
0.0,-15.5839642656,14.0564075152
0.0,-15.5822278593,14.0600811216
0.0,-15.5820212668,14.0605181919
0.0,-15.580997895,14.0639694387
0.0,-15.5805885733,14.0653498206
0.0,-15.580314538,14.0668694573
0.0,-15.5795343288,14.0696832486
0.0,-15.5792149037,14.0715736958
0.0,-15.5784338893,14.0744236516
0.0,-15.5784292658,14.0744326355
0.0,-15.5736129146,14.0837931468
0.0,-15.573591984,14.0837953991
0.0,-15.5707780345,14.0840982422
0.0,-15.5670474651,14.0846133674
0.0,-15.5641581083,14.0850552707
0.0,-15.5633251149,14.0851826655
0.0,-15.5606311851,14.0858489754
0.0,-15.5586030817,14.0860616369
0.0,-15.5563568007,14.084159061
0.0,-15.5559713292,14.0838170831
0.0,-15.5557685414,14.083637175
0.0,-15.5541103387,14.0821660474
0.0,-15.5522435833,14.0801269345
0.0,-15.5509335148,14.0784572397
0.0,-15.5497329751,14.076100128
0.0,-15.5483376232,14.073607828
0.0,-15.5474147963,14.0711596553
0.0,-15.5467319525,14.0683492715
0.0,-15.5459485502,14.0660906484
0.0,-15.5450728634,14.0639678539
0.0,-15.5438646118,14.0622074679
0.0,-15.541905386,14.0601232633
