17,5,7,1,74,
0.0,-16.38255457,15.3186472221
0.0,-16.3730672144,15.3185861547
0.0,-16.3706156242,15.3205144101
0.0,-16.3637278295,15.3223501934
0.0,-16.3580627,15.3227434353
0.0,-16.3496355823,15.3197543172
0.0,-16.3489166074,15.31888744
0.0,-16.3468257686,15.3167837863
0.0,-16.3467921218,15.3167499317
0.0,-16.3457958545,15.3151818138
0.0,-16.3437078199,15.3127157183
0.0,-16.3427430213,15.3112678119
0.0,-16.3420676577,15.3104963715
0.0,-16.3410699785,15.3088482524
0.0,-16.3407615217,15.3082940243
0.0,-16.3382729863,15.3045591334
0.0,-16.3381564153,15.3042599311
0.0,-16.3370556757,15.3029156951
0.0,-16.3361452953,15.3007078926
0.0,-16.3355982368,15.2993811713
0.0,-16.3345604964,15.2956633528
0.0,-16.3344193564,15.2924915519
0.0,-16.3353672273,15.287767608
0.0,-16.3371263303,15.2846918009
0.0,-16.3387856044,15.2820334975
0.0,-16.3397658232,15.2811015814
0.0,-16.3416271458,15.2793319491
0.0,-16.3445634537,15.276900966
0.0,-16.3447708685,15.2766290235
0.0,-16.345366843,15.2758476353
0.0,-16.3457479414,15.2742816255
0.0,-16.3450410694,15.2714838273
0.0,-16.3435718234,15.2688623355
0.0,-16.3421010106,15.266815636
0.0,-16.3414956958,15.2659732982
0.0,-16.3405554226,15.2653336213
0.0,-16.3380450348,15.2636257398
0.0,-16.334973896,15.2609143067
0.0,-16.333398781,15.2582544813
0.0,-16.3331763665,15.2578788944
0.0,-16.3324539151,15.2574104062
0.0,-16.3304830016,15.2561323048
0.0,-16.3273660559,15.2536921898
0.0,-16.3237301405,15.2512550887
0.0,-16.3212658115,15.2503466666
0.0,-16.3202306506,15.2499650654
0.0,-16.3170587965,15.2489532687
0.0,-16.3142179886,15.248771071
0.0,-16.3112424025,15.2508764854
0.0,-16.3101979707,15.252111889
0.0,-16.3092927165,15.2547746347
0.0,-16.3087729603,15.2595502486
0.0,-16.3083874206,15.2634482972
0.0,-16.3080449013,15.2656471096
0.0,-16.3079575759,15.266207693
0.0,-16.306439344,15.2691361378
0.0,-16.3045491702,15.270647621
0.0,-16.3016527586,15.2722553282
0.0,-16.299951317,15.272482143
0.0,-16.2969272958,15.2728431514
0.0,-16.295027701,15.2730258815
0.0,-16.2930968473,15.2724766159
0.0,-16.290776812,15.2722369022
0.0,-16.2885005869,15.2716895851
0.0,-16.286807378,15.2702621099
0.0,-16.2857754595,15.2695776781
0.0,-16.2848627448,15.2689716484
0.0,-16.2844045833,15.2684976931
0.0,-16.2831693562,15.2672198662
0.0,-16.2806179165,15.2645577696
0.0,-16.2788918764,15.2626989886
0.0,-16.2784640844,15.2622382887
0.0,-16.2780244311,15.2617648128
0.0,-16.2759932023,15.2595561604
0.0,-16.2742408216,15.2570193649
0.0,-16.2723249941,15.2535694013
0.0,-16.2718536126,15.252383903
0.0,-16.2708224511,15.2497905375
0.0,-16.2699981412,15.2466846239
0.0,-16.2692005589,15.242549225
0.0,-16.2684724697,15.2392258174
0.0,-16.268329615,15.2380403526
0.0,-16.2682268274,15.2371873659
0.0,-16.2680478182,15.2357018307
0.0,-16.268127379,15.2312563937
0.0,-16.2684569921,15.2287778127
0.0,-16.2688881235,15.2247439285
0.0,-16.2692240665,15.2231782624
0.0,-16.2696987599,15.2200570823
0.0,-16.2698517501,15.2176246928
0.0,-16.26928628,15.2149150178
0.0,-16.2692606557,15.2146723199
0.0,-16.2687721928,15.2100458262
0.0,-16.2683048045,15.2049051922
0.0,-16.2671806142,15.2005908159
0.0,-16.2660681149,15.1970571203
0.0,-16.2647055002,15.1940603914
0.0,-16.2638749148,15.1921844533
0.0,-16.2632059301,15.1906734744
0.0,-16.2615782358,15.1883312865
0.0,-16.2600821567,15.1854674645
0.0,-16.2587232906,15.1831237455
0.0,-16.2572296033,15.1806508298
0.0,-16.2550570451,15.1771365263
0.0,-16.2526189052,15.1741468165
0.0,-16.2499120984,15.1711585648
0.0,-16.2474802267,15.1692127845
0.0,-16.2459358164,15.1682424853
0.0,-16.2450467682,15.1676839191
0.0,-16.2450306896,15.167658539
0.0,-16.243825575,15.165756261
0.0,-16.242693131,15.1630640464
0.0,-16.2400613627,15.1578909905
0.0,-16.2400702271,15.1578941633
0.0,-16.2375570733,15.1537142931
0.0,-16.2373211822,15.1499563782
0.0,-16.2371859811,15.1443053101
0.0,-16.2373450926,15.1382029218
0.0,-16.2377236524,15.1344857008
0.0,-16.2373971942,15.1309983235
0.0,-16.2370714525,15.127782119
0.0,-16.2364205767,15.1246580842
0.0,-16.2345345414,15.1219475631
0.0,-16.2321285368,15.1194206428
0.0,-16.2304270535,15.1180378537
0.0,-16.2269829303,15.1161944674
0.0,-16.2249460296,15.1147241886
0.0,-16.2187571968,15.1112673031
0.0,-16.2135629319,15.1079043339
0.0,-16.2115838627,15.1067578997
0.0,-16.2086043594,15.1045953407
0.0,-16.2050225662,15.1013692956
0.0,-16.1988856559,15.0954358635
0.0,-16.1968079568,15.0934129822
0.0,-16.1962473163,15.091165124
0.0,-16.1950757423,15.0862990477
0.0,-16.1946619415,15.0805069417
0.0,-16.1947146133,15.0766106588
0.0,-16.19473035,15.0710965059
0.0,-16.1947316269,15.0663236629
0.0,-16.1947397845,15.0631129373
0.0,-16.1943722706,15.058694956
0.0,-16.1943557043,15.0574470302
0.0,-16.1942898412,15.0524848915
0.0,-16.1943380146,15.0491145808
0.0,-16.1943919874,15.0454442679
0.0,-16.1931245529,15.0416724251
0.0,-16.1921404295,15.0369849657
0.0,-16.1904015466,15.0337217835
0.0,-16.1891285697,15.0306007788
0.0,-16.1886173022,15.0272949921
0.0,-16.1873061436,15.0239843408
0.0,-16.1857505491,15.0218772096
0.0,-16.1831539154,15.0181935646
0.0,-16.1823982389,15.0160822423
0.0,-16.1807564337,15.0118060255
0.0,-16.1799758174,15.0114959504
0.0,-16.1796262735,15.0092356152
0.0,-16.1788741874,15.0077660649
0.0,-16.1783611379,15.0057890587
0.0,-16.1782562336,15.0033117512
0.0,-16.1781785419,15.0014770041
0.0,-16.1782757894,15.0005544656
0.0,-16.1783974842,14.9988620756
0.0,-16.1784169836,14.9951470638
0.0,-16.1782553223,14.993451376
0.0,-16.1782355022,14.993243479
0.0,-16.177594502,14.9865195398
0.0,-16.176609868,14.9818833866
0.0,-16.1755042277,14.9766771846
0.0,-16.1770974369,14.9702268716
0.0,-16.1771203982,14.9695275753
0.0,-16.1771784728,14.9682425241
0.0,-16.1771023809,14.9662270882
0.0,-16.1770204468,14.9648444533
0.0,-16.1770401848,14.9628703304
0.0,-16.1771103492,14.9628631554
0.0,-16.1773136793,14.9628423615
0.0,-16.1776761297,14.962805294
0.0,-16.1781207734,14.9627598198
0.0,-16.1784592676,14.9627252016
0.0,-16.1789917461,14.9626707425
0.0,-16.1796728244,14.9626010841
0.0,-16.1801573884,14.9625515235
0.0,-16.1805750769,14.9625088018
0.0,-16.1811008108,14.962455028
0.0,-16.1816379601,14.9624000848
0.0,-16.1819040026,14.9623728721
0.0,-16.1826322103,14.9622983843
0.0,-16.1828537878,14.9622757192
0.0,-16.1835267442,14.9622068799
0.0,-16.184042737,14.9621540954
0.0,-16.1848763411,14.9619098709
0.0,-16.1852422028,14.9618026821
0.0,-16.1856556208,14.9616815587
0.0,-16.1861939863,14.9615238269
0.0,-16.1863576382,14.9614758793
0.0,-16.1869427171,14.9613044593
0.0,-16.187548452,14.9611269851
0.0,-16.1875591816,14.9611238414
0.0,-16.1876317156,14.9611025898
0.0,-16.1878287988,14.9610448465
0.0,-16.1879815959,14.9610000783
0.0,-16.188143931,14.960942455
0.0,-16.1888225677,14.9607015615
0.0,-16.1888519948,14.9606911158
0.0,-16.1894708977,14.9604714239
0.0,-16.1903458466,14.9601608395
0.0,-16.1906870862,14.9600397069
0.0,-16.191367323,14.9597982366
0.0,-16.1925338081,14.9593841518
0.0,-16.1932264655,14.9591372861
0.0,-16.1934863631,14.9590416721
0.0,-16.194026286,14.9588430376
0.0,-16.1941886487,14.9587833038
0.0,-16.1944847752,14.9586743602
0.0,-16.1950361661,14.9584715035
0.0,-16.1960036051,14.9581155781
0.0,-16.1963104748,14.9580026782
0.0,-16.1965268238,14.9579275421
0.0,-16.1965517616,14.9579188817
0.0,-16.1966043742,14.9579003181
0.0,-16.1966171445,14.9578961743
0.0,-16.196645877,14.9578861959
0.0,-16.1967732111,14.9578420329
0.0,-16.1967905648,14.9578359469
0.0,-16.196858263,14.9578124363
0.0,-16.1969881479,14.9577673278
0.0,-16.1970638837,14.9577410252
0.0,-16.1973491728,14.9576419464
0.0,-16.1974772237,14.9575974746
0.0,-16.1976986694,14.9575205671
0.0,-16.1978329666,14.9574739263
0.0,-16.1978991832,14.9574505534
0.0,-16.1979744318,14.9574247954
0.0,-16.1979749537,14.957424516
0.0,-16.1980019447,14.9574152409
0.0,-16.1990057468,14.95707029
0.0,-16.1998167175,14.9567916011
0.0,-16.2014003756,14.9562473694
0.0,-16.2036294614,14.9558107717
0.0,-16.2049809582,14.9552199561
0.0,-16.2068108904,14.9544199724
0.0,-16.2072434986,14.9543449303
0.0,-16.2083985482,14.9541445653
0.0,-16.2090074223,14.9540389419
0.0,-16.2095852664,14.9539386998
0.0,-16.2105205295,14.9537764519
0.0,-16.2109147261,14.9537080662
0.0,-16.2123470467,14.9534595783
0.0,-16.2153366913,14.9527024485
0.0,-16.2154646159,14.9526825868
0.0,-16.2156411125,14.9526551834
0.0,-16.2158760905,14.9525733201
0.0,-16.2180980454,14.9520413845
0.0,-16.2181077439,14.9520390629
0.0,-16.2181216741,14.9520397796
0.0,-16.2185085243,14.9520134964
0.0,-16.2191401111,14.9519705852
0.0,-16.2200398938,14.9519094624
0.0,-16.2200413818,14.9519093731
0.0,-16.2200382218,14.9519724295
0.0,-16.2206419507,14.9518786795
0.0,-16.2220048266,14.9521410078
0.0,-16.2236577143,14.9524591458
0.0,-16.2253148742,14.9528389573
0.0,-16.2261912187,14.9529219652
0.0,-16.2274824257,14.9530442638
0.0,-16.229416019,14.9546157658
0.0,-16.2307718983,14.9559643782
0.0,-16.2310876409,14.9575264994
0.0,-16.2350615981,14.9552943924
0.0,-16.2350616333,14.9552943696
0.0,-16.2379601973,14.9534519047
0.0,-16.238018934,14.9534575586
0.0,-16.2387895624,14.9535317431
0.0,-16.2422573405,14.9538655312
0.0,-16.2443496891,14.9607043767
0.0,-16.2451565575,14.965284248
0.0,-16.2457508351,14.9686572747
0.0,-16.2457343138,14.9694975182
0.0,-16.2426584989,14.9732496428
0.0,-16.244205711,14.9743032648
0.0,-16.245368471,14.9750950683
0.0,-16.247159516,14.9760796125
0.0,-16.2483277364,14.97709467
0.0,-16.2502131067,14.9783046558
0.0,-16.2529942393,14.9798893563
0.0,-16.2550162414,14.980601383
0.0,-16.2578882303,14.981959535
0.0,-16.2601009715,14.9836286308
0.0,-16.2626451593,14.9844280911
0.0,-16.2654379647,14.9849549618
0.0,-16.2683084718,14.986041802
0.0,-16.2708064123,14.9870222101
0.0,-16.2723637297,14.9879084108
0.0,-16.2745737791,14.988799989
0.0,-16.2768861189,14.9898355996
0.0,-16.2785810979,14.9902599797
0.0,-16.2809522698,14.9902376221
0.0,-16.2841111253,14.9913135911
0.0,-16.286654655,14.9921218125
0.0,-16.2885446738,14.9924998178
0.0,-16.29113643,14.9933981063
0.0,-16.2938820841,14.9937892931
0.0,-16.2976337509,14.9947475773
0.0,-16.2987905746,14.9950720452
0.0,-16.300773077,14.995359026
0.0,-16.3029416194,14.9956539642
0.0,-16.3048798815,14.9963117682
0.0,-16.3081381886,14.9968896632
0.0,-16.3099274131,14.9975030823
0.0,-16.3130468103,14.9981720952
0.0,-16.3188104137,15.0008697417
0.0,-16.3197505793,15.0010179597
0.0,-16.3225398566,15.0017723613
0.0,-16.3218007955,15.0038477435
0.0,-16.322120592,15.0059461871
0.0,-16.3218255272,15.0079807667
0.0,-16.3223290278,15.0098313367
0.0,-16.3232112655,15.011395058
0.0,-16.3236985159,15.0124541395
0.0,-16.3243286638,15.0127656224
0.0,-16.3256113458,15.0133996451
0.0,-16.3272273284,15.0143801671
0.0,-16.3286369944,15.0152354867
0.0,-16.3311801443,15.0157835647
0.0,-16.3336083933,15.0152925655
0.0,-16.3358518903,15.0147753046
0.0,-16.3386714513,15.0123480078
0.0,-16.3400577876,15.0096127155
0.0,-16.3410459684,15.0100135041
0.0,-16.3427166,15.010691068
0.0,-16.3450944792,15.01151563
0.0,-16.3484672433,15.0126998863
0.0,-16.3511610871,15.0136781984
0.0,-16.3556481412,15.0143836671
0.0,-16.3566711941,15.0146799778
0.0,-16.3596203346,15.0155302879
0.0,-16.3588009512,15.0177101086
0.0,-16.3575252985,15.0211036649
0.0,-16.3566229568,15.0243376744
0.0,-16.3574421816,15.0252300122
0.0,-16.3583823611,15.0262540848
0.0,-16.3598636117,15.0269937031
0.0,-16.3614247378,15.0272739993
0.0,-16.364003023,15.0239945763
0.0,-16.3649307827,15.0218235896
0.0,-16.3661839304,15.0188911182
0.0,-16.367003995,15.0169720539
0.0,-16.3682958451,15.017119072
0.0,-16.3708869412,15.0180073671
0.0,-16.3735802967,15.0188859745
0.0,-16.3764187629,15.0191851778
0.0,-16.3788226951,15.0198846928
0.0,-16.3816568059,15.0203926411
0.0,-16.3819870872,15.0189058749
0.0,-16.381994487,15.0188725649
0.0,-16.3820163735,15.0187740433
0.0,-16.3846890113,15.0187592307
0.0,-16.3859192812,15.018752402
0.0,-16.3874898238,15.0187436746
0.0,-16.3888939663,15.0193572068
0.0,-16.3896490019,15.0196871108
0.0,-16.390112192,15.0211808425
0.0,-16.3905354826,15.0219194438
0.0,-16.3908606111,15.0219238315
0.0,-16.3922582353,15.0219426894
0.0,-16.3938442014,15.0219640785
0.0,-16.394436623,15.0219720652
0.0,-16.3944539444,15.0219722988
0.0,-16.3944789846,15.021972195
0.0,-16.3944790664,15.0219721954
0.0,-16.3945541098,15.0219718843
0.0,-16.3947054474,15.0219712572
0.0,-16.3947983356,15.0219708728
0.0,-16.3957998165,15.0219667219
0.0,-16.3959356444,15.0219661584
0.0,-16.3960685169,15.0219656075
0.0,-16.3960995033,15.0219640217
0.0,-16.3962352023,15.0219570756
0.0,-16.3968772173,15.0219242138
0.0,-16.3973461613,15.0219002089
0.0,-16.3988492582,15.0218232603
0.0,-16.3990504612,15.0218427396
0.0,-16.3991510654,15.0218524792
0.0,-16.3992292393,15.0218600473
0.0,-16.3993454852,15.0218713013
0.0,-16.3994344317,15.0218799121
0.0,-16.3995964236,15.0218955946
0.0,-16.3998376232,15.0219189451
0.0,-16.4000558759,15.0219400739
0.0,-16.4002873348,15.0219624815
0.0,-16.4006423451,15.0219968492
0.0,-16.4010614362,15.0220374191
0.0,-16.4013134078,15.0220618107
0.0,-16.4014140922,15.0220715578
0.0,-16.4015616533,15.0220858418
0.0,-16.4020710937,15.0221351556
0.0,-16.4025006991,15.0221767407
0.0,-16.4031467505,15.0222392758
0.0,-16.4033607972,15.0222599943
0.0,-16.403772954,15.0222998887
0.0,-16.4042648343,15.0223474981
0.0,-16.4048880863,15.0224078215
0.0,-16.4055913207,15.0224758841
0.0,-16.405945299,15.0225101431
0.0,-16.4064891415,15.0225627774
0.0,-16.4065196002,15.0225658421
0.0,-16.4084372989,15.0227587542
0.0,-16.4095049585,15.0228661491
0.0,-16.4095616343,15.0228718502
0.0,-16.40967796,15.0228835511
0.0,-16.4100537285,15.0229213482
0.0,-16.4102687669,15.0229429778
0.0,-16.4104961353,15.0229658467
0.0,-16.4105681387,15.0229730894
0.0,-16.4106518206,15.0229815061
0.0,-16.410797561,15.0229961649
0.0,-16.4110362708,15.0230202546
0.0,-16.4111601659,15.0230327728
0.0,-16.4114623352,15.0230633024
0.0,-16.4117434191,15.0230917019
0.0,-16.411895749,15.023107092
0.0,-16.4120539169,15.0231230721
0.0,-16.4123330549,15.0231512742
0.0,-16.4126011667,15.0231783612
0.0,-16.4129329577,15.0232118819
0.0,-16.413596161,15.0232788827
0.0,-16.4135945743,15.0232773226
0.0,-16.4149448616,15.0234102974
0.0,-16.4163878625,15.0235523934
0.0,-16.4176589517,15.0236775529
0.0,-16.4177353897,15.0236850793
0.0,-16.4178217612,15.0236935841
0.0,-16.4179768092,15.02370885
0.0,-16.4181357697,15.0237245018
0.0,-16.418183496,15.0237292007
0.0,-16.4182397217,15.023734737
0.0,-16.4183792292,15.0237484726
0.0,-16.4185240637,15.0237627326
0.0,-16.4187226429,15.0237822846
0.0,-16.4188369212,15.0237935362
0.0,-16.4189539141,15.0238050546
0.0,-16.4190826655,15.0238177316
0.0,-16.4192468413,15.0238338959
0.0,-16.4193240192,15.0238414949
0.0,-16.4195775418,15.0238664555
0.0,-16.4198104603,15.023889387
0.0,-16.4199108267,15.0238992687
0.0,-16.420184759,15.023926238
0.0,-16.4204298288,15.0239503656
0.0,-16.4205736611,15.0239645256
0.0,-16.4207041724,15.0239773741
0.0,-16.4209540453,15.0240019736
0.0,-16.4211578865,15.0240220411
0.0,-16.421803196,15.0240863192
0.0,-16.4218040817,15.0240856566
0.0,-16.4219455206,15.0240995803
0.0,-16.422158084,15.0240315013
0.0,-16.4228765584,15.0238013884
0.0,-16.4233502365,15.0236496789
0.0,-16.4239648047,15.0234528413
0.0,-16.4257802075,15.0228713827
0.0,-16.4269393439,15.0227388434
0.0,-16.4285463588,15.0225550825
0.0,-16.4304145089,15.0238927407
0.0,-16.4314055192,15.0246023234
0.0,-16.4347990383,15.0244481773
0.0,-16.4362914778,15.0243803695
0.0,-16.4405325567,15.0243074134
0.0,-16.4399303601,15.0270364021
0.0,-16.4400013546,15.0283917602
0.0,-16.4400546154,15.0297461006
0.0,-16.4400715498,15.0311006709
0.0,-16.4400579763,15.0324565642
0.0,-16.4400223155,15.0338125974
0.0,-16.4399700809,15.0351676056
0.0,-16.4399053496,15.0365226929
0.0,-16.4398301403,15.0378755868
0.0,-16.4397450491,15.0392285433
0.0,-16.4396529822,15.0405815439
0.0,-16.4395580086,15.0419345628
0.0,-16.4394627443,15.0432875834
0.0,-16.4393703852,15.0446405856
0.0,-16.4392876176,15.0459935269
0.0,-16.4392243464,15.047349734
0.0,-16.4391692125,15.0487058894
0.0,-16.4391091381,15.050062076
0.0,-16.4390298654,15.0514161246
0.0,-16.4389182996,15.0527658584
0.0,-16.439285766,15.054160008
0.0,-16.4396708794,15.0554975527
0.0,-16.4416922338,15.0579195181
0.0,-16.4457203048,15.0605738567
0.0,-16.4489934988,15.0627448506
0.0,-16.451768649,15.065405937
0.0,-16.4536699165,15.0685595435
0.0,-16.4536953822,15.0686156358
0.0,-16.4545381076,15.069132121
0.0,-16.4573101918,15.0708310215
0.0,-16.4600059918,15.072483108
0.0,-16.4627705951,15.0736610214
0.0,-16.4641036922,15.0748640109
0.0,-16.4652966469,15.0759405162
0.0,-16.4637956862,15.0813467085
0.0,-16.4640413636,15.08261758
0.0,-16.4641515925,15.0841438187
0.0,-16.4631297608,15.0859714902
0.0,-16.4619256323,15.0864191053
0.0,-16.4596653269,15.087331134
0.0,-16.4583178157,15.0880493717
0.0,-16.4571709443,15.0886606571
0.0,-16.4564000678,15.0890715307
0.0,-16.4535554619,15.0897411491
0.0,-16.4518492872,15.0901355301
0.0,-16.4469340598,15.0909451335
0.0,-16.4436423222,15.0903250558
0.0,-16.4400037138,15.0901584092
0.0,-16.4346748976,15.0890443159
0.0,-16.431315731,15.0875380288
0.0,-16.4307245294,15.0867734739
0.0,-16.4297131966,15.0846586584
0.0,-16.4292643965,15.0837201481
0.0,-16.4291300541,15.0834392154
0.0,-16.4278883301,15.0824619427
0.0,-16.4266745594,15.0815066546
0.0,-16.4252677494,15.0803994165
0.0,-16.4235385042,15.0801095721
0.0,-16.4214214647,15.0797547088
0.0,-16.4185870408,15.0785957661
0.0,-16.4166759345,15.0778143226
0.0,-16.4162559007,15.0806412109
0.0,-16.4165340183,15.0821504656
0.0,-16.4167854055,15.0824506654
0.0,-16.4173181893,15.0830868975
0.0,-16.4180832512,15.084000499
0.0,-16.4168192707,15.0833926419
0.0,-16.4155517874,15.0828254734
0.0,-16.4142886105,15.0822492316
0.0,-16.4130303142,15.0816627832
0.0,-16.4117794865,15.0810615926
0.0,-16.4105492893,15.0804139423
0.0,-16.4093214106,15.0797640106
0.0,-16.4080689258,15.0791729767
0.0,-16.406770894,15.0786839044
0.0,-16.4054352999,15.0782730167
0.0,-16.4040764283,15.0779470037
0.0,-16.4027029191,15.0776933833
0.0,-16.4013012145,15.0774399287
0.0,-16.3998916908,15.077235097
0.0,-16.3984992086,15.077146526
0.0,-16.3971495054,15.0772429787
0.0,-16.3958844851,15.0777094939
0.0,-16.3946714877,15.078442328
0.0,-16.3934385294,15.0791470326
0.0,-16.3921316055,15.0796103964
0.0,-16.3907841449,15.0799655358
0.0,-16.3894210294,15.0802834781
0.0,-16.3880655846,15.0806194434
0.0,-16.3867405748,15.0810320449
0.0,-16.3854678701,15.0815765125
0.0,-16.3842306204,15.0822100158
0.0,-16.3829948535,15.082849153
0.0,-16.3817360534,15.0834341913
0.0,-16.3804678257,15.0840012028
0.0,-16.3792034141,15.0845749636
0.0,-16.3779548901,15.0851791274
0.0,-16.3767169696,15.0858058177
0.0,-16.3754878717,15.086449396
0.0,-16.3742687518,15.0871087258
0.0,-16.3730757871,15.0878130855
0.0,-16.3719201558,15.0885827454
0.0,-16.3706956193,15.0892172334
0.0,-16.3694030809,15.0897210623
0.0,-16.3680852151,15.0901753233
0.0,-16.3667685359,15.0906340893
0.0,-16.3654736873,15.0911435604
0.0,-16.3641886065,15.0916812123
0.0,-16.3628892688,15.0921726186
0.0,-16.3615555172,15.0925568876
0.0,-16.3601953545,15.0928576975
0.0,-16.3588236189,15.0931224132
0.0,-16.3574542551,15.0933950158
0.0,-16.3561003345,15.0937194917
0.0,-16.3547758419,15.0941466019
0.0,-16.3534712517,15.094641378
0.0,-16.3521657332,15.0951282434
0.0,-16.3508387251,15.0955282299
0.0,-16.3494594577,15.0957104553
0.0,-16.3480602031,15.0958125706
0.0,-16.3466969149,15.096086204
0.0,-16.3453576427,15.0964805831
0.0,-16.3440198466,15.0968794654
0.0,-16.342663402,15.0971801517
0.0,-16.3412840915,15.0973589393
0.0,-16.3398936309,15.0974756414
0.0,-16.3384980634,15.0975663782
0.0,-16.3371034231,15.09766614
0.0,-16.3357160257,15.0978087858
0.0,-16.3343353756,15.0980078774
0.0,-16.3329589606,15.0982340529
0.0,-16.3315846833,15.0984771558
0.0,-16.3302147045,15.0987575113
0.0,-16.3288424829,15.0990051054
0.0,-16.3274544609,15.0990968607
0.0,-16.3260366296,15.0989300397
0.0,-16.324688019,15.0990949894
0.0,-16.3233502798,15.0996541964
0.0,-16.3223069561,15.1005257832
0.0,-16.3216116467,15.1016789342
0.0,-16.3211042682,15.1029914298
0.0,-16.3207775876,15.1043277273
0.0,-16.3208633627,15.1056446689
0.0,-16.3212394786,15.1069881619
0.0,-16.3216506728,15.108502061
0.0,-16.3221202426,15.1097693035
0.0,-16.3228741376,15.1109354523
0.0,-16.3238304632,15.111969347
0.0,-16.3249960614,15.1126144623
0.0,-16.3263334268,15.1129659251
0.0,-16.3277510019,15.1131700247
0.0,-16.3291549872,15.1133391687
0.0,-16.3305467231,15.1134089468
0.0,-16.3319462557,15.1134233063
0.0,-16.3333584661,15.1134658293
0.0,-16.3348055035,15.1134516441
0.0,-16.3362473923,15.1134510386
0.0,-16.3376396287,15.1135397408
0.0,-16.3378237243,15.1145875142
0.0,-16.3380981595,15.1161714626
0.0,-16.3386920177,15.1195989127
0.0,-16.3380297215,15.1217713437
0.0,-16.3371989931,15.1244961962
0.0,-16.3365221042,15.1267163984
0.0,-16.336244923,15.1292604032
0.0,-16.3360394729,15.130990969
0.0,-16.3357987421,15.1325155016
0.0,-16.3355360022,15.1341793944
0.0,-16.3360876271,15.1362655313
0.0,-16.336987037,15.1396668155
0.0,-16.3371277603,15.1401989764
0.0,-16.3374872801,15.1411282122
0.0,-16.3380275386,15.1427064808
0.0,-16.3407010361,15.1446249581
0.0,-16.3423032656,15.1454491971
0.0,-16.3458073908,15.1472517686
0.0,-16.3458078925,15.1472542794
0.0,-16.346052767,15.1485905826
0.0,-16.3466674023,15.1498105623
0.0,-16.3472945071,15.151023686
0.0,-16.3479280029,15.1522345094
0.0,-16.3485620951,15.1534464566
0.0,-16.3491895141,15.1546595712
0.0,-16.3498038896,15.1558784107
0.0,-16.3503988238,15.1571030136
0.0,-16.350967665,15.1583390692
0.0,-16.3515040131,15.1595866162
0.0,-16.3519797318,15.160857122
0.0,-16.3523829178,15.162154048
0.0,-16.3527414241,15.163467059
0.0,-16.3530836854,15.1647858158
0.0,-16.3534369885,15.1661022455
0.0,-16.3538291735,15.1674037525
0.0,-16.3542883939,15.1686811285
0.0,-16.3548224871,15.1699320661
0.0,-16.3554033101,15.1711669027
0.0,-16.3559992275,15.1723959971
0.0,-16.3565786114,15.173630838
0.0,-16.3571098315,15.1748829149
0.0,-16.3575560535,15.1761682679
0.0,-16.3579462806,15.1774742946
0.0,-16.3583414351,15.1787769007
0.0,-16.3588027405,15.1800531199
0.0,-16.3593354018,15.1813435951
0.0,-16.3599525976,15.1826166101
0.0,-16.3607855574,15.1836533086
0.0,-16.3619134794,15.1843763788
0.0,-16.3632377037,15.184912958
0.0,-16.3646381461,15.1852694197
0.0,-16.3660133399,15.1854531575
0.0,-16.3674528987,15.1854692773
0.0,-16.3688817817,15.18527304
0.0,-16.3701652553,15.1848099031
0.0,-16.3712884915,15.1840810895
0.0,-16.3718434834,15.1835958448
0.0,-16.3723308462,15.1831697273
0.0,-16.3733102653,15.1821525385
0.0,-16.3742464189,15.1811028443
0.0,-16.3751518515,15.180071412
0.0,-16.3760181057,15.1790097099
0.0,-16.3768507156,15.1779188346
0.0,-16.3776564204,15.176806654
0.0,-16.3784431401,15.1756832888
0.0,-16.3792135287,15.174554372
0.0,-16.3799503178,15.1734030618
0.0,-16.3806631553,15.1722372084
0.0,-16.381367799,15.1710646244
0.0,-16.3820800325,15.1698976414
0.0,-16.3828153369,15.168746333
0.0,-16.3835640333,15.16759833
0.0,-16.3843135803,15.1664480602
0.0,-16.3850791875,15.1653089882
0.0,-16.3858757825,15.1641957102
0.0,-16.3867182918,15.1631228222
0.0,-16.3874318588,15.1623930757
0.0,-16.3874081559,15.1623721666
0.0,-16.3869824735,15.1617471818
0.0,-16.3863876316,15.160873831
0.0,-16.386190325,15.1602140002
0.0,-16.3891225012,15.1596681122
0.0,-16.3895749644,15.1589549509
0.0,-16.3897902631,15.1589715537
0.0,-16.3899361221,15.1589828012
0.0,-16.3899997059,15.1589875054
0.0,-16.3899999046,15.1589877193
0.0,-16.3900972092,15.1589952238
0.0,-16.3903469097,15.1575064956
0.0,-16.3906338048,15.1557959909
0.0,-16.3907743861,15.1549578177
0.0,-16.3907860204,15.1548860313
0.0,-16.3910315601,15.1541842309
0.0,-16.39136182,15.1532595102
0.0,-16.3922270569,15.1530513388
0.0,-16.3934106468,15.1527592799
0.0,-16.3941901275,15.1532199618
0.0,-16.3949181505,15.1536497119
0.0,-16.395336105,15.1534760442
0.0,-16.3923450019,15.150862664
0.0,-16.3883431426,15.1463600143
0.0,-16.3849101949,15.1424972469
0.0,-16.3842881364,15.1376264039
0.0,-16.3924424542,15.1356646473
0.0,-16.4071877042,15.1359824319
0.0,-16.4131089464,15.136109773
0.0,-16.4165244844,15.1384492507
0.0,-16.429987068,15.1381988483
0.0,-16.4350202496,15.138105026
0.0,-16.4374296514,15.1380600736
0.0,-16.4463608665,15.1395676472
0.0,-16.4516823109,15.1404657171
0.0,-16.4572786831,15.1414100391
0.0,-16.4586350643,15.1452766627
0.0,-16.4587143333,15.145502628
0.0,-16.4588363507,15.1458504542
0.0,-16.4594319875,15.1475483653
0.0,-16.4600949352,15.149438111
0.0,-16.4605278664,15.1506721707
0.0,-16.4611225292,15.1523672101
0.0,-16.4618603469,15.1544702594
0.0,-16.4634289552,15.158941192
0.0,-16.4640195957,15.1606246086
0.0,-16.4652999263,15.1618223921
0.0,-16.4662782364,15.162737612
0.0,-16.4673691001,15.1637581126
0.0,-16.4692434295,15.1655115047
0.0,-16.4707177456,15.1668906613
0.0,-16.4718086518,15.1679111363
0.0,-16.4739148073,15.1698812666
0.0,-16.4751631689,15.1710489755
0.0,-16.4756615269,15.1715151305
0.0,-16.4762231841,15.1723215218
0.0,-16.4775815617,15.1742717569
0.0,-16.4783392031,15.1753594894
0.0,-16.4792365221,15.1766477338
0.0,-16.4805586042,15.1785457563
0.0,-16.4823380514,15.1811003163
0.0,-16.4822568549,15.1834744304
0.0,-16.4821664896,15.1861166751
0.0,-16.482109309,15.1877886237
0.0,-16.4829789256,15.1894799783
0.0,-16.483660285,15.1908051617
0.0,-16.484673814,15.1927763449
0.0,-16.4858569473,15.1950773297
0.0,-16.4869442567,15.1971918996
0.0,-16.4859580581,15.2016613349
0.0,-16.4852128979,15.2050382848
0.0,-16.484220898,15.2095337367
0.0,-16.4834258719,15.2131364569
0.0,-16.4829957465,15.2150855586
0.0,-16.4826005252,15.2168764676
0.0,-16.4827388091,15.2188722362
0.0,-16.4803698747,15.2298718061
0.0,-16.4783446084,15.2357872422
0.0,-16.4784787524,15.2378238338
0.0,-16.4787820064,15.2424276041
0.0,-16.483748457,15.2496978528
0.0,-16.488623747,15.2533803188
0.0,-16.4957497573,15.2587623814
0.0,-16.4981765916,15.2605951757
0.0,-16.5001661928,15.2620977181
0.0,-16.5134804326,15.2765734042
0.0,-16.5132411684,15.278265178
0.0,-16.5128679886,15.2794607515
0.0,-16.5124412087,15.2809730262
0.0,-16.5123423169,15.282764402
0.0,-16.5123482781,15.2835958828
0.0,-16.5135234495,15.2838681273
0.0,-16.5140558916,15.2842055199
0.0,-16.5143278776,15.2843778684
0.0,-16.5155608683,15.2849208582
0.0,-16.5163702433,15.2861174652
0.0,-16.5162262071,15.2868053483
0.0,-16.5157509383,15.2880468084
0.0,-16.5145639075,15.2900161467
0.0,-16.5139584814,15.2911748621
0.0,-16.5136729313,15.2917213681
0.0,-16.5124380094,15.2935102565
0.0,-16.5110630736,15.295254894
0.0,-16.5095979147,15.2974068558
0.0,-16.5076614606,15.3000681311
0.0,-16.5060469266,15.3021758901
0.0,-16.5043502336,15.3045191879
0.0,-16.5029778153,15.3066354684
0.0,-16.502030417,15.3082856746
0.0,-16.5007018642,15.3100299498
0.0,-16.4989548243,15.3118583705
0.0,-16.4973914909,15.313333055
0.0,-16.4953993224,15.3147473322
0.0,-16.4941219938,15.3158495123
0.0,-16.4915243292,15.3185614163
0.0,-16.4900595229,15.3208126952
0.0,-16.4889157042,15.3223658759
0.0,-16.4872670666,15.3236512643
0.0,-16.4860844289,15.3249877716
0.0,-16.4844668809,15.3267248522
0.0,-16.48323648,15.3280616645
0.0,-16.4817293673,15.329617228
0.0,-16.4803542696,15.3314069048
0.0,-16.4790719625,15.3331507681
0.0,-16.4779424948,15.3341163149
0.0,-16.4758518013,15.3361366649
0.0,-16.4750534072,15.3378321172
0.0,-16.4736293526,15.3392967027
0.0,-16.4708894669,15.3417280266
0.0,-16.4690848256,15.343384902
0.0,-16.465871724,15.3460904399
0.0,-16.4640654383,15.3476478688
0.0,-16.461753074,15.3498503293
0.0,-16.4594285259,15.3517726584
0.0,-16.4563552653,15.3545325224
0.0,-16.4546046547,15.3559539451
0.0,-16.4538006374,15.3568720707
0.0,-16.4525616541,15.3581997581
0.0,-16.4520795316,15.3586062258
0.0,-16.4515244468,15.3590742043
0.0,-16.4508630616,15.3590694721
0.0,-16.448310622,15.3576941525
0.0,-16.4475995171,15.3572209137
0.0,-16.4458345462,15.3560463095
0.0,-16.4457550992,15.3559934365
0.0,-16.4454308576,15.3556373641
0.0,-16.443577642,15.3536021871
0.0,-16.4415638473,15.351317297
0.0,-16.4414073141,15.3511396879
0.0,-16.4385199481,15.3481846726
0.0,-16.4362007309,15.3454699948
0.0,-16.4338372266,15.3430809581
0.0,-16.4314467459,15.340887133
0.0,-16.4311378685,15.340603661
0.0,-16.4300024504,15.3392154955
0.0,-16.429090969,15.3381010975
0.0,-16.4280196878,15.336791304
0.0,-16.4254669813,15.3339424067
0.0,-16.4228122045,15.3311393172
0.0,-16.4193797164,15.3280690308
0.0,-16.4189092047,15.3276481558
0.0,-16.4162344964,15.326323822
0.0,-16.4148828734,15.3257913159
0.0,-16.4090764755,15.3235036109
0.0,-16.38255457,15.3186472221
