8,0,0,0,0,0,0,
0.0,-16.231901175,14.6583548445
0.0,-16.223457411,14.6622667665
0.0,-16.198429086,14.6877413205
0.0,-16.170736239,14.7098102835
0.0,-16.159511529,14.7157439385
0.0,-16.147390392,14.7187214445
0.0,-16.137413082,14.7211723965
0.0,-16.126394193,14.7276326055
0.0,-16.119655587,14.7315808155
0.0,-16.112396286,14.7349185555
0.0,-16.109086896,14.7347450535
0.0,-16.108428987,14.7376641585
0.0,-16.107994098,14.7395868555
0.0,-16.086671874,14.7489041775
0.0,-16.060402008,14.7589912965
0.0,-16.008890058,14.7744093495
0.0,-15.945048315,14.7935038305
0.0,-15.910039845,14.7992104965
0.0,-15.905951586,14.7998770995
0.0,-15.890175756,14.8164404925
0.0,-15.882774327,14.8393030665
0.0,-15.872033079,14.8465948755
0.0,-15.873521832,14.8523206305
