0,0,0,0,0,0,0,
0.0,-16.231901175,14.6583548445
0.0,-16.234890021,14.6582937975
0.0,-16.272001305,14.6575241895
0.0,-16.359808059,14.6751471165
0.0,-16.448133429,14.6928433755
0.0,-16.458776397,14.6957120175
0.0,-16.486293852,14.7031249755
0.0,-16.549446123,14.7201279825
0.0,-16.560176787,14.7254466315
0.0,-16.56530568,14.7269726175
0.0,-16.610117013,14.7403010865
0.0,-16.692527817,14.7647952975
0.0,-16.702009191,14.7676106415
0.0,-16.735733028,14.7675618795
0.0,-16.865547111,14.7673386705
0.0,-16.885988217,14.7672987915
0.0,-16.890527808,14.7697372695
0.0,-16.894901268,14.7756251865
0.0,-16.918584858,14.7898665255
0.0,-16.92644877,14.7923250375
0.0,-16.928241813,14.7928867455
