9,0,0,0,0,0,0,
0.0,-16.230901743,15.6088895205
0.0,-16.229108889,15.6153688185
0.0,-16.228136106,15.6188859195
0.0,-16.21994976,15.6484755705
0.0,-16.20872883,15.6695547405
0.0,-16.208223255,15.6934328115
0.0,-16.210208889,15.7110719925
0.0,-16.206901578,15.7244405295
0.0,-16.206743196,15.7305412605
0.0,-16.206487668,15.7405129005
0.0,-16.20998379,15.7500925545
0.0,-16.229442663,15.7639884015
0.0,-16.233650181,15.7735557705
0.0,-16.234264431,15.7811193615
0.0,-16.23159972,15.7908039105
0.0,-16.224977538,15.8044567035
0.0,-16.222978674,15.8244563055
0.0,-16.219453824,15.8389739625
0.0,-16.217784954,15.8431873395
0.0,-16.21039392,15.8618459865
0.0,-16.211875869,15.8650340385
0.0,-16.221214359,15.8699227125
0.0,-16.264251738,15.9139298505
0.0,-16.268451696,15.9159145395
0.0,-16.275499317,15.9192428295
0.0,-16.290273636,15.9228897735
0.0,-16.295370021,15.9229765245
0.0,-16.323728526,15.9234552615
0.0,-16.346685411,15.9331513395
0.0,-16.353830367,15.9346323435
0.0,-16.393030101,15.9254531805
0.0,-16.40155797,15.9248428995
0.0,-16.413082056,15.9198198465
0.0,-16.418361582,15.9229392915
0.0,-16.419170313,15.9246588135
0.0,-16.427020995,15.9413709495
0.0,-16.434856368,15.9540806325
0.0,-16.444038366,15.9626359065
0.0,-16.471355481,15.9766016835
0.0,-16.482311244,15.9856043205
0.0,-16.483652199,15.9867058125
0.0,-16.489492488,15.9999991275
