0,9.90978037281e-001
1,1.36583089287e+000
2,1.17887846510e+000
3,2.58268940971e+000
4,1.76899725251e+000
5,2.87027457241e+000
6,3.13467677930e+000
7,1.70972998695e+000
8,8.41776813599e-001
9,1.73952093887e+000
10,8.67856172346e-001
11,4.05937196574e+000
12,1.58050323524e+000
13,3.70237695047e+000
14,2.32507085490e+000
15,1.35428623547e+000
16,1.00783484330e+000
17,9.95046286634e-001
18,3.19929882948e+000
19,1.18266136233e+000
20,1.22468589973e+000
21,1.08274584098e+000
22,1.73449944970e+000
23,9.68956159666e-001
24,7.98329075457e-001
25,2.49882249652e+000
26,2.38627811197e+000
27,3.87762643924e+000
28,2.99378744142e+000
29,3.84774958733e+000
30,2.27823367169e+000
31,2.06518749267e+000
32,1.42140749719e+000
33,1.82360235299e+000
34,1.21972721474e+000
35,2.74427183404e+000
36,2.37946116167e+000
37,1.72510064998e+000
38,1.78826240929e+000
39,3.61623526716e+000
40,8.93577101096e-001
41,8.63805034954e-001
42,2.55799619641e+000
43,2.13075001079e+000
44,2.56327493104e+000
45,2.27649119275e+000
46,2.59778273465e+000
47,2.58053452967e+000
48,1.14581075739e+000
49,1.97229426699e+000
50,6.36713028408e+000
51,1.52701942881e+000
52,1.61788925014e+000
53,1.62416825582e+000
54,4.33498714738e+000
55,2.31512925311e+000
56,9.74380852885e-001
57,3.53121200851e+000
58,5.67226852369e+000
59,2.48569217027e+000
60,1.00189287405e+000
61,3.68252886994e+000
62,1.63339383993e+000
63,2.08169040926e+000
64,1.74915760246e+000
65,3.32619855166e+000
66,6.40629168860e+000
67,1.09109007918e+000
68,9.99287257622e-001
69,1.24122271924e+000
70,1.12008520074e+000
71,3.04813421740e+000
72,4.58302589875e+000
73,1.27045719108e+000
74,1.51875162970e+000
75,1.56845443597e+000
76,1.36881637079e+000
77,1.34066817455e+000
78,9.90433064402e-001
79,4.40466458201e-001
80,1.16971146585e+000
81,1.05966419182e+000
82,1.20437525861e+000
83,9.40197171325e-001
84,1.38444920068e+000
85,1.46689580371e+000
86,1.80417073720e+000
87,1.11094543581e+000
88,1.13948452075e+000
89,4.29462863943e+000
90,2.42860001698e+000
91,7.78791601945e-001
92,1.18164365934e+000
