632,3,1,15,7,86,0,99,102,406,1,3,767,8,7,73,0,16,1,1,0,0,4,4,1,0,0,0,0,
0.0,-14.1493310498,16.0384463081
0.0,-14.1742162077,16.0403498401
0.0,-14.1906871027,16.0358885499
0.0,-14.1997069465,16.035623428
0.0,-14.2072295235,16.0385378564
0.0,-14.214858912,16.0471857739
0.0,-14.2209595619,16.0603884409
0.0,-14.2203272774,16.0672548959
0.0,-14.2397002009,16.0811995207
0.0,-14.2474583355,16.0843447376
0.0,-14.2512787517,16.0871504479
0.0,-14.2593601809,16.0930823013
0.0,-14.2676542799,16.1040362037
0.0,-14.2839201358,16.1192854552
0.0,-14.3071163363,16.1326140057
0.0,-14.3140476351,16.1410158759
0.0,-14.3259780906,16.1488321894
0.0,-14.3412635695,16.1658915145
0.0,-14.3476302937,16.1701220134
0.0,-14.356937193,16.1763056366
0.0,-14.3954236388,16.2115686955
1.0,-14.0040932409,16.0613631126
1.0,-14.0476742165,16.0545443379
1.0,-14.0615167889,16.0499342747
1.0,-14.0670452344,16.0480936835
1.0,-14.0893583349,16.0375803761
1.0,-14.1420039765,16.0382765539
1.0,-14.1493310498,16.0384463081
