248,9,5,23,23,736,0,193,325,520,1,3,187,8,7,73,0,16,1,1,0,0,4,4,1,0,0,0,0,
0.0,-12.8596311378,13.7551631414
0.0,-12.8579536252,13.7480868782
0.0,-12.8420053343,13.7180594887
0.0,-12.8250127696,13.6707934836
0.0,-12.8176599423,13.6607188681
0.0,-12.7985063535,13.6476802338
0.0,-12.7888504039,13.6411075109
0.0,-12.7798067137,13.6327104089
1.0,-12.7798067137,13.6327104089
1.0,-12.7767902428,13.6299075594
1.0,-12.7576986425,13.6221951967
1.0,-12.7416912239,13.6190633302
1.0,-12.7115750677,13.634079579
1.0,-12.6891703326,13.6546919347
1.0,-12.6730389236,13.6753042904
