473,9,5,23,23,995,0,171,14,582,1,3,283,8,7,73,0,16,1,1,0,0,4,4,1,0,0,0,0,
0.0,-13.4677193687,13.8982695733
0.0,-13.4789584155,13.9063233519
0.0,-13.5045864916,13.9300250181
0.0,-13.5146200944,13.9467257619
0.0,-13.5167801661,13.9536780482
0.0,-13.5206759239,13.966216958
0.0,-13.5318482159,14.0316418766
0.0,-13.5268309396,14.0503033753
0.0,-13.530090598,14.0777663345
0.0,-13.5306465894,14.0824536441
0.0,-13.5344965709,14.0916165467
0.0,-13.5414126136,14.1012133712
0.0,-13.5551951077,14.1146620855
0.0,-13.5784485365,14.1333169068
0.0,-13.5853960501,14.1461304749
0.0,-13.5960873316,14.1719239174
