585,1,7,13,22,831,22,173,223,587,1,1,613,1,4,13,1,52,0,1,0,0,0,2,0,0,0,0,0,
0.0,-15.6793891211,13.0187861023
0.0,-15.6616193505,13.0084873767
0.0,-15.6509916295,13.0042845364
0.0,-15.6350557718,13.0054556506
0.0,-15.6303951775,13.0073696759
0.0,-15.6236469941,13.0056740447
1.0,-15.9557213863,12.958001975
1.0,-15.9557213629,12.9580019525
1.0,-15.954696956,12.9569965365
1.0,-15.9334720424,12.9506822635
1.0,-15.9130329546,12.9489551632
1.0,-15.8980250263,12.9492059823
1.0,-15.8673530442,12.9660488306
1.0,-15.8586641418,12.9655023773
1.0,-15.8465963806,12.958852408
1.0,-15.840426124,12.9554516065
1.0,-15.8354775218,12.9541536573
