425,1,7,6,13,894,151,315,256,53,2,1,1072,8,5,84,3,0,0,0,1,0,0,2,0,0,0,1,0,
0.0,-13.6408578296,12.9274701162
0.0,-13.6370269228,12.9219254532
0.0,-13.6252147192,12.9125975655
0.0,-13.5976411505,12.8976525376
0.0,-13.5606014162,12.8726624577
0.0,-13.5562850878,12.8618878459
0.0,-13.5536043104,12.8437813854
0.0,-13.5525447787,12.8366173843
0.0,-13.5528528136,12.8184432129
0.0,-13.5634414518,12.7965029804
0.0,-13.5631496272,12.7900637717
0.0,-13.5469390796,12.7593764408
0.0,-13.5468780445,12.7524766066
0.0,-13.5595237568,12.7301386921
