131,4,10,22,16,537,102,207,109,112,0,0,880,8,5,61,3,68,0,0,1,0,1,3,0,0,0,1,0,
0.0,-13.4271110724,15.7699383945
0.0,-13.4410108696,15.7877291885
0.0,-13.4448818322,15.7968787397
0.0,-13.4488147842,15.8131407942
0.0,-13.4620756202,15.8389672472
0.0,-13.4700988786,15.8618497084
0.0,-13.4809011436,15.8771380606
0.0,-13.4853834104,15.8808697884
0.0,-13.5114778354,15.9025916269
0.0,-13.521105173,15.9185752081
0.0,-13.5306705222,15.927446286
0.0,-13.5843089533,15.9604624878
0.0,-13.5929177673,15.9652489791
