524,8,4,17,26,697,26,104,356,369,1,1,799,1,4,11,1,48,0,1,0,0,3,1,0,0,0,0,0,
0.0,-16.2326657679,12.9779035605
0.0,-16.2279552343,12.9925065403
0.0,-16.2288268913,13.0014624962
0.0,-16.2364123939,13.0164246904
0.0,-16.2378429005,13.019243752
0.0,-16.256042761,13.0387006111
0.0,-16.2647535941,13.0525756167
0.0,-16.2665560342,13.061054735
1.0,-16.2315448368,12.9305949563
1.0,-16.2343295569,12.9321227416
1.0,-16.2370284501,12.9509377815
1.0,-16.2354682487,12.9692149505
1.0,-16.2326657679,12.9779035605
