1108,1,7,20,9,173,36,97,172,197,1,1,709,1,3,22,4,67,0,1,0,0,0,2,0,0,0,0,0,
0.0,-14.7768945651,13.3265436156
0.0,-14.8000821744,13.3738553962
0.0,-14.8070344517,13.3841150229
0.0,-14.8186816604,13.3940856866
0.0,-14.8343342955,13.4045303263
0.0,-14.8369387762,13.4062688741
0.0,-14.8475579248,13.4095819378
0.0,-14.8576468305,13.4085319406
0.0,-14.8721254916,13.4021346916
0.0,-14.8805836162,13.4020240642
0.0,-14.8900373757,13.4060399858
0.0,-14.9260347139,13.4262655063
0.0,-14.9518058164,13.4383123169
