552,5,0,2,11,440,0,300,164,193,1,3,130,8,7,73,0,16,1,1,0,0,4,4,1,0,0,0,0,
0.0,-15.3521960195,15.643927328
0.0,-15.3307870255,15.6498258058
0.0,-15.3152526547,15.6564767329
0.0,-15.3015092793,15.6564462171
0.0,-15.2791952481,15.6537816545
0.0,-15.268110712,15.6571528945
0.0,-15.2544970359,15.6656100801
0.0,-15.2357726296,15.684446104
0.0,-15.2264914887,15.69378067
0.0,-15.2105794612,15.707088243
0.0,-15.2004562266,15.7115905413
0.0,-15.190883261,15.7211349147
0.0,-15.1800266527,15.7398774783
0.0,-15.1500279264,15.7625568105
0.0,-15.1405722612,15.7675197336
0.0,-15.1253306639,15.7755201086
0.0,-15.0614555703,15.800488264
0.0,-15.051537373,15.8031471096
0.0,-15.0177449287,15.8039653658
0.0,-14.9999980297,15.8043926139
0.0,-14.9875497374,15.8046920693
0.0,-14.9747791038,15.8069265293
0.0,-14.9570999157,15.8140438034
0.0,-14.9180679915,15.8370454788
0.0,-14.9009638677,15.8509023684
0.0,-14.8953276609,15.8554685618
0.0,-14.8903485339,15.8555334119
0.0,-14.8345491238,15.8328416915
0.0,-14.8161289285,15.8299062837
1.0,-14.8161289285,15.8299062837
1.0,-14.8107530728,15.8264892692
