16,9,5,23,23,343,0,363,70,474,1,3,1049,8,7,73,0,16,1,1,0,0,4,4,1,0,0,0,0,
0.0,-12.6278998034,13.9668187663
0.0,-12.6253334665,13.9711999467
0.0,-12.622591654,13.9863862564
0.0,-12.6172310526,13.9965276294
0.0,-12.6045948721,14.0113019525
0.0,-12.5895964407,14.0247087063
0.0,-12.586392096,14.0314349714
0.0,-12.5800463494,14.0447539873
0.0,-12.5704695545,14.0597409793
0.0,-12.5610958922,14.0687512949
0.0,-12.5265643086,14.0866126622
0.0,-12.5204674709,14.091927489
0.0,-12.5204789148,14.0942267974
