825,9,5,16,8,685,0,54,94,475,1,3,97,8,7,73,0,16,1,1,0,0,4,4,1,0,0,0,0,
0.0,-12.9162345346,13.335953659
0.0,-12.9029012177,13.3141459884
0.0,-12.8920169363,13.3015622563
0.0,-12.8764434406,13.2901563124
0.0,-12.8383918476,13.2512826411
1.0,-12.8383918476,13.2512826411
1.0,-12.8125134722,13.2523065983
1.0,-12.783043121,13.249850736
1.0,-12.7732196709,13.2424831455
1.0,-12.77321967,13.2252921022
1.0,-12.7732196691,13.2056451948
1.0,-12.7437493178,13.2105569221
1.0,-12.7265582799,13.2179245135
1.0,-12.7167348289,13.210556923
1.0,-12.7167348289,13.1933658797
1.0,-12.7142789657,13.1810865619
1.0,-12.6995437901,13.1786306996
1.0,-12.6897203382,13.1491603385
1.0,-12.6970879251,13.1172341141
1.0,-12.7093672375,13.1024989331
1.0,-12.7231500068,13.0699156722
