598,5,0,2,11,486,0,140,79,324,1,3,148,8,7,73,0,16,1,1,0,0,4,4,1,0,0,0,0,
0.0,-15.0627267233,14.9333741869
0.0,-15.0563075515,14.9282644011
0.0,-15.0298354977,14.8950832133
0.0,-15.008021181,14.8567817482
0.0,-14.9999979308,14.8507535737
0.0,-14.9987076114,14.8497846406
0.0,-14.9827755515,14.8424156013
0.0,-14.9799231161,14.839774877
0.0,-14.8939905031,14.7601869504
0.0,-14.8868398623,14.7518413472
0.0,-14.8764677134,14.7397354061
0.0,-14.8680181701,14.7262895534
0.0,-14.8626165641,14.7058818771
