593,8,4,25,17,140,106,53,50,82,0,0,289,8,5,26,3,38,0,0,1,0,1,3,0,0,0,0,0,
0.0,-16.1742346753,12.5699844303
0.0,-16.1654667972,12.5703216077
0.0,-16.1598553974,12.5708804617
0.0,-16.1552777772,12.5767131353
0.0,-16.1504102417,12.5795589004
0.0,-16.1457816498,12.5798537692
0.0,-16.135435698,12.5805125784
0.0,-16.1275354877,12.5841022097
0.0,-16.1251799205,12.5842309566
0.0,-16.09640957,12.5857968957
0.0,-16.0742824934,12.5928531373
0.0,-16.0512704084,12.6029134527
0.0,-16.033436759,12.614263135
0.0,-16.0203047077,12.6266818846
0.0,-16.0156412553,12.6279130789
