490,3,1,15,7,36,102,64,224,371,0,0,168,8,0,10,6,62,0,0,1,0,2,0,0,0,0,1,0,
0.0,-14.6438975192,16.5049532287
0.0,-14.6198630472,16.5054167168
0.0,-14.6047339739,16.5007704163
0.0,-14.5640626702,16.5004480786
0.0,-14.5424972553,16.4965895141
0.0,-14.5336948505,16.4966486427
0.0,-14.5157123876,16.5038050157
0.0,-14.5034662683,16.508676386
0.0,-14.4925476625,16.507543421
0.0,-14.4584748203,16.499067167
0.0,-14.413870562,16.4828013012
0.0,-14.3947179381,16.4694002716
0.0,-14.3763931024,16.4565752605
0.0,-14.3578098214,16.4366930599
0.0,-14.3498504626,16.43102442
0.0,-14.3399169993,16.4179724343
0.0,-14.3198707821,16.3960722585
