805,9,5,4,31,258,0,152,174,338,1,3,873,8,7,73,0,16,1,1,0,0,4,4,1,0,0,0,0,
0.0,-11.3799303625,12.4443220499
0.0,-11.4110500488,12.4499076347
0.0,-11.4381800322,12.4483117527
0.0,-11.4557347263,12.45629116
0.0,-11.4708955996,12.4610788043
0.0,-11.478875006,12.4618767448
0.0,-11.4828375493,12.4676160651
0.0,-11.4938419954,12.4680652459
0.0,-11.5011051782,12.4721975164
0.0,-11.5158747304,12.4869050811
0.0,-11.5207966434,12.4901199172
0.0,-11.5378950683,12.4947013685
0.0,-11.5514753885,12.4951448269
0.0,-11.5606144482,12.4990444014
0.0,-11.5777271777,12.5112142384
0.0,-11.5807322056,12.5160312473
0.0,-11.5880554694,12.5277633493
0.0,-11.5962646976,12.5353431519
0.0,-11.5995539194,12.541780454
0.0,-11.5979298131,12.551443082
0.0,-11.5984152329,12.5620240985
0.0,-11.6043222912,12.593759519
0.0,-11.6177166829,12.6198690139
