1119,9,5,16,8,146,70,84,341,329,1,1,91,8,7,73,0,16,0,1,0,0,1,3,0,0,0,0,0,
0.0,-14.2942720743,13.66122327
0.0,-14.3082262265,13.7039297583
0.0,-14.3196703071,13.716910219
0.0,-14.3264452039,13.7329309935
0.0,-14.3292242097,13.7492245188
0.0,-14.3294759812,13.7706049431
0.0,-14.3275104616,13.7795914167
0.0,-14.3247867713,13.7920397279
0.0,-14.3086515744,13.8207272058
0.0,-14.2999712417,13.8431232948
0.0,-14.2989574881,13.8571594733
0.0,-14.3037725869,13.8865345494
0.0,-14.3038050128,13.8996914401
0.0,-14.3038355313,13.9120529667
0.0,-14.3010174284,13.932774403
0.0,-14.3020063886,13.9446180838
