438,9,5,16,8,328,77,228,44,252,1,1,754,8,4,13,1,52,0,1,0,0,0,2,0,0,0,0,0,
0.0,-14.0835989534,13.8655251233
0.0,-14.0700901697,13.8908385014
0.0,-14.0579489545,13.9217680683
0.0,-14.0486811568,13.9356554746
0.0,-14.032833965,13.9507578623
0.0,-14.0155085783,13.9598959706
0.0,-14.0069560348,13.9729727532
0.0,-13.9819087552,14.0112627789
0.0,-13.9752874006,14.0310972984
0.0,-13.9586543821,14.0620640586
0.0,-13.9484414931,14.0766447855
0.0,-13.9430646815,14.0819443544
0.0,-13.9423417974,14.0826577029
