46,4,10,9,30,361,115,234,281,115,1,1,210,8,7,73,0,16,0,1,0,0,1,3,0,0,0,0,0,
0.0,-12.9236150736,14.9159211585
0.0,-12.9167448064,14.9347371526
0.0,-12.9236131679,14.9730548326
0.0,-12.9195009262,14.9946698613
0.0,-12.9175268217,14.9999999478
0.0,-12.9127660816,15.0128554774
0.0,-12.9112230374,15.029861398
0.0,-12.9123426511,15.0388249829
0.0,-12.9204546042,15.1037587593
1.0,-12.9274707756,14.8772458497
1.0,-12.93034515,14.8834294738
1.0,-12.930228802,14.9013480605
1.0,-12.9236150736,14.9159211585
