597,1,7,13,22,391,106,359,52,300,0,0,730,8,3,40,4,69,0,0,1,0,1,3,0,0,0,0,0,
0.0,-15.5248150167,12.5282208281
0.0,-15.5077891177,12.5763337005
0.0,-15.5079693635,12.5876032703
0.0,-15.5126452202,12.6015650614
0.0,-15.519179784,12.6145779463
0.0,-15.5197596173,12.6214711039
0.0,-15.5177178065,12.6256434294
0.0,-15.5036549595,12.6398913262
0.0,-15.5001473536,12.6411282429
0.0,-15.4852481354,12.6463839438
0.0,-15.4616800355,12.6524922326
0.0,-15.433922453,12.6528651239
1.0,-15.9200480819,12.562029462
1.0,-15.9184001381,12.5610023553
1.0,-15.9020351356,12.562886819
1.0,-15.8829702901,12.5710273867
1.0,-15.8731303069,12.5709606318
1.0,-15.852910561,12.5666948506
1.0,-15.8465362195,12.5638090333
1.0,-15.8251425014,12.5457569368
1.0,-15.818780557,12.543560626
1.0,-15.8082358093,12.5432745256
2.0,-15.8082358093,12.5432745256
2.0,-15.7831428028,12.5551868759
2.0,-15.7684600739,12.5595671048
2.0,-15.7380722784,12.5632797652
2.0,-15.7296217926,12.5622660107
2.0,-15.7150058177,12.5567499615
2.0,-15.7000150502,12.5567595006
2.0,-15.6872434786,12.5634056595
2.0,-15.6869163691,12.5621658829
2.0,-15.6834926843,12.5492016351
2.0,-15.6487828344,12.5042006112
2.0,-15.6336900209,12.4911543498
3.0,-15.6336900209,12.4911543498
3.0,-15.618436039,12.4959370288
3.0,-15.5997173659,12.4969212244
3.0,-15.5788462546,12.4951760037
3.0,-15.5669291693,12.4967419392
3.0,-15.533616453,12.5076100174
3.0,-15.5292162106,12.5106684516
3.0,-15.5248150167,12.5282208281
