311,0,3,30,20,621,44,121,8,136,1,1,841,8,3,32,4,13,0,1,0,0,2,0,0,0,0,0,0,
0.0,-14.7546998191,14.1213329353
0.0,-14.7523947928,14.1325328868
0.0,-14.7388478716,14.1768367824
0.0,-14.738753459,14.1874111232
0.0,-14.7413789236,14.2076061305
0.0,-14.7400390147,14.2308385908
0.0,-14.7346879569,14.245267684
0.0,-14.7320748931,14.2523134305
0.0,-14.7115203809,14.2842882254
0.0,-14.7078706749,14.2935274229
0.0,-14.7006923827,14.3391245004
0.0,-14.6953127147,14.3603351714
0.0,-14.694009044,14.3633144499
0.0,-14.6909630124,14.3702715044
0.0,-14.7056934477,14.3785932648
0.0,-14.7064211009,14.3801935301
