563,3,1,15,7,327,112,276,355,404,1,2,482,8,4,13,1,52,0,0,1,0,1,3,0,0,0,0,0,
0.0,-14.7950737925,16.5340688919
0.0,-14.8130829553,16.5390299038
0.0,-14.827565435,16.5406644998
0.0,-14.8351194801,16.5437811066
0.0,-14.8405105937,16.5480077907
0.0,-14.8468973449,16.5747354669
0.0,-14.8655311643,16.5959432754
0.0,-14.8695489889,16.5973909518
0.0,-14.8903257091,16.5972536209
0.0,-14.898115311,16.5972002146
0.0,-14.9075623958,16.6010358914
0.0,-14.9276362581,16.5967920393
0.0,-14.9432249964,16.5904062342
