71,5,0,2,11,1041,124,184,140,104,1,1,858,8,7,73,0,16,0,1,0,0,1,3,0,0,0,0,0,
0.0,-15.2960761521,15.1914727619
0.0,-15.2759460264,15.1509911963
0.0,-15.2614215907,15.1291501491
0.0,-15.2221817712,15.0804927363
0.0,-15.2194857386,15.077149155
0.0,-15.2135481709,15.0597770242
0.0,-15.2121405484,15.0448682336
1.0,-15.2121405484,15.0448682336
1.0,-15.1950888793,15.0271899745
1.0,-15.1831517572,15.0193183481
1.0,-15.1760936234,14.9999997679
1.0,-15.1727986837,14.9909799169
1.0,-15.1658635754,14.9855649551
1.0,-15.1471134152,14.9803121194
1.0,-15.1313167788,14.9669778465
1.0,-15.1216761015,14.9634969369
1.0,-15.0963904207,14.9543655088
1.0,-15.0627267233,14.9333741869
