612,9,5,4,31,611,0,260,72,5,1,3,119,8,7,73,0,16,1,1,0,0,4,4,1,0,0,0,0,
0.0,-13.1741820622,13.0589883232
0.0,-13.1741499123,13.0589417761
0.0,-13.1688884935,13.0458688084
0.0,-13.1664280141,13.0304755512
0.0,-13.16501276,12.9978255579
0.0,-13.1499294524,12.9540681201
0.0,-13.1494316344,12.9526223493
0.0,-13.142599512,12.8845862708
0.0,-13.1377367276,12.8609284716
0.0,-13.1301159195,12.8448800412
0.0,-13.1209139198,12.8366622299
0.0,-13.1184944485,12.8358620968
0.0,-13.1004671508,12.8298987725
1.0,-13.1004671508,12.8298987725
1.0,-13.0914711444,12.8177689894
1.0,-13.0800146586,12.7890929572
1.0,-13.0753941075,12.7656611793
1.0,-13.0691666154,12.7092112895
1.0,-13.0673822904,12.6930264823
1.0,-13.0619186923,12.6788873072
