922,9,5,16,8,423,85,212,283,105,1,1,219,5,7,73,0,16,0,1,0,0,1,3,0,0,0,0,0,
0.0,-13.4119427581,13.0141715227
0.0,-13.4004710153,12.9887303536
0.0,-13.3888209352,12.9790152736
1.0,-13.3888209352,12.9790152736
1.0,-13.3678925631,12.9636820992
1.0,-13.3563063798,12.9522713871
1.0,-13.3524935916,12.944938585
1.0,-13.351233788,12.9341382239
1.0,-13.3512108976,12.9023961277
1.0,-13.346203156,12.892084048
1.0,-13.3329528114,12.8774632671
1.0,-13.3315032275,12.8749446141
1.0,-13.3220141723,12.8584546319
1.0,-13.2937110367,12.7779292349
1.0,-13.2837260711,12.7600621469
1.0,-13.2831290705,12.7582015288
1.0,-13.280122137,12.7488173732
