727,3,1,18,14,97,0,290,323,599,1,3,888,8,7,73,0,16,1,1,0,0,4,4,1,0,0,0,0,
0.0,-15.552241263,16.1656205397
0.0,-15.5430793352,16.1835114714
0.0,-15.5406293536,16.2045781376
0.0,-15.5384328045,16.2279087184
0.0,-15.5374537063,16.2484697759
0.0,-15.53549551,16.2729472252
0.0,-15.5286418244,16.2876336944
0.0,-15.5296209226,16.3316931039
0.0,-15.5335373145,16.3522541614
0.0,-15.53549551,16.3767316107
0.0,-15.5364746081,16.3992508645
0.0,-15.5394119018,16.4296029012
0.0,-15.5443073918,16.479536898
0.0,-15.5498400632,16.4891647708
