274,9,5,4,31,701,90,352,348,106,1,1,474,3,7,73,0,16,0,1,0,0,1,3,0,0,0,0,0,
0.0,-11.7558582608,12.8315620218
0.0,-11.7065084834,12.8546695509
0.0,-11.6657207931,12.8595685771
0.0,-11.6514090048,12.8542995267
0.0,-11.636874056,12.8557033351
0.0,-11.6337679389,12.856578808
0.0,-11.6171892674,12.8612527663
0.0,-11.5979651034,12.8626594363
0.0,-11.5923403324,12.8647384467
0.0,-11.5752409543,12.8753404444
0.0,-11.5586165063,12.8916911909
0.0,-11.5461987145,12.8990669077
0.0,-11.5250834148,12.9172334501
0.0,-11.5124682128,12.92808531
0.0,-11.4728573546,12.9492845372
0.0,-11.4587887528,12.952518447
0.0,-11.4404934671,12.9527625878
0.0,-11.4076374832,12.9431419222
0.0,-11.3989676303,12.9406032413
0.0,-11.381132015,12.9265842291
0.0,-11.3801573604,12.9262761924
