819,1,7,13,22,822,0,310,260,306,1,3,860,8,7,73,0,16,1,1,0,0,4,4,1,0,0,0,0,
0.0,-15.5999424905,12.8245007233
0.0,-15.6233112682,12.8200041446
0.0,-15.6362144502,12.8204905159
0.0,-15.6425973766,12.8236109377
0.0,-15.6574040924,12.8539721105
0.0,-15.6669350911,12.8630224782
0.0,-15.6810742311,12.8671680983
0.0,-15.6991730168,12.869640018
0.0,-15.7033262577,12.8711458698
0.0,-15.7350377554,12.8826376387
0.0,-15.7518185658,12.8901878752
0.0,-15.7584999916,12.896980896
0.0,-15.7700966466,12.9306084047
