1105,4,10,22,16,681,113,349,318,145,1,2,272,8,4,6,1,24,0,1,0,0,1,3,0,0,0,0,0,
0.0,-13.2620720792,15.6576251321
0.0,-13.2533678984,15.6792077357
0.0,-13.2550806976,15.6860808664
0.0,-13.2672953533,15.7025183965
0.0,-13.2762789625,15.7297629644
0.0,-13.2959484879,15.7592248242
0.0,-13.2990870291,15.7665452282
0.0,-13.2993111429,15.7705992973
0.0,-13.2996439757,15.7766389165
0.0,-13.2971777748,15.794327668
0.0,-13.3107065944,15.8258952409
0.0,-13.3134989524,15.8488215719
0.0,-13.336310834,15.8839892649
0.0,-13.3372654616,15.8873271247
0.0,-13.3389963795,15.8933772345
0.0,-13.3376784024,15.9062356258
0.0,-13.3420653034,15.9206580424
0.0,-13.3492722174,15.9318465491
0.0,-13.3578543288,15.9372891678
0.0,-13.3691000522,15.9491347561
0.0,-13.3748631038,15.9575804952
0.0,-13.3787893792,15.9733809717
0.0,-13.3803677101,15.9919528251
0.0,-13.384304477,15.9986390353
0.0,-13.3851055625,15.9999999289
0.0,-13.3862875081,16.0261137558
0.0,-13.3910464298,16.041580252
0.0,-13.413651309,16.0546672869
0.0,-13.4469637627,16.0689440529
0.0,-13.4743275636,16.0713235142
0.0,-13.4969324428,16.0713235142
0.0,-13.5212835167,16.0782336403
