992,4,10,9,30,1077,100,141,119,327,1,1,1065,8,7,73,0,16,0,1,0,0,1,3,0,0,0,0,0,
0.0,-13.4850133421,14.9397639428
0.0,-13.4596627833,14.9261292631
0.0,-13.4350503691,14.9214991755
0.0,-13.4156087733,14.9136113362
0.0,-13.3886512745,14.8979186264
1.0,-13.3886512745,14.8979186264
1.0,-13.377132802,14.9004515867
1.0,-13.3651479825,14.8972300749
1.0,-13.3533367312,14.8973197211
1.0,-13.335657526,14.9022769208
1.0,-13.3122619979,14.9017619384
1.0,-13.2876629342,14.8980387947
1.0,-13.270115334,14.889896324
1.0,-13.2644505108,14.8848513874
1.0,-13.2598852734,14.8807820595
1.0,-13.2407583891,14.8515157033
1.0,-13.2326693265,14.84399312
1.0,-13.1867165482,14.8270882914
1.0,-13.1737256023,14.8269481023
1.0,-13.1596732171,14.8310870494
1.0,-13.1449723336,14.8354157777
1.0,-13.1308055079,14.8362016062
1.0,-13.1076312311,14.8324517598
1.0,-13.0591931773,14.8300151241
1.0,-13.046180296,14.8268832576
1.0,-13.0313487589,14.828223171
1.0,-13.0187984088,14.8293570902
2.0,-12.9946323111,14.8438710604
2.0,-12.9919801439,14.845147077
2.0,-12.9839463941,14.8447379511
2.0,-12.9688182642,14.8374995635
3.0,-13.0187984088,14.8293570902
3.0,-13.0103450435,14.8363017466
3.0,-12.9946323111,14.8438710604
