536,4,10,9,30,377,107,226,120,350,2,0,365,8,7,73,0,16,0,1,0,0,1,3,0,0,0,0,0,
0.0,-13.528066171,14.4006193952
0.0,-13.5280661746,14.4006196839
0.0,-13.5282738092,14.417719902
0.0,-13.5328249695,14.4419927582
0.0,-13.5323192852,14.4637371931
0.0,-13.5328249695,14.4799190981
0.0,-13.5333306547,14.49357258
0.0,-13.5383874993,14.5036862701
0.0,-13.5444557143,14.5244193364
0.0,-13.5474898209,14.5491978778
0.0,-13.550106329,14.5757283327
0.0,-13.5530523506,14.6098800203
0.0,-13.5540637201,14.6225221336
0.0,-13.5555807738,14.6306130857
0.0,-13.5505239283,14.6655053181
0.0,-13.5527969252,14.6713140876
0.0,-13.5550750887,14.6771360619
0.0,-13.5601319342,14.6923065975
0.0,-13.5611433036,14.7003975505
