716,0,3,30,20,774,0,121,104,505,1,3,416,8,7,73,0,16,1,1,0,0,4,4,1,0,0,0,0,
0.0,-14.9309710242,14.2791755518
0.0,-14.9210547344,14.2820756765
0.0,-14.8883885785,14.3064067737
0.0,-14.8618163923,14.3283555912
0.0,-14.8530044556,14.3390415127
0.0,-14.8408470346,14.36497478
0.0,-14.8307810193,14.3864419908
0.0,-14.8177280975,14.3976409899
0.0,-14.8019896328,14.4022081375
0.0,-14.7711001641,14.4025981941
0.0,-14.7384225553,14.3926656796
0.0,-14.7325746319,14.3899343568
0.0,-14.71445675,14.3814724065
0.0,-14.7064211009,14.3801935301
