954,3,1,15,7,818,112,80,250,41,1,2,14,8,7,73,0,16,0,1,0,0,1,3,0,0,0,0,0,
0.0,-14.792361788,16.5518071771
0.0,-14.7816556407,16.5531284512
0.0,-14.7642162775,16.5595142671
0.0,-14.758407561,16.5579064142
0.0,-14.7501169316,16.5498906364
0.0,-14.7409884146,16.5482782986
0.0,-14.7285353954,16.5498636604
0.0,-14.6505534456,16.5257297044
0.0,-14.6272918626,16.5376983946
0.0,-14.6173066353,16.5504898026
0.0,-14.6098265108,16.5552794883
0.0,-14.592391664,16.5568473096
0.0,-14.5724522008,16.5648132434
0.0,-14.5608143622,16.5719943136
0.0,-14.5442003212,16.5767621242
0.0,-14.5292322158,16.5871363892
0.0,-14.5150867401,16.5999131868
0.0,-14.4677383013,16.6086037178
