918,9,5,4,31,758,89,365,264,130,2,1,797,8,3,32,4,13,0,1,0,0,3,1,0,0,0,0,0,
0.0,-11.9586117272,12.7311723809
0.0,-11.9708164138,12.7204427469
0.0,-11.9789750957,12.706159567
0.0,-11.9833915609,12.6944160212
0.0,-11.9918058274,12.6872625098
0.0,-12.0023162696,12.6824168898
0.0,-12.0229242141,12.6729125713
0.0,-12.0355489525,12.6643647888
0.0,-12.0746305174,12.6504459107
0.0,-12.0828063655,12.6432914461
0.0,-12.0944612166,12.6262321193
0.0,-12.103100551,12.6181535445
0.0,-12.1077468506,12.615599604
0.0,-12.113622437,12.6123695091
