519,8,4,25,17,415,32,203,363,183,1,1,67,8,7,73,0,16,1,1,0,0,4,4,1,0,0,0,0,
0.0,-16.091963535,12.4961476959
0.0,-16.0788410228,12.5085693072
0.0,-16.0732391585,12.5095878325
0.0,-16.0634049003,12.5097575886
0.0,-16.0577324635,12.5068660497
0.0,-16.0491627726,12.499189927
0.0,-16.0451954998,12.4999490519
0.0,-16.0390195272,12.5081077373
0.0,-16.0331983182,12.5100484662
0.0,-16.0278959056,12.5094104593
0.0,-16.0198202168,12.508437713
0.0,-16.0091944105,12.5035577632
0.0,-16.0050917178,12.5098396175
0.0,-15.9935198714,12.5176301853
0.0,-15.9697486606,12.5242458292
0.0,-15.9477818576,12.5407279424
