884,8,4,17,26,148,0,59,360,36,1,3,27,8,7,73,0,16,1,1,0,0,4,4,1,0,0,0,0,
0.0,-16.048573544,13.1407981688
0.0,-16.035670371,13.141250214
0.0,-16.0187369825,13.1394697074
0.0,-16.002476885,13.1360670002
0.0,-15.9913494468,13.1307359631
0.0,-15.9841206153,13.1202779721
0.0,-15.98086001,13.108602138
0.0,-15.9666398105,13.0876813877
0.0,-15.9662125642,13.0768772107
0.0,-15.9685337989,13.0692316038
0.0,-15.9704249274,13.0630031567
0.0,-15.9686434676,13.0552135449
0.0,-15.965001395,13.0483747468
0.0,-15.9564650807,13.0434576037
0.0,-15.9321970016,13.0378862435
0.0,-15.9206814178,13.0337310871
