271,9,5,4,31,228,83,124,354,429,1,1,1106,0,3,32,4,13,0,1,0,0,2,0,0,0,0,0,0,
0.0,-11.702032894,13.0782375136
0.0,-11.6947420552,13.0697402757
0.0,-11.690261694,13.0589389603
0.0,-11.6895435773,13.0513496204
0.0,-11.6951321074,13.0297212404
0.0,-11.6951158944,13.021901111
0.0,-11.6918056915,13.0087966724
0.0,-11.6934297987,12.9993638797
0.0,-11.6967218812,12.9893665115
0.0,-11.7055538576,12.9625425143
0.0,-11.7083309568,12.9439086716
0.0,-11.7155750659,12.9310149945
0.0,-11.730544889,12.9121284279
0.0,-11.7368496284,12.899235705
0.0,-11.7426670404,12.8785247593
0.0,-11.7431810713,12.8735446728
0.0,-11.7440450994,12.8651819024
0.0,-11.7558582608,12.8315620218
