40,9,5,23,23,986,0,361,157,194,1,3,714,8,7,73,0,16,1,1,0,0,4,4,1,0,0,0,0,
0.0,-12.3839175445,13.6922845488
0.0,-12.3920428471,13.6690291999
0.0,-12.4030186822,13.6521978018
0.0,-12.4192454463,13.652358972
0.0,-12.4432541915,13.6589707956
0.0,-12.464456274,13.6648072823
0.0,-12.474800776,13.6640719984
0.0,-12.4865347818,13.6591910936
0.0,-12.4951998647,13.6517924872
0.0,-12.5038258459,13.6368093101
0.0,-12.508980454,13.6331061924
0.0,-12.5228459214,13.6314324939
0.0,-12.5308005165,13.623578032
0.0,-12.5389467993,13.6072148875
0.0,-12.5396038809,13.6026095943
