463,1,7,6,13,1006,37,192,199,274,1,1,39,0,4,13,1,52,0,1,0,0,3,1,0,0,0,0,0,
0.0,-13.926217011,13.0208996611
0.0,-13.9338492612,13.030075915
0.0,-13.9421977206,13.0401114297
0.0,-13.9541234088,13.0588568504
0.0,-13.9605826409,13.0707529833
0.0,-13.9671210277,13.0902394103
0.0,-13.9658726707,13.1056612776
0.0,-13.9587229824,13.1404608547
0.0,-13.9588717563,13.1468952952
1.0,-13.9874848117,12.9955071246
1.0,-13.9774607498,13.0015858454
1.0,-13.9447716837,13.0166262456
1.0,-13.926217011,13.0208996611
2.0,-14.0320148535,12.9658196267
2.0,-14.0068310317,12.9835852405
2.0,-13.9874848117,12.9955071246
