927,5,0,2,11,850,136,27,218,111,1,1,577,8,3,32,4,13,0,1,0,0,3,1,0,0,0,0,0,
0.0,-15.350557604,15.5898892796
0.0,-15.3460524539,15.5807387742
0.0,-15.3462498641,15.5782105839
0.0,-15.3409684246,15.5736958902
0.0,-15.3007348857,15.5607335544
0.0,-15.2801784724,15.54863143
0.0,-15.2678226897,15.546052696
0.0,-15.2584919566,15.5399892358
0.0,-15.2477736298,15.5360086008
0.0,-15.2429985895,15.5294616264
0.0,-15.2267289322,15.5071504181
0.0,-15.2044597205,15.4909341428
0.0,-15.1907296928,15.4729650123
