924,4,10,9,30,118,107,317,310,578,2,0,496,8,7,73,0,16,0,1,0,0,1,3,0,0,0,0,0,
0.0,-13.4522293705,15.2809202204
0.0,-13.4524917046,15.2806578863
1.0,-13.4524917046,15.2806578863
1.0,-13.4647232917,15.2684262983
1.0,-13.498945773,15.2393643507
1.0,-13.5347978959,15.207314726
1.0,-13.5518115291,15.1987361084
1.0,-13.5532954455,15.1977643136
1.0,-13.5673497354,15.1824912184
1.0,-13.5754798035,15.1661185375
1.0,-13.5809710845,15.1459315458
1.0,-13.5888476868,15.1290919117
1.0,-13.6010700019,15.1108942437
1.0,-13.6113293516,15.1038102239
1.0,-13.6219713961,15.0951994978
1.0,-13.6294005146,15.0891875345
1.0,-13.6431315091,15.0823735307
