599,5,0,2,11,767,0,140,319,26,1,3,617,8,7,73,0,16,1,1,0,0,4,4,1,0,0,0,0,
0.0,-15.3034375031,14.8172814715
0.0,-15.2897351368,14.8184058561
0.0,-15.2671445415,14.8240144176
0.0,-15.2310022587,14.8238399006
0.0,-15.2154812375,14.8284251686
0.0,-15.1828580053,14.8424394171
0.0,-15.1789412717,14.8450591611
0.0,-15.1723332747,14.8494784889
0.0,-15.1571832319,14.8632438257
0.0,-15.1458316673,14.8783347704
0.0,-15.1278377722,14.8916776301
0.0,-15.1081110545,14.9158418329
0.0,-15.0973755615,14.9249484703
0.0,-15.0851933461,14.9301231081
0.0,-15.0811717084,14.9318320934
0.0,-15.0627267233,14.9333741869
