247,0,3,30,20,251,0,249,176,555,1,3,161,8,7,73,0,16,1,1,0,0,4,4,1,0,0,0,0,
0.0,-15.1488368724,13.8653808226
0.0,-15.1567167608,13.8653190131
0.0,-15.182129273,13.8490979632
0.0,-15.2167914544,13.8378016853
0.0,-15.2253411281,13.8307692901
0.0,-15.2358525056,13.8221251849
0.0,-15.2496435631,13.8159501412
0.0,-15.2764808613,13.8167140308
0.0,-15.3082190814,13.8146455064
0.0,-15.3277932085,13.8173491697
0.0,-15.3485794535,13.8244521329
0.0,-15.3561840379,13.8270508948
0.0,-15.3696165131,13.828231541
0.0,-15.4060782685,13.8272320848
0.0,-15.4278639597,13.8298174927
