760,9,5,23,23,794,59,158,376,79,1,1,241,8,7,73,0,16,0,1,0,0,1,3,0,0,0,0,0,
0.0,-13.1728872759,13.6867598841
0.0,-13.162719202,13.6378478355
0.0,-13.170608946,13.6237677881
0.0,-13.170053907,13.6122750587
0.0,-13.1655039283,13.6012696575
0.0,-13.1543144719,13.5824918108
0.0,-13.1489634069,13.5680903745
0.0,-13.1478380718,13.5650605514
0.0,-13.1378769472,13.5531720484
0.0,-13.1313995937,13.5352811185
0.0,-13.1199640873,13.4820098249
0.0,-13.1156792306,13.4744500492
0.0,-13.1081213643,13.4692124697
0.0,-13.0911621815,13.4674128876
0.0,-13.0897774468,13.4672660212
0.0,-13.0815224449,13.4631804812
0.0,-13.0753750626,13.4579333653
0.0,-13.0717720826,13.446919381
0.0,-13.0718331169,13.4223136299
0.0,-13.0689587434,13.4145144817
0.0,-13.0562071683,13.405399263
0.0,-13.0438923767,13.3914517765
0.0,-13.0241169939,13.38537115
0.0,-13.0193839098,13.3805722607
0.0,-13.0187125236,13.3779496569
0.0,-13.018213354,13.3759979842
