532,4,10,9,30,658,107,141,232,46,2,0,297,8,7,73,0,16,0,1,0,0,1,3,0,0,0,0,0,
0.0,-13.5611433036,14.7003975505
0.0,-13.5505239283,14.72719883
0.0,-13.5368704465,14.7438864193
0.0,-13.5293868218,14.7679776323
0.0,-13.5211942257,14.8015344552
0.0,-13.5186658034,14.8227732049
0.0,-13.5151260116,14.8500801695
0.0,-13.5115862199,14.8622165976
0.0,-13.5045066363,14.8783985027
0.0,-13.4955533423,14.8962096366
0.0,-13.4852906247,14.9208760029
0.0,-13.4837735709,14.9314953773
0.0,-13.4850133421,14.9397639428
