515,9,5,4,31,593,89,89,309,376,1,1,713,8,7,73,0,16,1,1,0,0,4,4,1,0,0,0,0,
0.0,-12.6642070848,12.5830907377
0.0,-12.670056921,12.5840386906
0.0,-12.6711917935,12.5845727476
0.0,-12.6942468625,12.5954131627
0.0,-12.7167745502,12.6024245758
0.0,-12.7312856534,12.6002759471
0.0,-12.741359312,12.6004514228
0.0,-12.7547498483,12.607048941
0.0,-12.7714067186,12.6110972876
0.0,-12.7817502664,12.6172503941
0.0,-12.7829423591,12.6206941122
0.0,-12.7885718965,12.62459464
1.0,-12.5592153973,12.5778095896
1.0,-12.5681492227,12.5808686802
1.0,-12.6346632176,12.5796193646
1.0,-12.6642070848,12.5830907377
