755,0,3,21,4,720,50,21,280,110,1,1,974,8,3,32,4,13,0,1,0,0,1,3,0,0,0,0,0,
0.0,-15.9434609282,13.5942007148
0.0,-15.9371132903,13.5944000342
0.0,-15.9141574633,13.5993839402
0.0,-15.8957077342,13.6065899072
0.0,-15.8850065863,13.6132065018
0.0,-15.8713614546,13.6263109431
0.0,-15.845387261,13.6654888434
0.0,-15.8381285325,13.6764339675
1.0,-16.042494941,13.6086107135
1.0,-16.0304500719,13.6066165829
1.0,-16.0130760867,13.6080633106
1.0,-15.9974482719,13.6021200151
1.0,-15.9758085128,13.6017976783
1.0,-15.9528593605,13.5939060276
1.0,-15.9434609282,13.5942007148
