5,9,5,23,23,918,82,261,220,586,1,1,573,1,3,32,4,13,0,1,0,0,3,1,0,0,0,0,0,
0.0,-12.7508255433,14.552968932
0.0,-12.7769686081,14.5215463164
0.0,-12.7818352065,14.5070428367
0.0,-12.7864080728,14.4831189624
0.0,-12.7839237515,14.4620036599
1.0,-12.7839237515,14.4620036599
1.0,-12.7875133792,14.4483746999
1.0,-12.7885328569,14.4445018289
1.0,-12.8218084483,14.3714656332
1.0,-12.8229375984,14.3634156686
1.0,-12.8206039566,14.3291844828
2.0,-12.8206039566,14.3291844828
2.0,-12.8150077967,14.3009490473
2.0,-12.8064657384,14.2918042643
2.0,-12.8030620752,14.2834376799
2.0,-12.800960178,14.2782744869
2.0,-12.7954860884,14.2693423737
2.0,-12.7850652924,14.261127424
2.0,-12.7678390784,14.2577743054
2.0,-12.7626186669,14.2518271923
2.0,-12.7576958006,14.2166890627
2.0,-12.7497850736,14.193977309
2.0,-12.7419458732,14.1835746298
