12,9,5,23,23,1072,102,144,173,45,0,0,239,8,5,68,3,18,0,0,1,0,1,3,0,0,0,1,0,
0.0,-12.2147586636,14.4592961961
0.0,-12.2249982633,14.4836177515
0.0,-12.2300460607,14.5074968028
0.0,-12.2393148207,14.5244674366
0.0,-12.2451799166,14.5326928778
0.0,-12.2639930464,14.55907437
0.0,-12.2805946057,14.5794610651
0.0,-12.2955005328,14.5888251936
0.0,-12.3028524068,14.5972995429
0.0,-12.3152148849,14.6186189321
0.0,-12.3223283405,14.6261739395
0.0,-12.3263433079,14.6294088026
0.0,-12.3538310579,14.6515512127
0.0,-12.3763930799,14.6721820485
