317,9,5,16,8,419,70,299,234,102,1,1,708,8,7,73,0,16,0,1,0,0,1,3,0,0,0,0,0,
0.0,-14.1853072953,14.1288479454
0.0,-14.1689975741,14.1477488184
0.0,-14.1549089571,14.1731814062
0.0,-14.1453722234,14.1843136468
0.0,-14.1296747589,14.1925200161
0.0,-14.1222218011,14.2004126254
0.0,-14.1176203273,14.2105740254
0.0,-14.1142748422,14.2294148157
0.0,-14.1114061929,14.2455748276
0.0,-14.1044853855,14.2592066484
0.0,-14.0883730727,14.2731608123
0.0,-14.0795973705,14.2897986152
0.0,-14.0615367044,14.3419235943
