142,9,5,16,8,466,70,228,86,265,1,1,738,8,7,73,0,16,0,1,0,0,1,3,0,0,0,0,0,
0.0,-14.3020063886,13.9446180838
0.0,-14.2985168995,13.9606207396
0.0,-14.2952953913,13.9670933275
0.0,-14.2572609933,14.0173910677
0.0,-14.2556902932,14.0240744172
0.0,-14.2557608675,14.0507410591
0.0,-14.2543828103,14.0573824471
0.0,-14.2537524323,14.0604170384
0.0,-14.2453753654,14.0692413876
0.0,-14.2277829547,14.0963266936
0.0,-14.2173125746,14.1077021217
0.0,-14.1932275534,14.1235884305
0.0,-14.19114187,14.1265982275
0.0,-14.1853072953,14.1288479454
