754,9,5,16,8,199,86,341,215,527,1,1,443,8,7,73,0,16,0,1,0,0,1,3,0,0,0,0,0,
0.0,-14.0193638288,13.6177669125
0.0,-14.0821951288,13.6398714746
0.0,-14.1026457036,13.647766942
0.0,-14.129191206,13.6580132173
0.0,-14.1400087235,13.6579016366
0.0,-14.1519162904,13.6535767224
1.0,-13.8685703412,13.5615033038
1.0,-13.8803720525,13.564364326
1.0,-13.8869514466,13.5640715472
1.0,-13.8984069737,13.5577553613
1.0,-13.9040527214,13.5581597189
1.0,-13.9138107098,13.5697945448
1.0,-13.9499635228,13.5876101322
1.0,-13.9729146311,13.6014136129
1.0,-13.9812592748,13.6043518823
1.0,-14.0193638288,13.6177669125
