188,4,10,26,24,773,0,146,97,121,1,3,932,8,7,73,0,16,1,1,0,0,4,4,1,0,0,0,0,
0.0,-14.7372124572,15.5758560347
0.0,-14.694758745,15.5896928991
0.0,-14.68740211,15.5886352757
0.0,-14.6664184386,15.5781028982
0.0,-14.6339544485,15.558982685
0.0,-14.6187328701,15.5541151324
0.0,-14.5990366564,15.5511368099
0.0,-14.5685458148,15.5374945012
0.0,-14.560249811,15.5369041781
0.0,-14.5512919584,15.5402229651
0.0,-14.5308757223,15.5551536929
0.0,-14.4991842058,15.5657518783
0.0,-14.4846454565,15.5706118038
0.0,-14.4084765247,15.6178473003
0.0,-14.4056699501,15.6183182645
