335,9,5,23,23,652,63,144,220,466,1,1,818,8,4,13,1,52,0,1,0,0,0,2,0,0,0,0,0,
0.0,-12.4407269725,14.3200978868
0.0,-12.4511964065,14.3328837981
0.0,-12.455733988,14.3450440988
0.0,-12.456292842,14.3631972889
0.0,-12.4514195679,14.3793058021
0.0,-12.4562394375,14.4008864983
0.0,-12.4575001944,14.4176568613
0.0,-12.4535825021,14.4367475137
0.0,-12.451774336,14.4400138486
0.0,-12.4451644216,14.4519519439
0.0,-12.445442894,14.4609126672
0.0,-12.4524018551,14.4854697811
0.0,-12.4515063551,14.4955834973
0.0,-12.4444968504,14.5096320738
0.0,-12.4467313095,14.5328302016
0.0,-12.4466645537,14.5620793925
0.0,-12.4466559706,14.5661487212
0.0,-12.4403436023,14.5785836811
0.0,-12.4321286535,14.5878095263
0.0,-12.4238898628,14.5922107337
0.0,-12.4083382997,14.5973329185
0.0,-12.4001176294,14.6056394219
0.0,-12.3936870056,14.6442651394
0.0,-12.3828828323,14.6617068894
0.0,-12.3763930799,14.6721820485
