50,5,0,2,11,913,123,96,140,316,1,1,295,8,7,73,0,16,0,1,0,0,1,3,0,0,0,0,0,
0.0,-15.0627267233,14.9333741869
0.0,-15.0617062941,14.9419744224
0.0,-15.0654342024,14.9545581544
0.0,-15.0693118371,14.9611671173
0.0,-15.0887438758,14.9808862385
0.0,-15.0981728401,14.9952294995
0.0,-15.1003844079,14.9999997778
0.0,-15.1203896061,15.0431602142
0.0,-15.122525835,15.0596683169
0.0,-15.1207071828,15.0805947931
0.0,-15.1222816978,15.0911395697
0.0,-15.1379019097,15.1398437157
0.0,-15.1390730203,15.1502711901
