410,9,5,23,23,342,115,195,367,619,1,1,1019,8,7,73,0,16,1,1,0,0,4,4,1,0,0,0,0,
0.0,-13.180036046,14.4116792026
0.0,-13.1586174832,14.416229184
0.0,-13.1266617782,14.4323043197
0.0,-13.1034159765,14.4464778292
0.0,-13.0618539132,14.461568773
0.0,-13.0537762954,14.4645003685
0.0,-13.0424952862,14.4703187356
0.0,-13.0300679616,14.4809693714
0.0,-13.0118070137,14.501077595
0.0,-13.0043292563,14.5114659695
0.0,-12.9904962158,14.5239610113
0.0,-12.9759393371,14.5343932548
0.0,-12.9629941666,14.5401544016
0.0,-12.9597078056,14.5416173387
0.0,-12.9526363133,14.5425805503
0.0,-12.950572514,14.5541869297
