73,4,10,9,30,404,102,234,162,68,0,0,1123,8,5,61,3,68,0,0,1,0,2,0,0,0,0,1,0,
0.0,-12.9204546042,15.1037587593
0.0,-12.9178539348,15.1037749722
0.0,-12.8978868616,15.0873584233
0.0,-12.8658396002,15.0668773146
0.0,-12.8573128007,15.0644006231
0.0,-12.8263594027,15.066875409
0.0,-12.8166748439,15.0680779923
0.0,-12.8040996977,15.0717181673
0.0,-12.7826916236,15.0779141903
0.0,-12.7725206899,15.0770520696
0.0,-12.7552124595,15.0686482919
0.0,-12.7416750559,15.0581569208
0.0,-12.7367853853,15.0559893604
