7,9,12,45,105,
0.0,-17.299867441,14.8168491198
0.0,-17.2986666576,14.8128782517
0.0,-17.2964196275,14.8095061349
0.0,-17.2951048326,14.8089036831
0.0,-17.2947101701,14.8075928279
0.0,-17.2947101988,14.8075928177
0.0,-17.2956440047,14.8072672513
0.0,-17.2959986243,14.8070933781
0.0,-17.2959986004,14.8070933178
0.0,-17.2959985775,14.8070932575
0.0,-17.2958849798,14.8068016722
0.0,-17.2957237454,14.8063656984
0.0,-17.2948037738,14.8038780783
0.0,-17.2945958198,14.8032636295
0.0,-17.2942389036,14.8022090256
0.0,-17.2941162974,14.8018467505
0.0,-17.2935801864,14.8002626395
0.0,-17.2931505893,14.7991314149
0.0,-17.2930771354,14.7991560508
0.0,-17.2924483223,14.7994085325
0.0,-17.2914271685,14.7997366296
0.0,-17.2912981838,14.7996207763
0.0,-17.2907727683,14.7991909233
0.0,-17.2903418934,14.7988724848
0.0,-17.2900294902,14.7986046623
0.0,-17.2892255061,14.7978524615
0.0,-17.2886185927,14.7975988967
0.0,-17.2882013358,14.7974245675
0.0,-17.2882013798,14.7974245146
0.0,-17.2882014238,14.7974244609
0.0,-17.2891258816,14.7963010233
0.0,-17.2891545438,14.7962477931
0.0,-17.2905226314,14.7937070229
0.0,-17.2907888158,14.7932126668
0.0,-17.2909875473,14.7931648921
0.0,-17.2925023194,14.7937522465
0.0,-17.2927592532,14.7938859505
0.0,-17.29289022,14.7941906361
0.0,-17.2931637791,14.7945034639
0.0,-17.293224704,14.7946151328
0.0,-17.2932682056,14.794579054
0.0,-17.293337453,14.7945643001
0.0,-17.2933895917,14.7945470358
0.0,-17.2936090139,14.7944779181
0.0,-17.2937175309,14.7944232902
0.0,-17.2938795895,14.7943198407
0.0,-17.2939428874,14.7942642289
0.0,-17.2940486465,14.794185512
0.0,-17.2941474072,14.7941120029
0.0,-17.2942368197,14.7940541551
0.0,-17.2943905621,14.7939396
0.0,-17.294442022,14.7939012572
0.0,-17.2945192087,14.7938437442
0.0,-17.2945803801,14.7932092176
0.0,-17.2948999788,14.7932268817
0.0,-17.2948999827,14.7932268102
0.0,-17.2949837288,14.7921384175
0.0,-17.29495441,14.7920772846
0.0,-17.2949544235,14.792077242
0.0,-17.2949544369,14.7920772003
0.0,-17.2949956789,14.7919471233
0.0,-17.2950780449,14.7916873464
0.0,-17.2950950513,14.7916337095
0.0,-17.2951373141,14.7915004131
0.0,-17.2951779519,14.7913722439
0.0,-17.2954811511,14.7910460264
0.0,-17.2961781837,14.7903209712
0.0,-17.2965699529,14.7900063009
0.0,-17.2966331435,14.7896604798
0.0,-17.2966454272,14.7895146874
0.0,-17.2966552307,14.7893983874
0.0,-17.2966650822,14.789281525
0.0,-17.2966794445,14.7891111537
0.0,-17.2966794503,14.7891110823
0.0,-17.2966794551,14.7891110109
0.0,-17.2966871893,14.7890068484
0.0,-17.2959309229,14.7888642567
0.0,-17.2955015849,14.7882230896
0.0,-17.2953450727,14.7880123684
0.0,-17.2951581212,14.7879112578
0.0,-17.2947391854,14.7876846813
0.0,-17.2942451557,14.7874333324
0.0,-17.2942451773,14.7874332725
0.0,-17.294245199,14.7874332118
0.0,-17.2943777059,14.7870637828
0.0,-17.2944860569,14.7867616976
0.0,-17.2944868293,14.7867594709
0.0,-17.2944876017,14.7867572433
0.0,-17.2946108884,14.786401736
0.0,-17.2946119438,14.7863986934
0.0,-17.2935601031,14.7863479698
0.0,-17.2918539425,14.7863779149
0.0,-17.2916934288,14.7863808029
0.0,-17.2916934272,14.7863807307
0.0,-17.2916934264,14.7863806593
0.0,-17.2916849208,14.7859566885
0.0,-17.2916805437,14.7857384755
0.0,-17.2916708771,14.7839396952
0.0,-17.2916619065,14.7827923281
0.0,-17.2916630887,14.7814416657
0.0,-17.2916613594,14.7803988128
0.0,-17.2916872944,14.7798926825
0.0,-17.2923883031,14.7799693863
0.0,-17.2925957704,14.7776993073
0.0,-17.2935840777,14.7775073221
0.0,-17.2945766658,14.7772763294
0.0,-17.2959067073,14.7774995588
0.0,-17.2962962474,14.7774538483
0.0,-17.296788267,14.7781003696
0.0,-17.2969275492,14.7782035682
0.0,-17.2971416815,14.7781237449
0.0,-17.2972911952,14.7777397714
0.0,-17.2974471958,14.7773886046
0.0,-17.2975856998,14.7770657416
0.0,-17.2973618199,14.7768873874
0.0,-17.2970266145,14.7766203447
0.0,-17.2963265886,14.7760751001
0.0,-17.2957185822,14.7755891795
0.0,-17.2954457758,14.7753554696
0.0,-17.2951553363,14.7750236847
0.0,-17.2947690507,14.774548464
0.0,-17.2937979238,14.7734291894
0.0,-17.2933412233,14.772929266
0.0,-17.2928870652,14.7724990668
0.0,-17.2928529112,14.7721655612
0.0,-17.2925991499,14.7711444239
0.0,-17.292601167,14.7711355106
0.0,-17.2927325678,14.7705550512
0.0,-17.2936979101,14.7710990521
0.0,-17.2938208108,14.771077098
0.0,-17.2944528024,14.7708975026
0.0,-17.2949757889,14.770726512
0.0,-17.2955776765,14.770529723
0.0,-17.2957724579,14.7704660386
0.0,-17.2964628918,14.7697730889
0.0,-17.2970100429,14.7690050673
0.0,-17.2976875638,14.7684867517
0.0,-17.2978802508,14.7681347883
0.0,-17.2979052889,14.7675886138
0.0,-17.2978898635,14.7673609821
0.0,-17.2978273554,14.7666316305
0.0,-17.2977666886,14.7663775933
0.0,-17.297685078,14.7660924986
0.0,-17.2975684831,14.7656576266
0.0,-17.2982005529,14.7654906934
0.0,-17.2983907795,14.7654515078
0.0,-17.2988318533,14.7654375544
0.0,-17.2994387539,14.765213496
0.0,-17.2997267141,14.7651236127
0.0,-17.2999329926,14.765115821
0.0,-17.3000535805,14.7651596893
0.0,-17.3002885145,14.7650842069
0.0,-17.3005239565,14.765229809
0.0,-17.300856951,14.7654975764
0.0,-17.3014010558,14.7657962287
0.0,-17.3019234256,14.7659903911
0.0,-17.3026116523,14.7662574823
0.0,-17.3029227486,14.7664049826
0.0,-17.3035608542,14.7665321014
0.0,-17.3037752942,14.7664607907
0.0,-17.3042563161,14.7660880905
0.0,-17.3049115369,14.7656010565
0.0,-17.3055596732,14.765141344
0.0,-17.3058129847,14.7649810409
0.0,-17.3050256074,14.7645844274
0.0,-17.3038946999,14.7633153989
0.0,-17.3035698656,14.7630293869
0.0,-17.3031059649,14.7626013295
0.0,-17.3018415669,14.7613007557
0.0,-17.2998116583,14.7601099372
0.0,-17.2992157175,14.7598866194
0.0,-17.2985747825,14.7596759378
0.0,-17.2977564054,14.7593625741
0.0,-17.2948133169,14.7584200801
0.0,-17.2939874588,14.7581020696
0.0,-17.2939542106,14.7580235941
0.0,-17.2944238053,14.7567673096
0.0,-17.2945817498,14.7563677163
0.0,-17.2947453023,14.7559408167
0.0,-17.2949361723,14.7554483835
0.0,-17.2950739702,14.7550956058
0.0,-17.295168487,14.7548321865
0.0,-17.2952444129,14.7546153126
0.0,-17.295340539,14.7543647857
0.0,-17.2954383864,14.754067627
0.0,-17.2955559112,14.7537494751
0.0,-17.2956587732,14.7534386399
0.0,-17.2957654475,14.7531399588
0.0,-17.295855196,14.752843597
0.0,-17.2959560728,14.7525308697
0.0,-17.2963243683,14.7516704442
0.0,-17.2965803981,14.7515333328
0.0,-17.296524125,14.7516792589
0.0,-17.2964922017,14.75176204
0.0,-17.2969094262,14.7519897423
0.0,-17.2969704347,14.7518651875
0.0,-17.2970845098,14.7516322909
0.0,-17.2973708423,14.7517633144
0.0,-17.2975654744,14.7518592725
0.0,-17.2976545906,14.7519032094
0.0,-17.297702887,14.7519270208
0.0,-17.2983849425,14.7522632894
0.0,-17.2985837705,14.7523613163
0.0,-17.2991178014,14.7526363397
0.0,-17.2994099967,14.7527868186
0.0,-17.299632985,14.7529016549
0.0,-17.2994575032,14.7532208628
0.0,-17.2995928624,14.7532858583
0.0,-17.2995695167,14.7533437532
0.0,-17.2995258323,14.7535697939
0.0,-17.2998532224,14.7537503075
0.0,-17.3001866432,14.7539203016
0.0,-17.3006564171,14.7542084638
0.0,-17.3010886884,14.7544342474
0.0,-17.3025233594,14.7550803372
0.0,-17.302748471,14.7551707263
0.0,-17.3030350857,14.7552694675
0.0,-17.3034940187,14.7554023468
0.0,-17.3039000015,14.7554640386
0.0,-17.3041859876,14.7555030207
0.0,-17.3044414263,14.7555572482
0.0,-17.3048821277,14.7557082355
0.0,-17.3050638471,14.7557602098
0.0,-17.3051872291,14.7558127651
0.0,-17.3053042811,14.7558474554
0.0,-17.3055295527,14.7559527802
0.0,-17.3059737663,14.7561455649
0.0,-17.3059970871,14.7561546906
0.0,-17.306673704,14.7564194634
0.0,-17.3073450965,14.7566069881
0.0,-17.3075238891,14.7566375214
0.0,-17.3075844476,14.7566422084
0.0,-17.3079650811,14.7567711357
0.0,-17.3091893924,14.7571770472
0.0,-17.3094967143,14.7572792761
0.0,-17.3096587903,14.7573386365
0.0,-17.3100009631,14.7574639566
0.0,-17.3107187924,14.7577080188
0.0,-17.3104735974,14.7586428405
0.0,-17.3104113675,14.7588800962
0.0,-17.3104149022,14.7592147328
0.0,-17.3100687135,14.7599305672
0.0,-17.3100810503,14.7602612904
0.0,-17.3096583952,14.7621109908
0.0,-17.3095833254,14.7624464126
0.0,-17.310138805,14.7629380834
0.0,-17.3101997781,14.7631287141
0.0,-17.3118447627,14.7644318124
0.0,-17.3121167435,14.7641326665
0.0,-17.3131222729,14.7653656588
0.0,-17.3134987823,14.7656583093
0.0,-17.3137259852,14.7657707767
0.0,-17.3138145167,14.7657794522
0.0,-17.314222731,14.766282147
0.0,-17.3143712402,14.7665983229
0.0,-17.3159321857,14.768100911
0.0,-17.3169314714,14.7687411009
0.0,-17.3178474015,14.7698602205
0.0,-17.3180435569,14.7699711377
0.0,-17.3183450191,14.7702168464
0.0,-17.3186345906,14.7704528621
0.0,-17.3189909724,14.770527941
0.0,-17.3193272013,14.7705321866
0.0,-17.3196341639,14.7705360617
0.0,-17.3200660586,14.7705415141
0.0,-17.3206650793,14.7705394978
0.0,-17.3237199779,14.7704227068
0.0,-17.3258132674,14.7704398731
0.0,-17.3269918466,14.7703801851
0.0,-17.3280519039,14.770264315
0.0,-17.3284727795,14.7701070789
0.0,-17.3288033896,14.7697786384
0.0,-17.3297619244,14.7693578042
0.0,-17.3301820832,14.7691336395
0.0,-17.3304277244,14.7691311599
0.0,-17.3308283333,14.7689167532
0.0,-17.3313640516,14.7684714962
0.0,-17.3324332383,14.7673706389
0.0,-17.3335126485,14.7663079238
0.0,-17.3337938113,14.7659512911
0.0,-17.3344809049,14.7649594708
0.0,-17.3350989091,14.7639396614
0.0,-17.3367387243,14.7638274554
0.0,-17.3379966764,14.7638434083
0.0,-17.3403057354,14.7638295801
0.0,-17.3413569428,14.7638093627
0.0,-17.3416054986,14.7637876842
0.0,-17.3427215366,14.7636903426
0.0,-17.342803894,14.7636865148
0.0,-17.3428406709,14.7636284482
0.0,-17.3433393127,14.7635918817
0.0,-17.3434531082,14.7635855328
0.0,-17.3443047249,14.7636135901
0.0,-17.3447763854,14.7633603711
0.0,-17.3449582472,14.7634238361
0.0,-17.34524435,14.7635551179
0.0,-17.3452998645,14.7635828339
0.0,-17.3453707019,14.7636181985
0.0,-17.3454320562,14.7636488294
0.0,-17.3454555187,14.7636573015
0.0,-17.3454789811,14.7636657727
0.0,-17.3458956906,14.7638162333
0.0,-17.3464481131,14.7640161998
0.0,-17.3468297557,14.764127158
0.0,-17.3468417691,14.764131911
0.0,-17.3469913736,14.764191106
0.0,-17.3476976995,14.764470582
0.0,-17.3477070379,14.7644742763
0.0,-17.3477163753,14.7644779714
0.0,-17.3477476082,14.7644903287
0.0,-17.3477536174,14.7644923294
0.0,-17.3477596276,14.76449433
0.0,-17.3483617165,14.7646947595
0.0,-17.3486537953,14.7647927523
0.0,-17.348928778,14.764885009
0.0,-17.3493477415,14.7650098308
0.0,-17.3493597497,14.7650129647
0.0,-17.3493717579,14.7650160977
0.0,-17.3496827786,14.7650972589
0.0,-17.3497976585,14.7651193309
0.0,-17.3501151961,14.7651803381
0.0,-17.3503134371,14.7652184256
0.0,-17.3503917432,14.7652334701
0.0,-17.3510526779,14.7652916019
0.0,-17.3513531461,14.7652913422
0.0,-17.3516018678,14.7652911257
0.0,-17.3519117244,14.7652635688
0.0,-17.3525832113,14.7652038497
0.0,-17.3527553652,14.7651885381
0.0,-17.3533894234,14.765119315
0.0,-17.3536730539,14.7650883486
0.0,-17.3548770685,14.7649663495
0.0,-17.3548834244,14.7649657056
0.0,-17.3548897803,14.7649650607
0.0,-17.3551426841,14.7649394338
0.0,-17.3560672163,14.7648457479
0.0,-17.3562047211,14.7648271301
0.0,-17.3567736828,14.7647500922
0.0,-17.3578353316,14.7646093774
0.0,-17.3579070045,14.7645998773
0.0,-17.3581133794,14.7645580443
0.0,-17.3589196716,14.7644682797
0.0,-17.3590343947,14.7644555071
0.0,-17.3603474101,14.7643093229
0.0,-17.3607986071,14.7642550566
0.0,-17.3612593962,14.7641996353
0.0,-17.3612606415,14.7641994853
0.0,-17.3612618869,14.7641993361
0.0,-17.3616832791,14.7641486526
0.0,-17.3624052096,14.7640628072
0.0,-17.3627299037,14.7640241966
0.0,-17.3627424599,14.764022703
0.0,-17.3627550152,14.7640212103
0.0,-17.3635638223,14.7639250303
0.0,-17.3636740716,14.7639135933
0.0,-17.3639461685,14.7638853663
0.0,-17.3644540893,14.7638326736
0.0,-17.3652127561,14.763754684
0.0,-17.3658701887,14.7636709072
0.0,-17.3661982655,14.7636283805
0.0,-17.3663732705,14.7635743587
0.0,-17.3665756931,14.7635118723
0.0,-17.3667350435,14.7634783007
0.0,-17.3670118723,14.7634199779
0.0,-17.3670251542,14.7634171802
0.0,-17.3670384362,14.7634143815
0.0,-17.3674774728,14.763273192
0.0,-17.3676198519,14.7632274047
0.0,-17.3680832084,14.7630591942
0.0,-17.3682853527,14.7629767716
0.0,-17.3687408482,14.7627910464
0.0,-17.3687484826,14.7627879334
0.0,-17.3687561161,14.7627848204
0.0,-17.3689447039,14.7630934148
0.0,-17.3690730217,14.7633148025
0.0,-17.3691350733,14.7634318557
0.0,-17.3693513276,14.7637587871
0.0,-17.3693916772,14.7638565246
0.0,-17.3694903767,14.7640956021
0.0,-17.3696065408,14.7643466771
0.0,-17.3698782506,14.764781224
0.0,-17.3705894052,14.7641189862
0.0,-17.370707152,14.7641034349
0.0,-17.3712149082,14.7642607698
0.0,-17.3720674788,14.7645006165
0.0,-17.3722658298,14.7645473442
0.0,-17.372271514,14.7645463353
0.0,-17.3722733976,14.76456522
0.0,-17.3723091485,14.7649236295
0.0,-17.3723365138,14.7651815128
0.0,-17.3723142835,14.7653968773
0.0,-17.3722276725,14.7655650974
0.0,-17.3720823696,14.7657578226
0.0,-17.3719506123,14.7658404517
0.0,-17.3719437234,14.766113389
0.0,-17.3718989621,14.7669698319
0.0,-17.3718402871,14.7683515219
0.0,-17.3717890131,14.7690596118
0.0,-17.371831929,14.7691295722
0.0,-17.3718856418,14.7691745883
0.0,-17.3717114062,14.7694066865
0.0,-17.3716401892,14.7695221579
0.0,-17.371571312,14.7696268487
0.0,-17.3714881885,14.7697771038
0.0,-17.37136624,14.770030111
0.0,-17.3712687476,14.7702669399
0.0,-17.3712009711,14.7704732119
0.0,-17.371151009,14.7706231262
0.0,-17.3710734851,14.7708366691
0.0,-17.3709390406,14.7711249006
0.0,-17.370847449,14.7712871944
0.0,-17.3707236685,14.7715394596
0.0,-17.3706659085,14.7716500125
0.0,-17.3705925191,14.7717918005
0.0,-17.3705104198,14.7719426096
0.0,-17.3703890006,14.7721667961
0.0,-17.3703001252,14.7723139506
0.0,-17.3700816022,14.7726780752
0.0,-17.3699173171,14.7729331457
0.0,-17.3696882244,14.7732454331
0.0,-17.3696844918,14.7732414049
0.0,-17.3696101431,14.7731945784
0.0,-17.3695404044,14.7731974844
0.0,-17.3685448722,14.7740781326
0.0,-17.3682497234,14.7743367138
0.0,-17.3679267558,14.7739958188
0.0,-17.367495013,14.7735172787
0.0,-17.3672797864,14.773531611
0.0,-17.366990675,14.7737310041
0.0,-17.366637141,14.7740249765
0.0,-17.3665779648,14.774118269
0.0,-17.3665769354,14.7741357824
0.0,-17.3665767543,14.7741440952
0.0,-17.3665695874,14.7744735559
0.0,-17.3666413791,14.7745474079
0.0,-17.3663488456,14.7748145594
0.0,-17.3662584266,14.7749044147
0.0,-17.3662338631,14.7750139985
0.0,-17.3658567508,14.7748995391
0.0,-17.3655946156,14.7748648699
0.0,-17.3653143902,14.775679343
0.0,-17.3650729738,14.7763013973
0.0,-17.3648526949,14.777005715
0.0,-17.3647056941,14.7779506427
0.0,-17.3647366093,14.7783137911
0.0,-17.3650218608,14.7784862002
0.0,-17.3649341747,14.7796906556
0.0,-17.3653577032,14.7800944595
0.0,-17.3649099653,14.7805017906
0.0,-17.3657322132,14.7810238077
0.0,-17.3657956184,14.7810849319
0.0,-17.3654301363,14.7816365594
0.0,-17.3653965975,14.7816859399
0.0,-17.364134671,14.783545905
0.0,-17.3639542154,14.783810245
0.0,-17.3629610575,14.7853561486
0.0,-17.3626869105,14.7857902806
0.0,-17.3625276513,14.7860710039
0.0,-17.3624467149,14.786310876
0.0,-17.3622658314,14.7866618422
0.0,-17.3622370349,14.7867177148
0.0,-17.3621492613,14.7868880204
0.0,-17.3621098331,14.7869645233
0.0,-17.3621685937,14.7873832122
0.0,-17.362198994,14.7874847233
0.0,-17.3621873957,14.7877768508
0.0,-17.3621758264,14.7880682254
0.0,-17.3622522134,14.788316047
0.0,-17.3623804257,14.7886142896
0.0,-17.362596384,14.7891166394
0.0,-17.3627802795,14.7895458006
0.0,-17.36200402,14.789915041
0.0,-17.3614194564,14.7901891448
0.0,-17.3609646977,14.7904467406
0.0,-17.3606323749,14.7907319813
0.0,-17.3602824467,14.7913036023
0.0,-17.3597046043,14.7921998639
0.0,-17.3594023022,14.7926127199
0.0,-17.359198613,14.7930093899
0.0,-17.3591598808,14.7931172864
0.0,-17.3592600663,14.793403347
0.0,-17.3596526549,14.7932631523
0.0,-17.3618477283,14.7981226359
0.0,-17.3546174722,14.8015946021
0.0,-17.3546146629,14.8015891603
0.0,-17.3545688714,14.8016247868
0.0,-17.3545026131,14.8016763375
0.0,-17.3544022744,14.8017132199
0.0,-17.3543453393,14.8017323328
0.0,-17.3543361745,14.8017354088
0.0,-17.3542628596,14.8017720149
0.0,-17.3541896995,14.8018229612
0.0,-17.3541383399,14.8018450003
0.0,-17.3540871361,14.8018813805
0.0,-17.3540211908,14.8019179103
0.0,-17.3539626936,14.8019615358
0.0,-17.3539039642,14.8019836503
0.0,-17.3538377867,14.801998669
0.0,-17.3537643943,14.8020281041
0.0,-17.3537054327,14.8020287065
0.0,-17.353646471,14.8020293088
0.0,-17.3535655531,14.8020444781
0.0,-17.3534844803,14.8020453063
0.0,-17.3534183811,14.802067495
0.0,-17.3533373857,14.8020754941
0.0,-17.3532785788,14.8020904375
0.0,-17.3532048767,14.8020911903
0.0,-17.3531315606,14.8021277961
0.0,-17.353072831,14.8021499094
0.0,-17.3530141788,14.8021791937
0.0,-17.3529260457,14.8022087791
0.0,-17.3528821339,14.8022379128
0.0,-17.3528382221,14.8022670465
0.0,-17.3527795698,14.8022963307
0.0,-17.3509070902,14.8029584755
0.0,-17.3508263004,14.8029855946
0.0,-17.3507749152,14.8030052427
0.0,-17.3507235549,14.8030272812
0.0,-17.3506721955,14.8030493188
0.0,-17.3506135932,14.8030833832
0.0,-17.3505255624,14.8031225281
0.0,-17.3504522205,14.8031567429
0.0,-17.3503788528,14.8031885673
0.0,-17.3503274924,14.8032106048
0.0,-17.3502688395,14.8032398885
0.0,-17.3501879216,14.8032550575
0.0,-17.3501218206,14.8032772454
0.0,-17.3500630903,14.8032993589
0.0,-17.3499898513,14.803343134
0.0,-17.3487568179,14.8038361881
0.0,-17.3486871093,14.8038655841
0.0,-17.3485917584,14.8039095842
0.0,-17.3485024211,14.8039415709
0.0,-17.3484193281,14.8039830563
0.0,-17.3483605974,14.8040051686
0.0,-17.3482799097,14.8040418482
0.0,-17.3482138864,14.8040712065
0.0,-17.3481625255,14.8040932436
0.0,-17.3481037175,14.8041081857
0.0,-17.3480523565,14.8041302237
0.0,-17.3479936257,14.8041523359
0.0,-17.3479347405,14.8041601079
0.0,-17.3478613463,14.8041895413
0.0,-17.3477729798,14.8041976137
0.0,-17.3477143261,14.8042268968
0.0,-17.3476115278,14.8042638007
0.0,-17.3475306083,14.804278968
0.0,-17.3474645066,14.8043011561
0.0,-17.3473983286,14.8043161731
0.0,-17.3472733416,14.8043461321
0.0,-17.3472145334,14.804361074
0.0,-17.3471557253,14.8043760159
0.0,-17.3459212631,14.8047375964
0.0,-17.345858795,14.8047549659
0.0,-17.3457790264,14.80476295
0.0,-17.345704326,14.8047852243
0.0,-17.3456419093,14.8048073744
0.0,-17.3455093202,14.8048158954
0.0,-17.3454504346,14.8048236668
0.0,-17.3453768855,14.8048387584
0.0,-17.3452481737,14.8048651684
0.0,-17.345141558,14.8048899195
0.0,-17.3450607305,14.8049136907
0.0,-17.3449944493,14.8049191466
0.0,-17.3449283727,14.8049437235
0.0,-17.3448313559,14.8049471017
0.0,-17.3447370264,14.8049719661
0.0,-17.3439692181,14.8050629809
0.0,-17.3432902415,14.8053183047
0.0,-17.3421491979,14.805714832
0.0,-17.3401562178,14.8064074009
0.0,-17.339203656,14.8067384276
0.0,-17.3379068719,14.8071854166
0.0,-17.3374769429,14.8073060158
0.0,-17.3373758503,14.8074051715
0.0,-17.3372843598,14.8074658615
0.0,-17.3372079037,14.8074965182
0.0,-17.3371316087,14.8075421132
0.0,-17.3370396376,14.8075579874
0.0,-17.3369735257,14.807598499
0.0,-17.3369174366,14.807618989
0.0,-17.3368560158,14.8076196122
0.0,-17.3367949152,14.8076501121
0.0,-17.3367334943,14.8076507353
0.0,-17.3366573593,14.8077112693
0.0,-17.3365805827,14.8077120483
0.0,-17.3365348377,14.8077423932
0.0,-17.3364890919,14.8077727381
0.0,-17.336381926,14.8078037061
0.0,-17.3363053095,14.8078194242
0.0,-17.3361752705,14.8078655642
0.0,-17.3360754617,14.8078665766
0.0,-17.3360453916,14.8079266432
0.0,-17.3359839707,14.8079272662
0.0,-17.3359225497,14.8079278892
0.0,-17.335861769,14.8079882674
0.0,-17.3357315698,14.8080194687
0.0,-17.3356627915,14.8080500471
0.0,-17.3355861749,14.808065765
0.0,-17.3355097192,14.8080964211
0.0,-17.3354177476,14.8081122938
0.0,-17.3353720015,14.8081426385
0.0,-17.3353105804,14.8081432614
0.0,-17.3352648352,14.8081736061
0.0,-17.3352034141,14.8081742289
0.0,-17.3351424732,14.8082196685
0.0,-17.3350505015,14.808235541
0.0,-17.3349890804,14.8082361638
0.0,-17.3348974289,14.8082819147
0.0,-17.3347901024,14.8082979428
0.0,-17.3346979707,14.8082988768
0.0,-17.3346365495,14.8082994995
0.0,-17.3345751284,14.8083001222
0.0,-17.3344833167,14.8083309337
0.0,-17.3344218955,14.8083315563
0.0,-17.3343300837,14.8083623678
0.0,-17.3342686626,14.8083629904
0.0,-17.3342072414,14.808363613
0.0,-17.3341461402,14.8083941131
0.0,-17.334084719,14.8083947356
0.0,-17.3339925872,14.8083956694
0.0,-17.333931166,14.8083962919
0.0,-17.3337475422,14.8084579145
0.0,-17.3336554103,14.8084588481
0.0,-17.3335632785,14.8084597817
0.0,-17.3334714665,14.8084905929
0.0,-17.3333796545,14.808521404
0.0,-17.333318554,14.8085519039
0.0,-17.3332571327,14.8085525262
0.0,-17.3331502846,14.8086133705
0.0,-17.333012407,14.8086446482
0.0,-17.3328751679,14.8087356811
0.0,-17.3327987115,14.8087663365
0.0,-17.3327372901,14.8087669587
0.0,-17.3326761885,14.8087974585
0.0,-17.3325840565,14.8087983917
0.0,-17.3324768883,14.808829358
0.0,-17.3323700408,14.808890202
0.0,-17.3323086194,14.808890824
0.0,-17.3322475177,14.8089213237
0.0,-17.3321553855,14.8089222568
0.0,-17.3320632534,14.8089231898
0.0,-17.332001832,14.8089238118
0.0,-17.3319100195,14.8089546224
0.0,-17.3317571051,14.8090159326
0.0,-17.3316804886,14.8090316483
0.0,-17.3315888358,14.8090773981
0.0,-17.3315330652,14.8091277636
0.0,-17.3314823074,14.8091681193
0.0,-17.331411181,14.8092186403
0.0,-17.3313297123,14.8092593069
0.0,-17.3312537338,14.8093347779
0.0,-17.3310856238,14.8094111824
0.0,-17.3309327089,14.8094724911
0.0,-17.3308716067,14.8095029905
0.0,-17.3308105046,14.8095334899
0.0,-17.330749083,14.8095341116
0.0,-17.3307188514,14.8095792394
0.0,-17.3306534216,14.8096162569
0.0,-17.3305597469,14.8096600427
0.0,-17.3304832898,14.8096906974
0.0,-17.3304221875,14.8097211967
0.0,-17.3303610852,14.8097516959
0.0,-17.3302847868,14.8097972899
0.0,-17.3302083295,14.8098279445
0.0,-17.3301627428,14.8098732267
0.0,-17.3301169954,14.8099035706
0.0,-17.3300555736,14.8099041921
0.0,-17.3299944712,14.8099346913
0.0,-17.3299176944,14.8099354681
0.0,-17.3298260408,14.8099812173
0.0,-17.3297187118,14.8099972432
0.0,-17.3296886397,14.8100573093
0.0,-17.3296428931,14.810087653
0.0,-17.3295510797,14.8101184628
0.0,-17.3294746212,14.8101491172
0.0,-17.329413838,14.810209494
0.0,-17.3293217051,14.810210426
0.0,-17.3292602842,14.8102110473
0.0,-17.3291532743,14.8102569506
0.0,-17.3290462653,14.8103028549
0.0,-17.3289387764,14.810303942
0.0,-17.3288623187,14.8103345963
0.0,-17.3288015353,14.8103949729
0.0,-17.3286942059,14.8104109984
0.0,-17.3286486188,14.8104562812
0.0,-17.3285412894,14.8104723066
0.0,-17.3284038883,14.8105483989
0.0,-17.3283120745,14.8105792082
0.0,-17.3282509716,14.810609707
0.0,-17.3281745136,14.810640361
0.0,-17.3280673437,14.8106713255
0.0,-17.3279758489,14.8107320125
0.0,-17.3278533238,14.8107631322
0.0,-17.3277611906,14.8107640636
0.0,-17.3276386654,14.8107951831
0.0,-17.3275316557,14.8108410858
0.0,-17.3273480274,14.8109027039
0.0,-17.3272717287,14.8109482969
0.0,-17.3272106255,14.8109787955
0.0,-17.3271492033,14.8109794163
0.0,-17.327057708,14.811040102
0.0,-17.3269815678,14.8111006334
0.0,-17.3269204646,14.8111311319
0.0,-17.3268747173,14.8111614752
0.0,-17.326813933,14.8112218514
0.0,-17.3267526702,14.8112374114
0.0,-17.3266459782,14.8113131915
0.0,-17.3265851947,14.8113735676
0.0,-17.3265088948,14.8114191605
0.0,-17.3257626889,14.812009378
0.0,-17.3257019041,14.812069754
0.0,-17.3256561565,14.812100097
0.0,-17.3256104079,14.8121304401
0.0,-17.3255493042,14.8121609383
0.0,-17.3255035565,14.8121912814
0.0,-17.3254270966,14.8122219346
0.0,-17.3253659928,14.8122524328
0.0,-17.3252818561,14.8122831635
0.0,-17.3251823624,14.8123140493
0.0,-17.3251209397,14.8123146696
0.0,-17.3250441618,14.812315445
0.0,-17.3249677018,14.8123460981
0.0,-17.3248755677,14.8123470284
0.0,-17.3248067861,14.812377604
0.0,-17.3246917786,14.8123937053
0.0,-17.3245998039,14.8124095749
0.0,-17.3245540551,14.8124399178
0.0,-17.3244772771,14.8124406929
0.0,-17.3244161731,14.8124711909
0.0,-17.3243547503,14.812471811
0.0,-17.3243090014,14.8125021538
0.0,-17.3242475787,14.8125027739
0.0,-17.3241863152,14.8125183324
0.0,-17.3241023376,14.8125640021
0.0,-17.3240180403,14.8125797931
0.0,-17.3239570955,14.8126252302
0.0,-17.3238651206,14.8126410987
0.0,-17.3237808232,14.8126568905
0.0,-17.3236811706,14.8126728363
0.0,-17.3235971919,14.8127185059
0.0,-17.3235130547,14.812749236
0.0,-17.3234519504,14.8127797337
0.0,-17.3233831685,14.812810308
0.0,-17.3232532812,14.8128713807
0.0,-17.3231768216,14.8129020333
0.0,-17.3231310724,14.812932376
0.0,-17.3230469351,14.812963106
0.0,-17.322978153,14.812993681
0.0,-17.3228940147,14.813024411
0.0,-17.3227946803,14.8130702352
0.0,-17.3227028643,14.8131010426
0.0,-17.3226416005,14.8131166007
0.0,-17.3225420272,14.8131400163
0.0,-17.3224733236,14.8131780604
0.0,-17.3224119006,14.81317868
0.0,-17.3223661522,14.8132090226
0.0,-17.3222896914,14.8132396749
0.0,-17.3222130722,14.8132553887
0.0,-17.3220983813,14.8133013667
0.0,-17.3220295989,14.8133319415
0.0,-17.3219528205,14.8133327158
0.0,-17.3218917158,14.8133632132
0.0,-17.3218152548,14.8133938653
0.0,-17.3217695062,14.8134242078
0.0,-17.3217237568,14.8134545502
0.0,-17.3216623336,14.8134551696
0.0,-17.3215628395,14.813486054
0.0,-17.321494057,14.8135166287
0.0,-17.3214483075,14.8135469711
0.0,-17.3213868843,14.8135475904
0.0,-17.3212900555,14.8135884079
0.0,-17.3212112482,14.8136390045
0.0,-17.3211424655,14.8136695791
0.0,-17.3210866912,14.8137199435
0.0,-17.3210205739,14.8137604512
0.0,-17.3209647995,14.8138108156
0.0,-17.3209140374,14.8138511685
0.0,-17.3208632763,14.8138915214
0.0,-17.3208075018,14.8139418857
0.0,-17.3207463967,14.8139723828
0.0,-17.320700647,14.8140027251
0.0,-17.3206548982,14.8140330673
0.0,-17.3199286775,14.8143391977
0.0,-17.3198598935,14.8143697719
0.0,-17.3198141444,14.814400114
0.0,-17.3197531981,14.8144455494
0.0,-17.3196770544,14.8145060788
0.0,-17.319616108,14.8145515151
0.0,-17.3195588096,14.8145632839
0.0,-17.3157577112,14.8156068922
0.0,-17.3158096103,14.8150410638
0.0,-17.315751776,14.8156105822
0.0,-17.315366374,14.815978782
0.0,-17.3152926652,14.8159795234
0.0,-17.3152440337,14.8160278217
0.0,-17.3151457556,14.8160288102
0.0,-17.3150479846,14.8160776036
0.0,-17.3149742757,14.8160783449
0.0,-17.3148765046,14.8161271382
0.0,-17.3148027957,14.8161278794
0.0,-17.3146804552,14.8161769198
0.0,-17.3145826849,14.8162257121
0.0,-17.314435774,14.8162749993
0.0,-17.314362573,14.8163235454
0.0,-17.314288864,14.8163242865
0.0,-17.314215155,14.8163250276
0.0,-17.3141665232,14.8163733266
0.0,-17.3140682449,14.8163743146
0.0,-17.3139950437,14.8164228606
0.0,-17.3138972721,14.8164716527
0.0,-17.3138235631,14.8164723936
0.0,-17.3137503618,14.8165209396
0.0,-17.3136771605,14.8165694855
0.0,-17.3136039582,14.8166180314
0.0,-17.3135307567,14.8166665763
0.0,-17.3134821247,14.8167148752
0.0,-17.3134089232,14.8167634211
0.0,-17.3133357217,14.8168119669
0.0,-17.3132625202,14.8168605118
0.0,-17.3131401788,14.8169095514
0.0,-17.3130424068,14.8169583441
0.0,-17.3129692052,14.8170068898
0.0,-17.312896511,14.8171032396
0.0,-17.3128228017,14.8171039803
0.0,-17.3126999526,14.8171052146
0.0,-17.3126518278,14.8172013185
0.0,-17.3125540564,14.8172501109
0.0,-17.312505424,14.8172984088
0.0,-17.3124567916,14.8173467075
0.0,-17.3124081592,14.8173950062
0.0,-17.312310134,14.8174198957
0.0,-17.3121880457,14.8174928378
0.0,-17.3121148437,14.8175413824
0.0,-17.3119679311,14.8175906683
0.0,-17.3118455899,14.8176397073
0.0,-17.3116741077,14.8176892399
0.0,-17.311625475,14.8177375376
0.0,-17.3115277032,14.8177863297
0.0,-17.3114294231,14.8177873167
0.0,-17.3113807903,14.8178356152
0.0,-17.3112830183,14.8178844072
0.0,-17.3111847382,14.8178853941
0.0,-17.3110623956,14.8179344319
0.0,-17.3108909129,14.8179839639
0.0,-17.3107926336,14.8179849506
0.0,-17.3106948605,14.8180337424
0.0,-17.3104496688,14.8180840141
0.0,-17.3103027553,14.818133299
0.0,-17.3101804124,14.8181823364
0.0,-17.31008264,14.8182311279
0.0,-17.3099848665,14.8182799195
0.0,-17.3099362333,14.8183282178
0.0,-17.3098384607,14.8183770084
0.0,-17.3097161175,14.8184260464
0.0,-17.3096920548,14.8184740981
0.0,-17.3096188508,14.8185226429
0.0,-17.3094714309,14.8185241223
0.0,-17.3093741649,14.8186207178
0.0,-17.3092763912,14.8186695091
0.0,-17.3092031879,14.8187180538
0.0,-17.3091054141,14.818766845
0.0,-17.3090071343,14.8187678311
0.0,-17.3089344377,14.8188641799
0.0,-17.308836157,14.8188651659
0.0,-17.3086155333,14.8189151893
0.0,-17.3084440491,14.8189647197
0.0,-17.3083954153,14.8190130169
0.0,-17.3082971353,14.8190140026
0.0,-17.3082485015,14.8190623006
0.0,-17.3081507272,14.8191110915
0.0,-17.3080524472,14.8191120771
0.0,-17.3079060389,14.8192091659
0.0,-17.3078082654,14.8192579557
0.0,-17.3077099844,14.8192589412
0.0,-17.3075630703,14.8193082246
0.0,-17.307367522,14.8194058058
0.0,-17.3073188878,14.8194541028
0.0,-17.307171467,14.8194555807
0.0,-17.3071228329,14.8195038786
0.0,-17.3069759184,14.8195531616
0.0,-17.3068781435,14.819601952
0.0,-17.3067798632,14.8196029372
0.0,-17.3066820883,14.8196517266
0.0,-17.3065351736,14.8197010094
0.0,-17.3064128286,14.8197500458
0.0,-17.3063391181,14.8197507846
0.0,-17.3062418492,14.81984738
0.0,-17.3061189979,14.819848611
0.0,-17.3059971589,14.8199454517
0.0,-17.3058497377,14.8199469288
0.0,-17.3058011031,14.8199952264
0.0,-17.3057273924,14.819995965
0.0,-17.3056536818,14.8199967035
0.0,-17.3055313364,14.8200457395
0.0,-17.305408485,14.8200469703
0.0,-17.3053844211,14.8200950208
0.0,-17.3053112154,14.8201435644
0.0,-17.3052129348,14.8201445489
0.0,-17.30513973,14.8201930926
0.0,-17.3050665252,14.8202416362
0.0,-17.3049682436,14.8202426206
0.0,-17.3048945328,14.8202433588
0.0,-17.3047962512,14.8202443432
0.0,-17.3047476172,14.8202926406
0.0,-17.3046498413,14.8203414293
0.0,-17.3045515596,14.8203424135
0.0,-17.3044778488,14.8203431517
0.0,-17.3044537846,14.820391203
0.0,-17.3043560087,14.8204399925
0.0,-17.3042582336,14.8204887819
0.0,-17.3041604576,14.8205375703
0.0,-17.3040621767,14.8205385544
0.0,-17.3039884657,14.8205392924
0.0,-17.3035482218,14.8207349403
0.0,-17.3035481676,14.8207348288
0.0,-17.3034134537,14.82045216
0.0,-17.3032750568,14.8201617606
0.0,-17.3031688631,14.8200271487
0.0,-17.3029716192,14.819352024
0.0,-17.3020509457,14.8188472754
0.0,-17.3013878208,14.8182981126
0.0,-17.3005324511,14.8175775571
0.0,-17.3002096045,14.8172239185
0.0,-17.299867441,14.8168491198
