29,10,5,113,88,
0.0,-16.3588009512,15.0177101086
0.0,-16.3596203346,15.0155302879
0.0,-16.3610352884,15.0137927172
0.0,-16.3626306663,15.0118335427
0.0,-16.3709995515,15.0036956702
0.0,-16.3668347452,14.9979460106
0.0,-16.3657626195,14.9960542546
0.0,-16.3644115505,14.9941641628
0.0,-16.363153493,14.9922735043
0.0,-16.3619799893,14.9906535017
0.0,-16.3609544391,14.9887614373
0.0,-16.3603650798,14.986731178
0.0,-16.3603340367,14.9847608575
0.0,-16.3611108045,14.9826049341
0.0,-16.3613902116,14.9815045432
0.0,-16.3621347075,14.980591136
0.0,-16.3635471812,14.9788581754
0.0,-16.3646042931,14.9775611843
0.0,-16.3668088143,14.9748563539
0.0,-16.3687582606,14.9724644159
0.0,-16.3693881637,14.9677249304
0.0,-16.3697920296,14.9646861066
0.0,-16.3702163868,14.9614930388
0.0,-16.3706302011,14.9583792371
0.0,-16.3706079785,14.9548805621
0.0,-16.3705894511,14.9519629502
0.0,-16.3705644728,14.9480284676
0.0,-16.3675120966,14.94555412
0.0,-16.3675133629,14.945546347
0.0,-16.367748483,14.944103085
0.0,-16.3683429339,14.9410804918
0.0,-16.3686091608,14.9383530919
0.0,-16.3686572221,14.9378607168
0.0,-16.3687976039,14.9371460164
0.0,-16.3691975915,14.9351096167
0.0,-16.3694480345,14.9335534041
0.0,-16.3697036473,14.9313463504
0.0,-16.3699639138,14.9284071072
0.0,-16.3708008525,14.9255175126
0.0,-16.3711517563,14.9223517495
0.0,-16.3715076066,14.9196921419
0.0,-16.3717716304,14.9173494504
0.0,-16.373399885,14.9146550936
0.0,-16.3733999481,14.9146547941
0.0,-16.3751774875,14.9062834364
0.0,-16.3787679068,14.9030797674
0.0,-16.379872814,14.9020938484
0.0,-16.3808152833,14.901375169
0.0,-16.3844249905,14.898622514
0.0,-16.3947619064,14.8998512641
0.0,-16.4014165878,14.9021065487
0.0,-16.4070250217,14.9073697106
0.0,-16.4082279177,14.9072503846
0.0,-16.408248289,14.9072483638
0.0,-16.4086450022,14.9072008214
0.0,-16.4119986041,14.9067988968
0.0,-16.4122235376,14.9067719369
0.0,-16.4141824186,14.9066795618
0.0,-16.414297372,14.9066741408
0.0,-16.4155316056,14.9066159286
0.0,-16.4189865458,14.9061787575
0.0,-16.4214465733,14.9056934796
0.0,-16.4235746506,14.9056169888
0.0,-16.4259906455,14.9056381132
0.0,-16.4284911383,14.9055231022
0.0,-16.4299451699,14.9053551476
0.0,-16.4311382157,14.9052173325
0.0,-16.4330794879,14.9050063387
0.0,-16.435634472,14.9047010943
0.0,-16.437668377,14.9044442876
0.0,-16.4401282643,14.9039497759
0.0,-16.4433418117,14.903703577
0.0,-16.4461849818,14.9035410216
0.0,-16.4488341333,14.9034248524
0.0,-16.4507887396,14.9028212076
0.0,-16.4507888833,14.9028211624
0.0,-16.4571486605,14.884979855
0.0,-16.4618811482,14.8874645832
0.0,-16.4641026327,14.8886939893
0.0,-16.4675504078,14.8894372243
0.0,-16.473948649,14.8950213189
0.0,-16.4755600311,14.8941613115
0.0,-16.4770793838,14.8934374673
0.0,-16.4786451954,14.8927133142
0.0,-16.4787260885,14.8926563312
0.0,-16.4842380306,14.8996293973
0.0,-16.4853236251,14.9010026903
0.0,-16.4907435399,14.8970305479
0.0,-16.4938622325,14.8947448053
0.0,-16.4915008969,14.8869308575
0.0,-16.4906705867,14.8857475593
0.0,-16.4902619653,14.8851652145
0.0,-16.4909978163,14.8846702424
0.0,-16.4922824674,14.8836224418
0.0,-16.4934723045,14.8823040933
0.0,-16.4949288358,14.8807885411
0.0,-16.4967059853,14.8795262306
0.0,-16.4986033081,14.8783840144
0.0,-16.5003615871,14.8772969253
0.0,-16.5020186511,14.8765268383
0.0,-16.5054323543,14.8754469463
0.0,-16.5075128676,14.8751440501
0.0,-16.5086628785,14.874960196
0.0,-16.5066491188,14.8719599111
0.0,-16.5141368974,14.8664626211
0.0,-16.517199073,14.865252141
0.0,-16.5195599942,14.864318833
0.0,-16.5273033001,14.8635037348
0.0,-16.5276883364,14.8670568984
0.0,-16.5490891843,14.8674706585
0.0,-16.5542379521,14.8675699051
0.0,-16.5564586711,14.8677598792
0.0,-16.5632100477,14.8690551022
0.0,-16.5686964113,14.8676737354
0.0,-16.569835293,14.8665969081
0.0,-16.5740446042,14.8626168138
0.0,-16.5737234878,14.8571145522
0.0,-16.5737005619,14.8539487405
0.0,-16.5726806478,14.843679953
0.0,-16.5769235838,14.8449216508
0.0,-16.5786526161,14.845427626
0.0,-16.5789683629,14.846220895
0.0,-16.5795480726,14.8474370881
0.0,-16.5801981766,14.8486290694
0.0,-16.5809056407,14.849801447
0.0,-16.5816646583,14.8509411004
0.0,-16.5824396367,14.8521047005
0.0,-16.5832392314,14.8532447996
0.0,-16.5840431744,14.8543826055
0.0,-16.5848378681,14.8555249907
0.0,-16.5856099691,14.856674307
0.0,-16.5877982939,14.8596892813
0.0,-16.5902569161,14.8591570858
0.0,-16.5930552839,14.8580711731
0.0,-16.5942854777,14.8572943827
0.0,-16.5970759022,14.8563982837
0.0,-16.6002074339,14.8551382464
0.0,-16.6023837441,14.8541379056
0.0,-16.6048410475,14.8535603806
0.0,-16.6066957183,14.8529328165
0.0,-16.6087325948,14.8519333951
0.0,-16.6107704576,14.8510695238
0.0,-16.6119986901,14.8507306118
0.0,-16.6120837075,14.8507071522
0.0,-16.6137668506,14.8502427031
0.0,-16.6138291036,14.8502254602
0.0,-16.6138360049,14.8502229751
0.0,-16.6162122359,14.84936715
0.0,-16.6188648846,14.848598307
0.0,-16.6221754523,14.8477072955
0.0,-16.6241561012,14.8467781908
0.0,-16.6241838084,14.8478829116
0.0,-16.6247877775,14.8491259095
0.0,-16.6248206282,14.8511513565
0.0,-16.6256061464,14.8529443946
0.0,-16.6260604323,14.8552911012
0.0,-16.6267478243,14.8591003356
0.0,-16.6271079958,14.8611675207
0.0,-16.6284616865,14.8632457357
0.0,-16.6292563864,14.8651290689
0.0,-16.630381209,14.8664225744
0.0,-16.6310310567,14.8675748386
0.0,-16.6312926036,14.8678900392
0.0,-16.6316337947,14.8683012205
0.0,-16.6318673622,14.8685826991
0.0,-16.6320022142,14.868745212
0.0,-16.6320625053,14.86881787
0.0,-16.6325597013,14.869415624
0.0,-16.632988462,14.8699337533
0.0,-16.6331410388,14.8701176237
0.0,-16.6331992069,14.8701820781
0.0,-16.6346403957,14.8717789999
0.0,-16.635959405,14.872935516
0.0,-16.6368888271,14.8741851838
0.0,-16.638387711,14.8758917235
0.0,-16.6401268951,14.877189819
0.0,-16.6418738365,14.8783974628
0.0,-16.643323021,14.8795529964
0.0,-16.6451143367,14.8804801138
0.0,-16.6468004668,14.8822394723
0.0,-16.6494841862,14.8844164296
0.0,-16.6515946891,14.8857569427
0.0,-16.6523527836,14.886456447
0.0,-16.6533824454,14.8874251307
0.0,-16.6545063126,14.8886733076
0.0,-16.6551993038,14.8904668706
0.0,-16.6560409427,14.8922141661
0.0,-16.6568335869,14.893781051
0.0,-16.6578189821,14.8950302071
0.0,-16.6582341625,14.8960758011
0.0,-16.6593926724,14.8971304576
0.0,-16.6616258527,14.8991633993
0.0,-16.6644200073,14.9011757224
0.0,-16.6654575507,14.9021616904
0.0,-16.6677889247,14.9043771201
0.0,-16.6693159136,14.9058281272
0.0,-16.6727192299,14.9103563367
0.0,-16.675231882,14.9136993224
0.0,-16.6773919444,14.916573088
0.0,-16.6794581649,14.9193219062
0.0,-16.682030559,14.9227439817
0.0,-16.6840026577,14.9253673769
0.0,-16.6854576393,14.9273028178
0.0,-16.6841070201,14.9291757001
0.0,-16.6821119623,14.9313615346
0.0,-16.6801715168,14.933487481
0.0,-16.6772541019,14.9362021983
0.0,-16.6733728273,14.9401982899
0.0,-16.6685292873,14.9450961128
0.0,-16.6652345209,14.9480394077
0.0,-16.6627628817,14.9496910234
0.0,-16.6614599933,14.9505613704
0.0,-16.6579758146,14.9532257777
0.0,-16.6542173946,14.9552956204
0.0,-16.6521749645,14.956606231
0.0,-16.6509240502,14.9574083642
0.0,-16.6478840161,14.958614308
0.0,-16.6444179777,14.9600401962
0.0,-16.6402291232,14.9617785249
0.0,-16.6349259385,14.9625848124
0.0,-16.6288124442,14.9642011537
0.0,-16.6210884602,14.965666102
0.0,-16.6142574299,14.9673233202
0.0,-16.6069516021,14.9687938871
0.0,-16.6014969791,14.9704229642
0.0,-16.5962925991,14.9708209729
0.0,-16.5913494183,14.9723648947
0.0,-16.5871288597,14.9736879
0.0,-16.5799183467,14.9756619847
0.0,-16.5738343771,14.9777467066
0.0,-16.5644947056,14.9796457613
0.0,-16.5608179604,14.9810820712
0.0,-16.5575502843,14.9823596198
0.0,-16.5519473747,14.9841693535
0.0,-16.5438347347,14.986221933
0.0,-16.5376566645,14.9882521513
0.0,-16.5323486712,14.9897430948
0.0,-16.5270169949,14.9918396548
0.0,-16.5268770205,14.9953328181
0.0,-16.5275668133,14.996513357
0.0,-16.5282537173,14.9976950421
0.0,-16.5285700128,14.9982415327
0.0,-16.5280479273,14.9986528142
0.0,-16.527407058,14.9986853978
0.0,-16.5261022872,14.9987517297
0.0,-16.5245183393,14.9988322447
0.0,-16.5234959887,14.9988842069
0.0,-16.5224486473,14.9989374343
0.0,-16.5213569044,14.9989929131
0.0,-16.5199998655,14.9990618662
0.0,-16.5189313262,14.9991161545
0.0,-16.5173955567,14.9991941722
0.0,-16.5141977346,14.9993565889
0.0,-16.5101520452,14.9995620041
0.0,-16.5088217544,14.9996295324
0.0,-16.5047742318,14.9998349454
0.0,-16.5009837506,15.0000272477
0.0,-16.4996842554,15.0000931606
0.0,-16.498236157,15.0001666015
0.0,-16.4967913036,15.0002398691
0.0,-16.4963514048,15.0002621743
0.0,-16.4964770113,15.000792759
0.0,-16.4939138732,15.0026173004
0.0,-16.4921164627,15.0035690974
0.0,-16.4888884352,15.0060758375
0.0,-16.4858450597,15.0084005606
0.0,-16.4815381346,15.0109052116
0.0,-16.4788976079,15.0125007528
0.0,-16.4767640412,15.0136139305
0.0,-16.4755205689,15.0142569603
0.0,-16.4742195143,15.0147681675
0.0,-16.4731715404,15.015316143
0.0,-16.471297474,15.0162230945
0.0,-16.4676987895,15.0176292523
0.0,-16.4635814392,15.0193550476
0.0,-16.4590740981,15.0213092426
0.0,-16.4553408888,15.0219749101
0.0,-16.4520774388,15.0222307783
0.0,-16.4468697936,15.0235384295
0.0,-16.445401898,15.0237646942
0.0,-16.4424201426,15.024298836
0.0,-16.4405325567,15.0243074134
0.0,-16.4362914778,15.0243803695
0.0,-16.4347990383,15.0244481773
0.0,-16.4314055192,15.0246023234
0.0,-16.4304145089,15.0238927407
0.0,-16.4285463588,15.0225550825
0.0,-16.4269393439,15.0227388434
0.0,-16.4257802075,15.0228713827
0.0,-16.4239648047,15.0234528413
0.0,-16.4233502365,15.0236496789
0.0,-16.4228765584,15.0238013884
0.0,-16.422158084,15.0240315013
0.0,-16.4219455206,15.0240995803
0.0,-16.4218040817,15.0240856566
0.0,-16.421803196,15.0240863192
0.0,-16.4211578865,15.0240220411
0.0,-16.4209540453,15.0240019736
0.0,-16.4207041724,15.0239773741
0.0,-16.4205736611,15.0239645256
0.0,-16.4204298288,15.0239503656
0.0,-16.420184759,15.023926238
0.0,-16.4199108267,15.0238992687
0.0,-16.4198104603,15.023889387
0.0,-16.4195775418,15.0238664555
0.0,-16.4193240192,15.0238414949
0.0,-16.4192468413,15.0238338959
0.0,-16.4190826655,15.0238177316
0.0,-16.4189539141,15.0238050546
0.0,-16.4188369212,15.0237935362
0.0,-16.4187226429,15.0237822846
0.0,-16.4185240637,15.0237627326
0.0,-16.4183792292,15.0237484726
0.0,-16.4182397217,15.023734737
0.0,-16.418183496,15.0237292007
0.0,-16.4181357697,15.0237245018
0.0,-16.4179768092,15.02370885
0.0,-16.4178217612,15.0236935841
0.0,-16.4177353897,15.0236850793
0.0,-16.4176589517,15.0236775529
0.0,-16.4163878625,15.0235523934
0.0,-16.4149448616,15.0234102974
0.0,-16.4135945743,15.0232773226
0.0,-16.413596161,15.0232788827
0.0,-16.4129329577,15.0232118819
0.0,-16.4126011667,15.0231783612
0.0,-16.4123330549,15.0231512742
0.0,-16.4120539169,15.0231230721
0.0,-16.411895749,15.023107092
0.0,-16.4117434191,15.0230917019
0.0,-16.4114623352,15.0230633024
0.0,-16.4111601659,15.0230327728
0.0,-16.4110362708,15.0230202546
0.0,-16.410797561,15.0229961649
0.0,-16.4106518206,15.0229815061
0.0,-16.4105681387,15.0229730894
0.0,-16.4104961353,15.0229658467
0.0,-16.4102687669,15.0229429778
0.0,-16.4100537285,15.0229213482
0.0,-16.40967796,15.0228835511
0.0,-16.4095616343,15.0228718502
0.0,-16.4095049585,15.0228661491
0.0,-16.4084372989,15.0227587542
0.0,-16.4065196002,15.0225658421
0.0,-16.4064891415,15.0225627774
0.0,-16.405945299,15.0225101431
0.0,-16.4055913207,15.0224758841
0.0,-16.4048880863,15.0224078215
0.0,-16.4042648343,15.0223474981
0.0,-16.403772954,15.0222998887
0.0,-16.4033607972,15.0222599943
0.0,-16.4031467505,15.0222392758
0.0,-16.4025006991,15.0221767407
0.0,-16.4020710937,15.0221351556
0.0,-16.4015616533,15.0220858418
0.0,-16.4014140922,15.0220715578
0.0,-16.4013134078,15.0220618107
0.0,-16.4010614362,15.0220374191
0.0,-16.4006423451,15.0219968492
0.0,-16.4002873348,15.0219624815
0.0,-16.4000558759,15.0219400739
0.0,-16.3998376232,15.0219189451
0.0,-16.3995964236,15.0218955946
0.0,-16.3994344317,15.0218799121
0.0,-16.3993454852,15.0218713013
0.0,-16.3992292393,15.0218600473
0.0,-16.3991510654,15.0218524792
0.0,-16.3990504612,15.0218427396
0.0,-16.3988492582,15.0218232603
0.0,-16.3973461613,15.0219002089
0.0,-16.3968772173,15.0219242138
0.0,-16.3962352023,15.0219570756
0.0,-16.3960995033,15.0219640217
0.0,-16.3960685169,15.0219656075
0.0,-16.3959356444,15.0219661584
0.0,-16.3957998165,15.0219667219
0.0,-16.3947983356,15.0219708728
0.0,-16.3947054474,15.0219712572
0.0,-16.3945541098,15.0219718843
0.0,-16.3944790664,15.0219721954
0.0,-16.3944789846,15.021972195
0.0,-16.3944539444,15.0219722988
0.0,-16.394436623,15.0219720652
0.0,-16.3938442014,15.0219640785
0.0,-16.3922582353,15.0219426894
0.0,-16.3908606111,15.0219238315
0.0,-16.3905354826,15.0219194438
0.0,-16.390112192,15.0211808425
0.0,-16.3896490019,15.0196871108
0.0,-16.3888939663,15.0193572068
0.0,-16.3874898238,15.0187436746
0.0,-16.3859192812,15.018752402
0.0,-16.3846890113,15.0187592307
0.0,-16.3820163735,15.0187740433
0.0,-16.381994487,15.0188725649
0.0,-16.3819870872,15.0189058749
0.0,-16.3816568059,15.0203926411
0.0,-16.3788226951,15.0198846928
0.0,-16.3764187629,15.0191851778
0.0,-16.3735802967,15.0188859745
0.0,-16.3708869412,15.0180073671
0.0,-16.3682958451,15.017119072
0.0,-16.367003995,15.0169720539
0.0,-16.3661839304,15.0188911182
0.0,-16.3649307827,15.0218235896
0.0,-16.364003023,15.0239945763
0.0,-16.3614247378,15.0272739993
0.0,-16.3598636117,15.0269937031
0.0,-16.3583823611,15.0262540848
0.0,-16.3574421816,15.0252300122
0.0,-16.3566229568,15.0243376744
0.0,-16.3575252985,15.0211036649
0.0,-16.3588009512,15.0177101086
