77,2,28,9,107,
0.0,-13.8042226524,13.5431167736
0.0,-13.7999337028,13.5427733076
0.0,-13.7967749098,13.5437627595
0.0,-13.7927997854,13.5450467491
0.0,-13.7914119905,13.5454949967
0.0,-13.7904946525,13.5455981994
0.0,-13.7892462495,13.5454621328
0.0,-13.7876347925,13.5452261677
0.0,-13.7871254,13.5446848849
0.0,-13.7857723747,13.5439248458
0.0,-13.7854016273,13.5432380021
0.0,-13.7846461273,13.5418383579
0.0,-13.784505273,13.5406895258
0.0,-13.7850321396,13.5380369952
0.0,-13.7873977667,13.5343528724
0.0,-13.7910144254,13.5298136537
0.0,-13.7920482214,13.5284193364
0.0,-13.7955200079,13.5234846602
0.0,-13.7968589783,13.5197237205
0.0,-13.7975024814,13.5157082721
0.0,-13.7967999075,13.5095694496
0.0,-13.7964551949,13.505190455
0.0,-13.7976459265,13.5017158234
0.0,-13.7995656076,13.499105789
0.0,-13.8035239455,13.492056356
0.0,-13.8050807709,13.4886551772
0.0,-13.8058670968,13.4853579606
0.0,-13.806653853,13.4821908382
0.0,-13.8066365521,13.4819609525
0.0,-13.8058338958,13.4791236513
0.0,-13.8047792806,13.4749326328
0.0,-13.8041627207,13.4711264175
0.0,-13.802366154,13.4687019409
0.0,-13.7997364032,13.4667279561
0.0,-13.7970732928,13.4665477856
0.0,-13.7952388697,13.4668260384
0.0,-13.7934280429,13.4672718315
0.0,-13.7911972885,13.4686006274
0.0,-13.7879317137,13.4715748854
0.0,-13.7834596441,13.4762894013
0.0,-13.7811018233,13.4785503537
0.0,-13.7764620504,13.4825463145
0.0,-13.7728544127,13.4854229956
0.0,-13.771775319,13.4861353103
0.0,-13.7702818126,13.4866303119
0.0,-13.7688138419,13.4864722152
0.0,-13.7669939423,13.4861428055
0.0,-13.7623636335,13.485096517
0.0,-13.7565473688,13.4838229779
0.0,-13.7456231262,13.4810024293
0.0,-13.7384264657,13.478891727
0.0,-13.7343510891,13.4770090661
0.0,-13.7293735659,13.4750564078
0.0,-13.7206629353,13.4706969531
0.0,-13.7173735231,13.4686631178
0.0,-13.716663542,13.4680486891
0.0,-13.7148922709,13.4662969469
0.0,-13.7143906295,13.4649666162
0.0,-13.7148802477,13.46325409
0.0,-13.7163013055,13.4608646965
0.0,-13.7181951509,13.457705348
0.0,-13.7206123022,13.454299148
0.0,-13.7253526502,13.4518715512
0.0,-13.7322143328,13.4485567586
0.0,-13.737372495,13.4460021369
0.0,-13.7393598667,13.4448978772
0.0,-13.7461572698,13.4403047111
0.0,-13.7523898179,13.4357430714
0.0,-13.7551196576,13.4331322339
0.0,-13.7558335485,13.4315128105
0.0,-13.7560922228,13.4292350502
0.0,-13.7557191356,13.4263326145
0.0,-13.7549220437,13.4235662089
0.0,-13.7532445296,13.420519203
0.0,-13.7509267711,13.4185049432
0.0,-13.7482883673,13.4171106288
0.0,-13.7477297106,13.4160028698
0.0,-13.747328614,13.4117190574
0.0,-13.7475804337,13.409969272
0.0,-13.7477405325,13.4088567947
0.0,-13.7477420036,13.4077326697
0.0,-13.7477436553,13.4064701211
0.0,-13.747706281,13.4047703235
0.0,-13.7477207515,13.4047443515
0.0,-13.7485482703,13.4007909608
0.0,-13.7497346347,13.398165671
0.0,-13.7519020841,13.3948037103
0.0,-13.7559869508,13.3891548761
0.0,-13.7599967558,13.3848728071
0.0,-13.7615781549,13.3832047753
0.0,-13.7659172614,13.3803197307
0.0,-13.7694456867,13.3782917759
0.0,-13.7707685819,13.3775806129
0.0,-13.7711384968,13.376900693
0.0,-13.7712546171,13.3756813408
0.0,-13.770163983,13.3739538059
0.0,-13.7680081057,13.3727234
0.0,-13.7660325553,13.3720679349
0.0,-13.7634670395,13.3721271679
0.0,-13.7592495652,13.372752355
0.0,-13.7568678245,13.3727047823
0.0,-13.7522535147,13.3721079912
0.0,-13.7464292197,13.3716486434
0.0,-13.7424723417,13.3714854877
0.0,-13.7401613109,13.3719404243
0.0,-13.7381184775,13.3723213634
0.0,-13.7300758858,13.3740337935
0.0,-13.7218085163,13.3759057146
0.0,-13.7171140415,13.3766234502
0.0,-13.7136387639,13.3777778507
0.0,-13.7113566617,13.378491731
0.0,-13.7028990027,13.3805215566
0.0,-13.7017484745,13.3809461998
0.0,-13.6970774072,13.3818311049
0.0,-13.6916004975,13.3826399927
0.0,-13.68646883,13.3828525732
0.0,-13.6822664252,13.3829024599
0.0,-13.6768393792,13.3835199282
0.0,-13.6747275201,13.3834753998
0.0,-13.6737377795,13.3833123216
0.0,-13.6725503297,13.3822573149
0.0,-13.6712196994,13.3808609789
0.0,-13.6701269421,13.3779593995
0.0,-13.6700896293,13.3758543248
0.0,-13.6705394582,13.3740149211
0.0,-13.6719476464,13.3711520261
0.0,-13.6738157611,13.369056943
0.0,-13.6768539386,13.3674224274
0.0,-13.6803303597,13.3660532669
0.0,-13.6835202229,13.3634626856
0.0,-13.6852863391,13.3609389716
0.0,-13.6866482513,13.358742924
0.0,-13.6877870595,13.3559502737
0.0,-13.6891897641,13.3540439951
0.0,-13.6943469224,13.3489758138
0.0,-13.6995304664,13.3435010122
0.0,-13.7010777722,13.3419302656
0.0,-13.7016688599,13.3410243556
0.0,-13.7016990338,13.339948137
0.0,-13.7011014124,13.3375052959
0.0,-13.6998857791,13.3346565286
0.0,-13.6991211335,13.3332614121
0.0,-13.697365318,13.3327261756
0.0,-13.6941410389,13.3327335174
0.0,-13.6908135264,13.3337688169
0.0,-13.6865043633,13.3356544908
0.0,-13.6836147223,13.3370084995
0.0,-13.6765891967,13.3397943991
0.0,-13.6741168334,13.3407621688
0.0,-13.6716713612,13.3412755899
0.0,-13.6685423459,13.3417136393
0.0,-13.6663891831,13.3423720568
0.0,-13.6640660124,13.3427080232
0.0,-13.6629917259,13.3427607848
0.0,-13.6621982291,13.342141671
0.0,-13.6617039927,13.3415101986
0.0,-13.6611489143,13.3402873964
0.0,-13.661034557,13.3388755677
0.0,-13.6617786477,13.3368224559
0.0,-13.6628680964,13.3341492643
0.0,-13.6656365171,13.3281840646
0.0,-13.66721777,13.3248915339
0.0,-13.6703793528,13.3184499381
0.0,-13.6731465995,13.3126281261
0.0,-13.6740430136,13.3094754689
0.0,-13.6750092878,13.3069450703
0.0,-13.6769035896,13.3044194982
0.0,-13.6784975258,13.3032318268
0.0,-13.6806778371,13.3019993489
0.0,-13.6827824078,13.3012209246
0.0,-13.6839838669,13.3003421318
0.0,-13.6859291864,13.2973861941
0.0,-13.6872366683,13.2949531711
0.0,-13.6872460594,13.2934595745
0.0,-13.6871946769,13.2928932156
0.0,-13.6871522375,13.292489041
0.0,-13.6860940559,13.2894458183
0.0,-13.683876727,13.2860110637
0.0,-13.6803330381,13.2810381938
0.0,-13.6788966906,13.2791232447
0.0,-13.6780966607,13.2780427227
0.0,-13.6768065602,13.2772706047
0.0,-13.6746852954,13.2766615912
0.0,-13.6719029756,13.2770762583
0.0,-13.6670098664,13.2780327662
0.0,-13.663412725,13.2793773044
0.0,-13.6599400105,13.2802918982
0.0,-13.6556141588,13.2809149087
0.0,-13.6520926953,13.2818052145
0.0,-13.6496266886,13.2817203886
0.0,-13.6468231815,13.2808444168
0.0,-13.6429878842,13.2780874689
0.0,-13.6397467108,13.275391293
0.0,-13.6375587769,13.273714994
0.0,-13.6364930196,13.2721545588
0.0,-13.6364719371,13.2715564716
0.0,-13.6377131308,13.2679274269
0.0,-13.6406228153,13.2628482164
0.0,-13.6413946463,13.2601734006
0.0,-13.6425137419,13.2565197483
0.0,-13.6437477259,13.2541583264
0.0,-13.6440732294,13.2527009946
0.0,-13.6431870391,13.2495868049
0.0,-13.6423004699,13.2465443686
0.0,-13.6408676111,13.2451494362
0.0,-13.6376552006,13.2432427069
0.0,-13.6344377766,13.242244836
0.0,-13.6310684098,13.2422267899
0.0,-13.6263557846,13.2422732315
0.0,-13.6239299652,13.2426266897
0.0,-13.6220875858,13.2428951206
0.0,-13.6214743029,13.2429844713
0.0,-13.6208571549,13.2431525017
0.0,-13.6197553505,13.2436966794
0.0,-13.6176689467,13.2456467342
0.0,-13.6173767652,13.2460758397
0.0,-13.6168005453,13.2469220856
0.0,-13.6161603756,13.2475245584
0.0,-13.615032421,13.2483699483
0.0,-13.6143824536,13.2475914509
0.0,-13.6140640609,13.2469008599
0.0,-13.6135996613,13.2461233688
0.0,-13.6127630057,13.2455447706
0.0,-13.6115339676,13.2452701967
0.0,-13.6109594913,13.2449609107
0.0,-13.6109617701,13.2445590875
0.0,-13.6113762381,13.2438055092
0.0,-13.6119762628,13.2430529389
0.0,-13.6121164591,13.2424413798
0.0,-13.6118468001,13.2417701881
0.0,-13.6111657709,13.2413072433
0.0,-13.6108199401,13.2402912047
0.0,-13.6105322731,13.2393520227
0.0,-13.6101630068,13.2390247175
0.0,-13.6098022055,13.2389270787
0.0,-13.6093231805,13.2390105776
0.0,-13.608450035,13.2397042486
0.0,-13.6078142615,13.2398729975
0.0,-13.6071598259,13.2398885634
0.0,-13.606682321,13.2397041753
0.0,-13.6060901832,13.2390694887
0.0,-13.6064567498,13.2381530096
0.0,-13.6072027799,13.2367815779
0.0,-13.6073460206,13.2363400348
0.0,-13.6073715875,13.2361373432
0.0,-13.6069562753,13.2357108975
0.0,-13.6069519785,13.2356872413
0.0,-13.6069476817,13.2356635842
0.0,-13.6064324621,13.2353393141
0.0,-13.6050452322,13.2345567734
0.0,-13.604637926,13.2340522551
0.0,-13.6047690963,13.2328833452
0.0,-13.605031382,13.2320447915
0.0,-13.6046193842,13.2309499403
0.0,-13.6038299169,13.230231235
0.0,-13.6026777763,13.229174359
0.0,-13.6025846787,13.2285750206
0.0,-13.6027365413,13.2282711832
0.0,-13.6033805377,13.2281696467
0.0,-13.6038822006,13.2285821134
0.0,-13.6048010607,13.2291754555
0.0,-13.6058679618,13.2301373058
0.0,-13.6067979133,13.230667668
0.0,-13.6073560097,13.2305866646
0.0,-13.6084259158,13.2291321889
0.0,-13.6093041003,13.2274455362
0.0,-13.6097061032,13.2265232128
0.0,-13.6096882886,13.2258822618
0.0,-13.6089556541,13.224596568
0.0,-13.6088748718,13.2237136408
0.0,-13.6089019865,13.222714097
0.0,-13.6089044788,13.2222745075
0.0,-13.6087136672,13.221884754
0.0,-13.6079154615,13.2217648438
0.0,-13.607459249,13.2218464063
0.0,-13.60670619,13.222273041
0.0,-13.6058745448,13.223319086
0.0,-13.6050029268,13.2238501256
0.0,-13.6043068201,13.2236887387
0.0,-13.6044096621,13.2225756875
0.0,-13.6041927397,13.2218915177
0.0,-13.6035604064,13.2212252774
0.0,-13.6022980681,13.2208769502
0.0,-13.6013085308,13.2207808849
0.0,-13.6002688015,13.221373511
0.0,-13.5997700268,13.221216668
0.0,-13.5990729176,13.2201431308
0.0,-13.5990480053,13.2196443979
0.0,-13.5994393119,13.2191751406
0.0,-13.6004596497,13.2187365226
0.0,-13.6004296168,13.2175125277
0.0,-13.5997906666,13.2159769763
0.0,-13.5989270749,13.2148934637
0.0,-13.5985510295,13.2143112171
0.0,-13.5981170384,13.2141547272
0.0,-13.5972837379,13.2142498776
0.0,-13.5958678358,13.2142874358
0.0,-13.5953980812,13.2139131757
0.0,-13.5951341659,13.2131411676
0.0,-13.5960072719,13.2125567109
0.0,-13.5977331044,13.2117140296
0.0,-13.5988340974,13.2117291277
0.0,-13.5993627818,13.2115053876
0.0,-13.5994862688,13.2109440078
0.0,-13.5993863019,13.2106261717
0.0,-13.598208457,13.2094865451
0.0,-13.5979525982,13.2089230876
0.0,-13.5981999371,13.2077368742
0.0,-13.5983769964,13.2070917612
0.0,-13.598207413,13.2060073137
0.0,-13.5975915077,13.204848665
0.0,-13.597568439,13.2037578449
0.0,-13.5979797039,13.2022747443
0.0,-13.5992263579,13.2007029319
0.0,-13.5995938348,13.2004753218
0.0,-13.6000624074,13.2004994117
0.0,-13.5997756978,13.2019760226
0.0,-13.600331345,13.2034285377
0.0,-13.6007217121,13.2056120628
0.0,-13.6013968355,13.2066633945
0.0,-13.6017034448,13.2068372856
0.0,-13.602765402,13.2068359099
0.0,-13.6039294408,13.206914019
0.0,-13.6042599388,13.206750782
0.0,-13.6043674008,13.2058831164
0.0,-13.6044425517,13.2055462715
0.0,-13.6049343693,13.2053480345
0.0,-13.6056665991,13.205373552
0.0,-13.6061402271,13.2057994944
0.0,-13.6065832592,13.2064548904
0.0,-13.6069858116,13.2065001356
0.0,-13.6074275033,13.2061007033
0.0,-13.6081100098,13.2045616528
0.0,-13.6083546524,13.2040391605
0.0,-13.6085900205,13.2038610487
0.0,-13.6091468088,13.2038281962
0.0,-13.61010233,13.2045150735
0.0,-13.6107675529,13.2047339551
0.0,-13.6114522497,13.2040990371
0.0,-13.6125153844,13.2025907378
0.0,-13.6130263725,13.2015889144
0.0,-13.6130883612,13.2009864948
0.0,-13.6127471578,13.2004536464
0.0,-13.6121828392,13.2000166402
0.0,-13.6116514852,13.1999454112
0.0,-13.6104567599,13.2001183215
0.0,-13.6088810671,13.2005721111
0.0,-13.6068681554,13.2005055806
0.0,-13.605015314,13.2003708543
0.0,-13.603510425,13.1997661682
0.0,-13.6033424453,13.1989462013
0.0,-13.6030382784,13.1981076868
0.0,-13.6022335283,13.1974177859
0.0,-13.6020450535,13.1970072328
0.0,-13.6021107301,13.1966425798
0.0,-13.6030376404,13.1966209295
0.0,-13.6037183731,13.1967492803
0.0,-13.6039194247,13.1965456132
0.0,-13.604260302,13.1957195183
0.0,-13.6046951671,13.1943419649
0.0,-13.6054281892,13.1932598245
0.0,-13.6056138224,13.1925187612
0.0,-13.6058411868,13.1925320483
0.0,-13.6058872716,13.1924165642
0.0,-13.6059253303,13.1921140785
0.0,-13.6059377968,13.1915176633
0.0,-13.6056868796,13.191125843
0.0,-13.6039871022,13.1910262933
0.0,-13.603334198,13.1908001669
0.0,-13.6030380622,13.1901486535
0.0,-13.6033051342,13.189518016
0.0,-13.604410958,13.1883844926
0.0,-13.6049874881,13.1876576076
0.0,-13.6052285065,13.1868131602
0.0,-13.6052119479,13.1849256905
0.0,-13.6058192029,13.1835846817
0.0,-13.6069130291,13.1829585341
0.0,-13.6079860603,13.1827952106
0.0,-13.6091563637,13.1831042565
0.0,-13.6112621674,13.1834717839
0.0,-13.6116735717,13.1830199723
0.0,-13.6120351817,13.1817310303
0.0,-13.6131737108,13.1812297347
0.0,-13.613611194,13.1805614842
0.0,-13.6137156114,13.1801910415
0.0,-13.6135270757,13.1797893973
0.0,-13.613346323,13.1796192677
0.0,-13.613131105,13.1796146784
0.0,-13.6128464825,13.1796432724
0.0,-13.6120368883,13.179816946
0.0,-13.6111022093,13.1796160242
0.0,-13.6101602058,13.179103463
0.0,-13.6099813661,13.178595036
0.0,-13.6103826239,13.1783301283
0.0,-13.6115745453,13.1780249882
0.0,-13.6128579685,13.1776046019
0.0,-13.6134366026,13.1764948848
0.0,-13.6138403592,13.1757848465
0.0,-13.614318146,13.1748348317
0.0,-13.6148753805,13.1745359185
0.0,-13.6154300325,13.174217642
0.0,-13.6156228215,13.1738625714
0.0,-13.6155575346,13.1733938157
0.0,-13.6152102631,13.1729077474
0.0,-13.6144352597,13.1717818133
0.0,-13.6142417835,13.1710415611
0.0,-13.6140984937,13.1702754257
0.0,-13.6135583495,13.1697707324
0.0,-13.6119507307,13.1693112191
0.0,-13.6107694822,13.169220963
0.0,-13.6099437729,13.1691579097
0.0,-13.6093713753,13.1691637109
0.0,-13.6090221972,13.1693982003
0.0,-13.6085691026,13.1702367211
0.0,-13.6078585581,13.1707112437
0.0,-13.607187059,13.1707554371
0.0,-13.6069946324,13.1702520961
0.0,-13.6074256973,13.1695607888
0.0,-13.6074431066,13.1686400063
0.0,-13.6070331709,13.167752783
0.0,-13.6063504897,13.1676175217
0.0,-13.6055316707,13.1678163845
0.0,-13.6041428522,13.1673782944
0.0,-13.603804732,13.1667426056
0.0,-13.6042633897,13.1654893598
0.0,-13.6043707724,13.1637677856
0.0,-13.6046445034,13.1633811905
0.0,-13.6050535695,13.1629098202
0.0,-13.6058302369,13.1628243437
0.0,-13.6064847279,13.1629785865
0.0,-13.60700962,13.163390448
0.0,-13.6075841003,13.1647461784
0.0,-13.6079884224,13.1651143303
0.0,-13.6087216649,13.165588313
0.0,-13.6100141612,13.1655773768
0.0,-13.6103226513,13.1654104187
0.0,-13.6103857408,13.1646106726
0.0,-13.6102686147,13.1640929072
0.0,-13.6099100523,13.1632287131
0.0,-13.6089208107,13.1622673785
0.0,-13.6086697294,13.1610007571
0.0,-13.6090072723,13.1599225145
0.0,-13.6087709767,13.1595460171
0.0,-13.6073992077,13.1591588926
0.0,-13.6066045003,13.1593986664
0.0,-13.6059578989,13.1595488399
0.0,-13.6050247667,13.1597968972
0.0,-13.6041944108,13.1593126545
0.0,-13.6031374315,13.1587345835
0.0,-13.6022690673,13.158206035
0.0,-13.6010656814,13.1573599309
0.0,-13.6005285298,13.1565318045
0.0,-13.6001392547,13.1541617173
0.0,-13.6001431445,13.154148284
0.0,-13.6001394583,13.1541258407
0.0,-13.60028883,13.1536100078
0.0,-13.6010556855,13.1526669989
0.0,-13.6018785088,13.152183533
0.0,-13.6023955964,13.1513826734
0.0,-13.6029366779,13.1502231588
0.0,-13.6036631681,13.1499400812
0.0,-13.6041026023,13.1499209424
0.0,-13.6049777792,13.1505356275
0.0,-13.6061484309,13.1506926703
0.0,-13.6067028299,13.1510616364
0.0,-13.6078887719,13.1524027407
0.0,-13.6085700344,13.1536478233
0.0,-13.6090223383,13.1552432736
0.0,-13.6097836689,13.1552760983
0.0,-13.6103433391,13.1547122481
0.0,-13.6105797388,13.1530415935
0.0,-13.6106965986,13.1517936566
0.0,-13.6111962569,13.1501818294
0.0,-13.6115427278,13.1497675121
0.0,-13.612140765,13.1488881339
0.0,-13.6125638168,13.1480592579
0.0,-13.6126397535,13.1470074223
0.0,-13.6120903221,13.1461395724
0.0,-13.6115800574,13.1457349777
0.0,-13.610780975,13.1459100519
0.0,-13.6102471493,13.146694243
0.0,-13.6098673361,13.1469829501
0.0,-13.6087985359,13.1469694714
0.0,-13.6073479493,13.1470324049
0.0,-13.6063100372,13.1467110484
0.0,-13.6061857204,13.1466001724
0.0,-13.6057272131,13.1461912389
0.0,-13.6053701242,13.1445963029
0.0,-13.6052681219,13.1432108444
0.0,-13.6052707199,13.1432075018
0.0,-13.6057180269,13.1426320553
0.0,-13.6071383488,13.1426541062
0.0,-13.6083991725,13.1423954344
0.0,-13.610496601,13.1417968462
0.0,-13.6127409785,13.1411057494
0.0,-13.6140328898,13.1405243102
0.0,-13.6143527119,13.1396362474
0.0,-13.6146668203,13.1384611248
0.0,-13.6147963566,13.1375576843
0.0,-13.6147933141,13.1375444303
0.0,-13.61468915,13.1370906858
0.0,-13.6146134823,13.1362220187
0.0,-13.6146022195,13.1356191995
0.0,-13.6146030635,13.1356177232
0.0,-13.6149867181,13.1349467538
0.0,-13.6149840836,13.1349158355
0.0,-13.614897412,13.1338986205
0.0,-13.6142924696,13.1334074147
0.0,-13.6128564157,13.1325939036
0.0,-13.6125602715,13.1324584307
0.0,-13.6124603157,13.1324144678
0.0,-13.6121381747,13.1324127301
0.0,-13.6120267527,13.1325121076
0.0,-13.6118101085,13.1327053324
0.0,-13.6114514397,13.1334495002
0.0,-13.6112048321,13.1343379549
0.0,-13.6108075379,13.1346802429
0.0,-13.6104402559,13.1348935293
0.0,-13.6099492341,13.1349769842
0.0,-13.6093127123,13.1348946115
0.0,-13.6086268495,13.1343352824
0.0,-13.6081781267,13.133546621
0.0,-13.6079543569,13.1329785308
0.0,-13.6077073701,13.132632762
0.0,-13.6074151369,13.1324654921
0.0,-13.6057750957,13.1325218367
0.0,-13.6049726624,13.132000838
0.0,-13.6039022621,13.1309617346
0.0,-13.6033103308,13.1307647786
0.0,-13.6026488986,13.1312060788
0.0,-13.6020859844,13.1323511283
0.0,-13.6016660279,13.1328152639
0.0,-13.6012251225,13.1330998938
0.0,-13.6007792501,13.1329683063
0.0,-13.5996344733,13.1321368762
0.0,-13.5992527341,13.1315601234
0.0,-13.59839762,13.1307595902
0.0,-13.598119778,13.1306934952
0.0,-13.5974191741,13.130295016
0.0,-13.5964526444,13.1303112718
0.0,-13.5952722485,13.1305990316
0.0,-13.5944157417,13.1305800026
0.0,-13.5929669019,13.1300977351
0.0,-13.5925520874,13.1299957633
0.0,-13.591843889,13.1296474574
0.0,-13.5913923444,13.1292287985
0.0,-13.5909721312,13.1284515294
0.0,-13.5909818978,13.1284333389
0.0,-13.5914753287,13.1275142747
0.0,-13.5919349631,13.1265122002
0.0,-13.5927497753,13.126136347
0.0,-13.5937083127,13.12623487
0.0,-13.5949981596,13.1272967357
0.0,-13.5959181824,13.1277322963
0.0,-13.5964327036,13.1273763201
0.0,-13.5967594375,13.1265672529
0.0,-13.5970236996,13.1251550886
0.0,-13.5975259719,13.1243756792
0.0,-13.5975165488,13.1243547405
0.0,-13.5973090667,13.1238937277
0.0,-13.5965571134,13.1235164955
0.0,-13.5949047134,13.123127171
0.0,-13.5942958229,13.1220546745
0.0,-13.5942352764,13.1211143339
0.0,-13.5942374025,13.1211083139
0.0,-13.594488268,13.1203981493
0.0,-13.5952433058,13.1202300545
0.0,-13.5960611771,13.1206004737
0.0,-13.5970773276,13.1208643367
0.0,-13.5973054178,13.1206646605
0.0,-13.5974987748,13.1201347149
0.0,-13.5974944323,13.120111298
0.0,-13.5973495915,13.1193302279
0.0,-13.5962128174,13.1183911973
0.0,-13.5955944511,13.1176989629
0.0,-13.5955998845,13.1176689393
0.0,-13.5957682883,13.1167383726
0.0,-13.5967300081,13.1162700209
0.0,-13.597831999,13.1155943345
0.0,-13.598137358,13.1151080515
0.0,-13.5981296986,13.1150862979
0.0,-13.5979812478,13.1146647015
0.0,-13.5969055628,13.1150056684
0.0,-13.5962344199,13.1150139708
0.0,-13.5954949573,13.1141608196
0.0,-13.5954006724,13.1135742937
0.0,-13.5951399835,13.1122094967
0.0,-13.5948146247,13.111490156
0.0,-13.5944261558,13.1111412139
0.0,-13.5939138433,13.1111144991
0.0,-13.5934726989,13.1114469556
0.0,-13.5924311116,13.1122305892
0.0,-13.5918931698,13.1124190001
0.0,-13.591138397,13.112115888
0.0,-13.5908737839,13.1114447134
0.0,-13.5905157848,13.1100315441
0.0,-13.5905220228,13.1100194843
0.0,-13.5909845998,13.1091251932
0.0,-13.5911591568,13.1084683793
0.0,-13.5911519031,13.1084605641
0.0,-13.5908802357,13.1081678686
0.0,-13.5903586575,13.107626842
0.0,-13.5894838673,13.1069762476
0.0,-13.5882848605,13.1057287104
0.0,-13.5878583556,13.1053169477
0.0,-13.5875170045,13.1052672403
0.0,-13.5871988277,13.1054329275
0.0,-13.5870936042,13.1059944317
0.0,-13.5870901064,13.1060130949
0.0,-13.5872121577,13.106670679
0.0,-13.587310943,13.1071676554
0.0,-13.5879429753,13.1088803054
0.0,-13.5879477709,13.1088932998
0.0,-13.5878224862,13.1094666643
0.0,-13.5872369722,13.1094395363
0.0,-13.5858501535,13.108714365
0.0,-13.5847899671,13.1084813168
0.0,-13.584007531,13.108752084
0.0,-13.5831999389,13.1091542643
0.0,-13.5823458696,13.109149567
0.0,-13.5819234927,13.1083340054
0.0,-13.581373966,13.1062859279
0.0,-13.5809276064,13.1053984763
0.0,-13.5804572598,13.104439137
0.0,-13.5804641851,13.1044169644
0.0,-13.5806436982,13.1038421947
0.0,-13.5820667874,13.1024866571
0.0,-13.583708857,13.1012399479
0.0,-13.583992752,13.1006674567
0.0,-13.5839815452,13.1006545925
0.0,-13.5835321388,13.100138713
0.0,-13.5826437563,13.0997391717
0.0,-13.5813308241,13.0989067535
0.0,-13.5795628542,13.0965769026
0.0,-13.5789268647,13.0947196963
0.0,-13.5789309372,13.0946951114
0.0,-13.5790911582,13.0937279733
0.0,-13.5798876673,13.093122431
0.0,-13.5814135816,13.092975355
0.0,-13.5818182403,13.092618798
0.0,-13.581861067,13.0915307286
0.0,-13.5818599331,13.0915288791
0.0,-13.5818612722,13.0914948521
0.0,-13.581015135,13.0901148696
0.0,-13.5804798661,13.0891578102
0.0,-13.5807685858,13.0884272402
0.0,-13.5813694636,13.0878923713
0.0,-13.5816526611,13.0874394713
0.0,-13.5816508857,13.0874067616
0.0,-13.5815754016,13.086015879
0.0,-13.5812504515,13.085236733
0.0,-13.5804460861,13.0850887972
0.0,-13.5797127967,13.0853119919
0.0,-13.5790140504,13.0858941553
0.0,-13.578807493,13.0866281056
0.0,-13.5788023361,13.0866464314
0.0,-13.5789577816,13.087197418
0.0,-13.5795707484,13.0882477524
0.0,-13.5795739484,13.0882532357
0.0,-13.5795096602,13.0888269328
0.0,-13.5791895826,13.0893274645
0.0,-13.5785305773,13.0893597127
0.0,-13.5775662279,13.0894500739
0.0,-13.576671921,13.090090948
0.0,-13.5757592262,13.09180806
0.0,-13.5747244472,13.0935364521
0.0,-13.5736560113,13.0947504005
0.0,-13.5726289187,13.0951393769
0.0,-13.5712512556,13.0949643193
0.0,-13.5702407058,13.0945999396
0.0,-13.5691829463,13.0939602301
0.0,-13.5680277992,13.0932840979
0.0,-13.5669645205,13.0936010948
0.0,-13.566087632,13.0933331173
0.0,-13.5656771878,13.092577399
0.0,-13.5656840066,13.0925536949
0.0,-13.5659760082,13.0915385996
0.0,-13.5669844997,13.0901449622
0.0,-13.5678515965,13.0899943057
0.0,-13.5697327965,13.0917029652
0.0,-13.5711423521,13.0926914416
0.0,-13.5719721673,13.0926601579
0.0,-13.5724629275,13.0921845009
0.0,-13.572453464,13.0921579962
0.0,-13.5720907172,13.0911419779
0.0,-13.5720712768,13.0902807974
0.0,-13.5720722432,13.0902785662
0.0,-13.5727637013,13.0886820756
0.0,-13.5727585616,13.0886585419
0.0,-13.5726329442,13.0880833846
0.0,-13.5718673808,13.0875529382
0.0,-13.5699034776,13.0874942252
0.0,-13.568807009,13.0872250418
0.0,-13.5685898963,13.0867933017
0.0,-13.5685918066,13.0867608104
0.0,-13.5686440105,13.0858727331
0.0,-13.5690133849,13.0852887743
0.0,-13.5703989189,13.084088558
0.0,-13.5711225586,13.0834228411
0.0,-13.5711191402,13.0833903003
0.0,-13.5710068996,13.0823219407
0.0,-13.5709287356,13.0810657769
0.0,-13.5709307174,13.0810584219
0.0,-13.5710284667,13.080695589
0.0,-13.5716656652,13.0802087813
0.0,-13.5733121875,13.0802896402
0.0,-13.5744000764,13.0799249086
0.0,-13.5749885375,13.0794258635
0.0,-13.5754813231,13.078591427
0.0,-13.5754746844,13.0785671393
0.0,-13.575242346,13.0777170747
0.0,-13.5752143291,13.0762219988
0.0,-13.5752149706,13.0762093615
0.0,-13.5752555954,13.0754089883
0.0,-13.5752542957,13.0754027751
0.0,-13.5749350015,13.0738764207
0.0,-13.5749388218,13.0738578209
0.0,-13.575261309,13.0722876234
0.0,-13.5754203241,13.0700879753
0.0,-13.5754189463,13.0700739971
0.0,-13.5753165701,13.069034978
0.0,-13.5729787956,13.0661279111
0.0,-13.5722026755,13.0653223472
0.0,-13.5717743436,13.0655591683
0.0,-13.571036912,13.066511841
0.0,-13.5705369661,13.0664731988
0.0,-13.5699319125,13.0656207372
0.0,-13.5687451138,13.0641072902
0.0,-13.568027871,13.0636727814
0.0,-13.5674434703,13.0636217765
0.0,-13.5674891224,13.0661334211
0.0,-13.5674884493,13.0661436507
0.0,-13.5674889155,13.0661692983
0.0,-13.56743543,13.0669822371
0.0,-13.5668477469,13.0673497186
0.0,-13.5657991976,13.0672482277
0.0,-13.5644783179,13.066588977
0.0,-13.5634511849,13.0661349289
0.0,-13.5625976854,13.0660584279
0.0,-13.5616844401,13.0657663235
0.0,-13.559946605,13.064620513
0.0,-13.5587909789,13.0661568228
0.0,-13.5580524685,13.0672703598
0.0,-13.558403378,13.0677811258
0.0,-13.559380187,13.0676311014
0.0,-13.559893994,13.0673828197
0.0,-13.5607286418,13.0665024804
0.0,-13.5613761467,13.0663386547
0.0,-13.5617892438,13.0666279777
0.0,-13.5619556643,13.0673823405
0.0,-13.5619535696,13.0674096643
0.0,-13.5619554566,13.0674182177
0.0,-13.5618894767,13.0682789215
0.0,-13.5613358172,13.069089073
0.0,-13.5600733661,13.0701105412
0.0,-13.5598668604,13.0707105452
0.0,-13.5597852248,13.070947735
0.0,-13.5599399907,13.0728497159
0.0,-13.5606191532,13.0735411613
0.0,-13.5613363718,13.0739816709
0.0,-13.5615245832,13.0745922082
0.0,-13.5615339507,13.0746225944
0.0,-13.5608729756,13.0750016103
0.0,-13.5594221735,13.0748380527
0.0,-13.5576287402,13.0759043801
0.0,-13.5564167744,13.0766271256
0.0,-13.555396605,13.0768845253
0.0,-13.5546664945,13.0765635193
0.0,-13.5543152595,13.0761250405
0.0,-13.5540942067,13.0753285109
0.0,-13.5536975907,13.0743037726
0.0,-13.5528055918,13.0735034857
0.0,-13.5523704694,13.0728074104
0.0,-13.5521544777,13.0721902973
0.0,-13.5518819178,13.0718598906
0.0,-13.5515047606,13.0716843664
0.0,-13.5508884329,13.0717287475
0.0,-13.5496366404,13.0719609085
0.0,-13.5487695683,13.0721174893
0.0,-13.5482145145,13.0721143708
0.0,-13.5477341935,13.0718485681
0.0,-13.5472190955,13.0712716287
0.0,-13.5466637887,13.0702699086
0.0,-13.5462817995,13.0698790843
0.0,-13.5453850018,13.0688634817
0.0,-13.5450806229,13.067719661
0.0,-13.5450870858,13.0677072818
0.0,-13.545080833,13.067683785
0.0,-13.545420116,13.0670339164
0.0,-13.5470479116,13.0671686444
0.0,-13.547884959,13.0669281846
0.0,-13.5484359282,13.066584461
0.0,-13.548975816,13.0660493267
0.0,-13.5492019564,13.0654588498
0.0,-13.5485390529,13.0645938248
0.0,-13.5484745114,13.0641569491
0.0,-13.5484793753,13.0641525785
0.0,-13.5488117534,13.0638538819
0.0,-13.5505450704,13.0636722584
0.0,-13.5508169268,13.0630758188
0.0,-13.5508137267,13.0630474223
0.0,-13.5507299367,13.0623039583
0.0,-13.5507334977,13.0622978238
0.0,-13.550730146,13.0622680813
0.0,-13.5511799247,13.0614932502
0.0,-13.5519100554,13.0607558655
0.0,-13.5538285534,13.0601925576
0.0,-13.5546058321,13.059736471
0.0,-13.5550396909,13.0591320599
0.0,-13.5546724922,13.0587621608
0.0,-13.5527223904,13.0584702111
0.0,-13.5524223069,13.0576313824
0.0,-13.5524306882,13.0576183483
0.0,-13.5524225159,13.0575955053
0.0,-13.5527979753,13.0570116022
0.0,-13.5537505779,13.055773165
0.0,-13.5542687446,13.0547714815
0.0,-13.5543779247,13.0541789234
0.0,-13.5541485226,13.0534194094
0.0,-13.5536575247,13.0528964356
0.0,-13.5527520742,13.0523233055
0.0,-13.5519655443,13.0522770472
0.0,-13.5515014271,13.0523761029
0.0,-13.5509252622,13.0528632069
0.0,-13.5503965281,13.0535837807
0.0,-13.5501870331,13.0539473651
0.0,-13.5497816709,13.0544294431
0.0,-13.54890605,13.0550165163
0.0,-13.5481227138,13.0554665723
0.0,-13.5474880802,13.0565632613
0.0,-13.546954207,13.0571163683
0.0,-13.5465560506,13.0574071325
0.0,-13.5458051935,13.0575165242
0.0,-13.5452083183,13.0573696567
0.0,-13.5446732412,13.0570856041
0.0,-13.5440867398,13.0562092786
0.0,-13.5440310017,13.0553120212
0.0,-13.5436924313,13.0548018472
0.0,-13.5428956968,13.054414665
0.0,-13.5419283339,13.0540026007
0.0,-13.5415050491,13.0533783345
0.0,-13.5414500214,13.052361489
0.0,-13.5412231112,13.0518278215
0.0,-13.5407181139,13.0513228886
0.0,-13.5404816572,13.0510823702
0.0,-13.5394960849,13.0506582357
0.0,-13.5383898017,13.0500181505
0.0,-13.5380584727,13.0493166643
0.0,-13.5377297122,13.0481786813
0.0,-13.5376499865,13.0472155138
0.0,-13.537652979,13.0472132445
0.0,-13.5380727048,13.0468950032
0.0,-13.5385608238,13.0468618818
0.0,-13.5403157495,13.0471348881
0.0,-13.5418112324,13.0469280524
0.0,-13.5426798979,13.0464844732
0.0,-13.5435342618,13.0463995879
0.0,-13.5442989978,13.0459972761
0.0,-13.5445643965,13.0454606019
0.0,-13.5445548434,13.0454444677
0.0,-13.544322822,13.0450526285
0.0,-13.5435305351,13.0449524982
0.0,-13.5427605787,13.0452052889
0.0,-13.5418059741,13.0457440582
0.0,-13.5410352075,13.0461343693
0.0,-13.5403756205,13.0462861209
0.0,-13.5400061532,13.0458475248
0.0,-13.5400199404,13.0458277651
0.0,-13.5403136907,13.0454067678
0.0,-13.5424738945,13.0441691995
0.0,-13.5434600004,13.0434571953
0.0,-13.5434871609,13.0429849579
0.0,-13.5434855273,13.0429811275
0.0,-13.543198375,13.0423076349
0.0,-13.5421590617,13.0416918631
0.0,-13.5402063851,13.0408257758
0.0,-13.5391422698,13.0402816086
0.0,-13.5379464833,13.0393121419
0.0,-13.5371204388,13.0387334343
0.0,-13.5353491233,13.039183852
0.0,-13.5344585434,13.0392087115
0.0,-13.5337954107,13.0389298963
0.0,-13.5335131776,13.0381808475
0.0,-13.5335193815,13.0381608752
0.0,-13.5340415951,13.0364796518
0.0,-13.5340359634,13.0364625849
0.0,-13.5338498558,13.0358985447
0.0,-13.5333762543,13.0353268941
0.0,-13.5330246077,13.0351882793
0.0,-13.532257975,13.0353880735
0.0,-13.5320886779,13.0355314125
0.0,-13.531204134,13.0367386376
0.0,-13.5306383358,13.0375366944
0.0,-13.5302285909,13.0387601871
0.0,-13.529795331,13.0398340543
0.0,-13.5289535044,13.0398651512
0.0,-13.5282731432,13.0394068358
0.0,-13.5283687223,13.0387137467
0.0,-13.5289362262,13.0376286849
0.0,-13.5294310012,13.0364654743
0.0,-13.5291093083,13.0351720552
0.0,-13.5288098105,13.0345325817
0.0,-13.5286878865,13.0342428254
0.0,-13.5282627573,13.0339414307
0.0,-13.5279324486,13.0341069827
0.0,-13.5274975571,13.0347915867
0.0,-13.5270380501,13.0358120606
0.0,-13.5262831507,13.0366150113
0.0,-13.5256952458,13.0370242567
0.0,-13.5250350772,13.0372776203
0.0,-13.523784195,13.0373841052
0.0,-13.5220129537,13.0367939843
0.0,-13.5210001742,13.0365260122
0.0,-13.520175547,13.0370764914
0.0,-13.5195183077,13.0378620388
0.0,-13.5189113828,13.03839075
0.0,-13.5180859385,13.038744802
0.0,-13.517445301,13.0387889719
0.0,-13.5166967778,13.0385156051
0.0,-13.5164672761,13.0381375777
0.0,-13.5166104226,13.0366315482
0.0,-13.5168335237,13.0350123638
0.0,-13.5171762402,13.0337885153
0.0,-13.5174188145,13.0329946217
0.0,-13.5173696595,13.0320316302
0.0,-13.5168885853,13.0308867797
0.0,-13.5158364772,13.0293679258
0.0,-13.5157090819,13.0282310784
0.0,-13.5157439549,13.027495792
0.0,-13.5162058863,13.0267330529
0.0,-13.5168863558,13.0261389905
0.0,-13.5192698747,13.0252796001
0.0,-13.5214223904,13.0242932971
0.0,-13.5226864292,13.0240134843
0.0,-13.524240137,13.0242495574
0.0,-13.5256719894,13.0244669904
0.0,-13.526649374,13.0241915065
0.0,-13.5270668116,13.0237274708
0.0,-13.5272159969,13.0232499506
0.0,-13.5268296325,13.0225840207
0.0,-13.5260811064,13.0223166637
0.0,-13.5243371956,13.0222768459
0.0,-13.522602999,13.0216271551
0.0,-13.5222838354,13.0209436638
0.0,-13.5222206895,13.0202795694
0.0,-13.5224852847,13.019880445
0.0,-13.5236497828,13.0199289353
0.0,-13.5265949432,13.0199875433
0.0,-13.5274754444,13.0195919118
0.0,-13.5280514947,13.0191168141
0.0,-13.5283042366,13.0186578194
0.0,-13.5282527411,13.0180834859
0.0,-13.5274170632,13.0170861291
0.0,-13.5270751581,13.0161214726
0.0,-13.5271392817,13.0155896527
0.0,-13.5277971737,13.014678508
0.0,-13.5295598938,13.0135882594
0.0,-13.5302302493,13.0126293415
0.0,-13.5312572378,13.0111701532
0.0,-13.5313042529,13.0104349268
0.0,-13.5311834126,13.0092084231
0.0,-13.5310348278,13.0075153523
0.0,-13.5307230544,13.0066106665
0.0,-13.5304441737,13.0063340251
0.0,-13.5294697176,13.0061251999
0.0,-13.5291882313,13.0062910343
0.0,-13.5286959279,13.0070476543
0.0,-13.5283152873,13.0074820069
0.0,-13.5278438123,13.0078082114
0.0,-13.5275928125,13.0079742167
0.0,-13.527055635,13.0080668417
0.0,-13.526375111,13.0076503864
0.0,-13.5259832707,13.0068827731
0.0,-13.5260519228,13.0063066737
0.0,-13.5262658776,13.0053917201
0.0,-13.5262231135,13.0047463824
0.0,-13.5260453052,13.0042943769
0.0,-13.5257392879,13.0038644792
0.0,-13.5250197693,13.0034607762
0.0,-13.5233382981,13.0052551979
0.0,-13.5225419255,13.0060327714
0.0,-13.5212096798,13.0058710468
0.0,-13.5197053249,13.0062620882
0.0,-13.5185904008,13.0077400113
0.0,-13.5179700373,13.0092664229
0.0,-13.5176680088,13.0101267243
0.0,-13.5170699167,13.0108426129
0.0,-13.5163974277,13.0113411414
0.0,-13.5154924726,13.0117698331
0.0,-13.5144872533,13.0124148801
0.0,-13.5138323906,13.0128849573
0.0,-13.5131576783,13.0137545335
0.0,-13.5126147181,13.0140083157
0.0,-13.5117124811,13.0138379976
0.0,-13.5110275095,13.0136395583
0.0,-13.5102512745,13.0129843029
0.0,-13.5098588774,13.0122464142
0.0,-13.5095076073,13.0107764493
0.0,-13.5091437724,13.0102834064
0.0,-13.5088776109,13.0100078557
0.0,-13.5081520126,13.0096497427
0.0,-13.5071356988,13.0095972285
0.0,-13.5064003642,13.0095254916
0.0,-13.5058546291,13.0092711647
0.0,-13.5051189005,13.0086617995
0.0,-13.5049304786,13.0080441695
0.0,-13.5047907517,13.007072876
0.0,-13.5045848334,13.0064608538
0.0,-13.5042194664,13.0059275255
0.0,-13.5029446427,13.005229726
0.0,-13.5018529603,13.0047610198
0.0,-13.5012792642,13.0043181352
0.0,-13.5011717392,13.0038037273
0.0,-13.5012747202,13.0033054713
0.0,-13.5016492365,13.0028393065
0.0,-13.502534002,13.0014347177
0.0,-13.5027557693,13.0005766633
0.0,-13.5027211897,12.999775063
0.0,-13.5030874545,12.9978074661
0.0,-13.5035776593,12.9965164621
0.0,-13.5045076669,12.9941272685
0.0,-13.5049628288,12.9937533261
0.0,-13.5060763324,12.9936052444
0.0,-13.5074245191,12.9937288592
0.0,-13.5085294436,12.9933682968
0.0,-13.5105085113,12.9917189101
0.0,-13.5120317178,12.9905593251
0.0,-13.5140184629,12.9892672032
0.0,-13.5142193951,12.9885924685
0.0,-13.5134806562,12.9869854338
0.0,-13.5118971644,12.985045277
0.0,-13.5109782408,12.983939291
0.0,-13.5084300533,12.9819742792
0.0,-13.5060104155,12.9799230864
0.0,-13.5054940387,12.979012506
0.0,-13.5063306685,12.977404851
0.0,-13.5067074788,12.9757891016
0.0,-13.5070099125,12.974152437
0.0,-13.5067890734,12.9723333818
0.0,-13.5063315589,12.971350107
0.0,-13.5055438153,12.9705323635
0.0,-13.5042790922,12.9699510588
0.0,-13.5027694997,12.9695357687
0.0,-13.5013308557,12.9694916103
0.0,-13.5000476501,12.969962582
0.0,-13.4992112161,12.9707054052
0.0,-13.4987364676,12.971404157
0.0,-13.4986674632,12.9723703602
0.0,-13.4984932333,12.9729553499
0.0,-13.4981241157,12.9735033377
0.0,-13.4975987018,12.9736796906
0.0,-13.4970160185,12.9735931361
0.0,-13.4966373144,12.9735557422
0.0,-13.4957105567,12.9731485603
0.0,-13.4953683727,12.9728667394
0.0,-13.4949189908,12.9721609473
0.0,-13.4950707957,12.9712505433
0.0,-13.4955008901,12.9690788702
0.0,-13.4955922346,12.9672711852
0.0,-13.4956701383,12.9664823358
0.0,-13.4962882697,12.9658903446
0.0,-13.4968890085,12.9657574803
0.0,-13.4983537786,12.965507618
0.0,-13.4989784002,12.9650519909
0.0,-13.499868547,12.9642391188
0.0,-13.5013994525,12.9639393905
0.0,-13.5027607559,12.9638611172
0.0,-13.5063671091,12.9639607613
0.0,-13.5082766078,12.963971709
0.0,-13.5088859369,12.9636236008
0.0,-13.5094019061,12.9629807614
0.0,-13.5102646534,12.960617785
0.0,-13.5113970483,12.9584285575
0.0,-13.51215647,12.9574426775
0.0,-13.5132752577,12.9563081602
0.0,-13.5155373973,12.9560627431
0.0,-13.5166142341,12.9558320851
0.0,-13.5168441265,12.955309581
0.0,-13.5167364147,12.9537303533
0.0,-13.5162037947,12.9522491643
0.0,-13.5147785291,12.949550227
0.0,-13.5138371441,12.9479160194
0.0,-13.5126928069,12.9459649288
0.0,-13.5109167103,12.9444551088
0.0,-13.5094862358,12.9438800699
0.0,-13.5083319645,12.9436079753
0.0,-13.5072197537,12.9436446628
0.0,-13.5058058976,12.943966637
0.0,-13.5046473976,12.9444048755
0.0,-13.5038480818,12.9447231864
0.0,-13.5033428829,12.9447920414
0.0,-13.5025751399,12.9447230542
0.0,-13.5018450461,12.9444748931
0.0,-13.5012763669,12.9441487283
0.0,-13.5007290776,12.9439159661
0.0,-13.5001365246,12.943912558
0.0,-13.4998423174,12.9441763587
0.0,-13.4997129753,12.9450079686
0.0,-13.5003352331,12.9458724096
0.0,-13.5015438364,12.9471352648
0.0,-13.5021389138,12.9479423378
0.0,-13.5021428856,12.9485020486
0.0,-13.5019787272,12.9490392654
0.0,-13.501377215,12.9493084758
0.0,-13.5002823381,12.9493311563
0.0,-13.4986841297,12.9490860187
0.0,-13.4970523912,12.9485038124
0.0,-13.4965911857,12.9475028409
0.0,-13.4964799814,12.9465693516
0.0,-13.4958533038,12.9453383042
0.0,-13.4946428493,12.9440711542
0.0,-13.4936669805,12.942641698
0.0,-13.4931892105,12.9416242611
0.0,-13.4933097397,12.9410030594
0.0,-13.4953199726,12.9396726734
0.0,-13.4966301125,12.9382236748
0.0,-13.4971879598,12.9370158219
0.0,-13.4986042515,12.9345527427
0.0,-13.4994039758,12.9319551821
0.0,-13.5000786805,12.9307316256
0.0,-13.5024652102,12.9306307702
0.0,-13.5046485074,12.931036069
0.0,-13.5061577228,12.9325667368
0.0,-13.5072243564,12.9327692309
0.0,-13.5078436258,12.9324454558
0.0,-13.5082143781,12.9318256724
0.0,-13.5082705562,12.9307949449
0.0,-13.5078614993,12.9291245425
0.0,-13.5077167113,12.9285332897
0.0,-13.5071738195,12.9272372828
0.0,-13.5059461116,12.9260682831
0.0,-13.5045371336,12.9245218266
0.0,-13.5026309762,12.9224160753
0.0,-13.5018659656,12.9192039848
0.0,-13.5016636166,12.9167643151
0.0,-13.501480292,12.9139319748
0.0,-13.5016732663,12.9123455949
0.0,-13.5021330657,12.9107771097
0.0,-13.5018208664,12.9099733947
0.0,-13.4991225408,12.9092378169
0.0,-13.4939540161,12.9086843822
0.0,-13.4918712287,12.9082468635
0.0,-13.4909958825,12.906768892
0.0,-13.490089636,12.9048815961
0.0,-13.4887595629,12.9041210869
0.0,-13.4871347256,12.9024423842
0.0,-13.4847933671,12.9006285973
0.0,-13.4819024265,12.8986643127
0.0,-13.4801922861,12.8973123939
0.0,-13.4793284872,12.8967018426
0.0,-13.4784802857,12.8962714029
0.0,-13.4775954591,12.8963808154
0.0,-13.4765243593,12.8969473795
0.0,-13.47500245,12.8975767733
0.0,-13.47294989,12.8976793593
0.0,-13.4687953231,12.8977859994
0.0,-13.4665779407,12.8975602578
0.0,-13.4650973542,12.8968805848
0.0,-13.4636318605,12.8964628428
0.0,-13.4628354363,12.8957544438
0.0,-13.4629252375,12.894707574
0.0,-13.4633048143,12.8926477377
0.0,-13.4636460293,12.8914059553
0.0,-13.4646019288,12.8878438626
0.0,-13.4651116328,12.8863248486
0.0,-13.4661886811,12.8847764271
0.0,-13.4673967732,12.8836215405
0.0,-13.4678056696,12.8822164885
0.0,-13.4676924855,12.8816266629
0.0,-13.4643017827,12.8796101971
0.0,-13.4627050391,12.8788480128
0.0,-13.4624420427,12.8782082108
0.0,-13.4626630791,12.8775221522
0.0,-13.4634168895,12.8770028751
0.0,-13.464786973,12.8766344975
0.0,-13.4668043039,12.8768099677
0.0,-13.4686743971,12.876509957
0.0,-13.4701240032,12.8767802767
0.0,-13.4715221837,12.8772794081
0.0,-13.4726901144,12.8772371222
0.0,-13.4734258381,12.8769468283
0.0,-13.4739499632,12.8757879173
0.0,-13.4741866254,12.8747593586
0.0,-13.4742583288,12.8744477261
0.0,-13.4740640066,12.8734810188
0.0,-13.4727059377,12.8718692705
0.0,-13.4704646397,12.8701214377
0.0,-13.4683016072,12.8692250612
0.0,-13.4663225668,12.8682479168
0.0,-13.4638350386,12.8658603351
0.0,-13.4611650794,12.8633080083
0.0,-13.4593943584,12.8610064272
0.0,-13.4575699336,12.8593100481
0.0,-13.4542431664,12.8578878891
0.0,-13.4535270009,12.8574053106
0.0,-13.4519429227,12.8557493051
0.0,-13.4514447216,12.8531117228
0.0,-13.4506273746,12.8492561149
0.0,-13.4520258429,12.8477814537
0.0,-13.4537053377,12.8461888494
0.0,-13.4554312964,12.8449672327
0.0,-13.4563586359,12.8447933008
0.0,-13.4580015306,12.8451975998
0.0,-13.4593136939,12.8458750062
0.0,-13.4604099368,12.8479862215
0.0,-13.461208056,12.8490193759
0.0,-13.4636740076,12.8503732288
0.0,-13.4650726918,12.8508597727
0.0,-13.4670222988,12.8509429204
0.0,-13.4688235532,12.851372001
0.0,-13.4704050002,12.8518715432
0.0,-13.4719868161,12.8523112833
0.0,-13.4766044373,12.8526012262
0.0,-13.477910056,12.8523576606
0.0,-13.4785255721,12.8513447069
0.0,-13.4792113049,12.8487894331
0.0,-13.4787161422,12.8480331412
0.0,-13.4776596298,12.8473931853
0.0,-13.4761422283,12.8463798194
0.0,-13.4748259673,12.8463721769
0.0,-13.4730346798,12.8463139293
0.0,-13.4709281822,12.8459787761
0.0,-13.4701256851,12.8456631661
0.0,-13.4686709318,12.8443750676
0.0,-13.4680297786,12.8435820306
0.0,-13.4675385012,12.8421919153
0.0,-13.4672682534,12.8385189102
0.0,-13.4670790422,12.8355519629
0.0,-13.4667325022,12.8344138308
0.0,-13.4666620617,12.8339709351
0.0,-13.4667211708,12.8322611354
0.0,-13.468091747,12.8313363207
0.0,-13.4697441278,12.830161998
0.0,-13.4722872805,12.8288014957
0.0,-13.4733538009,12.8277672502
0.0,-13.4749551562,12.8269633251
0.0,-13.4798645392,12.8252696399
0.0,-13.4804034765,12.8248183083
0.0,-13.4804697912,12.8239217574
0.0,-13.4793908077,12.8209496583
0.0,-13.4780139418,12.8168516767
0.0,-13.4772834462,12.8147067678
0.0,-13.4766124536,12.8128013847
0.0,-13.4767795658,12.8113552988
0.0,-13.4770816543,12.8097545242
0.0,-13.4768085171,12.80653594
0.0,-13.4767669573,12.8053397875
0.0,-13.4762324415,12.805061635
0.0,-13.4737794638,12.8056573455
0.0,-13.4718488667,12.8044980764
0.0,-13.4699162678,12.8036736376
0.0,-13.4667595715,12.8037629113
0.0,-13.4635026406,12.804306007
0.0,-13.4624575147,12.8038335051
0.0,-13.4617696864,12.8027172971
0.0,-13.4614250116,12.8012801982
0.0,-13.4610752621,12.7986710825
0.0,-13.4626970412,12.7964800825
0.0,-13.464266112,12.792925428
0.0,-13.4655526895,12.7917489721
0.0,-13.466232683,12.7901264942
0.0,-13.4672022268,12.786962974
0.0,-13.4672632321,12.7849302827
0.0,-13.4674263213,12.7841538897
0.0,-13.4676966173,12.7837847281
0.0,-13.468589477,12.783227835
0.0,-13.4707168552,12.7820323074
0.0,-13.4713790611,12.7813305579
0.0,-13.4713456005,12.7808161213
0.0,-13.4705709794,12.7799505755
0.0,-13.4693602479,12.7786639302
0.0,-13.4686177253,12.7785400308
0.0,-13.4678230062,12.7789898629
0.0,-13.4663417772,12.7801293308
0.0,-13.4655096305,12.7807224461
0.0,-13.4643829582,12.7816606588
0.0,-13.4635109222,12.7828036521
0.0,-13.4629066489,12.7839960386
0.0,-13.4622220714,12.7843627794
0.0,-13.461576146,12.7843829313
0.0,-13.4608749487,12.7834699514
0.0,-13.460505333,12.782264795
0.0,-13.4602478009,12.780491933
0.0,-13.4601253209,12.7794245096
0.0,-13.4601149844,12.7781796112
0.0,-13.4596340642,12.777112448
0.0,-13.4586007901,12.7744255773
0.0,-13.4585723073,12.7742807789
0.0,-13.4582455729,12.7730023826
0.0,-13.4578126047,12.7700579258
0.0,-13.4577157108,12.7679525655
0.0,-13.4581232103,12.7670580151
0.0,-13.4589705484,12.7659627275
0.0,-13.4617506956,12.7635871178
0.0,-13.4620120424,12.7626797488
0.0,-13.4613767259,12.760953941
0.0,-13.4605123082,12.7580601666
0.0,-13.4604855084,12.7579568225
0.0,-13.4602126163,12.7573947578
0.0,-13.4601047969,12.7564374541
0.0,-13.4589359686,12.7535609667
0.0,-13.4576843548,12.7510063849
0.0,-13.4575561351,12.7500489115
0.0,-13.4578928339,12.749614818
0.0,-13.4592523036,12.7496043548
0.0,-13.4609295654,12.7502718729
0.0,-13.4626455522,12.7505808334
0.0,-13.4646147186,12.7513337404
0.0,-13.4665721297,12.7499937198
0.0,-13.4657916888,12.7480876928
0.0,-13.4657989607,12.7468798645
0.0,-13.4661056895,12.7465228699
0.0,-13.466668183,12.7461793166
0.0,-13.4680472056,12.7457926567
0.0,-13.4687700818,12.7451151719
0.0,-13.4688854733,12.7441591094
0.0,-13.4682098559,12.7430549575
0.0,-13.466924614,12.7420309862
0.0,-13.4665286316,12.7410241249
0.0,-13.4663426313,12.7395401151
0.0,-13.4656866519,12.7392253752
0.0,-13.4645294674,12.7391947454
0.0,-13.4629463334,12.7390898813
0.0,-13.4618659249,12.7384497713
0.0,-13.4610430826,12.7375241365
0.0,-13.4608920734,12.7363034297
0.0,-13.460417777,12.7341480339
0.0,-13.4599860062,12.7330213662
0.0,-13.460075106,12.7323880524
0.0,-13.4592228903,12.7302782929
0.0,-13.4582069052,12.7290645112
0.0,-13.4578612204,12.7288897617
0.0,-13.4576703755,12.7287348549
0.0,-13.4574186045,12.7282199633
0.0,-13.4573463038,12.727585885
0.0,-13.4575926254,12.7272480512
0.0,-13.4586267947,12.726062561
0.0,-13.4595105479,12.7249626814
0.0,-13.4602387742,12.7229864871
0.0,-13.4619303811,12.7212454978
0.0,-13.4635258831,12.7208959802
0.0,-13.4649580857,12.7209616847
0.0,-13.4651826553,12.7225128901
0.0,-13.4658193767,12.7235928999
0.0,-13.4671287066,12.7246480997
0.0,-13.4692916645,12.7247467125
0.0,-13.4711342308,12.7246425452
0.0,-13.4716376888,12.7235691257
0.0,-13.471923247,12.7222648315
0.0,-13.4715767965,12.7215309317
0.0,-13.4705855293,12.72106598
0.0,-13.468699738,12.7210694397
0.0,-13.466860214,12.7206713263
0.0,-13.4648926729,12.7196840699
0.0,-13.4641748655,12.7188496125
0.0,-13.4643372431,12.7178499087
0.0,-13.4646107366,12.7172290649
0.0,-13.4650641565,12.7160817745
0.0,-13.4650100406,12.7153567373
0.0,-13.4644687841,12.7142055258
0.0,-13.4631525944,12.7130856997
0.0,-13.4629173956,12.7128251761
0.0,-13.4618465759,12.7094089784
0.0,-13.4614366939,12.7086653247
0.0,-13.4610837464,12.7076417624
0.0,-13.4611467181,12.7063584545
0.0,-13.4611526955,12.7063448786
0.0,-13.4623746387,12.7063290627
0.0,-13.4642069157,12.7066984519
0.0,-13.4654420965,12.7066984255
0.0,-13.4664468989,12.7048960122
0.0,-13.4667277186,12.7043809989
0.0,-13.467421723,12.7019955689
0.0,-13.4685929858,12.6992397623
0.0,-13.4691018537,12.6984749192
0.0,-13.4691966794,12.6972843318
0.0,-13.468888865,12.6962062309
0.0,-13.4681522381,12.6959508386
0.0,-13.4675742446,12.6960551355
0.0,-13.4660817354,12.696319184
0.0,-13.4643994682,12.696539074
0.0,-13.4629557422,12.6971980388
0.0,-13.4615466086,12.6981800918
0.0,-13.4608717453,12.6985923572
0.0,-13.4598211345,12.6995047237
0.0,-13.4592537299,12.7002763808
0.0,-13.4588692296,12.7010353941
0.0,-13.4583899981,12.7023145805
0.0,-13.4581380961,12.7028799792
0.0,-13.4570472878,12.703182183
0.0,-13.4560640664,12.7038222556
0.0,-13.4554092853,12.7045359899
0.0,-13.4552268606,12.7056973526
0.0,-13.4545884896,12.7073224631
0.0,-13.4537167391,12.7076546286
0.0,-13.4528898806,12.7078148423
0.0,-13.4523108584,12.7080841308
0.0,-13.4514427618,12.7090190476
0.0,-13.4510330494,12.7090884093
0.0,-13.4497722417,12.7084926565
0.0,-13.4485165731,12.7082556996
0.0,-13.4476978907,12.708272436
0.0,-13.4469367174,12.7084473659
0.0,-13.445885385,12.7082618216
0.0,-13.4444360608,12.7074209757
0.0,-13.4431952406,12.7071482052
0.0,-13.4426705615,12.7068939855
0.0,-13.442485132,12.7061394779
0.0,-13.441950999,12.7050385021
0.0,-13.4408534272,12.7040490214
0.0,-13.439723654,12.7035472767
0.0,-13.438970502,12.7036074245
0.0,-13.4382740199,12.7039620963
0.0,-13.4369646714,12.7053392389
0.0,-13.436101561,12.7066472498
0.0,-13.4352752025,12.7079195973
0.0,-13.4344334141,12.7081298912
0.0,-13.4338142624,12.7077889925
0.0,-13.4334324548,12.7068826384
0.0,-13.4333494585,12.7061143815
0.0,-13.4334946265,12.7058808429
0.0,-13.434790824,12.705063323
0.0,-13.4361116678,12.7041981059
0.0,-13.4363358898,12.7033862154
0.0,-13.4361595445,12.7023447426
0.0,-13.4359572292,12.7015662155
0.0,-13.4365235964,12.7005769556
0.0,-13.4376122529,12.6998299497
0.0,-13.439296646,12.699265827
0.0,-13.4395325223,12.6985377142
0.0,-13.4403379534,12.698291308
0.0,-13.4413986603,12.698130113
0.0,-13.4428290698,12.6972654989
0.0,-13.4442376539,12.6959821809
0.0,-13.4438528321,12.6951667102
0.0,-13.4429793519,12.6945875539
0.0,-13.4419442587,12.6945456048
0.0,-13.4411727575,12.695222741
0.0,-13.4399698428,12.6967344712
0.0,-13.4393081721,12.6973763696
0.0,-13.438910423,12.6980832005
0.0,-13.4371241615,12.6985749669
0.0,-13.4356979706,12.6987459501
0.0,-13.4346344882,12.6981656481
0.0,-13.4343815566,12.697697755
0.0,-13.4343204818,12.6969296272
0.0,-13.4361578031,12.6964525305
0.0,-13.4380946793,12.695229763
0.0,-13.4394045327,12.6937593307
0.0,-13.4397325608,12.6926992971
0.0,-13.4398511027,12.6912362075
0.0,-13.4395686712,12.6908111988
0.0,-13.4390081023,12.6904563092
0.0,-13.437992997,12.6903355333
0.0,-13.4368290183,12.6906587537
0.0,-13.4360797495,12.6912857778
0.0,-13.4355060009,12.6918923078
0.0,-13.4348752334,12.6922617119
0.0,-13.4341962486,12.6921500777
0.0,-13.4330967836,12.691483456
0.0,-13.4324284489,12.6908265505
0.0,-13.4312355752,12.6899010562
0.0,-13.4299335309,12.6889031584
0.0,-13.4290382724,12.6883094823
0.0,-13.4287879568,12.6874182538
0.0,-13.4291313357,12.6862435216
0.0,-13.4296862393,12.6851346168
0.0,-13.4300611793,12.684770888
0.0,-13.4311731334,12.6833926046
0.0,-13.4312888562,12.6823959074
0.0,-13.4311881609,12.680938708
0.0,-13.4305794916,12.6788973014
0.0,-13.4300588607,12.6780273874
0.0,-13.4293897227,12.67765358
0.0,-13.4275418507,12.6770925422
0.0,-13.4255736665,12.6762916012
0.0,-13.4248869496,12.6750677185
0.0,-13.424247632,12.6740593773
0.0,-13.4233007549,12.6735514879
0.0,-13.4227047178,12.6734283633
0.0,-13.4217401462,12.6738172849
0.0,-13.4203345471,12.6746221461
0.0,-13.4190304287,12.6747698614
0.0,-13.4173016676,12.6746519455
0.0,-13.4164831599,12.6750536748
0.0,-13.4147342326,12.6762271857
0.0,-13.4137798959,12.6769270684
0.0,-13.4131768251,12.6779399757
0.0,-13.4126073231,12.6794314386
0.0,-13.4105450997,12.6800529348
0.0,-13.4085054445,12.6809615624
0.0,-13.4071167825,12.6809891187
0.0,-13.4059491334,12.6807309813
0.0,-13.4047578736,12.6803531087
0.0,-13.402876875,12.6792535568
0.0,-13.4004980427,12.6779118203
0.0,-13.3975681162,12.6770570566
0.0,-13.3961079041,12.6768449498
0.0,-13.3942688724,12.6768338477
0.0,-13.393085109,12.677209377
0.0,-13.3910475346,12.6777830322
0.0,-13.3897524237,12.678432923
0.0,-13.389016794,12.6792057854
0.0,-13.3885713524,12.6803152509
0.0,-13.3883567087,12.6815217855
0.0,-13.3884224113,12.6826941434
0.0,-13.3884804527,12.6832451964
0.0,-13.3888834488,12.6842378263
0.0,-13.3887027395,12.6850834113
0.0,-13.3884520235,12.6854406538
0.0,-13.387982348,12.685753515
0.0,-13.3866935821,12.6861618564
0.0,-13.3852000181,12.6865976472
0.0,-13.3831793915,12.6871737269
0.0,-13.3822266759,12.6875984406
0.0,-13.3816538663,12.688039816
0.0,-13.3812393742,12.6888696167
0.0,-13.3811118347,12.6905478444
0.0,-13.3809885579,12.6915516253
0.0,-13.3805579884,12.6926109346
0.0,-13.3800567889,12.6932823484
0.0,-13.3789441815,12.6935625671
0.0,-13.3777130107,12.6941003639
0.0,-13.3762478925,12.694651074
0.0,-13.3739203493,12.6952108453
0.0,-13.3726444028,12.6958918459
0.0,-13.3716410836,12.6961513266
0.0,-13.3689332755,12.6959816322
0.0,-13.3652931249,12.6953278244
0.0,-13.3631095422,12.69546744
0.0,-13.3621932612,12.6955191898
0.0,-13.3614160873,12.6951508524
0.0,-13.3598640785,12.694050643
0.0,-13.358562227,12.6934494509
0.0,-13.3576355491,12.6932384131
0.0,-13.3559522896,12.6934105817
0.0,-13.3536894285,12.6919461092
0.0,-13.3526239489,12.6912565429
0.0,-13.3560469982,12.6833726689
0.0,-13.3563215683,12.682299133
0.0,-13.3566867663,12.680982747
0.0,-13.3570295344,12.6796639615
0.0,-13.3572998658,12.6783345578
0.0,-13.3574730419,12.6769909938
0.0,-13.3575824142,12.6756368656
0.0,-13.3576682016,12.6742814615
0.0,-13.3577292537,12.6729247744
0.0,-13.3577282156,12.6715597941
0.0,-13.3577656823,12.6702018311
0.0,-13.3579497263,12.6688662418
0.0,-13.3582406966,12.6675448713
0.0,-13.3585506279,12.6662270068
0.0,-13.3588772258,12.6649115042
0.0,-13.35921647,12.6635972086
0.0,-13.3595672023,12.6622852428
0.0,-13.3599254024,12.6609744519
0.0,-13.3602822742,12.6596907706
0.0,-13.36810296,12.660535451
0.0,-13.3888343235,12.662772527
0.0,-13.4095679743,12.6650080406
0.0,-13.4302993068,12.6672419634
0.0,-13.451034072,12.6694743286
0.0,-13.4544918291,12.669846471
0.0,-13.4717676641,12.6717051082
0.0,-13.4840473753,12.6732071103
0.0,-13.498439905,12.6749668437
0.0,-13.500547308,12.6751324191
0.0,-13.5204176858,12.6750086943
0.0,-13.5331970497,12.6749924903
0.0,-13.5459764883,12.6749745417
0.0,-13.5587565635,12.6749571115
0.0,-13.5611957083,12.6750878464
0.0,-13.5830359926,12.6751237735
0.0,-13.5870506946,12.6751001599
0.0,-13.5872450306,12.6750990156
0.0,-13.5891649218,12.6750876439
0.0,-13.6112208073,12.6749560668
0.0,-13.6120513641,12.6761989557
0.0,-13.6125534951,12.6769881025
0.0,-13.6135368447,12.6773277324
0.0,-13.6144166706,12.6780826837
0.0,-13.61636925,12.6796749484
0.0,-13.6178568091,12.680532499
0.0,-13.6195702833,12.6820782973
0.0,-13.6208719292,12.6831608812
0.0,-13.6216585076,12.6841413422
0.0,-13.6226299696,12.6849871516
0.0,-13.6239787008,12.6858801151
0.0,-13.6255103302,12.6870090736
0.0,-13.626766959,12.6879105888
0.0,-13.6282552878,12.6885330378
0.0,-13.6290550879,12.6887722219
0.0,-13.6307392054,12.6889436393
0.0,-13.6323925467,12.6913219211
0.0,-13.6334218736,12.6917973305
0.0,-13.6345888928,12.6921378354
0.0,-13.6374794119,12.6941235333
0.0,-13.639070584,12.6944661963
0.0,-13.6405701151,12.6947270154
0.0,-13.642071185,12.6946985345
0.0,-13.6433887695,12.6945425388
0.0,-13.6453889023,12.6959088452
0.0,-13.6461782948,12.6963829846
0.0,-13.6464484487,12.6970523102
0.0,-13.6468145306,12.6979592984
0.0,-13.6479671468,12.6982980271
0.0,-13.6501329818,12.6989345027
0.0,-13.6514373804,12.6996463037
0.0,-13.6519977459,12.7001192641
0.0,-13.6524522921,12.7012335721
0.0,-13.6531818966,12.7025752921
0.0,-13.6532429462,12.704971374
0.0,-13.653469249,12.7057138558
0.0,-13.6545025834,12.7063095428
0.0,-13.654956521,12.706571222
0.0,-13.6557013969,12.7067648515
0.0,-13.6566832209,12.7074297933
0.0,-13.6578651334,12.7075186917
0.0,-13.658229656,12.7075461083
0.0,-13.658668296,12.7099441027
0.0,-13.6590654528,12.7114739833
0.0,-13.6590388296,12.7130378834
0.0,-13.6590715367,12.7138245864
0.0,-13.6596751312,12.7146232169
0.0,-13.6603131939,12.7158740537
0.0,-13.6610433021,12.7171343951
0.0,-13.6619205681,12.7184316407
0.0,-13.6618478657,12.7200043499
0.0,-13.662256282,12.72092856
0.0,-13.6622763461,12.7225921442
0.0,-13.6628208805,12.7241227658
0.0,-13.6629433142,12.7253630853
0.0,-13.6638084713,12.7272207879
0.0,-13.6644453504,12.72870667
0.0,-13.6656333233,12.7304755895
0.0,-13.6662968126,12.7303975659
0.0,-13.6671912403,12.7301850928
0.0,-13.6679805434,12.730704383
0.0,-13.6681148599,12.7314373538
0.0,-13.6684798339,12.7320901185
0.0,-13.6682688302,12.7336982984
0.0,-13.6679686084,12.7347545475
0.0,-13.6679090089,12.7355859899
0.0,-13.6679260906,12.7373851707
0.0,-13.668366705,12.7396475572
0.0,-13.6673835888,12.7427254775
0.0,-13.6670848921,12.7432664131
0.0,-13.667023316,12.7446945286
0.0,-13.667858662,12.7452230955
0.0,-13.6694950272,12.7458008938
0.0,-13.669932534,12.746123163
0.0,-13.6707060987,12.7466929693
0.0,-13.6720565047,12.7473597227
0.0,-13.6731194818,12.748395696
0.0,-13.6737697615,12.7490950908
0.0,-13.6748320475,12.7502666653
0.0,-13.6755592106,12.7521236505
0.0,-13.6769853654,12.7541739883
0.0,-13.6774391582,12.7554690787
0.0,-13.677955374,12.7568167279
0.0,-13.678202489,12.7574618505
0.0,-13.6798121426,12.7596588761
0.0,-13.6805834542,12.7604352956
0.0,-13.6809386595,12.7607928515
0.0,-13.6810216298,12.7608763705
0.0,-13.68134234,12.7612184289
0.0,-13.6825971593,12.762556762
0.0,-13.6849328763,12.7632916562
0.0,-13.6860078422,12.7638123262
0.0,-13.6885379229,12.7645933609
0.0,-13.6907534783,12.7672080827
0.0,-13.692252583,12.7676494655
0.0,-13.6930934769,12.7707093979
0.0,-13.6935790175,12.7730171892
0.0,-13.6942921924,12.7758414284
0.0,-13.6946354709,12.7772120914
0.0,-13.694779606,12.7777875982
0.0,-13.6957958164,12.7790040818
0.0,-13.6972347755,12.7804125056
0.0,-13.6994043133,12.7828370896
0.0,-13.7005742754,12.7830417518
0.0,-13.7014287332,12.7829063022
0.0,-13.7019018044,12.7828313095
0.0,-13.7030257155,12.7828097153
0.0,-13.7035396546,12.7831829129
0.0,-13.7045230942,12.7836126604
0.0,-13.7052542849,12.7847373056
0.0,-13.7078017927,12.7873535418
0.0,-13.7080212437,12.7874986863
0.0,-13.7100878199,12.7888655033
0.0,-13.7110902569,12.7910040302
0.0,-13.7130057782,12.7908400949
0.0,-13.7142881416,12.7907303393
0.0,-13.7170928341,12.7917023268
0.0,-13.718134387,12.7915808219
0.0,-13.7192440692,12.7925626226
0.0,-13.7203734917,12.7932800035
0.0,-13.7211086939,12.793746981
0.0,-13.7218483958,12.794916834
0.0,-13.7218696424,12.7963001818
0.0,-13.7227473488,12.7969240603
0.0,-13.7234576482,12.7974289401
0.0,-13.7245786329,12.7980039397
0.0,-13.7256902296,12.7986150529
0.0,-13.7272408112,12.7990601649
0.0,-13.7284131055,12.7993966778
0.0,-13.7294796868,12.7999190891
0.0,-13.7303705015,12.8003554052
0.0,-13.7314498416,12.8011655403
0.0,-13.7319949701,12.8015747015
0.0,-13.7351895214,12.8019968965
0.0,-13.7370646524,12.8027201206
0.0,-13.7389921893,12.8027735521
0.0,-13.7410075605,12.8028294036
0.0,-13.7421708206,12.804182051
0.0,-13.743990623,12.8050405777
0.0,-13.7468865741,12.8062477694
0.0,-13.7481750822,12.8074227191
0.0,-13.7488400449,12.8080290723
0.0,-13.7505120572,12.8089772648
0.0,-13.7511154876,12.8099113402
0.0,-13.7515849623,12.8103588518
0.0,-13.7528210776,12.8115371301
0.0,-13.7535271072,12.8122101175
0.0,-13.75434683,12.8136646021
0.0,-13.7548605423,12.814576105
0.0,-13.7561533487,12.8160739681
0.0,-13.7586230056,12.8175954624
0.0,-13.7599747545,12.8183522323
0.0,-13.7611974684,12.8188985106
0.0,-13.761794947,12.8191654464
0.0,-13.7629789902,12.819372097
0.0,-13.7649891405,12.8197229152
0.0,-13.7677476655,12.8208298037
0.0,-13.7700636069,12.8220874579
0.0,-13.7711567375,12.822681063
0.0,-13.7731900567,12.8251587355
0.0,-13.7742387678,12.826131009
0.0,-13.7749052418,12.8267488991
0.0,-13.7771694334,12.8281731973
0.0,-13.7778445782,12.8285978931
0.0,-13.77876307,12.8295032672
0.0,-13.7796968822,12.8304237322
0.0,-13.7813562351,12.8316675073
0.0,-13.782028692,12.8321715439
0.0,-13.7833313783,12.8333438634
0.0,-13.7849236429,12.8336947866
0.0,-13.7863332487,12.8337103404
0.0,-13.7886487549,12.8331062346
0.0,-13.7909376331,12.8343373089
0.0,-13.7916194396,12.8354160756
0.0,-13.7919978315,12.8360147703
0.0,-13.7924873069,12.8378252214
0.0,-13.792004273,12.8386457326
0.0,-13.791510904,12.8391164492
0.0,-13.7910046247,12.8395994807
0.0,-13.7902798948,12.8407443515
0.0,-13.7902541297,12.8423987354
0.0,-13.7902030749,12.8426840782
0.0,-13.7900553211,12.8435098622
0.0,-13.7901338328,12.8444324054
0.0,-13.7915396214,12.8453200968
0.0,-13.7931193866,12.84631763
0.0,-13.7940470946,12.8468472605
0.0,-13.7952764693,12.8474493165
0.0,-13.7966399577,12.8479917299
0.0,-13.7973669552,12.8482809359
0.0,-13.797700871,12.8485411151
0.0,-13.7990010275,12.8495541584
0.0,-13.8006849457,12.8500871742
0.0,-13.8006851863,12.8500881147
0.0,-13.8017522424,12.8542499811
0.0,-13.8017056065,12.8545837653
0.0,-13.8014947098,12.8560931737
0.0,-13.8012850029,12.8575659022
0.0,-13.8012005422,12.8579645833
0.0,-13.8011956644,12.8579876084
0.0,-13.8010305086,12.8587671949
0.0,-13.8009249269,12.8596889731
0.0,-13.8009250813,12.8596890507
0.0,-13.8021381995,12.8603001874
0.0,-13.8036490649,12.8603703693
0.0,-13.8046347092,12.8604381497
0.0,-13.8079559576,12.8615472287
0.0,-13.8085500786,12.8625715654
0.0,-13.8092829713,12.8639090275
0.0,-13.8092865363,12.8639155342
0.0,-13.8093341706,12.8640768392
0.0,-13.8095499034,12.8648346278
0.0,-13.8100196832,12.8665644143
0.0,-13.8100982306,12.8668494442
0.0,-13.8114118007,12.8689839187
0.0,-13.8115866568,12.869267791
0.0,-13.8119804404,12.8698753393
0.0,-13.8128490836,12.8713168008
0.0,-13.8141949145,12.8731853488
0.0,-13.8153378648,12.8750891384
0.0,-13.8163055949,12.8770015652
0.0,-13.8165330673,12.877644116
0.0,-13.817733885,12.8790057211
0.0,-13.8178566267,12.8803443258
0.0,-13.8184624153,12.8808623992
0.0,-13.8201764127,12.8828774321
0.0,-13.8201765538,12.8828776208
0.0,-13.8201770615,12.8828782179
0.0,-13.8216049395,12.8847913362
0.0,-13.822576794,12.8858625978
0.0,-13.8225768021,12.8858626421
0.0,-13.8229720633,12.8880886695
0.0,-13.8229724389,12.8880891458
0.0,-13.8255316095,12.8913378714
0.0,-13.8258156278,12.8916984107
0.0,-13.826023804,12.8919626729
0.0,-13.8261279416,12.8921000471
0.0,-13.8277621427,12.8942557879
0.0,-13.8281488393,12.8947658887
0.0,-13.830756547,12.8968389204
0.0,-13.8319714877,12.8971788673
0.0,-13.8331054166,12.8971025573
0.0,-13.8341476052,12.8969354228
0.0,-13.8354544603,12.89733001
0.0,-13.8377099322,12.8978644236
0.0,-13.8382144293,12.8983820073
0.0,-13.8385314028,12.8985512637
0.0,-13.8393510589,12.8989827863
0.0,-13.8405125366,12.8994870713
0.0,-13.8405121476,12.8994874854
0.0,-13.8405130518,12.8994878782
0.0,-13.8405139335,12.8994869409
0.0,-13.8430488374,12.9003059675
0.0,-13.8470910003,12.902257503
0.0,-13.8488963238,12.9026168802
0.0,-13.849709828,12.9022932284
0.0,-13.851960837,12.9013935543
0.0,-13.8541703472,12.900068685
0.0,-13.8551385749,12.8994862497
0.0,-13.8583140404,12.8985609081
0.0,-13.8604698564,12.8997898495
0.0,-13.8610563527,12.899393079
0.0,-13.8619758577,12.8987687032
0.0,-13.862799789,12.8984245455
0.0,-13.8641152869,12.8978719083
0.0,-13.8672713107,12.8983904843
0.0,-13.8692242367,12.9001061537
0.0,-13.8708563784,12.9011106315
0.0,-13.8765354123,12.8986126707
0.0,-13.8780969561,12.8977152505
0.0,-13.8810697386,12.8976283762
0.0,-13.8833924595,12.8967903924
0.0,-13.8860694113,12.8959118975
0.0,-13.8878303928,12.8953789616
0.0,-13.8917955351,12.894880433
0.0,-13.8931611122,12.8951383373
0.0,-13.8942930211,12.894293384
0.0,-13.8962472879,12.8928287977
0.0,-13.8962998458,12.8928061892
0.0,-13.8977448358,12.892107206
0.0,-13.8991883993,12.8914045275
0.0,-13.8991894376,12.8914048402
0.0,-13.8991918195,12.8914055591
0.0,-13.9036849729,12.8927606052
0.0,-13.9048998256,12.8931454257
0.0,-13.9057567562,12.8934067665
0.0,-13.9071542166,12.8938329467
0.0,-13.9093133699,12.8950299999
0.0,-13.9104689473,12.8956675201
0.0,-13.9113981412,12.8958995232
0.0,-13.9124967475,12.8961718102
0.0,-13.9142202978,12.8962953045
0.0,-13.9156879017,12.8962191877
0.0,-13.9164530774,12.8963466142
0.0,-13.9169138756,12.8964247296
0.0,-13.9169149638,12.8964262901
0.0,-13.9169160063,12.8964264635
0.0,-13.9177963933,12.8976870197
0.0,-13.9176779849,12.8995712402
0.0,-13.9184838989,12.8993141136
0.0,-13.9194638477,12.8990014553
0.0,-13.9214307102,12.8983562632
0.0,-13.9222439995,12.8980894734
0.0,-13.9237035564,12.8989741765
0.0,-13.9237036602,12.8989746824
0.0,-13.9241026097,12.9009198664
0.0,-13.9241045112,12.9009204818
0.0,-13.925602835,12.9014056004
0.0,-13.9287102959,12.9011306063
0.0,-13.9299776736,12.9016576232
0.0,-13.9327494568,12.9037992196
0.0,-13.9333332712,12.9042502548
0.0,-13.9335601844,12.905408246
0.0,-13.9423810679,12.907883737
0.0,-13.9563249113,12.9117962435
0.0,-13.9564246064,12.9119277394
0.0,-13.9608160853,12.9114667963
0.0,-13.9637325674,12.9138705945
0.0,-13.9627413206,12.9176942085
0.0,-13.9583417938,12.9200689177
0.0,-13.9551675132,12.9210131238
0.0,-13.9522440629,12.9202837506
0.0,-13.9502791194,12.9236249516
0.0,-13.9454177376,12.9197778379
0.0,-13.94249132,12.9197660067
0.0,-13.9349263514,12.9209313687
0.0,-13.9327274712,12.9218792715
0.0,-13.9368519961,12.9269197087
0.0,-13.9390337317,12.9300384418
0.0,-13.9412145101,12.9333963761
0.0,-13.9424137598,12.9381856389
0.0,-13.9423986368,12.9417738749
0.0,-13.9409161119,12.9463130335
0.0,-13.9391653319,12.9565923517
0.0,-13.9420810662,12.9592356227
0.0,-13.9410781361,12.9656904715
0.0,-13.9403291879,12.9697541507
0.0,-13.9403129838,12.9735815916
0.0,-13.9385943817,12.9762059963
0.0,-13.9385690061,12.9821863651
0.0,-13.939036563,12.98697265
0.0,-13.9407207778,12.9924815528
0.0,-13.9416782928,12.9967913942
0.0,-13.9399554636,13.0003726497
0.0,-13.9374864777,13.0072998939
0.0,-13.934547811,13.0099192473
0.0,-13.9389400256,13.0096980232
0.0,-13.9457657297,13.0109219345
0.0,-13.9499059547,13.0126132547
0.0,-13.9545409304,13.0126917757
0.0,-13.9606262185,13.0160054951
0.0,-13.9598514774,13.0262880108
0.0,-13.9581276004,13.0301094223
0.0,-13.9595774739,13.0334643192
0.0,-13.9595634824,13.0368133342
0.0,-13.958320544,13.0423103807
0.0,-13.9578135316,13.0468535028
0.0,-13.9578073588,13.0483270757
0.0,-13.957807141,13.048379067
0.0,-13.9577934873,13.051637802
0.0,-13.9568563464,13.0573052776
0.0,-13.9562940393,13.0607234164
0.0,-13.9584628692,13.0669525905
0.0,-13.9587966369,13.0693210306
0.0,-13.9591704197,13.0719733733
0.0,-13.9585291186,13.0742520334
0.0,-13.9584307888,13.0746014156
0.0,-13.9590001983,13.0774625267
0.0,-13.9595607062,13.0802497144
0.0,-13.9609977258,13.0841964843
0.0,-13.9632496394,13.0889780938
0.0,-13.9632496108,13.0889783034
0.0,-13.9631089696,13.090013301
0.0,-13.9622424852,13.0963896116
0.0,-13.9631296939,13.0974793269
0.0,-13.9631358155,13.098220739
0.0,-13.9627453428,13.1011575942
0.0,-13.9624421347,13.1022409053
0.0,-13.9623333224,13.1026296694
0.0,-13.9621132558,13.1045184162
0.0,-13.9626959377,13.1063471051
0.0,-13.9630326444,13.1074424578
0.0,-13.9630374383,13.1085003096
0.0,-13.96296997,13.1113943851
0.0,-13.9621620185,13.1148901144
0.0,-13.9621721332,13.1164758747
0.0,-13.9621731487,13.1166351294
0.0,-13.9619012036,13.117691865
0.0,-13.9621936923,13.1183349757
0.0,-13.9628090766,13.1189703456
0.0,-13.9642601949,13.119747454
0.0,-13.9659109585,13.1206012132
0.0,-13.9666195482,13.1210109166
0.0,-13.9685618443,13.1242102862
0.0,-13.9695784688,13.1255547316
0.0,-13.9704609259,13.1267223315
0.0,-13.9729404393,13.1272023861
0.0,-13.9738482023,13.1283904197
0.0,-13.9744426137,13.1320093163
0.0,-13.9739114853,13.1355061874
0.0,-13.9717362499,13.1394756757
0.0,-13.9707691368,13.1413162323
0.0,-13.9706478447,13.1415887307
0.0,-13.9699496148,13.1431573753
0.0,-13.9677701954,13.1458881452
0.0,-13.9673610594,13.1467454116
0.0,-13.9668263393,13.1478658053
0.0,-13.9677391342,13.153615543
0.0,-13.9680446914,13.1558590093
0.0,-13.9684391991,13.1573232588
0.0,-13.9685115339,13.1575988808
0.0,-13.9685150413,13.157619047
0.0,-13.968742273,13.1589255002
0.0,-13.9672118884,13.1589524591
0.0,-13.9669327299,13.16064004
0.0,-13.9666307387,13.1624653011
0.0,-13.9664479052,13.1635488319
0.0,-13.9663090522,13.164371715
0.0,-13.9659921987,13.1680418473
0.0,-13.9661089642,13.1704776571
0.0,-13.9662786364,13.1755955113
0.0,-13.9661402797,13.1807685784
0.0,-13.9682349643,13.1832112678
0.0,-13.9711404423,13.1866105416
0.0,-13.9738740513,13.1885403725
0.0,-13.97625229,13.1902192777
0.0,-13.9781489324,13.1928426145
0.0,-13.9811072661,13.1969367328
0.0,-13.9869499482,13.2010266214
0.0,-13.9893815889,13.2034284142
0.0,-13.989129885,13.2051019488
0.0,-13.9994818259,13.2204713789
0.0,-14.0007127862,13.2222989449
0.0,-14.0044190257,13.2281269084
0.0,-14.0100157615,13.2329330353
0.0,-14.0195235291,13.2367972192
0.0,-14.0316036128,13.2415652782
0.0,-14.0327070978,13.2420905842
0.0,-14.0337595102,13.2425925193
0.0,-14.0350751239,13.243219977
0.0,-14.0372590335,13.2442581079
0.0,-14.0392786309,13.2455453172
0.0,-14.0419786062,13.2472661264
0.0,-14.0425815019,13.2492120596
0.0,-14.0425815704,13.2492750513
0.0,-14.0425838403,13.2521078618
0.0,-14.0425868186,13.256718332
0.0,-14.043954343,13.2574020454
0.0,-14.0451418815,13.2580002696
0.0,-14.045387099,13.258122366
0.0,-14.0464650517,13.2586677224
0.0,-14.0470648508,13.2607076691
0.0,-14.0465892544,13.2643224532
0.0,-14.0457775037,13.2689214885
0.0,-14.0452789398,13.2713155912
0.0,-14.0450040611,13.2755188091
0.0,-14.0428807902,13.280284691
0.0,-14.0421699245,13.2815396624
0.0,-14.0421751559,13.2815440662
0.0,-14.0395327312,13.2820532348
0.0,-14.0393415515,13.2837613331
0.0,-14.0393361096,13.2851446426
0.0,-14.0391467904,13.2863385192
0.0,-14.039243955,13.2874509746
0.0,-14.0391973436,13.2888861161
0.0,-14.0382226848,13.2889344221
0.0,-14.0352987472,13.2889233543
0.0,-14.032989232,13.2887744474
0.0,-14.0302990446,13.2891789822
0.0,-14.0285064952,13.2891710148
0.0,-14.026572831,13.2893930491
0.0,-14.023884526,13.2896121748
0.0,-14.0214316296,13.2899711876
0.0,-14.0184600395,13.2901891656
0.0,-14.0164315585,13.2904570926
0.0,-14.0149678795,13.2905893104
0.0,-14.012752647,13.2908112781
0.0,-14.0104893112,13.2908013558
0.0,-14.0095446929,13.2909807667
0.0,-14.0080833131,13.2911140835
0.0,-14.0065734783,13.2912449423
0.0,-14.0052524971,13.2914703338
0.0,-14.0039791871,13.2914653523
0.0,-14.0021357884,13.2928866508
0.0,-14.0008605889,13.2933416205
0.0,-13.9989754243,13.2945287869
0.0,-13.9964135955,13.2956850151
0.0,-13.9926560273,13.2977406074
0.0,-13.9848270044,13.3023657084
0.0,-13.9832907469,13.3032699716
0.0,-13.9780856858,13.3063336241
0.0,-13.9749527619,13.3082004499
0.0,-13.9722262904,13.3098415751
0.0,-13.9699313792,13.3112228932
0.0,-13.9682792914,13.3122172689
0.0,-13.9657192493,13.3136641508
0.0,-13.964748253,13.3142129256
0.0,-13.9633967302,13.31497675
0.0,-13.9619352017,13.315862481
0.0,-13.9605960855,13.3167352605
0.0,-13.9596084485,13.317378951
0.0,-13.9581005007,13.3183617387
0.0,-13.956791974,13.3192145421
0.0,-13.9554449831,13.3197592729
0.0,-13.9542160893,13.3202562364
0.0,-13.9527578378,13.3207593423
0.0,-13.9519466056,13.321010727
0.0,-13.9508360741,13.3216299782
0.0,-13.9489527362,13.3216221886
0.0,-13.9465872253,13.3210237485
0.0,-13.9459371073,13.3208592741
0.0,-13.9451684875,13.3208910232
0.0,-13.9440714481,13.3209363339
0.0,-13.9423424242,13.3209325521
0.0,-13.94081731,13.3208819048
0.0,-13.9399269978,13.3208523343
0.0,-13.9372553251,13.3202772077
0.0,-13.9346494298,13.3197759658
0.0,-13.9334239965,13.3195593486
0.0,-13.9312036553,13.3192145995
0.0,-13.9287557503,13.3188344938
0.0,-13.925351558,13.3182267037
0.0,-13.922453122,13.317655783
0.0,-13.9206466373,13.3172541361
0.0,-13.9173525764,13.3168603911
0.0,-13.9144442755,13.3167846895
0.0,-13.9119528443,13.3166474537
0.0,-13.9079568797,13.3163229086
0.0,-13.9044394338,13.3163439242
0.0,-13.901099025,13.3160040171
0.0,-13.8977662243,13.3160257394
0.0,-13.8943324938,13.3159113637
0.0,-13.8919485874,13.3163711054
0.0,-13.8881610457,13.3169150925
0.0,-13.8847899138,13.3171172946
0.0,-13.8816024958,13.3176457346
0.0,-13.8785176984,13.3179395224
0.0,-13.8750067354,13.3185568578
0.0,-13.8720593536,13.3190771973
0.0,-13.8687963197,13.3199758136
0.0,-13.8656642784,13.3204952537
0.0,-13.8626312001,13.3215665915
0.0,-13.859644892,13.322502488
0.0,-13.8558406814,13.3246009341
0.0,-13.851026073,13.3275536264
0.0,-13.8474903038,13.3292282307
0.0,-13.8441958918,13.3308586773
0.0,-13.8411700741,13.3323004472
0.0,-13.8383381415,13.3337340253
0.0,-13.8358919828,13.3355761759
0.0,-13.8327112734,13.338490774
0.0,-13.8312384789,13.3399686563
0.0,-13.827825265,13.3433935514
0.0,-13.8267829883,13.3444393658
0.0,-13.8240571656,13.3467954141
0.0,-13.8208365322,13.3504430645
0.0,-13.8203436213,13.3510013153
0.0,-13.8189777475,13.3527759782
0.0,-13.8181654302,13.354634582
0.0,-13.8160631698,13.359723736
0.0,-13.8154386425,13.3609322723
0.0,-13.8145659172,13.3619136264
0.0,-13.8137933799,13.3631757086
0.0,-13.8123240014,13.3650854504
0.0,-13.8107336815,13.3674104859
0.0,-13.8083930241,13.3702201737
0.0,-13.8072188509,13.3724024892
0.0,-13.8053892033,13.3745545803
0.0,-13.8039674545,13.3763740794
0.0,-13.8027855823,13.378230867
0.0,-13.801705263,13.3800881287
0.0,-13.8014495573,13.3813797326
0.0,-13.7995947299,13.3848617589
0.0,-13.7992459486,13.3862975673
0.0,-13.7982328411,13.3894841036
0.0,-13.7978002619,13.3910551195
0.0,-13.796344782,13.3959120577
0.0,-13.7960115061,13.3979355732
0.0,-13.7955396601,13.3999674673
0.0,-13.7951133025,13.4021351862
0.0,-13.794719459,13.4033357108
0.0,-13.7943325478,13.4049973397
0.0,-13.7938902217,13.4066587026
0.0,-13.7936046555,13.4083660166
0.0,-13.7931625419,13.4099821748
0.0,-13.7929076483,13.4110929523
0.0,-13.7924662009,13.4125735021
0.0,-13.7920261477,13.4137737979
0.0,-13.7919622436,13.4154731282
0.0,-13.791683126,13.4177319454
0.0,-13.7916129645,13.4188345643
0.0,-13.7912162334,13.4223325101
0.0,-13.7910374829,13.4249226574
0.0,-13.7909274557,13.4265169273
0.0,-13.7912109442,13.4290406166
0.0,-13.79153311,13.4311034202
0.0,-13.7915715048,13.4326585886
0.0,-13.7915927401,13.4339514969
0.0,-13.791498674,13.4360213439
0.0,-13.7915506938,13.4385439215
0.0,-13.7924761262,13.4403077226
0.0,-13.7927680782,13.4408641549
0.0,-13.7941251223,13.4428505505
0.0,-13.7945343808,13.4433791737
0.0,-13.7951437889,13.4441663159
0.0,-13.7967165078,13.445511849
0.0,-13.7989155591,13.4472129472
0.0,-13.8008666076,13.4486416281
0.0,-13.8017307432,13.449189027
0.0,-13.803196151,13.4501172992
0.0,-13.8058121464,13.4515762293
0.0,-13.8098243658,13.4546159458
0.0,-13.8127330858,13.4569079352
0.0,-13.8152169676,13.4589628366
0.0,-13.8158888587,13.4594541968
0.0,-13.8201138009,13.4662635976
0.0,-13.8219173288,13.4695809425
0.0,-13.8229115041,13.472180274
0.0,-13.8242912438,13.4752786444
0.0,-13.8254322062,13.4780956319
0.0,-13.8270817095,13.4808245847
0.0,-13.8335815544,13.4930055508
0.0,-13.8351321198,13.4952186832
0.0,-13.8358102192,13.4961259002
0.0,-13.8364752657,13.496391166
0.0,-13.837918079,13.4979709356
0.0,-13.8405807859,13.4994749747
0.0,-13.8441920974,13.501607171
0.0,-13.8463231977,13.502484894
0.0,-13.8495573389,13.5042988585
0.0,-13.8522285269,13.5059926781
0.0,-13.8553069969,13.5075346397
0.0,-13.8588106607,13.5101374003
0.0,-13.8597856445,13.5112979241
0.0,-13.8594908339,13.5109962805
0.0,-13.8591290849,13.5112234379
0.0,-13.8566307355,13.5120143524
0.0,-13.8554082003,13.5120685718
0.0,-13.8532932065,13.5119512601
0.0,-13.8497784097,13.510834817
0.0,-13.8433877116,13.507934973
0.0,-13.838971136,13.506287978
0.0,-13.8362866755,13.5053665631
0.0,-13.8330883331,13.5045623295
0.0,-13.8317922174,13.5046758941
0.0,-13.8313618275,13.5052120921
0.0,-13.8308037961,13.5068599801
0.0,-13.8312254446,13.5106293708
0.0,-13.8327797793,13.5152292854
0.0,-13.8330675341,13.5163787938
0.0,-13.8331583338,13.5203260417
0.0,-13.8323722197,13.5236233564
0.0,-13.8313704372,13.5260226551
0.0,-13.8297431469,13.5288495851
0.0,-13.8267170791,13.5327463512
0.0,-13.824720512,13.5360738281
0.0,-13.8233763859,13.5409471976
0.0,-13.8230646667,13.5446772558
0.0,-13.8222878432,13.5460370386
0.0,-13.8212916842,13.5472522634
0.0,-13.8196743809,13.5479981115
0.0,-13.8180582943,13.5476931429
0.0,-13.8150952966,13.5469718083
0.0,-13.8092756564,13.544683723
0.0,-13.8042226524,13.5431167736
