114,11,19,11,21,
0.0,-12.5279942467,14.6769964815
0.0,-12.5015611896,14.5237035527
0.0,-12.4981190446,14.5037333684
0.0,-12.492053732,14.468539903
0.0,-12.4889227874,14.4503706059
0.0,-12.48454856,14.424983824
0.0,-12.4839746239,14.4030393813
0.0,-12.4842429337,14.3739550867
0.0,-12.4846734519,14.3271248211
0.0,-12.4846792553,14.3265004035
0.0,-12.4846916917,14.3252809378
0.0,-12.4846984255,14.3246249108
0.0,-12.4847053856,14.3240005053
0.0,-12.4847123579,14.3233749707
0.0,-12.4847198963,14.3227505714
0.0,-12.4847274469,14.3221250428
0.0,-12.4847349846,14.3215006434
0.0,-12.4847431136,14.3208751209
0.0,-12.4847506506,14.3202507214
0.0,-12.4847587789,14.3196251988
0.0,-12.4847674858,14.3189996824
0.0,-12.4847756008,14.3183752889
0.0,-12.484784307,14.3177497723
0.0,-12.4847924214,14.3171253788
0.0,-12.4848011269,14.3164998622
0.0,-12.4848098321,14.3158743455
0.0,-12.4848191034,14.3152499641
0.0,-12.4848278079,14.3146244474
0.0,-12.484836512,14.3139989306
0.0,-12.4848452033,14.3133745429
0.0,-12.4848544857,14.3127490322
0.0,-12.4848631889,14.3121235154
0.0,-12.4848718791,14.3114991276
0.0,-12.4848811605,14.3108736168
0.0,-12.4848898626,14.3102480998
0.0,-12.4848985517,14.3096237119
0.0,-12.4849072531,14.3089981948
0.0,-12.4849159542,14.3083726777
0.0,-12.4849246423,14.3077482897
0.0,-12.4849327637,14.3071227664
0.0,-12.4849414637,14.3064972492
0.0,-12.4849495718,14.3058728549
0.0,-12.4849576922,14.3052473315
0.0,-12.4849652206,14.3046229311
0.0,-12.4849733403,14.3039974076
0.0,-12.4849808681,14.3033730071
0.0,-12.4849884081,14.3027474774
0.0,-12.4849953689,14.3021219415
0.0,-12.4850023167,14.3014975348
0.0,-12.4850092642,14.300873128
0.0,-12.485015645,14.3002475859
0.0,-12.4850220129,14.2996231729
0.0,-12.485028393,14.2989976307
0.0,-12.4850341812,14.2983732115
0.0,-12.4850393902,14.2977487862
0.0,-12.4850446114,14.2971232317
0.0,-12.4850492408,14.2964988001
0.0,-12.4850538699,14.2958743686
0.0,-12.4850584986,14.295249937
0.0,-12.4850619818,14.2946243639
0.0,-12.4850660309,14.2939999261
0.0,-12.4850689219,14.2933754761
0.0,-12.4850718126,14.292751026
0.0,-12.485074124,14.2921265697
0.0,-12.4850764351,14.2915021134
0.0,-12.485078167,14.290877651
0.0,-12.4850793196,14.2902531824
0.0,-12.4850798931,14.2896287076
0.0,-12.4850798873,14.2890042267
0.0,-12.4850798686,14.2883808749
0.0,-12.4850792833,14.2877563878
0.0,-12.4850781376,14.2871419534
0.0,-12.4850781188,14.2871318946
0.0,-12.485076375,14.2865073952
0.0,-12.4850746184,14.285884025
0.0,-12.4850717163,14.2852595133
0.0,-12.4850688013,14.2846361307
0.0,-12.4850554782,14.2840115089
0.0,-12.4849900657,14.2833852073
0.0,-12.4848707521,14.2827639823
0.0,-12.484701515,14.2821546517
0.0,-12.4844863318,14.2815640328
0.0,-12.484235711,14.2809843319
0.0,-12.4839796787,14.2803706959
0.0,-12.4837181348,14.2797321579
0.0,-12.4834515702,14.2790766278
0.0,-12.4831792681,14.2784165199
0.0,-12.483101618,14.2782342323
0.0,-12.4828999704,14.2777608549
0.0,-12.4826135642,14.2771197951
0.0,-12.482319345,14.2765046255
0.0,-12.4820160421,14.275925496
0.0,-12.4818900397,14.2757097551
0.0,-12.4790604731,14.2751035356
0.0,-12.4785545449,14.2757623862
0.0,-12.4780379945,14.2763452575
0.0,-12.4774130117,14.2766830592
0.0,-12.4767149851,14.2763018788
0.0,-12.4763091725,14.2758311955
0.0,-12.4757033829,14.2747587578
0.0,-12.4752431357,14.2739261351
0.0,-12.4749658164,14.2733032343
0.0,-12.4747389234,14.2727271676
0.0,-12.4745591091,14.2721346613
0.0,-12.4744130464,14.2715267033
0.0,-12.474289661,14.2709099518
0.0,-12.47417735,14.2702865422
0.0,-12.4740632902,14.2696642434
0.0,-12.4739364452,14.269046326
0.0,-12.4737845962,14.2684383067
0.0,-12.4735944042,14.2678423026
0.0,-12.4732844388,14.267240511
0.0,-12.4728738287,14.2666308762
0.0,-12.4724399781,14.2660288992
0.0,-12.4720626057,14.265450106
0.0,-12.4717822075,14.2647413483
0.0,-12.471918647,14.2641352585
0.0,-12.4723857229,14.2636264041
0.0,-12.4730564138,14.2631840751
0.0,-12.4736509076,14.2628775756
0.0,-12.4739811634,14.2627242117
0.0,-12.4756963142,14.2607373253
0.0,-12.4771533444,14.260623677
0.0,-12.4773513495,14.2600699241
0.0,-12.4775535424,14.2593798298
0.0,-12.4779463511,14.2587798343
0.0,-12.4786785523,14.2588948602
0.0,-12.4793863387,14.2593314643
0.0,-12.4800965454,14.2598110042
0.0,-12.4806913445,14.2601007362
0.0,-12.481190397,14.2596814094
0.0,-12.4812047418,14.2596467455
0.0,-12.4825004145,14.2519067918
0.0,-12.482475625,14.2515948017
0.0,-12.4823548295,14.2508470849
0.0,-12.4820402112,14.2502463842
0.0,-12.4813545038,14.2498563241
0.0,-12.4806871018,14.2496426203
0.0,-12.479963909,14.249448652
0.0,-12.4792525199,14.2492344798
0.0,-12.4786217372,14.2489556608
0.0,-12.4781356699,14.2485733496
0.0,-12.4776385494,14.2479357086
0.0,-12.4773273338,14.2473948907
0.0,-12.477052395,14.2468194494
0.0,-12.4767961928,14.2462250088
0.0,-12.476542332,14.2456283343
0.0,-12.4761180948,14.2447362506
0.0,-12.4765779449,14.2442995756
0.0,-12.4770510178,14.243870944
0.0,-12.4775269454,14.2434457292
0.0,-12.4779971459,14.2430148063
0.0,-12.4784512511,14.2425735488
0.0,-12.4785992741,14.2424145243
0.0,-12.481806376,14.2371655362
0.0,-12.482022773,14.2366849016
0.0,-12.482069764,14.2365822461
0.0,-12.482286164,14.2361094979
0.0,-12.4825577316,14.2355274043
0.0,-12.482832254,14.234939695
0.0,-12.4831033271,14.2343496902
0.0,-12.483137447,14.2342725283
0.0,-12.4843527316,14.2293775711
0.0,-12.4842547113,14.229065579
0.0,-12.4838822971,14.2285105747
0.0,-12.4834606644,14.22795731
0.0,-12.4830958152,14.227398997
0.0,-12.4828931966,14.2268265838
0.0,-12.4828870901,14.2260190962
0.0,-12.482895407,14.2259273287
0.0,-12.4824651394,14.2249547962
0.0,-12.4834848595,14.2213801209
0.0,-12.4869202128,14.220938222
0.0,-12.4889070678,14.2191874438
0.0,-12.4890180758,14.2187332206
0.0,-12.4890940476,14.2180383894
0.0,-12.4890704678,14.2173955878
0.0,-12.4890618983,14.2173694442
0.0,-12.4870134502,14.2159703511
0.0,-12.4867402522,14.2158702983
0.0,-12.4864740698,14.2156019481
0.0,-12.48551625,14.2149477402
0.0,-12.485071169,14.2108795749
0.0,-12.4854571313,14.2108173077
0.0,-12.4856236545,14.2105363223
0.0,-12.4864338825,14.2104386904
0.0,-12.4872507711,14.210524067
0.0,-12.4872629177,14.2105259735
0.0,-12.4892439791,14.2102063438
0.0,-12.4893313193,14.2097838211
0.0,-12.4890684581,14.2095019768
0.0,-12.4884975909,14.2089415104
0.0,-12.4879293405,14.208353968
0.0,-12.4874692632,14.2077720784
0.0,-12.4872056864,14.2070589994
0.0,-12.487554737,14.2064257594
0.0,-12.4880974837,14.2059673311
0.0,-12.4886993316,14.2055027462
0.0,-12.4891955719,14.2050099483
0.0,-12.4894247215,14.2042794575
0.0,-12.4893969547,14.2034909357
0.0,-12.4893487016,14.2028806234
0.0,-12.4892774374,14.2022576478
0.0,-12.4891842821,14.2016254082
0.0,-12.489069765,14.2009884273
0.0,-12.4889344399,14.2003489695
0.0,-12.488778836,14.1997115575
0.0,-12.4886046646,14.1990784676
0.0,-12.4884124548,14.1984542226
0.0,-12.4882021693,14.1978422097
0.0,-12.4879749283,14.1972458286
0.0,-12.4877324431,14.1966673558
0.0,-12.4874740852,14.1961113015
0.0,-12.4870869566,14.1954240292
0.0,-12.4864681615,14.1949093604
0.0,-12.4858788043,14.194611819
0.0,-12.4852398993,14.1943465046
0.0,-12.4846039519,14.1940755734
0.0,-12.4840229009,14.1937600472
0.0,-12.4835486728,14.1933620772
0.0,-12.4830715536,14.1927020863
0.0,-12.4827324007,14.1921790577
0.0,-12.4824073745,14.1916347214
0.0,-12.482098161,14.1910736122
0.0,-12.481807616,14.1904991479
0.0,-12.4815374755,14.189911347
0.0,-12.4812894129,14.1893158734
0.0,-12.4810651515,14.1887138745
0.0,-12.4808675596,14.1881076392
0.0,-12.4806983354,14.1875005729
0.0,-12.4806896333,14.1874626962
0.0,-12.4799484489,14.1866838246
0.0,-12.4803930978,14.1847280446
0.0,-12.4804037819,14.184462011
0.0,-12.4804598308,14.1838415051
0.0,-12.4805396538,14.1832167322
0.0,-12.4806345583,14.18258873
0.0,-12.4807381543,14.1819596898
0.0,-12.4808423405,14.1813295264
0.0,-12.4809390035,14.1806992837
0.0,-12.4810211995,14.1800688887
0.0,-12.4810808028,14.1794405146
0.0,-12.4811102662,14.1788163406
0.0,-12.4811212127,14.1781919719
0.0,-12.4811286871,14.1775675666
0.0,-12.4811332679,14.1769431309
0.0,-12.4811349552,14.1763186647
0.0,-12.4811337491,14.1756941681
0.0,-12.4811302282,14.1750696471
0.0,-12.4811246113,14.1744685468
0.0,-12.4806744621,14.1644576939
0.0,-12.4521409132,14.1644170555
0.0,-12.4488912207,14.1644118663
0.0,-12.423105714,14.1643721713
0.0,-12.3940705874,14.1643226339
0.0,-12.3629432785,14.1643651357
0.0,-12.362028402,14.1606152516
0.0,-12.3614478566,14.1556235674
0.0,-12.3605437994,14.1509399783
0.0,-12.3599698916,14.1453250662
0.0,-12.3593995848,14.1393985433
0.0,-12.3593342233,14.1388876464
0.0,-12.3585213341,14.1325336815
0.0,-12.3579690037,14.1250502302
0.0,-12.3580840105,14.1150797671
0.0,-12.36164071,14.113965913
0.0,-12.3616535724,14.1139574425
0.0,-12.3664339585,14.1108093016
0.0,-12.3696834377,14.1058595001
0.0,-12.3688078122,14.0986830058
0.0,-12.3653536672,14.093659908
0.0,-12.3564382089,14.0916934529
0.0,-12.3488168178,14.0881815527
0.0,-12.3437676491,14.0831406912
0.0,-12.3422369029,14.0775152657
0.0,-12.3420654859,14.0764835795
0.0,-12.3418462784,14.0754333
0.0,-12.3420045531,14.0737006495
0.0,-12.3414249554,14.0726554319
0.0,-12.3400494465,14.0699664124
0.0,-12.3388971296,14.0679844481
0.0,-12.3383283713,14.0667044814
0.0,-12.33847324,14.0654312563
0.0,-12.338963678,14.0646327015
0.0,-12.3393471564,14.0634806675
0.0,-12.3399586487,14.0625660108
0.0,-12.3411700287,14.0610888614
0.0,-12.3417846938,14.0599483997
0.0,-12.3418033383,14.0591356067
0.0,-12.3416013168,14.0573989861
0.0,-12.3412697645,14.0556609396
0.0,-12.3390775651,14.0523848062
0.0,-12.338160544,14.0508661418
0.0,-12.3373545575,14.0493486995
0.0,-12.3371379865,14.0480726186
0.0,-12.336937353,14.0462185828
0.0,-12.3370032735,14.042867958
0.0,-12.3366670107,14.0415905587
0.0,-12.3365653886,14.0407764428
0.0,-12.3362240048,14.0398422522
0.0,-12.3356584923,14.0383364945
0.0,-12.3323914128,14.0352652899
0.0,-12.327502686,14.0299709023
0.0,-12.3234493652,14.024460992
0.0,-12.3227730561,14.0229449641
0.0,-12.3223119583,14.0220184753
0.0,-12.3225765076,14.0207477194
0.0,-12.3225871454,14.0201976549
0.0,-12.3225895191,14.0200748891
0.0,-12.3213511035,14.01811679
0.0,-12.3228027671,14.0161477995
0.0,-12.3241629043,14.0154379194
0.0,-12.3248640708,14.0145095989
0.0,-12.3244929087,14.0131572887
0.0,-12.3238895674,14.0117324056
0.0,-12.3239011276,14.0105853137
0.0,-12.3249983205,14.0099594621
0.0,-12.3265036205,14.0094928037
0.0,-12.3277117177,14.008725888
0.0,-12.3285674081,14.0076321399
0.0,-12.3285962744,14.0063361856
0.0,-12.3283121791,14.0049532226
0.0,-12.3280304374,14.0035668983
0.0,-12.3280547944,14.002260732
0.0,-12.3286296515,14.0010995205
0.0,-12.3295584635,14.000029152
0.0,-12.3305541241,13.998877086
0.0,-12.3323713104,13.9969797766
0.0,-12.3342277157,13.9952387041
0.0,-12.3346637287,13.9945266056
0.0,-12.3351177552,13.9945950418
0.0,-12.3434711166,13.9807832721
0.0,-12.3486198278,13.9786704926
0.0,-12.3484560081,13.9761346196
0.0,-12.3463683776,13.9644884131
0.0,-12.3350970936,13.9610811423
0.0,-12.335143619,13.9500211899
0.0,-12.3351601121,13.9460563621
0.0,-12.3352045941,13.9353471982
0.0,-12.3352654007,13.9206720603
0.0,-12.3352922045,13.9142504188
0.0,-12.3353266036,13.9059969117
0.0,-12.3353870343,13.8913228687
0.0,-12.335424734,13.8822344845
0.0,-12.3354478743,13.876647686
0.0,-12.3354858243,13.8675581407
0.0,-12.3355091106,13.8619724924
0.0,-12.33556901,13.8472972693
0.0,-12.3356298834,13.8326220417
0.0,-12.3356794253,13.8204118043
0.0,-12.3356894073,13.8179479136
0.0,-12.3357493275,13.8032737748
0.0,-12.3357488362,13.8032306981
0.0,-12.3354114391,13.7736915508
0.0,-12.3353064722,13.7645126609
0.0,-12.4079680279,13.7641909731
0.0,-12.4096807191,13.7641831312
0.0,-12.472404752,13.7635512176
0.0,-12.4935960631,13.7624839624
0.0,-12.500385176,13.7627757662
0.0,-12.5180489053,13.7635340975
0.0,-12.5415173404,13.7645720028
0.0,-12.5520162763,13.765479078
0.0,-12.5809967984,13.7663069833
0.0,-12.603559278,13.7669491839
0.0,-12.6141116988,13.765544287
0.0,-12.651330286,13.7683853527
0.0,-12.6732173294,13.7670227476
0.0,-12.680354364,13.7672690344
0.0,-12.6912874811,13.7676459174
0.0,-12.6994649979,13.7710232343
0.0,-12.7039097138,13.7769543463
0.0,-12.7202678574,13.7971701512
0.0,-12.7215368902,13.8026183802
0.0,-12.7545849462,13.8320290063
0.0,-12.7701806608,13.8451383709
0.0,-12.7715922295,13.8464214573
0.0,-12.77304028,13.8482089339
0.0,-12.7734553643,13.8498249937
0.0,-12.7764317683,13.8614126374
0.0,-12.7764620267,13.8615618669
0.0,-12.7819241196,13.8666238599
0.0,-12.7830838124,13.8676985649
0.0,-12.7901352816,13.8769556053
0.0,-12.8016180617,13.8875032517
0.0,-12.8105792885,13.8970355984
0.0,-12.8200678401,13.9047346612
0.0,-12.8389277648,13.920035316
0.0,-12.8489766377,13.9279856502
0.0,-12.8659911566,13.9293549498
0.0,-12.8750188801,13.9297489311
0.0,-12.8842036441,13.9306165243
0.0,-12.8979110701,13.9307352222
0.0,-12.9100087971,13.9305242833
0.0,-12.9154996677,13.9304900845
0.0,-12.9206537817,13.9304578703
0.0,-12.933848296,13.9338783062
0.0,-12.938689317,13.9480836773
0.0,-12.9678378228,14.0335857584
0.0,-12.9688440397,14.0338148763
0.0,-13.0681719569,14.0564099354
0.0,-13.0681711009,14.0564102232
0.0,-13.0782733546,14.0588030413
0.0,-13.0976058973,14.0633821443
0.0,-13.1043267061,14.0783783092
0.0,-13.1125617569,14.0967507268
0.0,-13.126926345,14.1288000977
0.0,-13.1463550219,14.1663813348
0.0,-13.1517940306,14.1768999348
0.0,-13.174176118,14.2201750329
0.0,-13.1742338169,14.2202865704
0.0,-13.1742676452,14.2202772379
0.0,-13.1742684924,14.2202791586
0.0,-13.1744919341,14.220785537
0.0,-13.1750577474,14.2220743512
0.0,-13.1756206803,14.2233620129
0.0,-13.1761801356,14.2246507771
0.0,-13.1767361315,14.2259383844
0.0,-13.1772892377,14.2272259689
0.0,-13.1778388752,14.2285135263
0.0,-13.178384474,14.2297999225
0.0,-13.1789271829,14.2310862959
0.0,-13.179466423,14.2323726422
0.0,-13.1800016151,14.2336589571
0.0,-13.1805333473,14.2349441152
0.0,-13.1810616013,14.2362303758
0.0,-13.1815858252,14.2375143457
0.0,-13.1821059918,14.2387994138
0.0,-13.182622119,14.2400833209
0.0,-13.183134777,14.2413672009
0.0,-13.1836428073,14.2426510451
0.0,-13.1841467982,14.2439337283
0.0,-13.1846467314,14.2452175098
0.0,-13.1851426339,14.2464990007
0.0,-13.1853096464,14.2469350352
0.0,-13.1856338996,14.2477815855
0.0,-13.1861205463,14.2490630049
0.0,-13.1866031441,14.2503443931
0.0,-13.1870811228,14.2516246159
0.0,-13.1875544643,14.2529059327
0.0,-13.1880231955,14.2541849545
0.0,-13.1884872894,14.2554650704
0.0,-13.1889461848,14.2567440167
0.0,-13.1894004516,14.2580229274
0.0,-13.1898500989,14.2593006728
0.0,-13.1902945383,14.2605783783
0.0,-13.1907337698,14.2618560439
0.0,-13.1911683815,14.2631325443
0.0,-13.1915977851,14.2644090048
0.0,-13.1920214014,14.265685421
0.0,-13.1924403976,14.2669606722
0.0,-13.1928536063,14.268235879
0.0,-13.1932616155,14.2695099165
0.0,-13.193663837,14.2707839097
0.0,-13.1940608499,14.2720578631
0.0,-13.1944520839,14.2733306427
0.0,-13.1948375299,14.2746033781
0.0,-13.1952171968,14.2758749398
0.0,-13.1955916547,14.2771464617
0.0,-13.1959597452,14.2784179352
0.0,-13.1963220562,14.2796882349
0.0,-13.1966780085,14.2809573565
0.0,-13.1970287425,14.282227568
0.0,-13.1973725473,14.2834954675
0.0,-13.1977105543,14.2847644526
0.0,-13.1980422023,14.2860322596
0.0,-13.198367491,14.2872988886
0.0,-13.1986864113,14.2885654692
0.0,-13.1989989723,14.2898308717
0.0,-13.1993051646,14.291096226
0.0,-13.1996044092,14.2923615275
0.0,-13.1998972939,14.2936256511
0.0,-13.2001832395,14.2948885922
0.0,-13.2004628072,14.2961526148
0.0,-13.2007354444,14.2974143253
0.0,-13.2010011333,14.2986759832
0.0,-13.2012592943,14.2999375841
0.0,-13.2015110949,14.301198007
0.0,-13.2015701471,14.3015016929
0.0,-13.2014813438,14.3015085389
0.0,-13.1964544386,14.3539567895
0.0,-13.1963649649,14.36512608
0.0,-13.1962754143,14.3762953595
0.0,-13.1960636344,14.3859702547
0.0,-13.1766070564,14.4136799627
0.0,-13.1509814207,14.4555311326
0.0,-13.1485998653,14.4727822205
0.0,-13.1483080987,14.4731786157
0.0,-13.1481329577,14.4734165627
0.0,-13.1472752398,14.4745767715
0.0,-13.146415194,14.4757369578
0.0,-13.1455528108,14.476898251
0.0,-13.1446875388,14.4780572578
0.0,-13.143820509,14.4792173761
0.0,-13.1429505715,14.4803774672
0.0,-13.1420783152,14.4815364059
0.0,-13.1412043106,14.4826953264
0.0,-13.1403285574,14.4838542287
0.0,-13.1394504761,14.4850131082
0.0,-13.1385706463,14.4861719695
0.0,-13.1376890679,14.4873308124
0.0,-13.13680633,14.4884885121
0.0,-13.1359212544,14.4896473184
0.0,-13.1350355991,14.490804986
0.0,-13.1341481951,14.4919626353
0.0,-13.1332590424,14.4931202661
0.0,-13.132369291,14.4942790174
0.0,-13.1314783801,14.4954366253
0.0,-13.1305863096,14.4965930897
0.0,-13.1296936404,14.4977506745
0.0,-13.1287998021,14.4989082455
0.0,-13.1279053744,14.5000658072
0.0,-13.1270103575,14.5012233596
0.0,-13.1261147606,14.5023797732
0.0,-13.1252185649,14.5035373071
0.0,-13.1243223691,14.5046937068
0.0,-13.1234255744,14.5058512267
0.0,-13.12252877,14.5070087421
0.0,-13.1216319655,14.5081651231
0.0,-13.1207351418,14.5093226291
0.0,-13.1198383181,14.5104790009
0.0,-13.1189414751,14.5116364976
0.0,-13.1180452022,14.5127939943
0.0,-13.117149509,14.5139503613
0.0,-13.1162543763,14.515107858
0.0,-13.115556084,14.5160108082
0.0,-13.1153592339,14.51626535
0.0,-13.1144652511,14.5174217172
0.0,-13.1142496628,14.5177010302
0.0,-13.1135718287,14.5185792139
0.0,-13.1126789765,14.5197367106
0.0,-13.1117872742,14.5208942121
0.0,-13.1113554531,14.5214554786
0.0,-13.101363347,14.5360935032
0.0,-13.096069498,14.5438477082
0.0,-13.089156314,14.5511515706
0.0,-13.0884018459,14.552206026
0.0,-13.087573611,14.5533695699
0.0,-13.0867488461,14.5545331381
0.0,-13.0861326274,14.5554068052
0.0,-13.0859281311,14.5556967355
0.0,-13.0851108862,14.5568603573
0.0,-13.0842976815,14.5580251379
0.0,-13.083487947,14.5591899431
0.0,-13.0826828425,14.5603547823
0.0,-13.0818817783,14.5615207804
0.0,-13.0810853442,14.5626868127
0.0,-13.0802923805,14.5638528697
0.0,-13.0795046268,14.5650189658
0.0,-13.0787209138,14.566186221
0.0,-13.077941831,14.5673535106
0.0,-13.0771673688,14.5685219642
0.0,-13.0763981169,14.569690457
0.0,-13.0756334955,14.5708589845
0.0,-13.0748740748,14.5720286808
0.0,-13.0741192847,14.5731984118
0.0,-13.0733702851,14.5743681871
0.0,-13.0726259064,14.5755391268
0.0,-13.0718873183,14.5767101108
0.0,-13.071153941,14.5778811345
0.0,-13.0704263447,14.5790533323
0.0,-13.0697039594,14.5802255699
0.0,-13.0689873551,14.5813989817
0.0,-13.0682765419,14.5825724382
0.0,-13.0675720898,14.5837470739
0.0,-13.0668999097,14.584877918
0.0,-13.0659448078,14.5847344551
0.0,-13.0363125762,14.58028503
0.0,-13.0173719571,14.5763849434
0.0,-12.9989207375,14.5725836017
0.0,-12.974514708,14.56536887
0.0,-12.9595886805,14.5609272779
0.0,-12.9536737076,14.559166836
0.0,-12.950601362,14.5582532324
0.0,-12.92470424,14.5619557285
0.0,-12.9097483036,14.564092579
0.0,-12.8729097405,14.5693517728
0.0,-12.8470117938,14.5730453114
0.0,-12.8211128098,14.5767358527
0.0,-12.8012612797,14.5795627112
0.0,-12.7952145331,14.5804234108
0.0,-12.7197993489,14.6135228613
0.0,-12.6973504073,14.6437836168
0.0,-12.6861237999,14.6589128206
0.0,-12.6692796785,14.6816062691
0.0,-12.652433088,14.704295695
0.0,-12.6509739711,14.7086944095
0.0,-12.6509733879,14.7086942591
0.0,-12.6410658279,14.7061396901
0.0,-12.6356860719,14.7047522475
0.0,-12.6205937478,14.7008664939
0.0,-12.590410003,14.6930900032
0.0,-12.5696177687,14.6877309006
0.0,-12.5602295503,14.6853110355
0.0,-12.5451406441,14.6814196377
0.0,-12.5300512617,14.6775273271
0.0,-12.5279942467,14.6769964815
