59,12,39,5,69,
0.0,-15.2987213422,14.6790062841
0.0,-15.2682954117,14.6611727056
0.0,-15.2520324222,14.6516376129
0.0,-15.2373970912,14.6489668793
0.0,-15.2373909101,14.6489686288
0.0,-15.2362845208,14.6487638108
0.0,-15.2233868058,14.6464092806
0.0,-15.199102586,14.641973057
0.0,-15.1961425814,14.6414321389
0.0,-15.1947424958,14.6411762709
0.0,-15.1863704244,14.6396460683
0.0,-15.1688114991,14.6364356913
0.0,-15.1660995005,14.6359397161
0.0,-15.1274396267,14.6288658139
0.0,-15.1273570019,14.6288506875
0.0,-15.094259495,14.6227883121
0.0,-15.0883812143,14.6217224741
0.0,-15.022905353,14.6097028126
0.0,-15.0269987963,14.5945599411
0.0,-15.0380820637,14.5920770727
0.0,-15.0435240486,14.5639833819
0.0,-15.0444446372,14.5592302223
0.0,-15.0433914075,14.5339092722
0.0,-15.0497725637,14.5102888285
0.0,-15.0564856325,14.4854341651
0.0,-15.0579962148,14.4798404201
0.0,-15.063197216,14.460579263
0.0,-15.0632194579,14.4604501532
0.0,-15.0637984733,14.4570890257
0.0,-15.0644387674,14.4542949822
0.0,-15.0645960382,14.4526855255
0.0,-15.0646232103,14.4503889386
0.0,-15.0641862668,14.4473951407
0.0,-15.0637027362,14.4436701097
0.0,-15.0632193369,14.4403519511
0.0,-15.0631161909,14.4364911894
0.0,-15.0629757552,14.4319794363
0.0,-15.0627799317,14.4284351548
0.0,-15.0627233154,14.4250355018
0.0,-15.0622863605,14.4217263652
0.0,-15.062127691,14.4182724869
0.0,-15.0617836274,14.4153249902
0.0,-15.0617818893,14.4117318882
0.0,-15.0617816066,14.411146604
0.0,-15.061809545,14.4083798415
0.0,-15.0616046147,14.4053057219
0.0,-15.0611303076,14.4008844593
0.0,-15.061097691,14.3992887268
0.0,-15.0610730171,14.3980815498
0.0,-15.0608133546,14.3951340246
0.0,-15.0608122729,14.3911375951
0.0,-15.0608393786,14.388470287
0.0,-15.0608200416,14.3855679059
0.0,-15.0608563001,14.382448509
0.0,-15.0608370029,14.3796907938
0.0,-15.0604466772,14.3768789227
0.0,-15.060250039,14.3731989968
0.0,-15.0603798109,14.3696546123
0.0,-15.0604288956,14.3685287634
0.0,-15.0604996479,14.3669059002
0.0,-15.0605075499,14.3617973274
0.0,-15.0602984259,14.3596255104
0.0,-15.0601262283,14.3578371503
0.0,-15.0601388378,14.3564883787
0.0,-15.0601532795,14.3549437916
0.0,-15.0597256671,14.3512187082
0.0,-15.0596227002,14.3476291674
0.0,-15.0597515391,14.3438587325
0.0,-15.059796921,14.3401323958
0.0,-15.059119122,14.337049333
0.0,-15.0593317899,14.3346622605
0.0,-15.05911423,14.3334704577
0.0,-15.0587095703,14.3312536783
0.0,-15.0590795701,14.3276640138
0.0,-15.0588747055,14.3243999937
0.0,-15.0586698823,14.3212715988
0.0,-15.0580478522,14.3184145579
0.0,-15.0576666156,14.3143187356
0.0,-15.0576564408,14.3107834106
0.0,-15.0577600753,14.3085830641
0.0,-15.0577671121,14.3084336563
0.0,-15.0575624249,14.3057189168
0.0,-15.0572185532,14.3025905493
0.0,-15.0570693362,14.299181839
0.0,-15.0571891201,14.2961980263
0.0,-15.0571123701,14.2935206658
0.0,-15.0498217388,14.2896124558
0.0,-15.0430743102,14.2849877786
0.0,-15.0391998605,14.2823320637
0.0,-15.0318975792,14.2763454153
0.0,-15.0284118584,14.2680924836
0.0,-15.0289086822,14.2604863696
0.0,-15.0337194015,14.2528796773
0.0,-15.0415339495,14.2452336233
0.0,-15.0436928993,14.2431210869
0.0,-15.0459782448,14.2408380023
0.0,-15.04947844,14.2373411376
0.0,-15.0585999096,14.230000438
0.0,-15.0602306233,14.227395988
0.0,-15.0610551553,14.2257953761
0.0,-15.0620094554,14.2242399368
0.0,-15.0629728714,14.2221781488
0.0,-15.0635654368,14.2198452007
0.0,-15.0642083124,14.2191803814
0.0,-15.0650387436,14.2203126214
0.0,-15.0687233308,14.2214815415
0.0,-15.0738814294,14.2233836561
0.0,-15.0771197972,14.2245777705
0.0,-15.0771556268,14.2245909817
0.0,-15.0890042,14.2278076097
0.0,-15.0910574772,14.2283649622
0.0,-15.0915573074,14.2284291634
0.0,-15.103135723,14.2299160584
0.0,-15.1119180648,14.2300800815
0.0,-15.112638241,14.2300935174
0.0,-15.1147576934,14.230133047
0.0,-15.1264232429,14.2272337401
0.0,-15.1264373892,14.2272297235
0.0,-15.1282007153,14.2267919183
0.0,-15.1285651983,14.2266474117
0.0,-15.1287591681,14.2265705098
0.0,-15.1294852074,14.2268716808
0.0,-15.1368704347,14.2299349999
0.0,-15.1421200699,14.2328570802
0.0,-15.1475613405,14.2343337695
0.0,-15.1487809963,14.2349851524
0.0,-15.1500003678,14.2356365292
0.0,-15.1512200356,14.2362878994
0.0,-15.1524397103,14.2369392633
0.0,-15.1536593919,14.2375906209
0.0,-15.1548787913,14.2382419723
0.0,-15.1560984886,14.2388933172
0.0,-15.1573181911,14.2395446557
0.0,-15.1585376113,14.2401959882
0.0,-15.1597573277,14.240847314
0.0,-15.160977051,14.2414986336
0.0,-15.1621967831,14.2421499468
0.0,-15.1634162311,14.2428012539
0.0,-15.1646359752,14.2434525544
0.0,-15.1666025819,14.2448034128
0.0,-15.1799520575,14.2539722802
0.0,-15.1826888779,14.2558518341
0.0,-15.1852285528,14.2575959385
0.0,-15.1953742129,14.2645628616
0.0,-15.2066158945,14.2693960634
0.0,-15.2140586817,14.2721875144
0.0,-15.2159778413,14.2729072554
0.0,-15.2164937266,14.2731007244
0.0,-15.2475527583,14.2847458634
0.0,-15.2618185065,14.2900928286
0.0,-15.2620818187,14.2901915102
0.0,-15.2629688314,14.2905239344
0.0,-15.2667500029,14.2919409506
0.0,-15.2668654747,14.2919842231
0.0,-15.2718777818,14.2955607569
0.0,-15.2798492123,14.3012483172
0.0,-15.2858293454,14.3066596326
0.0,-15.2868200269,14.3075560439
0.0,-15.2905519301,14.3133938344
0.0,-15.2939587124,14.3181266603
0.0,-15.2962312225,14.3222292495
0.0,-15.2964194619,14.3224942604
0.0,-15.298879474,14.3259574931
0.0,-15.3023848232,14.3297064661
0.0,-15.3086895897,14.3329409079
0.0,-15.3151671886,14.3344683421
0.0,-15.3185115178,14.3344638778
0.0,-15.32181801,14.3344594177
0.0,-15.3263681379,14.3342825442
0.0,-15.3293856641,14.333877044
0.0,-15.3302176136,14.3337652386
0.0,-15.3324033894,14.3332883928
0.0,-15.3349414866,14.3327346575
0.0,-15.3396650594,14.3315333232
0.0,-15.3438642897,14.3306739765
0.0,-15.3477136556,14.3301563892
0.0,-15.3497161075,14.3305309349
0.0,-15.3509715188,14.3311145258
0.0,-15.3522272277,14.3316981095
0.0,-15.3534826517,14.3322816867
0.0,-15.3547383733,14.3328652568
0.0,-15.3559938101,14.3334488204
0.0,-15.357249255,14.3340335075
0.0,-15.3585049957,14.334617057
0.0,-15.3597604516,14.3352006002
0.0,-15.3610159138,14.3357841366
0.0,-15.3622716736,14.3363676657
0.0,-15.3635271505,14.3369523186
0.0,-15.3647829212,14.3375358341
0.0,-15.3660384107,14.3381193431
0.0,-15.3672939048,14.3387028454
0.0,-15.3685496946,14.3392863403
0.0,-15.3698052052,14.3398709591
0.0,-15.3710610077,14.3404544404
0.0,-15.3723165273,14.3410379154
0.0,-15.3719525376,14.343148563
0.0,-15.3717220293,14.3444859465
0.0,-15.3714915165,14.3458233298
0.0,-15.3712607119,14.3471607131
0.0,-15.3710301941,14.3484980957
0.0,-15.3707996738,14.349835478
0.0,-15.3705688634,14.3511739907
0.0,-15.3699100295,14.3635811198
0.0,-15.3696528217,14.3701115075
0.0,-15.3705402114,14.3738159609
0.0,-15.3715422064,14.3784669261
0.0,-15.3734260983,14.3834267418
0.0,-15.3793400856,14.3946488773
0.0,-15.3825134768,14.3990540737
0.0,-15.3843284224,14.4004812897
0.0,-15.3856291418,14.4040125058
0.0,-15.3841658797,14.4063704437
0.0,-15.382962532,14.4093168431
0.0,-15.3817630187,14.4145346561
0.0,-15.3810783556,14.4179849666
0.0,-15.3809973285,14.4210977943
0.0,-15.3814718685,14.4242973433
0.0,-15.3820773095,14.4252453886
0.0,-15.3828127525,14.4263958575
0.0,-15.3835482032,14.4275474541
0.0,-15.3842836634,14.428699048
0.0,-15.3850191293,14.4298506393
0.0,-15.3857546029,14.4310010979
0.0,-15.3864903737,14.4321526835
0.0,-15.3872258645,14.4333042671
0.0,-15.3879613611,14.4344558481
0.0,-15.3886968653,14.4356062962
0.0,-15.3894323772,14.436757872
0.0,-15.3901678987,14.4379094452
0.0,-15.3909034259,14.4390610158
0.0,-15.3916392502,14.4402114531
0.0,-15.3923747946,14.4413630184
0.0,-15.3931103448,14.4425145812
0.0,-15.3938459046,14.4436661414
0.0,-15.3945814682,14.4448165688
0.0,-15.3953170433,14.4459681238
0.0,-15.3960526241,14.4471196762
0.0,-15.3967882146,14.448271226
0.0,-15.3975240983,14.4494216425
0.0,-15.398259704,14.4505731871
0.0,-15.3989953156,14.451724729
0.0,-15.3997309367,14.4528762684
0.0,-15.4004665616,14.454026675
0.0,-15.401202198,14.4551782092
0.0,-15.4019378403,14.4563297407
0.0,-15.4026737815,14.4574812692
0.0,-15.403409439,14.4586316654
0.0,-15.4041451042,14.4597831891
0.0,-15.404880779,14.4609347102
0.0,-15.4056164597,14.4620862288
0.0,-15.4059750666,14.4626475294
0.0,-15.3828253995,14.4641909268
0.0,-15.3426202683,14.4804669705
0.0,-15.3417877496,14.487035911
0.0,-15.3417930943,14.4905250072
0.0,-15.3487478666,14.4925672017
0.0,-15.3911156886,14.511203769
0.0,-15.4352880548,14.4965313523
0.0,-15.4352071015,14.4965116907
0.0,-15.4580587898,14.4888930924
0.0,-15.469975525,14.4849190539
0.0,-15.5104167232,14.4714270535
0.0,-15.527582609,14.4648197541
0.0,-15.5347622943,14.4620557501
0.0,-15.5582067255,14.4632035512
0.0,-15.5807298928,14.4658540528
0.0,-15.588265495,14.4685192312
0.0,-15.5933880246,14.4703307796
0.0,-15.5982568843,14.4744411454
0.0,-15.6037848056,14.4800278597
0.0,-15.6104151376,14.4931291785
0.0,-15.6187741007,14.5039271571
0.0,-15.623222192,14.508409565
0.0,-15.6265084116,14.5117209611
0.0,-15.6269023118,14.5118397278
0.0,-15.6270868321,14.5203918516
0.0,-15.6274621308,14.5377821076
0.0,-15.6274605139,14.5377833831
0.0,-15.6274720033,14.5378379073
0.0,-15.6202478551,14.5435604755
0.0,-15.616516714,14.5464946892
0.0,-15.6128024004,14.5493484882
0.0,-15.605865392,14.554820993
0.0,-15.5989056917,14.5603423865
0.0,-15.5866200587,14.5700009087
0.0,-15.5594408526,14.5913630274
0.0,-15.5550733226,14.5866226595
0.0,-15.541332211,14.595817162
0.0,-15.5357589524,14.5971536086
0.0,-15.5462914718,14.6008900086
0.0,-15.5499343124,14.6046160632
0.0,-15.5529335534,14.6073755707
0.0,-15.5557777883,14.6107725979
0.0,-15.5591165722,14.615021038
0.0,-15.562407177,14.6392489646
0.0,-15.562364494,14.6408374249
0.0,-15.5622837289,14.643843159
0.0,-15.5617309921,14.6644129775
0.0,-15.5531092603,14.6641278274
0.0,-15.5420039367,14.6740205737
0.0,-15.542003896,14.67402061
0.0,-15.526927461,14.6871581572
0.0,-15.5255594706,14.688350094
0.0,-15.5109422625,14.6986262999
0.0,-15.5024851477,14.7008674333
0.0,-15.4821329391,14.7062593227
0.0,-15.4604365224,14.7094696484
0.0,-15.4596749193,14.7147893498
0.0,-15.4596748195,14.714790039
0.0,-15.4589686169,14.7196725094
0.0,-15.4582163528,14.724873228
0.0,-15.4561404525,14.7302319046
0.0,-15.4519856674,14.7410411392
0.0,-15.4463510585,14.7521611249
0.0,-15.4440644158,14.7568828551
0.0,-15.4438619315,14.7573009574
0.0,-15.4436494114,14.7577397814
0.0,-15.4435458305,14.7579536604
0.0,-15.4432780872,14.7585065079
0.0,-15.4431973063,14.7586733063
0.0,-15.443063087,14.7588779432
0.0,-15.44194073,14.7605891177
0.0,-15.4408685563,14.7622237517
0.0,-15.4394722782,14.7650240361
0.0,-15.4384622984,14.7670495368
0.0,-15.4375456956,14.7696525172
0.0,-15.4370026523,14.7711946287
0.0,-15.4362121967,14.7734392892
0.0,-15.4341698235,14.7776000975
0.0,-15.4314800924,14.7835768893
0.0,-15.4292304446,14.7860055057
0.0,-15.4271894127,14.7882088463
0.0,-15.424362772,14.7908242283
0.0,-15.422897272,14.7921801616
0.0,-15.417243299,14.7941721639
0.0,-15.4111341028,14.7948437048
0.0,-15.4059664004,14.7943353801
0.0,-15.4002741623,14.7900310851
0.0,-15.3978622609,14.788204441
0.0,-15.3960065747,14.7867990047
0.0,-15.3922718109,14.7835659382
0.0,-15.3873376836,14.7798165121
0.0,-15.3806691265,14.7741261688
0.0,-15.375736077,14.7707652142
0.0,-15.3721321849,14.765847072
0.0,-15.3687952135,14.7611876007
0.0,-15.3679907983,14.7579494215
0.0,-15.362361678,14.7494896199
0.0,-15.3520907468,14.7340517104
0.0,-15.3519758143,14.7339229781
0.0,-15.3401307156,14.7206544095
0.0,-15.3354130447,14.7153691679
0.0,-15.3234379212,14.7019517381
0.0,-15.3007870836,14.6802168254
0.0,-15.2987213422,14.6790062841
