39,7,41,83,20,
0.0,-16.0817709597,15.8737069101
0.0,-16.0777424634,15.868919867
0.0,-16.0757999389,15.8660595915
0.0,-16.0749720069,15.8636960037
0.0,-16.0750351061,15.8616149833
0.0,-16.0757001491,15.8600657984
0.0,-16.0759253827,15.8586831354
0.0,-16.0761967406,15.857017309
0.0,-16.074781572,15.8557328613
0.0,-16.0723305094,15.8552062417
0.0,-16.0718840888,15.8470445468
0.0,-16.0718784786,15.8469419644
0.0,-16.0726397245,15.8409057731
0.0,-16.0706435481,15.825684224
0.0,-16.070656159,15.8256449009
0.0,-16.0715393967,15.8228907493
0.0,-16.0736209255,15.8199958072
0.0,-16.0750442341,15.8178519818
0.0,-16.0752456314,15.8173429108
0.0,-16.0758065355,15.8159251023
0.0,-16.0763299359,15.8142622857
0.0,-16.0767833065,15.8128219284
0.0,-16.0768868735,15.8115393461
0.0,-16.0754461267,15.8103712553
0.0,-16.073450277,15.8085648633
0.0,-16.0717849397,15.8066499812
0.0,-16.0708920537,15.804731277
0.0,-16.0699074523,15.8027993838
0.0,-16.0693716848,15.8017481307
0.0,-16.0682576572,15.788700954
0.0,-16.0683304303,15.7794263316
0.0,-16.0678061486,15.7781791297
0.0,-16.0672407224,15.7768340248
0.0,-16.0663048634,15.7723042955
0.0,-16.0666846737,15.7699612663
0.0,-16.0641882468,15.7620098887
0.0,-16.0640065807,15.7593893869
0.0,-16.0630069525,15.7565288164
0.0,-16.066772822,15.7557046681
0.0,-16.0837554681,15.7519871927
0.0,-16.0940058255,15.7521981076
0.0,-16.1014536256,15.7521153914
0.0,-16.1064847498,15.7521712543
0.0,-16.1091873021,15.7513982242
0.0,-16.1096422851,15.7514866095
0.0,-16.1122706399,15.7519971704
0.0,-16.1165808095,15.7516406783
0.0,-16.1252949829,15.7495532055
0.0,-16.1270310827,15.7491372776
0.0,-16.1303459371,15.7477190477
0.0,-16.1404214806,15.7404352906
0.0,-16.142128767,15.7401099864
0.0,-16.146866576,15.736456348
0.0,-16.1475929079,15.7358962057
0.0,-16.1505561364,15.7328047098
0.0,-16.1507871898,15.7325636493
0.0,-16.150831274,15.7325176555
0.0,-16.1511693695,15.7321649153
0.0,-16.1513600251,15.7319766946
0.0,-16.1532874636,15.7300738364
0.0,-16.1567892059,15.7266166245
0.0,-16.157417794,15.7259823011
0.0,-16.1584602001,15.7249303718
0.0,-16.1609471624,15.7224206269
0.0,-16.1651697096,15.716639128
0.0,-16.1657569936,15.716222457
0.0,-16.1658303159,15.7164534062
0.0,-16.1659903868,15.7169575934
0.0,-16.1662350733,15.7177282937
0.0,-16.167443662,15.7186686733
0.0,-16.1686266317,15.7196148319
0.0,-16.1702456184,15.7213823275
0.0,-16.1711663277,15.7224100977
0.0,-16.172080675,15.7234458066
0.0,-16.1729889534,15.7244894527
0.0,-16.1738923164,15.7255387703
0.0,-16.1747910543,15.7265937576
0.0,-16.1756860369,15.7276532804
0.0,-16.1765778475,15.7287173353
0.0,-16.177467353,15.729784788
0.0,-16.17835484,15.7308545071
0.0,-16.1792411764,15.7319253579
0.0,-16.1801272311,15.732996206
0.0,-16.1804988342,15.7334453058
0.0,-16.1858197827,15.7399418225
0.0,-16.2030582475,15.7227927062
0.0,-16.2032444299,15.7226074674
0.0,-16.2036191855,15.7222346088
0.0,-16.2040087223,15.7218912254
0.0,-16.2051759645,15.7208622704
0.0,-16.2042262757,15.719048427
0.0,-16.2037428256,15.7166263993
0.0,-16.2038633426,15.7162403274
0.0,-16.2112804705,15.7116588091
0.0,-16.2119441799,15.7107651446
0.0,-16.2168182934,15.7042020149
0.0,-16.2096380417,15.7027761155
0.0,-16.2076896543,15.7023157032
0.0,-16.2064575535,15.7020245416
0.0,-16.2063152839,15.7019909212
0.0,-16.2059607357,15.7016513636
0.0,-16.2057904512,15.701488279
0.0,-16.2056598184,15.7013631678
0.0,-16.2064395566,15.7005991795
0.0,-16.2084875901,15.6985924755
0.0,-16.2123102479,15.6961644367
0.0,-16.2145082434,15.6947134861
0.0,-16.2187594387,15.6922217479
0.0,-16.2248406569,15.6886291449
0.0,-16.2274967743,15.686949737
0.0,-16.2278203764,15.6869547946
0.0,-16.2284277096,15.6869642845
0.0,-16.2286252079,15.6868481986
0.0,-16.2346023303,15.6845548218
0.0,-16.242572635,15.6818601775
0.0,-16.2472966816,15.680011969
0.0,-16.2480491487,15.6798250718
0.0,-16.2580793489,15.6773334984
0.0,-16.2621708798,15.6763597335
0.0,-16.2663291461,15.6761922198
0.0,-16.2705504217,15.6753723403
0.0,-16.2726813445,15.6758390131
0.0,-16.2765483669,15.6756113502
0.0,-16.2827341248,15.6752470346
0.0,-16.2850252183,15.6749398235
0.0,-16.2885144813,15.6744719031
0.0,-16.2920228326,15.6730592588
0.0,-16.2943570869,15.6703971276
0.0,-16.2966815253,15.6633693413
0.0,-16.2987215211,15.659931587
0.0,-16.3001257192,15.65581404
0.0,-16.3005125015,15.6548280605
0.0,-16.3016692099,15.6518813592
0.0,-16.3026116147,15.6514827109
0.0,-16.3039378025,15.6510763155
0.0,-16.3043925123,15.6509369726
0.0,-16.3048450072,15.6507235645
0.0,-16.3052166438,15.6505482905
0.0,-16.306432445,15.6499871757
0.0,-16.3076203107,15.6491617767
0.0,-16.3082368671,15.647517948
0.0,-16.3081225506,15.646242517
0.0,-16.3077854386,15.6446369602
0.0,-16.3078036224,15.6430541124
0.0,-16.307819733,15.6416518544
0.0,-16.3086978214,15.6406890158
0.0,-16.3097009255,15.6395890828
0.0,-16.3150132153,15.6353531827
0.0,-16.3203315038,15.632087657
0.0,-16.3254022549,15.6263457916
0.0,-16.3269627689,15.6253421115
0.0,-16.3285787676,15.6228195951
0.0,-16.329058574,15.6205660708
0.0,-16.331906704,15.6167616252
0.0,-16.332568814,15.610972886
0.0,-16.3316910991,15.6075564126
0.0,-16.3315562235,15.6070314029
0.0,-16.3308140637,15.6041416122
0.0,-16.3304645455,15.6027806372
0.0,-16.3297849554,15.6001343464
0.0,-16.331756883,15.5972923421
0.0,-16.3340378809,15.595162054
0.0,-16.3375231293,15.5961094261
0.0,-16.3391925566,15.5967090887
0.0,-16.340918102,15.5972941119
0.0,-16.3436401542,15.5993190858
0.0,-16.3480784056,15.6017033369
0.0,-16.3484727997,15.6019152005
0.0,-16.3515945097,15.6040864025
0.0,-16.35512467,15.606541573
0.0,-16.3627076755,15.6116014442
0.0,-16.3673479806,15.6151789744
0.0,-16.3694046055,15.6155243497
0.0,-16.3695795252,15.615553724
0.0,-16.3745536722,15.6188126553
0.0,-16.3811864157,15.620289492
0.0,-16.3969627347,15.620994088
0.0,-16.3980814131,15.621216316
0.0,-16.4013242221,15.6218610914
0.0,-16.4060030392,15.6239392483
0.0,-16.4156275982,15.6282136584
0.0,-16.4182247809,15.6303163777
0.0,-16.4187651264,15.6296327496
0.0,-16.4195280177,15.6285488643
0.0,-16.4196241288,15.628242464
0.0,-16.4197641674,15.6277960251
0.0,-16.4285915422,15.630272848
0.0,-16.4323699451,15.6313305484
0.0,-16.434750478,15.6322628829
0.0,-16.4358696011,15.6351307741
0.0,-16.4361726276,15.6359072991
0.0,-16.4373172051,15.6398246684
0.0,-16.439304557,15.644413235
0.0,-16.4421274589,15.6485895578
0.0,-16.4443847596,15.6518228081
0.0,-16.4472159096,15.6541678348
0.0,-16.4507070029,15.6570593576
0.0,-16.4556090356,15.6589214705
0.0,-16.4626501513,15.6602888864
0.0,-16.4630221299,15.6603611196
0.0,-16.466091212,15.6597983085
0.0,-16.4686005286,15.6591058968
0.0,-16.4709653521,15.6577365679
0.0,-16.4737257406,15.6531164783
0.0,-16.4743921107,15.6480732389
0.0,-16.4763162959,15.6443015565
0.0,-16.4794627786,15.6423812106
0.0,-16.4854773075,15.6421507428
0.0,-16.5024191512,15.6456414793
0.0,-16.5071182298,15.6466094988
0.0,-16.5193602867,15.6491308622
0.0,-16.5244370947,15.6507405149
0.0,-16.5277351839,15.6514259426
0.0,-16.5362561142,15.6531965533
0.0,-16.545732353,15.6557403728
0.0,-16.5474670852,15.6562230648
0.0,-16.5498367982,15.6568824148
0.0,-16.5558156007,15.658545824
0.0,-16.5579093335,15.6591169621
0.0,-16.562864547,15.659987326
0.0,-16.5730516086,15.6619388171
0.0,-16.5745792944,15.6619630757
0.0,-16.5753612536,15.6619754887
0.0,-16.5763509265,15.6619683672
0.0,-16.5769607104,15.6619639771
0.0,-16.5771756531,15.6619624292
0.0,-16.5783840242,15.6617939017
0.0,-16.5794274484,15.6616265565
0.0,-16.5802480779,15.6610878963
0.0,-16.5809037595,15.6605504241
0.0,-16.5815557631,15.6597751082
0.0,-16.5811158933,15.6540341026
0.0,-16.5807802021,15.6496524453
0.0,-16.5990513999,15.6493140032
0.0,-16.6011635436,15.6492747811
0.0,-16.6014369272,15.6492697026
0.0,-16.6015789343,15.6492670643
0.0,-16.5993340978,15.6529112387
0.0,-16.5921443334,15.6653712115
0.0,-16.5911844671,15.6670343463
0.0,-16.589698186,15.6696095898
0.0,-16.5859916799,15.6760317831
0.0,-16.5847210284,15.6782326333
0.0,-16.5840475732,15.6793988558
0.0,-16.5833824604,15.6805514598
0.0,-16.5827682591,15.6816155763
0.0,-16.5827512284,15.681723166
0.0,-16.580318706,15.6857239843
0.0,-16.5799948354,15.6864437059
0.0,-16.5758058327,15.6957522785
0.0,-16.5730787238,15.7014566581
0.0,-16.5697900569,15.7081682394
0.0,-16.5665344791,15.7159472168
0.0,-16.5661707715,15.7168162353
0.0,-16.5643817179,15.7220167322
0.0,-16.5630492322,15.7246789866
0.0,-16.5609995275,15.7287740803
0.0,-16.5559581063,15.7370163919
0.0,-16.5547475104,15.7392365878
0.0,-16.553104538,15.7422496707
0.0,-16.5504912287,15.747042085
0.0,-16.5495566505,15.7495511462
0.0,-16.5489861071,15.7510828558
0.0,-16.5482090778,15.753168874
0.0,-16.5471529179,15.7560041843
0.0,-16.5441420014,15.7636272052
0.0,-16.5434442662,15.7653936519
0.0,-16.541195958,15.7729290281
0.0,-16.5397101482,15.7783818101
0.0,-16.5381535355,15.7840941642
0.0,-16.5362239405,15.7916427951
0.0,-16.5358506526,15.7931030537
0.0,-16.5338209925,15.8015724466
0.0,-16.5276333045,15.8016463484
0.0,-16.5213113344,15.8035784876
0.0,-16.5154868964,15.8069225367
0.0,-16.5072445894,15.8128793726
0.0,-16.503333073,15.8160012371
0.0,-16.4994909776,15.819067541
0.0,-16.4931631872,15.823362163
0.0,-16.4893049828,15.8259805244
0.0,-16.4808000118,15.8295782322
0.0,-16.4739925555,15.8319846409
0.0,-16.4672201581,15.8342200182
0.0,-16.4606159198,15.8360868922
0.0,-16.4535522296,15.8368415845
0.0,-16.4445387014,15.8376101791
0.0,-16.4364864741,15.836484201
0.0,-16.4228138283,15.8338389606
0.0,-16.422329243,15.8337451904
0.0,-16.4097479319,15.8321157266
0.0,-16.3981836827,15.8317782117
0.0,-16.3833165547,15.8321096637
0.0,-16.3730776823,15.8319385964
0.0,-16.3728132761,15.8319497585
0.0,-16.3599181146,15.8324937578
0.0,-16.3528604689,15.8341896602
0.0,-16.3475214243,15.8377625655
0.0,-16.3453022308,15.8396213115
0.0,-16.3453096909,15.8396970306
0.0,-16.3452629931,15.8396988288
0.0,-16.3451865271,15.8397020257
0.0,-16.3444375046,15.8397333395
0.0,-16.3431869427,15.8397856149
0.0,-16.3388915907,15.8402903671
0.0,-16.3371513729,15.8355401096
0.0,-16.3353716061,15.8327502876
0.0,-16.3332231395,15.8313015345
0.0,-16.3305788992,15.8309528429
0.0,-16.3282138463,15.8311786117
0.0,-16.326592604,15.8318450454
0.0,-16.3254293795,15.8323231942
0.0,-16.32292684,15.8345156178
0.0,-16.3195543274,15.8407761142
0.0,-16.3165683736,15.8481369176
0.0,-16.3147668082,15.8494038931
0.0,-16.3129172303,15.8507046029
0.0,-16.3114766482,15.8517176663
0.0,-16.3052975567,15.8539502128
0.0,-16.2972770639,15.8559620151
0.0,-16.2942636807,15.8571240847
0.0,-16.2929065191,15.8576474378
0.0,-16.2922856701,15.8577177851
0.0,-16.2893450088,15.8580509619
0.0,-16.2854973661,15.8611992007
0.0,-16.2798067716,15.8658550964
0.0,-16.2732610633,15.8752643492
0.0,-16.270802916,15.8720274252
0.0,-16.2652633984,15.8778071766
0.0,-16.2612368709,15.8927239505
0.0,-16.2565750981,15.8982486416
0.0,-16.2565340796,15.9012722813
0.0,-16.252449566,15.9051927338
0.0,-16.2516821286,15.9055622277
0.0,-16.2453875,15.9084511503
0.0,-16.2395345972,15.9112687409
0.0,-16.2391445218,15.9114565148
0.0,-16.2328583887,15.9148187354
0.0,-16.2289519501,15.9174170378
0.0,-16.2244705745,15.9206297808
0.0,-16.21969535,15.9237876081
0.0,-16.2156641614,15.9267866844
0.0,-16.2089706561,15.9321275224
0.0,-16.196045698,15.9424012184
0.0,-16.1933534367,15.9445410027
0.0,-16.1900942518,15.9470049366
0.0,-16.1859983416,15.9502795046
0.0,-16.1820832809,15.953374213
0.0,-16.1784021149,15.9558432855
0.0,-16.1767378705,15.9571012148
0.0,-16.1760644358,15.9575528858
0.0,-16.1760648345,15.9576212361
0.0,-16.1671519778,15.9645073162
0.0,-16.1647520771,15.9678369206
0.0,-16.1612075644,15.9722670297
0.0,-16.1585116609,15.9779037267
0.0,-16.1534139249,15.985238332
0.0,-16.1508743538,15.9889628792
0.0,-16.150867224,15.9889733365
0.0,-16.1508286937,15.9889577157
0.0,-16.1428940854,15.9857407576
0.0,-16.1354209581,15.9824066891
0.0,-16.125887419,15.9780821634
0.0,-16.1246764838,15.9775328245
0.0,-16.1237441355,15.9771098586
0.0,-16.1162242345,15.966630093
0.0,-16.1149704333,15.9648826507
0.0,-16.1114932802,15.9608143871
0.0,-16.1099016828,15.9589521429
0.0,-16.1076047977,15.957741266
0.0,-16.107099975,15.9574751273
0.0,-16.1051575967,15.9544450485
0.0,-16.1035944209,15.952006434
0.0,-16.1028263797,15.9487246883
0.0,-16.1026289831,15.9478812185
0.0,-16.1023795104,15.9468152144
0.0,-16.0992499722,15.9379762755
0.0,-16.0988240303,15.9367731922
0.0,-16.0975226373,15.9330972733
0.0,-16.0936443642,15.9221423512
0.0,-16.0939245098,15.9186697442
0.0,-16.0940305011,15.9152332532
0.0,-16.0941482363,15.9139667777
0.0,-16.0934565011,15.9127646843
0.0,-16.0920779401,15.9112646616
0.0,-16.0900182717,15.9092953411
0.0,-16.0867552084,15.9029171609
0.0,-16.0837768341,15.8945980596
0.0,-16.0832874207,15.8903174825
0.0,-16.0880439721,15.8822852397
0.0,-16.0886930386,15.8789098125
0.0,-16.0869784209,15.8771247298
0.0,-16.0849042037,15.8757633858
0.0,-16.0817709597,15.8737069101
