51,0,30,36,56,
0.0,-15.9271298716,14.434970153
0.0,-15.9237635805,14.4344369484
0.0,-15.9209653555,14.4356968405
0.0,-15.9178521487,14.4382849348
0.0,-15.914675356,14.4449323213
0.0,-15.9130864147,14.4481389137
0.0,-15.9110530173,14.4513790728
0.0,-15.9051499904,14.4504233402
0.0,-15.900155934,14.4502212996
0.0,-15.8978088842,14.4497879058
0.0,-15.8973586866,14.4481223955
0.0,-15.8952436258,14.4457027036
0.0,-15.8937889256,14.4431742323
0.0,-15.8937865542,14.4425803229
0.0,-15.8937641341,14.4369638931
0.0,-15.8937566167,14.4350801692
0.0,-15.8937355072,14.4297890687
0.0,-15.894368913,14.4197645111
0.0,-15.8932204978,14.4132059928
0.0,-15.8931926321,14.4062057039
0.0,-15.8931034292,14.4038000011
0.0,-15.8934293154,14.3949833152
0.0,-15.8935805815,14.3908908609
0.0,-15.8945420798,14.3874412895
0.0,-15.894527065,14.3869566256
0.0,-15.8942476258,14.3779359822
0.0,-15.8954285667,14.3779997007
0.0,-15.899298304,14.3720812267
0.0,-15.9043931741,14.3673883654
0.0,-15.9085127224,14.3586488207
0.0,-15.9091104017,14.3483649268
0.0,-15.9112982753,14.3362055396
0.0,-15.9202215635,14.3302514015
0.0,-15.9262589688,14.3272786965
0.0,-15.9224029681,14.3137895844
0.0,-15.939933335,14.3068228814
0.0,-15.9399150372,14.3067466512
0.0,-15.9398466239,14.3063816234
0.0,-15.9396661439,14.3054186532
0.0,-15.9394727727,14.3040644433
0.0,-15.9393279883,14.3026885694
0.0,-15.9392248506,14.3012944494
0.0,-15.9391567053,14.2998843696
0.0,-15.9391163308,14.2984640093
0.0,-15.9390967897,14.2970367859
0.0,-15.9390914213,14.295603856
0.0,-15.9390933005,14.2941720274
0.0,-15.9390951906,14.2927424588
0.0,-15.9390904409,14.2913185666
0.0,-15.9390721223,14.2899060287
0.0,-15.9390332923,14.2885071326
0.0,-15.9389670171,14.287126426
0.0,-15.9388663531,14.2857661964
0.0,-15.938724362,14.2844298613
0.0,-15.9385341161,14.2831230984
0.0,-15.9382889574,14.2818470639
0.0,-15.9379816636,14.2806063063
0.0,-15.9376053007,14.2794053731
0.0,-15.9371532164,14.2782465501
0.0,-15.9368228414,14.2776674591
0.0,-15.9366952246,14.2775684561
0.0,-15.9341879761,14.275623332
0.0,-15.9337352623,14.2752721107
0.0,-15.9336366869,14.2751956337
0.0,-15.933633129,14.2751751713
0.0,-15.9335541954,14.2747211785
0.0,-15.9333136973,14.2733379153
0.0,-15.9332904784,14.2732043689
0.0,-15.9329963236,14.271512462
0.0,-15.9322585669,14.2672689301
0.0,-15.9321638583,14.2667241575
0.0,-15.9346095354,14.2636703495
0.0,-15.9347597607,14.2634827665
0.0,-15.9360080188,14.2619240791
0.0,-15.9380647843,14.2593557593
0.0,-15.9417660957,14.2547336813
0.0,-15.9461052944,14.2582373548
0.0,-15.9461053841,14.2582588831
0.0,-15.946747005,14.2582422407
0.0,-15.9467943117,14.2582410132
0.0,-15.9471228503,14.2584065379
0.0,-15.9481485252,14.2590114418
0.0,-15.948980832,14.2597277434
0.0,-15.9496889461,14.260371596
0.0,-15.949700514,14.2604075943
0.0,-15.9497838884,14.2604579218
0.0,-15.9499960995,14.2606508739
0.0,-15.9500885859,14.2607160098
0.0,-15.950517091,14.2605631109
0.0,-15.9518247549,14.2601013396
0.0,-15.9531338798,14.2596440759
0.0,-15.9544444707,14.2591924499
0.0,-15.9557562346,14.2587453327
0.0,-15.9570700486,14.2583049807
0.0,-15.9583853289,14.2578702664
0.0,-15.959702376,14.2574434486
0.0,-15.9610214689,14.2570222659
0.0,-15.9623426219,14.2566101086
0.0,-15.9636661215,14.2562058453
0.0,-15.9649916767,14.2558094773
0.0,-15.9663198718,14.2554221321
0.0,-15.967650998,14.2550438085
0.0,-15.9689907984,14.2546631824
0.0,-15.9691332746,14.2546223148
0.0,-15.9703415727,14.2542757238
0.0,-15.9717021796,14.2538859576
0.0,-15.9730711867,14.2534972798
0.0,-15.9744471597,14.2531130863
0.0,-15.9758286703,14.252737903
0.0,-15.9772148532,14.2523728636
0.0,-15.9786037067,14.2520236266
0.0,-15.9799946614,14.2516924544
0.0,-15.9813857084,14.2513838755
0.0,-15.9827759952,14.2511012837
0.0,-15.9841637989,14.2508480762
0.0,-15.9855482597,14.2506265169
0.0,-15.9869276665,14.2504422631
0.0,-15.9883008746,14.25029871
0.0,-15.9896664426,14.2501969936
0.0,-15.9910232423,14.2501438991
0.0,-15.9923698299,14.2501405628
0.0,-15.9937047793,14.250191511
0.0,-15.9950269476,14.2503001389
0.0,-15.9963329932,14.2504969725
0.0,-15.9976221234,14.2507989664
0.0,-15.9988963175,14.2511948119
0.0,-16.0001581405,14.2516743276
0.0,-16.0014086955,14.2522250781
0.0,-16.0026508322,14.252835751
0.0,-16.0038862427,14.2534961684
0.0,-16.0051171916,14.2541938902
0.0,-16.0063453707,14.2549187384
0.0,-16.0075730391,14.2556571429
0.0,-16.0088018981,14.2564011858
0.0,-16.0100344957,14.2571372954
0.0,-16.0112728085,14.2578541628
0.0,-16.0125185288,14.25854161
0.0,-16.0137736287,14.2591871977
0.0,-16.0150406676,14.2597807443
0.0,-16.0163207646,14.2603132045
0.0,-16.017605715,14.2608286857
0.0,-16.0188929728,14.2613407595
0.0,-16.0201825381,14.2618494259
0.0,-16.0214746949,14.2623535535
0.0,-16.0227685756,14.2628531462
0.0,-16.0240650528,14.26334933
0.0,-16.0253632527,14.2638409788
0.0,-16.0266637496,14.2643269599
0.0,-16.0279662635,14.2648095347
0.0,-16.0292704957,14.2652864442
0.0,-16.0309770664,14.265950327
0.0,-16.0312312171,14.2659768102
0.0,-16.0313106905,14.2659850919
0.0,-16.0289853431,14.2704792277
0.0,-16.0273029048,14.2735749408
0.0,-16.0259582214,14.2763382845
0.0,-16.0247281045,14.2794320353
0.0,-16.0241825539,14.283846461
0.0,-16.0248871333,14.2895791283
0.0,-16.0262674067,14.294647064
0.0,-16.026847965,14.2979536121
0.0,-16.0271993155,14.3005993363
0.0,-16.028233863,14.3042348212
0.0,-16.0283635327,14.3078742145
0.0,-16.0283780863,14.3110728975
0.0,-16.028619883,14.3144912
0.0,-16.0289712934,14.3171369149
0.0,-16.0289275991,14.318843378
0.0,-16.0323197534,14.3167870202
0.0,-16.0360334671,14.3145356335
0.0,-16.0383922663,14.3132919467
0.0,-16.0386398617,14.3131613991
0.0,-16.0395275754,14.311355509
0.0,-16.0485315687,14.3030575018
0.0,-16.0520725681,14.2977018096
0.0,-16.0561265526,14.2931510142
0.0,-16.0603824433,14.2909588145
0.0,-16.0622427735,14.2916619638
0.0,-16.0671882795,14.2935311227
0.0,-16.0675265966,14.2936589848
0.0,-16.0712357794,14.2970574481
0.0,-16.0713280077,14.2972254487
0.0,-16.071322426,14.2972284337
0.0,-16.0747077619,14.3008999784
0.0,-16.0749785765,14.3008458883
0.0,-16.0779236902,14.2982632547
0.0,-16.0800164448,14.2973623718
0.0,-16.0826923608,14.2947284721
0.0,-16.0832740251,14.2926808707
0.0,-16.082941381,14.2905849955
0.0,-16.0814778806,14.2881272168
0.0,-16.0804266445,14.2869085976
0.0,-16.0818847723,14.2825754795
0.0,-16.0820750845,14.2825111379
0.0,-16.0888986536,14.2802040678
0.0,-16.0968842389,14.2799161576
0.0,-16.0984166774,14.2796286233
0.0,-16.1049053275,14.2784110286
0.0,-16.104411447,14.2755466036
0.0,-16.1042617235,14.2709524279
0.0,-16.1047773686,14.2706137013
0.0,-16.1105445284,14.2668251098
0.0,-16.1175399357,14.2652400992
0.0,-16.1191316376,14.2643481542
0.0,-16.1191361648,14.2643641306
0.0,-16.1239570158,14.2661528398
0.0,-16.1239309199,14.2666195243
0.0,-16.1241656039,14.2670721635
0.0,-16.1288266335,14.2760615221
0.0,-16.1328848121,14.284954829
0.0,-16.1329223556,14.2850371008
0.0,-16.1329238142,14.2850829377
0.0,-16.1332964245,14.2967977701
0.0,-16.1332841677,14.2985460306
0.0,-16.1332831225,14.2986950707
0.0,-16.1372745657,14.3003349095
0.0,-16.1405825633,14.3028803645
0.0,-16.1407420406,14.3060928599
0.0,-16.1401018793,14.3117307769
0.0,-16.1400850321,14.3139889103
0.0,-16.14008337,14.3142116312
0.0,-16.1393903295,14.315705398
0.0,-16.1384147154,14.3193511864
0.0,-16.1366124642,14.3242320954
0.0,-16.1360085426,14.3270116608
0.0,-16.1366803525,14.3326783851
0.0,-16.1348204606,14.3346680026
0.0,-16.1307945159,14.3381657866
0.0,-16.1283753037,14.3332951743
0.0,-16.1257734184,14.3354911242
0.0,-16.118727898,14.3402279296
0.0,-16.1134916097,14.3438383947
0.0,-16.1068775041,14.3489919772
0.0,-16.100907079,14.3514566416
0.0,-16.100909429,14.351463711
0.0,-16.0976482977,14.3553069487
0.0,-16.0940288537,14.3575590167
0.0,-16.0917827533,14.3584131244
0.0,-16.0915494497,14.3585018393
0.0,-16.0877996327,14.3634554517
0.0,-16.0874640482,14.3638301855
0.0,-16.0837413782,14.367987026
0.0,-16.0816899684,14.3704558627
0.0,-16.0804361191,14.3719648163
0.0,-16.0806813652,14.3751048654
0.0,-16.0773251992,14.3751483848
0.0,-16.0756272903,14.3751847043
0.0,-16.0727317986,14.3745815165
0.0,-16.0662482029,14.3732307142
0.0,-16.0600331355,14.3724909773
0.0,-16.0558143966,14.3693430744
0.0,-16.0532744837,14.3676312978
0.0,-16.0495945455,14.3669378851
0.0,-16.044884664,14.3671794755
0.0,-16.0383582689,14.3675140885
0.0,-16.0296718623,14.3704187325
0.0,-16.0253341574,14.3725071975
0.0,-16.0206523898,14.3747611881
0.0,-16.0170097424,14.3780451462
0.0,-16.0156210084,14.3792970936
0.0,-16.01560728,14.3793094702
0.0,-16.0164432108,14.3836557663
0.0,-16.0164916606,14.3838689905
0.0,-16.0172387426,14.3877918268
0.0,-16.0161883348,14.3891242032
0.0,-16.0136354781,14.3923622585
0.0,-16.0115115395,14.3950561851
0.0,-16.0094837826,14.396828655
0.0,-16.0032596639,14.4022689096
0.0,-16.0032874847,14.4029623068
0.0,-16.0033095596,14.404269691
0.0,-16.0033032959,14.4055918862
0.0,-16.003271292,14.4069266212
0.0,-16.0032152858,14.4082738887
0.0,-16.0031372962,14.4096314199
0.0,-16.0030396516,14.4110014651
0.0,-16.0030037796,14.4114280851
0.0,-16.0029237803,14.412379498
0.0,-16.0028451462,14.413209789
0.0,-16.0027923023,14.4137677676
0.0,-16.0026472347,14.4151640051
0.0,-16.002490022,14.4165670745
0.0,-16.0023232722,14.4179769645
0.0,-16.0021660182,14.4192543803
0.0,-16.0021490107,14.4193925365
0.0,-16.0020495978,14.4193911677
0.0,-15.9982501391,14.4193388385
0.0,-15.9956788924,14.4194816248
0.0,-15.9900068482,14.4204714479
0.0,-15.9892602633,14.4207882162
0.0,-15.9861396654,14.4221122191
0.0,-15.9820565932,14.4259053035
0.0,-15.9782406552,14.4303160938
0.0,-15.977977407,14.4306203697
0.0,-15.9771359649,14.4339608416
0.0,-15.9769722238,14.4377375816
0.0,-15.976175035,14.4409022363
0.0,-15.9758558408,14.4415886024
0.0,-15.975038867,14.4419749273
0.0,-15.9728672563,14.4449460379
0.0,-15.9707145217,14.4465055621
0.0,-15.9691056617,14.4470300918
0.0,-15.9673501187,14.4476520969
0.0,-15.9667926786,14.4480401204
0.0,-15.9613038495,14.4518606547
0.0,-15.9587067664,14.4558586258
0.0,-15.9585738851,14.4563324461
0.0,-15.9541222838,14.455980557
0.0,-15.9489727476,14.4548217814
0.0,-15.9463121454,14.4535866184
0.0,-15.9452470997,14.4530921672
0.0,-15.9437817968,14.4519989602
0.0,-15.940248713,14.4493964218
0.0,-15.9356663692,14.4460208024
0.0,-15.9323643899,14.4417406473
0.0,-15.9296209501,14.4369118227
0.0,-15.9271298716,14.434970153
1.0,-15.6944263805,14.448054477
1.0,-15.6943598837,14.444563688
1.0,-15.6949228879,14.4418743138
1.0,-15.6951003827,14.4410264444
1.0,-15.6954903545,14.4399003021
1.0,-15.6954530612,14.4396218638
1.0,-15.6954489598,14.4383013124
1.0,-15.6954481344,14.4380355559
1.0,-15.6950402834,14.4348288609
1.0,-15.6951824541,14.4340176547
1.0,-15.695648744,14.4327472211
1.0,-15.6969839068,14.4317209827
1.0,-15.6972077122,14.4312713909
1.0,-15.6976567515,14.4277646722
1.0,-15.6980186043,14.4249461453
1.0,-15.6980643225,14.4245900463
1.0,-15.6980573771,14.4245611977
1.0,-15.6975662177,14.4225211103
1.0,-15.6976385387,14.4189315844
1.0,-15.6971922606,14.4156238631
1.0,-15.6971654189,14.4129568195
1.0,-15.6967670879,14.4101462139
1.0,-15.6964611036,14.4071985877
1.0,-15.696052537,14.4043518445
1.0,-15.6956678075,14.3996516023
1.0,-15.6947565496,14.3959293449
1.0,-15.6937993389,14.3923337921
1.0,-15.6932117738,14.3882850939
1.0,-15.6928676401,14.3849680103
1.0,-15.692466895,14.3813346511
1.0,-15.692044544,14.3799551563
1.0,-15.6915487273,14.3783356811
1.0,-15.6914863435,14.378045662
1.0,-15.6909559474,14.3755798668
1.0,-15.6904695394,14.3726684862
1.0,-15.6903701556,14.3720736151
1.0,-15.6900176846,14.3690368198
1.0,-15.689152457,14.3651245241
1.0,-15.6884722751,14.361627578
1.0,-15.6880355723,14.3580395097
1.0,-15.6873953577,14.3551843629
1.0,-15.6868493189,14.3525097633
1.0,-15.6868236503,14.3498879015
1.0,-15.6873626855,14.3472282384
1.0,-15.6874831123,14.344144853
1.0,-15.6878494752,14.3396051264
1.0,-15.6880707655,14.3361496288
1.0,-15.6879970321,14.3332566683
1.0,-15.6878856325,14.3301739516
1.0,-15.6877111473,14.3276881341
1.0,-15.6877891118,14.3268369077
1.0,-15.6879175587,14.3254362834
1.0,-15.6882196834,14.3238803257
1.0,-15.6884180834,14.3220443916
1.0,-15.6887181735,14.3201087095
1.0,-15.6890178732,14.3180464516
1.0,-15.6888981972,14.3152892382
1.0,-15.6893884504,14.3112895991
1.0,-15.6894048326,14.3111559482
1.0,-15.6893383922,14.3076119959
1.0,-15.6897326252,14.3050809817
1.0,-15.6897385198,14.3050431381
1.0,-15.6899457249,14.3030613864
1.0,-15.6927567299,14.291910918
1.0,-15.6933171026,14.288301744
1.0,-15.6933730433,14.2883007177
1.0,-15.7587423464,14.2910560714
1.0,-15.7614232106,14.2870226261
1.0,-15.7615020792,14.2870211569
1.0,-15.7617639923,14.2870160607
1.0,-15.7618994243,14.2863061307
1.0,-15.7677101724,14.25584267
1.0,-15.7679764662,14.2544464241
1.0,-15.7685146247,14.2516246763
1.0,-15.7701085514,14.2488527711
1.0,-15.7715196953,14.247839935
1.0,-15.7747274241,14.2471703931
1.0,-15.7814801405,14.2456652869
1.0,-15.7927901854,14.2429913927
1.0,-15.8027559921,14.2424637295
1.0,-15.8132261891,14.2412747874
1.0,-15.8203178023,14.2424222481
1.0,-15.81980443,14.2434387322
1.0,-15.8194739476,14.2439322323
1.0,-15.8183661967,14.2455863833
1.0,-15.8171249309,14.2483843042
1.0,-15.816304918,14.2497613422
1.0,-15.8150084195,14.2529210825
1.0,-15.8135736114,14.2558100585
1.0,-15.8128030088,14.2580548534
1.0,-15.8117990009,14.2598393499
1.0,-15.8107484676,14.2615787958
1.0,-15.8097449455,14.2635079391
1.0,-15.8085020023,14.2658899408
1.0,-15.8074773356,14.2697008058
1.0,-15.80656758,14.2719460548
1.0,-15.8063574914,14.2726464841
1.0,-15.805688061,14.2748783146
1.0,-15.805104884,14.2777282011
1.0,-15.804187764,14.2805249681
1.0,-15.8023194663,14.2843736949
1.0,-15.8023136799,14.2843910659
1.0,-15.802257705,14.2845591043
1.0,-15.8027002352,14.285992563
1.0,-15.8058962001,14.29180623
1.0,-15.8107551064,14.297466727
1.0,-15.8116016326,14.297814322
1.0,-15.820371297,14.3014150236
1.0,-15.8236601651,14.3057498208
1.0,-15.82394195,14.3061212092
1.0,-15.8281880992,14.3094241687
1.0,-15.8304685329,14.3127339211
1.0,-15.830572761,14.3135639221
1.0,-15.8314032459,14.3201770606
1.0,-15.829970688,14.3212879722
1.0,-15.8265986426,14.3226992409
1.0,-15.8239308664,14.3238157129
1.0,-15.8169100542,14.3269364994
1.0,-15.8111832452,14.3324856613
1.0,-15.8073271043,14.3360076866
1.0,-15.8069833601,14.3363216402
1.0,-15.8045782269,14.3343455832
1.0,-15.7921371948,14.3310531811
1.0,-15.7892826823,14.3446647146
1.0,-15.7863766619,14.3555817635
1.0,-15.7856996892,14.3640802898
1.0,-15.7855666947,14.365967598
1.0,-15.7849014135,14.3754082153
1.0,-15.7850098134,14.3754119396
1.0,-15.7941485169,14.3757257806
1.0,-15.8017521551,14.3759866342
1.0,-15.8017793247,14.3765899819
1.0,-15.8017900687,14.3769056837
1.0,-15.8017843937,14.3769064877
1.0,-15.8019813467,14.3825257978
1.0,-15.8002534123,14.3866995164
1.0,-15.7995236455,14.3901375365
1.0,-15.7981238615,14.3932071391
1.0,-15.7969613802,14.397568787
1.0,-15.7948210141,14.403559649
1.0,-15.7929102463,14.4084558755
1.0,-15.7906612186,14.414309
1.0,-15.7886719591,14.4194858186
1.0,-15.7870115189,14.4274202518
1.0,-15.785695763,14.4289732668
1.0,-15.7848826308,14.4333591941
1.0,-15.7838288735,14.4349795935
1.0,-15.777791486,14.4442629746
1.0,-15.7766696858,14.4448080475
1.0,-15.768988554,14.4454091842
1.0,-15.7575258682,14.4453498238
1.0,-15.7571628165,14.4455503726
1.0,-15.7529553888,14.4478744799
1.0,-15.7488992311,14.4489675016
1.0,-15.7445479884,14.4507958956
1.0,-15.7397805112,14.4563336815
1.0,-15.7364614685,14.4601887884
1.0,-15.7332702529,14.4712539911
1.0,-15.7318541478,14.4850284952
1.0,-15.7305530193,14.4866494676
1.0,-15.729802529,14.4875844305
1.0,-15.7286110398,14.4895181373
1.0,-15.7282229778,14.490147928
1.0,-15.7262172273,14.4925680778
1.0,-15.7256820961,14.4988659137
1.0,-15.7244929017,14.5004487641
1.0,-15.7162298763,14.5042142767
1.0,-15.7124511022,14.5045701851
1.0,-15.708357628,14.5049556636
1.0,-15.7043750132,14.5053306336
1.0,-15.6981106696,14.5051052519
1.0,-15.6915766643,14.5048699894
1.0,-15.6806414944,14.4999150194
1.0,-15.6739836229,14.4936155027
1.0,-15.677106415,14.4823653146
1.0,-15.6809665941,14.4777348137
1.0,-15.6885009614,14.4757886516
1.0,-15.6895729118,14.4753161983
1.0,-15.6902164784,14.4728032168
1.0,-15.6908564782,14.4697273773
1.0,-15.6910920038,14.4684431711
1.0,-15.6912944631,14.4673392503
1.0,-15.6923616857,14.4644068086
1.0,-15.6923370583,14.4643520687
1.0,-15.6919879783,14.4635761294
1.0,-15.6923017399,14.4603113819
1.0,-15.692870879,14.4582455254
1.0,-15.6931742232,14.4571444413
1.0,-15.6939065052,14.4539327054
1.0,-15.6944934678,14.4517339956
1.0,-15.6944735648,14.450642429
1.0,-15.6944263805,14.448054477
