108,11,21,6,103,
0.0,-14.1665657135,13.8364441831
0.0,-14.1471828785,13.8303097576
0.0,-14.1239592067,13.8304473697
0.0,-14.1210270342,13.8296205512
0.0,-14.1151229272,13.8294637045
0.0,-14.1103069226,13.8282969262
0.0,-14.1077105177,13.8276896494
0.0,-14.1018046545,13.8272567242
0.0,-14.0965150205,13.8267321267
0.0,-14.0936828421,13.8258017461
0.0,-14.0902844622,13.8244544744
0.0,-14.0900388359,13.8244293876
0.0,-14.0899955333,13.824424965
0.0,-14.0824162233,13.8260492318
0.0,-14.0803997666,13.8258774203
0.0,-14.0699732926,13.8183429286
0.0,-14.0696543298,13.8181647734
0.0,-14.0650763539,13.8163063935
0.0,-14.0621981143,13.8149607296
0.0,-14.0587536138,13.8133811869
0.0,-14.058360841,13.8130774233
0.0,-14.0571984125,13.812178412
0.0,-14.0555929926,13.8113890626
0.0,-14.0543674637,13.8106011665
0.0,-14.0520148419,13.8099163631
0.0,-14.0514873099,13.8097628049
0.0,-14.0476157614,13.808873103
0.0,-14.0448267362,13.8089549427
0.0,-14.0412398752,13.807883169
0.0,-14.0386896151,13.80741211
0.0,-14.0347686632,13.8070305734
0.0,-14.0319825145,13.8064217741
0.0,-14.0270722935,13.8052055761
0.0,-14.0224924591,13.8040843977
0.0,-14.0206027642,13.8037084526
0.0,-14.0146492353,13.8034111594
0.0,-14.0113923858,13.8022928213
0.0,-14.0081328336,13.801958732
0.0,-14.0058184149,13.8016736305
0.0,-14.0027015161,13.8011095038
0.0,-14.0002936998,13.8000871373
0.0,-13.9995557501,13.8001327292
0.0,-13.9991014396,13.8001603454
0.0,-13.9988762146,13.8001740363
0.0,-13.997098085,13.7999577152
0.0,-13.9962110604,13.7999812164
0.0,-13.9954136452,13.8004119215
0.0,-13.9944009044,13.8014384422
0.0,-13.9934816317,13.8022393185
0.0,-13.9923753573,13.8035005098
0.0,-13.9907294883,13.8054646684
0.0,-13.9898085913,13.8066361986
0.0,-13.9881616984,13.8088274847
0.0,-13.9864769932,13.8111982887
0.0,-13.9840884584,13.8137289029
0.0,-13.9816975808,13.8153226212
0.0,-13.9783347517,13.817565472
0.0,-13.9765261269,13.8186157164
0.0,-13.9746163145,13.819529911
0.0,-13.973448106,13.8201036411
0.0,-13.9712128605,13.8212515075
0.0,-13.9688715518,13.8215309874
0.0,-13.9659188258,13.8218621137
0.0,-13.9629033345,13.8217408982
0.0,-13.9595493595,13.820759335
0.0,-13.9574924131,13.8193764048
0.0,-13.9542540722,13.8173736547
0.0,-13.9525703459,13.815296136
0.0,-13.9520378214,13.8123194448
0.0,-13.9524862323,13.811344953
0.0,-13.9541944924,13.8057096478
0.0,-13.9546216266,13.803406062
0.0,-13.9546297719,13.7995004705
0.0,-13.9543373501,13.7966152104
0.0,-13.9481485674,13.7863184659
0.0,-13.9452826848,13.7816953912
0.0,-13.9428603609,13.7776332815
0.0,-13.9421153427,13.7763838938
0.0,-13.9384231836,13.7728862987
0.0,-13.9383667203,13.7728328096
0.0,-13.9350609954,13.769544643
0.0,-13.9321932867,13.7675884598
0.0,-13.9298834111,13.7650108576
0.0,-13.9296005566,13.7648551401
0.0,-13.9265066529,13.7631518507
0.0,-13.9236488004,13.7610961718
0.0,-13.920056648,13.7578257866
0.0,-13.9162161432,13.756290084
0.0,-13.9134656151,13.7550665166
0.0,-13.9080786253,13.7517247697
0.0,-13.9073907556,13.7513724126
0.0,-13.9040373249,13.7496545981
0.0,-13.9030498433,13.7489787504
0.0,-13.9015838416,13.7479753826
0.0,-13.900128403,13.7469792286
0.0,-13.8961103054,13.7459125565
0.0,-13.8921630625,13.7435533229
0.0,-13.889558664,13.7427821963
0.0,-13.8868570602,13.7409026136
0.0,-13.8851248206,13.7396974145
0.0,-13.8840875596,13.7394559589
0.0,-13.8816790594,13.7388952844
0.0,-13.8800954141,13.7374144764
0.0,-13.8761230384,13.7363929065
0.0,-13.8710208648,13.7354871509
0.0,-13.8710020095,13.7354838037
0.0,-13.8707914699,13.7354464258
0.0,-13.8660316159,13.734855044
0.0,-13.861789538,13.7342919519
0.0,-13.8562738036,13.7332087069
0.0,-13.8532408083,13.7329636341
0.0,-13.848083466,13.7325468233
0.0,-13.8428204937,13.732748222
0.0,-13.8369076553,13.733226703
0.0,-13.828684621,13.7333505493
0.0,-13.8276339728,13.7334777192
0.0,-13.8202498496,13.734371355
0.0,-13.819116657,13.7345084755
0.0,-13.8161124504,13.734476003
0.0,-13.8119771175,13.73479063
0.0,-13.808507237,13.7351807238
0.0,-13.8047665941,13.7358497103
0.0,-13.7988996436,13.7366077435
0.0,-13.7954456395,13.7375039898
0.0,-13.7921602001,13.7379851525
0.0,-13.7895404395,13.738496658
0.0,-13.7858309869,13.7387044427
0.0,-13.7814657939,13.7387462071
0.0,-13.7775630788,13.738772105
0.0,-13.7764816751,13.7386582609
0.0,-13.7742169141,13.7384752541
0.0,-13.7712108477,13.7385778271
0.0,-13.7639401823,13.7370679422
0.0,-13.7631137512,13.7369726678
0.0,-13.7624580512,13.7368970743
0.0,-13.7595132182,13.7365575524
0.0,-13.753239717,13.735486306
0.0,-13.7458454889,13.7347617824
0.0,-13.7387847587,13.7339393024
0.0,-13.7293576066,13.7327428457
0.0,-13.7245709016,13.7317620678
0.0,-13.7213859386,13.7311094803
0.0,-13.7149728555,13.7302716072
0.0,-13.7147060155,13.7302300916
0.0,-13.7116281926,13.7297512105
0.0,-13.7116294837,13.7297826842
0.0,-13.709715188,13.7294848183
0.0,-13.7031793071,13.7292426524
0.0,-13.7002036863,13.7288834808
0.0,-13.6941000458,13.7288704841
0.0,-13.6882665265,13.7286124295
0.0,-13.6827569684,13.7283028561
0.0,-13.6801520482,13.7284290665
0.0,-13.68015274,13.7284174826
0.0,-13.6801583104,13.7283242489
0.0,-13.6752541243,13.7293019669
0.0,-13.6701277529,13.7255603671
0.0,-13.6805603011,13.7215956076
0.0,-13.6807423447,13.7185482918
0.0,-13.6808202329,13.7172444325
0.0,-13.6814883044,13.7060597813
0.0,-13.6821288991,13.6953323563
0.0,-13.6820450061,13.6951403818
0.0,-13.6841724748,13.6794220412
0.0,-13.6847589783,13.675088284
0.0,-13.6898618106,13.6687478195
0.0,-13.6986817024,13.6577876379
0.0,-13.6986836385,13.6577852316
0.0,-13.6987049435,13.6577856688
0.0,-13.698852034,13.6577886885
0.0,-13.6988709185,13.6577566435
0.0,-13.6988796003,13.6577419129
0.0,-13.704707778,13.6521030848
0.0,-13.7137485643,13.6477407386
0.0,-13.7279356384,13.6446644353
0.0,-13.7543527155,13.6429077974
0.0,-13.7593842814,13.6405578785
0.0,-13.7743680397,13.6335590231
0.0,-13.7811183846,13.630001014
0.0,-13.7813765197,13.6300923026
0.0,-13.7923171662,13.6314452754
0.0,-13.8081798233,13.6334060541
0.0,-13.8273738501,13.6307626421
0.0,-13.8403874154,13.6279450276
0.0,-13.8529177853,13.6135555535
0.0,-13.8574813226,13.6098619757
0.0,-13.858215718,13.6093915346
0.0,-13.8659918462,13.5993478298
0.0,-13.8670447943,13.5979677917
0.0,-13.8767035704,13.5853075816
0.0,-13.8770077721,13.5849088203
0.0,-13.8795569367,13.5808981863
0.0,-13.8873877024,13.5685768516
0.0,-13.8880413295,13.5673648631
0.0,-13.8949800106,13.5544978709
0.0,-13.9039639471,13.5592951851
0.0,-13.9191311515,13.5632409483
0.0,-13.9342971961,13.5671846888
0.0,-13.9361048081,13.5680241635
0.0,-13.937941404,13.5685834807
0.0,-13.9410304117,13.5698894578
0.0,-13.9449695961,13.5717414506
0.0,-13.9482976983,13.5735998513
0.0,-13.9483268333,13.5736197883
0.0,-13.9509698077,13.5754283307
0.0,-13.9535806573,13.5766146191
0.0,-13.9557119214,13.5774462771
0.0,-13.9575193007,13.5783760151
0.0,-13.9589774721,13.5788522352
0.0,-13.9623292684,13.5795623566
0.0,-13.9658675339,13.5799025271
0.0,-13.9695741602,13.5797822528
0.0,-13.9725789394,13.5795324591
0.0,-13.9758991453,13.5790036526
0.0,-13.9792201129,13.5782939836
0.0,-13.9827347981,13.5776664283
0.0,-13.9854457271,13.5769632265
0.0,-13.98838194,13.5757094038
0.0,-13.9914555967,13.5744561001
0.0,-13.9945294518,13.5731485106
0.0,-13.9945473987,13.5731362555
0.0,-13.9988995512,13.5701644442
0.0,-14.0009630704,13.5687182285
0.0,-14.0021431164,13.5684460654
0.0,-14.0038481899,13.5666548289
0.0,-14.0061169936,13.5661101045
0.0,-14.008055771,13.5649187392
0.0,-14.0096171663,13.5639123337
0.0,-14.0116044144,13.5623052393
0.0,-14.0132593607,13.5614359259
0.0,-14.0151978857,13.5604287117
0.0,-14.0171384765,13.5589151863
0.0,-14.0192201701,13.5574948697
0.0,-14.0209220313,13.5565793496
0.0,-14.0217256094,13.5562592769
0.0,-14.0235719823,13.5547453272
0.0,-14.0267856874,13.5537441264
0.0,-14.0295230086,13.5538463148
0.0,-14.0313646864,13.5537607891
0.0,-14.0358485745,13.553731795
0.0,-14.0383513416,13.5534193476
0.0,-14.0399092671,13.5535168805
0.0,-14.0464241985,13.5529891845
0.0,-14.0488786532,13.5527668579
0.0,-14.0513338926,13.5526371824
0.0,-14.0531281989,13.5525524455
0.0,-14.0549463776,13.5528576886
0.0,-14.0549738997,13.5528306636
0.0,-14.0599020638,13.5536561827
0.0,-14.0633926537,13.554775713
0.0,-14.0679225222,13.5551147473
0.0,-14.0701883782,13.5551231901
0.0,-14.0717446466,13.555359529
0.0,-14.0739626117,13.555505639
0.0,-14.0756624425,13.5555119337
0.0,-14.0772663951,13.5555178627
0.0,-14.0783525656,13.5552913194
0.0,-14.0813743971,13.5550255591
0.0,-14.0839222998,13.5549885774
0.0,-14.0867079915,13.5549987757
0.0,-14.088831949,13.5549601938
0.0,-14.0916170853,13.5545092287
0.0,-14.095678979,13.5533711955
0.0,-14.0977136483,13.5520415655
0.0,-14.0999785156,13.5515422883
0.0,-14.1024365663,13.5503531521
0.0,-14.1044219144,13.5495307315
0.0,-14.1071593248,13.5493099707
0.0,-14.1097112323,13.5480284207
0.0,-14.11202616,13.5472534474
0.0,-14.1150492135,13.5461577307
0.0,-14.1170098534,13.5454522785
0.0,-14.1170803565,13.5454269106
0.0,-14.1195839365,13.5446977372
0.0,-14.1229370816,13.5431883096
0.0,-14.1251593955,13.5418138924
0.0,-14.1263877401,13.5412191943
0.0,-14.1278520597,13.5405326386
0.0,-14.1291289104,13.5399369652
0.0,-14.1316787841,13.5388405192
0.0,-14.1333814513,13.5378778634
0.0,-14.1344547493,13.5374495203
0.0,-14.1355544692,13.5370106256
0.0,-14.1376310982,13.5366030178
0.0,-14.1393303289,13.5367467513
0.0,-14.1414533174,13.5366161646
0.0,-14.1430579997,13.536713211
0.0,-14.1448490721,13.5371793229
0.0,-14.1467854291,13.536910171
0.0,-14.1484359922,13.5371000144
0.0,-14.1508428902,13.5368776393
0.0,-14.1525418601,13.5362832743
0.0,-14.153676402,13.5360576882
0.0,-14.1560368126,13.535420328
0.0,-14.158538711,13.5347834208
0.0,-14.1606649133,13.5337304504
0.0,-14.1621766205,13.5329975066
0.0,-14.1639698631,13.5326814017
0.0,-14.1660489854,13.5315366808
0.0,-14.1662861486,13.5314522252
0.0,-14.1683631915,13.5307125652
0.0,-14.1701121829,13.5296593863
0.0,-14.1724266322,13.5284215837
0.0,-14.1748843392,13.52700114
0.0,-14.1775286193,13.5260213852
0.0,-14.1777172984,13.5259514749
0.0,-14.1809777651,13.5238419271
0.0,-14.183670952,13.5220989269
0.0,-14.1854667538,13.5209994478
0.0,-14.1868834417,13.5203123743
0.0,-14.1885848175,13.5191198889
0.0,-14.1912297218,13.5177914253
0.0,-14.1925531029,13.5165050141
0.0,-14.1956243892,13.514764224
0.0,-14.1978455934,13.5128353217
0.0,-14.2002071348,13.5114143033
0.0,-14.2027127025,13.5093947152
0.0,-14.2047918597,13.5076031771
0.0,-14.2064009962,13.5061344992
0.0,-14.2081964907,13.5047116063
0.0,-14.2104174742,13.5029668026
0.0,-14.2116460598,13.5020032179
0.0,-14.2132985975,13.5013641939
0.0,-14.2149240198,13.4999676543
0.0,-14.2153301038,13.4996187484
0.0,-14.2170805282,13.4976418464
0.0,-14.2185456139,13.4960324874
0.0,-14.2202015552,13.4941490729
0.0,-14.2221376101,13.4929570681
0.0,-14.2232258169,13.4916234093
0.0,-14.2236041016,13.4910719106
0.0,-14.2251642291,13.4895102705
0.0,-14.226580935,13.4885471856
0.0,-14.2271490707,13.4876730274
0.0,-14.2281419159,13.4867086273
0.0,-14.2297959632,13.4851924518
0.0,-14.2305999659,13.4842274614
0.0,-14.2319707536,13.4826188548
0.0,-14.2335803441,13.4799971734
0.0,-14.2349047664,13.4780651674
0.0,-14.2358035758,13.476869884
0.0,-14.2367026597,13.4757672747
0.0,-14.2374595544,13.4745252146
0.0,-14.2389697915,13.4740697991
0.0,-14.2406198875,13.4743053545
0.0,-14.2418473296,13.4741700458
0.0,-14.243309195,13.4742207915
0.0,-14.2449594439,13.4742257564
0.0,-14.2463728098,13.4748290112
0.0,-14.2479287971,13.474511564
0.0,-14.2494391707,13.4745624194
0.0,-14.2517020669,13.474753394
0.0,-14.2537694528,13.4748367123
0.0,-14.2541546477,13.4748522343
0.0,-14.2567967391,13.474353729
0.0,-14.2595326579,13.4739470193
0.0,-14.2617968336,13.4737231184
0.0,-14.2642959963,13.4733167905
0.0,-14.2680225825,13.4727738693
0.0,-14.2697684855,13.4722726128
0.0,-14.2732126896,13.4717299227
0.0,-14.2758545352,13.4709079705
0.0,-14.2770262298,13.4706827953
0.0,-14.2784503573,13.4704090998
0.0,-14.2805259285,13.4699075827
0.0,-14.2833092231,13.4692713107
0.0,-14.2858106719,13.4682646246
0.0,-14.2883101605,13.4677190368
0.0,-14.2907638181,13.4668511815
0.0,-14.2927460348,13.466072393
0.0,-14.2940675931,13.4655234294
0.0,-14.2959548605,13.4650223825
0.0,-14.2965247775,13.4648520693
0.0,-14.299162239,13.4640638737
0.0,-14.3024652227,13.462782344
0.0,-14.3044471012,13.4620972673
0.0,-14.3060507409,13.4618247932
0.0,-14.3072773757,13.461137608
0.0,-14.3094009547,13.4603602029
0.0,-14.3115247347,13.4593058743
0.0,-14.3121844031,13.4589517801
0.0,-14.3133179687,13.4583433032
0.0,-14.3152059334,13.4575652034
0.0,-14.317329534,13.4565571622
0.0,-14.3193125694,13.4552266069
0.0,-14.3201137817,13.4550908857
0.0,-14.321198097,13.4550938138
0.0,-14.3224705557,13.4557426044
0.0,-14.3236000212,13.4565288923
0.0,-14.3247313606,13.4568551773
0.0,-14.3254846502,13.4571329742
0.0,-14.3264272564,13.4576418427
0.0,-14.3285463166,13.4586624545
0.0,-14.3307598987,13.4599590768
0.0,-14.3326433004,13.4610231073
0.0,-14.3352351122,13.4619059008
0.0,-14.3371661487,13.4628784761
0.0,-14.338580899,13.4628369923
0.0,-14.3392397995,13.4634377473
0.0,-14.3411716935,13.4643187464
0.0,-14.344376079,13.4652482622
0.0,-14.345836487,13.4656216526
0.0,-14.3475797851,13.4662252062
0.0,-14.3492771958,13.4665053827
0.0,-14.3504811216,13.4666323617
0.0,-14.3510678207,13.4666942396
0.0,-14.3521526479,13.4667433773
0.0,-14.3542261677,13.4671635086
0.0,-14.3555463338,13.4673059155
0.0,-14.3571491035,13.4673563593
0.0,-14.3600708585,13.4677786108
0.0,-14.3619088527,13.4679675118
0.0,-14.3631818043,13.4680634195
0.0,-14.3640766763,13.4681108946
0.0,-14.3657742438,13.4683457519
0.0,-14.3678004552,13.4687667835
0.0,-14.3688364099,13.4691830538
0.0,-14.3704852901,13.4701558022
0.0,-14.3716595229,13.4724621637
0.0,-14.3731662289,13.4739397561
0.0,-14.3740129897,13.4749556899
0.0,-14.3750478593,13.4762489973
0.0,-14.3757532842,13.4772182343
0.0,-14.3773548816,13.4784202611
0.0,-14.3800293409,13.4798950504
0.0,-14.3800396455,13.4799007324
0.0,-14.381781126,13.4812884367
0.0,-14.3845604183,13.4828606437
0.0,-14.3868685382,13.4844339316
0.0,-14.3893650612,13.4859601875
0.0,-14.3923793672,13.4875803532
0.0,-14.3944984156,13.4888287375
0.0,-14.3969006739,13.4899873663
0.0,-14.3994917899,13.4906841564
0.0,-14.4018960483,13.4912889256
0.0,-14.4038746054,13.4919390011
0.0,-14.4062776379,13.4930500745
0.0,-14.4083500319,13.4942993659
0.0,-14.4103280815,13.4954093994
0.0,-14.4124470839,13.4969808869
0.0,-14.4157928979,13.4980025291
0.0,-14.418384272,13.49865392
0.0,-14.4211180791,13.4993982935
0.0,-14.4246993429,13.5002813426
0.0,-14.4272907417,13.5016706931
0.0,-14.4284655356,13.5037914518
0.0,-14.4299716514,13.5062362091
0.0,-14.4310984295,13.5091412371
0.0,-14.4320378755,13.5111710266
0.0,-14.4338737325,13.5136628492
0.0,-14.4357090144,13.5159240882
0.0,-14.4376865098,13.517402374
0.0,-14.4397580696,13.5196652456
0.0,-14.4419239024,13.5211439209
0.0,-14.4435707113,13.5235437058
0.0,-14.4454076085,13.5249289412
0.0,-14.4474317469,13.5267768477
0.0,-14.4495983177,13.5284860317
0.0,-14.4516702014,13.52968864
0.0,-14.4541202612,13.5312141772
0.0,-14.4562873449,13.5332454272
0.0,-14.4584064083,13.5348176752
0.0,-14.4614214485,13.5363432359
0.0,-14.4634458942,13.5376371984
0.0,-14.4663667498,13.5392099698
0.0,-14.4685817522,13.5405506389
0.0,-14.4684383922,13.5421631982
0.0,-14.4688116789,13.544696877
0.0,-14.4688561039,13.5473225369
0.0,-14.4688524832,13.5499944342
0.0,-14.4690377086,13.5529436429
0.0,-14.4694574234,13.5561691291
0.0,-14.46964348,13.5579666166
0.0,-14.4702994341,13.5614683825
0.0,-14.4708154073,13.5634971386
0.0,-14.4717078562,13.5661245909
0.0,-14.4720819513,13.5688436245
0.0,-14.4721257238,13.5715167491
0.0,-14.4729720329,13.5738671888
0.0,-14.4733934467,13.5755724893
0.0,-14.4740042457,13.5773245285
0.0,-14.4749451613,13.5794909312
0.0,-14.4754603267,13.5816575657
0.0,-14.4761638485,13.5846067248
0.0,-14.4773877411,13.5863137032
0.0,-14.477763446,13.5872819806
0.0,-14.4783758168,13.5883423026
0.0,-14.4794098974,13.5907405846
0.0,-14.480397909,13.5928143862
0.0,-14.4813390083,13.5941522967
0.0,-14.4822327227,13.5957658852
0.0,-14.4828923485,13.5963674154
0.0,-14.4839748039,13.5980729396
0.0,-14.4843126235,13.5986376588
0.0,-14.4855751533,13.6007481499
0.0,-14.4862796768,13.6027772644
0.0,-14.4875965029,13.6054055375
0.0,-14.4892448406,13.6072975643
0.0,-14.4918353106,13.6101126559
0.0,-14.4929639149,13.6119109178
0.0,-14.4955085571,13.6143110797
0.0,-14.4961659242,13.6162926022
0.0,-14.4976262449,13.6178157356
0.0,-14.4999812002,13.6195237605
0.0,-14.5010647445,13.6210924572
0.0,-14.5042209792,13.6237243305
0.0,-14.506057552,13.6252470363
0.0,-14.5086956721,13.6270030146
0.0,-14.5111458445,13.6285732361
0.0,-14.5136447739,13.6300519795
0.0,-14.5163300139,13.631991072
0.0,-14.5181199065,13.6332378208
0.0,-14.5214203621,13.6344411306
0.0,-14.5227859381,13.6352270185
0.0,-14.5262270353,13.6372126678
0.0,-14.5272164967,13.6382747256
0.0,-14.5304209991,13.6398461974
0.0,-14.5333422508,13.6417866884
0.0,-14.5353691923,13.6427568512
0.0,-14.5379148431,13.6435448631
0.0,-14.5406007085,13.6447467802
0.0,-14.5430985317,13.6460862135
0.0,-14.5455496653,13.6473791966
0.0,-14.5476228102,13.6487189384
0.0,-14.5486089533,13.6490122221
0.0,-14.5496494132,13.6493216555
0.0,-14.552572191,13.6502933047
0.0,-14.553561999,13.6503414269
0.0,-14.5544097908,13.6506877155
0.0,-14.5546931884,13.6508034708
0.0,-14.5576160047,13.6517761919
0.0,-14.5587479171,13.651546505
0.0,-14.5607281282,13.6516415674
0.0,-14.5664326407,13.6527558534
0.0,-14.569261522,13.65299022
0.0,-14.5723255214,13.6535934223
0.0,-14.5748711761,13.6541956998
0.0,-14.5778886389,13.6543387411
0.0,-14.5809526808,13.654941838
0.0,-14.5834044896,13.6550375164
0.0,-14.5859031908,13.6550869084
0.0,-14.5891086676,13.6554606995
0.0,-14.5907654152,13.6556730343
0.0,-14.5916548643,13.655787025
0.0,-14.5943893289,13.6555145967
0.0,-14.5965095238,13.6555632631
0.0,-14.5976420616,13.6559787757
0.0,-14.5990565003,13.6561200866
0.0,-14.600377291,13.6559368549
0.0,-14.6027347723,13.6561248719
0.0,-14.6036304665,13.6564936377
0.0,-14.6057511752,13.6565885669
0.0,-14.6088633959,13.6567777239
0.0,-14.6115977077,13.6565966564
0.0,-14.6143783528,13.6570621385
0.0,-14.6175803786,13.6563407281
0.0,-14.6200514938,13.667475912
0.0,-14.6227977768,13.6712936817
0.0,-14.622586787,13.6743174821
0.0,-14.6206836611,13.6811867239
0.0,-14.6190520152,13.6872634236
0.0,-14.617691033,13.6930762123
0.0,-14.6155198461,13.698359107
0.0,-14.6119986111,13.7025826128
0.0,-14.6094850981,13.7063918796
0.0,-14.6093937441,13.7062894004
0.0,-14.6066610996,13.7033848403
0.0,-14.6044926902,13.7021844449
0.0,-14.6021369303,13.6993256488
0.0,-14.5993552376,13.6988622778
0.0,-14.5941200533,13.6993612291
0.0,-14.5922796692,13.701062623
0.0,-14.5885056297,13.7035451874
0.0,-14.584354131,13.7053353445
0.0,-14.5814300877,13.706251567
0.0,-14.5782223828,13.7073989717
0.0,-14.5751560983,13.7083160061
0.0,-14.574352563,13.7096505782
0.0,-14.5742103571,13.7109410771
0.0,-14.5733584765,13.7140726564
0.0,-14.572000616,13.7147610939
0.0,-14.5710945568,13.7152204609
0.0,-14.5685946306,13.7158151413
0.0,-14.5652437621,13.7176990423
0.0,-14.5615158739,13.7196274372
0.0,-14.560392489,13.720752977
0.0,-14.5582107821,13.7229388201
0.0,-14.555567849,13.7257449981
0.0,-14.5539617322,13.7277234211
0.0,-14.553016547,13.7298872596
0.0,-14.551503925,13.7328321918
0.0,-14.5504649607,13.7350410577
0.0,-14.548810943,13.7375257041
0.0,-14.5478764502,13.7398612925
0.0,-14.5291885523,13.7444275816
0.0,-14.5135255057,13.7491886201
0.0,-14.5008131713,13.7570289196
0.0,-14.4910430562,13.7630537947
0.0,-14.4840244174,13.7693480629
0.0,-14.4758759972,13.7766548184
0.0,-14.4755959952,13.7767595069
0.0,-14.4755958954,13.7768042754
0.0,-14.4663766845,13.7817231856
0.0,-14.4503840467,13.7782927244
0.0,-14.4395143772,13.7759605064
0.0,-14.4372813243,13.7754813138
0.0,-14.4324397941,13.7733332161
0.0,-14.4324401363,13.7733324899
0.0,-14.4324384487,13.7733326189
0.0,-14.41568397,13.7658979394
0.0,-14.3866024639,13.7529894588
0.0,-14.3900599586,13.7368873858
0.0,-14.3949043623,13.7143220594
0.0,-14.3945218692,13.7140315858
0.0,-14.3938513842,13.7133925973
0.0,-14.3911297282,13.7107987384
0.0,-14.3877855339,13.707612305
0.0,-14.3838738224,13.7046549806
0.0,-14.3809027001,13.7027600978
0.0,-14.3776507889,13.7004022157
0.0,-14.3741166155,13.6974931634
0.0,-14.3735452116,13.6969763385
0.0,-14.3710549428,13.6947208906
0.0,-14.3676617608,13.6923184467
0.0,-14.3648811144,13.6901933034
0.0,-14.3620525035,13.6889427939
0.0,-14.358564798,13.6867230827
0.0,-14.3531404134,13.6853741902
0.0,-14.3497458053,13.6840293882
0.0,-14.3470113594,13.6826410738
0.0,-14.3399828809,13.681058233
0.0,-14.3372947678,13.6796688081
0.0,-14.3332857368,13.678830738
0.0,-14.3288979819,13.6786810068
0.0,-14.328838113,13.6786975455
0.0,-14.3249314604,13.6797767062
0.0,-14.3211549887,13.6806897676
0.0,-14.3166709335,13.6814618038
0.0,-14.3134109417,13.6836182653
0.0,-14.309537952,13.6843003151
0.0,-14.3068002724,13.6848928068
0.0,-14.3046750197,13.6853479727
0.0,-14.2996154619,13.6874019875
0.0,-14.2988146265,13.6877274799
0.0,-14.2969311488,13.687909753
0.0,-14.294521351,13.6891924592
0.0,-14.2920599945,13.6928258112
0.0,-14.2907494824,13.6944041505
0.0,-14.2887009012,13.6968713388
0.0,-14.2881876274,13.6973761444
0.0,-14.2668186564,13.7221620522
0.0,-14.2544085176,13.7365532125
0.0,-14.2525831004,13.7380319545
0.0,-14.2384797971,13.7494557051
0.0,-14.238408507,13.749546565
0.0,-14.2370276738,13.750639501
0.0,-14.2366106714,13.7509695574
0.0,-14.2341017676,13.7536346582
0.0,-14.2323506524,13.7554273308
0.0,-14.2279982008,13.7592868661
0.0,-14.2238334681,13.7633299967
0.0,-14.2199051618,13.7675128093
0.0,-14.2164490051,13.7711896045
0.0,-14.2129006629,13.77422072
0.0,-14.2090661445,13.7780815374
0.0,-14.2050908367,13.7814795921
0.0,-14.2024401232,13.7843303499
0.0,-14.1984150537,13.788189233
0.0,-14.1967111877,13.7897048829
0.0,-14.1951505863,13.7905756619
0.0,-14.1929681712,13.7947173589
0.0,-14.191407448,13.7979603336
0.0,-14.190884731,13.7988528655
0.0,-14.1888878198,13.8022624891
0.0,-14.1867563854,13.8049757543
0.0,-14.1846690144,13.8084723486
0.0,-14.1831520951,13.8108643881
0.0,-14.18116112,13.8137159426
0.0,-14.1792628295,13.8171667741
0.0,-14.177698678,13.8191438448
0.0,-14.1752336214,13.8229159651
0.0,-14.1737607473,13.8260449468
0.0,-14.1733540071,13.8266661461
0.0,-14.1712008046,13.8299545771
0.0,-14.1693995785,13.8322076725
0.0,-14.1681165567,13.8349224857
0.0,-14.1674036668,13.8366718116
0.0,-14.1665657135,13.8364441831
