97,13,22,51,54,
0.0,-16.5007960315,12.904397328
0.0,-16.4991559462,12.904289217
0.0,-16.4974436046,12.9044279095
0.0,-16.496153237,12.9045324156
0.0,-16.4931050851,12.9045927798
0.0,-16.4878513681,12.9048566388
0.0,-16.4847096319,12.9048236478
0.0,-16.4818988468,12.9046554028
0.0,-16.4808550901,12.9047467493
0.0,-16.4795518866,12.9048607951
0.0,-16.4764603021,12.90468956
0.0,-16.4754807301,12.9042204863
0.0,-16.4738502163,12.9032397941
0.0,-16.4731086481,12.9024970365
0.0,-16.4729292461,12.9017601508
0.0,-16.4740293215,12.8998442372
0.0,-16.4741328041,12.8989272165
0.0,-16.4749425302,12.897788123
0.0,-16.4766968205,12.8960165432
0.0,-16.4782653794,12.8941522126
0.0,-16.4794506368,12.892925106
0.0,-16.4803652357,12.8908226408
0.0,-16.4808068551,12.8889906614
0.0,-16.4811745774,12.8854143688
0.0,-16.4803460104,12.8841195461
0.0,-16.4798331892,12.8834276761
0.0,-16.4792833971,12.8826859208
0.0,-16.4772909322,12.8805524105
0.0,-16.475094871,12.8798867813
0.0,-16.4712651526,12.8786065465
0.0,-16.4697651319,12.8785901066
0.0,-16.4687778615,12.878855547
0.0,-16.4656237957,12.8799681971
0.0,-16.4641207384,12.880273797
0.0,-16.4626619552,12.8807170034
0.0,-16.4605838618,12.8821185208
0.0,-16.4609524663,12.8827187637
0.0,-16.4611778858,12.8834554068
0.0,-16.4625542996,12.8861326404
0.0,-16.4632069739,12.8865075488
0.0,-16.4640492415,12.8866542622
0.0,-16.4674625663,12.8874713622
0.0,-16.46905292,12.8878093565
0.0,-16.4701218381,12.8886011444
0.0,-16.4701062394,12.890023917
0.0,-16.4691906293,12.892264222
0.0,-16.4647277326,12.8973110205
0.0,-16.4628887872,12.8982095017
0.0,-16.4609724786,12.8976393833
0.0,-16.4586429381,12.8963732042
0.0,-16.4580712442,12.895996849
0.0,-16.4570140191,12.8953008542
0.0,-16.4554793224,12.8941364371
0.0,-16.4530114341,12.8926393168
0.0,-16.4512335861,12.8923000057
0.0,-16.4479138661,12.8913917758
0.0,-16.4444107616,12.8901070964
0.0,-16.4430113072,12.8895938634
0.0,-16.4397873617,12.8885041915
0.0,-16.4380210032,12.8872448809
0.0,-16.4366705818,12.8863573135
0.0,-16.4359285675,12.885660767
0.0,-16.4354401212,12.8832225848
0.0,-16.4355462718,12.8779447709
0.0,-16.4365110668,12.8712983059
0.0,-16.4361531442,12.8697792485
0.0,-16.4352586874,12.8659126668
0.0,-16.434342687,12.8639751575
0.0,-16.4336568125,12.8624522368
0.0,-16.4313896353,12.8597638445
0.0,-16.4299909052,12.8590595527
0.0,-16.4290546081,12.858865769
0.0,-16.4270468506,12.8582009381
0.0,-16.4252119591,12.85877819
0.0,-16.4243524225,12.8601456803
0.0,-16.4237705579,12.8618393717
0.0,-16.4239967102,12.8625760568
0.0,-16.4236559124,12.8637203723
0.0,-16.4227860702,12.8658687698
0.0,-16.422357123,12.8665988398
0.0,-16.421133899,12.8669987252
0.0,-16.4175025118,12.8646633854
0.0,-16.4133800499,12.8642969039
0.0,-16.4095263267,12.8650804239
0.0,-16.4055826736,12.8655423094
0.0,-16.4027625494,12.8661077428
0.0,-16.4017094529,12.8663842093
0.0,-16.4004117565,12.8667248829
0.0,-16.399742923,12.8677737463
0.0,-16.3993566373,12.8687329567
0.0,-16.3985821375,12.870928248
0.0,-16.3984231624,12.8725337607
0.0,-16.3980371229,12.8735393007
0.0,-16.3939794015,12.8757441673
0.0,-16.392175766,12.873520782
0.0,-16.3918153718,12.8721858493
0.0,-16.3871668046,12.8686440552
0.0,-16.3827378481,12.8676379754
0.0,-16.3805780631,12.8665509454
0.0,-16.3799768296,12.8659710027
0.0,-16.3786212903,12.8657792437
0.0,-16.3768798751,12.8659511217
0.0,-16.3745209904,12.867635981
0.0,-16.3698501268,12.871177168
0.0,-16.3664094913,12.8739072691
0.0,-16.3663034247,12.8747395456
0.0,-16.3666244515,12.8761662659
0.0,-16.3675929939,12.8780506698
0.0,-16.3679155545,12.8797576334
0.0,-16.3673830284,12.8818125992
0.0,-16.3655798503,12.8840550031
0.0,-16.3633145819,12.886055711
0.0,-16.361910935,12.8882248205
0.0,-16.3610694236,12.8873613107
0.0,-16.3599523909,12.8866156253
0.0,-16.3596018661,12.884361844
0.0,-16.3596604256,12.8832597303
0.0,-16.3596840507,12.8812865208
0.0,-16.3592768653,12.8799506414
0.0,-16.3590981821,12.8791221033
0.0,-16.3569877441,12.8792358799
0.0,-16.355685173,12.8783035417
0.0,-16.35560943,12.8766947235
0.0,-16.3557656442,12.8752745555
0.0,-16.3555424225,12.8743535785
0.0,-16.3551409048,12.872511391
0.0,-16.3541240884,12.8712148124
0.0,-16.3533338598,12.8706086587
0.0,-16.3524470034,12.8701860714
0.0,-16.3511369919,12.8698956198
0.0,-16.3505128885,12.8712198831
0.0,-16.3478383767,12.8713285755
0.0,-16.3457381509,12.8704319225
0.0,-16.3424597563,12.8699368117
0.0,-16.3410198477,12.8687722992
0.0,-16.3399035649,12.867979047
0.0,-16.3385413399,12.8681012728
0.0,-16.3360658621,12.8672934675
0.0,-16.3345722181,12.8666320715
0.0,-16.332987489,12.8657880573
0.0,-16.3312639564,12.8646667388
0.0,-16.3301489649,12.8637818977
0.0,-16.3281934934,12.862519343
0.0,-16.3276343091,12.8621921919
0.0,-16.3264197579,12.8618095906
0.0,-16.324878863,12.8612421691
0.0,-16.3212791784,12.8602364748
0.0,-16.3180985006,12.8595111435
0.0,-16.3167032987,12.8584400527
0.0,-16.3157283237,12.8575555699
0.0,-16.3146125496,12.8566706582
0.0,-16.3136365838,12.8559251713
0.0,-16.3129467647,12.8547228253
0.0,-16.3110802663,12.8538755535
0.0,-16.3102432543,12.8532694882
0.0,-16.3095927347,12.8527562864
0.0,-16.3085239411,12.8518722402
0.0,-16.3069930652,12.8503847642
0.0,-16.3060188332,12.8494086981
0.0,-16.3039199887,12.8483297271
0.0,-16.3032206207,12.8479986936
0.0,-16.3017259253,12.8474320237
0.0,-16.2998595004,12.8465824028
0.0,-16.2985518249,12.8461549185
0.0,-16.2973352188,12.8459111822
0.0,-16.2991500188,12.8429922296
0.0,-16.3002733802,12.839102554
0.0,-16.3012721519,12.8363589934
0.0,-16.3013391814,12.8361748665
0.0,-16.3021131202,12.8342543565
0.0,-16.3023526684,12.8336599181
0.0,-16.3032588479,12.8323388729
0.0,-16.3043579144,12.830513979
0.0,-16.3049606909,12.8270291853
0.0,-16.3052559946,12.8258388666
0.0,-16.3048058533,12.8241346665
0.0,-16.3047301957,12.8225257953
0.0,-16.3033844091,12.8212701572
0.0,-16.3025800534,12.8178623993
0.0,-16.2987388199,12.8174508218
0.0,-16.2983874688,12.8112460894
0.0,-16.2979794836,12.810000479
0.0,-16.2971053171,12.8085673088
0.0,-16.2959419831,12.8077265969
0.0,-16.2947358001,12.8066114768
0.0,-16.2952674783,12.8051928543
0.0,-16.2960867779,12.8032733145
0.0,-16.2970465082,12.8014016756
0.0,-16.3001247317,12.7986335965
0.0,-16.3047337074,12.7975846924
0.0,-16.3055390699,12.7965705264
0.0,-16.306686084,12.7951261129
0.0,-16.3073179022,12.7931577529
0.0,-16.3081460079,12.7904572498
0.0,-16.3087737527,12.7887635198
0.0,-16.309445715,12.7874402388
0.0,-16.3108540409,12.783275643
0.0,-16.3129745666,12.7782927055
0.0,-16.3137968352,12.7760962405
0.0,-16.3144704299,12.7745424048
0.0,-16.3158079047,12.7723987439
0.0,-16.3170367322,12.7709093469
0.0,-16.3171865715,12.7704718792
0.0,-16.3175874271,12.7693015436
0.0,-16.3183088893,12.7671951414
0.0,-16.3186556932,12.7661825935
0.0,-16.3186759915,12.7661368258
0.0,-16.3190593651,12.7652674878
0.0,-16.3191619651,12.7649933929
0.0,-16.3198815484,12.7630710109
0.0,-16.3206251974,12.7614801909
0.0,-16.3208426078,12.7610150993
0.0,-16.3221054159,12.7581283492
0.0,-16.3223829274,12.7574939547
0.0,-16.3228854351,12.754605198
0.0,-16.3236425103,12.752129837
0.0,-16.3240056062,12.7509426293
0.0,-16.32519086,12.7497828735
0.0,-16.3250690197,12.7497834841
0.0,-16.3270570116,12.749733962
0.0,-16.3286530657,12.7502503069
0.0,-16.3296339446,12.7511313628
0.0,-16.3310780235,12.7525254009
0.0,-16.3317338733,12.7528927655
0.0,-16.3328035149,12.7531314732
0.0,-16.3343601068,12.7531417025
0.0,-16.3358992734,12.7533418644
0.0,-16.3368396938,12.7535269642
0.0,-16.3375944901,12.7534417804
0.0,-16.3394242921,12.7528629555
0.0,-16.3399428701,12.7527153809
0.0,-16.3414943605,12.752273859
0.0,-16.3448293259,12.7524377289
0.0,-16.3471201398,12.7537007932
0.0,-16.3482215652,12.7564616053
0.0,-16.3485950924,12.7574270447
0.0,-16.3492510243,12.7578034023
0.0,-16.3516096347,12.7562092454
0.0,-16.3548250118,12.7529291307
0.0,-16.3565710182,12.7504611381
0.0,-16.3576309903,12.7471558851
0.0,-16.3577505472,12.7436656056
0.0,-16.3579050525,12.7415493154
0.0,-16.3583403192,12.7402723587
0.0,-16.3623416448,12.7376300225
0.0,-16.3662192903,12.7342650265
0.0,-16.3669295217,12.7327515865
0.0,-16.3668882294,12.7319200679
0.0,-16.3664761038,12.7306293945
0.0,-16.3654074314,12.7288358338
0.0,-16.3648219207,12.7261176395
0.0,-16.3652148293,12.7238181793
0.0,-16.3662951863,12.7226373359
0.0,-16.3672888186,12.7224604395
0.0,-16.3684133585,12.7226535265
0.0,-16.3714048342,12.7240947188
0.0,-16.3727160386,12.7247478881
0.0,-16.3734159611,12.724753301
0.0,-16.3741238759,12.7245326569
0.0,-16.3751681634,12.7233417976
0.0,-16.3793707345,12.7188268096
0.0,-16.3841976197,12.7139920911
0.0,-16.3847613405,12.712660192
0.0,-16.3846349214,12.7114223018
0.0,-16.384634184,12.7114209758
0.0,-16.3846341451,12.7114206026
0.0,-16.3839367155,12.7101676115
0.0,-16.379499312,12.7069632601
0.0,-16.3764201806,12.7046015915
0.0,-16.3750739014,12.702430792
0.0,-16.3746214374,12.7004539653
0.0,-16.3747810868,12.697605363
0.0,-16.37502353,12.6964559566
0.0,-16.3750227035,12.6964544954
0.0,-16.3750227538,12.6964542573
0.0,-16.374604419,12.695715098
0.0,-16.3717935233,12.6954222579
0.0,-16.3689183907,12.696729901
0.0,-16.3670332565,12.6989274367
0.0,-16.366219831,12.7000707387
0.0,-16.3653265382,12.7003770653
0.0,-16.3645802489,12.7005142523
0.0,-16.3627085298,12.699492183
0.0,-16.3617385055,12.6970487905
0.0,-16.3616249264,12.693008223
0.0,-16.3622962941,12.691124334
0.0,-16.3639469363,12.6898501777
0.0,-16.3654090712,12.6894900819
0.0,-16.3663868645,12.6898195554
0.0,-16.3675009552,12.691531533
0.0,-16.3683826446,12.6928288353
0.0,-16.3690911566,12.6927347775
0.0,-16.3704062644,12.6924296547
0.0,-16.3720623456,12.6904592992
0.0,-16.3728322405,12.6880765209
0.0,-16.3727940048,12.6860968334
0.0,-16.3722901067,12.6830776248
0.0,-16.3722126377,12.682420323
0.0,-16.372646986,12.6809987095
0.0,-16.374728688,12.6792702417
0.0,-16.3756649127,12.678722964
0.0,-16.3760946899,12.678169265
0.0,-16.3759155796,12.6773927034
0.0,-16.3759148468,12.6773911929
0.0,-16.3759148035,12.6773910042
0.0,-16.3752630752,12.6760473318
0.0,-16.3735892826,12.6743851307
0.0,-16.3735884027,12.6743851859
0.0,-16.3719396221,12.6744208198
0.0,-16.3694899811,12.6760517133
0.0,-16.3675437192,12.6788462347
0.0,-16.3660692084,12.6820541884
0.0,-16.3650215378,12.6841569911
0.0,-16.3639844671,12.684795159
0.0,-16.3622998853,12.6848761265
0.0,-16.3597307527,12.6831082851
0.0,-16.3578556564,12.6819877952
0.0,-16.3563625278,12.6817061199
0.0,-16.3548991752,12.6818311128
0.0,-16.3536313729,12.6823709711
0.0,-16.3525949918,12.6831447027
0.0,-16.3512809016,12.6836395833
0.0,-16.3497732101,12.6840902381
0.0,-16.3484157585,12.6833467558
0.0,-16.3477193482,12.6822382877
0.0,-16.3481179859,12.6792528482
0.0,-16.3491701399,12.6762279302
0.0,-16.3503065953,12.6752276887
0.0,-16.351243344,12.6747708971
0.0,-16.3525663593,12.6742307721
0.0,-16.3535103976,12.6734123104
0.0,-16.3531910105,12.6722115298
0.0,-16.3521631636,12.6711047576
0.0,-16.3504340716,12.6697122407
0.0,-16.3493635414,12.6692385185
0.0,-16.3479553037,12.6693270244
0.0,-16.3454175936,12.6699908008
0.0,-16.3432947528,12.6707609473
0.0,-16.3419276348,12.671671917
0.0,-16.3406128659,12.6720311346
0.0,-16.3393436088,12.6722906692
0.0,-16.3382665656,12.672332254
0.0,-16.3373786596,12.6717309936
0.0,-16.3367264341,12.6702515972
0.0,-16.3364665845,12.6680921743
0.0,-16.3359619215,12.6666572365
0.0,-16.3348937643,12.6648634961
0.0,-16.3338216326,12.6640732894
0.0,-16.3310973939,12.6642767857
0.0,-16.3293182217,12.6638517243
0.0,-16.3280518304,12.6628816478
0.0,-16.3272230724,12.661077634
0.0,-16.3270027632,12.6594242765
0.0,-16.3276217109,12.6580469975
0.0,-16.330075688,12.6554479682
0.0,-16.3335741792,12.6518865055
0.0,-16.3346190106,12.6509771997
0.0,-16.3359792476,12.6505273854
0.0,-16.3379026816,12.650219388
0.0,-16.3413807331,12.6498312276
0.0,-16.3429272484,12.6497963136
0.0,-16.3440573037,12.6493476203
0.0,-16.3451488255,12.6485736523
0.0,-16.3457080705,12.6478040384
0.0,-16.3472785653,12.6456427495
0.0,-16.3478111528,12.6436239838
0.0,-16.3476757738,12.6423860946
0.0,-16.3469836335,12.6403102351
0.0,-16.3449432885,12.6374455957
0.0,-16.3425231014,12.6341127313
0.0,-16.3398205241,12.6313417812
0.0,-16.3387957341,12.630777361
0.0,-16.3372030669,12.630767268
0.0,-16.3343731048,12.6319838569
0.0,-16.3326820219,12.6325257152
0.0,-16.3312729867,12.6324242627
0.0,-16.329923391,12.6313551459
0.0,-16.3290433407,12.630292723
0.0,-16.3289594696,12.6283132152
0.0,-16.3298261537,12.6250090212
0.0,-16.3331375447,12.6209411156
0.0,-16.3378615159,12.6175272079
0.0,-16.3408210079,12.6166354132
0.0,-16.343306999,12.6167404486
0.0,-16.3448014351,12.6173476951
0.0,-16.345874142,12.618282524
0.0,-16.346618023,12.6197072046
0.0,-16.347071466,12.6219210189
0.0,-16.3474852047,12.6235824191
0.0,-16.3480883804,12.6245015242
0.0,-16.3491133975,12.6251111116
0.0,-16.3508993356,12.6251201585
0.0,-16.3533430681,12.6241765874
0.0,-16.3555081467,12.6227642959
0.0,-16.3566947264,12.6208405157
0.0,-16.3567586984,12.6190049348
0.0,-16.355651343,12.6167413506
0.0,-16.3540198,12.6145708244
0.0,-16.3508964726,12.6122903047
0.0,-16.3496905995,12.6105334642
0.0,-16.3495608528,12.6086084506
0.0,-16.3502813714,12.6055761763
0.0,-16.3512436114,12.6030037548
0.0,-16.3509750374,12.6009347921
0.0,-16.3478593927,12.5976088449
0.0,-16.3451965472,12.5948286698
0.0,-16.3396987659,12.5909371012
0.0,-16.3400988866,12.5900872003
0.0,-16.3403204897,12.5896164888
0.0,-16.3403232454,12.5896106347
0.0,-16.3408974247,12.5885138281
0.0,-16.3410943854,12.587780541
0.0,-16.3416233884,12.5866816996
0.0,-16.3420084764,12.5861292249
0.0,-16.3426723293,12.5851768069
0.0,-16.342839267,12.5849218849
0.0,-16.343149746,12.5844477623
0.0,-16.3435828519,12.5834398068
0.0,-16.3439183017,12.5828459548
0.0,-16.3443063972,12.5817014833
0.0,-16.3445506073,12.58087529
0.0,-16.3447480863,12.5799125901
0.0,-16.3452308064,12.5787687727
0.0,-16.3456872484,12.5777423533
0.0,-16.3457601631,12.5775783868
0.0,-16.3486634263,12.5691508415
0.0,-16.3495120227,12.5673708226
0.0,-16.350978585,12.5642944993
0.0,-16.3519686417,12.5622434744
0.0,-16.3528220308,12.5609494127
0.0,-16.3539613838,12.5592216995
0.0,-16.3552831426,12.5578279516
0.0,-16.3572792154,12.5557231259
0.0,-16.3593151332,12.5546872541
0.0,-16.3614705253,12.5535905692
0.0,-16.362778631,12.55292498
0.0,-16.370189542,12.5522356559
0.0,-16.3728720822,12.5519860893
0.0,-16.3745666725,12.5521533175
0.0,-16.3763366861,12.5529222782
0.0,-16.3786261164,12.553916868
0.0,-16.3788549967,12.5540425518
0.0,-16.3802152777,12.5547895102
0.0,-16.3820076669,12.5557737303
0.0,-16.3839342201,12.5568315974
0.0,-16.3839362635,12.5568333815
0.0,-16.3839406166,12.5568371832
0.0,-16.3839642056,12.5568577826
0.0,-16.3840257662,12.5569115395
0.0,-16.384077744,12.5569569291
0.0,-16.3845796449,12.5573952115
0.0,-16.3848593718,12.5576394794
0.0,-16.3855951447,12.5582819825
0.0,-16.3857128885,12.5583847987
0.0,-16.3858473566,12.5585136015
0.0,-16.3858629615,12.5585290816
0.0,-16.3859812361,12.5586464141
0.0,-16.3867489017,12.5594079526
0.0,-16.387509738,12.5601627107
0.0,-16.3879565699,12.5606059697
0.0,-16.3886211386,12.5612652182
0.0,-16.3887396266,12.561382757
0.0,-16.3888696397,12.5615117294
0.0,-16.3890026655,12.5616436893
0.0,-16.3891217581,12.5617618278
0.0,-16.3892026916,12.561842112
0.0,-16.3892287365,12.5618679489
0.0,-16.3893438525,12.5619821417
0.0,-16.3894513085,12.5620887367
0.0,-16.3895059567,12.5621429466
0.0,-16.3895964548,12.562232719
0.0,-16.3896250433,12.5622610776
0.0,-16.3896623588,12.5622980935
0.0,-16.3896954299,12.5623305043
0.0,-16.3897036461,12.5623372738
0.0,-16.3897482084,12.5623739917
0.0,-16.3897952871,12.5624127823
0.0,-16.3898658533,12.5624709263
0.0,-16.3905759629,12.5630560215
0.0,-16.3910836084,12.5634742933
0.0,-16.3913803541,12.5637187947
0.0,-16.391505807,12.56382216
0.0,-16.3915476065,12.5638608383
0.0,-16.3920769734,12.5643506779
0.0,-16.3931296336,12.5653247253
0.0,-16.3932027809,12.5653924099
0.0,-16.3934084377,12.5655827064
0.0,-16.3935770923,12.565738765
0.0,-16.3936031221,12.5657628511
0.0,-16.393666049,12.5658210771
0.0,-16.3936946437,12.5658475357
0.0,-16.3937389172,12.5658885025
0.0,-16.3937470734,12.5658960497
0.0,-16.3937766588,12.5659234253
0.0,-16.393802241,12.565947097
0.0,-16.3938110965,12.5659552905
0.0,-16.3938170235,12.5659607754
0.0,-16.3938195829,12.5659631433
0.0,-16.3938269538,12.5659699632
0.0,-16.3938351765,12.5659775724
0.0,-16.3938364151,12.5659787186
0.0,-16.3938422302,12.5659840991
0.0,-16.3938450901,12.5659867449
0.0,-16.3938513483,12.5659925354
0.0,-16.393853916,12.5659949124
0.0,-16.3938601141,12.5660006471
0.0,-16.3938660282,12.5660061194
0.0,-16.3938675627,12.5660075398
0.0,-16.3938679687,12.5660079156
0.0,-16.3938697761,12.5660095877
0.0,-16.3938703144,12.5660100858
0.0,-16.3938716574,12.5660113282
0.0,-16.3938722383,12.5660118658
0.0,-16.3938727868,12.5660123738
0.0,-16.3956221426,12.5672595519
0.0,-16.3969649416,12.5682168643
0.0,-16.4012934346,12.5692271489
0.0,-16.4038625009,12.5697240426
0.0,-16.409563263,12.5708265526
0.0,-16.4124321443,12.5713813349
0.0,-16.4180487962,12.5723675917
0.0,-16.4205069953,12.5729741338
0.0,-16.4222844943,12.5734127016
0.0,-16.4238954917,12.573810177
0.0,-16.4276348588,12.5748265363
0.0,-16.4280921545,12.5750851741
0.0,-16.4281470005,12.5751161942
0.0,-16.4302912065,12.5763288992
0.0,-16.4325203758,12.5783318715
0.0,-16.4343773572,12.5799638981
0.0,-16.4350765966,12.5803861812
0.0,-16.4366571792,12.5815992908
0.0,-16.4386952952,12.5838303666
0.0,-16.4396648528,12.5852218957
0.0,-16.4412359589,12.5873560136
0.0,-16.4444796961,12.5908891338
0.0,-16.4482032573,12.5945699031
0.0,-16.4515534957,12.5970095874
0.0,-16.4550000914,12.5979084511
0.0,-16.457857147,12.5982635432
0.0,-16.4623516447,12.5989125039
0.0,-16.4768730769,12.6003684023
0.0,-16.4794034108,12.6006730811
0.0,-16.4826320322,12.6012620209
0.0,-16.4836553902,12.6014344142
0.0,-16.48679539,12.6019633469
0.0,-16.4884833003,12.6022476592
0.0,-16.4921302952,12.6032556488
0.0,-16.4935160435,12.6037229723
0.0,-16.4989041421,12.6055399421
0.0,-16.5034734237,12.6079370356
0.0,-16.5108406243,12.611700241
0.0,-16.5141160618,12.6142956302
0.0,-16.5172565049,12.616783959
0.0,-16.5199812727,12.6186685701
0.0,-16.5214453651,12.6196811988
0.0,-16.5360506713,12.6305133808
0.0,-16.540097885,12.6330325432
0.0,-16.543269707,12.6350075241
0.0,-16.547393672,12.6369387045
0.0,-16.5592279933,12.6424799696
0.0,-16.5675894505,12.6455033489
0.0,-16.5766693198,12.6467786323
0.0,-16.5803736647,12.6467747644
0.0,-16.5853504994,12.6462310573
0.0,-16.5901035585,12.6446750085
0.0,-16.5957660083,12.6414275203
0.0,-16.6051187201,12.6350955235
0.0,-16.613823964,12.6279276032
0.0,-16.6188929532,12.6361196145
0.0,-16.622156381,12.6422693517
0.0,-16.6240852283,12.6459672526
0.0,-16.6264765124,12.6503154229
0.0,-16.6269699124,12.6513032045
0.0,-16.6303311072,12.6580320337
0.0,-16.6320112041,12.6631065203
0.0,-16.6322772951,12.664212968
0.0,-16.6345016712,12.6734617952
0.0,-16.6347970388,12.6746898502
0.0,-16.635990636,12.6796523294
0.0,-16.636588341,12.6821372451
0.0,-16.6377805746,12.6902936583
0.0,-16.6382906909,12.6937832792
0.0,-16.6383948756,12.69831648
0.0,-16.6384502285,12.7007246787
0.0,-16.6378858043,12.7096332595
0.0,-16.6373706548,12.71231215
0.0,-16.6363238354,12.7153638147
0.0,-16.6349834771,12.717828587
0.0,-16.6321279041,12.7217038261
0.0,-16.6298027387,12.7242514817
0.0,-16.6225788909,12.7287681737
0.0,-16.6182888271,12.7307887918
0.0,-16.612783362,12.7324303099
0.0,-16.6101550291,12.7326768192
0.0,-16.6030594096,12.7340701818
0.0,-16.5997610802,12.735458519
0.0,-16.5972504015,12.7377290877
0.0,-16.5963898987,12.7392823296
0.0,-16.5953466316,12.7403270581
0.0,-16.5950522042,12.7415638836
0.0,-16.5925273079,12.7451215336
0.0,-16.5918029293,12.7468882996
0.0,-16.590745721,12.7494668018
0.0,-16.5891439541,12.7544121243
0.0,-16.5882177745,12.7575861158
0.0,-16.5874069637,12.7629718863
0.0,-16.587648327,12.7711186169
0.0,-16.5872825407,12.7768395698
0.0,-16.5867095614,12.7869912293
0.0,-16.5863406311,12.7954794803
0.0,-16.5861869565,12.799599588
0.0,-16.5858002509,12.8099677357
0.0,-16.5841633447,12.8180489203
0.0,-16.5804255132,12.8273856983
0.0,-16.5775792464,12.8345407831
0.0,-16.5743874663,12.840047042
0.0,-16.5716871402,12.8466870809
0.0,-16.5714874663,12.8478792154
0.0,-16.5702647095,12.8551793873
0.0,-16.5719956023,12.8622064513
0.0,-16.5745749382,12.8698487449
0.0,-16.5748402534,12.8785399589
0.0,-16.5727755271,12.8857954312
0.0,-16.5702742563,12.8905709851
0.0,-16.5657811484,12.8947053314
0.0,-16.5647875898,12.8955677899
0.0,-16.5640290104,12.8962932447
0.0,-16.5627508943,12.8974737887
0.0,-16.5619923022,12.8982918962
0.0,-16.5610436271,12.8992919313
0.0,-16.5602818458,12.9003405675
0.0,-16.5598515393,12.9011160327
0.0,-16.5591407379,12.9017959926
0.0,-16.5578225963,12.9023338036
0.0,-16.5570721063,12.9024185012
0.0,-16.5561332669,12.9024534689
0.0,-16.554773699,12.9023937576
0.0,-16.5537470678,12.902061998
0.0,-16.5520198048,12.9014010512
0.0,-16.550390219,12.9004208606
0.0,-16.5487084648,12.8998522777
0.0,-16.5467899654,12.8995574074
0.0,-16.5444032118,12.8992110488
0.0,-16.5430993332,12.8984627898
0.0,-16.5411881565,12.8974333477
0.0,-16.5401184266,12.8966882121
0.0,-16.5232216378,12.8944458063
0.0,-16.5217520347,12.8958521517
0.0,-16.5188984015,12.8995400666
0.0,-16.5183256729,12.9004055732
0.0,-16.5176950896,12.902326824
0.0,-16.5173960576,12.9039308833
0.0,-16.5144223586,12.9057809671
0.0,-16.5122658676,12.9057584201
0.0,-16.5095043998,12.9053619315
0.0,-16.5062711256,12.9052359398
0.0,-16.5038866857,12.9047050084
0.0,-16.5029513756,12.9044211077
0.0,-16.5015459662,12.9044054524
0.0,-16.5007960315,12.904397328
