119,3,27,40,98,
0.0,-13.8091627889,15.6706196037
0.0,-13.8090950128,15.6706231091
0.0,-13.8091067529,15.670595153
0.0,-13.8091729051,15.6705917318
0.0,-13.8091627889,15.6706196037
1.0,-13.8091627889,15.6706196037
1.0,-13.8975346197,15.6660309273
1.0,-13.9169178222,15.6650196456
1.0,-13.9219591398,15.6647563407
1.0,-13.9219604052,15.6647562746
1.0,-13.9422057914,15.6636976901
1.0,-13.9654164831,15.6625395726
1.0,-13.9973272096,15.6609433093
1.0,-13.9973291647,15.6609432116
1.0,-13.996811431,15.6644569349
1.0,-13.9945157812,15.6800937544
1.0,-13.9944202416,15.6807444554
1.0,-13.97912312,15.7848646324
1.0,-13.9707844007,15.8266779002
1.0,-13.9620117972,15.8706446906
1.0,-13.9605650534,15.87789334
1.0,-13.9568133576,15.8966876534
1.0,-13.9332692012,15.90556083
1.0,-13.922593239,15.9163790081
1.0,-13.9206704322,15.9183272403
1.0,-13.9155226623,15.9235427998
1.0,-13.9094308133,15.9297143398
1.0,-13.9018564758,15.9373869516
1.0,-13.8951841568,15.9441450957
1.0,-13.8898016095,15.9495963738
1.0,-13.8873475373,15.9520816321
1.0,-13.8813853927,15.9535752939
1.0,-13.8766377657,15.9562254072
1.0,-13.8696463311,15.9700052118
1.0,-13.858683565,15.9811033328
1.0,-13.8565419963,15.9832711288
1.0,-13.8537894842,15.9860572449
1.0,-13.8511334948,15.9887455476
1.0,-13.8509790877,15.9889018298
1.0,-13.8497052786,15.9910553074
1.0,-13.8488238753,15.9990448858
1.0,-13.8488210574,15.9990704299
1.0,-13.8488139316,15.9991192765
1.0,-13.8484975376,16.0012882195
1.0,-13.8484972974,16.001289865
1.0,-13.8476304343,16.0032276888
1.0,-13.8473234721,16.0039138758
1.0,-13.847308546,16.0039311602
1.0,-13.8466011025,16.0047503653
1.0,-13.845350112,16.0061576857
1.0,-13.8440981362,16.0073855369
1.0,-13.8440587695,16.0074077585
1.0,-13.8417823249,16.0086927306
1.0,-13.8415477804,16.0087821603
1.0,-13.8390006416,16.0097533311
1.0,-13.8352256207,16.0112718818
1.0,-13.8335908069,16.0119294789
1.0,-13.8320470752,16.0125504224
1.0,-13.8302221928,16.0132844346
1.0,-13.8302207212,16.0132850267
1.0,-13.8267802962,16.0146687909
1.0,-13.8259712881,16.0149941692
1.0,-13.8258865679,16.0152128484
1.0,-13.8258082676,16.0154149539
1.0,-13.8251245803,16.0173148585
1.0,-13.8233102992,16.0180415078
1.0,-13.8218948275,16.0182250648
1.0,-13.8209760729,16.0180382654
1.0,-13.8200712541,16.0173125664
1.0,-13.8199488702,16.0173562721
1.0,-13.813784057,16.0197536417
1.0,-13.8037320476,16.0236502775
1.0,-13.8018513555,16.0243335039
1.0,-13.7764441793,16.0335072943
1.0,-13.7758214513,16.0337320935
1.0,-13.7634885297,16.0381806604
1.0,-13.760509922,16.0392549245
1.0,-13.7593879209,16.0396595708
1.0,-13.7580507288,16.0401419109
1.0,-13.7559351198,16.0409050132
1.0,-13.7541613604,16.0415447882
1.0,-13.7537822197,16.0416815377
1.0,-13.7527139905,16.0420668245
1.0,-13.750413813,16.0428964237
1.0,-13.7442304953,16.0451263853
1.0,-13.741158796,16.0462340803
1.0,-13.7404144602,16.0514653044
1.0,-13.7404062928,16.051509169
1.0,-13.7399345442,16.0540426389
1.0,-13.7387566328,16.0585176657
1.0,-13.7387449887,16.0585619002
1.0,-13.7381945335,16.0606530619
1.0,-13.7379764557,16.0615504885
1.0,-13.737045835,16.0653800433
1.0,-13.7360479872,16.0698704593
1.0,-13.7351280086,16.0740102377
1.0,-13.7349685807,16.0747276187
1.0,-13.7348710551,16.0751664546
1.0,-13.7346236534,16.0762161901
1.0,-13.7341213406,16.0783474792
1.0,-13.7330042109,16.083087212
1.0,-13.732921781,16.0834369323
1.0,-13.7318246813,16.0872530439
1.0,-13.7317834286,16.0873965323
1.0,-13.7308576509,16.0906165839
1.0,-13.7296775368,16.0967466759
1.0,-13.7277482004,16.1024830658
1.0,-13.7275188696,16.1031648975
1.0,-13.7274380851,16.103405078
1.0,-13.7269038137,16.1049935133
1.0,-13.7268954567,16.105018358
1.0,-13.7253818942,16.1132203762
1.0,-13.7253027764,16.1136490928
1.0,-13.7237673019,16.121133735
1.0,-13.7237443823,16.1212083048
1.0,-13.7233702681,16.1230331552
1.0,-13.7220380176,16.1267597565
1.0,-13.7217533632,16.1275559757
1.0,-13.7217533289,16.1275560713
1.0,-13.7210634487,16.129466833
1.0,-13.7198640896,16.1327885952
1.0,-13.7194324561,16.1333466909
1.0,-13.7175846103,16.1357358815
1.0,-13.7154204381,16.1295035817
1.0,-13.7090248419,16.1199950206
1.0,-13.7022799432,16.1114302631
1.0,-13.6962007517,16.1062861214
1.0,-13.6950277017,16.1051865444
1.0,-13.6906444337,16.1013508335
1.0,-13.6865852666,16.0979540597
1.0,-13.6845921293,16.0963634845
1.0,-13.6817436545,16.0950130429
1.0,-13.6782233892,16.0943871704
1.0,-13.6736793687,16.0970134537
1.0,-13.6733893438,16.0973345113
1.0,-13.6692217698,16.1015957597
1.0,-13.6669640448,16.1050756631
1.0,-13.6648110142,16.1072216319
1.0,-13.6612364969,16.1087154408
1.0,-13.6583819132,16.1091569771
1.0,-13.6502644712,16.1077274853
1.0,-13.6437632994,16.1062620175
1.0,-13.6364442966,16.106261365
1.0,-13.6306872951,16.1071893705
1.0,-13.629242519,16.1079275482
1.0,-13.6242015563,16.1104097403
1.0,-13.6194417581,16.1128340375
1.0,-13.6181443025,16.1134948384
1.0,-13.6105974329,16.1173920166
1.0,-13.6027409266,16.1209294011
1.0,-13.5949691619,16.1244160523
1.0,-13.5873426583,16.127489867
1.0,-13.5817554171,16.1311742264
1.0,-13.5758012028,16.1329722916
1.0,-13.5665208345,16.1346100207
1.0,-13.560623237,16.1351216153
1.0,-13.554883084,16.1343741726
1.0,-13.5548720235,16.1344167138
1.0,-13.5541349388,16.1342767429
1.0,-13.5485726383,16.133220387
1.0,-13.5394419843,16.1301092022
1.0,-13.5330353461,16.1266577065
1.0,-13.527992556,16.1251839905
1.0,-13.5220434072,16.1244297272
1.0,-13.5154108233,16.1264760149
1.0,-13.5077635809,16.1318627086
1.0,-13.5006075441,16.1376710119
1.0,-13.4926534282,16.1426364729
1.0,-13.4892237764,16.1463185643
1.0,-13.4876707876,16.1472042511
1.0,-13.4807607735,16.1449432423
1.0,-13.4777013555,16.1406172586
1.0,-13.4749045397,16.1343203806
1.0,-13.4759814736,16.1309804034
1.0,-13.4818778712,16.1282127882
1.0,-13.4989843978,16.1232524947
1.0,-13.508625089,16.1159072762
1.0,-13.5097061004,16.1142265621
1.0,-13.5137423237,16.1079508776
1.0,-13.5145976157,16.1027971078
1.0,-13.5142599682,16.0983111848
1.0,-13.5119499506,16.0929746049
1.0,-13.5092649297,16.0901290047
1.0,-13.5066126355,16.0873179804
1.0,-13.505669378,16.0864720075
1.0,-13.502313252,16.0834619371
1.0,-13.4988333767,16.0805729299
1.0,-13.4977876377,16.0780242111
1.0,-13.4972498206,16.0767133966
1.0,-13.4969376625,16.0759525695
1.0,-13.4947944189,16.0706875403
1.0,-13.4941462108,16.0690664725
1.0,-13.4934066328,16.0672168712
1.0,-13.4884719994,16.0573326367
1.0,-13.4884621311,16.0573128685
1.0,-13.4878883591,16.0548752023
1.0,-13.4875203203,16.053311565
1.0,-13.4878943161,16.0503764862
1.0,-13.4884704112,16.0458551274
1.0,-13.4885534983,16.0452030132
1.0,-13.4891243914,16.0351270697
1.0,-13.4891978634,16.0339216859
1.0,-13.48976236,16.025351557
1.0,-13.4902099046,16.0185560763
1.0,-13.4907715181,16.0101256855
1.0,-13.4911305856,16.0047719394
1.0,-13.4914025335,16.0007168402
1.0,-13.4913999717,16.0006905369
1.0,-13.4915484791,15.9984607289
1.0,-13.4916367006,15.9976763862
1.0,-13.4811190911,15.9772871805
1.0,-13.472887791,15.9613272193
1.0,-13.4729045626,15.9613135132
1.0,-13.472883863,15.9613051096
1.0,-13.4716999275,15.9564658264
1.0,-13.4716427089,15.9562319431
1.0,-13.4706353453,15.9491804704
1.0,-13.470606424,15.948978024
1.0,-13.4705672769,15.9487039896
1.0,-13.4703327818,15.9470624872
1.0,-13.4709713835,15.9449661965
1.0,-13.4715580755,15.9430402613
1.0,-13.4717875725,15.9422868773
1.0,-13.4730500222,15.938142437
1.0,-13.4730594763,15.9381114006
1.0,-13.4730518031,15.9381412485
1.0,-13.4730634041,15.9381335103
1.0,-13.4986550413,15.9215324328
1.0,-13.4987582581,15.9204492925
1.0,-13.4987730848,15.9204493956
1.0,-13.4989342679,15.9187579154
1.0,-13.4989297518,15.9187576869
1.0,-13.4991864557,15.9163504262
1.0,-13.4994611747,15.9132280778
1.0,-13.4994733446,15.9130897633
1.0,-13.4999971766,15.910463393
1.0,-13.4999431791,15.9099108738
1.0,-13.4998516493,15.9089742904
1.0,-13.4997541181,15.9079762992
1.0,-13.4999992728,15.9049864769
1.0,-13.5001829985,15.9037854991
1.0,-13.5004716182,15.9018988138
1.0,-13.5007138296,15.8994602761
1.0,-13.5005713829,15.8976976709
1.0,-13.5005683981,15.8976607351
1.0,-13.5030464835,15.895960723
1.0,-13.5057639923,15.8947142278
1.0,-13.5072062598,15.8940284831
1.0,-13.5087617866,15.8932888719
1.0,-13.5114937658,15.8912648451
1.0,-13.5124211836,15.8906670287
1.0,-13.513164471,15.8901815696
1.0,-13.5149574094,15.8890916213
1.0,-13.515643232,15.8886807952
1.0,-13.5156433031,15.8886710926
1.0,-13.5171054684,15.8877952038
1.0,-13.5178608206,15.8871141538
1.0,-13.5191548075,15.8859474374
1.0,-13.5211956951,15.8839730596
1.0,-13.5229594168,15.8828644085
1.0,-13.5258207231,15.8810673031
1.0,-13.5281582663,15.8794563897
1.0,-13.5305802785,15.877701414
1.0,-13.5330315854,15.8765214363
1.0,-13.5336351871,15.8762308755
1.0,-13.5337020279,15.8761829916
1.0,-13.5354997325,15.8748951309
1.0,-13.5358223039,15.8746640398
1.0,-13.5362869553,15.8741264134
1.0,-13.5368891448,15.8734296411
1.0,-13.5369720062,15.8733337642
1.0,-13.5370182327,15.8732802781
1.0,-13.5370311706,15.8732524652
1.0,-13.5370756381,15.8731969915
1.0,-13.5374898961,15.8723064589
1.0,-13.5380427126,15.8711311926
1.0,-13.5384130583,15.8703757519
1.0,-13.5389614929,15.8692570296
1.0,-13.539945951,15.8675386241
1.0,-13.5412087185,15.8653801166
1.0,-13.5419755742,15.8640415778
1.0,-13.542431227,15.8630330048
1.0,-13.5434149851,15.8607854357
1.0,-13.5437453872,15.8593073553
1.0,-13.5440185308,15.8581255343
1.0,-13.5442395708,15.8571764931
1.0,-13.5447933642,15.8548896284
1.0,-13.5463422728,15.8520728608
1.0,-13.548354949,15.8496866303
1.0,-13.5500619331,15.8450004572
1.0,-13.5515231567,15.8428613276
1.0,-13.5518757517,15.8423651426
1.0,-13.5526211996,15.8412538307
1.0,-13.5531764594,15.8404260406
1.0,-13.5533001314,15.8402416676
1.0,-13.5534503696,15.8389260273
1.0,-13.5535888954,15.8377129322
1.0,-13.5552132316,15.8351752836
1.0,-13.5552133987,15.8351750226
1.0,-13.5565938389,15.832734892
1.0,-13.5579742442,15.8302947494
1.0,-13.5589288188,15.8283110272
1.0,-13.5590181244,15.8281460342
1.0,-13.5590807092,15.8279953752
1.0,-13.5592832177,15.8275745312
1.0,-13.5593008422,15.8275379038
1.0,-13.5606877001,15.8241758928
1.0,-13.5617069239,15.8216731024
1.0,-13.5622078291,15.8204430586
1.0,-13.5634944028,15.8180474358
1.0,-13.5648752512,15.8155168537
1.0,-13.5663515983,15.81284228
1.0,-13.5672190277,15.8113769542
1.0,-13.5680143878,15.8100333499
1.0,-13.5690218316,15.8081894411
1.0,-13.5690219025,15.8081893123
1.0,-13.5691900533,15.8078815439
1.0,-13.5431978004,15.8083068591
1.0,-13.5174204129,15.8086217352
1.0,-13.5172991637,15.7958994001
1.0,-13.5168408109,15.7478598811
1.0,-13.5166984444,15.745349168
1.0,-13.5155901863,15.72580393
1.0,-13.515462589,15.725799736
1.0,-13.5133364706,15.6883010432
1.0,-13.5135260378,15.688116185
1.0,-13.5138322061,15.6878176213
1.0,-13.5186508345,15.6831184862
1.0,-13.5200684573,15.681554896
1.0,-13.5202946698,15.6813053871
1.0,-13.5319977651,15.668395868
1.0,-13.5707316625,15.6339165113
1.0,-13.5985948104,15.6311562306
1.0,-13.6017298293,15.6308330977
1.0,-13.6102438458,15.6299854114
1.0,-13.6319333991,15.6433526722
1.0,-13.6822768338,15.6743648827
1.0,-13.6859426133,15.6766222617
1.0,-13.6866039223,15.6770294826
1.0,-13.6864268534,15.6770335663
1.0,-13.6864310977,15.6770371702
1.0,-13.6867313101,15.6770302471
1.0,-13.7163235955,15.6763457696
1.0,-13.7302934087,15.6760212485
1.0,-13.7945971541,15.6836364734
1.0,-13.8031918742,15.6846528475
1.0,-13.8091627889,15.6706196037
