81,2,28,99,45,
0.0,-13.9299776736,12.9016576232
0.0,-13.9287102959,12.9011306063
0.0,-13.925602835,12.9014056004
0.0,-13.9241045112,12.9009204818
0.0,-13.9241026097,12.9009198664
0.0,-13.9237036602,12.8989746824
0.0,-13.9237035564,12.8989741765
0.0,-13.9222439995,12.8980894734
0.0,-13.9214307102,12.8983562632
0.0,-13.9194638477,12.8990014553
0.0,-13.9184838989,12.8993141136
0.0,-13.9176779849,12.8995712402
0.0,-13.9177963933,12.8976870197
0.0,-13.9169160063,12.8964264635
0.0,-13.9169149638,12.8964262901
0.0,-13.9169138756,12.8964247296
0.0,-13.9164530774,12.8963466142
0.0,-13.9156879017,12.8962191877
0.0,-13.9142202978,12.8962953045
0.0,-13.9124967475,12.8961718102
0.0,-13.9113981412,12.8958995232
0.0,-13.9104689473,12.8956675201
0.0,-13.9093133699,12.8950299999
0.0,-13.9071542166,12.8938329467
0.0,-13.9057567562,12.8934067665
0.0,-13.9048998256,12.8931454257
0.0,-13.9036849729,12.8927606052
0.0,-13.8991918195,12.8914055591
0.0,-13.8991894376,12.8914048402
0.0,-13.8991883993,12.8914045275
0.0,-13.8977448358,12.892107206
0.0,-13.8962998458,12.8928061892
0.0,-13.8962472879,12.8928287977
0.0,-13.8942930211,12.894293384
0.0,-13.8931611122,12.8951383373
0.0,-13.8917955351,12.894880433
0.0,-13.8878303928,12.8953789616
0.0,-13.8860694113,12.8959118975
0.0,-13.8833924595,12.8967903924
0.0,-13.8810697386,12.8976283762
0.0,-13.8780969561,12.8977152505
0.0,-13.8765354123,12.8986126707
0.0,-13.8708563784,12.9011106315
0.0,-13.8692242367,12.9001061537
0.0,-13.8672713107,12.8983904843
0.0,-13.8641152869,12.8978719083
0.0,-13.862799789,12.8984245455
0.0,-13.8619758577,12.8987687032
0.0,-13.8610563527,12.899393079
0.0,-13.8604698564,12.8997898495
0.0,-13.8583140404,12.8985609081
0.0,-13.8551385749,12.8994862497
0.0,-13.8541703472,12.900068685
0.0,-13.851960837,12.9013935543
0.0,-13.849709828,12.9022932284
0.0,-13.8488963238,12.9026168802
0.0,-13.8470910003,12.902257503
0.0,-13.8430488374,12.9003059675
0.0,-13.8405139335,12.8994869409
0.0,-13.8405130518,12.8994878782
0.0,-13.8405121476,12.8994874854
0.0,-13.8405125366,12.8994870713
0.0,-13.8393510589,12.8989827863
0.0,-13.8385314028,12.8985512637
0.0,-13.8382144293,12.8983820073
0.0,-13.8377099322,12.8978644236
0.0,-13.8354544603,12.89733001
0.0,-13.8341476052,12.8969354228
0.0,-13.8331054166,12.8971025573
0.0,-13.8319714877,12.8971788673
0.0,-13.830756547,12.8968389204
0.0,-13.8281488393,12.8947658887
0.0,-13.8277621427,12.8942557879
0.0,-13.8261279416,12.8921000471
0.0,-13.826023804,12.8919626729
0.0,-13.8258156278,12.8916984107
0.0,-13.8255316095,12.8913378714
0.0,-13.8229724389,12.8880891458
0.0,-13.8229720633,12.8880886695
0.0,-13.8225768021,12.8858626421
0.0,-13.822576794,12.8858625978
0.0,-13.8216049395,12.8847913362
0.0,-13.8201770615,12.8828782179
0.0,-13.8201765538,12.8828776208
0.0,-13.8201764127,12.8828774321
0.0,-13.8184624153,12.8808623992
0.0,-13.8178566267,12.8803443258
0.0,-13.817733885,12.8790057211
0.0,-13.8165330673,12.877644116
0.0,-13.8163055949,12.8770015652
0.0,-13.8153378648,12.8750891384
0.0,-13.8141949145,12.8731853488
0.0,-13.8128490836,12.8713168008
0.0,-13.8119804404,12.8698753393
0.0,-13.8115866568,12.869267791
0.0,-13.8114118007,12.8689839187
0.0,-13.8100982306,12.8668494442
0.0,-13.8100196832,12.8665644143
0.0,-13.8095499034,12.8648346278
0.0,-13.8093341706,12.8640768392
0.0,-13.8092865363,12.8639155342
0.0,-13.8092829713,12.8639090275
0.0,-13.8085500786,12.8625715654
0.0,-13.8079559576,12.8615472287
0.0,-13.8046347092,12.8604381497
0.0,-13.8036490649,12.8603703693
0.0,-13.8021381995,12.8603001874
0.0,-13.8009250813,12.8596890507
0.0,-13.8009249269,12.8596889731
0.0,-13.8010305086,12.8587671949
0.0,-13.8011956644,12.8579876084
0.0,-13.8012005422,12.8579645833
0.0,-13.8012850029,12.8575659022
0.0,-13.8014947098,12.8560931737
0.0,-13.8017056065,12.8545837653
0.0,-13.8017522424,12.8542499811
0.0,-13.8006851863,12.8500881147
0.0,-13.8006849457,12.8500871742
0.0,-13.7990010275,12.8495541584
0.0,-13.797700871,12.8485411151
0.0,-13.7973669552,12.8482809359
0.0,-13.7966399577,12.8479917299
0.0,-13.7952764693,12.8474493165
0.0,-13.7940470946,12.8468472605
0.0,-13.7931193866,12.84631763
0.0,-13.7915396214,12.8453200968
0.0,-13.7901338328,12.8444324054
0.0,-13.7900553211,12.8435098622
0.0,-13.7902030749,12.8426840782
0.0,-13.7902541297,12.8423987354
0.0,-13.7902798948,12.8407443515
0.0,-13.7910046247,12.8395994807
0.0,-13.791510904,12.8391164492
0.0,-13.792004273,12.8386457326
0.0,-13.7924873069,12.8378252214
0.0,-13.7919978315,12.8360147703
0.0,-13.7916194396,12.8354160756
0.0,-13.7909376331,12.8343373089
0.0,-13.7886487549,12.8331062346
0.0,-13.7863332487,12.8337103404
0.0,-13.7849236429,12.8336947866
0.0,-13.7833313783,12.8333438634
0.0,-13.782028692,12.8321715439
0.0,-13.7813562351,12.8316675073
0.0,-13.7796968822,12.8304237322
0.0,-13.77876307,12.8295032672
0.0,-13.7778445782,12.8285978931
0.0,-13.7771694334,12.8281731973
0.0,-13.7749052418,12.8267488991
0.0,-13.7742387678,12.826131009
0.0,-13.7731900567,12.8251587355
0.0,-13.7711567375,12.822681063
0.0,-13.7700636069,12.8220874579
0.0,-13.7677476655,12.8208298037
0.0,-13.7649891405,12.8197229152
0.0,-13.7629789902,12.819372097
0.0,-13.761794947,12.8191654464
0.0,-13.7611974684,12.8188985106
0.0,-13.7599747545,12.8183522323
0.0,-13.7586230056,12.8175954624
0.0,-13.7561533487,12.8160739681
0.0,-13.7548605423,12.814576105
0.0,-13.75434683,12.8136646021
0.0,-13.7535271072,12.8122101175
0.0,-13.7528210776,12.8115371301
0.0,-13.7515849623,12.8103588518
0.0,-13.7511154876,12.8099113402
0.0,-13.7505120572,12.8089772648
0.0,-13.7488400449,12.8080290723
0.0,-13.7481750822,12.8074227191
0.0,-13.7468865741,12.8062477694
0.0,-13.743990623,12.8050405777
0.0,-13.7421708206,12.804182051
0.0,-13.7410075605,12.8028294036
0.0,-13.7389921893,12.8027735521
0.0,-13.7370646524,12.8027201206
0.0,-13.7351895214,12.8019968965
0.0,-13.7319949701,12.8015747015
0.0,-13.7314498416,12.8011655403
0.0,-13.7303705015,12.8003554052
0.0,-13.7294796868,12.7999190891
0.0,-13.7284131055,12.7993966778
0.0,-13.7272408112,12.7990601649
0.0,-13.7256902296,12.7986150529
0.0,-13.7245786329,12.7980039397
0.0,-13.7234576482,12.7974289401
0.0,-13.7227473488,12.7969240603
0.0,-13.7218696424,12.7963001818
0.0,-13.7218483958,12.794916834
0.0,-13.7211086939,12.793746981
0.0,-13.7203734917,12.7932800035
0.0,-13.7192440692,12.7925626226
0.0,-13.718134387,12.7915808219
0.0,-13.7170928341,12.7917023268
0.0,-13.7142881416,12.7907303393
0.0,-13.7130057782,12.7908400949
0.0,-13.7110902569,12.7910040302
0.0,-13.7100878199,12.7888655033
0.0,-13.7080212437,12.7874986863
0.0,-13.7078017927,12.7873535418
0.0,-13.7052542849,12.7847373056
0.0,-13.7045230942,12.7836126604
0.0,-13.7035396546,12.7831829129
0.0,-13.7030257155,12.7828097153
0.0,-13.7019018044,12.7828313095
0.0,-13.7014287332,12.7829063022
0.0,-13.7005742754,12.7830417518
0.0,-13.6994043133,12.7828370896
0.0,-13.6972347755,12.7804125056
0.0,-13.6957958164,12.7790040818
0.0,-13.694779606,12.7777875982
0.0,-13.6946354709,12.7772120914
0.0,-13.6942921924,12.7758414284
0.0,-13.6935790175,12.7730171892
0.0,-13.6930934769,12.7707093979
0.0,-13.692252583,12.7676494655
0.0,-13.6907534783,12.7672080827
0.0,-13.6885379229,12.7645933609
0.0,-13.6860078422,12.7638123262
0.0,-13.6849328763,12.7632916562
0.0,-13.6825971593,12.762556762
0.0,-13.68134234,12.7612184289
0.0,-13.6810216298,12.7608763705
0.0,-13.6809386595,12.7607928515
0.0,-13.6805834542,12.7604352956
0.0,-13.6798121426,12.7596588761
0.0,-13.678202489,12.7574618505
0.0,-13.677955374,12.7568167279
0.0,-13.6774391582,12.7554690787
0.0,-13.6769853654,12.7541739883
0.0,-13.6755592106,12.7521236505
0.0,-13.6748320475,12.7502666653
0.0,-13.6737697615,12.7490950908
0.0,-13.6731194818,12.748395696
0.0,-13.6720565047,12.7473597227
0.0,-13.6707060987,12.7466929693
0.0,-13.669932534,12.746123163
0.0,-13.6694950272,12.7458008938
0.0,-13.667858662,12.7452230955
0.0,-13.667023316,12.7446945286
0.0,-13.6670848921,12.7432664131
0.0,-13.6673835888,12.7427254775
0.0,-13.668366705,12.7396475572
0.0,-13.6679260906,12.7373851707
0.0,-13.6679090089,12.7355859899
0.0,-13.6679686084,12.7347545475
0.0,-13.6682688302,12.7336982984
0.0,-13.6684798339,12.7320901185
0.0,-13.6681148599,12.7314373538
0.0,-13.6679805434,12.730704383
0.0,-13.6671912403,12.7301850928
0.0,-13.6662968126,12.7303975659
0.0,-13.6656333233,12.7304755895
0.0,-13.6644453504,12.72870667
0.0,-13.6638084713,12.7272207879
0.0,-13.6629433142,12.7253630853
0.0,-13.6628208805,12.7241227658
0.0,-13.6622763461,12.7225921442
0.0,-13.662256282,12.72092856
0.0,-13.6618478657,12.7200043499
0.0,-13.6619205681,12.7184316407
0.0,-13.6610433021,12.7171343951
0.0,-13.6603131939,12.7158740537
0.0,-13.6596751312,12.7146232169
0.0,-13.6590715367,12.7138245864
0.0,-13.6590388296,12.7130378834
0.0,-13.6590654528,12.7114739833
0.0,-13.658668296,12.7099441027
0.0,-13.658229656,12.7075461083
0.0,-13.6578651334,12.7075186917
0.0,-13.6566832209,12.7074297933
0.0,-13.6557013969,12.7067648515
0.0,-13.654956521,12.706571222
0.0,-13.6545025834,12.7063095428
0.0,-13.653469249,12.7057138558
0.0,-13.6532429462,12.704971374
0.0,-13.6531818966,12.7025752921
0.0,-13.6524522921,12.7012335721
0.0,-13.6519977459,12.7001192641
0.0,-13.6514373804,12.6996463037
0.0,-13.6501329818,12.6989345027
0.0,-13.6479671468,12.6982980271
0.0,-13.6468145306,12.6979592984
0.0,-13.6464484487,12.6970523102
0.0,-13.6461782948,12.6963829846
0.0,-13.6453889023,12.6959088452
0.0,-13.6433887695,12.6945425388
0.0,-13.642071185,12.6946985345
0.0,-13.6405701151,12.6947270154
0.0,-13.639070584,12.6944661963
0.0,-13.6374794119,12.6941235333
0.0,-13.6345888928,12.6921378354
0.0,-13.6334218736,12.6917973305
0.0,-13.6323925467,12.6913219211
0.0,-13.6307392054,12.6889436393
0.0,-13.6290550879,12.6887722219
0.0,-13.6282552878,12.6885330378
0.0,-13.626766959,12.6879105888
0.0,-13.6255103302,12.6870090736
0.0,-13.6239787008,12.6858801151
0.0,-13.6226299696,12.6849871516
0.0,-13.6216585076,12.6841413422
0.0,-13.6208719292,12.6831608812
0.0,-13.6195702833,12.6820782973
0.0,-13.6178568091,12.680532499
0.0,-13.61636925,12.6796749484
0.0,-13.6144166706,12.6780826837
0.0,-13.6135368447,12.6773277324
0.0,-13.6125534951,12.6769881025
0.0,-13.6120513641,12.6761989557
0.0,-13.6112208073,12.6749560668
0.0,-13.6201561916,12.6749031418
0.0,-13.6387147496,12.6747908705
0.0,-13.6529817581,12.6747606927
0.0,-13.6672471109,12.6747308702
0.0,-13.6815125453,12.6746991516
0.0,-13.687765813,12.6746577595
0.0,-13.696274288,12.6745187972
0.0,-13.707084528,12.6744088452
0.0,-13.712157469,12.6744967491
0.0,-13.7214106314,12.674595649
0.0,-13.7449552123,12.6745993289
0.0,-13.7472716974,12.6746227842
0.0,-13.7498385786,12.6746487518
0.0,-13.7629105819,12.6747806074
0.0,-13.7683521217,12.6748353057
0.0,-13.7806753913,12.6748650612
0.0,-13.7930748771,12.6748944251
0.0,-13.8045851173,12.6749373797
0.0,-13.8069897212,12.674649821
0.0,-13.8098540359,12.6745089567
0.0,-13.8216588172,12.6744620767
0.0,-13.8303520649,12.6745094984
0.0,-13.8324592906,12.6748171196
0.0,-13.8346692473,12.6748087315
0.0,-13.8472657693,12.6748184309
0.0,-13.8579847157,12.6746443009
0.0,-13.8687048318,12.6744708724
0.0,-13.8794226743,12.6742958706
0.0,-13.8996378898,12.6743192593
0.0,-13.9038582104,12.6743237112
0.0,-13.9198520938,12.6743399762
0.0,-13.9400664252,12.6743602867
0.0,-13.960280886,12.6743790604
0.0,-13.9804954782,12.6743951672
0.0,-13.9988388228,12.6743473181
0.0,-14.0108801923,12.6750490336
0.0,-14.0222453893,12.6750029093
0.0,-14.0336106191,12.6749562987
0.0,-14.0521806128,12.675174588
0.0,-14.0597008402,12.6752634495
0.0,-14.0668898727,12.6753476091
0.0,-14.0707490026,12.6753927066
0.0,-14.0868488941,12.6755797824
0.0,-14.0869877822,12.6755813923
0.0,-14.0893198237,12.6756084081
0.0,-14.1078884614,12.6758239371
0.0,-14.1197243119,12.6761061369
0.0,-14.1203270791,12.6761204948
0.0,-14.1249716427,12.6762310799
0.0,-14.1420549527,12.6766371286
0.0,-14.1591378105,12.6770432113
0.0,-14.1672178079,12.6773249874
0.0,-14.1744925438,12.6775784705
0.0,-14.1793651935,12.6777481261
0.0,-14.1898491247,12.6781128521
0.0,-14.2052035229,12.6786463434
0.0,-14.2167585406,12.6788154283
0.0,-14.2173449476,12.6788239966
0.0,-14.2253572844,12.6789409287
0.0,-14.2290415384,12.6789946171
0.0,-14.2321505989,12.6751849297
0.0,-14.3261014489,12.6764923037
0.0,-14.3261246559,12.6803909635
0.0,-14.3264653024,12.6810858286
0.0,-14.3292118756,12.6837715764
0.0,-14.3322262268,12.6873147361
0.0,-14.3355498043,12.6926162501
0.0,-14.3378382092,12.6980462614
0.0,-14.3380783387,12.7017926638
0.0,-14.3379290613,12.7025326358
0.0,-14.3367210738,12.7013179417
0.0,-14.3351358277,12.7001927217
0.0,-14.3333488782,12.7002673604
0.0,-14.3315055247,12.7012200845
0.0,-14.3300784787,12.7027796843
0.0,-14.3283747312,12.7038254216
0.0,-14.3259648862,12.7050038594
0.0,-14.3237480465,12.7056763948
0.0,-14.3228895213,12.7066383452
0.0,-14.3230199205,12.70761073
0.0,-14.324091027,12.708545953
0.0,-14.3247392953,12.709384021
0.0,-14.3249546734,12.7110958331
0.0,-14.3239446824,12.7131662175
0.0,-14.3225285265,12.7136147204
0.0,-14.3204105709,12.7138715286
0.0,-14.317979009,12.7127847271
0.0,-14.3158342223,12.7112386157
0.0,-14.3140074879,12.7106653608
0.0,-14.3132090774,12.7106587734
0.0,-14.3125444547,12.7112063728
0.0,-14.3126298378,12.7119932762
0.0,-14.3133574892,12.714126889
0.0,-14.313712426,12.7159328817
0.0,-14.3128035238,12.7214712084
0.0,-14.3115676723,12.722706798
0.0,-14.3095434694,12.7229637587
0.0,-14.3084677814,12.7224444118
0.0,-14.3081068924,12.7211470288
0.0,-14.3084817214,12.7170823578
0.0,-14.30826823,12.7151388339
0.0,-14.3074843797,12.7137906134
0.0,-14.3058021884,12.7129871007
0.0,-14.3039189619,12.7132929934
0.0,-14.3029708455,12.7139302461
0.0,-14.3027696723,12.7150837413
0.0,-14.3024167539,12.7172066239
0.0,-14.3009453065,12.7184867543
0.0,-14.2991012607,12.7193928961
0.0,-14.2970350465,12.7192337054
0.0,-14.2950734043,12.7181049914
0.0,-14.2938039674,12.718138912
0.0,-14.2927647918,12.7185905164
0.0,-14.2921432769,12.7195552514
0.0,-14.2922211754,12.7209434497
0.0,-14.2923888779,12.7227478326
0.0,-14.2920840265,12.7247317988
0.0,-14.2903785732,12.7258710844
0.0,-14.2884418869,12.7267294269
0.0,-14.2871590759,12.7278268743
0.0,-14.2865886337,12.7284221283
0.0,-14.2853008013,12.7300733909
0.0,-14.2841601554,12.7311712057
0.0,-14.2839504701,12.7330649921
0.0,-14.2843966776,12.7351029672
0.0,-14.2864835962,12.7375748764
0.0,-14.2876408255,12.73920447
0.0,-14.2881929597,12.7402266007
0.0,-14.2881265847,12.7419365398
0.0,-14.2879977443,12.744985695
0.0,-14.2879819099,12.7463261671
0.0,-14.2888063535,12.7481831779
0.0,-14.2899576195,12.7503213743
0.0,-14.2909811114,12.7512102617
0.0,-14.2922001696,12.7515469608
0.0,-14.2946028012,12.7511080492
0.0,-14.2984656496,12.7504062461
0.0,-14.299686504,12.7505112074
0.0,-14.3009020644,12.7510773053
0.0,-14.3017784199,12.7525196033
0.0,-14.3020733011,12.7552149803
0.0,-14.3012279682,12.7554727127
0.0,-14.2996320878,12.7552266088
0.0,-14.2968174473,12.7547365062
0.0,-14.2957359648,12.7548183987
0.0,-14.2947853008,12.7556873126
0.0,-14.2942446786,12.757762199
0.0,-14.2948282817,12.7601260473
0.0,-14.2952243253,12.7666013608
0.0,-14.2949239004,12.7682168622
0.0,-14.2941118764,12.769317848
0.0,-14.291670179,12.7731780012
0.0,-14.2909113603,12.7737716221
0.0,-14.2897790587,12.7740839266
0.0,-14.2883684081,12.7740699554
0.0,-14.2870024658,12.7743341461
0.0,-14.2862165789,12.7730785425
0.0,-14.2849026618,12.7687652318
0.0,-14.2845800673,12.7682071304
0.0,-14.283690014,12.7679673593
0.0,-14.2809174124,12.7678467973
0.0,-14.2784291896,12.7675438784
0.0,-14.2774400834,12.7677197583
0.0,-14.2767307184,12.7681281076
0.0,-14.2744613625,12.7692148614
0.0,-14.2734189788,12.7698980737
0.0,-14.2698776373,12.7712039478
0.0,-14.2686850032,12.772671136
0.0,-14.2685773348,12.7738711903
0.0,-14.2692757479,12.774478952
0.0,-14.2697345972,12.7755008606
0.0,-14.2697198106,12.7768401961
0.0,-14.27008946,12.777445916
0.0,-14.2717161446,12.7790339259
0.0,-14.2721775346,12.77977779
0.0,-14.2727660573,12.7817720888
0.0,-14.2727584493,12.7824185855
0.0,-14.2725152073,12.7831096436
0.0,-14.2725019759,12.7843122202
0.0,-14.2726774322,12.7853762932
0.0,-14.2727550919,12.7868108268
0.0,-14.2723706407,12.7875467059
0.0,-14.2718937463,12.7881896465
0.0,-14.2701778933,12.7901606236
0.0,-14.2697925902,12.790988048
0.0,-14.2695958393,12.7917255721
0.0,-14.2692992906,12.7929251014
0.0,-14.2689620375,12.7936611051
0.0,-14.2680630069,12.7941141108
0.0,-14.2661333494,12.7943257584
0.0,-14.2631613073,12.7951742143
0.0,-14.2623589613,12.7954432355
0.0,-14.2609060938,12.7950582641
0.0,-14.2576794973,12.793547067
0.0,-14.2562663473,12.7937634869
0.0,-14.255370279,12.7939847509
0.0,-14.2553293112,12.7941062659
0.0,-14.2546400989,12.7961505461
0.0,-14.2547587782,12.798092686
0.0,-14.2544123914,12.7995689692
0.0,-14.2532178323,12.8012214316
0.0,-14.2524628105,12.8014453445
0.0,-14.2518063316,12.8012535958
0.0,-14.2516744797,12.800466554
0.0,-14.2521241067,12.79815869
0.0,-14.2520859761,12.7974193854
0.0,-14.251478997,12.797043543
0.0,-14.2487519058,12.797015439
0.0,-14.2456277611,12.7988330286
0.0,-14.2410448587,12.8006825493
0.0,-14.2393920178,12.801312993
0.0,-14.2385844878,12.8019526517
0.0,-14.238192927,12.8032897546
0.0,-14.2374237723,12.8047613956
0.0,-14.2362864307,12.8055357231
0.0,-14.2351065717,12.8058939842
0.0,-14.2340274288,12.8056987031
0.0,-14.2331337273,12.805689321
0.0,-14.232608189,12.8063783819
0.0,-14.232073082,12.8079444985
0.0,-14.2316303971,12.8096046951
0.0,-14.2319948487,12.8105789154
0.0,-14.2328413464,12.8105881648
0.0,-14.2337847135,12.8103659892
0.0,-14.2346839977,12.8098667671
0.0,-14.2375346074,12.8073534152
0.0,-14.2389539768,12.8066284993
0.0,-14.239987338,12.8067309467
0.0,-14.2408315457,12.8069243964
0.0,-14.2413362589,12.8079928221
0.0,-14.241508459,12.8093349442
0.0,-14.2406489857,12.8103903959
0.0,-14.2393264601,12.8108850256
0.0,-14.2383250377,12.81203048
0.0,-14.2383164791,12.8127707789
0.0,-14.2379776783,12.8135994129
0.0,-14.2374977899,12.8144265074
0.0,-14.2374373035,12.8155814627
0.0,-14.2374197464,12.8170145873
0.0,-14.2369290028,12.8187662048
0.0,-14.2370453969,12.820848489
0.0,-14.2373663599,12.8255671414
0.0,-14.2365420503,12.8277325954
0.0,-14.2361102041,12.8284682729
0.0,-14.2349798881,12.8285949672
0.0,-14.2335238788,12.8284415324
0.0,-14.231971713,12.8284720417
0.0,-14.230553489,12.829151704
0.0,-14.2290362659,12.8301792256
0.0,-14.2255765351,12.8325222232
0.0,-14.2245809824,12.8332064866
0.0,-14.2231766323,12.8327287613
0.0,-14.2220725509,12.8306831172
0.0,-14.2215136288,12.8302146657
0.0,-14.2208561009,12.8301618563
0.0,-14.2201909622,12.8307103206
0.0,-14.2189914346,12.8327321839
0.0,-14.2189790812,12.83374938
0.0,-14.219578479,12.8347265737
0.0,-14.2208002595,12.8348319219
0.0,-14.2242768604,12.8350976444
0.0,-14.2249295309,12.8356127079
0.0,-14.2250100704,12.8367703316
0.0,-14.2247401182,12.8397262947
0.0,-14.2239733419,12.8409209757
0.0,-14.2229791909,12.8415114233
0.0,-14.221371686,12.8422808909
0.0,-14.2206667611,12.8422731492
0.0,-14.2197815493,12.8415245512
0.0,-14.2190869647,12.8405934152
0.0,-14.2183867857,12.8401697469
0.0,-14.2173571824,12.8397439655
0.0,-14.2161399815,12.8392690195
0.0,-14.2149759085,12.83819293
0.0,-14.2135053031,12.8353120282
0.0,-14.2112330866,12.8326061657
0.0,-14.2098385625,12.8312049806
0.0,-14.2096617695,12.830278769
0.0,-14.2101401934,12.82959075
0.0,-14.2124608803,12.8281814985
0.0,-14.2136479178,12.8272232015
0.0,-14.2138991355,12.8258845968
0.0,-14.2137613123,12.8216762334
0.0,-14.2137823151,12.8199187442
0.0,-14.2139075356,12.8172381447
0.0,-14.2139199046,12.8162209487
0.0,-14.2128927081,12.8156097995
0.0,-14.2120853561,12.8163420519
0.0,-14.2111366298,12.8169789361
0.0,-14.2097728469,12.8170110129
0.0,-14.2076650598,12.8162960041
0.0,-14.2050605036,12.8138648795
0.0,-14.2022919464,12.8093976426
0.0,-14.2013624228,12.8085098343
0.0,-14.2004662649,12.8087309056
0.0,-14.1996040294,12.8100631185
0.0,-14.1994409861,12.811910591
0.0,-14.1991515928,12.8125550868
0.0,-14.1985384535,12.812686591
0.0,-14.1969523301,12.8116532253
0.0,-14.196060932,12.8114583616
0.0,-14.1950668385,12.8120498381
0.0,-14.1943482576,12.8131055581
0.0,-14.1937303335,12.8136541
0.0,-14.1927844658,12.8141066935
0.0,-14.1902400269,12.814543068
0.0,-14.1888190401,12.8153603864
0.0,-14.1858724189,12.8180119015
0.0,-14.1850683325,12.8184196939
0.0,-14.1841340476,12.8179477446
0.0,-14.1822329617,12.8156621277
0.0,-14.1820525053,12.8150128028
0.0,-14.1823446923,12.8142304466
0.0,-14.1830541816,12.8138675784
0.0,-14.1840432118,12.8137858771
0.0,-14.1864875453,12.8138578669
0.0,-14.1873812678,12.8138662787
0.0,-14.1879601107,12.8125784467
0.0,-14.1875959817,12.8115567051
0.0,-14.186759066,12.8107166041
0.0,-14.1845993938,12.8104171893
0.0,-14.1825261721,12.810812
0.0,-14.1806313717,12.8119476636
0.0,-14.1791694052,12.8122561889
0.0,-14.1786106067,12.8117876526
0.0,-14.1770499041,12.8086282506
0.0,-14.1763033941,12.808157993
0.0,-14.17564536,12.808106203
0.0,-14.1746526944,12.8086037943
0.0,-14.1738448416,12.8092884527
0.0,-14.1730398886,12.8097888869
0.0,-14.1716725195,12.8100513276
0.0,-14.1703513335,12.8104540575
0.0,-14.1699650993,12.8112824424
0.0,-14.1702393868,12.8119320695
0.0,-14.1715471646,12.8126392026
0.0,-14.1730454301,12.813210168
0.0,-14.1737880149,12.814003674
0.0,-14.1725093697,12.8147761384
0.0,-14.1717909634,12.8159244717
0.0,-14.1716357352,12.8170790968
0.0,-14.1717058277,12.8190674239
0.0,-14.1712257153,12.8198955141
0.0,-14.1701898623,12.820023358
0.0,-14.1693038561,12.8194124891
0.0,-14.1675232386,12.8188858178
0.0,-14.1655999389,12.8184954423
0.0,-14.1631542742,12.8184695921
0.0,-14.1624101012,12.8178150726
0.0,-14.1617678523,12.8164669052
0.0,-14.159973857,12.8132117299
0.0,-14.1548800489,12.8067326887
0.0,-14.1522707035,12.8047169892
0.0,-14.1507284017,12.803914069
0.0,-14.147584972,12.8033727016
0.0,-14.1456675756,12.8024724685
0.0,-14.1446841719,12.8020929069
0.0,-14.1438359464,12.80226873
0.0,-14.1436402852,12.8029145925
0.0,-14.1440268826,12.805924553
0.0,-14.1445188301,12.8088260933
0.0,-14.1452125869,12.8129178195
0.0,-14.144647096,12.8168413105
0.0,-14.1444430587,12.8180884333
0.0,-14.1431128136,12.819103582
0.0,-14.1391736908,12.8221943619
0.0,-14.1366291147,12.8226290767
0.0,-14.1361984659,12.8232718988
0.0,-14.1360027697,12.8239166221
0.0,-14.1357878829,12.8261345734
0.0,-14.1346907767,12.8273244969
0.0,-14.132712503,12.8275147416
0.0,-14.1306068008,12.8242881686
0.0,-14.1232998988,12.8145043356
0.0,-14.1230876042,12.8142120069
0.0,-14.1192388748,12.8135732684
0.0,-14.1186982444,12.8134832618
0.0,-14.1186979027,12.8134834831
0.0,-14.117608084,12.8141912141
0.0,-14.1157665729,12.815387073
0.0,-14.115421863,12.8150464722
0.0,-14.1140678526,12.813708585
0.0,-14.1140669106,12.8137076542
0.0,-14.1137373132,12.8152910534
0.0,-14.1135684517,12.8160972431
0.0,-14.1135668573,12.8160971021
0.0,-14.1120306711,12.815960794
0.0,-14.109761645,12.8157594442
0.0,-14.1079647868,12.8155999798
0.0,-14.106102057,12.8192244992
0.0,-14.1060012018,12.8194207398
0.0,-14.1045475886,12.8165429132
0.0,-14.1030318949,12.8186940743
0.0,-14.1018533475,12.8203638432
0.0,-14.0992703965,12.8189037041
0.0,-14.0984488468,12.8184386507
0.0,-14.0984483545,12.8184389962
0.0,-14.0984471876,12.8184383367
0.0,-14.0940480028,12.8215332415
0.0,-14.0920960145,12.822004976
0.0,-14.0874727266,12.8195966651
0.0,-14.0862451895,12.8219847189
0.0,-14.080149722,12.8222027066
0.0,-14.079122761,12.8226798452
0.0,-14.0745288709,12.8248141471
0.0,-14.0726452349,12.8250547857
0.0,-14.0708745377,12.8252801068
0.0,-14.0674527223,12.8276602968
0.0,-14.062819335,12.8276458916
0.0,-14.062817924,12.8276479526
0.0,-14.0614964443,12.8295778408
0.0,-14.0598793027,12.831939463
0.0,-14.0567038029,12.8336026757
0.0,-14.0518314906,12.8326282457
0.0,-14.0522188308,12.8311313046
0.0,-14.0525736112,12.8297601727
0.0,-14.0513800835,12.8294041204
0.0,-14.0501412162,12.829032691
0.0,-14.050140496,12.8290343214
0.0,-14.0501394541,12.8290340102
0.0,-14.0483777041,12.8330244094
0.0,-14.0479461927,12.8340011144
0.0,-14.0471866548,12.8357202682
0.0,-14.0457329683,12.8341607928
0.0,-14.044365534,12.8326938267
0.0,-14.0442774797,12.8325993617
0.0,-14.0428093892,12.8330740052
0.0,-14.0396264801,12.8366508188
0.0,-14.0376633812,12.8399928297
0.0,-14.0347387186,12.8397428728
0.0,-14.0320505372,12.8414075762
0.0,-14.0303274336,12.8457073164
0.0,-14.0269151131,12.8454554675
0.0,-14.0264385606,12.8425829751
0.0,-14.0245284383,12.8424196474
0.0,-14.0205892238,12.8420827765
0.0,-14.0157095263,12.8430214433
0.0,-14.0103540373,12.8450265773
0.0,-14.0058727519,12.8467042922
0.0,-14.0017922135,12.8482318853
0.0,-13.9934895718,12.851549339
0.0,-13.9888438604,12.8548806301
0.0,-13.9820152926,12.855332679
0.0,-13.9751721562,12.8593728463
0.0,-13.9710049312,12.8648586692
0.0,-13.9661070354,12.870102307
0.0,-13.9652100885,12.8709752689
0.0,-13.9604764689,12.8755821536
0.0,-13.9582553473,12.8820323284
0.0,-13.9562967626,12.8839383061
0.0,-13.9561738665,12.886372732
0.0,-13.9560311269,12.8892001263
0.0,-13.9567650306,12.8911134364
0.0,-13.9579610633,12.8942314733
0.0,-13.9556076342,12.897664303
0.0,-13.9550175023,12.8985258393
0.0,-13.95524322,12.8995820523
0.0,-13.9557347145,12.9018776876
0.0,-13.9540178109,12.9042630407
0.0,-13.9544593281,12.9069287308
0.0,-13.9549693808,12.9100081573
0.0,-13.9563226902,12.9117933133
0.0,-13.9563238003,12.9117947779
0.0,-13.9563249113,12.9117962435
0.0,-13.9423810679,12.907883737
0.0,-13.9335601844,12.905408246
0.0,-13.9333332712,12.9042502548
0.0,-13.9327494568,12.9037992196
0.0,-13.9299776736,12.9016576232
