14,5,7,78,95,
0.0,-16.7045447252,15.0698616393
0.0,-16.704841022,15.052019001
0.0,-16.7049266572,15.0468599079
0.0,-16.7082541153,15.0454306172
0.0,-16.7049895016,15.0430742404
0.0,-16.7050886245,15.0371037963
0.0,-16.7057123535,15.0342974238
0.0,-16.7062218682,15.0320036686
0.0,-16.7096090195,15.0167598506
0.0,-16.7074383465,15.0040679901
0.0,-16.6958663256,14.9897618366
0.0,-16.6802985131,14.9646220301
0.0,-16.6627628817,14.9496910234
0.0,-16.6652345209,14.9480394077
0.0,-16.6685292873,14.9450961128
0.0,-16.6733728273,14.9401982899
0.0,-16.6772541019,14.9362021983
0.0,-16.6801715168,14.933487481
0.0,-16.6821119623,14.9313615346
0.0,-16.6863120025,14.9344014633
0.0,-16.6882234105,14.9301948426
0.0,-16.6909249533,14.9242490273
0.0,-16.6953494199,14.9199361629
0.0,-16.7005651926,14.9148516433
0.0,-16.7052773915,14.9131818613
0.0,-16.7083127099,14.9121062242
0.0,-16.7133169998,14.9103327277
0.0,-16.7202103939,14.9076180335
0.0,-16.7327540637,14.9026775156
0.0,-16.7325657167,14.9012430766
0.0,-16.7319890911,14.8999561764
0.0,-16.7314456257,14.8986746719
0.0,-16.7309425866,14.8973996381
0.0,-16.7288060369,14.8953370961
0.0,-16.730138094,14.8943419313
0.0,-16.7318876562,14.8934791705
0.0,-16.7318589498,14.8931279482
0.0,-16.7318103846,14.8925337644
0.0,-16.7330748545,14.8911377173
0.0,-16.7342607082,14.8898284449
0.0,-16.7367824877,14.8870441416
0.0,-16.7410715542,14.8853907398
0.0,-16.7422241627,14.8849464009
0.0,-16.7423490434,14.884843921
0.0,-16.7451064757,14.8825810869
0.0,-16.7454661443,14.8823801437
0.0,-16.7458146627,14.8821854305
0.0,-16.7473475608,14.8813290034
0.0,-16.7489249058,14.8804477272
0.0,-16.7511848817,14.8792971741
0.0,-16.7561728084,14.876757706
0.0,-16.7577000731,14.8774619504
0.0,-16.7580808685,14.8776362912
0.0,-16.75814202,14.8777202084
0.0,-16.7586971541,14.8787948011
0.0,-16.761162528,14.87899225
0.0,-16.7631544432,14.8791517599
0.0,-16.7655327887,14.8793421914
0.0,-16.768126363,14.879549827
0.0,-16.7702513356,14.8797199249
0.0,-16.772413625,14.8798929905
0.0,-16.7737543115,14.8800002851
0.0,-16.7766790537,14.8797743018
0.0,-16.7793880447,14.8787365796
0.0,-16.7811637141,14.8786211249
0.0,-16.78262941,14.8789147536
0.0,-16.7840984523,14.8796150336
0.0,-16.786407132,14.8807154511
0.0,-16.7882948766,14.8815129814
0.0,-16.7901812546,14.882108292
0.0,-16.7924841042,14.8824969881
0.0,-16.7944696972,14.882481458
0.0,-16.7966621218,14.8821592768
0.0,-16.7984344222,14.8816370284
0.0,-16.8006251504,14.8811126117
0.0,-16.8026073422,14.8806903556
0.0,-16.8043112679,14.8800511155
0.0,-16.8065688911,14.8794391338
0.0,-16.8082864821,14.8787003473
0.0,-16.8100382589,14.8781623612
0.0,-16.8120901494,14.8772604968
0.0,-16.8135490551,14.8767406148
0.0,-16.8158388077,14.8756041271
0.0,-16.8182330739,14.8744679203
0.0,-16.8197939155,14.8736421836
0.0,-16.8211607035,14.8726699916
0.0,-16.8226325447,14.8718991684
0.0,-16.8249533729,14.8705341603
0.0,-16.8280089091,14.868697859
0.0,-16.8300897264,14.8675629091
0.0,-16.8319628569,14.8666284207
0.0,-16.8338156253,14.8658635304
0.0,-16.8352322781,14.865273822
0.0,-16.8391060269,14.8641741615
0.0,-16.8391035329,14.8641632889
0.0,-16.8396952042,14.8638228959
0.0,-16.8409087278,14.8630993879
0.0,-16.8423522332,14.8622387502
0.0,-16.8456733706,14.8602585858
0.0,-16.8476326048,14.859090393
0.0,-16.847867683,14.8590100519
0.0,-16.8498681158,14.8583263704
0.0,-16.8529393394,14.8587033141
0.0,-16.8555682333,14.858878665
0.0,-16.8562159306,14.8609493978
0.0,-16.8566567841,14.8621145026
0.0,-16.8569566873,14.8629416103
0.0,-16.8576097266,14.8648524917
0.0,-16.8581435796,14.8664145832
0.0,-16.8581395925,14.8664840689
0.0,-16.8594349906,14.8672027767
0.0,-16.8613494372,14.8688365407
0.0,-16.8635158983,14.870531499
0.0,-16.8651078196,14.8719645082
0.0,-16.8666068489,14.8733982598
0.0,-16.8680848054,14.8742707393
0.0,-16.8697660076,14.8744660267
0.0,-16.8714657689,14.8743889071
0.0,-16.8738236473,14.8741256584
0.0,-16.8754802225,14.8733530058
0.0,-16.8776563871,14.872494757
0.0,-16.8791291559,14.8718591411
0.0,-16.8814495576,14.8704936022
0.0,-16.8826317516,14.8697699779
0.0,-16.8841310638,14.8686506328
0.0,-16.8857969668,14.8679252817
0.0,-16.887041232,14.8667967197
0.0,-16.8891195992,14.8654579554
0.0,-16.8907828023,14.8644275948
0.0,-16.8929656515,14.8630890695
0.0,-16.8946644441,14.8622154092
0.0,-16.8968000061,14.8609868162
0.0,-16.8988814581,14.8599484302
0.0,-16.9008687187,14.8587662153
0.0,-16.9033301624,14.8576252408
0.0,-16.905649845,14.8562143098
0.0,-16.9083924774,14.855360136
0.0,-16.9108074635,14.8542285125
0.0,-16.9137847607,14.8535530656
0.0,-16.9169021891,14.8530661881
0.0,-16.920434298,14.8522279268
0.0,-16.9216019723,14.8519507946
0.0,-16.9216019983,14.8519507881
0.0,-16.9278403902,14.8506269181
0.0,-16.9286001418,14.8505991584
0.0,-16.9346477416,14.8503781021
0.0,-16.9346557689,14.8503778085
0.0,-16.9347380403,14.8503748005
0.0,-16.9410871447,14.85014255
0.0,-16.9469777442,14.8498563269
0.0,-16.9504161707,14.8496891847
0.0,-16.9635951058,14.8459904773
0.0,-16.9727714247,14.8414288422
0.0,-16.9814529223,14.8349039932
0.0,-16.9816210544,14.8347776211
0.0,-16.9856645901,14.8299825125
0.0,-16.9904220123,14.8243404982
0.0,-16.9931535624,14.8286079731
0.0,-16.9989814508,14.8315734933
0.0,-17.0034575374,14.8283570781
0.0,-17.0089866182,14.8243824984
0.0,-17.0130580524,14.8244022637
0.0,-17.016286713,14.8254177069
0.0,-17.0184519808,14.8274872733
0.0,-17.0202532141,14.8288630757
0.0,-17.0220577002,14.8305867353
0.0,-17.0242295357,14.8333508514
0.0,-17.0267525765,14.8354171704
0.0,-17.0292756526,14.8374823258
0.0,-17.0321531486,14.839196414
0.0,-17.0339545611,14.8405720845
0.0,-17.0371835302,14.8415871902
0.0,-17.0396937184,14.8422607274
0.0,-17.0425680913,14.8436279259
0.0,-17.047552797,14.8411471572
0.0,-17.0528848674,14.8376206308
0.0,-17.0564319915,14.8344567358
0.0,-17.0592192744,14.8326674645
0.0,-17.0588986026,14.8430450814
0.0,-17.058093665,14.8492782666
0.0,-17.057163394,14.8569945188
0.0,-17.0559858486,14.8670533735
0.0,-17.0555059875,14.8732836453
0.0,-17.0607964708,14.8952032081
0.0,-17.0690275345,14.9037043359
0.0,-17.0775340201,14.9118784142
0.0,-17.0803900681,14.916081362
0.0,-17.0808172951,14.9222751028
0.0,-17.0809300296,14.9239107378
0.0,-17.0822669435,14.9305310474
0.0,-17.0890395358,14.937029421
0.0,-17.099918246,14.945307191
0.0,-17.1078093677,14.9516488853
0.0,-17.1063000421,14.953622483
0.0,-17.1056129593,14.9546453644
0.0,-17.1045083259,14.9557398641
0.0,-17.1037535096,14.9569666748
0.0,-17.1027192176,14.9581282894
0.0,-17.1017546168,14.9592892588
0.0,-17.1003757497,14.9608606568
0.0,-17.0987884124,14.9625017362
0.0,-17.0972036875,14.9644138624
0.0,-17.0952717286,14.9664647101
0.0,-17.0943774159,14.967692781
0.0,-17.0917582065,14.9707664649
0.0,-17.0904482457,14.9722694169
0.0,-17.0891369531,14.9736368355
0.0,-17.0873422841,14.9754830651
0.0,-17.0856876581,14.977395773
0.0,-17.0837535099,14.9792432573
0.0,-17.0825822082,14.9806771378
0.0,-17.0805112016,14.9827969328
0.0,-17.0784421169,14.985120007
0.0,-17.0767840719,14.9866938459
0.0,-17.0746451975,14.9890175304
0.0,-17.0734711731,14.990180319
0.0,-17.0721596656,14.9915476656
0.0,-17.0694010816,14.9946901978
0.0,-17.06808887,14.9959897624
0.0,-17.0667101817,14.9976287785
0.0,-17.0650519552,14.9992025534
0.0,-17.0629108829,15.0013228623
0.0,-17.0612558479,15.0032354415
0.0,-17.0603579516,15.004124594
0.0,-17.0579417992,15.0066539831
0.0,-17.0566339846,15.008427855
0.0,-17.0554623504,15.0098616358
0.0,-17.0543591268,15.0111592521
0.0,-17.0511804127,15.0141698702
0.0,-17.0502830765,15.0151267586
0.0,-17.0486969038,15.0169708777
0.0,-17.0458666464,15.0199782995
0.0,-17.0423467903,15.0238051493
0.0,-17.0410520675,15.0251767274
0.0,-17.0345246204,15.0209836927
0.0,-17.0271493018,15.015925997
0.0,-17.0139558306,15.0089214348
0.0,-17.0051137364,15.0038758893
0.0,-16.9993757507,15.0006822892
0.0,-16.9959587221,14.9981278508
0.0,-16.9943595714,14.9981147546
0.0,-16.9912416322,14.997825768
0.0,-16.9890699743,14.9982333185
0.0,-16.9873685613,14.9982210665
0.0,-16.9858552352,14.9984421102
0.0,-16.9842950079,14.9986183705
0.0,-16.9825480234,14.9987058815
0.0,-16.9802870918,14.9985086814
0.0,-16.9778808313,14.9986832187
0.0,-16.9762723651,14.9986700765
0.0,-16.9741458057,14.9989325123
0.0,-16.9725898369,14.9986568288
0.0,-16.9706500185,14.99900798
0.0,-16.9688586429,14.9992313196
0.0,-16.9667287553,14.999132253
0.0,-16.9653671441,14.9986650717
0.0,-16.9644759259,14.9977871766
0.0,-16.9638200961,14.9972336944
0.0,-16.962507179,14.9959877961
0.0,-16.9614743548,14.994966521
0.0,-16.960107394,14.9938125667
0.0,-16.9583280081,14.9923820134
0.0,-16.956298479,14.9910439583
0.0,-16.9550827144,14.9902501349
0.0,-16.9537635158,14.9894221742
0.0,-16.9514984845,14.9887627093
0.0,-16.9505317149,14.9885134436
0.0,-16.9493273324,14.9882029501
0.0,-16.9470222894,14.9872286256
0.0,-16.9439142502,14.9868936966
0.0,-16.9416038615,14.9853229353
0.0,-16.9403818119,14.9848543988
0.0,-16.9379803579,14.9845224027
0.0,-16.9364244878,14.9841470496
0.0,-16.9346289647,14.9839996386
0.0,-16.9324526446,14.9838915896
0.0,-16.9308513089,14.9837548493
0.0,-16.9302384123,14.9837025098
0.0,-16.9276914785,14.9837331052
0.0,-16.9247116809,14.9842191682
0.0,-16.9219275599,14.9847577641
0.0,-16.9191793153,14.9851514362
0.0,-16.9164431464,14.9849123965
0.0,-16.9162896372,14.9849082148
0.0,-16.9162701516,14.9849002564
0.0,-16.9147461012,14.9847686535
0.0,-16.9121554663,14.9845449264
0.0,-16.9111067241,14.9844543485
0.0,-16.9094991757,14.9843154974
0.0,-16.9088979909,14.9842708522
0.0,-16.9062091804,14.9840312902
0.0,-16.9022878596,14.9842357585
0.0,-16.8999664487,14.984544306
0.0,-16.8974190603,14.9845293832
0.0,-16.8947257969,14.9848409743
0.0,-16.8922268629,14.9850515144
0.0,-16.89034123,14.9841725067
0.0,-16.8886419025,14.9843944465
0.0,-16.8867036772,14.9838773209
0.0,-16.8841579397,14.9840520116
0.0,-16.8812864121,14.9831166844
0.0,-16.8785954745,14.9827322167
0.0,-16.8767571717,14.981943068
0.0,-16.8747756533,14.9817876726
0.0,-16.8715222778,14.9807661141
0.0,-16.8691661111,14.9802884104
0.0,-16.8673229465,14.9800052945
0.0,-16.867300194,14.9799962568
0.0,-16.8652053543,14.9791641107
0.0,-16.8624758164,14.9785086473
0.0,-16.8600206287,14.9784021737
0.0,-16.857709498,14.9777522734
0.0,-16.8549704245,14.9781450985
0.0,-16.8529419579,14.976851212
0.0,-16.8524132762,14.9819102571
0.0,-16.8518766863,14.9870448782
0.0,-16.8432045655,14.9864942559
0.0,-16.8368927716,14.9860932876
0.0,-16.8323414075,14.9860103774
0.0,-16.8301226414,14.9854304327
0.0,-16.8231721853,14.9853156587
0.0,-16.818531652,14.9852389103
0.0,-16.8186072816,14.9876345076
0.0,-16.8186995763,14.9905578008
0.0,-16.8141177147,14.9926109946
0.0,-16.8089979541,14.9949050785
0.0,-16.8079585077,14.9954123728
0.0,-16.8078034712,14.9975757984
0.0,-16.8072702882,14.9994055671
0.0,-16.8072757576,15.0070058974
0.0,-16.806938953,15.0080464076
0.0,-16.8061341382,15.0105327319
0.0,-16.8058920311,15.0112805965
0.0,-16.8076534782,15.0161908269
0.0,-16.806262022,15.0169852551
0.0,-16.7980188362,15.0208691034
0.0,-16.7950660783,15.0234251139
0.0,-16.7900916421,15.026817197
0.0,-16.7858320449,15.0300860842
0.0,-16.781566613,15.0326681075
0.0,-16.7763508622,15.0361702717
0.0,-16.7718621906,15.0399016346
0.0,-16.7705455137,15.0413223533
0.0,-16.7677438796,15.0408287311
0.0,-16.7657721717,15.040475875
0.0,-16.7634322573,15.0399773123
0.0,-16.7627897965,15.0408431202
0.0,-16.7626933925,15.0434837174
0.0,-16.7648388626,15.0450289755
0.0,-16.7659750429,15.0458472826
0.0,-16.7651282732,15.04665986
0.0,-16.7646238883,15.0473789744
0.0,-16.7646173355,15.0473775965
0.0,-16.7643058815,15.0478070614
0.0,-16.7639120512,15.0483501117
0.0,-16.7629267011,15.0497087931
0.0,-16.7617255062,15.0513650723
0.0,-16.759109205,15.0549915413
0.0,-16.7586453164,15.0556120865
0.0,-16.7551075144,15.0608371632
0.0,-16.7505122005,15.0664216982
0.0,-16.7464893822,15.0703840362
0.0,-16.7459868014,15.0707328196
0.0,-16.7436759651,15.069345389
0.0,-16.7418283027,15.069703922
0.0,-16.741310487,15.0720963282
0.0,-16.7410693425,15.073210449
0.0,-16.7416081042,15.0737098383
0.0,-16.7416673998,15.0737648
0.0,-16.7395590812,15.0751290775
0.0,-16.7378001921,15.0762672145
0.0,-16.7365492523,15.0770766544
0.0,-16.7353236367,15.0778696964
0.0,-16.7346607653,15.0782986059
0.0,-16.7340521128,15.0786924307
0.0,-16.7337508202,15.078887379
0.0,-16.7337417469,15.0788876346
0.0,-16.7332641619,15.0792022644
0.0,-16.7270570425,15.0824218521
0.0,-16.7217263757,15.0839039247
0.0,-16.7160916306,15.0845239592
0.0,-16.712231079,15.0842639679
0.0,-16.709578713,15.0829283514
0.0,-16.7078213721,15.081848048
0.0,-16.7065459712,15.0805471957
0.0,-16.705743206,15.0790258729
0.0,-16.7046102418,15.0769195804
0.0,-16.7043043515,15.0747166854
0.0,-16.7043519679,15.0725201692
0.0,-16.7045447252,15.0698616393
