0,1.05778134923e-001
1,6.06180198196e-001
2,1.13496157248e-001
3,3.28947162175e-001
4,9.35293799197e-001
5,4.24437993524e-001
6,2.46302844066e-001
7,6.94544141980e-002
8,1.08905013570e+000
9,2.11050186851e+000
10,1.67699480047e+000
11,6.93893878297e-001
12,9.72829717825e-002
13,1.67660958307e+000
14,2.19924540875e-001
15,6.81208283300e-003
16,4.81222883281e-001
17,5.30422082062e-001
18,1.40145445858e+000
19,1.88611657611e-001
20,4.44738799672e-001
21,3.28520871320e-002
22,1.86673967218e+000
23,1.40582513225e-001
24,2.39855776258e-001
25,2.67029534084e-001
26,1.27224815585e-001
27,6.59338597600e-003
28,1.62802615952e-001
29,1.56667337749e-001
