  -16.1395   16.5529
  -16.1540   16.5480
  -16.1600   16.5444
  -16.1687   16.5321
  -16.1721   16.5292
  -16.1786   16.5237
  -16.1894   16.5169
  -16.2113   16.5148
  -16.2186   16.5163
  -16.2328   16.5240
  -16.2411   16.5271
  -16.2511   16.5272
  -16.2628   16.5247
  -16.2707   16.5186
  -16.2745   16.5177
  -16.2765   16.5136
  -16.2784   16.5137
  -16.2829   16.5082
  -16.1461   16.4169
  -16.0998   16.4657
  -16.0760   16.5080
  -16.0798   16.5114
  -16.0966   16.5212
  -16.0985   16.5250
  -16.0986   16.5290
  -16.0973   16.5405
  -16.0986   16.5460
  -16.1031   16.5511
  -16.1123   16.5560
  -16.1164   16.5565