1,2613700
2,307400
3,275500
4,244000
5,174900
6,171300
7,123600
8,102800
9,82200
10,79200
11,74100
12,72400
13,51200
14,46600
15,41900
16,37000
17,31300
18,30900
19,29400
20,29000
21,28500
22,25800
23,20800
24,20600
25,19500
26,18100
27,16900
28,16800
29,16400
30,15500
31,14700
32,14700
33,14600
34,14100
35,14000
36,13400
37,12400
38,11300
39,11300
40,10700
41,10400
42,10000
43,9800
44,9800
45,9600
46,9000
47,8800
48,8000
49,7800
50,7600
51,6900
52,6700
53,6500
54,6200
55,5600
56,5400
57,5200
58,4700
59,4700
60,3800
61,2900
62,2800
