33,8,14,79,117,
0.0,-16.1309367032,14.5464419579
0.0,-16.1306888778,14.546229517
0.0,-16.1291670288,14.546619941
0.0,-16.1253424127,14.5464394716
0.0,-16.1248358763,14.5465027168
0.0,-16.1247707335,14.5465108503
0.0,-16.1223937485,14.5461264196
0.0,-16.122028649,14.5460673694
0.0,-16.1197922762,14.5457056526
0.0,-16.1177539435,14.5453759478
0.0,-16.1105251042,14.5434729315
0.0,-16.1102956254,14.5434381222
0.0,-16.1063966842,14.5428466671
0.0,-16.1004163391,14.543391957
0.0,-16.1000527916,14.5448588782
0.0,-16.0989576495,14.5447115591
0.0,-16.0953263294,14.5445545486
0.0,-16.0919665352,14.5444097757
0.0,-16.0893138713,14.5447475742
0.0,-16.0805858755,14.5439291925
0.0,-16.0775751775,14.5431656087
0.0,-16.0751629164,14.5433213375
0.0,-16.0744399185,14.5432611923
0.0,-16.0744218146,14.5432596861
0.0,-16.074220884,14.5436495265
0.0,-16.0723854122,14.5458557964
0.0,-16.0711996404,14.5483614669
0.0,-16.0698046042,14.5508312872
0.0,-16.0687258982,14.5526659117
0.0,-16.0666774906,14.553274672
0.0,-16.0639777967,14.5534184716
0.0,-16.0625758598,14.5534931335
0.0,-16.0625147068,14.553500033
0.0,-16.0618052443,14.5535550945
0.0,-16.0605385032,14.5537094667
0.0,-16.059263124,14.5538668628
0.0,-16.058885429,14.5539094697
0.0,-16.0575253466,14.5540813125
0.0,-16.0556052414,14.5543238987
0.0,-16.0496564392,14.5543506528
0.0,-16.0473108672,14.5546017691
0.0,-16.0451293817,14.5548264607
0.0,-16.0451292926,14.5548264692
0.0,-16.0432565091,14.5550007269
0.0,-16.0412497897,14.5551874301
0.0,-16.0397120387,14.5553816016
0.0,-16.0394156373,14.5549528012
0.0,-16.0385697758,14.5537290918
0.0,-16.0381626979,14.5520222861
0.0,-16.0381823857,14.550277426
0.0,-16.0381608324,14.5500430032
0.0,-16.0381587077,14.5477863601
0.0,-16.0384674034,14.5457289033
0.0,-16.0384873029,14.5440292428
0.0,-16.038692817,14.542328759
0.0,-16.0390064848,14.5399407341
0.0,-16.0343225237,14.5329077544
0.0,-16.0323124618,14.5298894638
0.0,-16.025853614,14.5274659249
0.0,-16.0215377463,14.5258463601
0.0,-16.012973469,14.5227386543
0.0,-16.0080498437,14.521447629
0.0,-16.0055448586,14.5207907502
0.0,-16.0027944054,14.5200694671
0.0,-15.9957246109,14.5182152998
0.0,-15.9912983118,14.5170543052
0.0,-15.9890968209,14.517637661
0.0,-15.9863529041,14.5183647165
0.0,-15.9832731087,14.5191807273
0.0,-15.980086315,14.5200250394
0.0,-15.9785891609,14.5204216801
0.0,-15.9756609811,14.5204282101
0.0,-15.9713671528,14.5204377187
0.0,-15.9632646328,14.5204554477
0.0,-15.9549781869,14.5204732894
0.0,-15.9482258322,14.5204876122
0.0,-15.9419636828,14.5205007209
0.0,-15.9337384474,14.5205176847
0.0,-15.9318036474,14.5205216334
0.0,-15.9306949156,14.5206162058
0.0,-15.9276208291,14.5208783911
0.0,-15.9249527192,14.5224004878
0.0,-15.9171207456,14.5268681634
0.0,-15.9120214591,14.5297767719
0.0,-15.9095145321,14.5312066434
0.0,-15.9061975139,14.5330984986
0.0,-15.9022741757,14.5360641229
0.0,-15.9010580674,14.5369833429
0.0,-15.8964834597,14.5404410284
0.0,-15.8928485821,14.5411321612
0.0,-15.8908043897,14.5415335779
0.0,-15.8848984732,14.5426932114
0.0,-15.8833703554,14.5429632537
0.0,-15.880997998,14.543382465
0.0,-15.8790339025,14.5437295143
0.0,-15.8797004103,14.5420881295
0.0,-15.8796975766,14.5413721913
0.0,-15.8790441769,14.5415488565
0.0,-15.8784712862,14.5393526616
0.0,-15.8743477729,14.5340396658
0.0,-15.8732433214,14.5313795716
0.0,-15.8750267921,14.5280183698
0.0,-15.8780357273,14.5233067846
0.0,-15.8801086359,14.5209124665
0.0,-15.8823020964,14.5180403688
0.0,-15.8842514758,14.5154078272
0.0,-15.8860802247,14.5132530365
0.0,-15.8876639711,14.5110991597
0.0,-15.8888826201,14.5095432934
0.0,-15.8894916997,14.5087056948
0.0,-15.8897338052,14.5079888136
0.0,-15.8892400675,14.5070360664
0.0,-15.8885032746,14.5065615465
0.0,-15.8875215218,14.5060879503
0.0,-15.8869062669,14.5053743111
0.0,-15.8862914905,14.504779996
0.0,-15.8860711678,14.5043125863
0.0,-15.8928024074,14.4982697647
0.0,-15.8987925818,14.49185283
0.0,-15.900420341,14.4886495529
0.0,-15.9009891766,14.4879977864
0.0,-15.9001383027,14.4865192694
0.0,-15.895474899,14.4828071895
0.0,-15.8919064288,14.4793572779
0.0,-15.8886093731,14.4753734378
0.0,-15.8872306089,14.4724480043
0.0,-15.8861284694,14.4703207841
0.0,-15.8860925529,14.4612625758
0.0,-15.8860693261,14.4554013788
0.0,-15.8857758816,14.4503404611
0.0,-15.8835739993,14.4466188158
0.0,-15.8810998559,14.4431645846
0.0,-15.8794532606,14.4415721975
0.0,-15.8794323328,14.4362438177
0.0,-15.8794271022,14.4349117228
0.0,-15.8855864788,14.434195744
0.0,-15.887522365,14.432927449
0.0,-15.8909488575,14.4310553179
0.0,-15.8937355072,14.4297890687
0.0,-15.8937566167,14.4350801692
0.0,-15.8937641341,14.4369638931
0.0,-15.8937865542,14.4425803229
0.0,-15.8937889256,14.4431742323
0.0,-15.8952436258,14.4457027036
0.0,-15.8973586866,14.4481223955
0.0,-15.8978088842,14.4497879058
0.0,-15.900155934,14.4502212996
0.0,-15.9051499904,14.4504233402
0.0,-15.9110530173,14.4513790728
0.0,-15.9130864147,14.4481389137
0.0,-15.914675356,14.4449323213
0.0,-15.9178521487,14.4382849348
0.0,-15.9209653555,14.4356968405
0.0,-15.9237635805,14.4344369484
0.0,-15.9271298716,14.434970153
0.0,-15.9296209501,14.4369118227
0.0,-15.9323643899,14.4417406473
0.0,-15.9356663692,14.4460208024
0.0,-15.940248713,14.4493964218
0.0,-15.9437817968,14.4519989602
0.0,-15.9452470997,14.4530921672
0.0,-15.9463121454,14.4535866184
0.0,-15.9489727476,14.4548217814
0.0,-15.9541222838,14.455980557
0.0,-15.9585738851,14.4563324461
0.0,-15.9587067664,14.4558586258
0.0,-15.9613038495,14.4518606547
0.0,-15.9667926786,14.4480401204
0.0,-15.9673501187,14.4476520969
0.0,-15.9691056617,14.4470300918
0.0,-15.9707145217,14.4465055621
0.0,-15.9728672563,14.4449460379
0.0,-15.975038867,14.4419749273
0.0,-15.9758558408,14.4415886024
0.0,-15.976175035,14.4409022363
0.0,-15.9769722238,14.4377375816
0.0,-15.9771359649,14.4339608416
0.0,-15.977977407,14.4306203697
0.0,-15.9782406552,14.4303160938
0.0,-15.9820565932,14.4259053035
0.0,-15.9861396654,14.4221122191
0.0,-15.9892602633,14.4207882162
0.0,-15.9900068482,14.4204714479
0.0,-15.9956788924,14.4194816248
0.0,-15.9982501391,14.4193388385
0.0,-16.0020495978,14.4193911677
0.0,-16.0021490107,14.4193925365
0.0,-16.0021660182,14.4192543803
0.0,-16.0023232722,14.4179769645
0.0,-16.002490022,14.4165670745
0.0,-16.0026472347,14.4151640051
0.0,-16.0027923023,14.4137677676
0.0,-16.0028451462,14.413209789
0.0,-16.0029237803,14.412379498
0.0,-16.0030037796,14.4114280851
0.0,-16.0030396516,14.4110014651
0.0,-16.0031372962,14.4096314199
0.0,-16.0032152858,14.4082738887
0.0,-16.003271292,14.4069266212
0.0,-16.0033032959,14.4055918862
0.0,-16.0033095596,14.404269691
0.0,-16.0032874847,14.4029623068
0.0,-16.0032596639,14.4022689096
0.0,-16.0094837826,14.396828655
0.0,-16.0115115395,14.3950561851
0.0,-16.0136354781,14.3923622585
0.0,-16.0161883348,14.3891242032
0.0,-16.0172387426,14.3877918268
0.0,-16.0164916606,14.3838689905
0.0,-16.0164432108,14.3836557663
0.0,-16.01560728,14.3793094702
0.0,-16.0156210084,14.3792970936
0.0,-16.0170097424,14.3780451462
0.0,-16.0206523898,14.3747611881
0.0,-16.0253341574,14.3725071975
0.0,-16.0296718623,14.3704187325
0.0,-16.0383582689,14.3675140885
0.0,-16.044884664,14.3671794755
0.0,-16.0495945455,14.3669378851
0.0,-16.0532744837,14.3676312978
0.0,-16.0558143966,14.3693430744
0.0,-16.0600331355,14.3724909773
0.0,-16.0662482029,14.3732307142
0.0,-16.0727317986,14.3745815165
0.0,-16.0756272903,14.3751847043
0.0,-16.0773251992,14.3751483848
0.0,-16.0806813652,14.3751048654
0.0,-16.0830901986,14.3774944638
0.0,-16.0885362043,14.377469479
0.0,-16.0969256575,14.3736586289
0.0,-16.1005389396,14.3701025924
0.0,-16.1033377972,14.3672424533
0.0,-16.1033499482,14.3672456647
0.0,-16.1054638332,14.367804305
0.0,-16.107210556,14.3682658971
0.0,-16.1075397027,14.3688580081
0.0,-16.1082797747,14.3701066015
0.0,-16.1086520166,14.3711780501
0.0,-16.1093008048,14.3725164997
0.0,-16.1097643559,14.3734980849
0.0,-16.1106897045,14.3751035301
0.0,-16.1118920593,14.3770653988
0.0,-16.112910066,14.3788492626
0.0,-16.1144776599,14.3804516679
0.0,-16.1154021858,14.3818782287
0.0,-16.1158671167,14.3831280882
0.0,-16.1165199841,14.3852713831
0.0,-16.1168045496,14.3871481168
0.0,-16.1175482968,14.3891121121
0.0,-16.1182925031,14.3911655343
0.0,-16.119492344,14.392590771
0.0,-16.1208774817,14.3943728507
0.0,-16.1221708923,14.3961553551
0.0,-16.1235556267,14.3978479859
0.0,-16.1257542213,14.4003235852
0.0,-16.1262822451,14.400607965
0.0,-16.1284162212,14.4015707313
0.0,-16.1297750457,14.4025055438
0.0,-16.131140869,14.4031589399
0.0,-16.1318775442,14.4032548537
0.0,-16.1341107603,14.4033707074
0.0,-16.1354285806,14.4035271008
0.0,-16.1369889164,14.4039535236
0.0,-16.1383982954,14.4038744164
0.0,-16.1396381593,14.4032898721
0.0,-16.1427066269,14.4029948094
0.0,-16.1460621794,14.4026169542
0.0,-16.1491315946,14.4025116465
0.0,-16.1518207602,14.4025799144
0.0,-16.1550698561,14.4029798978
0.0,-16.1578074778,14.4032829019
0.0,-16.1602564251,14.4033612899
0.0,-16.1627619091,14.4036111352
0.0,-16.1640278882,14.4044998664
0.0,-16.1664805347,14.4051205729
0.0,-16.1678927661,14.4055927179
0.0,-16.1702967338,14.4059345129
0.0,-16.172787568,14.4069244731
0.0,-16.1747194865,14.4074482349
0.0,-16.1760837924,14.4077849667
0.0,-16.1778693852,14.4085354302
0.0,-16.1795601838,14.4090603527
0.0,-16.1824395717,14.4100132347
0.0,-16.1826691894,14.4100553721
0.0,-16.1826395199,14.4092607573
0.0,-16.1825775042,14.4081647738
0.0,-16.1826833348,14.4069035069
0.0,-16.1829010615,14.4055320491
0.0,-16.1832280817,14.4035570835
0.0,-16.183560877,14.4026783812
0.0,-16.1840664253,14.4025662196
0.0,-16.1850230198,14.402671053
0.0,-16.1865985029,14.4028275912
0.0,-16.1889624563,14.40319941
0.0,-16.1894883997,14.4033064946
0.0,-16.1907843357,14.4029106789
0.0,-16.1942522264,14.4005803029
0.0,-16.1977249775,14.3991750059
0.0,-16.1994633944,14.3988578064
0.0,-16.2027820244,14.398224177
0.0,-16.2059441015,14.397899682
0.0,-16.2088014137,14.3997353777
0.0,-16.2110243537,14.4012659048
0.0,-16.2108803034,14.4038878857
0.0,-16.2101084727,14.4074382275
0.0,-16.2085647513,14.4145389051
0.0,-16.2076857389,14.4165254568
0.0,-16.2086236558,14.4167419875
0.0,-16.2106936249,14.4170387379
0.0,-16.2118262421,14.4172318045
0.0,-16.2141363875,14.4173464932
0.0,-16.2167343507,14.4175139151
0.0,-16.2180983557,14.4176153595
0.0,-16.2197055747,14.4180952141
0.0,-16.221296958,14.4190723321
0.0,-16.2221385558,14.4203245177
0.0,-16.2222778257,14.4207439468
0.0,-16.2227798096,14.4222557272
0.0,-16.2228827532,14.4222587664
0.0,-16.2229125524,14.4222596461
0.0,-16.2229901061,14.4226560191
0.0,-16.2233612565,14.4232085833
0.0,-16.2240304832,14.4244958728
0.0,-16.2249850238,14.42605827
0.0,-16.2257503812,14.4276216461
0.0,-16.225752323,14.4279766183
0.0,-16.2258360889,14.428069496
0.0,-16.2258440618,14.429526793
0.0,-16.2259506603,14.4307892649
0.0,-16.2261542903,14.4315654533
0.0,-16.2273713129,14.4353481988
0.0,-16.2283842011,14.4382575962
0.0,-16.2294040549,14.4424299744
0.0,-16.2289066565,14.4426268794
0.0,-16.2273131622,14.4429266502
0.0,-16.2254205822,14.4432279649
0.0,-16.2233291394,14.4436274528
0.0,-16.2214238219,14.4415970611
0.0,-16.2180109996,14.4373398552
0.0,-16.2153748735,14.4345438069
0.0,-16.2148159054,14.4348695996
0.0,-16.2135910732,14.4357978802
0.0,-16.2118001098,14.4370056577
0.0,-16.2102954287,14.4386729407
0.0,-16.2080358778,14.4407128749
0.0,-16.2055855854,14.4424771728
0.0,-16.2040803253,14.4440522274
0.0,-16.2024971431,14.4468639054
0.0,-16.201335931,14.447919482
0.0,-16.2002537301,14.4501762801
0.0,-16.1987467324,14.451480479
0.0,-16.197406164,14.4532413526
0.0,-16.1962147914,14.4548552902
0.0,-16.1957769134,14.4571231685
0.0,-16.1957956759,14.4606311841
0.0,-16.1956531021,14.4620205348
0.0,-16.195364432,14.4641414835
0.0,-16.1950726312,14.4656777626
0.0,-16.1943339345,14.4678009951
0.0,-16.1930022196,14.4712427753
0.0,-16.1923952597,14.4733980943
0.0,-16.1916066972,14.4735174367
0.0,-16.1873684861,14.4738270937
0.0,-16.184312938,14.4740346482
0.0,-16.1838209605,14.4742292758
0.0,-16.1836349647,14.4763438714
0.0,-16.1836507536,14.479322131
0.0,-16.1837554685,14.4804745083
0.0,-16.1825752991,14.4810569
0.0,-16.1815023706,14.4832720294
0.0,-16.1807010636,14.4850587892
0.0,-16.180362217,14.4872809017
0.0,-16.180366735,14.4881348829
0.0,-16.1835293563,14.4894853829
0.0,-16.1859880883,14.4903269903
0.0,-16.1886221365,14.491167683
0.0,-16.1881044238,14.4927075042
0.0,-16.1868900372,14.4951048477
0.0,-16.1853213831,14.4968207718
0.0,-16.1841343881,14.4961328814
0.0,-16.1824544706,14.4954688166
0.0,-16.1815644475,14.4949929185
0.0,-16.1799862035,14.4949047757
0.0,-16.1790001185,14.4949097266
0.0,-16.1776287315,14.4966459639
0.0,-16.1764520101,14.4979008414
0.0,-16.1752757811,14.4992517879
0.0,-16.1750841305,14.500309577
0.0,-16.1750947669,14.5023271099
0.0,-16.1752045246,14.5044402219
0.0,-16.1755135412,14.5069366371
0.0,-16.1755307774,14.5102031157
0.0,-16.1761387038,14.5132744825
0.0,-16.1763450725,14.5150028057
0.0,-16.1768498387,14.517210007
0.0,-16.1767583296,14.5185555204
0.0,-16.176581649,14.5194397684
0.0,-16.1764313425,14.5196618757
0.0,-16.1758718303,14.5200625909
0.0,-16.1754162666,14.5208109541
0.0,-16.174299855,14.522109752
0.0,-16.1730805308,14.5232598452
0.0,-16.1723193979,14.5240464276
0.0,-16.1709411133,14.5250710367
0.0,-16.169334703,14.5267085128
0.0,-16.1674563174,14.5282213252
0.0,-16.1648954777,14.5304057182
0.0,-16.1631036458,14.5320851196
0.0,-16.164328524,14.5367564461
0.0,-16.1650262924,14.5390081547
0.0,-16.1650343391,14.5390197835
0.0,-16.1650269357,14.5391627644
0.0,-16.1650288908,14.5395357961
0.0,-16.1679679648,14.5449675487
0.0,-16.1676307475,14.5463867829
0.0,-16.1674058683,14.5473205042
0.0,-16.1672177165,14.5479556106
0.0,-16.1669826608,14.5486543748
0.0,-16.1667381034,14.54869767
0.0,-16.1653029932,14.5489006638
0.0,-16.1648553326,14.5490276598
0.0,-16.1647144875,14.5490676155
0.0,-16.1646924231,14.5491059986
0.0,-16.1644619722,14.5495068792
0.0,-16.1639884081,14.5516338159
0.0,-16.1639868192,14.5516410766
0.0,-16.1639801385,14.5516544762
0.0,-16.163969177,14.5516616027
0.0,-16.1639397352,14.5516763197
0.0,-16.1638865823,14.5517028884
0.0,-16.1638493241,14.5517215124
0.0,-16.1636907171,14.5517999042
0.0,-16.1614268867,14.5530629274
0.0,-16.1610814438,14.5533191971
0.0,-16.1606717147,14.5536231571
0.0,-16.1603619485,14.5537867747
0.0,-16.1601589219,14.5538940123
0.0,-16.1591900919,14.5544057404
0.0,-16.1564525924,14.5556721601
0.0,-16.1555093284,14.5556768193
0.0,-16.1538774484,14.5551837198
0.0,-16.1524170767,14.5546897631
0.0,-16.1512458496,14.5542401161
0.0,-16.1508015958,14.5540554808
0.0,-16.1498220866,14.5536483856
0.0,-16.1494600227,14.5534928575
0.0,-16.1488992501,14.5533017954
0.0,-16.1486125433,14.5532041099
0.0,-16.1485839073,14.5531929269
0.0,-16.1484501767,14.5531407047
0.0,-16.1476329557,14.5528215724
0.0,-16.1474277141,14.5527421933
0.0,-16.1470514715,14.5525677459
0.0,-16.1463794219,14.5522445528
0.0,-16.1459719488,14.5520485948
0.0,-16.1451031344,14.5518649947
0.0,-16.1444267233,14.5517220518
0.0,-16.1439447895,14.5514779889
0.0,-16.1431604153,14.5510807603
0.0,-16.1427931727,14.5508947772
0.0,-16.1422343976,14.5506647406
0.0,-16.141519838,14.5503705686
0.0,-16.141080289,14.5501896116
0.0,-16.1409885626,14.5501518493
0.0,-16.1407651498,14.550076267
0.0,-16.1404775732,14.5499789766
0.0,-16.140098959,14.5498508869
0.0,-16.139356438,14.5495930258
0.0,-16.139021789,14.5494735026
0.0,-16.1347168862,14.5478436085
0.0,-16.1337723694,14.5475976071
0.0,-16.133054318,14.5473155311
0.0,-16.1309367032,14.5464419579
