19,5,18,85,72,
0.0,-16.8979712123,14.8122205513
0.0,-16.8981365218,14.8114206239
0.0,-16.8982596423,14.8114234724
0.0,-16.8984487307,14.8114278466
0.0,-16.8986307682,14.8114320572
0.0,-16.8987649459,14.8114351614
0.0,-16.8988259162,14.8114543756
0.0,-16.8988966424,14.8115111858
0.0,-16.8990810476,14.8116593076
0.0,-16.899156532,14.8116779683
0.0,-16.8993174766,14.8117177567
0.0,-16.8994669653,14.8117547125
0.0,-16.8996692673,14.8117333448
0.0,-16.8997707003,14.8117226306
0.0,-16.8998601947,14.8117270118
0.0,-16.8999430491,14.8117310682
0.0,-16.899980589,14.8117141999
0.0,-16.9002559722,14.8115904629
0.0,-16.9004580333,14.8115197833
0.0,-16.9007539809,14.8115596323
0.0,-16.9008029884,14.8115662306
0.0,-16.9009292537,14.811590436
0.0,-16.9011305374,14.8115976497
0.0,-16.9012295699,14.8116011979
0.0,-16.9013628918,14.8116059758
0.0,-16.9014224425,14.8116081103
0.0,-16.901510935,14.8116112809
0.0,-16.9016344733,14.8116157074
0.0,-16.9017841155,14.8116641636
0.0,-16.9019076783,14.8117041748
0.0,-16.9019070365,14.8116656472
0.0,-16.9018846633,14.8103236828
0.0,-16.9015755683,14.8102051933
0.0,-16.9013499369,14.8088513302
0.0,-16.9016767311,14.8087580343
0.0,-16.9016757546,14.8087507586
0.0,-16.9016083979,14.8082486023
0.0,-16.9014564518,14.8071157971
0.0,-16.9013694118,14.8063780551
0.0,-16.901162205,14.8062803137
0.0,-16.9008184412,14.8048112256
0.0,-16.9007669711,14.8045188324
0.0,-16.9005324259,14.8031864174
0.0,-16.900440703,14.8028335676
0.0,-16.9003443969,14.8019546556
0.0,-16.9005897349,14.8009464337
0.0,-16.9001214177,14.799212371
0.0,-16.9000954048,14.7991160519
0.0,-16.899823589,14.7981095678
0.0,-16.8997517057,14.7978433969
0.0,-16.8997500596,14.7978373005
0.0,-16.8989473523,14.7964976735
0.0,-16.8990715553,14.7949251014
0.0,-16.898777888,14.7941740894
0.0,-16.8987391357,14.7940749866
0.0,-16.8985987568,14.7937886635
0.0,-16.8986325029,14.7936600686
0.0,-16.900097207,14.7880784289
0.0,-16.900989075,14.7800908491
0.0,-16.9009892809,14.7800890029
0.0,-16.9009894481,14.7800875114
0.0,-16.9010397554,14.780129993
0.0,-16.9010898653,14.7801723073
0.0,-16.9012958159,14.78034622
0.0,-16.9015349564,14.7805481584
0.0,-16.9015743467,14.7805814208
0.0,-16.9016093739,14.7806109986
0.0,-16.9025392896,14.7813962441
0.0,-16.9031488152,14.7819109377
0.0,-16.9031513429,14.7819068394
0.0,-16.905216817,14.7836572222
0.0,-16.9062605038,14.7845531134
0.0,-16.9069371436,14.785133928
0.0,-16.9080740514,14.7860823371
0.0,-16.9088624077,14.7867700312
0.0,-16.9088638415,14.7867712818
0.0,-16.9097234041,14.787551156
0.0,-16.9115806953,14.7891341508
0.0,-16.9125915529,14.7900042681
0.0,-16.9126539018,14.7900612452
0.0,-16.9128791795,14.7902671124
0.0,-16.9134819399,14.7908179362
0.0,-16.9134269168,14.7908819373
0.0,-16.9143495309,14.7916978713
0.0,-16.9156064341,14.7927367482
0.0,-16.9163033233,14.793351453
0.0,-16.916826052,14.793812531
0.0,-16.9179625106,14.7947732398
0.0,-16.9179694766,14.7947791282
0.0,-16.918204144,14.7949929872
0.0,-16.9189300779,14.7955436307
0.0,-16.9198204664,14.7960776512
0.0,-16.9211505615,14.7966995123
0.0,-16.9218412112,14.7971456704
0.0,-16.9226396288,14.7975716912
0.0,-16.9239979933,14.7980210389
0.0,-16.9240040233,14.7980218787
0.0,-16.9259262938,14.7977079771
0.0,-16.9274201212,14.7975191265
0.0,-16.9278995686,14.7974585123
0.0,-16.9280928576,14.7974340754
0.0,-16.9319932367,14.7970069104
0.0,-16.9330078581,14.7969393757
0.0,-16.9329521756,14.7968929494
0.0,-16.9329547508,14.7968882864
0.0,-16.9338453406,14.7968680715
0.0,-16.9347975312,14.7967586508
0.0,-16.9350245206,14.7967273981
0.0,-16.9352506079,14.7966904686
0.0,-16.9354756428,14.7966478878
0.0,-16.9356994759,14.7965996834
0.0,-16.9359219589,14.7965458873
0.0,-16.9361429444,14.796486535
0.0,-16.9370633529,14.7961527781
0.0,-16.9383171536,14.7956278458
0.0,-16.9396023056,14.795108025
0.0,-16.9404495258,14.794769097
0.0,-16.94147418,14.7943591813
0.0,-16.9422368444,14.7940490631
0.0,-16.942853994,14.7937725824
0.0,-16.9432819967,14.793551649
0.0,-16.9433031009,14.7935407543
0.0,-16.9433771216,14.7935127758
0.0,-16.9438400268,14.793337806
0.0,-16.9444800694,14.7930958785
0.0,-16.9480589561,14.7915994993
0.0,-16.9481326251,14.7915686966
0.0,-16.9515167423,14.790182114
0.0,-16.9530113344,14.7895755285
0.0,-16.9533110294,14.7933644111
0.0,-16.9538050217,14.7932715444
0.0,-16.9550204099,14.7930430562
0.0,-16.9556945425,14.792916319
0.0,-16.9568280008,14.792703223
0.0,-16.9575341001,14.7925704701
0.0,-16.9576419705,14.7925501893
0.0,-16.95833436,14.7924009544
0.0,-16.9585518633,14.7923540739
0.0,-16.9584893556,14.7919072045
0.0,-16.9582537725,14.7902229947
0.0,-16.9580101154,14.7884810182
0.0,-16.9578831706,14.7875734402
0.0,-16.958272778,14.787423714
0.0,-16.9586648907,14.7872803161
0.0,-16.9588029546,14.7872323602
0.0,-16.9590594004,14.7871432844
0.0,-16.9592754122,14.7870721727
0.0,-16.9594561989,14.7870126578
0.0,-16.9598551751,14.7868884724
0.0,-16.9602562188,14.7867707618
0.0,-16.9606592207,14.7866595601
0.0,-16.9609596094,14.7865819018
0.0,-16.9610640668,14.7865548965
0.0,-16.9612323976,14.786521326
0.0,-16.9614791844,14.7864721069
0.0,-16.9618957023,14.7863962675
0.0,-16.9623134974,14.7863274002
0.0,-16.9627324463,14.7862655257
0.0,-16.9628782839,14.786246475
0.0,-16.9631524257,14.7862106624
0.0,-16.9632491626,14.7861996673
0.0,-16.9635733113,14.7861628258
0.0,-16.9638389563,14.7861371255
0.0,-16.9639949788,14.7861220304
0.0,-16.9646342226,14.7860883012
0.0,-16.9647632514,14.7860814927
0.0,-16.9656062599,14.7860522206
0.0,-16.9672078679,14.7859965976
0.0,-16.9677902653,14.7859763683
0.0,-16.9680622411,14.7859714533
0.0,-16.9683861451,14.7859655987
0.0,-16.968977963,14.7859549012
0.0,-16.9712856311,14.7852821047
0.0,-16.9712311825,14.785359092
0.0,-16.9707667268,14.786015809
0.0,-16.9703352766,14.7866258534
0.0,-16.9700839222,14.789407502
0.0,-16.9701529049,14.7902437522
0.0,-16.9712309427,14.7908596261
0.0,-16.9713188586,14.7909098515
0.0,-16.971858102,14.7912179133
0.0,-16.9730237512,14.7918032199
0.0,-16.9740508385,14.7927753735
0.0,-16.9741431506,14.7928627468
0.0,-16.9745787227,14.7932750172
0.0,-16.975965809,14.7944379687
0.0,-16.9774183244,14.7951486793
0.0,-16.9797891936,14.7963087058
0.0,-16.9807711918,14.7984126064
0.0,-16.9815083874,14.8002803919
0.0,-16.9819691535,14.8014477828
0.0,-16.9835109727,14.8088464591
0.0,-16.9835548923,14.808969608
0.0,-16.9849686474,14.8129336032
0.0,-16.9872941202,14.8194535438
0.0,-16.9904220123,14.8243404982
0.0,-16.9856645901,14.8299825125
0.0,-16.9816210544,14.8347776211
0.0,-16.9814529223,14.8349039932
0.0,-16.9727714247,14.8414288422
0.0,-16.9635951058,14.8459904773
0.0,-16.9504161707,14.8496891847
0.0,-16.9469777442,14.8498563269
0.0,-16.9410871447,14.85014255
0.0,-16.9347380403,14.8503748005
0.0,-16.9346557689,14.8503778085
0.0,-16.9346477416,14.8503781021
0.0,-16.9286001418,14.8505991584
0.0,-16.9278403902,14.8506269181
0.0,-16.9216019983,14.8519507881
0.0,-16.9216019723,14.8519507946
0.0,-16.920434298,14.8522279268
0.0,-16.9169021891,14.8530661881
0.0,-16.916055207,14.8519137512
0.0,-16.9155535339,14.8512311466
0.0,-16.9149341745,14.8503884047
0.0,-16.9140751939,14.8492196008
0.0,-16.9131406549,14.8479479667
0.0,-16.9121977604,14.8466649409
0.0,-16.9113349279,14.8454908415
0.0,-16.9104556022,14.8442942797
0.0,-16.9095052796,14.8430010862
0.0,-16.9092815647,14.842696654
0.0,-16.9090448343,14.8423745077
0.0,-16.9074151499,14.8401567752
0.0,-16.9065727548,14.83901039
0.0,-16.9055199598,14.8375776544
0.0,-16.9047580013,14.8365406992
0.0,-16.9041513505,14.8357150924
0.0,-16.902884003,14.8339903
0.0,-16.9022576588,14.833137864
0.0,-16.9013577533,14.8319131042
0.0,-16.9008304948,14.8311955028
0.0,-16.9001824374,14.8303134851
0.0,-16.8995424492,14.8294424397
0.0,-16.8989583129,14.8286474013
0.0,-16.8984642277,14.8279749216
0.0,-16.8978331907,14.827116033
0.0,-16.8970661916,14.8245384257
0.0,-16.8966910532,14.8210224581
0.0,-16.8964965135,14.819199075
0.0,-16.8964996937,14.8191837572
0.0,-16.8968594508,14.8174508266
0.0,-16.896902669,14.8174476609
0.0,-16.8969019612,14.8174446809
0.0,-16.897115969,14.8164175996
0.0,-16.89742693,14.8148869194
0.0,-16.8979712123,14.8122205513
