11,5,3,50,38,
0.0,-17.1235536685,14.7174870634
0.0,-17.1217058461,14.7169158656
0.0,-17.1200261793,14.7151223041
0.0,-17.1186044615,14.7136041474
0.0,-17.1177240092,14.71364473
0.0,-17.1165092791,14.713700715
0.0,-17.1148069172,14.7128871387
0.0,-17.1110188266,14.7110767029
0.0,-17.1102114066,14.7099863214
0.0,-17.1095831325,14.7091378576
0.0,-17.1088910477,14.7082032076
0.0,-17.1091596198,14.7057048506
0.0,-17.1092809985,14.704622233
0.0,-17.109228042,14.7045970551
0.0,-17.1058421303,14.7021734083
0.0,-17.1038599829,14.7000091823
0.0,-17.1013122274,14.6973045036
0.0,-17.0987671466,14.6948731078
0.0,-17.0987597583,14.6948637012
0.0,-17.0987583597,14.6948647078
0.0,-17.0987175704,14.6948257398
0.0,-17.0985022384,14.6945471654
0.0,-17.0982231518,14.6941861109
0.0,-17.0981232953,14.694056927
0.0,-17.0980411761,14.693950689
0.0,-17.0980405645,14.6939479864
0.0,-17.0979759408,14.6938657031
0.0,-17.0976924199,14.6943899191
0.0,-17.0965548593,14.694610597
0.0,-17.0955104297,14.6942948835
0.0,-17.0947168652,14.6934987344
0.0,-17.0930875431,14.6916007809
0.0,-17.092189389,14.6901361331
0.0,-17.0922837659,14.6897962579
0.0,-17.0911477946,14.6892141157
0.0,-17.0798803715,14.6844109703
0.0,-17.0660703372,14.6825128689
0.0,-17.0567919987,14.6812371304
0.0,-17.0539308237,14.6806649699
0.0,-17.0445726942,14.6787933146
0.0,-17.0443686367,14.6795188817
0.0,-17.0311599482,14.6809425646
0.0,-17.0309963858,14.6792005357
0.0,-17.0306621688,14.6756340165
0.0,-17.0301881587,14.6705785298
0.0,-17.0298180018,14.6672252824
0.0,-17.0292599445,14.662169527
0.0,-17.0290330533,14.6601138855
0.0,-17.0289768055,14.6596042685
0.0,-17.0289705881,14.6580829541
0.0,-17.0068102023,14.6506326736
0.0,-16.9989588536,14.6466529856
0.0,-16.9963304971,14.6454454358
0.0,-16.9945037612,14.6446116535
0.0,-16.9924284141,14.6439968651
0.0,-16.9903126917,14.6430209333
0.0,-16.9877756051,14.64163289
0.0,-16.984719965,14.6403757523
0.0,-16.9807368052,14.6381504944
0.0,-16.9782389122,14.6370782866
0.0,-16.9754682442,14.6355023034
0.0,-16.9735447267,14.6342082809
0.0,-16.9714836373,14.6330961408
0.0,-16.9679535937,14.6316981839
0.0,-16.9651918053,14.6290194906
0.0,-16.963643668,14.6271348087
0.0,-16.9616405475,14.6241774279
0.0,-16.9597215946,14.6223319809
0.0,-16.9585484403,14.6208597961
0.0,-16.9575473631,14.6193635658
0.0,-16.9575340238,14.619370254
0.0,-16.9574978334,14.6193161614
0.0,-16.9577312233,14.6191999872
0.0,-16.9573474366,14.6189131872
0.0,-16.9571494038,14.618769145
0.0,-16.9568059084,14.6185085054
0.0,-16.9561878964,14.6180466641
0.0,-16.9558347717,14.6177827717
0.0,-16.9558088793,14.617757148
0.0,-16.955714792,14.6176168182
0.0,-16.9554176421,14.6172058062
0.0,-16.9548737876,14.6164535538
0.0,-16.954198858,14.6155199885
0.0,-16.9538466559,14.6150328168
0.0,-16.9536501567,14.614761014
0.0,-16.952913848,14.6137425284
0.0,-16.9524421738,14.6132099158
0.0,-16.9523431236,14.6131000277
0.0,-16.9519774799,14.6126851824
0.0,-16.9513456692,14.6119717332
0.0,-16.9510523647,14.6116405282
0.0,-16.9508645182,14.6114284074
0.0,-16.9507556407,14.61130546
0.0,-16.950642821,14.6111848419
0.0,-16.950091104,14.6105550426
0.0,-16.9492124114,14.6095584774
0.0,-16.948089779,14.6082826927
0.0,-16.9475739185,14.6076964496
0.0,-16.9475299635,14.6076464981
0.0,-16.9474713577,14.6075798954
0.0,-16.9474694014,14.6075797879
0.0,-16.9471644888,14.6072311554
0.0,-16.9468373374,14.6068593646
0.0,-16.9466980329,14.6065723942
0.0,-16.9466278521,14.6064278203
0.0,-16.9464833281,14.6061300986
0.0,-16.9464283371,14.6060168148
0.0,-16.9464288348,14.6060164158
0.0,-16.9464117227,14.6059868496
0.0,-16.9464116882,14.6059825184
0.0,-16.9461393561,14.605421504
0.0,-16.9458462078,14.6048176035
0.0,-16.9456012585,14.6043129933
0.0,-16.9453938909,14.6038858008
0.0,-16.9452275627,14.603543149
0.0,-16.9448496498,14.6027646118
0.0,-16.9447027306,14.6024619416
0.0,-16.9445186422,14.6020826982
0.0,-16.9442566347,14.6015429296
0.0,-16.9441756112,14.6013760089
0.0,-16.9440824537,14.6011840917
0.0,-16.9437740194,14.6005486706
0.0,-16.9433974857,14.6001882164
0.0,-16.9432707069,14.6000668512
0.0,-16.9428943339,14.5997065484
0.0,-16.9423208613,14.5991575578
0.0,-16.9420237274,14.5988731069
0.0,-16.9418503989,14.5987071764
0.0,-16.9417325359,14.5985943437
0.0,-16.9416243797,14.5984893402
0.0,-16.9415515817,14.5984211121
0.0,-16.9415455005,14.5984152905
0.0,-16.9414717311,14.5983083723
0.0,-16.9414468809,14.5982723562
0.0,-16.9414149821,14.5982261236
0.0,-16.941396242,14.5981990059
0.0,-16.9413855996,14.5981850148
0.0,-16.9413845431,14.598182007
0.0,-16.9412887389,14.5980431529
0.0,-16.9411795829,14.5978849477
0.0,-16.941101195,14.5977713343
0.0,-16.941011199,14.5976408975
0.0,-16.9409709755,14.5975826001
0.0,-16.9408069185,14.5973448207
0.0,-16.9407353662,14.5972411163
0.0,-16.9405570451,14.5969716152
0.0,-16.9401269793,14.5962434199
0.0,-16.93967609,14.5954799616
0.0,-16.9395766309,14.5953115524
0.0,-16.9389618094,14.594270504
0.0,-16.9387306981,14.5938791707
0.0,-16.9384088689,14.5933453441
0.0,-16.9380503711,14.5927848512
0.0,-16.9380021905,14.5927095221
0.0,-16.9379971945,14.5926892935
0.0,-16.9379003405,14.5925568678
0.0,-16.9372372545,14.5915055074
0.0,-16.9372329606,14.5915068552
0.0,-16.9368065164,14.5908981815
0.0,-16.9365920326,14.5906018967
0.0,-16.9360730219,14.5897541132
0.0,-16.9358161893,14.589334583
0.0,-16.9357285664,14.5891999947
0.0,-16.9356775828,14.5891272772
0.0,-16.9356780319,14.5891089066
0.0,-16.9351655826,14.5882718253
0.0,-16.9349351293,14.5876599074
0.0,-16.9347948326,14.5872873783
0.0,-16.9345631591,14.5866722119
0.0,-16.934505277,14.5865185162
0.0,-16.9337741106,14.5853030391
0.0,-16.9328236308,14.5837229546
0.0,-16.9321875172,14.5828894617
0.0,-16.9314874773,14.5819721984
0.0,-16.9310330098,14.5813767024
0.0,-16.9306619014,14.5808904293
0.0,-16.9299675974,14.5799806576
0.0,-16.9284812095,14.5784862491
0.0,-16.9274908158,14.5774904921
0.0,-16.9271527747,14.5772190851
0.0,-16.9271364552,14.5772248019
0.0,-16.9267225296,14.5768736472
0.0,-16.9259012879,14.5761006097
0.0,-16.9254852718,14.5757056207
0.0,-16.9254282206,14.575655306
0.0,-16.9252490692,14.5754866682
0.0,-16.9251382234,14.5753823275
0.0,-16.9250943269,14.5753407391
0.0,-16.9250941749,14.5753408632
0.0,-16.9248844662,14.5751434606
0.0,-16.9246288254,14.5749028194
0.0,-16.9245138918,14.5747946297
0.0,-16.9242078735,14.5744327756
0.0,-16.9240110957,14.5742000931
0.0,-16.923921395,14.5740940251
0.0,-16.9237920899,14.5739411257
0.0,-16.9236711954,14.5737981718
0.0,-16.9236217469,14.5737419136
0.0,-16.92346483,14.5735541503
0.0,-16.9233840145,14.5734585876
0.0,-16.9232963826,14.5733549648
0.0,-16.9232839634,14.5733402787
0.0,-16.9231873773,14.5732260676
0.0,-16.9229405998,14.5729342573
0.0,-16.9227546211,14.5727143408
0.0,-16.9226057294,14.572538277
0.0,-16.9224832072,14.5723933964
0.0,-16.9223861035,14.57227857
0.0,-16.9220929417,14.5719319072
0.0,-16.9217953042,14.5715799497
0.0,-16.9214442345,14.5711648061
0.0,-16.9210795922,14.5707336106
0.0,-16.9208821077,14.5705000802
0.0,-16.9206341524,14.5702068666
0.0,-16.9204960218,14.5700435235
0.0,-16.9203531514,14.5698746733
0.0,-16.9200889464,14.5695621427
0.0,-16.9199705524,14.5694221373
0.0,-16.9198373708,14.5692646444
0.0,-16.9197160554,14.5691225137
0.0,-16.9197038104,14.5691062399
0.0,-16.9197033579,14.5691061677
0.0,-16.9195245659,14.5688947379
0.0,-16.9192827893,14.5686088243
0.0,-16.9191811705,14.5684886544
0.0,-16.9190922263,14.5683834733
0.0,-16.9188908146,14.5680716356
0.0,-16.9187326829,14.5678268069
0.0,-16.9186818496,14.5677481033
0.0,-16.9184607532,14.5674057863
0.0,-16.9179831074,14.5666662562
0.0,-16.9176474593,14.5661465755
0.0,-16.9171031762,14.5653038587
0.0,-16.9165564788,14.5644573968
0.0,-16.9161997541,14.5639050667
0.0,-16.9159598046,14.5635335428
0.0,-16.9157486377,14.5632065826
0.0,-16.9156769291,14.5630980124
0.0,-16.9152177155,14.5623845255
0.0,-16.9147720074,14.5616944026
0.0,-16.9144704954,14.5600548454
0.0,-16.9143868328,14.5595998995
0.0,-16.9140754581,14.5579066642
0.0,-16.9140050263,14.5575236537
0.0,-16.9139745985,14.5572912026
0.0,-16.9139061438,14.5567682448
0.0,-16.9138862329,14.5566259191
0.0,-16.913887397,14.5566250249
0.0,-16.913682198,14.5550573778
0.0,-16.9135447081,14.5540069783
0.0,-16.9135084784,14.5537301868
0.0,-16.9134334648,14.5531570952
0.0,-16.9133899403,14.5528245661
0.0,-16.9132695841,14.5519050419
0.0,-16.913242417,14.5515515546
0.0,-16.9132446067,14.5512979924
0.0,-16.9132027141,14.5504505005
0.0,-16.9131171685,14.5483837462
0.0,-16.9130492477,14.5467427393
0.0,-16.9130366413,14.546438153
0.0,-16.9131049218,14.5460581288
0.0,-16.9136819777,14.5428464485
0.0,-16.9140485773,14.5408060532
0.0,-16.9143771309,14.5400946556
0.0,-16.9147834145,14.5392149461
0.0,-16.9151738873,14.5383694672
0.0,-16.9152099031,14.5382914822
0.0,-16.9152224554,14.5382624968
0.0,-16.9153086072,14.538077759
0.0,-16.9153787507,14.5379258793
0.0,-16.9153875918,14.5378548961
0.0,-16.915396058,14.5377869227
0.0,-16.9153960123,14.5377866691
0.0,-16.9153961301,14.5377863455
0.0,-16.915403155,14.5377299415
0.0,-16.9154246291,14.5375575314
0.0,-16.9154360248,14.5374660438
0.0,-16.9155178495,14.53680909
0.0,-16.9156203394,14.5359862296
0.0,-16.9156801813,14.5355057738
0.0,-16.9157958092,14.5345774193
0.0,-16.9158815749,14.5338888177
0.0,-16.9159860392,14.5330500917
0.0,-16.9160298107,14.532698656
0.0,-16.9160367567,14.5325644229
0.0,-16.9160517325,14.5322749961
0.0,-16.9160761117,14.5318038359
0.0,-16.9160795989,14.5317122096
0.0,-16.9160853754,14.5316210787
0.0,-16.9161010215,14.5313742277
0.0,-16.9161074081,14.5312734691
0.0,-16.9161158827,14.5310352096
0.0,-16.9161418677,14.5305330243
0.0,-16.9161706282,14.5299772016
0.0,-16.9161922869,14.5295586263
0.0,-16.916196432,14.5294785224
0.0,-16.916197744,14.5294761837
0.0,-16.9162191874,14.5290387505
0.0,-16.9159715831,14.5281953352
0.0,-16.9156748157,14.5271844443
0.0,-16.9153713231,14.5261506306
0.0,-16.9153144265,14.5259568202
0.0,-16.915207902,14.5255939524
0.0,-16.915113226,14.5252714451
0.0,-16.9150950859,14.5252143321
0.0,-16.9139594642,14.5216388921
0.0,-16.912888372,14.5201655372
0.0,-16.9127052639,14.5181878905
0.0,-16.911639611,14.5161632146
0.0,-16.9089674717,14.5139437545
0.0,-16.9067617379,14.5131031593
0.0,-16.9043184023,14.512680182
0.0,-16.9030930644,14.5125816784
0.0,-16.9021885866,14.5131222098
0.0,-16.901239731,14.5138980658
0.0,-16.9000543216,14.5152180687
0.0,-16.898872037,14.517007978
0.0,-16.8983897322,14.518105388
0.0,-16.897099981,14.5202486136
0.0,-16.8970988699,14.5202509271
0.0,-16.897097399,14.5202917928
0.0,-16.897089727,14.520420087
0.0,-16.8970831705,14.5205297075
0.0,-16.8970516152,14.5210573635
0.0,-16.8970202563,14.5215817167
0.0,-16.8969978085,14.5219570712
0.0,-16.8969678478,14.5224580527
0.0,-16.8969357979,14.5229939646
0.0,-16.8969307696,14.5230780543
0.0,-16.8969147174,14.5233464547
0.0,-16.8969006335,14.5235819562
0.0,-16.896888823,14.5237794513
0.0,-16.896698677,14.5239130373
0.0,-16.8961808894,14.524276806
0.0,-16.8958722331,14.5244936486
0.0,-16.8956899622,14.5246217009
0.0,-16.8955552886,14.5247163136
0.0,-16.8952604389,14.5249234563
0.0,-16.8950629217,14.5250622177
0.0,-16.8948164287,14.5252353865
0.0,-16.8945801919,14.52540135
0.0,-16.8942993576,14.5255986434
0.0,-16.8940912063,14.5257448744
0.0,-16.8939265342,14.5258605605
0.0,-16.8936979244,14.526021164
0.0,-16.8934873007,14.5261691306
0.0,-16.8933324817,14.5262778938
0.0,-16.8931250271,14.526423634
0.0,-16.8929811735,14.5265246936
0.0,-16.8926254758,14.5267745758
0.0,-16.8926032858,14.5267847159
0.0,-16.889134946,14.5283695538
0.0,-16.8844940876,14.5277762596
0.0,-16.8827216588,14.5277356869
0.0,-16.8812759821,14.5277025847
0.0,-16.8795113485,14.5279747255
0.0,-16.8784443666,14.5281392679
0.0,-16.8763211784,14.5290781258
0.0,-16.87592409,14.5299288896
0.0,-16.8707183391,14.5296921326
0.0,-16.8685549986,14.5295937101
0.0,-16.8674737564,14.5295445109
0.0,-16.8663512372,14.5267574225
0.0,-16.8659105982,14.5256633417
0.0,-16.8655630494,14.5248003899
0.0,-16.8653440691,14.524256664
0.0,-16.8650115951,14.5234311276
0.0,-16.8648026634,14.5229123454
0.0,-16.8643717688,14.5218424124
0.0,-16.864056614,14.521059857
0.0,-16.8637720259,14.520353199
0.0,-16.8635611785,14.5198296385
0.0,-16.8633330489,14.5192631654
0.0,-16.8612161734,14.5180508884
0.0,-16.8600469703,14.5169033755
0.0,-16.858546778,14.5161109375
0.0,-16.8561100849,14.5142594839
0.0,-16.853862414,14.512822229
0.0,-16.8514749557,14.5103286701
0.0,-16.8495302458,14.5088905123
0.0,-16.8482827544,14.5079679443
0.0,-16.846410085,14.5068530005
0.0,-16.8465694797,14.5066885133
0.0,-16.8469340191,14.5063123257
0.0,-16.847774588,14.5054448891
0.0,-16.8484395892,14.5047586271
0.0,-16.8489866685,14.504194052
0.0,-16.8490171349,14.5041637597
0.0,-16.8490222384,14.5041573445
0.0,-16.8490628722,14.5041182835
0.0,-16.8509180338,14.502334911
0.0,-16.8528137981,14.5005124656
0.0,-16.8536878622,14.499748724
0.0,-16.8549733234,14.4986254948
0.0,-16.8552842306,14.498353823
0.0,-16.8563165527,14.4974517701
0.0,-16.8568842494,14.4969557075
0.0,-16.8580776278,14.4954550916
0.0,-16.8600648214,14.4934872775
0.0,-16.8601368797,14.4934252795
0.0,-16.860144685,14.493406118
0.0,-16.8610384061,14.4924978901
0.0,-16.8622420316,14.4912747127
0.0,-16.8629482891,14.4905569746
0.0,-16.86350713,14.4899890443
0.0,-16.8641495366,14.4893428738
0.0,-16.864355103,14.4891252937
0.0,-16.865620624,14.4877858008
0.0,-16.8662166162,14.4872354348
0.0,-16.8667067469,14.4867819309
0.0,-16.8675200389,14.4853204476
0.0,-16.868708936,14.4834041065
0.0,-16.8701403162,14.4814406456
0.0,-16.8710884465,14.4794719875
0.0,-16.8720944827,14.4777739877
0.0,-16.8735686497,14.4754938635
0.0,-16.874856846,14.4731609912
0.0,-16.8757627855,14.4716987508
0.0,-16.8770462989,14.4699171877
0.0,-16.8786150106,14.4678622217
0.0,-16.8803231851,14.4658513204
0.0,-16.8823643981,14.4638467836
0.0,-16.883928425,14.4622436959
0.0,-16.8850642046,14.460553657
0.0,-16.8864013201,14.4585456943
0.0,-16.8874508552,14.4565309947
0.0,-16.8883593626,14.4542914902
0.0,-16.8891225331,14.4524146427
0.0,-16.8892812369,14.4503426926
0.0,-16.8893441643,14.4479111472
0.0,-16.8894020941,14.4459857319
0.0,-16.8893776764,14.4430939825
0.0,-16.8894406109,14.4406624361
0.0,-16.8893567084,14.438412813
0.0,-16.8891846263,14.4368055468
0.0,-16.8888655423,14.4351542711
0.0,-16.888122026,14.4338588498
0.0,-16.8865397076,14.4309614892
0.0,-16.8851451635,14.4283337328
0.0,-16.8839346582,14.4255327842
0.0,-16.8829219405,14.4230917419
0.0,-16.8815688336,14.420969715
0.0,-16.8802107264,14.4193538107
0.0,-16.8791930534,14.4174188771
0.0,-16.87783422,14.4157114563
0.0,-16.8761985031,14.4131860809
0.0,-16.8756614404,14.4109185686
0.0,-16.8758888176,14.4071312152
0.0,-16.8779179169,14.4020676973
0.0,-16.8788966786,14.3952457097
0.0,-16.8778102834,14.3891970146
0.0,-16.8745573738,14.3852981999
0.0,-16.8763333684,14.382876284
0.0,-16.8775058855,14.3802820026
0.0,-16.876538449,14.3796065424
0.0,-16.8751208995,14.3772864008
0.0,-16.8737716722,14.3759614519
0.0,-16.8717434617,14.3739696899
0.0,-16.8688473922,14.3711255663
0.0,-16.8673122707,14.369617932
0.0,-16.8657955462,14.3701042898
0.0,-16.8622296559,14.3709829319
0.0,-16.8561997601,14.3724752619
0.0,-16.8529844011,14.3725004551
0.0,-16.8493075147,14.3726089331
0.0,-16.846208859,14.3727136952
0.0,-16.8460630244,14.3724722027
0.0,-16.8455557927,14.3716322744
0.0,-16.8448061892,14.3685099847
0.0,-16.8439942543,14.3652729456
0.0,-16.8435384637,14.3631763841
0.0,-16.8433605342,14.3612245191
0.0,-16.843348362,14.3597379295
0.0,-16.8431285194,14.3554603376
0.0,-16.8430173208,14.3531645223
0.0,-16.8429599195,14.3518138472
0.0,-16.8440337616,14.3475261916
0.0,-16.8455107039,14.3417046545
0.0,-16.8465040444,14.3375000896
0.0,-16.8465640722,14.3372162304
0.0,-16.8467363264,14.3364932972
0.0,-16.84686659,14.3359465886
0.0,-16.847089349,14.3350116812
0.0,-16.8472813115,14.3342129696
0.0,-16.8474700083,14.3334684837
0.0,-16.8476398149,14.3327985269
0.0,-16.848095045,14.331002436
0.0,-16.8486490563,14.3288165784
0.0,-16.8486563679,14.3288180615
0.0,-16.8489190801,14.3277511854
0.0,-16.8498062986,14.325312032
0.0,-16.8531536223,14.3186512164
0.0,-16.8558349944,14.3137658088
0.0,-16.85668745,14.311724973
0.0,-16.8570358553,14.3109649818
0.0,-16.8573353833,14.3103144124
0.0,-16.8575610653,14.3098242358
0.0,-16.8576544652,14.3096213697
0.0,-16.8576549236,14.3096213164
0.0,-16.858219063,14.308687737
0.0,-16.8587788328,14.3077613802
0.0,-16.8596139974,14.3063792622
0.0,-16.8603985072,14.3050809572
0.0,-16.8608799563,14.3028177886
0.0,-16.8611067548,14.3017516587
0.0,-16.8611034142,14.3015153863
0.0,-16.8610756858,14.2995538021
0.0,-16.8631183371,14.2893831214
0.0,-16.8635871109,14.2876476297
0.0,-16.8652005289,14.2816758568
0.0,-16.8661705968,14.2783977927
0.0,-16.867366072,14.2753461578
0.0,-16.8687225916,14.2718809188
0.0,-16.8693139244,14.270757884
0.0,-16.8710953607,14.2675920605
0.0,-16.871934276,14.2661552827
0.0,-16.8723441179,14.2655002313
0.0,-16.8726676409,14.2649825503
0.0,-16.8739322298,14.2634430098
0.0,-16.874373165,14.2629074587
0.0,-16.8758163456,14.2611518653
0.0,-16.8777526426,14.2577181839
0.0,-16.8794106341,14.2546707797
0.0,-16.880620185,14.2526515309
0.0,-16.8817099536,14.2507156902
0.0,-16.8829646599,14.2489784991
0.0,-16.8844915253,14.2472063931
0.0,-16.8850625213,14.2465093855
0.0,-16.8858431947,14.247595622
0.0,-16.8875995478,14.2498862879
0.0,-16.8890062366,14.2519085821
0.0,-16.8911824189,14.2545347921
0.0,-16.8930021522,14.2560793132
0.0,-16.8948936651,14.2578943697
0.0,-16.8958744614,14.2588355027
0.0,-16.8971337962,14.2598421949
0.0,-16.8982575639,14.2612566422
0.0,-16.8994525411,14.2628738565
0.0,-16.900506279,14.264221067
0.0,-16.9019866522,14.2667171341
0.0,-16.9033981361,14.2692815185
0.0,-16.9054396625,14.2723830938
0.0,-16.9062838594,14.2735963842
0.0,-16.9075478897,14.2751452093
0.0,-16.908389825,14.2760873868
0.0,-16.9093035485,14.2773001055
0.0,-16.9103551309,14.2783761533
0.0,-16.9116197893,14.2799927248
0.0,-16.913022315,14.2814726195
0.0,-16.9147028481,14.2829502677
0.0,-16.9156803972,14.283484642
0.0,-16.9165896006,14.2841551216
0.0,-16.9177727807,14.2843489313
0.0,-16.9192333777,14.2844727183
0.0,-16.9203510873,14.2851415004
0.0,-16.9211190129,14.2855419815
0.0,-16.9220224837,14.2855346873
0.0,-16.9227186124,14.2856646239
0.0,-16.9236904285,14.2855212121
0.0,-16.9253589481,14.2855755
0.0,-16.9267488997,14.285564252
0.0,-16.9275817158,14.2854219497
0.0,-16.928969932,14.2852073647
0.0,-16.9293938484,14.2860172813
0.0,-16.9297552049,14.2876410562
0.0,-16.9301136776,14.2889259566
0.0,-16.9306812301,14.2902769386
0.0,-16.9308972453,14.2911563166
0.0,-16.9313999389,14.2930500561
0.0,-16.9314103544,14.2942699984
0.0,-16.9314896926,14.2954216016
0.0,-16.9316449004,14.29731816
0.0,-16.9316558995,14.2986058762
0.0,-16.931939116,14.2992135885
0.0,-16.9323005238,14.300837353
0.0,-16.9323074746,14.3016506469
0.0,-16.9323231154,14.3034805579
0.0,-16.9322628819,14.3045655144
0.0,-16.9322767874,14.3061921017
0.0,-16.9322889561,14.3076153653
0.0,-16.9324412944,14.3091730473
0.0,-16.9326590832,14.3102557426
0.0,-16.9328079493,14.311406777
0.0,-16.9326816944,14.3128989448
0.0,-16.9324216453,14.3150022131
0.0,-16.9322479187,14.3190703734
0.0,-16.9321934907,14.320833073
0.0,-16.9319264774,14.3221230484
0.0,-16.931731291,14.3236835559
0.0,-16.9315314633,14.3247018683
0.0,-16.9311381838,14.3274840112
0.0,-16.9308086103,14.3295878447
0.0,-16.9308196305,14.3308755581
0.0,-16.9307588197,14.3318927393
0.0,-16.9307020697,14.3333843411
0.0,-16.9308637219,14.3360264099
0.0,-16.9309529663,14.3383301717
0.0,-16.9312548227,14.3411066549
0.0,-16.9313365308,14.3425293491
0.0,-16.9318353329,14.3439486453
0.0,-16.9321962731,14.345504621
0.0,-16.932420512,14.3473328255
0.0,-16.9329975741,14.3497681627
0.0,-16.9335659258,14.3511868841
0.0,-16.9338538867,14.3523367758
0.0,-16.9343480775,14.353213868
0.0,-16.9349141198,14.3543614873
0.0,-16.935199764,14.3552402795
0.0,-16.9358365011,14.3565228755
0.0,-16.9364037267,14.3578060369
0.0,-16.9370393132,14.3589530797
0.0,-16.9376018869,14.3596940449
0.0,-16.9383718576,14.3602977538
0.0,-16.9390705609,14.3606987071
0.0,-16.9399112272,14.3614373886
0.0,-16.9410317345,14.3623771089
0.0,-16.9422270354,14.3639262161
0.0,-16.9433487352,14.3650014698
0.0,-16.9438412385,14.3656752122
0.0,-16.9439884783,14.3666229019
0.0,-16.9441368911,14.3677061385
0.0,-16.9444938733,14.3687876617
0.0,-16.9447123999,14.3699380998
0.0,-16.9449350315,14.3715629524
0.0,-16.9450846274,14.3727817342
0.0,-16.9453709289,14.3737282784
0.0,-16.9456566469,14.3746070483
0.0,-16.9461503543,14.3754163289
0.0,-16.9466458258,14.3764289283
0.0,-16.9471401283,14.3773059792
0.0,-16.9479148846,14.3784518328
0.0,-16.9489011638,14.3799348315
0.0,-16.9493966596,14.380947422
0.0,-16.9504524873,14.3824298384
0.0,-16.9515018562,14.3831667424
0.0,-16.9522018316,14.3837031907
0.0,-16.9529683924,14.3839001966
0.0,-16.9536660165,14.3841655472
0.0,-16.9544319901,14.3842947748
0.0,-16.9550636275,14.3849673341
0.0,-16.9558366827,14.3859098334
0.0,-16.956401162,14.386854055
0.0,-16.956894938,14.3876633041
0.0,-16.9576709637,14.3889446599
0.0,-16.958165931,14.3898894509
0.0,-16.9586626758,14.391037559
0.0,-16.9588789458,14.3919168784
0.0,-16.9593061705,14.3930655601
0.0,-16.959804113,14.3943492096
0.0,-16.9603692253,14.3953611892
0.0,-16.9608648128,14.3963737436
0.0,-16.9613574451,14.3970474324
0.0,-16.9619196111,14.3977205426
0.0,-16.962831805,14.3986618542
0.0,-16.9635324491,14.3992660315
0.0,-16.9638866265,14.4000086414
0.0,-16.9643810557,14.4008856395
0.0,-16.9651536164,14.4017603227
0.0,-16.9659974962,14.4028377415
0.0,-16.9669097288,14.4037790321
0.0,-16.9679628173,14.404922477
0.0,-16.9690854498,14.406065336
0.0,-16.9704137174,14.4068675861
0.0,-16.9716694826,14.4073315466
0.0,-16.9732723227,14.4077248227
0.0,-16.9751550904,14.4083190775
0.0,-16.9766248455,14.409391213
0.0,-16.977604889,14.4101285546
0.0,-16.9785891236,14.4113402952
0.0,-16.9792209117,14.4120127695
0.0,-16.9798568919,14.4131596451
0.0,-16.980839357,14.4141680571
0.0,-16.9816791667,14.4147710003
0.0,-16.9826544557,14.4149661411
0.0,-16.9839042888,14.4147523097
0.0,-16.9845319033,14.4149503643
0.0,-16.9851607187,14.4152839605
0.0,-16.9859999423,14.4158191147
0.0,-16.9870525809,14.416894682
0.0,-16.9877515415,14.4172954562
0.0,-16.9885242482,14.4181700429
0.0,-16.9894360333,14.4190434538
0.0,-16.990208151,14.4198502618
0.0,-16.9916097164,14.4210584134
0.0,-16.9926599964,14.4218628633
0.0,-16.9936389379,14.4224645812
0.0,-16.9948264957,14.4230645305
0.0,-16.9957383246,14.423937911
0.0,-16.9963677835,14.4243392429
0.0,-16.9967922555,14.4251489656
0.0,-16.9973576192,14.4261608229
0.0,-16.9989769476,14.4283837191
0.0,-16.9999637998,14.4298664275
0.0,-17.0024225067,14.4326243802
0.0,-17.0042450976,14.4342355174
0.0,-17.0057871233,14.4355779209
0.0,-17.0066978319,14.4363157047
0.0,-17.0079562509,14.4370505225
0.0,-17.0094233009,14.437783554
0.0,-17.0105390011,14.4381129183
0.0,-17.0115113587,14.4379690707
0.0,-17.0122025047,14.437488742
0.0,-17.0124751851,14.4368764333
0.0,-17.0132395227,14.4368021308
0.0,-17.0141502575,14.4375398819
0.0,-17.0149206961,14.438143277
0.0,-17.0159003724,14.438812655
0.0,-17.0167397504,14.4393476779
0.0,-17.0172997451,14.439749538
0.0,-17.0183440873,14.4398761473
0.0,-17.0196653722,14.4398648279
0.0,-17.0204309379,14.4399260412
0.0,-17.0211300223,14.4403266987
0.0,-17.0222475825,14.4408593136
0.0,-17.023086981,14.4413943108
0.0,-17.0237202094,14.4422021759
0.0,-17.0244229846,14.4430094413
0.0,-17.0250586762,14.4440883809
0.0,-17.0266027258,14.4456339315
0.0,-17.0279350956,14.4468424165
0.0,-17.0291942476,14.4476448731
0.0,-17.0299629136,14.4480448998
0.0,-17.0306595777,14.4481744447
0.0,-17.0317691938,14.4478260018
0.0,-17.0325304746,14.4474127851
0.0,-17.0334345342,14.4474049827
0.0,-17.03614671,14.4473815546
0.0,-17.0366981442,14.447620085
0.0,-17.0369147672,14.4477137878
0.0,-17.0378926904,14.4481797518
0.0,-17.0391469365,14.4484399955
0.0,-17.0401919371,14.4486342701
0.0,-17.0413735512,14.4485562578
0.0,-17.0424868583,14.4486143809
0.0,-17.0444365391,14.4488685638
0.0,-17.0454809234,14.448995045
0.0,-17.0472921418,14.4493181801
0.0,-17.0488928721,14.4494398091
0.0,-17.0493846407,14.4499777243
0.0,-17.050155206,14.4505809855
0.0,-17.0514821228,14.4511793978
0.0,-17.0523899186,14.4515781326
0.0,-17.0532238182,14.4515030895
0.0,-17.053922987,14.4519036368
0.0,-17.0546227809,14.4523719502
0.0,-17.0556013755,14.4529056015
0.0,-17.0564446263,14.4538470736
0.0,-17.0572872607,14.4547207733
0.0,-17.0575722983,14.4554637952
0.0,-17.0580703394,14.4566793713
0.0,-17.0584311685,14.458099467
0.0,-17.0589993919,14.4593821997
0.0,-17.0599228486,14.4614751062
0.0,-17.0605643876,14.4631638332
0.0,-17.0614828762,14.4647145835
0.0,-17.0619101666,14.4657952181
0.0,-17.0628311805,14.4676170326
0.0,-17.0633249028,14.4683582124
0.0,-17.0642403036,14.4695701056
0.0,-17.0650817793,14.4703082283
0.0,-17.0659245143,14.4711818832
0.0,-17.0668342962,14.4717838513
0.0,-17.0678098667,14.4719785964
0.0,-17.0685774185,14.4722429403
0.0,-17.0696212846,14.47230153
0.0,-17.0703155197,14.4721598732
0.0,-17.0710028401,14.4712727692
0.0,-17.0716338088,14.4718093986
0.0,-17.0723355874,14.4724809484
0.0,-17.0725505251,14.4731567866
0.0,-17.0731125827,14.4737617913
0.0,-17.0738187786,14.4749077085
0.0,-17.0744510239,14.4755798631
0.0,-17.075013093,14.4761848616
0.0,-17.0757155262,14.4769241655
0.0,-17.0763471528,14.4775285458
0.0,-17.0766341819,14.4784748333
0.0,-17.0770565319,14.4790132864
0.0,-17.0776173555,14.4794827417
0.0,-17.0779770999,14.4807672485
0.0,-17.0784759531,14.4820505241
0.0,-17.0790475226,14.4836720192
0.0,-17.0800383141,14.4854931199
0.0,-17.0804644795,14.4864381672
0.0,-17.0814426493,14.4869039142
0.0,-17.0829797806,14.4876357929
0.0,-17.0838890395,14.488169912
0.0,-17.08487039,14.488974478
0.0,-17.0858530151,14.4899145728
0.0,-17.0862779467,14.4907240709
0.0,-17.0868476987,14.4921422344
0.0,-17.0869832841,14.4934366155
0.0,-17.0879707258,14.493216615
0.0,-17.0886005288,14.4936176504
0.0,-17.0893757952,14.4946951146
0.0,-17.0899436734,14.4959099658
0.0,-17.0903003484,14.4968556053
0.0,-17.0907265832,14.4978006244
0.0,-17.0905989129,14.4990216645
0.0,-17.0906135349,14.5005802995
0.0,-17.0908368313,14.5021370757
0.0,-17.0911998845,14.5037603784
0.0,-17.0914972037,14.5057908995
0.0,-17.0920038453,14.5078873256
0.0,-17.0923701057,14.5098494564
0.0,-17.0927982921,14.510997766
0.0,-17.0932966814,14.51221322
0.0,-17.0935819332,14.512956169
0.0,-17.0939392979,14.5139695624
0.0,-17.0943011293,14.5154573202
0.0,-17.0946623292,14.5168773102
0.0,-17.0948793071,14.5177564101
0.0,-17.0952360501,14.5187020329
0.0,-17.0956617213,14.5195792666
0.0,-17.0962297144,14.5207940871
0.0,-17.096585831,14.5216719399
0.0,-17.0969451445,14.5228886233
0.0,-17.0973765826,14.5243757484
0.0,-17.0975252959,14.5253909979
0.0,-17.0981648005,14.526808486
0.0,-17.0985215768,14.5277540993
0.0,-17.0988757983,14.5284286468
0.0,-17.099232581,14.5293742581
0.0,-17.0997265795,14.5301153233
0.0,-17.1002269825,14.5315340483
0.0,-17.1008707707,14.5323342892
0.0,-17.1009063337,14.5323784946
0.0,-17.1016362448,14.533419023
0.0,-17.1021289798,14.5340245485
0.0,-17.1024845061,14.5348346194
0.0,-17.1033997815,14.5359785225
0.0,-17.1038976594,14.5371261703
0.0,-17.1043234082,14.5380033776
0.0,-17.1046113074,14.5390173659
0.0,-17.1050454094,14.5407755273
0.0,-17.1052611795,14.5415190756
0.0,-17.1058280101,14.5425983245
0.0,-17.1061854947,14.5436116829
0.0,-17.1067542645,14.5448942254
0.0,-17.1071845434,14.5462457838
0.0,-17.1079601108,14.5473231452
0.0,-17.1086648279,14.5482655985
0.0,-17.1091582623,14.5489388671
0.0,-17.1096510561,14.5495443686
0.0,-17.1104214952,14.5500795938
0.0,-17.1114708696,14.5506800708
0.0,-17.1118245295,14.5512868217
0.0,-17.1128088551,14.5523622776
0.0,-17.1135799564,14.5529652553
0.0,-17.114209335,14.5532984256
0.0,-17.1149765692,14.5534948056
0.0,-17.1156059509,14.5538279717
0.0,-17.1163777102,14.5544987037
0.0,-17.1170805476,14.5552378274
0.0,-17.1178536094,14.5560440837
0.0,-17.11862603,14.5567825714
0.0,-17.1203698959,14.5572411685
0.0,-17.1213478105,14.5576389281
0.0,-17.1221163592,14.5579708118
0.0,-17.12316904,14.5589100515
0.0,-17.1236599481,14.55931222
0.0,-17.1245065145,14.5605244066
0.0,-17.1250708974,14.5613325285
0.0,-17.1257744342,14.5621393836
0.0,-17.1268960758,14.5630102042
0.0,-17.1275242001,14.5632078023
0.0,-17.1285028013,14.5636732912
0.0,-17.1296225085,14.5643408021
0.0,-17.1303221659,14.5647410521
0.0,-17.1311603254,14.5650722667
0.0,-17.1315836392,14.5656783424
0.0,-17.1327781537,14.5668873171
0.0,-17.1334810838,14.567626378
0.0,-17.1339778982,14.5686383994
0.0,-17.1346847526,14.5697840417
0.0,-17.1353194272,14.5706592589
0.0,-17.1363715704,14.5715306581
0.0,-17.1370056037,14.5723381048
0.0,-17.1374335226,14.5734185153
0.0,-17.1377866396,14.5739574471
0.0,-17.1381476029,14.5753095486
0.0,-17.1389280061,14.57686112
0.0,-17.1400550086,14.5782739721
0.0,-17.1403431435,14.5792878839
0.0,-17.140630627,14.5802340309
0.0,-17.1415443336,14.5811744364
0.0,-17.1419709862,14.5821193045
0.0,-17.1423280624,14.5830648095
0.0,-17.1431032827,14.5840742467
0.0,-17.1439167334,14.5862467129
0.0,-17.1438443526,14.5869465371
0.0,-17.1438396136,14.5869923823
0.0,-17.1438390422,14.5869925014
0.0,-17.1436724734,14.5884342608
0.0,-17.1435885663,14.5891605298
0.0,-17.1434943017,14.5899764425
0.0,-17.1434193345,14.590625323
0.0,-17.143326881,14.5914255587
0.0,-17.143246176,14.5922062574
0.0,-17.143236438,14.5923273829
0.0,-17.1432161873,14.592751054
0.0,-17.142933823,14.5929797723
0.0,-17.1400558196,14.5942971999
0.0,-17.1311615739,14.5993029921
0.0,-17.1284507162,14.600786123
0.0,-17.1270229247,14.6018173698
0.0,-17.1338419123,14.6207758372
0.0,-17.130065512,14.6423246939
0.0,-17.1267111984,14.6513490666
0.0,-17.1266781616,14.6666915334
0.0,-17.128395482,14.6682371643
0.0,-17.1317213641,14.6712304333
0.0,-17.1330310028,14.6724090606
0.0,-17.1339624767,14.6726497174
0.0,-17.1341273602,14.6738295323
0.0,-17.1341753906,14.6738606645
0.0,-17.1355560451,14.6747555565
0.0,-17.1381644491,14.6764461864
0.0,-17.1374496192,14.6798171869
0.0,-17.1374087928,14.6827965795
0.0,-17.1373273651,14.6887398473
0.0,-17.136610042,14.6889140214
0.0,-17.1339867376,14.6931548288
0.0,-17.1337600302,14.6935213134
0.0,-17.1335872986,14.6954296393
0.0,-17.1331736905,14.7011430475
0.0,-17.1329944683,14.7068542982
0.0,-17.1329415512,14.7083685127
0.0,-17.1367185877,14.7087735766
0.0,-17.1364666568,14.7116591619
0.0,-17.1317990194,14.716651052
0.0,-17.1293083093,14.7171782653
0.0,-17.1293034357,14.7171638633
0.0,-17.1292985611,14.7171494614
0.0,-17.128075026,14.7173933344
0.0,-17.1271212869,14.7175834271
0.0,-17.125727307,14.7175457811
0.0,-17.1256294467,14.7175431381
0.0,-17.1235536685,14.7174870634
