109,11,32,98,30,
0.0,-14.2726753907,14.5817295194
0.0,-14.2260210203,14.5537003425
0.0,-14.2252612086,14.5534522677
0.0,-14.2218421763,14.5523461816
0.0,-14.2193927853,14.5515418487
0.0,-14.2188344773,14.5513593676
0.0,-14.2205472939,14.5483432059
0.0,-14.2213177267,14.5469864905
0.0,-14.1947700117,14.5435222212
0.0,-14.1938075031,14.5432114228
0.0,-14.1915793931,14.5424905041
0.0,-14.1894873421,14.5418197962
0.0,-14.1874633562,14.5411658943
0.0,-14.1867829609,14.5409644896
0.0,-14.1850992486,14.5403946828
0.0,-14.182480044,14.5395396243
0.0,-14.1798949162,14.5386846567
0.0,-14.1783131632,14.538181508
0.0,-14.167409899,14.5346483571
0.0,-14.1617533195,14.5326998241
0.0,-14.1551626654,14.5305870983
0.0,-14.1501103504,14.5288547333
0.0,-14.1423118844,14.5263087497
0.0,-14.135282786,14.5239260508
0.0,-14.1281982338,14.5217036378
0.0,-14.1202357771,14.5190492045
0.0,-14.1176138593,14.5181990363
0.0,-14.076918976,14.5655132576
0.0,-14.0546628944,14.5677249381
0.0,-14.0542320466,14.5677677322
0.0,-14.0529095966,14.5678990787
0.0,-13.9594745498,14.5771596382
0.0,-13.881720615,14.5634253688
0.0,-13.8546330629,14.5214275786
0.0,-13.8094453162,14.4513268052
0.0,-13.8169470331,14.4269084091
0.0,-13.834208477,14.370697529
0.0,-13.8567790679,14.345827561
0.0,-13.8656282201,14.3138985999
0.0,-13.8656309583,14.3138887176
0.0,-13.865632437,14.3138833828
0.0,-13.8653485528,14.313908141
0.0,-13.8813454918,14.2810453374
0.0,-13.8872760855,14.2648746681
0.0,-13.9126091023,14.2715197904
0.0,-13.9275189853,14.2516639052
0.0,-13.9628698564,14.2045674373
0.0,-13.970588317,14.194280956
0.0,-13.9673621698,14.1832805896
0.0,-13.9669810582,14.1819810266
0.0,-13.9680649422,14.1765126111
0.0,-13.9680732719,14.1764054864
0.0,-13.9689240685,14.1760589595
0.0,-13.9692963291,14.1759260347
0.0,-13.9695114479,14.1746498839
0.0,-13.9700823298,14.1712631604
0.0,-13.9701028963,14.169299577
0.0,-13.9701126877,14.1683646552
0.0,-13.9704921935,14.1665220063
0.0,-13.9707615194,14.1643263008
0.0,-13.9707770569,14.1629341179
0.0,-13.9715106419,14.1605143864
0.0,-13.9718890519,14.1587802149
0.0,-13.9722881764,14.1571225112
0.0,-13.9723894482,14.1567018919
0.0,-13.9733628202,14.1545182328
0.0,-13.9741024863,14.1527946404
0.0,-13.9744721224,14.1509428964
0.0,-13.974585283,14.1504932933
0.0,-13.9748494355,14.1494437675
0.0,-13.9749858657,14.1479436096
0.0,-13.9752458497,14.1457478519
0.0,-13.9751543089,14.143433066
0.0,-13.9754137569,14.1413548325
0.0,-13.9761430831,14.1398571995
0.0,-13.9768821886,14.1382420771
0.0,-13.9779770185,14.1360589054
0.0,-13.9789518093,14.1335226327
0.0,-13.9789780772,14.1317869443
0.0,-13.9785123138,14.1302842223
0.0,-13.9777038779,14.1287619619
0.0,-13.9759287695,14.1277056977
0.0,-13.9740349754,14.1265223464
0.0,-13.9723478395,14.1247308949
0.0,-13.9722739739,14.1246524621
0.0,-13.9700308121,14.12288899
0.0,-13.9680388611,14.1208903907
0.0,-13.9663804372,14.1194570413
0.0,-13.966146626,14.1192549594
0.0,-13.9652173559,14.1178496721
0.0,-13.963795553,14.1167948452
0.0,-13.9627598996,14.1144669508
0.0,-13.9620627362,14.1129541661
0.0,-13.9611226548,14.1119014021
0.0,-13.9599433436,14.1104950186
0.0,-13.9579406717,14.1087324853
0.0,-13.9564202787,14.1070985957
0.0,-13.9546611744,14.1048760237
0.0,-13.953255114,14.1024289605
0.0,-13.9508275894,14.0964968219
0.0,-13.949916993,14.0947186424
0.0,-13.9719247582,14.0767069773
0.0,-13.976893366,14.0726398539
0.0,-14.0038651964,14.0505587917
0.0,-14.0040178906,14.0504337726
0.0,-14.0281834443,14.0306450906
0.0,-14.0308324913,14.0284754703
0.0,-14.0577941099,14.0063876396
0.0,-14.0651813907,14.0003339563
0.0,-14.068110203,13.9979338986
0.0,-14.0813769596,13.9870611493
0.0,-14.0847500543,13.9842964447
0.0,-14.1066130136,13.9663739651
0.0,-14.1076332386,13.9655375003
0.0,-14.1117014888,13.9622019048
0.0,-14.1386472633,13.9401040303
0.0,-14.1396962584,13.9392436117
0.0,-14.1655879634,13.9180028382
0.0,-14.1686469463,13.915583697
0.0,-14.1691865242,13.9151569722
0.0,-14.1714146019,13.9123041363
0.0,-14.1721312395,13.9094043369
0.0,-14.1727080934,13.9056270609
0.0,-14.1730423968,13.9043375585
0.0,-14.174280784,13.9002856281
0.0,-14.1747087028,13.8991806538
0.0,-14.1752811068,13.8972929692
0.0,-14.1758070305,13.8948061433
0.0,-14.1773298013,13.8906172694
0.0,-14.1777142073,13.8878994078
0.0,-14.1781451488,13.8855964685
0.0,-14.1758810974,13.8841614563
0.0,-14.1751721158,13.8837917637
0.0,-14.1731450847,13.8824027338
0.0,-14.1694154483,13.8812859269
0.0,-14.1654017752,13.8803534405
0.0,-14.1677240604,13.8775947397
0.0,-14.1713711631,13.8739182988
0.0,-14.1747842201,13.8698262392
0.0,-14.1784300916,13.866104468
0.0,-14.1809883952,13.8635769672
0.0,-14.1801401959,13.8625151679
0.0,-14.1791045982,13.861129512
0.0,-14.177458104,13.8583132794
0.0,-14.1761443102,13.8548076297
0.0,-14.1756289915,13.8530089427
0.0,-14.1744076007,13.8507015646
0.0,-14.1738428561,13.8496395714
0.0,-14.1719609431,13.8465478843
0.0,-14.1712096408,13.8446082522
0.0,-14.1697994656,13.8420707934
0.0,-14.1678707413,13.8388387808
0.0,-14.1670710923,13.837500218
0.0,-14.1674036668,13.8366718116
0.0,-14.1681165567,13.8349224857
0.0,-14.1693995785,13.8322076725
0.0,-14.1712008046,13.8299545771
0.0,-14.1733540071,13.8266661461
0.0,-14.1737607473,13.8260449468
0.0,-14.1752336214,13.8229159651
0.0,-14.177698678,13.8191438448
0.0,-14.1792628295,13.8171667741
0.0,-14.18116112,13.8137159426
0.0,-14.1831520951,13.8108643881
0.0,-14.1846690144,13.8084723486
0.0,-14.1867563854,13.8049757543
0.0,-14.1888878198,13.8022624891
0.0,-14.190884731,13.7988528655
0.0,-14.191407448,13.7979603336
0.0,-14.1929681712,13.7947173589
0.0,-14.1951505863,13.7905756619
0.0,-14.1967111877,13.7897048829
0.0,-14.1984150537,13.788189233
0.0,-14.2024401232,13.7843303499
0.0,-14.2050908367,13.7814795921
0.0,-14.2090661445,13.7780815374
0.0,-14.2129006629,13.77422072
0.0,-14.2164490051,13.7711896045
0.0,-14.2199051618,13.7675128093
0.0,-14.2238334681,13.7633299967
0.0,-14.2279982008,13.7592868661
0.0,-14.2323506524,13.7554273308
0.0,-14.2341017676,13.7536346582
0.0,-14.2366106714,13.7509695574
0.0,-14.2370276738,13.750639501
0.0,-14.238408507,13.749546565
0.0,-14.2384797971,13.7494557051
0.0,-14.2525831004,13.7380319545
0.0,-14.2544085176,13.7365532125
0.0,-14.2668186564,13.7221620522
0.0,-14.2881876274,13.6973761444
0.0,-14.2887009012,13.6968713388
0.0,-14.2907494824,13.6944041505
0.0,-14.2920599945,13.6928258112
0.0,-14.294521351,13.6891924592
0.0,-14.2969311488,13.687909753
0.0,-14.2988146265,13.6877274799
0.0,-14.2996154619,13.6874019875
0.0,-14.3046750197,13.6853479727
0.0,-14.3068002724,13.6848928068
0.0,-14.309537952,13.6843003151
0.0,-14.3134109417,13.6836182653
0.0,-14.3166709335,13.6814618038
0.0,-14.3211549887,13.6806897676
0.0,-14.3249314604,13.6797767062
0.0,-14.328838113,13.6786975455
0.0,-14.3288979819,13.6786810068
0.0,-14.3332857368,13.678830738
0.0,-14.3372947678,13.6796688081
0.0,-14.3399828809,13.681058233
0.0,-14.3470113594,13.6826410738
0.0,-14.3497458053,13.6840293882
0.0,-14.3531404134,13.6853741902
0.0,-14.358564798,13.6867230827
0.0,-14.3620525035,13.6889427939
0.0,-14.3648811144,13.6901933034
0.0,-14.3676617608,13.6923184467
0.0,-14.3710549428,13.6947208906
0.0,-14.3735452116,13.6969763385
0.0,-14.3741166155,13.6974931634
0.0,-14.3776507889,13.7004022157
0.0,-14.3809027001,13.7027600978
0.0,-14.3838738224,13.7046549806
0.0,-14.3877855339,13.707612305
0.0,-14.3911297282,13.7107987384
0.0,-14.3938513842,13.7133925973
0.0,-14.3945218692,13.7140315858
0.0,-14.3949043623,13.7143220594
0.0,-14.3900599586,13.7368873858
0.0,-14.3866024639,13.7529894588
0.0,-14.3866002955,13.7529884959
0.0,-14.3853887253,13.75863037
0.0,-14.3820184934,13.7743227783
0.0,-14.3820175493,13.7743271765
0.0,-14.3820174913,13.7743274467
0.0,-14.3815616284,13.7747376628
0.0,-14.3815585397,13.7747404426
0.0,-14.3809079635,13.7753258728
0.0,-14.3360871743,13.8156469445
0.0,-14.3357669189,13.8159349662
0.0,-14.3355038195,13.8161715842
0.0,-14.3355008865,13.8161742218
0.0,-14.3351733607,13.8174787146
0.0,-14.3348510385,13.8187820906
0.0,-14.3345339168,13.8200854799
0.0,-14.3342219957,13.8213888827
0.0,-14.3339158535,13.8226923005
0.0,-14.333614912,13.8239957317
0.0,-14.3333197497,13.825299178
0.0,-14.3330303699,13.8266015092
0.0,-14.3327467661,13.8279049856
0.0,-14.3324695232,13.8292073486
0.0,-14.3321980599,13.8305097268
0.0,-14.3319329512,13.8318132519
0.0,-14.3316736255,13.833115662
0.0,-14.3314212361,13.8344180904
0.0,-14.3311752082,13.8357194056
0.0,-14.3309355354,13.8370218677
0.0,-14.3307027994,13.8383243484
0.0,-14.3304770034,13.8396257173
0.0,-14.3302581444,13.8409271047
0.0,-14.3300462225,13.8422285106
0.0,-14.3298412377,13.8435299351
0.0,-14.3296437686,13.8448313798
0.0,-14.329453237,13.846132843
0.0,-14.3292702245,13.8474331963
0.0,-14.3290947247,13.8487347
0.0,-14.3289273226,13.8500350953
0.0,-14.3287697502,13.8513355172
0.0,-14.3286567084,13.8526360609
0.0,-14.3285968796,13.8539344899
0.0,-14.3285879482,13.8552319281
0.0,-14.3286287581,13.8565283723
0.0,-14.3287164153,13.8578249448
0.0,-14.3288497703,13.8591193822
0.0,-14.3290265038,13.8604139383
0.0,-14.3292443064,13.8617074765
0.0,-14.3295014437,13.8629999922
0.0,-14.3297961811,13.8642914803
0.0,-14.3301262026,13.8655830647
0.0,-14.3304897767,13.8668736102
0.0,-14.3308840123,13.8681631089
0.0,-14.3313083281,13.8694526893
0.0,-14.3317598359,13.8707412131
0.0,-14.3322367978,13.8720298056
0.0,-14.332737479,13.873318462
0.0,-14.3332595695,13.8746060457
0.0,-14.333800756,13.8758925502
0.0,-14.3343598757,13.8771802326
0.0,-14.3349340432,13.8784668246
0.0,-14.3355215203,13.8797534515
0.0,-14.3361211536,13.8810389801
0.0,-14.3367300479,13.8823245324
0.0,-14.3373458866,13.8836112324
0.0,-14.3379680978,13.884896818
0.0,-14.3385932077,13.8861824101
0.0,-14.3392200595,13.8874680054
0.0,-14.3398463396,13.8887535977
0.0,-14.340470891,13.8900391839
0.0,-14.341090243,13.8913247546
0.0,-14.3417032387,13.8926103068
0.0,-14.3423081394,13.893896966
0.0,-14.3429026375,13.8951824657
0.0,-14.3434844127,13.89646906
0.0,-14.3440517325,13.8977556143
0.0,-14.3446028582,13.8990432541
0.0,-14.3451360604,13.9003297145
0.0,-14.345648437,13.9016183784
0.0,-14.3461382617,13.9029058507
0.0,-14.3469647868,13.9052472983
0.0,-14.346965279,13.9052486947
0.0,-14.3482084001,13.9046428436
0.0,-14.3482121085,13.9046410018
0.0,-14.3544773809,13.9142167767
0.0,-14.3590430181,13.9211942708
0.0,-14.3833792075,13.9583781256
0.0,-14.4083321978,13.9964899623
0.0,-14.3997678345,14.0165973569
0.0,-14.3999378215,14.0169555672
0.0,-14.4003515103,14.0178273221
0.0,-14.4009351891,14.0190584161
0.0,-14.4015194556,14.0202883802
0.0,-14.4021031465,14.0215194717
0.0,-14.4026868462,14.0227494318
0.0,-14.4032705491,14.0239805207
0.0,-14.4038548368,14.0252116098
0.0,-14.4044385546,14.026441566
0.0,-14.4050222755,14.0276726511
0.0,-14.4056060053,14.0289026047
0.0,-14.406190317,14.0301336886
0.0,-14.4067740589,14.0313636397
0.0,-14.4073578038,14.0325947196
0.0,-14.4079415548,14.0338257983
0.0,-14.4085258935,14.0350557469
0.0,-14.4091096565,14.036286823
0.0,-14.4096934284,14.0375167676
0.0,-14.4102772035,14.0387478411
0.0,-14.4108615634,14.0399789148
0.0,-14.4114453533,14.0412088555
0.0,-14.4120291465,14.0424399251
0.0,-14.4126129485,14.0436698633
0.0,-14.4131973325,14.0449009318
0.0,-14.4137811465,14.0461308674
0.0,-14.4143649637,14.0473619318
0.0,-14.414948787,14.048592995
0.0,-14.415533198,14.0498229281
0.0,-14.4161170333,14.0510539887
0.0,-14.4167008775,14.0522839179
0.0,-14.4172847248,14.0535149759
0.0,-14.4178691599,14.0547449038
0.0,-14.4180583187,14.0551437424
0.0,-14.4184530193,14.0559759592
0.0,-14.4195866799,14.0584074692
0.0,-14.4201322263,14.0596881573
0.0,-14.420661533,14.0609834978
0.0,-14.4211804,14.0622889839
0.0,-14.4216940485,14.0636001075
0.0,-14.4222082815,14.0649112315
0.0,-14.4227289049,14.0662155885
0.0,-14.4232611402,14.0675086703
0.0,-14.4238107905,14.0687848397
0.0,-14.4243830803,14.070038458
0.0,-14.424984968,14.071265021
0.0,-14.4256205203,14.0724588871
0.0,-14.4262961195,14.0736144203
0.0,-14.4270169931,14.0747248515
0.0,-14.4277895179,14.0757868049
0.0,-14.4286183395,14.07679464
0.0,-14.4295127461,14.0777382066
0.0,-14.4305046623,14.0785836734
0.0,-14.4315900302,14.0793332901
0.0,-14.4327549161,14.0800028454
0.0,-14.4339865525,14.0806047403
0.0,-14.4352710058,14.0811547638
0.0,-14.436596661,14.0816675805
0.0,-14.4379484349,14.0821555867
0.0,-14.4393141314,14.0826345764
0.0,-14.4406809806,14.0831180819
0.0,-14.4420344737,14.0836207623
0.0,-14.4433624204,14.0841561519
0.0,-14.4446508909,14.0847389117
0.0,-14.4458876954,14.0853825767
0.0,-14.4470583226,14.086102937
0.0,-14.4481558068,14.0869078892
0.0,-14.4492079892,14.087776024
0.0,-14.450224163,14.0886949312
0.0,-14.4512083947,14.0896589693
0.0,-14.4521670717,14.0906602421
0.0,-14.4531048473,14.0916897187
0.0,-14.4540263667,14.0927417589
0.0,-14.4549362777,14.0938095924
0.0,-14.4558403913,14.0948841906
0.0,-14.4567433554,14.0959587831
0.0,-14.4576498204,14.0970254689
0.0,-14.4585655894,14.09807861
0.0,-14.4594947364,14.0991091739
0.0,-14.4604430697,14.1001092621
0.0,-14.4614152317,14.101074364
0.0,-14.462415878,14.1019943178
0.0,-14.4634192984,14.10283702
0.0,-14.4706691876,14.1020670331
0.0,-14.471915972,14.1009563329
0.0,-14.4753087495,14.0997227873
0.0,-14.4782697984,14.1022111329
0.0,-14.4808004288,14.1073861285
0.0,-14.4820677083,14.1092502941
0.0,-14.483335474,14.1109076282
0.0,-14.4846046523,14.1119444799
0.0,-14.4863561214,14.1124828067
0.0,-14.4877312013,14.1127784579
0.0,-14.4891069194,14.1130492383
0.0,-14.4904809593,14.113295143
0.0,-14.4908119465,14.11334795
0.0,-14.4921581182,14.1047550612
0.0,-14.492665118,14.101825068
0.0,-14.4938426795,14.097430949
0.0,-14.4965209643,14.0933656347
0.0,-14.5001983568,14.0901165449
0.0,-14.5067047202,14.0901299439
0.0,-14.5162068303,14.0935687831
0.0,-14.5267407975,14.0982028964
0.0,-14.5267536661,14.0982085574
0.0,-14.5293431492,14.0979729361
0.0,-14.5331562062,14.0986008365
0.0,-14.5373912724,14.0998499717
0.0,-14.5405631117,14.1029584609
0.0,-14.5422526299,14.1058561394
0.0,-14.5439413654,14.1091685913
0.0,-14.5449697095,14.1108494656
0.0,-14.5913408225,14.1001447326
0.0,-14.5911631532,14.1021228684
0.0,-14.5906972482,14.1036410856
0.0,-14.5906551592,14.1058132859
0.0,-14.5899491172,14.1075639167
0.0,-14.5897425731,14.1084712641
0.0,-14.5893421735,14.110230187
0.0,-14.5894319997,14.1118035974
0.0,-14.5888716836,14.1142891105
0.0,-14.588403253,14.117190697
0.0,-14.5879847732,14.1180670261
0.0,-14.5876174854,14.121384701
0.0,-14.5869560399,14.1234100369
0.0,-14.5867214219,14.1250721758
0.0,-14.5864477473,14.1278384638
0.0,-14.5862573051,14.1300443091
0.0,-14.5858833472,14.132540302
0.0,-14.5852302014,14.1350708486
0.0,-14.5847640038,14.1366885055
0.0,-14.5845303691,14.1377911872
0.0,-14.5846217756,14.1384785131
0.0,-14.5846753499,14.1395907326
0.0,-14.5845327739,14.1415706144
0.0,-14.5845540432,14.1425855527
0.0,-14.584583935,14.1440119564
0.0,-14.5848295121,14.1465440507
0.0,-14.5854453165,14.1493028255
0.0,-14.5854577511,14.1526663499
0.0,-14.5859814899,14.1551085051
0.0,-14.5863521658,14.1567875874
0.0,-14.5866524186,14.1581476626
0.0,-14.5868419249,14.1609599481
0.0,-14.5865620221,14.1620173412
0.0,-14.5867996929,14.1638170422
0.0,-14.5867582092,14.1662593506
0.0,-14.5870957415,14.1692075141
0.0,-14.5875723643,14.1721107074
0.0,-14.5880957566,14.1747788967
0.0,-14.588388644,14.1768047312
0.0,-14.5882004014,14.1784138229
0.0,-14.5883992852,14.1811809112
0.0,-14.5885899165,14.1833874021
0.0,-14.588881986,14.1858743577
0.0,-14.5891184567,14.1883612174
0.0,-14.5889378775,14.1908564028
0.0,-14.5894163199,14.1927830943
0.0,-14.5898397171,14.1944022745
0.0,-14.5900781233,14.1958222211
0.0,-14.590085147,14.1970699801
0.0,-14.5900910971,14.1989144857
0.0,-14.5901426546,14.2011659429
0.0,-14.5900501549,14.2018952605
0.0,-14.5899546272,14.20264845
0.0,-14.5903384193,14.205687098
0.0,-14.5907708852,14.2074328741
0.0,-14.5909161064,14.2091419918
0.0,-14.5911079053,14.2104466932
0.0,-14.5911977031,14.2110575332
0.0,-14.5913361988,14.2119996351
0.0,-14.5913756006,14.2122676585
0.0,-14.591483811,14.2130037401
0.0,-14.5912108052,14.2153540983
0.0,-14.5917382555,14.2171417776
0.0,-14.5917819822,14.217289983
0.0,-14.5918804665,14.2192250601
0.0,-14.5920250525,14.2212958399
0.0,-14.5923625524,14.2243344024
0.0,-14.5931671333,14.2253484354
0.0,-14.5933104074,14.2281606247
0.0,-14.5932218744,14.231017627
0.0,-14.5932450243,14.2313672861
0.0,-14.5934745849,14.2348347514
0.0,-14.593811699,14.2381083909
0.0,-14.5940952719,14.2402246114
0.0,-14.5945726877,14.243127781
0.0,-14.5945773576,14.2457046488
0.0,-14.5946730672,14.2463709078
0.0,-14.5949619134,14.2483816187
0.0,-14.5950064617,14.2487765505
0.0,-14.5950064645,14.2487765822
0.0,-14.5950665685,14.2493094231
0.0,-14.5952995633,14.2513749645
0.0,-14.5953620904,14.2536750296
0.0,-14.5954039856,14.2551997416
0.0,-14.5961219068,14.258094272
0.0,-14.5961199271,14.2592063859
0.0,-14.5975367439,14.2600767751
0.0,-14.6002860685,14.262332759
0.0,-14.6028958359,14.2649049359
0.0,-14.6054962346,14.2675674856
0.0,-14.6084866131,14.2699141926
0.0,-14.6087404693,14.2701333947
0.0,-14.6109952778,14.2720803753
0.0,-14.613078008,14.2739644209
0.0,-14.6160582679,14.2769077653
0.0,-14.6174115254,14.2783251778
0.0,-14.6175602218,14.2784809214
0.0,-14.6178303256,14.2787638265
0.0,-14.6183830487,14.2793427419
0.0,-14.6190635052,14.2800554384
0.0,-14.6201390658,14.281181948
0.0,-14.6201701374,14.281200786
0.0,-14.6201748887,14.281203667
0.0,-14.620241556,14.28117737
0.0,-14.6230685442,14.2819284359
0.0,-14.6240454583,14.2826972948
0.0,-14.6247268586,14.284041852
0.0,-14.6253354918,14.2852428078
0.0,-14.6267216872,14.2867891152
0.0,-14.629230467,14.2894603114
0.0,-14.6303795122,14.2905965749
0.0,-14.6303796048,14.2905966663
0.0,-14.6316939085,14.2918963298
0.0,-14.6360545292,14.2958463123
0.0,-14.6375726083,14.2974116986
0.0,-14.6392767373,14.2986077816
0.0,-14.6402743134,14.3009962783
0.0,-14.6387896943,14.3277786441
0.0,-14.6373046446,14.3545609322
0.0,-14.636449019,14.3699888455
0.0,-14.6358191614,14.3813442725
0.0,-14.6352973826,14.3907497115
0.0,-14.6353009982,14.3907497839
0.0,-14.6353680395,14.3907511206
0.0,-14.6344069661,14.4080726927
0.0,-14.6342512598,14.4108766393
0.0,-14.6331930341,14.4299307486
0.0,-14.6331238934,14.4299670702
0.0,-14.6322626403,14.4304195108
0.0,-14.6296814663,14.4317754458
0.0,-14.6285991243,14.4368572454
0.0,-14.6293553328,14.4434370798
0.0,-14.6293001563,14.4440699863
0.0,-14.6288861358,14.4488188654
0.0,-14.6288727415,14.4568926272
0.0,-14.6298955179,14.4616689358
0.0,-14.6311142251,14.4673599689
0.0,-14.6299437395,14.4884220075
0.0,-14.6299089281,14.4890480676
0.0,-14.6284970545,14.514436076
0.0,-14.6282404749,14.5178433374
0.0,-14.628226643,14.5180270158
0.0,-14.6281238998,14.5198752355
0.0,-14.6276635551,14.5281557983
0.0,-14.6276635437,14.5281559972
0.0,-14.6276635293,14.5281562621
0.0,-14.6276635197,14.528156461
0.0,-14.6268913434,14.5420404003
0.0,-14.6268913301,14.5420405919
0.0,-14.6252966574,14.5602259774
0.0,-14.6114453625,14.5612549933
0.0,-14.6037688393,14.5618249257
0.0,-14.5976600522,14.5715746801
0.0,-14.5978874905,14.5743678854
0.0,-14.5978519853,14.5743669102
0.0,-14.5948044041,14.5741799049
0.0,-14.5948007817,14.5741798986
0.0,-14.5918314249,14.5741747332
0.0,-14.5895827252,14.5741707964
0.0,-14.5894438886,14.5744873672
0.0,-14.5867880844,14.5745021361
0.0,-14.5860409079,14.5745062852
0.0,-14.576283011,14.5745602577
0.0,-14.5717313817,14.5744555903
0.0,-14.5650082909,14.5715519842
0.0,-14.5593751661,14.567975632
0.0,-14.5537420315,14.5644955221
0.0,-14.5485879015,14.5617599839
0.0,-14.547910399,14.561400388
0.0,-14.5483481554,14.5604280623
0.0,-14.5459875061,14.5609342155
0.0,-14.5413338472,14.5619706482
0.0,-14.541330225,14.5619706411
0.0,-14.5358772597,14.5619598873
0.0,-14.5315828187,14.5622998314
0.0,-14.5270196394,14.5628134034
0.0,-14.5270160172,14.5628133961
0.0,-14.5228153753,14.5628048658
0.0,-14.5189679801,14.5632326142
0.0,-14.5189659336,14.5632324319
0.0,-14.518964357,14.5632326067
0.0,-14.5129721895,14.5626974564
0.0,-14.5110474041,14.5624883464
0.0,-14.5010509697,14.5772290297
0.0,-14.4966576072,14.5788228294
0.0,-14.4874995265,14.5843251187
0.0,-14.4783460325,14.5876894242
0.0,-14.4611327177,14.5956663974
0.0,-14.4452053731,14.6009731088
0.0,-14.4259762958,14.609477005
0.0,-14.4069229886,14.6201172962
0.0,-14.4040617201,14.6210544456
0.0,-14.4001832352,14.6223246933
0.0,-14.3966692463,14.6234754954
0.0,-14.3919443128,14.6237260763
0.0,-14.3911922258,14.6237659532
0.0,-14.3902653613,14.6238150941
0.0,-14.3825958109,14.6188072123
0.0,-14.3662639263,14.6011142767
0.0,-14.2969979227,14.5884483996
0.0,-14.2781035234,14.5849896083
0.0,-14.2726753907,14.5817295194
