83,1,0,39,71,
0.0,-15.9190837281,12.5905686736
0.0,-15.9071341168,12.5815402781
0.0,-15.9037715713,12.5803300105
0.0,-15.9022518319,12.5797829993
0.0,-15.9013984507,12.5794758298
0.0,-15.899226019,12.5786938606
0.0,-15.8972190135,12.5783518575
0.0,-15.8950166242,12.5802578158
0.0,-15.8937222719,12.5813779325
0.0,-15.8909496889,12.5825355098
0.0,-15.8859356866,12.5848800321
0.0,-15.8779641822,12.5886071935
0.0,-15.8706698355,12.5923631358
0.0,-15.8670196865,12.5933797893
0.0,-15.865228775,12.593616384
0.0,-15.8588073636,12.5944646063
0.0,-15.8581088523,12.5945568654
0.0,-15.8452263163,12.5891445056
0.0,-15.8442060255,12.5887158119
0.0,-15.8362533112,12.5827368036
0.0,-15.8306847865,12.5779884704
0.0,-15.8271049592,12.5735783817
0.0,-15.8237062817,12.5709476324
0.0,-15.8234341032,12.570810698
0.0,-15.8218913417,12.5700345195
0.0,-15.8160982411,12.5680425961
0.0,-15.8131734893,12.5673624692
0.0,-15.8107271565,12.5674092275
0.0,-15.8099011759,12.5674250101
0.0,-15.8089923252,12.5677375808
0.0,-15.80533948,12.5689938272
0.0,-15.8051220723,12.5690892245
0.0,-15.8040914672,12.5695414464
0.0,-15.8024263538,12.5702720738
0.0,-15.8014508554,12.5707001022
0.0,-15.8010037862,12.5708962649
0.0,-15.8005358398,12.5711015876
0.0,-15.7981049754,12.5730128512
0.0,-15.7978632203,12.5732029278
0.0,-15.7971653748,12.5743748066
0.0,-15.7956456057,12.5769268837
0.0,-15.7946523012,12.5784758031
0.0,-15.7930770558,12.5810523287
0.0,-15.7928513815,12.5814180954
0.0,-15.7920181998,12.5827684842
0.0,-15.7908957976,12.5845876068
0.0,-15.7885908712,12.5875251273
0.0,-15.7862246351,12.59034319
0.0,-15.7836742142,12.5926832871
0.0,-15.7781466114,12.5972450373
0.0,-15.7725253006,12.5996851869
0.0,-15.7705028956,12.6005630516
0.0,-15.7665468173,12.6012921527
0.0,-15.763216064,12.6017057036
0.0,-15.7566852032,12.6025164626
0.0,-15.7507166763,12.6022940444
0.0,-15.7479544043,12.6022645313
0.0,-15.7460299168,12.6022439524
0.0,-15.7454882165,12.6021933165
0.0,-15.7429233448,12.601953547
0.0,-15.7406696677,12.6017803662
0.0,-15.7390872224,12.6020838014
0.0,-15.7368951247,12.6021496634
0.0,-15.7345189729,12.601737523
0.0,-15.7320798951,12.6006077985
0.0,-15.7286659967,12.5993012745
0.0,-15.7261063513,12.5985905001
0.0,-15.7234234192,12.597341732
0.0,-15.7210454883,12.5962715478
0.0,-15.7190344461,12.595738658
0.0,-15.7146169184,12.5946301415
0.0,-15.7131051948,12.5942471031
0.0,-15.7101318918,12.5934937024
0.0,-15.7045762027,12.5927428029
0.0,-15.6965681417,12.5924956489
0.0,-15.6960014624,12.59247815
0.0,-15.6953676823,12.5925020323
0.0,-15.6905458113,12.5926836842
0.0,-15.6848924897,12.5918369246
0.0,-15.6841841564,12.5918021241
0.0,-15.6830410388,12.5917459588
0.0,-15.678487279,12.5896606104
0.0,-15.6782611151,12.5895570377
0.0,-15.6726973414,12.585647412
0.0,-15.6721117402,12.5850234205
0.0,-15.6717316691,12.5846184298
0.0,-15.6681206077,12.5822349826
0.0,-15.6672365872,12.5794619042
0.0,-15.6666411632,12.5752526117
0.0,-15.6678945918,12.570177419
0.0,-15.6678155282,12.5644867889
0.0,-15.6677749347,12.5615647625
0.0,-15.6673666476,12.559084247
0.0,-15.6670821393,12.5573557063
0.0,-15.6663962662,12.5558262174
0.0,-15.6643448362,12.553630214
0.0,-15.6626848207,12.5521031238
0.0,-15.6606322315,12.5494285924
0.0,-15.6603236132,12.5490903728
0.0,-15.6590720663,12.5477187703
0.0,-15.65740852,12.5458956147
0.0,-15.6545757587,12.5428401394
0.0,-15.6494073226,12.5406515885
0.0,-15.6426825113,12.539327962
0.0,-15.6382001223,12.5387644482
0.0,-15.6336215058,12.5386795863
0.0,-15.628361234,12.5386919424
0.0,-15.6213544097,12.5415792549
0.0,-15.6121166013,12.5485866116
0.0,-15.6092966987,12.5507941414
0.0,-15.6037669835,12.5563271707
0.0,-15.6022988903,12.5577960868
0.0,-15.595494449,12.5643189292
0.0,-15.5929660637,12.5663342483
0.0,-15.5856521441,12.571797618
0.0,-15.5826169889,12.5738139528
0.0,-15.577469829,12.5763399341
0.0,-15.5733325508,12.5783702077
0.0,-15.5683126933,12.5817687222
0.0,-15.5654573072,12.5859090532
0.0,-15.5647361892,12.5869829564
0.0,-15.5622524477,12.5906817163
0.0,-15.5594589402,12.5964870561
0.0,-15.5593183535,12.5970343977
0.0,-15.5592425092,12.5973296778
0.0,-15.5361018993,12.5893660148
0.0,-15.5312591528,12.5880461022
0.0,-15.521113224,12.5852804496
0.0,-15.5005782683,12.5847253268
0.0,-15.5001535812,12.5846496701
0.0,-15.4976394105,12.5863052982
0.0,-15.4964195006,12.5858449411
0.0,-15.491994474,12.5841750092
0.0,-15.4908204136,12.5827538795
0.0,-15.4899345481,12.582563009
0.0,-15.4891454783,12.5823062563
0.0,-15.4841435743,12.5806786393
0.0,-15.4806561857,12.5788458005
0.0,-15.4770092159,12.5769290155
0.0,-15.475541833,12.5761577618
0.0,-15.4712201481,12.5734628715
0.0,-15.4711805871,12.5746938374
0.0,-15.4571658208,12.5663673703
0.0,-15.4580192597,12.5652303466
0.0,-15.4508350743,12.558958877
0.0,-15.4454013443,12.5632668308
0.0,-15.4352687099,12.5456851056
0.0,-15.4255506158,12.5376256477
0.0,-15.4332109705,12.5332346454
0.0,-15.4583993501,12.5233833151
0.0,-15.5030413208,12.5053054823
0.0,-15.5038933517,12.5049357361
0.0,-15.5098153409,12.5023657398
0.0,-15.5118586069,12.5014789708
0.0,-15.549505638,12.4851365203
0.0,-15.5556640882,12.4824612311
0.0,-15.5898751597,12.4675961075
0.0,-15.5891570917,12.4639806633
0.0,-15.6243694543,12.4467710894
0.0,-15.6251826922,12.4492856421
0.0,-15.6359171112,12.4445131015
0.0,-15.6808434497,12.4245323709
0.0,-15.7030410349,12.4278690365
0.0,-15.7081550716,12.4286452374
0.0,-15.7369425018,12.4338079683
0.0,-15.7775224228,12.4378488545
0.0,-15.8115183516,12.4420554483
0.0,-15.8337277449,12.4446674424
0.0,-15.8371969828,12.4447603997
0.0,-15.8830716831,12.4497246957
0.0,-15.8878065671,12.4504556189
0.0,-15.8877924134,12.4505067072
0.0,-15.8873448318,12.4521222401
0.0,-15.8871763869,12.454132404
0.0,-15.8873027996,12.4569454433
0.0,-15.8882487484,12.4602151281
0.0,-15.8887237862,12.4624528443
0.0,-15.8916559215,12.4656011362
0.0,-15.8934126787,12.4667436773
0.0,-15.8983273287,12.4686795598
0.0,-15.9015976597,12.4704329254
0.0,-15.9018395653,12.4705626188
0.0,-15.9022462336,12.4706832428
0.0,-15.9038759109,12.4711666213
0.0,-15.9039451778,12.4711871662
0.0,-15.9055811772,12.4711816836
0.0,-15.9056006629,12.4711750283
0.0,-15.9057359741,12.4711288126
0.0,-15.9064340978,12.4708116238
0.0,-15.9064348862,12.4708115769
0.0,-15.9064485034,12.4708028318
0.0,-15.90645344,12.470802836
0.0,-15.9068831763,12.4706075866
0.0,-15.9071350953,12.470493127
0.0,-15.9076156838,12.4700745001
0.0,-15.9077084451,12.4699936987
0.0,-15.9077119494,12.4699906461
0.0,-15.9078253548,12.4698918612
0.0,-15.908028659,12.4697147682
0.0,-15.9083015313,12.4695676614
0.0,-15.90841221,12.469507995
0.0,-15.908682445,12.4693623099
0.0,-15.9087358776,12.4693338755
0.0,-15.9088345843,12.4692802902
0.0,-15.9092300558,12.4690670885
0.0,-15.909509057,12.4689166767
0.0,-15.9096495328,12.4688409439
0.0,-15.9096745117,12.4688274775
0.0,-15.9096926456,12.4688177017
0.0,-15.909701657,12.4688128438
0.0,-15.9097185327,12.4688037458
0.0,-15.9104251824,12.4680260095
0.0,-15.9110765801,12.467986628
0.0,-15.9116116701,12.4679542764
0.0,-15.911791454,12.4679434067
0.0,-15.9118941562,12.4679413139
0.0,-15.912016,12.4679418835
0.0,-15.9122411816,12.4679429358
0.0,-15.9122556675,12.4679430035
0.0,-15.9125328584,12.4679442985
0.0,-15.9136610331,12.4671673902
0.0,-15.9140213087,12.4668591499
0.0,-15.9148361318,12.4661620074
0.0,-15.9162390296,12.4656326886
0.0,-15.9179077329,12.4650030688
0.0,-15.9193533724,12.4644604476
0.0,-15.9193625008,12.4644541576
0.0,-15.9203707759,12.4640737116
0.0,-15.9215893018,12.4638966285
0.0,-15.9216233259,12.4640078711
0.0,-15.9216238203,12.4640077004
0.0,-15.9230974914,12.4676773482
0.0,-15.9239240203,12.470086029
0.0,-15.9255693795,12.4727215673
0.0,-15.9273953737,12.4768493079
0.0,-15.9276372684,12.4791451467
0.0,-15.9270582814,12.4806399731
0.0,-15.9255421531,12.4815064304
0.0,-15.9227174503,12.4824424137
0.0,-15.9225656536,12.4824927119
0.0,-15.9223872779,12.4826104474
0.0,-15.9204670147,12.4838778855
0.0,-15.9193596613,12.4846854985
0.0,-15.9187521841,12.4855230391
0.0,-15.918711639,12.4855789402
0.0,-15.9187231603,12.4855806569
0.0,-15.9188449763,12.4859004239
0.0,-15.9193351398,12.487893897
0.0,-15.919983665,12.4894604723
0.0,-15.9206812588,12.4907510969
0.0,-15.9210508698,12.4919953695
0.0,-15.921415047,12.4948388153
0.0,-15.9214966493,12.4972879337
0.0,-15.9213987984,12.4984840719
0.0,-15.9209662451,12.5008274268
0.0,-15.920540294,12.5021128457
0.0,-15.9203910109,12.5041353712
0.0,-15.9203381339,12.5056082661
0.0,-15.9204181801,12.508965961
0.0,-15.9206942262,12.5102546305
0.0,-15.9212040943,12.5115458899
0.0,-15.9217163205,12.5122844486
0.0,-15.9224118903,12.5140362098
0.0,-15.9234827451,12.5156973911
0.0,-15.9244601504,12.5170367679
0.0,-15.9250558767,12.5177733897
0.0,-15.9255795095,12.5184208618
0.0,-15.9266497504,12.5198989297
0.0,-15.9280017676,12.5215150405
0.0,-15.9310401659,12.5234169131
0.0,-15.9313064599,12.5235066312
0.0,-15.9313751623,12.5235487991
0.0,-15.9317183143,12.523645391
0.0,-15.9339732136,12.524405081
0.0,-15.9346429935,12.5246307293
0.0,-15.9356943222,12.5257878322
0.0,-15.9362483447,12.5257403801
0.0,-15.9365854212,12.5260570267
0.0,-15.9390451081,12.5274838568
0.0,-15.9405630957,12.5281484079
0.0,-15.9435171912,12.5293533344
0.0,-15.9460062445,12.530368543
0.0,-15.9502445973,12.5339817477
0.0,-15.9532396662,12.5426300388
0.0,-15.9531854452,12.5437785537
0.0,-15.9529564457,12.5450781659
0.0,-15.9525621125,12.5490986922
0.0,-15.9528665908,12.5524277446
0.0,-15.9528720841,12.5539205425
0.0,-15.9518454644,12.5557072288
0.0,-15.9518869766,12.5563963198
0.0,-15.9549773299,12.5623183233
0.0,-15.9563471334,12.5639402279
0.0,-15.9584457938,12.5650810519
0.0,-15.9600078002,12.5659845485
0.0,-15.9626006909,12.569037429
0.0,-15.9632877716,12.5704225104
0.0,-15.9639816395,12.5736257312
0.0,-15.9648361262,12.5807039361
0.0,-15.9606732495,12.588317501
0.0,-15.9592418263,12.5879303749
0.0,-15.9586792341,12.5886207284
0.0,-15.9582896572,12.5889660954
0.0,-15.9573401222,12.5898078685
0.0,-15.9571546753,12.589972268
0.0,-15.9568692732,12.5909511384
0.0,-15.9568125394,12.5914739465
0.0,-15.9568622131,12.595192571
0.0,-15.9568622882,12.5951981558
0.0,-15.9568954406,12.5952371089
0.0,-15.9576255494,12.5960949386
0.0,-15.9597439025,12.5969253704
0.0,-15.9599432283,12.597003509
0.0,-15.9599477125,12.5970052669
0.0,-15.9599518749,12.5971293502
0.0,-15.9600581309,12.6002969368
0.0,-15.9601011337,12.6015788393
0.0,-15.9612457838,12.6054598576
0.0,-15.9618931039,12.6066058425
0.0,-15.9622515315,12.6075842367
0.0,-15.9634719953,12.6109156535
0.0,-15.9646099675,12.6140218079
0.0,-15.9648737006,12.6154655852
0.0,-15.9650819337,12.6166055207
0.0,-15.9652506449,12.6181847667
0.0,-15.9655741439,12.6192912187
0.0,-15.9661766047,12.6211335679
0.0,-15.9661715432,12.6224683827
0.0,-15.9661619379,12.6245853299
0.0,-15.9661314329,12.6255031833
0.0,-15.9660114856,12.6254588615
0.0,-15.9648754138,12.6240471192
0.0,-15.9613714848,12.6204599287
0.0,-15.9582666849,12.6179657912
0.0,-15.9549456346,12.6159251916
0.0,-15.9521865568,12.6142080505
0.0,-15.9490567315,12.6115699265
0.0,-15.9452619298,12.6085438049
0.0,-15.9430265005,12.6069844476
0.0,-15.938597698,12.6044428856
0.0,-15.9342763941,12.6019068241
0.0,-15.9326095508,12.6008308927
0.0,-15.9282701215,12.5980297368
0.0,-15.9275501128,12.597564948
0.0,-15.9269445107,12.5965961721
0.0,-15.9236274508,12.5940013131
0.0,-15.9200413341,12.59129213
0.0,-15.9190837281,12.5905686736
