46,7,4,46,0,
0.0,-15.5925708441,15.4970695398
0.0,-15.5913462325,15.4958887588
0.0,-15.5752332354,15.509907093
0.0,-15.5751559623,15.5098795436
0.0,-15.5725608689,15.5069594438
0.0,-15.5678095178,15.5040448597
0.0,-15.5629709728,15.499869248
0.0,-15.5604615207,15.4973736776
0.0,-15.5566374948,15.4919093364
0.0,-15.5558899744,15.4911299003
0.0,-15.5526750401,15.487777606
0.0,-15.5479147856,15.4810994885
0.0,-15.5444523698,15.4760916896
0.0,-15.5414193789,15.4702454036
0.0,-15.5388187727,15.4648161403
0.0,-15.5368453214,15.4586507796
0.0,-15.5353418245,15.4539544754
0.0,-15.5334817937,15.4502546033
0.0,-15.5317102497,15.4467319208
0.0,-15.5305336526,15.4459990648
0.0,-15.5293646091,15.4452548837
0.0,-15.5282097972,15.4444914511
0.0,-15.5270732807,15.4437031072
0.0,-15.5259472225,15.4429000415
0.0,-15.5248287194,15.4420867812
0.0,-15.5237157425,15.4412667216
0.0,-15.5226065443,15.4404398668
0.0,-15.5214993905,15.4396118712
0.0,-15.5203925333,15.438782739
0.0,-15.5192839438,15.4379558652
0.0,-15.5181715872,15.4371335146
0.0,-15.5170540163,15.4363190808
0.0,-15.5159355796,15.435504643
0.0,-15.514820631,15.4346834108
0.0,-15.5137051049,15.4338610439
0.0,-15.5125849477,15.4330465923
0.0,-15.5114560908,15.4322445856
0.0,-15.5105038126,15.4315922449
0.0,-15.5103150603,15.4314629421
0.0,-15.5091575023,15.4307084521
0.0,-15.507977006,15.4299799999
0.0,-15.5067619229,15.4292776118
0.0,-15.5055103175,15.4286453644
0.0,-15.5042214165,15.4281239415
0.0,-15.5028941437,15.4277517675
0.0,-15.5015342292,15.4274904063
0.0,-15.5001509081,15.4273048044
0.0,-15.4987528437,15.4271644298
0.0,-15.4973490007,15.4270432706
0.0,-15.4950186907,15.4268032518
0.0,-15.4938121946,15.4274907634
0.0,-15.4926135886,15.428192942
0.0,-15.4914158539,15.4288973725
0.0,-15.4902131362,15.4295916371
0.0,-15.4889984128,15.4302621902
0.0,-15.4877658325,15.4308977437
0.0,-15.4865107127,15.431488137
0.0,-15.485243012,15.4320570794
0.0,-15.483965949,15.4326113442
0.0,-15.4826803963,15.4331497991
0.0,-15.4813863463,15.4336690539
0.0,-15.4800846744,15.4341702366
0.0,-15.4787756682,15.4346510862
0.0,-15.4774599107,15.4351116015
0.0,-15.4761379812,15.4355506508
0.0,-15.4748119399,15.4359772704
0.0,-15.4734832583,15.4363982374
0.0,-15.4721522343,15.4368158113
0.0,-15.4708185676,15.4372266025
0.0,-15.46948255,15.4376306104
0.0,-15.468144475,15.4380289642
0.0,-15.4668040503,15.4384205346
0.0,-15.4654612741,15.4388053215
0.0,-15.4641164342,15.439181064
0.0,-15.4627698266,15.4395500218
0.0,-15.4614211531,15.4399088051
0.0,-15.460070418,15.440259674
0.0,-15.4587179081,15.4406003677
0.0,-15.4573639144,15.4409308857
0.0,-15.4560075623,15.4412500996
0.0,-15.4546438668,15.4415433285
0.0,-15.4532719429,15.4418049237
0.0,-15.4518929635,15.4420382729
0.0,-15.4505086866,15.4422478927
0.0,-15.4491208627,15.4424349096
0.0,-15.4477306696,15.4426049714
0.0,-15.4463398575,15.4427592047
0.0,-15.44494989,15.4429009967
0.0,-15.4435595911,15.4430246995
0.0,-15.4421648402,15.4431099797
0.0,-15.440766819,15.4431647455
0.0,-15.4393666989,15.4431912547
0.0,-15.437965952,15.4431974148
0.0,-15.4374840831,15.4431944746
0.0,-15.4365663391,15.4431888729
0.0,-15.4358761065,15.4431796282
0.0,-15.4351684535,15.4431701479
0.0,-15.4337647555,15.443158206
0.0,-15.4323575443,15.4431372214
0.0,-15.4309528958,15.4430879709
0.0,-15.4295565966,15.4429912318
0.0,-15.428174144,15.4428277824
0.0,-15.4279678446,15.442790236
0.0,-15.4268101608,15.4425795326
0.0,-15.4254559421,15.4422611906
0.0,-15.4251349425,15.4421723025
0.0,-15.4241103545,15.4418885797
0.0,-15.4227745773,15.4414673482
0.0,-15.4214509559,15.4410054025
0.0,-15.4201409668,15.4405117806
0.0,-15.4188466648,15.4399943895
0.0,-15.4175642757,15.4394588869
0.0,-15.4162847732,15.4389075501
0.0,-15.4150107759,15.438338114
0.0,-15.4137463531,15.437746051
0.0,-15.4124949994,15.4371313546
0.0,-15.4112599105,15.4364894987
0.0,-15.4107002274,15.4361802881
0.0,-15.4100448685,15.4358182165
0.0,-15.4088530767,15.4351163724
0.0,-15.4076868528,15.4343783119
0.0,-15.4069679257,15.433891551
0.0,-15.4065432862,15.4336040408
0.0,-15.4054194695,15.432796955
0.0,-15.4043136703,15.4319638385
0.0,-15.403223853,15.4311069554
0.0,-15.4021474122,15.4302342212
0.0,-15.4010828954,15.429347899
0.0,-15.4000276959,15.4284547741
0.0,-15.3989803623,15.4275582395
0.0,-15.397940884,15.4266526449
0.0,-15.3969109986,15.4257323369
0.0,-15.3958930427,15.4248007017
0.0,-15.3948881739,15.4238543471
0.0,-15.3938984317,15.4228932698
0.0,-15.3929255655,15.4219185968
0.0,-15.3919710269,15.4209280657
0.0,-15.3910368539,15.4199205431
0.0,-15.3901268269,15.4188937623
0.0,-15.3892389077,15.4178477273
0.0,-15.388368153,15.4167869673
0.0,-15.3875090389,15.4157160124
0.0,-15.3866569099,15.4146382613
0.0,-15.386269005,15.4141461192
0.0,-15.3834624645,15.4121646068
0.0,-15.378870893,15.4089226403
0.0,-15.3731944644,15.404914416
0.0,-15.3604786188,15.3965205263
0.0,-15.3594559258,15.39569941
0.0,-15.35770904,15.3942968172
0.0,-15.3567696706,15.3928748135
0.0,-15.3553555693,15.3896165465
0.0,-15.3522447638,15.3818076674
0.0,-15.3480483457,15.3729485711
0.0,-15.3443323053,15.3653288339
0.0,-15.344318387,15.3653108651
0.0,-15.3443044688,15.3652928964
0.0,-15.3401466438,15.3599249064
0.0,-15.3377962515,15.357622868
0.0,-15.3354067029,15.3552848293
0.0,-15.3354066833,15.3552848094
0.0,-15.3354237074,15.355276572
0.0,-15.345584698,15.3503429425
0.0,-15.3411785126,15.341266376
0.0,-15.3378211696,15.3374587162
0.0,-15.3353876729,15.3332010549
0.0,-15.333647057,15.3286059085
0.0,-15.3328325132,15.3250186312
0.0,-15.3330586442,15.3218783624
0.0,-15.3347704905,15.3169733401
0.0,-15.3358841103,15.3147035481
0.0,-15.338082598,15.3118501082
0.0,-15.3439390338,15.3040077541
0.0,-15.3439417431,15.3040041255
0.0,-15.3464957187,15.2925937908
0.0,-15.3431677036,15.2779877587
0.0,-15.3374745833,15.2668624813
0.0,-15.3373807238,15.2668419515
0.0,-15.3168699813,15.2568853803
0.0,-15.3137485468,15.2553698865
0.0,-15.3229426397,15.2175391743
0.0,-15.3437776903,15.2177937112
0.0,-15.3484926965,15.2068800557
0.0,-15.3564019684,15.1884927727
0.0,-15.3565066428,15.1882806497
0.0,-15.3561881473,15.1882486018
0.0,-15.3615085307,15.1781043593
0.0,-15.3630388123,15.1749976449
0.0,-15.3696807495,15.1615373328
0.0,-15.3725776402,15.1556649985
0.0,-15.3706337007,15.1536415882
0.0,-15.3652139388,15.1479999593
0.0,-15.3627178128,15.1454015028
0.0,-15.3616136771,15.1445489036
0.0,-15.3606443276,15.1438161845
0.0,-15.360494728,15.1437031031
0.0,-15.3593615471,15.1428641002
0.0,-15.3582152972,15.1420318928
0.0,-15.3570565599,15.1412064799
0.0,-15.355885916,15.1403867301
0.0,-15.3547045291,15.1395726415
0.0,-15.3535129781,15.1387630828
0.0,-15.3523124283,15.1379591823
0.0,-15.3511031682,15.137158679
0.0,-15.3498863595,15.1363615711
0.0,-15.3486625876,15.1355689877
0.0,-15.3474330104,15.1347786665
0.0,-15.3544805605,15.1223113409
0.0,-15.3689344969,15.1252277128
0.0,-15.3783999842,15.1169795202
0.0,-15.3848701226,15.1113408732
0.0,-15.3892667855,15.1079491133
0.0,-15.4128371033,15.0897627742
0.0,-15.4364817537,15.0640035164
0.0,-15.4500372426,15.0515919178
0.0,-15.4564444895,15.0457245784
0.0,-15.4637728431,15.0196957749
0.0,-15.4637999152,15.0095904537
0.0,-15.4638424977,14.9937039993
0.0,-15.4638460128,14.9923931194
0.0,-15.4638482077,14.991574544
0.0,-15.4526581732,14.9915894584
0.0,-15.4587533428,14.9746913948
0.0,-15.4669621755,14.9519291851
0.0,-15.4674979111,14.9352496018
0.0,-15.4678842015,14.9232220182
0.0,-15.4689491594,14.910906875
0.0,-15.4690689894,14.9095210946
0.0,-15.4632245795,14.8995432034
0.0,-15.4609616487,14.8914081959
0.0,-15.4626176881,14.8856360803
0.0,-15.4646089471,14.8786951545
0.0,-15.4713009479,14.8700939976
0.0,-15.4723441924,14.8687530482
0.0,-15.4782526846,14.86377766
0.0,-15.4831375537,14.8485669698
0.0,-15.4831561913,14.848513214
0.0,-15.4831409576,14.8476561863
0.0,-15.4839775551,14.8407309192
0.0,-15.4841329166,14.8394448079
0.0,-15.4844305704,14.8394872392
0.0,-15.4863650883,14.8400527436
0.0,-15.4884006377,14.8400755528
0.0,-15.4903889607,14.8397639253
0.0,-15.492330928,14.8395066264
0.0,-15.4953052297,14.8395364041
0.0,-15.4972937632,14.8393241684
0.0,-15.4990030246,14.8389226596
0.0,-15.5009904689,14.8386199841
0.0,-15.5030339104,14.8376662134
0.0,-15.5046375961,14.8369631492
0.0,-15.5054015717,14.8366292132
0.0,-15.5077696342,14.8357741394
0.0,-15.5102863,14.834882548
0.0,-15.5130360428,14.8339361636
0.0,-15.5148375293,14.8332631022
0.0,-15.5175488596,14.8321811353
0.0,-15.5204375268,14.8314242134
0.0,-15.523799515,14.8303949479
0.0,-15.5275502829,14.8287318713
0.0,-15.5312539595,14.827195418
0.0,-15.5347555505,14.8259396478
0.0,-15.536417495,14.8252678753
0.0,-15.5385995371,14.8244569992
0.0,-15.5407817924,14.8237387727
0.0,-15.5432445727,14.8237137618
0.0,-15.5452181154,14.8250200423
0.0,-15.5495931281,14.8273060523
0.0,-15.5522744741,14.829162079
0.0,-15.5562202784,14.8316388477
0.0,-15.5597485629,14.8334565699
0.0,-15.5629503308,14.8352298302
0.0,-15.566525969,14.8377898179
0.0,-15.5698113606,14.8395085263
0.0,-15.5736277271,14.8416598278
0.0,-15.5757118634,14.8430311045
0.0,-15.5772961514,14.8440736222
0.0,-15.5784692542,14.8448210723
0.0,-15.5814769949,14.8469109834
0.0,-15.5845848228,14.8481778731
0.0,-15.5984264527,14.8573479338
0.0,-15.5984736204,14.8573194658
0.0,-15.6035805678,14.8598829152
0.0,-15.6007115763,14.862959656
0.0,-15.5994976142,14.8642614863
0.0,-15.6159349622,14.8684241767
0.0,-15.6320916584,14.8773478787
0.0,-15.636260482,14.8783514877
0.0,-15.6406265663,14.8794024935
0.0,-15.6354055556,14.8883753503
0.0,-15.6355887508,14.8964607327
0.0,-15.6390003179,14.9030487817
0.0,-15.6435445046,14.910182817
0.0,-15.6497786125,14.915113914
0.0,-15.6554492533,14.9205956701
0.0,-15.6628299434,14.9304706522
0.0,-15.6663683185,14.94210937
0.0,-15.6721692072,14.9454702251
0.0,-15.6791193472,14.9458994496
0.0,-15.6869805611,14.9415974349
0.0,-15.6945913425,14.9314409378
0.0,-15.7003471298,14.9208401171
0.0,-15.7065750297,14.9131635042
0.0,-15.7116551046,14.9086443757
0.0,-15.7158151771,14.9061542622
0.0,-15.7185915055,14.9045030356
0.0,-15.7222862397,14.9023611032
0.0,-15.7225584869,14.9022027001
0.0,-15.7226920168,14.9021245734
0.0,-15.7273734635,14.9000379976
0.0,-15.7322318972,14.8986709434
0.0,-15.7368617873,14.898205199
0.0,-15.7412598257,14.897741242
0.0,-15.7456620049,14.8984027476
0.0,-15.7499809126,14.9019569563
0.0,-15.7551764643,14.904226521
0.0,-15.7584333931,14.9084942294
0.0,-15.7602979552,14.9118658424
0.0,-15.7616983781,14.9150140968
0.0,-15.7633298983,14.9179355544
0.0,-15.7658925054,14.9222054509
0.0,-15.7677546238,14.9249023439
0.0,-15.7699101732,14.9282299416
0.0,-15.771546569,14.930584016
0.0,-15.7720478775,14.9329690336
0.0,-15.7727366773,14.9357783219
0.0,-15.7729067408,14.9391317948
0.0,-15.7737417309,14.9412094279
0.0,-15.7750434682,14.9437906151
0.0,-15.7764923907,14.9459192655
0.0,-15.7778941647,14.9478582141
0.0,-15.7798256597,14.9497049396
0.0,-15.7814616258,14.9521041307
0.0,-15.7829495363,14.9546936668
0.0,-15.7850681355,14.9568199567
0.0,-15.786842218,14.9588118045
0.0,-15.7892461591,14.960114381
0.0,-15.7929786065,14.9610597399
0.0,-15.7962364607,14.9619072468
0.0,-15.7989205023,14.9634889948
0.0,-15.8057541741,14.9667975702
0.0,-15.8139329318,14.9707569663
0.0,-15.8254443614,14.9756510744
0.0,-15.8262897011,14.9760104405
0.0,-15.8380759341,14.9872263513
0.0,-15.840145896,14.9925653374
0.0,-15.8401459233,14.9925654006
0.0,-15.8418336196,14.9969181918
0.0,-15.8411170073,15.0063367336
0.0,-15.8410969932,15.0065833377
0.0,-15.8410982733,15.0065834026
0.0,-15.8405300906,15.0140507433
0.0,-15.8404419312,15.0146586252
0.0,-15.8404348077,15.0147077461
0.0,-15.8384189725,15.0286066638
0.0,-15.8384189306,15.0286066712
0.0,-15.8384189634,15.0286067145
0.0,-15.8375684088,15.0344707262
0.0,-15.8459393794,15.0447492934
0.0,-15.8459394159,15.0447493475
0.0,-15.8407560001,15.0507140205
0.0,-15.8055159029,15.0512400072
0.0,-15.8056050009,15.0535300551
0.0,-15.8064296445,15.0747151655
0.0,-15.8068157265,15.0846334737
0.0,-15.8072973447,15.0970105463
0.0,-15.8079049077,15.1126208325
0.0,-15.8082642135,15.1218483208
0.0,-15.8089948562,15.1406081025
0.0,-15.8096574725,15.1576206405
0.0,-15.8098715971,15.1631165557
0.0,-15.8099031052,15.1639249829
0.0,-15.8099030772,15.1639249731
0.0,-15.8114427899,15.2034183739
0.0,-15.8121682778,15.2220184891
0.0,-15.8123656197,15.2270769986
0.0,-15.812367113,15.2271153013
0.0,-15.8124944053,15.2303791902
0.0,-15.8141050343,15.2716627338
0.0,-15.8141051638,15.2716629765
0.0,-15.8165634119,15.282598112
0.0,-15.8206077867,15.3071372993
0.0,-15.8206600589,15.3074544114
0.0,-15.8207925394,15.3082581205
0.0,-15.8205378924,15.3129360747
0.0,-15.8192471306,15.336646092
0.0,-15.8187059251,15.3465866525
0.0,-15.8177302885,15.3645053502
0.0,-15.8175683671,15.3686541221
0.0,-15.8159812226,15.3692207105
0.0,-15.809480543,15.37111009
0.0,-15.8054056409,15.3736455572
0.0,-15.8024941922,15.3754570246
0.0,-15.802168389,15.3762421448
0.0,-15.795378078,15.3926040538
0.0,-15.7915829401,15.4017476683
0.0,-15.7838388806,15.420398279
0.0,-15.7820700852,15.4233142192
0.0,-15.7725661298,15.4389803494
0.0,-15.769736544,15.44364407
0.0,-15.7726806504,15.4566436522
0.0,-15.7711286865,15.4617134154
0.0,-15.7702090088,15.4652789604
0.0,-15.7698489136,15.4666750013
0.0,-15.7692906184,15.4688393996
0.0,-15.7680163599,15.4737792898
0.0,-15.7632422953,15.4846571926
0.0,-15.7608594692,15.4906687446
0.0,-15.7510600394,15.4911678253
0.0,-15.7419680569,15.4916304858
0.0,-15.7405720324,15.4917014918
0.0,-15.7363641897,15.4986331593
0.0,-15.7329690726,15.504225627
0.0,-15.7282800734,15.5119492255
0.0,-15.7175940088,15.5295486063
0.0,-15.7160047546,15.5321657341
0.0,-15.7104968225,15.5412348937
0.0,-15.7000033851,15.5585105137
0.0,-15.6990351023,15.5601046624
0.0,-15.6935565433,15.5691232309
0.0,-15.6900959222,15.5801010157
0.0,-15.6894492831,15.5886086603
0.0,-15.689966186,15.5965055558
0.0,-15.690390484,15.6029870894
0.0,-15.6906639455,15.6071641741
0.0,-15.6830068679,15.6288381131
0.0,-15.6806480906,15.6299901686
0.0,-15.6763879434,15.6277138858
0.0,-15.6664312874,15.6207867203
0.0,-15.6634626112,15.6187211346
0.0,-15.6630912747,15.6184782104
0.0,-15.6553512171,15.6140839195
0.0,-15.6453689453,15.6084159539
0.0,-15.6236218892,15.5920411487
0.0,-15.6241118059,15.5881511665
0.0,-15.6248166943,15.5828820646
0.0,-15.6262472862,15.5765543107
0.0,-15.6264718757,15.5709317349
0.0,-15.6264604035,15.5671425683
0.0,-15.6264562753,15.5657788056
0.0,-15.6264490051,15.5633767351
0.0,-15.6264428076,15.5613287519
0.0,-15.6259454497,15.5566461533
0.0,-15.625448115,15.5519624208
0.0,-15.6249557556,15.5489194889
0.0,-15.623495383,15.5454091968
0.0,-15.6224226404,15.5435731494
0.0,-15.6213096342,15.5416681482
0.0,-15.619612709,15.5397993119
0.0,-15.6183999472,15.5381630233
0.0,-15.6169460398,15.5367613205
0.0,-15.6160187381,15.5363491857
0.0,-15.6147459578,15.5357809337
0.0,-15.613466515,15.535223993
0.0,-15.6121891091,15.5346636489
0.0,-15.610922733,15.5340863159
0.0,-15.6096757914,15.5334761504
0.0,-15.6084572736,15.5328184373
0.0,-15.6072660196,15.5321143103
0.0,-15.6060907172,15.5313818816
0.0,-15.6049296315,15.5306256764
0.0,-15.6037801549,15.5298502222
0.0,-15.6026402594,15.5290600449
0.0,-15.6015082068,15.5282585396
0.0,-15.6003813924,15.5274513636
0.0,-15.5992580791,15.526643042
0.0,-15.5981431991,15.5258256511
0.0,-15.5970437131,15.5249878717
0.0,-15.5959546858,15.5241364977
0.0,-15.5948717643,15.5232771912
0.0,-15.5999806445,15.5207881018
0.0,-15.6001966,15.5206828825
0.0,-15.6015768014,15.5173143984
0.0,-15.6033361086,15.5130205155
0.0,-15.6005855259,15.5060488288
0.0,-15.5940961559,15.4985402299
0.0,-15.5925708441,15.4970695398
