87,1,0,57,9,
0.0,-15.2704275387,12.8572770676
0.0,-15.2674669166,12.8536363186
0.0,-15.2673754807,12.853523875
0.0,-15.2655708896,12.8533821536
0.0,-15.2641172144,12.8527041874
0.0,-15.2567151827,12.8492518307
0.0,-15.2557151515,12.8489656986
0.0,-15.2539423583,12.846238533
0.0,-15.2528293474,12.8445262999
0.0,-15.2518350123,12.8431497701
0.0,-15.2510591106,12.8420756195
0.0,-15.2485574197,12.8396256191
0.0,-15.2480252689,12.8389555912
0.0,-15.2464212842,12.8369359925
0.0,-15.2459933648,12.8356802961
0.0,-15.2461128933,12.8332278042
0.0,-15.2431217997,12.8288043348
0.0,-15.2431765502,12.8251451403
0.0,-15.2431790788,12.8249761721
0.0,-15.2431170914,12.8238995726
0.0,-15.2423221767,12.8212684787
0.0,-15.2421597735,12.8192042493
0.0,-15.2396563897,12.8146307478
0.0,-15.2373071518,12.8118515119
0.0,-15.2364526975,12.8106260873
0.0,-15.2355672736,12.8088623581
0.0,-15.2341637642,12.8070691785
0.0,-15.2330657615,12.8060832159
0.0,-15.2310842484,12.8053671889
0.0,-15.230017581,12.8053083081
0.0,-15.2288589489,12.8065464391
0.0,-15.227916844,12.8075531736
0.0,-15.2269575897,12.8094792271
0.0,-15.2250090898,12.8116342158
0.0,-15.2238190783,12.8120998647
0.0,-15.2196472244,12.8137322479
0.0,-15.2135533934,12.815292435
0.0,-15.2110547683,12.8157729657
0.0,-15.2075802142,12.8154168422
0.0,-15.2025819214,12.8151216642
0.0,-15.1978275394,12.8149458369
0.0,-15.196503579,12.8149949507
0.0,-15.1945362349,12.8150679188
0.0,-15.1886859283,12.8165077255
0.0,-15.1836265485,12.8160327878
0.0,-15.1764329096,12.8141834591
0.0,-15.1728963663,12.8122119251
0.0,-15.1694820189,12.8105991534
0.0,-15.1631412079,12.8076124298
0.0,-15.1614342625,12.8070751491
0.0,-15.16072376,12.806836449
0.0,-15.1588286937,12.8061997725
0.0,-15.1553762849,12.8058572984
0.0,-15.1529780989,12.8071794097
0.0,-15.1502870203,12.8079848668
0.0,-15.1482387898,12.8074692294
0.0,-15.145663332,12.8058628488
0.0,-15.1424866908,12.8035416009
0.0,-15.1424438633,12.803510306
0.0,-15.141629052,12.8025976024
0.0,-15.1389949545,12.8005892318
0.0,-15.1369269914,12.7994992951
0.0,-15.1356974974,12.7980452386
0.0,-15.1331815268,12.7979699582
0.0,-15.1315820158,12.7975113847
0.0,-15.1303925028,12.7978756488
0.0,-15.127115771,12.7975327175
0.0,-15.1264058858,12.7975732535
0.0,-15.1261016287,12.7975906267
0.0,-15.1260222567,12.7948535424
0.0,-15.1256704145,12.793265031
0.0,-15.1269757169,12.7904698613
0.0,-15.1269851444,12.7904603275
0.0,-15.1270319594,12.7903555373
0.0,-15.12769415,12.7896702222
0.0,-15.1280626361,12.7893706595
0.0,-15.1285901171,12.7889418381
0.0,-15.1288889538,12.788534994
0.0,-15.1293957684,12.7878449995
0.0,-15.1303397605,12.7870238967
0.0,-15.1317511051,12.7862997682
0.0,-15.1329915131,12.7857667484
0.0,-15.1338228622,12.7854091356
0.0,-15.1348205419,12.7854267133
0.0,-15.1356018235,12.7851358116
0.0,-15.1369242134,12.7839505162
0.0,-15.1374244496,12.7825155015
0.0,-15.1374523144,12.7824355654
0.0,-15.1374966503,12.7820065915
0.0,-15.1376010736,12.7809962244
0.0,-15.137656535,12.7804595976
0.0,-15.1376191327,12.7794468185
0.0,-15.1368831498,12.7777392337
0.0,-15.1363818797,12.7761242146
0.0,-15.1361157958,12.7744197749
0.0,-15.1358998987,12.7729351181
0.0,-15.1358947277,12.7728995597
0.0,-15.1359248106,12.7727078259
0.0,-15.1362224529,12.770810807
0.0,-15.1368524523,12.7697355131
0.0,-15.1379437495,12.7683185309
0.0,-15.139989685,12.7652740759
0.0,-15.1405157419,12.764431604
0.0,-15.141703754,12.7616747018
0.0,-15.1442748527,12.7564287439
0.0,-15.1451127373,12.7553372626
0.0,-15.1464567441,12.7527333789
0.0,-15.1477814125,12.7504548909
0.0,-15.1491824708,12.7485460451
0.0,-15.1504685651,12.7471264147
0.0,-15.1672677207,12.7437826567
0.0,-15.1826490843,12.7389490184
0.0,-15.1834974173,12.7386559025
0.0,-15.188323892,12.7369881973
0.0,-15.1895016555,12.7352713379
0.0,-15.1899002727,12.7343315197
0.0,-15.1916285313,12.7339206875
0.0,-15.1944546271,12.7323873674
0.0,-15.1989375066,12.7301828528
0.0,-15.2011739557,12.730267606
0.0,-15.205975836,12.7304210113
0.0,-15.2221925643,12.730907778
0.0,-15.2415419944,12.7314872742
0.0,-15.243388852,12.7315472482
0.0,-15.2558735791,12.7319523325
0.0,-15.2579216566,12.7327159731
0.0,-15.2596779531,12.7341498064
0.0,-15.2628014256,12.737783449
0.0,-15.264657165,12.7410355111
0.0,-15.2653413164,12.7426617806
0.0,-15.2661800529,12.7459407932
0.0,-15.2667133512,12.7494553278
0.0,-15.2665206581,12.7516566941
0.0,-15.2663609837,12.7542064783
0.0,-15.2662011281,12.7567591197
0.0,-15.266137065,12.7577820808
0.0,-15.2660445648,12.762567329
0.0,-15.2673150087,12.7653414347
0.0,-15.2708263493,12.7664862949
0.0,-15.2743357613,12.7658127525
0.0,-15.2771607557,12.763417229
0.0,-15.2792464748,12.7592474933
0.0,-15.2802739874,12.7571932512
0.0,-15.28117288,12.7553130294
0.0,-15.2818303888,12.7539376946
0.0,-15.28285952,12.7512155867
0.0,-15.2840696509,12.7480146481
0.0,-15.2852327784,12.7449379609
0.0,-15.2896902649,12.7362395781
0.0,-15.2907776829,12.7341174802
0.0,-15.2921415736,12.733254651
0.0,-15.2938959678,12.7328698975
0.0,-15.2983806498,12.7329605848
0.0,-15.3010027724,12.7330279991
0.0,-15.3051242768,12.7331339088
0.0,-15.3051455473,12.7331344558
0.0,-15.3051668178,12.7331350019
0.0,-15.3055278792,12.7331442776
0.0,-15.3068261064,12.7331776229
0.0,-15.3480307269,12.7342326596
0.0,-15.3482975756,12.7342394715
0.0,-15.3486640553,12.7342090061
0.0,-15.3511202415,12.7340048089
0.0,-15.3540413925,12.7337619276
0.0,-15.3681833035,12.7325856258
0.0,-15.3779956569,12.7287656152
0.0,-15.3825546863,12.7269905952
0.0,-15.391910464,12.7234556114
0.0,-15.3929798067,12.7230515437
0.0,-15.4032099284,12.7193037917
0.0,-15.4187011439,12.7139204613
0.0,-15.4289593448,12.7112121887
0.0,-15.4314656353,12.7105504328
0.0,-15.4473220589,12.7070909216
0.0,-15.4485121603,12.7150238443
0.0,-15.4489549285,12.7173558236
0.0,-15.4553788171,12.720852455
0.0,-15.4628234104,12.7249043534
0.0,-15.4775033122,12.7235897734
0.0,-15.4778702855,12.7235569002
0.0,-15.5134699522,12.7098212617
0.0,-15.5181314251,12.7126503662
0.0,-15.5268381053,12.7087286235
0.0,-15.5370489698,12.7074238662
0.0,-15.5390283872,12.7106475939
0.0,-15.5400752549,12.7123208671
0.0,-15.5420244923,12.7154363788
0.0,-15.5422246456,12.7159158293
0.0,-15.5432619704,12.7184006128
0.0,-15.5436411744,12.7193089363
0.0,-15.5442052126,12.7213461153
0.0,-15.5445332805,12.7225310039
0.0,-15.544853012,12.7236857766
0.0,-15.545925284,12.7275583961
0.0,-15.5460065351,12.7313623152
0.0,-15.5466076023,12.7388974702
0.0,-15.5463229753,12.7425585909
0.0,-15.5455991637,12.7460052909
0.0,-15.5441442832,12.7495252706
0.0,-15.5436359631,12.7511771435
0.0,-15.5433465404,12.7526132399
0.0,-15.5425490845,12.7558447598
0.0,-15.5414832551,12.7618305968
0.0,-15.5413628442,12.7622057869
0.0,-15.5398850818,12.7668102738
0.0,-15.539595929,12.768389917
0.0,-15.5375273631,12.7815050474
0.0,-15.5369938086,12.7827980846
0.0,-15.5346668349,12.7890711639
0.0,-15.5306243004,12.7910411808
0.0,-15.5303925041,12.7912447844
0.0,-15.5261469666,12.7949738586
0.0,-15.523422362,12.797754586
0.0,-15.5222554585,12.7993359537
0.0,-15.5207494996,12.8020185377
0.0,-15.5192405719,12.8032656177
0.0,-15.5175844778,12.8040823279
0.0,-15.5157796659,12.8037030663
0.0,-15.5156402022,12.803604302
0.0,-15.5124105627,12.8013171354
0.0,-15.5081615055,12.7977366032
0.0,-15.5044999188,12.7953032771
0.0,-15.4991806169,12.7928251915
0.0,-15.4974226968,12.7914408569
0.0,-15.4948853671,12.7903929252
0.0,-15.4876701487,12.7906934689
0.0,-15.4865630473,12.7909193031
0.0,-15.4843560669,12.7913694823
0.0,-15.4823027071,12.7917029753
0.0,-15.4771004713,12.7942963602
0.0,-15.4735982913,12.7961195434
0.0,-15.4718983398,12.7970044869
0.0,-15.4680983937,12.7986764582
0.0,-15.4649997659,12.7999451957
0.0,-15.4633046914,12.8008669099
0.0,-15.4599715576,12.8019063193
0.0,-15.4551212696,12.8052451366
0.0,-15.4506821633,12.8095593135
0.0,-15.4494064345,12.8126191405
0.0,-15.4489623316,12.8133427578
0.0,-15.4478894923,12.8150908106
0.0,-15.445438939,12.8190569901
0.0,-15.4434548145,12.8221036329
0.0,-15.4418223332,12.8254941939
0.0,-15.4408882964,12.8267590143
0.0,-15.4382577023,12.8282563463
0.0,-15.4352734162,12.8282613029
0.0,-15.4311186236,12.8281533061
0.0,-15.4288807764,12.8274253778
0.0,-15.4267275446,12.8267249514
0.0,-15.4225104299,12.8243200903
0.0,-15.4225012554,12.824313909
0.0,-15.4224981972,12.8243118486
0.0,-15.4198743208,12.8225442682
0.0,-15.417053707,12.8203959269
0.0,-15.4132539688,12.8175017197
0.0,-15.4079804849,12.8129737001
0.0,-15.4067562326,12.8122360114
0.0,-15.4050967887,12.8112337037
0.0,-15.4028509506,12.809418821
0.0,-15.3963116497,12.8058877846
0.0,-15.3923129834,12.8056066653
0.0,-15.3901667877,12.8050834943
0.0,-15.3886063629,12.8049900988
0.0,-15.3874850592,12.8050874528
0.0,-15.3862187172,12.8059984783
0.0,-15.3857319285,12.8065255515
0.0,-15.3835876906,12.8072942967
0.0,-15.3822261849,12.8097845213
0.0,-15.3825732777,12.8136120861
0.0,-15.3828697429,12.816195601
0.0,-15.3842445512,12.8224620551
0.0,-15.3842013783,12.8261466306
0.0,-15.3833270526,12.8283968936
0.0,-15.3815249764,12.8298350381
0.0,-15.3807966193,12.8318936781
0.0,-15.3783130184,12.8338830719
0.0,-15.3759780895,12.8377623375
0.0,-15.3744450711,12.8398460366
0.0,-15.3694758148,12.8431547773
0.0,-15.3609952178,12.8464682765
0.0,-15.3470941482,12.8517875606
0.0,-15.3464265315,12.8519692162
0.0,-15.3407580078,12.8535115215
0.0,-15.3386116051,12.8540954827
0.0,-15.3324686726,12.8555388635
0.0,-15.3255435137,12.8555475448
0.0,-15.3225191179,12.8549770672
0.0,-15.3156340423,12.8545718653
0.0,-15.3129597457,12.8544144278
0.0,-15.3083739797,12.8531757284
0.0,-15.3081260654,12.853051488
0.0,-15.3073390678,12.8526570882
0.0,-15.3038296495,12.8542402582
0.0,-15.3006863805,12.8561818468
0.0,-15.29868277,12.8563628711
0.0,-15.297467965,12.8564726204
0.0,-15.2919811128,12.8561916763
0.0,-15.2894945505,12.8567686441
0.0,-15.2846946878,12.8591520953
0.0,-15.2807968673,12.8625298005
0.0,-15.2765294126,12.8624864834
0.0,-15.2721140489,12.8609598626
0.0,-15.2712448676,12.8590618644
0.0,-15.2706713904,12.8578095683
0.0,-15.2704275387,12.8572770676
