117,11,29,8,27,
0.0,-12.2178631082,14.599747068
0.0,-12.2170103382,14.5996127017
0.0,-12.2077718295,14.5997088918
0.0,-12.1871296321,14.5999214802
0.0,-12.1725840373,14.5996698182
0.0,-12.1721959376,14.5952859095
0.0,-12.1720174301,14.59034067
0.0,-12.1719401982,14.5869266584
0.0,-12.1725714037,14.5848158432
0.0,-12.1765978021,14.5818045641
0.0,-12.1802795888,14.5773767193
0.0,-12.1838493703,14.5722412789
0.0,-12.1859586606,14.5679120295
0.0,-12.185997495,14.5648524611
0.0,-12.1855769385,14.5599042624
0.0,-12.1854919541,14.55707859
0.0,-12.1868403271,14.5555647942
0.0,-12.1897503298,14.5547759209
0.0,-12.1937342594,14.5550591449
0.0,-12.1992769399,14.5563025348
0.0,-12.2061590804,14.5567379404
0.0,-12.2084546223,14.5567653535
0.0,-12.2130908312,14.5533788862
0.0,-12.2155329761,14.551200313
0.0,-12.2170137514,14.548746306
0.0,-12.2166955666,14.5452116245
0.0,-12.2161490343,14.5406149586
0.0,-12.2148629107,14.5371864627
0.0,-12.2138331835,14.5325840521
0.0,-12.2133088194,14.5262222083
0.0,-12.2138487483,14.5242223857
0.0,-12.2154464402,14.5195389142
0.0,-12.2176693834,14.5156813134
0.0,-12.2192867952,14.5119341968
0.0,-12.2199054684,14.5107645601
0.0,-12.220447164,14.5083877471
0.0,-12.2210660608,14.5048934524
0.0,-12.221115983,14.5008923361
0.0,-12.2211614869,14.497244258
0.0,-12.2211893702,14.4950083387
0.0,-12.2209815478,14.4922988398
0.0,-12.2189605149,14.4896855727
0.0,-12.2158510261,14.4871770944
0.0,-12.2114130379,14.484652819
0.0,-12.2088405729,14.4838358959
0.0,-12.2058763702,14.4830569824
0.0,-12.2028687333,14.482079627
0.0,-12.2007124706,14.480641599
0.0,-12.1995209603,14.4793327505
0.0,-12.199173408,14.4781516525
0.0,-12.1994385896,14.4762716834
0.0,-12.2006802756,14.4735794741
0.0,-12.203254415,14.468655652
0.0,-12.2058779013,14.463637132
0.0,-12.2065023431,14.4619968005
0.0,-12.2065312156,14.4596878538
0.0,-12.2065448601,14.4585965541
0.0,-12.2065567854,14.4576426821
0.0,-12.2032195751,14.4540721609
0.0,-12.2030257415,14.4539073952
0.0,-12.1976027895,14.4492975284
0.0,-12.1923470406,14.4446448
0.0,-12.1898481338,14.4416726218
0.0,-12.1900117498,14.4382614177
0.0,-12.1925888808,14.4349966734
0.0,-12.1947199306,14.4325037591
0.0,-12.199343067,14.4284618459
0.0,-12.200732838,14.425833499
0.0,-12.2022218516,14.4236132157
0.0,-12.2025679562,14.4209724643
0.0,-12.202402414,14.4175118414
0.0,-12.2023684643,14.4173277306
0.0,-12.201913641,14.4148611877
0.0,-12.2019568056,14.4114030399
0.0,-12.2013636844,14.4087511503
0.0,-12.2017021285,14.406720656
0.0,-12.2017445081,14.4062119249
0.0,-12.2021931179,14.4008264042
0.0,-12.2035927646,14.3973843135
0.0,-12.2058385314,14.3930366836
0.0,-12.2073373408,14.3900026282
0.0,-12.209983891,14.386982105
0.0,-12.2134550185,14.3847850712
0.0,-12.2191248413,14.3820034832
0.0,-12.2260353477,14.380151837
0.0,-12.2286501877,14.3796738578
0.0,-12.2295955404,14.3791762963
0.0,-12.2303459939,14.3775574432
0.0,-12.2311089638,14.3749214547
0.0,-12.231100452,14.3733340177
0.0,-12.2310790412,14.3697669004
0.0,-12.2314880781,14.368094685
0.0,-12.2315606435,14.3677980182
0.0,-12.2334078449,14.3663546529
0.0,-12.2354549187,14.3645951325
0.0,-12.2386285182,14.3624284829
0.0,-12.2423733565,14.3598177904
0.0,-12.2448125254,14.3576326946
0.0,-12.2466278352,14.3560064258
0.0,-12.2477179553,14.3545712662
0.0,-12.2478937567,14.3536885245
0.0,-12.2485733578,14.3520877188
0.0,-12.2490686071,14.3503298844
0.0,-12.2495220331,14.3487204617
0.0,-12.2502997998,14.3458338223
0.0,-12.2507691698,14.3411740259
0.0,-12.2507210193,14.3383582358
0.0,-12.2510697958,14.3372412132
0.0,-12.2523308448,14.3365771553
0.0,-12.2536327752,14.3363660125
0.0,-12.2555318332,14.3366594678
0.0,-12.2574772993,14.3369534454
0.0,-12.2586875337,14.3366507234
0.0,-12.2598596145,14.3356688766
0.0,-12.2600567576,14.3347210073
0.0,-12.2600672031,14.3338614705
0.0,-12.2600798468,14.3328209778
0.0,-12.2600697692,14.3327218621
0.0,-12.2599554926,14.3315979225
0.0,-12.2596460963,14.3303274845
0.0,-12.2592925032,14.3288755559
0.0,-12.2588444695,14.3275582722
0.0,-12.2583620073,14.3263762468
0.0,-12.2582135996,14.3260126497
0.0,-12.2568442391,14.3241417765
0.0,-12.2527749708,14.3191630099
0.0,-12.2495625683,14.316230145
0.0,-12.2472207071,14.3142122366
0.0,-12.2441476296,14.3112809359
0.0,-12.2372362074,14.3073096229
0.0,-12.235069052,14.3061985469
0.0,-12.2325015716,14.3036802184
0.0,-12.2305372293,14.301168901
0.0,-12.2289921057,14.2985267284
0.0,-12.2285575961,14.296123721
0.0,-12.2276133629,14.2936695272
0.0,-12.2268800114,14.2929370692
0.0,-12.2233291619,14.291176361
0.0,-12.2207436333,14.290150794
0.0,-12.2195050523,14.2890052191
0.0,-12.2187806417,14.2875489456
0.0,-12.217901838,14.28355721
0.0,-12.2175897407,14.2827248335
0.0,-12.2168109834,14.279445735
0.0,-12.214860772,14.2752249204
0.0,-12.2143094599,14.2712157264
0.0,-12.215690993,14.2646908054
0.0,-12.2174595645,14.2592442896
0.0,-12.2189931489,14.2566262261
0.0,-12.2213177783,14.2547983961
0.0,-12.2248433496,14.2529845192
0.0,-12.2279590031,14.2519468471
0.0,-12.232104031,14.2485779757
0.0,-12.2340483943,14.2450858733
0.0,-12.2335908345,14.2415659046
0.0,-12.2285524474,14.2361378275
0.0,-12.2243946656,14.2323796121
0.0,-12.2187455274,14.2278229531
0.0,-12.2155696098,14.2256381187
0.0,-12.2148181042,14.221626598
0.0,-12.2139952485,14.2152711684
0.0,-12.2149460232,14.2111818613
0.0,-12.2177871612,14.2079932025
0.0,-12.2219206556,14.205502915
0.0,-12.2247485344,14.2033879103
0.0,-12.2258658455,14.2020340641
0.0,-12.2268961623,14.199605279
0.0,-12.2266352204,14.1963804884
0.0,-12.2232773262,14.1927292706
0.0,-12.2199112017,14.1897613282
0.0,-12.2175456836,14.1868049843
0.0,-12.2170764135,14.1842611856
0.0,-12.2175087853,14.1816302345
0.0,-12.2186462425,14.178616954
0.0,-12.2212831802,14.1757186861
0.0,-12.2253278206,14.1722509033
0.0,-12.2301703293,14.1689875114
0.0,-12.2336026294,14.1664887691
0.0,-12.2363357375,14.1638842755
0.0,-12.2372632963,14.1616494686
0.0,-12.2376106571,14.1577482579
0.0,-12.2374566179,14.1539389008
0.0,-12.236991837,14.15100464
0.0,-12.2346287333,14.1478532554
0.0,-12.2304485125,14.1460477216
0.0,-12.2247571973,14.1451033285
0.0,-12.2215572972,14.144968687
0.0,-12.2171700788,14.1437463256
0.0,-12.211693283,14.1416325847
0.0,-12.2056283555,14.1385356113
0.0,-12.2008496426,14.1366250369
0.0,-12.1956709158,14.1347097114
0.0,-12.1927342724,14.1324745647
0.0,-12.190028689,14.1305337787
0.0,-12.1863855706,14.1274785669
0.0,-12.1849852387,14.125492406
0.0,-12.1844173272,14.1234001235
0.0,-12.184319985,14.1216609575
0.0,-12.1856471461,14.1199384683
0.0,-12.1887549068,14.1182367895
0.0,-12.1956768746,14.1153050011
0.0,-12.1965290894,14.1135768925
0.0,-12.1979861505,14.1109288668
0.0,-12.1992156748,14.1074670885
0.0,-12.2032515907,14.0977809272
0.0,-12.2044950443,14.0931605512
0.0,-12.2044342037,14.0884091587
0.0,-12.2021309062,14.082588913
0.0,-12.199816405,14.0776954943
0.0,-12.1973847142,14.0726848376
0.0,-12.1943328368,14.0698684857
0.0,-12.191266881,14.0682106375
0.0,-12.1887957985,14.0664438201
0.0,-12.1876444075,14.0635336759
0.0,-12.1876741557,14.0611007709
0.0,-12.1885344733,14.0558276753
0.0,-12.1954797878,14.05389568
0.0,-12.2011777335,14.0534061188
0.0,-12.208007183,14.0534851692
0.0,-12.2234272106,14.0492175508
0.0,-12.2388335188,14.0460600502
0.0,-12.2651056599,14.0385791597
0.0,-12.2794118656,14.0375092867
0.0,-12.2844753199,14.0371304132
0.0,-12.2941373335,14.0383501485
0.0,-12.3044336475,14.0340195059
0.0,-12.3124726125,14.0279961541
0.0,-12.3187780517,14.024176119
0.0,-12.3222378204,14.0203244189
0.0,-12.3225369498,14.0202158706
0.0,-12.3225871454,14.0201976549
0.0,-12.3225765076,14.0207477194
0.0,-12.3223119583,14.0220184753
0.0,-12.3227730561,14.0229449641
0.0,-12.3234493652,14.024460992
0.0,-12.327502686,14.0299709023
0.0,-12.3323914128,14.0352652899
0.0,-12.3356584923,14.0383364945
0.0,-12.3362240048,14.0398422522
0.0,-12.3365653886,14.0407764428
0.0,-12.3366670107,14.0415905587
0.0,-12.3370032735,14.042867958
0.0,-12.336937353,14.0462185828
0.0,-12.3371379865,14.0480726186
0.0,-12.3373545575,14.0493486995
0.0,-12.338160544,14.0508661418
0.0,-12.3390775651,14.0523848062
0.0,-12.3412697645,14.0556609396
0.0,-12.3416013168,14.0573989861
0.0,-12.3418033383,14.0591356067
0.0,-12.3417846938,14.0599483997
0.0,-12.3411700287,14.0610888614
0.0,-12.3399586487,14.0625660108
0.0,-12.3393471564,14.0634806675
0.0,-12.338963678,14.0646327015
0.0,-12.33847324,14.0654312563
0.0,-12.3383283713,14.0667044814
0.0,-12.3388971296,14.0679844481
0.0,-12.3400494465,14.0699664124
0.0,-12.3414249554,14.0726554319
0.0,-12.3420045531,14.0737006495
0.0,-12.3418462784,14.0754333
0.0,-12.3420654859,14.0764835795
0.0,-12.3422369029,14.0775152657
0.0,-12.3437676491,14.0831406912
0.0,-12.3488168178,14.0881815527
0.0,-12.3564382089,14.0916934529
0.0,-12.3653536672,14.093659908
0.0,-12.3688078122,14.0986830058
0.0,-12.3696834377,14.1058595001
0.0,-12.3664339585,14.1108093016
0.0,-12.3616535724,14.1139574425
0.0,-12.36164071,14.113965913
0.0,-12.3580840105,14.1150797671
0.0,-12.3579690037,14.1250502302
0.0,-12.3585213341,14.1325336815
0.0,-12.3593342233,14.1388876464
0.0,-12.3593995848,14.1393985433
0.0,-12.3599698916,14.1453250662
0.0,-12.3605437994,14.1509399783
0.0,-12.3614478566,14.1556235674
0.0,-12.362028402,14.1606152516
0.0,-12.3629432785,14.1643651357
0.0,-12.3940705874,14.1643226339
0.0,-12.423105714,14.1643721713
0.0,-12.4488912207,14.1644118663
0.0,-12.4521409132,14.1644170555
0.0,-12.4806744621,14.1644576939
0.0,-12.4811246113,14.1744685468
0.0,-12.4811302282,14.1750696471
0.0,-12.4811337491,14.1756941681
0.0,-12.4811349552,14.1763186647
0.0,-12.4811332679,14.1769431309
0.0,-12.4811286871,14.1775675666
0.0,-12.4811212127,14.1781919719
0.0,-12.4811102662,14.1788163406
0.0,-12.4810808028,14.1794405146
0.0,-12.4810211995,14.1800688887
0.0,-12.4809390035,14.1806992837
0.0,-12.4808423405,14.1813295264
0.0,-12.4807381543,14.1819596898
0.0,-12.4806345583,14.18258873
0.0,-12.4805396538,14.1832167322
0.0,-12.4804598308,14.1838415051
0.0,-12.4804037819,14.184462011
0.0,-12.4803930978,14.1847280446
0.0,-12.4799484489,14.1866838246
0.0,-12.4806896333,14.1874626962
0.0,-12.4806983354,14.1875005729
0.0,-12.4808675596,14.1881076392
0.0,-12.4810651515,14.1887138745
0.0,-12.4812894129,14.1893158734
0.0,-12.4815374755,14.189911347
0.0,-12.481807616,14.1904991479
0.0,-12.482098161,14.1910736122
0.0,-12.4824073745,14.1916347214
0.0,-12.4827324007,14.1921790577
0.0,-12.4830715536,14.1927020863
0.0,-12.4835486728,14.1933620772
0.0,-12.4840229009,14.1937600472
0.0,-12.4846039519,14.1940755734
0.0,-12.4852398993,14.1943465046
0.0,-12.4858788043,14.194611819
0.0,-12.4864681615,14.1949093604
0.0,-12.4870869566,14.1954240292
0.0,-12.4874740852,14.1961113015
0.0,-12.4877324431,14.1966673558
0.0,-12.4879749283,14.1972458286
0.0,-12.4882021693,14.1978422097
0.0,-12.4884124548,14.1984542226
0.0,-12.4886046646,14.1990784676
0.0,-12.488778836,14.1997115575
0.0,-12.4889344399,14.2003489695
0.0,-12.489069765,14.2009884273
0.0,-12.4891842821,14.2016254082
0.0,-12.4892774374,14.2022576478
0.0,-12.4893487016,14.2028806234
0.0,-12.4893969547,14.2034909357
0.0,-12.4894247215,14.2042794575
0.0,-12.4891955719,14.2050099483
0.0,-12.4886993316,14.2055027462
0.0,-12.4880974837,14.2059673311
0.0,-12.487554737,14.2064257594
0.0,-12.4872056864,14.2070589994
0.0,-12.4874692632,14.2077720784
0.0,-12.4879293405,14.208353968
0.0,-12.4884975909,14.2089415104
0.0,-12.4890684581,14.2095019768
0.0,-12.4893313193,14.2097838211
0.0,-12.4892439791,14.2102063438
0.0,-12.4872629177,14.2105259735
0.0,-12.4872507711,14.210524067
0.0,-12.4864338825,14.2104386904
0.0,-12.4856236545,14.2105363223
0.0,-12.4854571313,14.2108173077
0.0,-12.485071169,14.2108795749
0.0,-12.48551625,14.2149477402
0.0,-12.4864740698,14.2156019481
0.0,-12.4867402522,14.2158702983
0.0,-12.4870134502,14.2159703511
0.0,-12.4890618983,14.2173694442
0.0,-12.4890704678,14.2173955878
0.0,-12.4890940476,14.2180383894
0.0,-12.4890180758,14.2187332206
0.0,-12.4889070678,14.2191874438
0.0,-12.4869202128,14.220938222
0.0,-12.4834848595,14.2213801209
0.0,-12.4824651394,14.2249547962
0.0,-12.482895407,14.2259273287
0.0,-12.4828870901,14.2260190962
0.0,-12.4828931966,14.2268265838
0.0,-12.4830958152,14.227398997
0.0,-12.4834606644,14.22795731
0.0,-12.4838822971,14.2285105747
0.0,-12.4842547113,14.229065579
0.0,-12.4843527316,14.2293775711
0.0,-12.483137447,14.2342725283
0.0,-12.4831033271,14.2343496902
0.0,-12.482832254,14.234939695
0.0,-12.4825577316,14.2355274043
0.0,-12.482286164,14.2361094979
0.0,-12.482069764,14.2365822461
0.0,-12.482022773,14.2366849016
0.0,-12.481806376,14.2371655362
0.0,-12.4785992741,14.2424145243
0.0,-12.4784512511,14.2425735488
0.0,-12.4779971459,14.2430148063
0.0,-12.4775269454,14.2434457292
0.0,-12.4770510178,14.243870944
0.0,-12.4765779449,14.2442995756
0.0,-12.4761180948,14.2447362506
0.0,-12.476542332,14.2456283343
0.0,-12.4767961928,14.2462250088
0.0,-12.477052395,14.2468194494
0.0,-12.4773273338,14.2473948907
0.0,-12.4776385494,14.2479357086
0.0,-12.4781356699,14.2485733496
0.0,-12.4786217372,14.2489556608
0.0,-12.4792525199,14.2492344798
0.0,-12.479963909,14.249448652
0.0,-12.4806871018,14.2496426203
0.0,-12.4813545038,14.2498563241
0.0,-12.4820402112,14.2502463842
0.0,-12.4823548295,14.2508470849
0.0,-12.482475625,14.2515948017
0.0,-12.4825004145,14.2519067918
0.0,-12.4812047418,14.2596467455
0.0,-12.481190397,14.2596814094
0.0,-12.4806913445,14.2601007362
0.0,-12.4800965454,14.2598110042
0.0,-12.4793863387,14.2593314643
0.0,-12.4786785523,14.2588948602
0.0,-12.4779463511,14.2587798343
0.0,-12.4775535424,14.2593798298
0.0,-12.4773513495,14.2600699241
0.0,-12.4771533444,14.260623677
0.0,-12.4756963142,14.2607373253
0.0,-12.4739811634,14.2627242117
0.0,-12.4736509076,14.2628775756
0.0,-12.4730564138,14.2631840751
0.0,-12.4723857229,14.2636264041
0.0,-12.471918647,14.2641352585
0.0,-12.4717822075,14.2647413483
0.0,-12.4720626057,14.265450106
0.0,-12.4724399781,14.2660288992
0.0,-12.4728738287,14.2666308762
0.0,-12.4732844388,14.267240511
0.0,-12.4735944042,14.2678423026
0.0,-12.4737845962,14.2684383067
0.0,-12.4739364452,14.269046326
0.0,-12.4740632902,14.2696642434
0.0,-12.47417735,14.2702865422
0.0,-12.474289661,14.2709099518
0.0,-12.4744130464,14.2715267033
0.0,-12.4745591091,14.2721346613
0.0,-12.4747389234,14.2727271676
0.0,-12.4749658164,14.2733032343
0.0,-12.4752431357,14.2739261351
0.0,-12.4757033829,14.2747587578
0.0,-12.4763091725,14.2758311955
0.0,-12.4767149851,14.2763018788
0.0,-12.4774130117,14.2766830592
0.0,-12.4780379945,14.2763452575
0.0,-12.4785545449,14.2757623862
0.0,-12.4790604731,14.2751035356
0.0,-12.4818900397,14.2757097551
0.0,-12.4820160421,14.275925496
0.0,-12.482319345,14.2765046255
0.0,-12.4826135642,14.2771197951
0.0,-12.4828999704,14.2777608549
0.0,-12.483101618,14.2782342323
0.0,-12.4831792681,14.2784165199
0.0,-12.4834515702,14.2790766278
0.0,-12.4837181348,14.2797321579
0.0,-12.4839796787,14.2803706959
0.0,-12.484235711,14.2809843319
0.0,-12.4844863318,14.2815640328
0.0,-12.484701515,14.2821546517
0.0,-12.4848707521,14.2827639823
0.0,-12.4849900657,14.2833852073
0.0,-12.4850554782,14.2840115089
0.0,-12.4850688013,14.2846361307
0.0,-12.4850717163,14.2852595133
0.0,-12.4850746184,14.285884025
0.0,-12.485076375,14.2865073952
0.0,-12.4850781188,14.2871318946
0.0,-12.4850781376,14.2871419534
0.0,-12.4850792833,14.2877563878
0.0,-12.4850798686,14.2883808749
0.0,-12.4850798873,14.2890042267
0.0,-12.4850798931,14.2896287076
0.0,-12.4850793196,14.2902531824
0.0,-12.485078167,14.290877651
0.0,-12.4850764351,14.2915021134
0.0,-12.485074124,14.2921265697
0.0,-12.4850718126,14.292751026
0.0,-12.4850689219,14.2933754761
0.0,-12.4850660309,14.2939999261
0.0,-12.4850619818,14.2946243639
0.0,-12.4850584986,14.295249937
0.0,-12.4850538699,14.2958743686
0.0,-12.4850492408,14.2964988001
0.0,-12.4850446114,14.2971232317
0.0,-12.4850393902,14.2977487862
0.0,-12.4850341812,14.2983732115
0.0,-12.485028393,14.2989976307
0.0,-12.4850220129,14.2996231729
0.0,-12.485015645,14.3002475859
0.0,-12.4850092642,14.300873128
0.0,-12.4850023167,14.3014975348
0.0,-12.4849953689,14.3021219415
0.0,-12.4849884081,14.3027474774
0.0,-12.4849808681,14.3033730071
0.0,-12.4849733403,14.3039974076
0.0,-12.4849652206,14.3046229311
0.0,-12.4849576922,14.3052473315
0.0,-12.4849495718,14.3058728549
0.0,-12.4849414637,14.3064972492
0.0,-12.4849327637,14.3071227664
0.0,-12.4849246423,14.3077482897
0.0,-12.4849159542,14.3083726777
0.0,-12.4849072531,14.3089981948
0.0,-12.4848985517,14.3096237119
0.0,-12.4848898626,14.3102480998
0.0,-12.4848811605,14.3108736168
0.0,-12.4848718791,14.3114991276
0.0,-12.4848631889,14.3121235154
0.0,-12.4848544857,14.3127490322
0.0,-12.4848452033,14.3133745429
0.0,-12.484836512,14.3139989306
0.0,-12.4848278079,14.3146244474
0.0,-12.4848191034,14.3152499641
0.0,-12.4848098321,14.3158743455
0.0,-12.4848011269,14.3164998622
0.0,-12.4847924214,14.3171253788
0.0,-12.484784307,14.3177497723
0.0,-12.4847756008,14.3183752889
0.0,-12.4847674858,14.3189996824
0.0,-12.4847587789,14.3196251988
0.0,-12.4847506506,14.3202507214
0.0,-12.4847431136,14.3208751209
0.0,-12.4847349846,14.3215006434
0.0,-12.4847274469,14.3221250428
0.0,-12.4847198963,14.3227505714
0.0,-12.4847123579,14.3233749707
0.0,-12.4847053856,14.3240005053
0.0,-12.4846984255,14.3246249108
0.0,-12.4846916917,14.3252809378
0.0,-12.4846792553,14.3265004035
0.0,-12.4846734519,14.3271248211
0.0,-12.4842429337,14.3739550867
0.0,-12.4839746239,14.4030393813
0.0,-12.48454856,14.424983824
0.0,-12.4889227874,14.4503706059
0.0,-12.492053732,14.468539903
0.0,-12.4981190446,14.5037333684
0.0,-12.5015611896,14.5237035527
0.0,-12.5279942467,14.6769964815
0.0,-12.5074179056,14.6716863182
0.0,-12.4908723973,14.6674149465
0.0,-12.4847878189,14.665843877
0.0,-12.4697023273,14.661949114
0.0,-12.4546157971,14.6580523065
0.0,-12.4395316954,14.6541546225
0.0,-12.4364046064,14.6533467828
0.0,-12.4244465309,14.6502571537
0.0,-12.4093638097,14.6463576811
0.0,-12.3942806204,14.6424573025
0.0,-12.3813613126,14.6391156044
0.0,-12.3801968343,14.6388326289
0.0,-12.3788467601,14.6385046497
0.0,-12.3774966913,14.6381766633
0.0,-12.3761466277,14.6378486697
0.0,-12.3747959897,14.6375206624
0.0,-12.3734459233,14.6371937834
0.0,-12.3720958756,14.6368657683
0.0,-12.3707458333,14.6365377459
0.0,-12.3693952165,14.6362097099
0.0,-12.3680451848,14.6358816732
0.0,-12.3666951584,14.6355536293
0.0,-12.3653451373,14.6352255783
0.0,-12.3648851266,14.6351138409
0.0,-12.3639945417,14.6348975135
0.0,-12.3626445313,14.6345694481
0.0,-12.3612945126,14.6342425044
0.0,-12.3599445128,14.6339144247
0.0,-12.3585939385,14.6335863311
0.0,-12.3572439493,14.633258237
0.0,-12.3558939654,14.6329301357
0.0,-12.3545439868,14.6326020272
0.0,-12.3531940135,14.6322739116
0.0,-12.3518434658,14.6319457822
0.0,-12.3504935032,14.6316176522
0.0,-12.3491435324,14.631290644
0.0,-12.3477935804,14.6309624996
0.0,-12.346443054,14.6306343415
0.0,-12.3450931126,14.6303061828
0.0,-12.3437431766,14.6299780169
0.0,-12.3423932459,14.6296498439
0.0,-12.3410427408,14.629321657
0.0,-12.3396928207,14.6289934697
0.0,-12.338342906,14.6286652751
0.0,-12.3369929966,14.6283370734
0.0,-12.3356430789,14.6280099935
0.0,-12.3342926004,14.6276817708
0.0,-12.332942707,14.6273535475
0.0,-12.3315928189,14.6270253172
0.0,-12.3302429362,14.6266970796
0.0,-12.328892479,14.6263688282
0.0,-12.3275426069,14.6260405763
0.0,-12.3261927401,14.6257123173
0.0,-12.3248428787,14.6253840511
0.0,-12.3234924292,14.6250569
0.0,-12.3221425784,14.6247286194
0.0,-12.3207927329,14.6244003317
0.0,-12.3194428928,14.6240720369
0.0,-12.3188078893,14.6239176582
0.0,-12.3180924783,14.6237437282
0.0,-12.3167426489,14.623415419
0.0,-12.3151188108,14.6230207144
0.0,-12.3137689931,14.6226923894
0.0,-12.3124192083,14.6223617994
0.0,-12.3110700222,14.62203008
0.0,-12.3097214625,14.6216949734
0.0,-12.3083729219,14.6213587306
0.0,-12.3070244006,14.6210213519
0.0,-12.3056764919,14.6206817148
0.0,-12.3043286025,14.6203409417
0.0,-12.302981312,14.6199990392
0.0,-12.3016340408,14.6196560008
0.0,-12.3002868027,14.6193106974
0.0,-12.2989401498,14.6189653936
0.0,-12.2975935163,14.6186189538
0.0,-12.2962469159,14.6182702491
0.0,-12.2949008869,14.6179226729
0.0,-12.2935548912,14.6175728318
0.0,-12.2922089011,14.6172229837
0.0,-12.2908629303,14.6168719996
0.0,-12.2895169652,14.6165210084
0.0,-12.2881710057,14.6161700102
0.0,-12.2868256314,14.6158190117
0.0,-12.2854796969,14.6154668704
0.0,-12.284133768,14.6151147221
0.0,-12.2827884105,14.6147637024
0.0,-12.2814424928,14.61441154
0.0,-12.2800971604,14.6140593773
0.0,-12.2787512401,14.6137083296
0.0,-12.2774053253,14.613357275
0.0,-12.2760594022,14.6130073421
0.0,-12.2747134847,14.6126574023
0.0,-12.2733675589,14.6123085842
0.0,-12.2720210589,14.6119597524
0.0,-12.2706745506,14.6116120423
0.0,-12.269328034,14.6112654541
0.0,-12.2679815089,14.6109199878
0.0,-12.2666343957,14.6105756364
0.0,-12.2652872741,14.6102324069
0.0,-12.2639401441,14.6098902992
0.0,-12.2625924119,14.6095504354
0.0,-12.2612441056,14.6092105577
0.0,-12.2598963564,14.6088729375
0.0,-12.2585474254,14.6085375544
0.0,-12.2571990654,14.6082032998
0.0,-12.2558495236,14.6078712823
0.0,-12.2545005388,14.6075415223
0.0,-12.253150386,14.6072128703
0.0,-12.2518001965,14.6068875979
0.0,-12.2504494187,14.6065634403
0.0,-12.249098604,14.6062426623
0.0,-12.2477471869,14.605924128
0.0,-12.2463951814,14.6056067086
0.0,-12.2450425452,14.6052937907
0.0,-12.2436899001,14.6049819944
0.0,-12.2423366243,14.6046746996
0.0,-12.2409821803,14.6043685127
0.0,-12.2396282646,14.604066841
0.0,-12.2382731666,14.603767406
0.0,-12.2369174517,14.6034713436
0.0,-12.2355611199,14.6031786536
0.0,-12.2342047507,14.6028893429
0.0,-12.2328471849,14.6026033978
0.0,-12.2314890019,14.6023208251
0.0,-12.2301302018,14.6020416248
0.0,-12.2287707703,14.6017669258
0.0,-12.2274113012,14.601495606
0.0,-12.2260500555,14.6012276447
0.0,-12.2246887437,14.6009653203
0.0,-12.2233268286,14.6007052394
0.0,-12.2226890843,14.6005867688
0.0,-12.2219630942,14.6004519034
0.0,-12.2205981059,14.6002064483
0.0,-12.2192318209,14.5999722603
0.0,-12.2178631082,14.599747068
