68,4,20,15,67,
0.0,-13.932480859,16.2276088547
0.0,-13.9307459923,16.2271517052
0.0,-13.9294819455,16.2271453319
0.0,-13.92784075,16.2273762001
0.0,-13.9250801391,16.228617791
0.0,-13.9226592049,16.2299806469
0.0,-13.9206168766,16.2300001605
0.0,-13.9197238021,16.229218366
0.0,-13.9193927397,16.2275127116
0.0,-13.9195015447,16.2245836352
0.0,-13.9196715729,16.2217744454
0.0,-13.9193195231,16.2182451369
0.0,-13.9186988098,16.2129208064
0.0,-13.9179574669,16.2070278692
0.0,-13.9168727441,16.2017011686
0.0,-13.9154018011,16.1991227619
0.0,-13.9133792264,16.1967760838
0.0,-13.9101383348,16.1942230817
0.0,-13.9056336843,16.1920176652
0.0,-13.9017129423,16.1905326349
0.0,-13.8994529915,16.1908198906
0.0,-13.8971387391,16.1914618113
0.0,-13.8954549889,16.1921144982
0.0,-13.8917606228,16.1944270085
0.0,-13.8877228573,16.1972757438
0.0,-13.8847448965,16.1986950492
0.0,-13.8820532428,16.1987108014
0.0,-13.8790899149,16.1975293301
0.0,-13.8764054237,16.1956675507
0.0,-13.8724975487,16.1920185006
0.0,-13.8701112481,16.1894947478
0.0,-13.8691282737,16.1882698524
0.0,-13.8677870467,16.1847711126
0.0,-13.8675783636,16.1823067481
0.0,-13.8680598686,16.1803243579
0.0,-13.8694321066,16.1783706154
0.0,-13.8717242779,16.175656458
0.0,-13.8737406567,16.1735626063
0.0,-13.8747349685,16.1727786654
0.0,-13.8761307495,16.1710163182
0.0,-13.8769501858,16.1691019872
0.0,-13.877690638,16.1664806618
0.0,-13.8784589136,16.1622006924
0.0,-13.8788224322,16.1588576724
0.0,-13.8787682992,16.1580755858
0.0,-13.8785707329,16.1552212331
0.0,-13.8780142494,16.153304247
0.0,-13.8767144326,16.1514806605
0.0,-13.8737136026,16.1483947402
0.0,-13.8723539397,16.1472321099
0.0,-13.869262626,16.1425881441
0.0,-13.867755052,16.1401049212
0.0,-13.8672207969,16.1361560778
0.0,-13.8673036898,16.1324734025
0.0,-13.8673201017,16.1317442521
0.0,-13.8665862403,16.1302695693
0.0,-13.8646617837,16.1293266438
0.0,-13.8610636824,16.129020483
0.0,-13.8574690906,16.1281044457
0.0,-13.8558407617,16.1273065202
0.0,-13.8549583564,16.1258668793
0.0,-13.8541563666,16.123351486
0.0,-13.853876633,16.1201061918
0.0,-13.8528140028,16.1163320223
0.0,-13.8515424023,16.1116019486
0.0,-13.8504776678,16.1085470415
0.0,-13.8493103771,16.1071955304
0.0,-13.8480474034,16.1063516933
0.0,-13.846380213,16.1058942876
0.0,-13.8446777845,16.1061840257
0.0,-13.8435766398,16.1067684715
0.0,-13.841026813,16.1092059453
0.0,-13.8369807914,16.1136680191
0.0,-13.8328014471,16.1197435348
0.0,-13.826513333,16.1267639603
0.0,-13.8206209056,16.1310344141
0.0,-13.812171949,16.1357722285
0.0,-13.8033023335,16.1398479309
0.0,-13.7982152279,16.1423303595
0.0,-13.795735653,16.143213166
0.0,-13.7917133293,16.1434893379
0.0,-13.7884379772,16.1429924551
0.0,-13.7835573739,16.1420080784
0.0,-13.7783675616,16.1410218213
0.0,-13.773232297,16.1412314781
0.0,-13.7658893745,16.143459778
0.0,-13.7601597806,16.1446234412
0.0,-13.7538983511,16.1468587906
0.0,-13.7473215005,16.150048663
0.0,-13.7449581932,16.1520674683
0.0,-13.7419095076,16.1548594103
0.0,-13.7394858288,16.157156121
0.0,-13.7358733839,16.1609046166
0.0,-13.7328280765,16.1661913174
0.0,-13.7305229189,16.1696515206
0.0,-13.7266068645,16.1743226298
0.0,-13.721670507,16.1789875246
0.0,-13.7178171794,16.1814054678
0.0,-13.7124220469,16.1818423273
0.0,-13.707812997,16.1809224298
0.0,-13.7043322845,16.1783193035
0.0,-13.7026609192,16.1738963248
0.0,-13.7020127455,16.1690101324
0.0,-13.7026173827,16.1656807485
0.0,-13.7041485431,16.1617936638
0.0,-13.7086033743,16.1564690222
0.0,-13.7113412973,16.1537158578
0.0,-13.7159779156,16.1502699292
0.0,-13.7186197225,16.1473282989
0.0,-13.7188390292,16.1467525539
0.0,-13.7199042501,16.1439559773
0.0,-13.7194354705,16.1413242413
0.0,-13.7175846103,16.1357358815
0.0,-13.7194324561,16.1333466909
0.0,-13.7198640896,16.1327885952
0.0,-13.7210634487,16.129466833
0.0,-13.7217533289,16.1275560713
0.0,-13.7217533632,16.1275559757
0.0,-13.7220380176,16.1267597565
0.0,-13.7233702681,16.1230331552
0.0,-13.7237443823,16.1212083048
0.0,-13.7237673019,16.121133735
0.0,-13.7253027764,16.1136490928
0.0,-13.7253818942,16.1132203762
0.0,-13.7268954567,16.105018358
0.0,-13.7269038137,16.1049935133
0.0,-13.7274380851,16.103405078
0.0,-13.7275188696,16.1031648975
0.0,-13.7277482004,16.1024830658
0.0,-13.7296775368,16.0967466759
0.0,-13.7308576509,16.0906165839
0.0,-13.7317834286,16.0873965323
0.0,-13.7318246813,16.0872530439
0.0,-13.732921781,16.0834369323
0.0,-13.7330042109,16.083087212
0.0,-13.7341213406,16.0783474792
0.0,-13.7346236534,16.0762161901
0.0,-13.7348710551,16.0751664546
0.0,-13.7349685807,16.0747276187
0.0,-13.7351280086,16.0740102377
0.0,-13.7360479872,16.0698704593
0.0,-13.737045835,16.0653800433
0.0,-13.7379764557,16.0615504885
0.0,-13.7381945335,16.0606530619
0.0,-13.7387449887,16.0585619002
0.0,-13.7387566328,16.0585176657
0.0,-13.7399345442,16.0540426389
0.0,-13.7404062928,16.051509169
0.0,-13.7404144602,16.0514653044
0.0,-13.741158796,16.0462340803
0.0,-13.7442304953,16.0451263853
0.0,-13.750413813,16.0428964237
0.0,-13.7527139905,16.0420668245
0.0,-13.7537822197,16.0416815377
0.0,-13.7541613604,16.0415447882
0.0,-13.7559351198,16.0409050132
0.0,-13.7580507288,16.0401419109
0.0,-13.7593879209,16.0396595708
0.0,-13.760509922,16.0392549245
0.0,-13.7634885297,16.0381806604
0.0,-13.7758214513,16.0337320935
0.0,-13.7764441793,16.0335072943
0.0,-13.8018513555,16.0243335039
0.0,-13.8037320476,16.0236502775
0.0,-13.813784057,16.0197536417
0.0,-13.8199488702,16.0173562721
0.0,-13.8200712541,16.0173125664
0.0,-13.8209760729,16.0180382654
0.0,-13.8218948275,16.0182250648
0.0,-13.8233102992,16.0180415078
0.0,-13.8251245803,16.0173148585
0.0,-13.8258082676,16.0154149539
0.0,-13.8258865679,16.0152128484
0.0,-13.8259712881,16.0149941692
0.0,-13.8267802962,16.0146687909
0.0,-13.8302207212,16.0132850267
0.0,-13.8302221928,16.0132844346
0.0,-13.8320470752,16.0125504224
0.0,-13.8335908069,16.0119294789
0.0,-13.8352256207,16.0112718818
0.0,-13.8390006416,16.0097533311
0.0,-13.8415477804,16.0087821603
0.0,-13.8417823249,16.0086927306
0.0,-13.8440587695,16.0074077585
0.0,-13.8440981362,16.0073855369
0.0,-13.845350112,16.0061576857
0.0,-13.8466011025,16.0047503653
0.0,-13.847308546,16.0039311602
0.0,-13.8473234721,16.0039138758
0.0,-13.8476304343,16.0032276888
0.0,-13.8484972974,16.001289865
0.0,-13.8484975376,16.0012882195
0.0,-13.8488139316,15.9991192765
0.0,-13.8488210574,15.9990704299
0.0,-13.8488238753,15.9990448858
0.0,-13.8497052786,15.9910553074
0.0,-13.8509790877,15.9889018298
0.0,-13.8511334948,15.9887455476
0.0,-13.8537894842,15.9860572449
0.0,-13.8565419963,15.9832711288
0.0,-13.858683565,15.9811033328
0.0,-13.8696463311,15.9700052118
0.0,-13.8766377657,15.9562254072
0.0,-13.8813853927,15.9535752939
0.0,-13.8873475373,15.9520816321
0.0,-13.8898016095,15.9495963738
0.0,-13.8951841568,15.9441450957
0.0,-13.9018564758,15.9373869516
0.0,-13.9094308133,15.9297143398
0.0,-13.9155226623,15.9235427998
0.0,-13.9206704322,15.9183272403
0.0,-13.922593239,15.9163790081
0.0,-13.9332692012,15.90556083
0.0,-13.9568133576,15.8966876534
0.0,-13.9605650534,15.87789334
0.0,-13.9620117972,15.8706446906
0.0,-13.9707844007,15.8266779002
0.0,-13.97912312,15.7848646324
0.0,-13.9944202416,15.6807444554
0.0,-13.9945157812,15.6800937544
0.0,-13.996811431,15.6644569349
0.0,-13.9973291647,15.6609432116
0.0,-14.0063728853,15.6230066754
0.0,-14.0217710156,15.5583632032
0.0,-14.0245045105,15.5468626087
0.0,-14.0245048015,15.5468625829
0.0,-14.0245046568,15.5468598595
0.0,-14.0245023086,15.546859709
0.0,-14.0245042182,15.5468516007
0.0,-14.0245057482,15.5468506457
0.0,-14.0245429416,15.5468529788
0.0,-14.0245928975,15.5468547564
0.0,-14.0246509336,15.546856822
0.0,-14.0877708948,15.5490943179
0.0,-14.0966441873,15.5494074115
0.0,-14.1108104234,15.5499065252
0.0,-14.1812802766,15.5523758216
0.0,-14.17747823,15.5305818386
0.0,-14.1747671275,15.5150389
0.0,-14.197839887,15.5109140466
0.0,-14.2127826535,15.5082412545
0.0,-14.2134624991,15.5020604329
0.0,-14.2145708424,15.4919829501
0.0,-14.2071225662,15.4849577811
0.0,-14.2003162283,15.4785374661
0.0,-14.2010735864,15.473995664
0.0,-14.2011084438,15.4649067128
0.0,-14.1975928636,15.4648940077
0.0,-14.1850778988,15.4648483265
0.0,-14.1831387764,15.4573515994
0.0,-14.1819196697,15.4526382252
0.0,-14.1840839634,15.4474476369
0.0,-14.188011038,15.4380286311
0.0,-14.19234541,15.4276315853
0.0,-14.1963360636,15.4180579669
0.0,-14.1983473857,15.4132323987
0.0,-14.2015865461,15.4114828852
0.0,-14.2107396124,15.4065387696
0.0,-14.2270346356,15.397735307
0.0,-14.2385339308,15.3915215656
0.0,-14.245251194,15.3878913791
0.0,-14.2546995684,15.3827846582
0.0,-14.2641356824,15.3829530457
0.0,-14.2730838286,15.3831123569
0.0,-14.2788270732,15.3832144185
0.0,-14.3561884545,15.3822072525
0.0,-14.401666993,15.3717467344
0.0,-14.4055924072,15.3784547657
0.0,-14.3988995407,15.3944078876
0.0,-14.4427724213,15.4462272001
0.0,-14.4433344204,15.4574230294
0.0,-14.4403621719,15.4621516387
0.0,-14.4384662343,15.5011735235
0.0,-14.4387464167,15.5060080112
0.0,-14.439489227,15.5188242477
0.0,-14.4420673123,15.5632971366
0.0,-14.4420710553,15.5633616964
0.0,-14.4421589705,15.5648780202
0.0,-14.4425918824,15.5723445116
0.0,-14.4427956014,15.576824346
0.0,-14.4167533631,15.5768567817
0.0,-14.4106132826,15.6037080926
0.0,-14.4082029285,15.6054245803
0.0,-14.4081895294,15.6057181433
0.0,-14.4081522978,15.6186973676
0.0,-14.4051254328,15.6185568375
0.0,-14.4036174361,15.6184868098
0.0,-14.3997888214,15.6348665447
0.0,-14.3986621224,15.6402463108
0.0,-14.4037458471,15.6421355075
0.0,-14.406314872,15.6474506439
0.0,-14.4069994168,15.6488668696
0.0,-14.4070478539,15.6489670785
0.0,-14.4162823005,15.6490264105
0.0,-14.4519451436,15.6492518966
0.0,-14.4536510956,15.6595940306
0.0,-14.454093183,15.6622739802
0.0,-14.4652329588,15.6776114635
0.0,-14.4681387565,15.6816117668
0.0,-14.4903380818,15.6902755691
0.0,-14.4986191017,15.6964659065
0.0,-14.4960331814,15.708555515
0.0,-14.4947223088,15.7146834575
0.0,-14.503267502,15.7564983111
0.0,-14.4998972378,15.777929552
0.0,-14.4964221972,15.7773843705
0.0,-14.4889755194,15.776215903
0.0,-14.4806032169,15.7750099258
0.0,-14.4775084126,15.7745640546
0.0,-14.4773838006,15.7745463954
0.0,-14.4752183436,15.7742395045
0.0,-14.4702070259,15.7739199946
0.0,-14.4657809265,15.7738368538
0.0,-14.4620829925,15.7742074368
0.0,-14.4585057878,15.7748133036
0.0,-14.4551703761,15.7757632459
0.0,-14.4526200709,15.7771008477
0.0,-14.4503401873,15.7782965752
0.0,-14.4477939422,15.7796319562
0.0,-14.4464905575,15.7817259786
0.0,-14.4447116434,15.7835837326
0.0,-14.4436587246,15.786247909
0.0,-14.4427203338,15.7879902698
0.0,-14.4414233295,15.7911238985
0.0,-14.4406133992,15.7936711573
0.0,-14.440269636,15.7964546583
0.0,-14.439807988,15.7979631843
0.0,-14.4392301603,15.8009720837
0.0,-14.4385318766,15.8036382712
0.0,-14.4378345498,15.80595076
0.0,-14.4371368564,15.8083898073
0.0,-14.4366729292,15.8107028951
0.0,-14.4359870075,15.81264481
0.0,-14.4357318037,15.8133673092
0.0,-14.4346789029,15.8159229446
0.0,-14.4329262683,15.8216046502
0.0,-14.4308264021,15.8278639964
0.0,-14.4291717027,15.831222593
0.0,-14.4282510353,15.8331073378
0.0,-14.4276413175,15.8343554983
0.0,-14.4264680987,15.8364497168
0.0,-14.4251724818,15.8388871295
0.0,-14.4216128451,15.8427298986
0.0,-14.4194769381,15.8450565474
0.0,-14.4135347367,15.857603064
0.0,-14.4072288946,15.8713177471
0.0,-14.4062074824,15.8735390326
0.0,-14.4029898258,15.880536163
0.0,-14.3918613392,15.8994486685
0.0,-14.3840796182,15.9121519121
0.0,-14.3730392114,15.9212993954
0.0,-14.3604090606,15.9287966242
0.0,-14.3455485402,15.9377214165
0.0,-14.3278631818,15.9521497653
0.0,-14.3235216837,15.9510156226
0.0,-14.3219117468,15.9505950284
0.0,-14.3207479182,15.9528353181
0.0,-14.3193834038,15.9554618379
0.0,-14.3170103282,15.9581391777
0.0,-14.3141966222,15.9624646037
0.0,-14.3126324826,15.9648690087
0.0,-14.3100182388,15.9672399764
0.0,-14.2919391387,15.983455677
0.0,-14.2737048416,15.9989346375
0.0,-14.2611651723,16.0191487695
0.0,-14.2518947402,16.0340896028
0.0,-14.2492259767,16.0371184753
0.0,-14.2474638837,16.0391182642
0.0,-14.2398674566,16.0469950921
0.0,-14.2340211066,16.0518713557
0.0,-14.2023435894,16.0639441643
0.0,-14.1974334829,16.0671193354
0.0,-14.1964931019,16.0675210858
0.0,-14.1963664947,16.0678092847
0.0,-14.1947322486,16.0654305059
0.0,-14.1904912763,16.0568445153
0.0,-14.1864839569,16.0575852325
0.0,-14.1795178246,16.0568305612
0.0,-14.1735861245,16.0561877727
0.0,-14.1486499551,16.0635807811
0.0,-14.1454495406,16.0645293773
0.0,-14.1179109925,16.0726893624
0.0,-14.0975918194,16.0787074227
0.0,-14.0764900906,16.0849547919
0.0,-14.0565591832,16.0908532202
0.0,-14.0499412425,16.0928112621
0.0,-14.0460687742,16.09395689
0.0,-14.0408879523,16.0967438496
0.0,-14.0386857871,16.0979284139
0.0,-14.0378925045,16.0991708822
0.0,-14.0288647296,16.1133091483
0.0,-14.0301841734,16.1160416119
0.0,-14.0355688721,16.1272162463
0.0,-14.0475593821,16.127282064
0.0,-14.0518548771,16.1272488648
0.0,-14.053761081,16.1426594847
0.0,-14.0464117729,16.1478883307
0.0,-14.0377739652,16.1533980811
0.0,-14.015100266,16.1551787386
0.0,-14.0143859681,16.1586036273
0.0,-14.0095681115,16.1817004922
0.0,-14.0082237877,16.1837221742
0.0,-14.0079083894,16.1842698453
0.0,-14.0072906884,16.1853424348
0.0,-14.0070792993,16.1856804694
0.0,-14.0066104328,16.1865236302
0.0,-14.0062632286,16.187148
0.0,-14.0040210122,16.1911800158
0.0,-14.0039101387,16.1914194272
0.0,-14.0025546403,16.1943463269
0.0,-14.0012744605,16.1971104969
0.0,-14.0008459268,16.1980357701
0.0,-13.9998214167,16.2002478067
0.0,-13.9993241432,16.2013214577
0.0,-13.998898126,16.20224125
0.0,-13.9979798945,16.2029608924
0.0,-13.997102494,16.203648526
0.0,-13.9957605731,16.2044737812
0.0,-13.9927830194,16.2055841546
0.0,-13.991598422,16.2061624477
0.0,-13.9891065182,16.2068466111
0.0,-13.9887787638,16.2070087862
0.0,-13.9857898515,16.2096039073
0.0,-13.9728793367,16.2226343188
0.0,-13.9719437061,16.2222985147
0.0,-13.969825946,16.2221732628
0.0,-13.9660455104,16.2232310865
0.0,-13.9624153612,16.2251266222
0.0,-13.9566432321,16.2283269282
0.0,-13.9529478607,16.230819859
0.0,-13.9482358951,16.2324407443
0.0,-13.9424368689,16.2348034628
0.0,-13.9404865091,16.2349730956
0.0,-13.9392221768,16.2341596289
0.0,-13.9372564443,16.2314294065
0.0,-13.9347623413,16.2291449302
0.0,-13.932480859,16.2276088547
