98,13,34,55,106,
0.0,-16.3839342201,12.5568315974
0.0,-16.3820076669,12.5557737303
0.0,-16.3802152777,12.5547895102
0.0,-16.3788549967,12.5540425518
0.0,-16.3786261164,12.553916868
0.0,-16.3763366861,12.5529222782
0.0,-16.3745666725,12.5521533175
0.0,-16.3728720822,12.5519860893
0.0,-16.370189542,12.5522356559
0.0,-16.362778631,12.55292498
0.0,-16.3614705253,12.5535905692
0.0,-16.3593151332,12.5546872541
0.0,-16.3572792154,12.5557231259
0.0,-16.3552831426,12.5578279516
0.0,-16.3539613838,12.5592216995
0.0,-16.3528220308,12.5609494127
0.0,-16.3519686417,12.5622434744
0.0,-16.350978585,12.5642944993
0.0,-16.3495120227,12.5673708226
0.0,-16.3486634263,12.5691508415
0.0,-16.3457601631,12.5775783868
0.0,-16.3456872484,12.5777423533
0.0,-16.3450587757,12.5762443497
0.0,-16.3438203895,12.5739163867
0.0,-16.3331491891,12.5538540664
0.0,-16.3214899082,12.5348926373
0.0,-16.3185640517,12.5301337627
0.0,-16.3162568075,12.5263808927
0.0,-16.3126360307,12.5229540155
0.0,-16.3081494847,12.5216363166
0.0,-16.3076937068,12.5214784913
0.0,-16.3002472721,12.5188998236
0.0,-16.2983907233,12.5176649081
0.0,-16.293502867,12.5139567974
0.0,-16.288998508,12.5090028592
0.0,-16.2822305004,12.4991797301
0.0,-16.2799656155,12.4954475772
0.0,-16.2787600327,12.49346092
0.0,-16.2777144062,12.4917378203
0.0,-16.2743975142,12.4905096268
0.0,-16.2685090185,12.4861924657
0.0,-16.2676543264,12.4855658222
0.0,-16.2619783162,12.4797556707
0.0,-16.2590539294,12.4756467095
0.0,-16.2584488712,12.474796539
0.0,-16.2513477181,12.4714975773
0.0,-16.246848567,12.4673082372
0.0,-16.2457754851,12.4630507934
0.0,-16.2439726701,12.4611806229
0.0,-16.241422482,12.4572692414
0.0,-16.239565731,12.4558424777
0.0,-16.237027906,12.4545145042
0.0,-16.2343782669,12.4501250641
0.0,-16.2330602197,12.4460623191
0.0,-16.2363617715,12.4444404672
0.0,-16.2363624349,12.4444402924
0.0,-16.2363636072,12.4444399688
0.0,-16.2363737604,12.4444371684
0.0,-16.2364548887,12.444414795
0.0,-16.2370883834,12.4442400864
0.0,-16.2378183134,12.44403878
0.0,-16.2393144823,12.4436261467
0.0,-16.2397486799,12.443506397
0.0,-16.2401971975,12.4433826959
0.0,-16.2412603401,12.4430894792
0.0,-16.2419062593,12.4428130984
0.0,-16.2423033827,12.4426397381
0.0,-16.2424204251,12.4425886443
0.0,-16.2424986222,12.4425545083
0.0,-16.2535835274,12.4377151817
0.0,-16.2604879142,12.4347006318
0.0,-16.2605796584,12.4346657335
0.0,-16.2607375386,12.4345916379
0.0,-16.2626859267,12.4337408991
0.0,-16.2634334699,12.4334720507
0.0,-16.2646590353,12.43303128
0.0,-16.2678933862,12.4318680234
0.0,-16.267966678,12.4318557513
0.0,-16.2686457505,12.4315974229
0.0,-16.281236516,12.4244258724
0.0,-16.3268258656,12.3985737393
0.0,-16.3370007418,12.3928026529
0.0,-16.3397876895,12.3912218182
0.0,-16.3440135531,12.3902606886
0.0,-16.3535251555,12.3852090232
0.0,-16.3546032092,12.384636431
0.0,-16.3606426683,12.3814285417
0.0,-16.3686042353,12.3771994046
0.0,-16.3721765382,12.3761959538
0.0,-16.3741550827,12.3746761535
0.0,-16.3747239884,12.3734838598
0.0,-16.3790728176,12.3619309203
0.0,-16.4002286929,12.3638378469
0.0,-16.4189670086,12.3654325119
0.0,-16.4252685612,12.3646292125
0.0,-16.4411337705,12.3626061134
0.0,-16.449784555,12.3615012994
0.0,-16.4495509513,12.3622890675
0.0,-16.449006503,12.362781284
0.0,-16.4485270968,12.363604262
0.0,-16.448212332,12.3643709902
0.0,-16.4478937712,12.3658056059
0.0,-16.4476065062,12.3664004177
0.0,-16.4472660935,12.3673639128
0.0,-16.4468838838,12.3680959669
0.0,-16.4467621895,12.3682950958
0.0,-16.4465492242,12.3686435675
0.0,-16.4465191487,12.3688367242
0.0,-16.4464490208,12.3692871066
0.0,-16.4463840586,12.3708514603
0.0,-16.4450616441,12.3717105579
0.0,-16.4445870445,12.3722103076
0.0,-16.4441076558,12.3724391567
0.0,-16.4440220903,12.3724800031
0.0,-16.4434079208,12.3728414941
0.0,-16.4426571496,12.3729245825
0.0,-16.4417760161,12.3720850964
0.0,-16.4410788752,12.371571221
0.0,-16.4406628486,12.3710140422
0.0,-16.439575476,12.3706107155
0.0,-16.4386013755,12.3708972561
0.0,-16.4381273851,12.3713529198
0.0,-16.4377455331,12.371945964
0.0,-16.4373177731,12.3724477149
0.0,-16.4367475914,12.3731298986
0.0,-16.4362705373,12.3738149797
0.0,-16.4359813707,12.3745939938
0.0,-16.4360658018,12.375424148
0.0,-16.436422013,12.3771309289
0.0,-16.4371654031,12.3776920337
0.0,-16.4380015264,12.3783927739
0.0,-16.4384166646,12.3789962933
0.0,-16.4393015104,12.3795137001
0.0,-16.4399561358,12.3796605317
0.0,-16.4408452818,12.3798083786
0.0,-16.4416882313,12.3798649323
0.0,-16.4430982298,12.3795591128
0.0,-16.4438013074,12.3794751445
0.0,-16.4448374145,12.3791193192
0.0,-16.4460612311,12.3787195493
0.0,-16.4471396587,12.378639226
0.0,-16.4488711083,12.3789362495
0.0,-16.4494755596,12.3793127277
0.0,-16.4501738551,12.3798729037
0.0,-16.4506346536,12.3805688225
0.0,-16.4509555166,12.3812168947
0.0,-16.4513611459,12.3826939781
0.0,-16.4516651586,12.3848157376
0.0,-16.4521063271,12.3872599599
0.0,-16.4522100586,12.3905286679
0.0,-16.4523866815,12.3915436469
0.0,-16.4526925686,12.3934800622
0.0,-16.4532860242,12.3948216564
0.0,-16.4534053702,12.3954413275
0.0,-16.4534638741,12.3957450922
0.0,-16.453638331,12.3969894825
0.0,-16.4536732571,12.3980018278
0.0,-16.4535102501,12.3986343084
0.0,-16.4533302768,12.3993326131
0.0,-16.4533229253,12.3999767857
0.0,-16.4522205617,12.4020812058
0.0,-16.4513618695,12.4034509113
0.0,-16.4506195374,12.4044112512
0.0,-16.4504092845,12.4046832497
0.0,-16.4496414671,12.4063767926
0.0,-16.4488318159,12.407471626
0.0,-16.4482024665,12.4092593516
0.0,-16.4473440887,12.4105375119
0.0,-16.4468170445,12.411543818
0.0,-16.4463346696,12.4127804176
0.0,-16.4453246976,12.4149781214
0.0,-16.444896823,12.4155714243
0.0,-16.4444595335,12.4168552441
0.0,-16.4438371501,12.4180903269
0.0,-16.4437883066,12.4181667804
0.0,-16.4433119386,12.418912419
0.0,-16.4430237565,12.4195072359
0.0,-16.4426403252,12.4202392972
0.0,-16.4421588834,12.4213380198
0.0,-16.4417784569,12.4218858643
0.0,-16.441436969,12.423032434
0.0,-16.4412883807,12.4237666347
0.0,-16.4410914328,12.4245926277
0.0,-16.4408957364,12.4252807464
0.0,-16.4408289053,12.4270293077
0.0,-16.4409614863,12.4277202002
0.0,-16.4410958309,12.4283658806
0.0,-16.4416017388,12.4292005635
0.0,-16.4419666899,12.430171603
0.0,-16.4424683064,12.4313735761
0.0,-16.4428354734,12.4320677371
0.0,-16.4434363273,12.4328115041
0.0,-16.4440895149,12.4331413883
0.0,-16.4447880636,12.4335648236
0.0,-16.4459527176,12.4342219498
0.0,-16.446511905,12.4345500694
0.0,-16.4473048174,12.4348825883
0.0,-16.4480085458,12.4348901252
0.0,-16.4489432758,12.4350851433
0.0,-16.4496889775,12.4355083121
0.0,-16.4507614715,12.4360269119
0.0,-16.4518358281,12.436362428
0.0,-16.4523953133,12.4366905325
0.0,-16.4537307285,12.437344445
0.0,-16.455706873,12.4382017041
0.0,-16.4568213682,12.4391347811
0.0,-16.4590886153,12.441876503
0.0,-16.4609247817,12.4453494121
0.0,-16.4623772442,12.4496459247
0.0,-16.4637087341,12.4521474299
0.0,-16.4656478424,12.4588130309
0.0,-16.4658304062,12.4594405651
0.0,-16.4683952961,12.4648553807
0.0,-16.4700333429,12.4693361397
0.0,-16.471158391,12.4735823689
0.0,-16.4712746844,12.4757468997
0.0,-16.4712631195,12.4768046841
0.0,-16.4708805335,12.4773322775
0.0,-16.4702218706,12.4782405819
0.0,-16.4700726574,12.4784463471
0.0,-16.469775709,12.4797780274
0.0,-16.4692537764,12.4803684939
0.0,-16.4676037972,12.4811323461
0.0,-16.4661387732,12.4822206372
0.0,-16.4646801976,12.4826172979
0.0,-16.4615368118,12.4828558396
0.0,-16.4559187561,12.4820997105
0.0,-16.4536193409,12.4822115573
0.0,-16.4517300179,12.4834783515
0.0,-16.4504432056,12.4853487327
0.0,-16.4503151786,12.4884299455
0.0,-16.4509386018,12.4913353457
0.0,-16.4530866921,12.4962372357
0.0,-16.4567823452,12.5012945894
0.0,-16.4599128641,12.5022054075
0.0,-16.4607947574,12.5022291948
0.0,-16.4629127947,12.5022863124
0.0,-16.4635308278,12.5024832257
0.0,-16.4671532533,12.5036373427
0.0,-16.4687540472,12.5041473413
0.0,-16.468777317,12.5041670136
0.0,-16.4696997211,12.5049468178
0.0,-16.4716015471,12.5065546038
0.0,-16.475462505,12.5079100816
0.0,-16.4785964504,12.5090102725
0.0,-16.4844918527,12.5133126391
0.0,-16.4891212478,12.5202446709
0.0,-16.489744616,12.5220483984
0.0,-16.4897834964,12.522160896
0.0,-16.4911680975,12.5261671454
0.0,-16.491254628,12.5264175105
0.0,-16.4923318619,12.53117913
0.0,-16.4926148565,12.5347834831
0.0,-16.4925926053,12.5348446744
0.0,-16.4910658335,12.5390432582
0.0,-16.4894286011,12.5428087844
0.0,-16.4880860544,12.5458964733
0.0,-16.4879658602,12.5477006687
0.0,-16.4883705242,12.5497607306
0.0,-16.4890400847,12.5520758378
0.0,-16.4906210795,12.5533552923
0.0,-16.4948131984,12.5546128198
0.0,-16.4951997995,12.5547287865
0.0,-16.4979787462,12.5556331236
0.0,-16.501036175,12.555857857
0.0,-16.5025259515,12.5553662802
0.0,-16.5040589303,12.5550148781
0.0,-16.5071771323,12.5536943833
0.0,-16.5073540903,12.5535991517
0.0,-16.5090068804,12.5527096746
0.0,-16.5118558018,12.5511764441
0.0,-16.5125669072,12.550933339
0.0,-16.5172229799,12.5493415128
0.0,-16.5202410208,12.5495820764
0.0,-16.5229529145,12.5506503345
0.0,-16.5237901181,12.5509801144
0.0,-16.5252148535,12.5520403566
0.0,-16.5275477297,12.553776371
0.0,-16.5277414641,12.5539205366
0.0,-16.5306488113,12.5575120857
0.0,-16.5318876759,12.5613137088
0.0,-16.5327858375,12.5640697502
0.0,-16.5352222883,12.5738687178
0.0,-16.536144877,12.5775789552
0.0,-16.5380661611,12.5836835111
0.0,-16.5380408749,12.585950083
0.0,-16.5380235989,12.5874986493
0.0,-16.5361991714,12.5927289508
0.0,-16.5348761376,12.5965217308
0.0,-16.5339697511,12.5985287355
0.0,-16.5326657906,12.6014160321
0.0,-16.5319833567,12.6026304484
0.0,-16.5288395786,12.6082247634
0.0,-16.5277542869,12.6095564044
0.0,-16.5249413572,12.6130077655
0.0,-16.5214453651,12.6196811988
0.0,-16.5199812727,12.6186685701
0.0,-16.5172565049,12.616783959
0.0,-16.5141160618,12.6142956302
0.0,-16.5108406243,12.611700241
0.0,-16.5034734237,12.6079370356
0.0,-16.4989041421,12.6055399421
0.0,-16.4935160435,12.6037229723
0.0,-16.4921302952,12.6032556488
0.0,-16.4884833003,12.6022476592
0.0,-16.48679539,12.6019633469
0.0,-16.4836553902,12.6014344142
0.0,-16.4826320322,12.6012620209
0.0,-16.4794034108,12.6006730811
0.0,-16.4768730769,12.6003684023
0.0,-16.4623516447,12.5989125039
0.0,-16.457857147,12.5982635432
0.0,-16.4550000914,12.5979084511
0.0,-16.4515534957,12.5970095874
0.0,-16.4482032573,12.5945699031
0.0,-16.4444796961,12.5908891338
0.0,-16.4412359589,12.5873560136
0.0,-16.4396648528,12.5852218957
0.0,-16.4386952952,12.5838303666
0.0,-16.4366571792,12.5815992908
0.0,-16.4350765966,12.5803861812
0.0,-16.4343773572,12.5799638981
0.0,-16.4325203758,12.5783318715
0.0,-16.4302912065,12.5763288992
0.0,-16.4281470005,12.5751161942
0.0,-16.4280921545,12.5750851741
0.0,-16.4276348588,12.5748265363
0.0,-16.4238954917,12.573810177
0.0,-16.4222844943,12.5734127016
0.0,-16.4205069953,12.5729741338
0.0,-16.4180487962,12.5723675917
0.0,-16.4124321443,12.5713813349
0.0,-16.409563263,12.5708265526
0.0,-16.4038625009,12.5697240426
0.0,-16.4012934346,12.5692271489
0.0,-16.3969649416,12.5682168643
0.0,-16.3956221426,12.5672595519
0.0,-16.3938727868,12.5660123738
0.0,-16.3938722383,12.5660118658
0.0,-16.3938716574,12.5660113282
0.0,-16.3938703144,12.5660100858
0.0,-16.3938697761,12.5660095877
0.0,-16.3938679687,12.5660079156
0.0,-16.3938675627,12.5660075398
0.0,-16.3938660282,12.5660061194
0.0,-16.3938601141,12.5660006471
0.0,-16.393853916,12.5659949124
0.0,-16.3938513483,12.5659925354
0.0,-16.3938450901,12.5659867449
0.0,-16.3938422302,12.5659840991
0.0,-16.3938364151,12.5659787186
0.0,-16.3938351765,12.5659775724
0.0,-16.3938269538,12.5659699632
0.0,-16.3938195829,12.5659631433
0.0,-16.3938170235,12.5659607754
0.0,-16.3938110965,12.5659552905
0.0,-16.393802241,12.565947097
0.0,-16.3937766588,12.5659234253
0.0,-16.3937470734,12.5658960497
0.0,-16.3937389172,12.5658885025
0.0,-16.3936946437,12.5658475357
0.0,-16.393666049,12.5658210771
0.0,-16.3936031221,12.5657628511
0.0,-16.3935770923,12.565738765
0.0,-16.3934084377,12.5655827064
0.0,-16.3932027809,12.5653924099
0.0,-16.3931296336,12.5653247253
0.0,-16.3920769734,12.5643506779
0.0,-16.3915476065,12.5638608383
0.0,-16.391505807,12.56382216
0.0,-16.3913803541,12.5637187947
0.0,-16.3910836084,12.5634742933
0.0,-16.3905759629,12.5630560215
0.0,-16.3898658533,12.5624709263
0.0,-16.3897952871,12.5624127823
0.0,-16.3897482084,12.5623739917
0.0,-16.3897036461,12.5623372738
0.0,-16.3896954299,12.5623305043
0.0,-16.3896623588,12.5622980935
0.0,-16.3896250433,12.5622610776
0.0,-16.3895964548,12.562232719
0.0,-16.3895059567,12.5621429466
0.0,-16.3894513085,12.5620887367
0.0,-16.3893438525,12.5619821417
0.0,-16.3892287365,12.5618679489
0.0,-16.3892026916,12.561842112
0.0,-16.3891217581,12.5617618278
0.0,-16.3890026655,12.5616436893
0.0,-16.3888696397,12.5615117294
0.0,-16.3887396266,12.561382757
0.0,-16.3886211386,12.5612652182
0.0,-16.3879565699,12.5606059697
0.0,-16.387509738,12.5601627107
0.0,-16.3867489017,12.5594079526
0.0,-16.3859812361,12.5586464141
0.0,-16.3858629615,12.5585290816
0.0,-16.3858473566,12.5585136015
0.0,-16.3857128885,12.5583847987
0.0,-16.3855951447,12.5582819825
0.0,-16.3848593718,12.5576394794
0.0,-16.3845796449,12.5573952115
0.0,-16.384077744,12.5569569291
0.0,-16.3840257662,12.5569115395
0.0,-16.3839642056,12.5568577826
0.0,-16.3839406166,12.5568371832
0.0,-16.3839362635,12.5568333815
0.0,-16.3839342201,12.5568315974
