115,11,29,62,51,
0.0,-12.575567703,15.0502292288
0.0,-12.5663155861,15.0421388047
0.0,-12.5577598211,15.0353615301
0.0,-12.5509354038,15.0305689595
0.0,-12.5482620852,15.0294496588
0.0,-12.5441957619,15.0277470368
0.0,-12.5405545457,15.0262223323
0.0,-12.5403306938,15.0261285953
0.0,-12.5397742792,15.0259675542
0.0,-12.5303921846,15.0232519033
0.0,-12.529038626,15.0228600789
0.0,-12.5238458051,15.0220416989
0.0,-12.5192107026,15.0213111104
0.0,-12.5136998359,15.0196779092
0.0,-12.5122683607,15.019095565
0.0,-12.5087330443,15.017657301
0.0,-12.5053663042,15.0172271396
0.0,-12.5052257448,15.0172255974
0.0,-12.503769004,15.0172096088
0.0,-12.501320755,15.0171827167
0.0,-12.4923255251,15.013675583
0.0,-12.4839053129,15.0071596512
0.0,-12.4781639537,15.0022461333
0.0,-12.4776166698,15.0016027237
0.0,-12.4737743026,14.9970853514
0.0,-12.4684471975,14.9913897772
0.0,-12.4631342729,14.9845145682
0.0,-12.4615457129,14.9820063826
0.0,-12.4608444037,14.97760552
0.0,-12.4605427281,14.9757124115
0.0,-12.4597880032,14.9709762119
0.0,-12.4585387313,14.9625732773
0.0,-12.4576545666,14.9572222443
0.0,-12.4572802345,14.9549567121
0.0,-12.456075524,14.9418887589
0.0,-12.4555544193,14.9362360861
0.0,-12.4555535297,14.9362309226
0.0,-12.4531728663,14.9224112807
0.0,-12.4517437871,14.9199135158
0.0,-12.4500702958,14.9175312041
0.0,-12.4490169933,14.9140921555
0.0,-12.4492690398,14.9098669744
0.0,-12.4493199392,14.909013665
0.0,-12.4510163342,14.9062381537
0.0,-12.451942123,14.9047234087
0.0,-12.4520462293,14.9045530719
0.0,-12.4525043438,14.9030073914
0.0,-12.4530586804,14.901137022
0.0,-12.4532431953,14.9005351556
0.0,-12.4540697023,14.8978391298
0.0,-12.4540812112,14.8977298818
0.0,-12.4540836688,14.8977299091
0.0,-12.4543457417,14.8952421611
0.0,-12.4531584064,14.8928652936
0.0,-12.4467810164,14.8874760714
0.0,-12.4393199708,14.8824557111
0.0,-12.4393168665,14.8824552483
0.0,-12.4390682868,14.8824181876
0.0,-12.4358842699,14.8790449411
0.0,-12.4301229359,14.8733111675
0.0,-12.4209540646,14.8631099202
0.0,-12.41336347,14.8565100805
0.0,-12.413373623,14.8568666854
0.0,-12.4071956336,14.8526935353
0.0,-12.4027796462,14.8488332289
0.0,-12.3998402369,14.8468583355
0.0,-12.39811443,14.8456987899
0.0,-12.3962420346,14.8444407271
0.0,-12.3952417577,14.844056052
0.0,-12.391270397,14.8425287376
0.0,-12.3832555164,14.8400497546
0.0,-12.3770216984,14.8357753369
0.0,-12.3669548553,14.8323206786
0.0,-12.3630765652,14.8309896183
0.0,-12.353865152,14.8280567096
0.0,-12.3508560754,14.8280220675
0.0,-12.3481881278,14.8279913198
0.0,-12.3463635714,14.8279702742
0.0,-12.3380156101,14.827873799
0.0,-12.32589917,14.8249062007
0.0,-12.317016229,14.8168357145
0.0,-12.3141011978,14.8134492293
0.0,-12.3107357761,14.8078651201
0.0,-12.3036164029,14.7986116326
0.0,-12.2935016125,14.7893939501
0.0,-12.2918002085,14.7866536278
0.0,-12.2909229362,14.7852406449
0.0,-12.2879799913,14.781011955
0.0,-12.2840321743,14.7753496935
0.0,-12.2804821199,14.7729620375
0.0,-12.2757634431,14.7705605467
0.0,-12.269488782,14.7699177092
0.0,-12.2589821703,14.7688690617
0.0,-12.2531004544,14.7676785899
0.0,-12.2522978482,14.767516129
0.0,-12.2471508932,14.7664742263
0.0,-12.2419578364,14.7646745073
0.0,-12.2411586697,14.7643975338
0.0,-12.2390564978,14.7599165117
0.0,-12.2366124738,14.7488430461
0.0,-12.2365048209,14.748426883
0.0,-12.2348038501,14.7418511372
0.0,-12.2343098337,14.7395754739
0.0,-12.234000279,14.738149508
0.0,-12.2339863289,14.7381428776
0.0,-12.2297416147,14.7361252153
0.0,-12.2230024081,14.7362990099
0.0,-12.221534932,14.7364674627
0.0,-12.220202817,14.7365234383
0.0,-12.2173304374,14.735553094
0.0,-12.2143202476,14.7337892297
0.0,-12.2119099828,14.7313847067
0.0,-12.2104767256,14.7277682148
0.0,-12.2095027849,14.722933529
0.0,-12.2086630252,14.7191802243
0.0,-12.2088809201,14.7177606537
0.0,-12.2089856129,14.7170785754
0.0,-12.209622468,14.714980711
0.0,-12.2116184806,14.7106856909
0.0,-12.2134267821,14.7080620225
0.0,-12.2143298873,14.7068311493
0.0,-12.2144545058,14.7057528792
0.0,-12.2130393081,14.7036303145
0.0,-12.2111250177,14.7015017392
0.0,-12.2083275731,14.6990385904
0.0,-12.2044224477,14.696454086
0.0,-12.1991637904,14.695634784
0.0,-12.1948944224,14.6955291796
0.0,-12.190338823,14.6961218657
0.0,-12.1868964643,14.6964040452
0.0,-12.1843462286,14.6963190984
0.0,-12.1821911085,14.695699055
0.0,-12.179771898,14.6940500271
0.0,-12.1766498652,14.690988762
0.0,-12.1741337288,14.6882587722
0.0,-12.1736389642,14.6879790894
0.0,-12.1719863701,14.6870448913
0.0,-12.1712805736,14.686941809
0.0,-12.1699635923,14.6869257451
0.0,-12.1686422668,14.6872470366
0.0,-12.1664128882,14.6880970951
0.0,-12.1638343079,14.6891453078
0.0,-12.1620970755,14.6894614727
0.0,-12.1607853199,14.6890405207
0.0,-12.1594910112,14.6872701185
0.0,-12.1588977074,14.684900954
0.0,-12.1589273536,14.6826069016
0.0,-12.1604099341,14.6805330806
0.0,-12.162730317,14.6779971073
0.0,-12.1660868308,14.675743687
0.0,-12.1698530685,14.6739675848
0.0,-12.1737457409,14.6731377207
0.0,-12.1756942352,14.6725540789
0.0,-12.1770994922,14.671086526
0.0,-12.1775361232,14.6694722224
0.0,-12.1775651373,14.6672097409
0.0,-12.1775664079,14.6671106561
0.0,-12.1773835713,14.6651514026
0.0,-12.1761567933,14.6635168802
0.0,-12.1749915479,14.6624904572
0.0,-12.1711224784,14.661498606
0.0,-12.1666946646,14.6608373007
0.0,-12.1596480675,14.6589967048
0.0,-12.1559142985,14.6582762066
0.0,-12.1515611886,14.6572106483
0.0,-12.1490152719,14.6557622981
0.0,-12.1463456422,14.6531652063
0.0,-12.1452673952,14.6507900876
0.0,-12.1448006403,14.6493672284
0.0,-12.144325771,14.643220513
0.0,-12.1444078972,14.6368781888
0.0,-12.1477773965,14.6282142775
0.0,-12.147978676,14.6273348184
0.0,-12.148732263,14.624042056
0.0,-12.1504985658,14.6214318528
0.0,-12.1540768573,14.618033979
0.0,-12.1619952615,14.6166459488
0.0,-12.166500129,14.6166332973
0.0,-12.1694138736,14.6163987818
0.0,-12.169563889,14.6162963498
0.0,-12.171161741,14.6152053037
0.0,-12.1719438212,14.6136626703
0.0,-12.1730116864,14.6114486608
0.0,-12.1730349901,14.6096268791
0.0,-12.1725574733,14.6036150237
0.0,-12.1725840373,14.5996698182
0.0,-12.1871296321,14.5999214802
0.0,-12.2077718295,14.5997088918
0.0,-12.2170103382,14.5996127017
0.0,-12.2178631082,14.599747068
0.0,-12.2192318209,14.5999722603
0.0,-12.2205981059,14.6002064483
0.0,-12.2219630942,14.6004519034
0.0,-12.2226890843,14.6005867688
0.0,-12.2233268286,14.6007052394
0.0,-12.2246887437,14.6009653203
0.0,-12.2260500555,14.6012276447
0.0,-12.2274113012,14.601495606
0.0,-12.2287707703,14.6017669258
0.0,-12.2301302018,14.6020416248
0.0,-12.2314890019,14.6023208251
0.0,-12.2328471849,14.6026033978
0.0,-12.2342047507,14.6028893429
0.0,-12.2355611199,14.6031786536
0.0,-12.2369174517,14.6034713436
0.0,-12.2382731666,14.603767406
0.0,-12.2396282646,14.604066841
0.0,-12.2409821803,14.6043685127
0.0,-12.2423366243,14.6046746996
0.0,-12.2436899001,14.6049819944
0.0,-12.2450425452,14.6052937907
0.0,-12.2463951814,14.6056067086
0.0,-12.2477471869,14.605924128
0.0,-12.249098604,14.6062426623
0.0,-12.2504494187,14.6065634403
0.0,-12.2518001965,14.6068875979
0.0,-12.253150386,14.6072128703
0.0,-12.2545005388,14.6075415223
0.0,-12.2558495236,14.6078712823
0.0,-12.2571990654,14.6082032998
0.0,-12.2585474254,14.6085375544
0.0,-12.2598963564,14.6088729375
0.0,-12.2612441056,14.6092105577
0.0,-12.2625924119,14.6095504354
0.0,-12.2639401441,14.6098902992
0.0,-12.2652872741,14.6102324069
0.0,-12.2666343957,14.6105756364
0.0,-12.2679815089,14.6109199878
0.0,-12.269328034,14.6112654541
0.0,-12.2706745506,14.6116120423
0.0,-12.2720210589,14.6119597524
0.0,-12.2733675589,14.6123085842
0.0,-12.2747134847,14.6126574023
0.0,-12.2760594022,14.6130073421
0.0,-12.2774053253,14.613357275
0.0,-12.2787512401,14.6137083296
0.0,-12.2800971604,14.6140593773
0.0,-12.2814424928,14.61441154
0.0,-12.2827884105,14.6147637024
0.0,-12.284133768,14.6151147221
0.0,-12.2854796969,14.6154668704
0.0,-12.2868256314,14.6158190117
0.0,-12.2881710057,14.6161700102
0.0,-12.2895169652,14.6165210084
0.0,-12.2908629303,14.6168719996
0.0,-12.2922089011,14.6172229837
0.0,-12.2935548912,14.6175728318
0.0,-12.2949008869,14.6179226729
0.0,-12.2962469159,14.6182702491
0.0,-12.2975935163,14.6186189538
0.0,-12.2989401498,14.6189653936
0.0,-12.3002868027,14.6193106974
0.0,-12.3016340408,14.6196560008
0.0,-12.302981312,14.6199990392
0.0,-12.3043286025,14.6203409417
0.0,-12.3056764919,14.6206817148
0.0,-12.3070244006,14.6210213519
0.0,-12.3083729219,14.6213587306
0.0,-12.3097214625,14.6216949734
0.0,-12.3110700222,14.62203008
0.0,-12.3124192083,14.6223617994
0.0,-12.3137689931,14.6226923894
0.0,-12.3151188108,14.6230207144
0.0,-12.3167426489,14.623415419
0.0,-12.3180924783,14.6237437282
0.0,-12.3188078893,14.6239176582
0.0,-12.3194428928,14.6240720369
0.0,-12.3207927329,14.6244003317
0.0,-12.3221425784,14.6247286194
0.0,-12.3234924292,14.6250569
0.0,-12.3248428787,14.6253840511
0.0,-12.3261927401,14.6257123173
0.0,-12.3275426069,14.6260405763
0.0,-12.328892479,14.6263688282
0.0,-12.3302429362,14.6266970796
0.0,-12.3315928189,14.6270253172
0.0,-12.332942707,14.6273535475
0.0,-12.3342926004,14.6276817708
0.0,-12.3356430789,14.6280099935
0.0,-12.3369929966,14.6283370734
0.0,-12.338342906,14.6286652751
0.0,-12.3396928207,14.6289934697
0.0,-12.3410427408,14.629321657
0.0,-12.3423932459,14.6296498439
0.0,-12.3437431766,14.6299780169
0.0,-12.3450931126,14.6303061828
0.0,-12.346443054,14.6306343415
0.0,-12.3477935804,14.6309624996
0.0,-12.3491435324,14.631290644
0.0,-12.3504935032,14.6316176522
0.0,-12.3518434658,14.6319457822
0.0,-12.3531940135,14.6322739116
0.0,-12.3545439868,14.6326020272
0.0,-12.3558939654,14.6329301357
0.0,-12.3572439493,14.633258237
0.0,-12.3585939385,14.6335863311
0.0,-12.3599445128,14.6339144247
0.0,-12.3612945126,14.6342425044
0.0,-12.3626445313,14.6345694481
0.0,-12.3639945417,14.6348975135
0.0,-12.3648851266,14.6351138409
0.0,-12.3653451373,14.6352255783
0.0,-12.3666951584,14.6355536293
0.0,-12.3680451848,14.6358816732
0.0,-12.3693952165,14.6362097099
0.0,-12.3707458333,14.6365377459
0.0,-12.3720958756,14.6368657683
0.0,-12.3734459233,14.6371937834
0.0,-12.3747959897,14.6375206624
0.0,-12.3761466277,14.6378486697
0.0,-12.3774966913,14.6381766633
0.0,-12.3788467601,14.6385046497
0.0,-12.3801968343,14.6388326289
0.0,-12.3813613126,14.6391156044
0.0,-12.3942806204,14.6424573025
0.0,-12.4093638097,14.6463576811
0.0,-12.4244465309,14.6502571537
0.0,-12.4364046064,14.6533467828
0.0,-12.4395316954,14.6541546225
0.0,-12.4546157971,14.6580523065
0.0,-12.4697023273,14.661949114
0.0,-12.4847878189,14.665843877
0.0,-12.4908723973,14.6674149465
0.0,-12.5074179056,14.6716863182
0.0,-12.5279942467,14.6769964815
0.0,-12.5300512617,14.6775273271
0.0,-12.5451406441,14.6814196377
0.0,-12.5602295503,14.6853110355
0.0,-12.5696177687,14.6877309006
0.0,-12.590410003,14.6930900032
0.0,-12.6205937478,14.7008664939
0.0,-12.6356860719,14.7047522475
0.0,-12.6410658279,14.7061396901
0.0,-12.6509733879,14.7086942591
0.0,-12.6509739711,14.7086944095
0.0,-12.6230236363,14.7928716017
0.0,-12.6148141577,14.8175795783
0.0,-12.6146715722,14.818008655
0.0,-12.5956191243,14.8753185562
0.0,-12.5953705502,14.876066052
0.0,-12.5941617014,14.8797884329
0.0,-12.5941639187,14.8797906181
0.0,-12.5941659393,14.8797926088
0.0,-12.5894703689,14.8942483396
0.0,-12.5934136361,14.8988439516
0.0,-12.5940121153,14.8999362694
0.0,-12.5944816959,14.9007933195
0.0,-12.595235677,14.9021694271
0.0,-12.5954806164,14.9026164679
0.0,-12.5980872614,14.907373763
0.0,-12.5985420169,14.908203701
0.0,-12.5989633064,14.9089725574
0.0,-12.6009516243,14.9126011779
0.0,-12.6022201374,14.9168458407
0.0,-12.6031231038,14.9202075707
0.0,-12.6035917653,14.921952359
0.0,-12.6009392152,14.9253683436
0.0,-12.6010966178,14.9255267793
0.0,-12.6050150616,14.9294708306
0.0,-12.6050924627,14.929786275
0.0,-12.5976294892,14.9419382641
0.0,-12.5965279035,14.9437318218
0.0,-12.5967597785,14.9441621675
0.0,-12.6016222097,14.9459935258
0.0,-12.601898502,14.9466466366
0.0,-12.6022003311,14.9492234698
0.0,-12.602235559,14.9502345588
0.0,-12.6030665254,14.9521280787
0.0,-12.6031515521,14.953048218
0.0,-12.6035380822,14.9541620614
0.0,-12.6038421232,14.9550381963
0.0,-12.6053142881,14.9542903275
0.0,-12.6091812116,14.9523258324
0.0,-12.6127678304,14.9605492914
0.0,-12.6126509186,14.9606605303
0.0,-12.6136059908,14.961755464
0.0,-12.6163634744,14.9649166793
0.0,-12.6193237198,14.9718359141
0.0,-12.616743494,14.9733752077
0.0,-12.6161792848,14.9737117923
0.0,-12.6157661386,14.9739582566
0.0,-12.6157572772,14.9739635431
0.0,-12.6155500381,14.9741730331
0.0,-12.6155472796,14.9741758221
0.0,-12.6156041571,14.9742345932
0.0,-12.615499329,14.9751516197
0.0,-12.6152537199,14.9759305276
0.0,-12.6149620777,14.9766174798
0.0,-12.6149519,14.9775366251
0.0,-12.6140911608,14.9782627917
0.0,-12.6140783584,14.9793659849
0.0,-12.614640338,14.9799692681
0.0,-12.6155296622,14.9808063533
0.0,-12.6156692647,14.9808961688
0.0,-12.6163290471,14.981320644
0.0,-12.61769233,14.9821615506
0.0,-12.6192056756,14.9824077457
0.0,-12.6204783632,14.9828806672
0.0,-12.6213183241,14.9836677235
0.0,-12.6213217709,14.9836709532
0.0,-12.6209277796,14.9849994202
0.0,-12.6210631668,14.9854892342
0.0,-12.6212461518,14.9861512485
0.0,-12.6211397171,14.9871619949
0.0,-12.621270848,14.9881740927
0.0,-12.6211025664,14.9904704715
0.0,-12.6219419339,14.9916288707
0.0,-12.6227740032,14.9932908622
0.0,-12.6234600586,14.99555099
0.0,-12.6235357996,14.9960666368
0.0,-12.6235869077,14.9964145847
0.0,-12.6237237121,14.9973459514
0.0,-12.6247336947,15.0004169137
0.0,-12.6304745608,15.0082742157
0.0,-12.6378109872,15.0183156454
0.0,-12.6415293302,15.0233906194
0.0,-12.6415399363,15.0234190943
0.0,-12.6417307378,15.0239313528
0.0,-12.646500905,15.0367374919
0.0,-12.6473245921,15.0367642251
0.0,-12.6492757295,15.0368275386
0.0,-12.6493680086,15.0368305328
0.0,-12.6493750761,15.0368307622
0.0,-12.6496582807,15.0366832838
0.0,-12.6508924996,15.0362178724
0.0,-12.6513881081,15.0368960652
0.0,-12.6513976243,15.0368963741
0.0,-12.6595020265,15.0479967107
0.0,-12.6595022587,15.0479965541
0.0,-12.6598385583,15.0484566922
0.0,-12.662278729,15.0517953672
0.0,-12.6627099835,15.0522800783
0.0,-12.663458858,15.053121775
0.0,-12.6639671398,15.0536930534
0.0,-12.6665474105,15.0573862001
0.0,-12.6672040656,15.0583620576
0.0,-12.6691373114,15.0612350059
0.0,-12.6757917434,15.071123363
0.0,-12.6785470026,15.0744711908
0.0,-12.6794972344,15.0756257592
0.0,-12.6868951555,15.0846140149
0.0,-12.6878317191,15.085751848
0.0,-12.6878277591,15.0861881239
0.0,-12.6867978813,15.0868574326
0.0,-12.686415028,15.0891169362
0.0,-12.6867416629,15.0918926467
0.0,-12.6867432374,15.0919060306
0.0,-12.6867187352,15.0941691948
0.0,-12.6859567373,15.0983400128
0.0,-12.6846665616,15.1016348762
0.0,-12.6815862997,15.1047372774
0.0,-12.6785192001,15.1066210052
0.0,-12.6747409591,15.1079750508
0.0,-12.6711513721,15.1084604354
0.0,-12.6663112217,15.1085846464
0.0,-12.6598755179,15.1071252945
0.0,-12.6566729973,15.1050028703
0.0,-12.65063944,15.1018317036
0.0,-12.6468732269,15.0998521052
0.0,-12.6372997817,15.0952593338
0.0,-12.6331359079,15.0943116264
0.0,-12.6274312255,15.0916403622
0.0,-12.6211853109,15.0893114894
0.0,-12.6172629376,15.0875292288
0.0,-12.6131653575,15.0853968606
0.0,-12.6076570628,15.082774647
0.0,-12.6018432021,15.0781415102
0.0,-12.5969451455,15.0714968746
0.0,-12.5943559407,15.0680892856
0.0,-12.5936575318,15.0671572163
0.0,-12.5923632907,15.0654299489
0.0,-12.5920299875,15.0649851243
0.0,-12.5915427406,15.0643348448
0.0,-12.5892219596,15.0612374648
0.0,-12.575567703,15.0502292288
