0,0,0,7,2,3,0,2,0,0,0,3,0,0,8,9,
0.0,-14.943499,16.635189
0.0,-14.93686,16.63392
0.0,-14.932069,16.635451
0.0,-14.91607,16.650769
0.0,-14.911769,16.651389
0.0,-14.908749,16.6472
0.0,-14.90655,16.63776
0.0,-14.90374,16.63541
0.0,-14.89708,16.63484
0.0,-14.894669,16.636399
0.0,-14.89096,16.643909
0.0,-14.884921,16.660779
0.0,-14.881541,16.66348
0.0,-14.879451,16.663309
0.0,-14.87417,16.66289
0.0,-14.85578,16.64099
0.0,-14.83718,16.642719
0.0,-14.82944,16.63662
0.0,-14.824681,16.636299
0.0,-14.823229,16.637651
0.0,-14.82131,16.650471
0.0,-14.816699,16.654979
0.0,-14.811441,16.65603
0.0,-14.78924,16.63497
0.0,-14.785689,16.63376
0.0,-14.785391,16.63425
0.0,-14.77118,16.65713
0.0,-14.76829,16.658689
0.0,-14.76259,16.65812
0.0,-14.756692,16.655492
0.0,-14.749921,16.648711
0.0,-14.74833,16.64501
0.0,-14.749841,16.64068
0.0,-14.749759,16.632641
0.0,-14.738509,16.623948
0.0,-14.73517,16.62434
0.0,-14.736909,16.632641
0.0,-14.73352,16.63533
0.0,-14.72826,16.636609
0.0,-14.727542,16.648529
0.0,-14.720141,16.649541
0.0,-14.71662,16.646949
0.0,-14.712641,16.643661
0.0,-14.706941,16.642861
0.0,-14.704019,16.643209
0.0,-14.701929,16.64346
0.0,-14.679381,16.651761
0.0,-14.662529,16.64891
0.0,-14.650559,16.65213
0.0,-14.638911,16.651448
0.0,-14.633541,16.6463
0.0,-14.633179,16.64055
0.0,-14.63495,16.63577
0.0,-14.637609,16.63353
0.0,-14.64741,16.631652
0.0,-14.638291,16.623901
0.0,-14.634011,16.62336
0.0,-14.628379,16.63105
0.0,-14.623638,16.632099
0.0,-14.619771,16.632949
0.0,-14.606039,16.629022
0.0,-14.59831,16.62313
0.0,-14.593219,16.62739
0.0,-14.588451,16.627992
0.0,-14.58278,16.62582
0.0,-14.565131,16.62731
0.0,-14.55402,16.62388
0.0,-14.548621,16.642362
0.0,-14.546421,16.645299
0.0,-14.54089,16.64772
0.0,-14.533849,16.64276
0.0,-14.526419,16.63412
0.0,-14.521221,16.632178
0.0,-14.519131,16.630079
0.0,-14.51011,16.628751
0.0,-14.49719,16.620461
0.0,-14.493149,16.620379
0.0,-14.486929,16.62164
0.0,-14.485441,16.624359
0.0,-14.481869,16.624518
0.0,-14.476771,16.629008
0.0,-14.452019,16.628509
0.0,-14.445091,16.629749
0.0,-14.440469,16.634239
0.0,-14.43475,16.6456
0.0,-14.429889,16.64986
0.0,-14.419321,16.65424
0.0,-14.413379,16.653431
0.0,-14.412242,16.651341
0.0,-14.403679,16.639918
0.0,-14.39371,16.638799
0.0,-14.380359,16.639219
0.0,-14.363869,16.63758
0.0,-14.36278,16.63748
0.0,-14.34335,16.643962
0.0,-14.332909,16.642589
0.0,-14.32635,16.637639
0.0,-14.323189,16.63023
0.0,-14.322311,16.605882
0.0,-14.329429,16.585841
0.0,-14.329621,16.577352
0.0,-14.326439,16.5704
0.0,-14.323599,16.56965
0.0,-14.314451,16.574512
0.0,-14.30979,16.575129
0.0,-14.29655,16.576891
0.0,-14.28226,16.587601
0.0,-14.277511,16.58727
0.0,-14.270689,16.58345
0.0,-14.266609,16.574651
0.0,-14.26921,16.55474
0.0,-14.26508,16.537669
0.0,-14.26175,16.531169
0.0,-14.25618,16.5203
0.0,-14.25314,16.520241
0.0,-14.256611,16.53336
0.0,-14.25646,16.533859
0.0,-14.25404,16.54156
0.0,-14.247451,16.548999
0.0,-14.240491,16.5516
0.0,-14.233099,16.5519
0.0,-14.22388,16.549642
0.0,-14.209501,16.543819
0.0,-14.1985,16.53578
0.0,-14.195079,16.52951
0.0,-14.196291,16.518299
0.0,-14.194769,16.5123
0.0,-14.16537,16.497659
0.0,-14.162551,16.496219
0.0,-14.155504,16.486899
0.0,-14.15056,16.480361
0.0,-14.144961,16.475652
0.0,-14.142608,16.47467
0.0,-14.135131,16.47887
0.0,-14.127281,16.47916
0.0,-14.125451,16.476131
0.0,-14.129941,16.468969
0.0,-14.13212,16.465501
0.0,-14.12949,16.456031
0.0,-14.121059,16.45057
0.0,-14.11419,16.449271
0.0,-14.107911,16.443621
0.0,-14.10108,16.430849
0.0,-14.0969,16.42686
0.0,-14.077161,16.41701
0.0,-14.071809,16.412069
0.0,-14.06282,16.400399
0.0,-14.05447,16.391951
0.0,-14.050233,16.390248
0.0,-14.04453,16.384261
0.0,-14.038181,16.377581
0.0,-14.021431,16.352658
0.0,-14.01175,16.35014
0.0,-14.00316,16.351548
0.0,-13.994191,16.348829
0.0,-13.981309,16.34119
0.0,-13.967161,16.336729
0.0,-13.96018,16.33061
0.0,-13.956159,16.32019
0.0,-13.95453,16.319009
0.0,-13.952369,16.310239
0.0,-13.951501,16.30724
0.0,-13.954409,16.30455
0.0,-13.959931,16.302611
0.0,-13.97891,16.303739
0.0,-13.981551,16.302419
0.0,-13.982891,16.29648
0.0,-13.97769,16.276171
0.0,-13.958869,16.27827
0.0,-13.948089,16.27228
0.0,-13.947159,16.27045
0.0,-13.94537,16.26694
0.0,-13.957269,16.256661
0.0,-13.96131,16.2437
0.0,-13.965009,16.231839
0.0,-13.96497,16.22404
0.0,-13.96459,16.223951
0.0,-13.961661,16.22327
0.0,-13.945249,16.233899
0.0,-13.939248,16.23629
0.0,-13.93569,16.23621
0.0,-13.925621,16.230239
0.0,-13.915611,16.231839
0.0,-13.91186,16.22969
0.0,-13.91008,16.225059
0.0,-13.911431,16.21867
0.0,-13.908211,16.204829
0.0,-13.90249,16.19643
0.0,-13.89664,16.192859
0.0,-13.89062,16.194411
0.0,-13.88278,16.19643
0.0,-13.87708,16.196528
0.0,-13.872599,16.19504
0.0,-13.867309,16.188499
0.0,-13.86607,16.182509
0.0,-13.86692,16.176951
0.0,-13.87143,16.166571
0.0,-13.87257,16.15903
0.0,-13.869981,16.148639
0.0,-13.86217,16.138591
0.0,-13.85861,16.1291
0.0,-13.848971,16.12567
0.0,-13.847141,16.122869
0.0,-13.84507,16.11089
0.0,-13.839951,16.1071
0.0,-13.83248,16.12069
0.0,-13.818142,16.133649
0.0,-13.81426,16.13677
0.0,-13.805399,16.139771
0.0,-13.78846,16.143258
0.0,-13.7628,16.144252
0.0,-13.745341,16.14933
0.0,-13.73803,16.15627
0.0,-13.725239,16.17316
0.0,-13.715551,16.180732
0.0,-13.70797,16.17985
0.0,-13.70158,16.175289
0.0,-13.70382,16.172479
0.0,-13.712691,16.166011
0.0,-13.72204,16.153289
0.0,-13.733059,16.129
0.0,-13.740011,16.1128
0.0,-13.745041,16.095209
0.0,-13.751281,16.062349
0.0,-13.75583,16.053089
0.0,-13.761341,16.047769
0.0,-13.78743,16.035991
0.0,-13.85685,16.007351
0.0,-13.857081,15.99485
0.0,-13.86091,15.979801
0.0,-13.86784,15.968701
0.0,-13.88172,15.957361
0.0,-13.889611,15.950881
0.0,-13.897271,15.943941
0.0,-13.91353,15.926362
0.0,-13.96779,15.866421
0.0,-14.06571,15.760379
0.0,-14.137061,15.683721
0.0,-14.1664,15.652449
0.0,-14.187631,15.635772
0.0,-14.20074,15.62302
0.0,-14.233881,15.5915
0.0,-14.25079,15.56371
0.0,-14.2592,15.588011
0.0,-14.26619,15.617181
0.0,-14.375541,15.67815
0.0,-14.4816,15.7363
0.0,-14.511869,15.781379
0.0,-14.52678,15.806352
0.0,-14.53542,15.81628
0.0,-14.54718,15.828291
0.0,-14.57141,15.848381
0.0,-14.652071,15.920621
0.0,-14.66216,15.930321
0.0,-14.756719,15.93905
0.0,-14.76775,15.944112
0.0,-14.86228,15.990989
0.0,-14.89746,15.99039
0.0,-15.131569,15.99163
0.0,-15.164119,15.992389
0.0,-15.178011,15.99255
0.0,-15.404461,15.99377
0.0,-15.41164,15.993261
0.0,-15.41329,15.959911
0.0,-15.416411,15.930489
0.0,-15.5798,15.924742
0.0,-15.645999,15.99464
0.0,-15.728679,16.081521
0.0,-15.801751,16.15849
0.0,-15.831489,16.185789
0.0,-15.846461,16.17316
0.0,-15.89564,16.13315
0.0,-15.933369,16.09879
0.0,-15.9541,16.08842
0.0,-16.037238,16.04807
0.0,-16.10966,16.01474
0.0,-16.120151,16.01116
0.0,-16.14975,16.00393
0.0,-16.15741,16.004081
0.0,-16.167739,16.006531
0.0,-16.187918,16.01304
0.0,-16.19871,16.014321
0.0,-16.202031,16.011741
0.0,-16.20511,16.009158
0.0,-16.210541,16.002859
0.0,-16.209771,15.99823
0.0,-16.20661,15.99387
0.0,-16.1984,15.987931
0.0,-16.191419,15.98499
0.0,-16.189961,15.982461
0.0,-16.18919,15.978057
0.0,-16.18581,15.97555
0.0,-16.18197,15.975131
0.0,-16.173599,15.975211
0.0,-16.17165,15.972451
0.0,-16.17255,15.96781
0.0,-16.17601,15.9562
0.0,-16.18816,15.93084
0.0,-16.192901,15.926859
0.0,-16.202922,15.92421
0.0,-16.22105,15.919632
0.0,-16.234632,15.914861
0.0,-16.235901,15.900719
0.0,-16.237262,15.894921
0.0,-16.2437,15.893
0.0,-16.263969,15.88701
0.0,-16.265849,15.88467
0.0,-16.268201,15.881171
0.0,-16.26963,15.860552
0.0,-16.277249,15.857931
0.0,-16.31929,15.852621
0.0,-16.3219,15.85074
0.0,-16.339219,15.83921
0.0,-16.360581,15.826481
0.0,-16.530138,15.820248
0.0,-16.530138,15.82236
0.0,-16.529862,15.82236
0.0,-16.529862,15.822917
0.0,-16.529584,15.822917
0.0,-16.529584,15.824029
0.0,-16.529306,15.824029
0.0,-16.529306,15.825139
0.0,-16.529028,15.825139
0.0,-16.529028,15.826527
0.0,-16.52875,15.826527
0.0,-16.52875,15.827639
0.0,-16.528474,15.827639
0.0,-16.528474,15.828749
0.0,-16.528193,15.828749
0.0,-16.528193,15.829861
0.0,-16.527915,15.829861
0.0,-16.527915,15.830971
0.0,-16.52764,15.830973
0.0,-16.52764,15.832083
0.0,-16.527362,15.832083
0.0,-16.527362,15.832915
0.0,-16.527084,15.832915
0.0,-16.527084,15.833749
0.0,-16.526805,15.833749
0.0,-16.526805,15.834862
0.0,-16.526527,15.834862
0.0,-16.526527,15.835693
0.0,-16.526252,15.835693
0.0,-16.526252,15.836806
0.0,-16.525971,15.836806
0.0,-16.525971,15.837916
0.0,-16.525693,15.837916
0.0,-16.525693,15.839584
0.0,-16.525417,15.839584
0.0,-16.525417,15.84125
0.0,-16.525139,15.84125
0.0,-16.525139,15.842916
0.0,-16.524861,15.842916
0.0,-16.524861,15.844584
0.0,-16.524583,15.844584
0.0,-16.524583,15.84625
0.0,-16.524305,15.84625
0.0,-16.524305,15.847916
0.0,-16.524027,15.847916
0.0,-16.524027,15.849029
0.0,-16.523751,15.849029
0.0,-16.523751,15.850139
0.0,-16.523471,15.850139
0.0,-16.523471,15.850973
0.0,-16.523195,15.850973
0.0,-16.523195,15.852083
0.0,-16.522917,15.852083
0.0,-16.522917,15.853195
0.0,-16.522639,15.853195
0.0,-16.522639,15.855973
0.0,-16.522361,15.855973
0.0,-16.522361,15.857639
0.0,-16.522639,15.857639
0.0,-16.522639,15.858195
0.0,-16.522361,15.858195
0.0,-16.522361,15.860417
0.0,-16.522083,15.860417
0.0,-16.522083,15.862084
0.0,-16.521805,15.862084
0.0,-16.521805,15.865416
0.0,-16.522083,15.865416
0.0,-16.522083,15.865972
0.0,-16.522361,15.865972
0.0,-16.522361,15.867084
0.0,-16.522639,15.867084
0.0,-16.522639,15.868472
0.0,-16.522083,15.868472
0.0,-16.522083,15.870972
0.0,-16.521805,15.870972
0.0,-16.521805,15.872638
0.0,-16.521529,15.872638
0.0,-16.521529,15.874307
0.0,-16.521249,15.874307
0.0,-16.521249,15.876251
0.0,-16.520971,15.876251
0.0,-16.520971,15.878751
0.0,-16.520695,15.878751
0.0,-16.520695,15.880695
0.0,-16.520417,15.880695
0.0,-16.520417,15.882917
0.0,-16.520139,15.882917
0.0,-16.520139,15.883473
0.0,-16.520417,15.883473
0.0,-16.520417,15.883749
0.0,-16.520139,15.883749
0.0,-16.520139,15.885971
0.0,-16.519861,15.885971
0.0,-16.519861,15.887918
0.0,-16.519583,15.887918
0.0,-16.519583,15.89014
0.0,-16.519307,15.89014
0.0,-16.519307,15.898472
0.0,-16.519027,15.898472
0.0,-16.519027,15.90236
0.0,-16.518749,15.90236
0.0,-16.518749,15.906251
0.0,-16.518473,15.906251
0.0,-16.518473,15.909861
0.0,-16.518195,15.909861
0.0,-16.518195,15.912915
0.0,-16.517917,15.912917
0.0,-16.517917,15.915418
0.0,-16.517639,15.915418
0.0,-16.517639,15.917916
0.0,-16.517361,15.917916
0.0,-16.517361,15.92125
0.0,-16.517085,15.92125
0.0,-16.517085,15.925694
0.0,-16.516805,15.925694
0.0,-16.516805,15.930695
0.0,-16.516527,15.930695
0.0,-16.516527,15.941805
0.0,-16.516251,15.941805
0.0,-16.516251,15.944584
0.0,-16.515973,15.944584
0.0,-16.515973,15.947362
0.0,-16.515695,15.947362
0.0,-16.515695,15.951804
0.0,-16.515417,15.951804
0.0,-16.515417,15.95236
0.0,-16.515139,15.95236
0.0,-16.515139,15.95375
0.0,-16.514863,15.95375
0.0,-16.514861,15.955694
0.0,-16.514582,15.955694
0.0,-16.514582,15.957917
0.0,-16.514304,15.957917
0.0,-16.514304,15.959861
0.0,-16.514029,15.959861
0.0,-16.514029,15.962083
0.0,-16.513751,15.962083
0.0,-16.513751,15.967083
0.0,-16.513473,15.967083
0.0,-16.513473,15.974862
0.0,-16.513751,15.974862
0.0,-16.513751,15.983473
0.0,-16.513473,15.983473
0.0,-16.513473,15.985417
0.0,-16.513194,15.985417
0.0,-16.513194,15.987083
0.0,-16.512916,15.987083
0.0,-16.512916,15.989583
0.0,-16.512638,15.989583
0.0,-16.512638,15.991805
0.0,-16.512363,15.991805
0.0,-16.512363,15.992917
0.0,-16.512082,15.992917
0.0,-16.512082,15.994583
0.0,-16.511806,15.994583
0.0,-16.511804,15.996249
0.0,-16.511528,15.996249
0.0,-16.511528,15.999028
0.0,-16.511804,15.999028
0.0,-16.511806,15.999584
0.0,-16.512082,15.999584
0.0,-16.512082,16.000001
0.0,-16.512082,16.000094
0.0,-16.512082,16.00264
0.0,-16.511806,16.00264
0.0,-16.511804,16.004028
0.0,-16.511528,16.004028
0.0,-16.511528,16.004584
0.0,-16.51125,16.004584
0.0,-16.51125,16.005696
0.0,-16.510972,16.005696
0.0,-16.510972,16.011529
0.0,-16.510694,16.011529
0.0,-16.510694,16.015693
0.0,-16.510416,16.015693
0.0,-16.510416,16.015973
0.0,-16.51014,16.015973
0.0,-16.51014,16.017915
0.0,-16.50986,16.017915
0.0,-16.50986,16.022083
0.0,-16.51014,16.022083
0.0,-16.51014,16.023196
0.0,-16.510416,16.023196
0.0,-16.510416,16.025972
0.0,-16.51014,16.025972
0.0,-16.51014,16.026806
0.0,-16.50986,16.026806
0.0,-16.50986,16.03125
0.0,-16.51014,16.03125
0.0,-16.51014,16.031804
0.0,-16.50986,16.031804
0.0,-16.50986,16.032638
0.0,-16.509582,16.032638
0.0,-16.509582,16.03375
0.0,-16.509306,16.03375
0.0,-16.509306,16.03486
0.0,-16.509582,16.03486
0.0,-16.509582,16.035138
0.0,-16.51014,16.035138
0.0,-16.51014,16.036248
0.0,-16.50986,16.036248
0.0,-16.50986,16.037639
0.0,-16.51014,16.037639
0.0,-16.51014,16.038473
0.0,-16.50986,16.038473
0.0,-16.50986,16.039029
0.0,-16.51014,16.039029
0.0,-16.51014,16.039305
0.0,-16.510694,16.039305
0.0,-16.510694,16.040139
0.0,-16.510416,16.040139
0.0,-16.510416,16.040695
0.0,-16.51014,16.040695
0.0,-16.51014,16.041805
0.0,-16.50986,16.041805
0.0,-16.50986,16.042639
0.0,-16.509582,16.042639
0.0,-16.509582,16.046249
0.0,-16.509306,16.046249
0.0,-16.509306,16.048195
0.0,-16.509028,16.048195
0.0,-16.509028,16.048749
0.0,-16.509306,16.048749
0.0,-16.509306,16.049027
0.0,-16.509582,16.049027
0.0,-16.509582,16.049305
0.0,-16.509306,16.049305
0.0,-16.509306,16.049583
0.0,-16.509582,16.049583
0.0,-16.509582,16.049862
0.0,-16.509306,16.049862
0.0,-16.509306,16.050418
0.0,-16.509582,16.050418
0.0,-16.509582,16.060972
0.0,-16.50986,16.060972
0.0,-16.50986,16.062638
0.0,-16.509582,16.062638
0.0,-16.505721,16.062196
0.0,-16.501539,16.06283
0.0,-16.494061,16.07307
0.0,-16.484931,16.07681
0.0,-16.474661,16.07596
0.0,-16.47225,16.079768
0.0,-16.46508,16.08506
0.0,-16.458741,16.08556
0.0,-16.456369,16.085751
0.0,-16.45308,16.08976
0.0,-16.450769,16.092582
0.0,-16.451421,16.097299
0.0,-16.44305,16.102279
0.0,-16.441352,16.106158
0.0,-16.441406,16.106302
0.0,-16.442512,16.10916
0.0,-16.454509,16.120041
0.0,-16.45471,16.12371
0.0,-16.44986,16.135361
0.0,-16.450491,16.143169
0.0,-16.45282,16.148461
0.0,-16.45063,16.15395
0.0,-16.44988,16.15784
0.0,-16.451339,16.17941
0.0,-16.44746,16.188321
0.0,-16.435631,16.208861
0.0,-16.432039,16.21227
0.0,-16.413678,16.21991
0.0,-16.40822,16.220551
0.0,-16.39996,16.215201
0.0,-16.392371,16.21421
0.0,-16.384489,16.21896
0.0,-16.382739,16.2212
0.0,-16.37102,16.236272
0.0,-16.36323,16.25592
0.0,-16.35144,16.270951
0.0,-16.352791,16.27785
0.0,-16.36452,16.293319
0.0,-16.368191,16.3062
0.0,-16.357479,16.332021
0.0,-16.35291,16.33703
0.0,-16.34341,16.337169
0.0,-16.341008,16.338979
0.0,-16.33157,16.3561
0.0,-16.3308,16.362281
0.0,-16.33413,16.385031
0.0,-16.33162,16.397849
0.0,-16.3244,16.406959
0.0,-16.315359,16.40756
0.0,-16.31057,16.41118
0.0,-16.308309,16.445579
0.0,-16.30582,16.456341
0.0,-16.300239,16.46775
0.0,-16.288041,16.474061
0.0,-16.284909,16.478389
0.0,-16.283859,16.487779
0.0,-16.28542,16.49721
0.0,-16.282931,16.508191
0.0,-16.27835,16.513661
0.0,-16.276449,16.513641
0.0,-16.274501,16.51775
0.0,-16.27069,16.51863
0.0,-16.262779,16.524749
0.0,-16.251089,16.52716
0.0,-16.2411,16.52706
0.0,-16.232808,16.523999
0.0,-16.218621,16.51628
0.0,-16.211259,16.51483
0.0,-16.189359,16.516911
0.0,-16.178579,16.52368
0.0,-16.17206,16.52923
0.0,-16.16873,16.53207
0.0,-16.160031,16.54437
0.0,-16.154039,16.54798
0.0,-16.139469,16.552869
0.0,-16.116349,16.556529
0.0,-16.11231,16.55603
0.0,-16.103091,16.551121
0.0,-16.098631,16.54602
0.0,-16.097268,16.5405
0.0,-16.09859,16.529038
0.0,-16.09849,16.52495
0.0,-16.096609,16.52121
0.0,-16.07976,16.5114
0.0,-16.061171,16.49445
0.0,-16.055129,16.48269
0.0,-16.05136,16.479428
0.0,-16.044951,16.478451
0.0,-16.028459,16.485831
0.0,-16.012831,16.4992
0.0,-16.003051,16.501609
0.0,-15.999322,16.50173
0.0,-15.992581,16.501949
0.0,-15.96991,16.489308
0.0,-15.956119,16.488461
0.0,-15.93524,16.50359
0.0,-15.912259,16.515019
0.0,-15.896761,16.518281
0.0,-15.886111,16.51767
0.0,-15.876789,16.51713
0.0,-15.866371,16.514021
0.0,-15.86282,16.512599
0.0,-15.86027,16.507521
0.0,-15.857829,16.49419
0.0,-15.84492,16.499081
0.0,-15.831731,16.506951
0.0,-15.823389,16.508221
0.0,-15.819141,16.508168
0.0,-15.808411,16.508038
0.0,-15.78785,16.497919
0.0,-15.777221,16.495519
0.0,-15.760811,16.492759
0.0,-15.741789,16.49229
0.0,-15.73017,16.489621
0.0,-15.70564,16.47485
0.0,-15.700639,16.475242
0.0,-15.699119,16.476668
0.0,-15.693649,16.48181
0.0,-15.654639,16.48746
0.0,-15.645751,16.48875
0.0,-15.63619,16.491831
0.0,-15.62946,16.496791
0.0,-15.62845,16.500909
0.0,-15.628851,16.50596
0.0,-15.634141,16.51842
0.0,-15.63165,16.525962
0.0,-15.62564,16.530239
0.0,-15.59873,16.53194
0.0,-15.583829,16.526461
0.0,-15.583619,16.524619
0.0,-15.573001,16.518739
0.0,-15.562082,16.516979
0.0,-15.549719,16.51636
0.0,-15.530609,16.521602
0.0,-15.52126,16.526091
0.0,-15.51576,16.528731
0.0,-15.51548,16.531019
0.0,-15.513579,16.530768
0.0,-15.510669,16.534629
0.0,-15.5111,16.53738
0.0,-15.5202,16.54922
0.0,-15.52172,16.55864
0.0,-15.515589,16.570949
0.0,-15.507909,16.5752
0.0,-15.50189,16.576989
0.0,-15.48878,16.580891
0.0,-15.483239,16.585408
0.0,-15.47838,16.59199
0.0,-15.46855,16.596669
0.0,-15.46094,16.59633
0.0,-15.451961,16.59184
0.0,-15.436519,16.57487
0.0,-15.43466,16.563761
0.0,-15.431861,16.55392
0.0,-15.426931,16.549489
0.0,-15.418669,16.545241
0.0,-15.40561,16.54344
0.0,-15.38806,16.55023
0.0,-15.387901,16.550289
0.0,-15.37731,16.55771
0.0,-15.36908,16.566311
0.0,-15.363571,16.56829
0.0,-15.34312,16.567761
0.0,-15.34152,16.568349
0.0,-15.337129,16.56996
0.0,-15.31931,16.583229
0.0,-15.313321,16.585199
0.0,-15.292189,16.582591
0.0,-15.278459,16.577789
0.0,-15.270521,16.57801
0.0,-15.26251,16.578229
0.0,-15.2566,16.576299
0.0,-15.24721,16.568581
0.0,-15.23965,16.564791
0.0,-15.232769,16.56377
0.0,-15.222709,16.56774
0.0,-15.199601,16.583441
0.0,-15.185919,16.59011
0.0,-15.17815,16.5987
0.0,-15.171691,16.60066
0.0,-15.160099,16.596581
0.0,-15.156781,16.5961
0.0,-15.15108,16.595288
0.0,-15.149209,16.593189
0.0,-15.138331,16.58957
0.0,-15.12428,16.5898
0.0,-15.110421,16.593251
0.0,-15.103221,16.596341
0.0,-15.09887,16.60017
0.0,-15.094891,16.609519
0.0,-15.09508,16.61227
0.0,-15.097129,16.617359
0.0,-15.101571,16.62225
0.0,-15.106291,16.624621
0.0,-15.11247,16.624951
0.0,-15.12286,16.62971
0.0,-15.125641,16.634341
0.0,-15.12673,16.63987
0.0,-15.124271,16.647649
0.0,-15.1232,16.65105
0.0,-15.114651,16.663309
0.0,-15.104721,16.672551
0.0,-15.09895,16.675671
0.0,-15.091791,16.676469
0.0,-15.085391,16.67522
0.0,-15.079019,16.671899
0.0,-15.066939,16.654721
0.0,-15.055639,16.634799
0.0,-15.055448,16.634692
0.0,-15.0514,16.632429
0.0,-15.041431,16.63043
0.0,-15.033801,16.631451
0.0,-15.03146,16.63255
0.0,-15.023469,16.63632
0.0,-15.008701,16.649839
0.0,-15.000521,16.68045
0.0,-14.999999,16.68141
0.0,-14.99707,16.686818
0.0,-14.99248,16.689961
0.0,-14.983161,16.69163
0.0,-14.978399,16.69155
0.0,-14.970609,16.687751
0.0,-14.968301,16.68427
0.0,-14.96335,16.681431
0.0,-14.956139,16.67212
0.0,-14.95273,16.663799
0.0,-14.95241,16.662479
0.0,-14.952344,16.662208
0.0,-14.947649,16.642599
0.0,-14.943499,16.635189
