0,0,0,5,5,1,0,1,0,0,0,0,0,1,0,5,
0.0,-15.728679,16.081521
0.0,-15.645999,15.99464
0.0,-15.5798,15.924742
0.0,-15.416411,15.930489
0.0,-15.41329,15.959911
0.0,-15.41164,15.993261
0.0,-15.404461,15.99377
0.0,-15.178011,15.99255
0.0,-15.164119,15.992389
0.0,-15.131569,15.99163
0.0,-14.89746,15.99039
0.0,-14.86228,15.990989
0.0,-14.76775,15.944112
0.0,-14.756719,15.93905
0.0,-14.66216,15.930321
0.0,-14.652071,15.920621
0.0,-14.57141,15.848381
0.0,-14.54718,15.828291
0.0,-14.53542,15.81628
0.0,-14.52678,15.806352
0.0,-14.511869,15.781379
0.0,-14.4816,15.7363
0.0,-14.375541,15.67815
0.0,-14.26619,15.617181
0.0,-14.2592,15.588011
0.0,-14.25079,15.56371
0.0,-14.261263,15.54333
0.0,-14.26219,15.534531
0.0,-14.261921,15.515541
0.0,-14.262379,15.508141
0.0,-14.264039,15.50258
0.0,-14.266899,15.499099
0.0,-14.271432,15.496549
0.0,-14.274769,15.496079
0.0,-14.280501,15.49538
0.0,-14.289569,15.496531
0.0,-14.29674,15.4986
0.0,-14.30104,15.499291
0.0,-14.30486,15.499981
0.0,-14.310829,15.500439
0.0,-14.31823,15.49788
0.0,-14.323711,15.495102
0.0,-14.328479,15.491621
0.0,-14.33515,15.484661
0.0,-14.34111,15.480021
0.0,-14.347309,15.477931
0.0,-14.35733,15.476761
0.0,-14.42583,15.46947
0.0,-14.42583,15.46623
0.0,-14.417659,15.450731
0.0,-14.409751,15.438941
0.0,-14.411649,15.434301
0.0,-14.4152,15.425501
0.0,-14.413039,15.419949
0.0,-14.408009,15.413009
0.0,-14.407519,15.409071
0.0,-14.408461,15.4056
0.0,-14.412511,15.399811
0.0,-14.41773,15.39007
0.0,-14.419619,15.38359
0.0,-14.419359,15.378032
0.0,-14.49283,15.368391
0.0,-14.499439,15.347541
0.0,-14.543499,15.185151
0.0,-14.562769,15.109401
0.0,-14.462909,15.029761
0.0,-14.4419,15.014291
0.0,-14.425201,15.005521
0.0,-14.409231,14.999301
0.0,-14.398489,14.991451
0.0,-14.38581,14.972719
0.0,-14.3822,14.95837
0.0,-14.381211,14.94379
0.0,-14.38546,14.928732
0.0,-14.387089,14.918309
0.0,-14.387561,14.916001
0.0,-14.3214,14.82628
0.0,-14.27819,14.76568
0.0,-14.306879,14.72051
0.0,-14.318961,14.701972
0.0,-14.324889,14.6934
0.0,-14.32888,14.67279
0.0,-14.336909,14.651491
0.0,-14.377761,14.630819
0.0,-14.387251,14.625721
0.0,-14.405801,14.62753
0.0,-14.412219,14.628219
0.0,-14.418869,14.625431
0.0,-14.440669,14.601081
0.0,-14.48024,14.559799
0.0,-14.577591,14.53226
0.0,-14.62295,14.525202
0.0,-14.62357,14.563161
0.0,-14.827069,14.62129
0.0,-14.844689,14.627241
0.0,-14.906151,14.695982
0.0,-14.91377,14.698273
0.0,-14.917799,14.694551
0.0,-14.94854,14.618489
0.0,-14.954949,14.617069
0.0,-15.063521,14.605231
0.0,-15.30757,14.657159
0.0,-15.35698,14.71357
0.0,-15.447699,14.815771
0.0,-15.45803,14.827511
0.0,-15.464961,14.83186
0.0,-15.471411,14.835062
0.0,-15.47547,14.83596
0.0,-15.478091,14.835941
0.0,-15.50707,14.82995
0.0,-15.52487,14.823582
0.0,-15.537011,14.82373
0.0,-15.548211,14.826191
0.0,-15.62086,14.859699
0.0,-15.6639,14.85497
0.0,-15.680781,14.852529
0.0,-15.71108,14.861089
0.0,-15.745021,14.87517
0.0,-15.762272,14.887299
0.0,-15.769499,14.89627
0.0,-15.77898,14.91657
0.0,-15.78429,14.948941
0.0,-15.799109,14.95483
0.0,-15.801441,14.97403
0.0,-15.804021,14.99438
0.0,-15.80602,15.004089
0.0,-15.86442,15.007761
0.0,-15.882539,15.009461
0.0,-15.890819,15.004062
0.0,-15.904061,14.99376
0.0,-15.919922,14.985049
0.0,-15.932769,14.983089
0.0,-15.94945,14.984101
0.0,-15.957801,14.985409
0.0,-15.96614,14.985571
0.0,-15.97184,14.984361
0.0,-15.990071,14.97377
0.0,-16.00642,14.966221
0.0,-16.02496,14.963031
0.0,-16.05711,14.96273
0.0,-16.07354,14.96234
0.0,-16.081859,14.960881
0.0,-16.089211,14.95826
0.0,-16.09825,14.957481
0.0,-16.11015,14.95667
0.0,-16.16094,14.96172
0.0,-16.176639,14.96087
0.0,-16.181861,14.958971
0.0,-16.18558,14.97189
0.0,-16.18847,14.994551
0.0,-16.197789,15.018069
0.0,-16.206828,15.057339
0.0,-16.21571,15.08318
0.0,-16.221531,15.091451
0.0,-16.227101,15.09904
0.0,-16.23867,15.11003
0.0,-16.25054,15.125879
0.0,-16.255659,15.13532
0.0,-16.25812,15.141781
0.0,-16.258711,15.151729
0.0,-16.25694,15.16263
0.0,-16.25588,15.17375
0.0,-16.261489,15.184809
0.0,-16.27355,15.2157
0.0,-16.28557,15.24382
0.0,-16.294001,15.270361
0.0,-16.295931,15.27173
0.0,-16.298541,15.270541
0.0,-16.301611,15.267731
0.0,-16.30366,15.260073
0.0,-16.307069,15.24638
0.0,-16.31132,15.243321
0.0,-16.32038,15.243221
0.0,-16.329229,15.24498
0.0,-16.340308,15.253892
0.0,-16.344459,15.261021
0.0,-16.3429,15.270529
0.0,-16.334788,15.289141
0.0,-16.353591,15.32436
0.0,-16.4051,15.322181
0.0,-16.420411,15.325709
0.0,-16.432,15.33577
0.0,-16.443132,15.34815
0.0,-16.4488,15.34392
0.0,-16.46554,15.328212
0.0,-16.47826,15.3158
0.0,-16.48768,15.30643
0.0,-16.491399,15.298752
0.0,-16.492491,15.291092
0.0,-16.493879,15.270012
0.0,-16.498699,15.255371
0.0,-16.50083,15.254181
0.0,-16.50677,15.25249
0.0,-16.517461,15.249361
0.0,-16.525511,15.245101
0.0,-16.53349,15.23505
0.0,-16.546281,15.210821
0.0,-16.558201,15.192619
0.0,-16.56306,15.181679
0.0,-16.57054,15.170952
0.0,-16.578132,15.167841
0.0,-16.582341,15.162241
0.0,-16.58676,15.154309
0.0,-16.592251,15.154941
0.0,-16.60516,15.157099
0.0,-16.610671,15.159581
0.0,-16.614999,15.162079
0.0,-16.618641,15.166899
0.0,-16.62237,15.177971
0.0,-16.628111,15.196649
0.0,-16.633649,15.217651
0.0,-16.639481,15.22545
0.0,-16.65368,15.235
0.0,-16.66307,15.24137
0.0,-16.67213,15.24103
0.0,-16.689251,15.23711
0.0,-16.700991,15.241359
0.0,-16.7106,15.245869
0.0,-16.716208,15.25437
0.0,-16.716521,15.25969
0.0,-16.716651,15.26895
0.0,-16.717542,15.280981
0.0,-16.72001,15.286971
0.0,-16.725341,15.292689
0.0,-16.740771,15.304071
0.0,-16.746831,15.31048
0.0,-16.746539,15.323909
0.0,-16.742728,15.341089
0.0,-16.736529,15.357611
0.0,-16.719272,15.38584
0.0,-16.713448,15.39564
0.0,-16.71046,15.404009
0.0,-16.706989,15.411462
0.0,-16.700412,15.418491
0.0,-16.69377,15.421581
0.0,-16.68565,15.421691
0.0,-16.67827,15.423172
0.0,-16.674279,15.427849
0.0,-16.67151,15.434591
0.0,-16.672809,15.441991
0.0,-16.677459,15.450499
0.0,-16.68637,15.455939
0.0,-16.699051,15.45764
0.0,-16.711051,15.46166
0.0,-16.720126,15.467864
0.0,-16.719862,15.467916
0.0,-16.719862,15.468472
0.0,-16.719584,15.468472
0.0,-16.719584,15.469028
0.0,-16.719306,15.469028
0.0,-16.719306,15.469584
0.0,-16.719028,15.469584
0.0,-16.719028,15.46986
0.0,-16.71875,15.46986
0.0,-16.71875,15.470138
0.0,-16.718472,15.470138
0.0,-16.718472,15.470694
0.0,-16.718196,15.470694
0.0,-16.718196,15.470972
0.0,-16.717916,15.470972
0.0,-16.717916,15.471251
0.0,-16.717637,15.471251
0.0,-16.717637,15.471807
0.0,-16.717362,15.471807
0.0,-16.717362,15.472082
0.0,-16.717084,15.472082
0.0,-16.717084,15.47236
0.0,-16.716806,15.47236
0.0,-16.716806,15.472638
0.0,-16.716249,15.472638
0.0,-16.716249,15.472917
0.0,-16.715974,15.472917
0.0,-16.715974,15.473195
0.0,-16.715693,15.473195
0.0,-16.715693,15.473473
0.0,-16.715415,15.473473
0.0,-16.715415,15.474861
0.0,-16.71514,15.474861
0.0,-16.71514,15.475417
0.0,-16.714861,15.475417
0.0,-16.714861,15.475695
0.0,-16.714583,15.475695
0.0,-16.714583,15.475973
0.0,-16.714305,15.475973
0.0,-16.714305,15.476529
0.0,-16.714027,15.476529
0.0,-16.714027,15.476805
0.0,-16.713752,15.476805
0.0,-16.713752,15.477083
0.0,-16.713474,15.477083
0.0,-16.713474,15.477361
0.0,-16.713193,15.477361
0.0,-16.713193,15.477639
0.0,-16.712917,15.477639
0.0,-16.712917,15.477917
0.0,-16.712639,15.477917
0.0,-16.712639,15.478195
0.0,-16.712361,15.478195
0.0,-16.712361,15.478751
0.0,-16.712083,15.478751
0.0,-16.712083,15.479027
0.0,-16.711805,15.479027
0.0,-16.711805,15.479305
0.0,-16.711527,15.479305
0.0,-16.711527,15.479583
0.0,-16.711251,15.479583
0.0,-16.711251,15.480139
0.0,-16.710971,15.480139
0.0,-16.710971,15.480695
0.0,-16.710695,15.480695
0.0,-16.710695,15.481249
0.0,-16.710417,15.481249
0.0,-16.710417,15.481805
0.0,-16.710139,15.481805
0.0,-16.710139,15.482361
0.0,-16.709861,15.482361
0.0,-16.709861,15.482639
0.0,-16.709583,15.482639
0.0,-16.709583,15.483195
0.0,-16.709305,15.483195
0.0,-16.709305,15.483471
0.0,-16.709029,15.483471
0.0,-16.709029,15.484027
0.0,-16.708749,15.484027
0.0,-16.708749,15.484305
0.0,-16.708471,15.484305
0.0,-16.708471,15.484862
0.0,-16.708195,15.484862
0.0,-16.708195,15.485415
0.0,-16.707917,15.485415
0.0,-16.707917,15.485696
0.0,-16.707639,15.485696
0.0,-16.707639,15.485971
0.0,-16.707361,15.485971
0.0,-16.707361,15.486249
0.0,-16.707083,15.486249
0.0,-16.707083,15.486528
0.0,-16.706807,15.486528
0.0,-16.706807,15.486806
0.0,-16.706527,15.486806
0.0,-16.706527,15.487084
0.0,-16.706249,15.487084
0.0,-16.706249,15.487362
0.0,-16.705973,15.487362
0.0,-16.705973,15.487918
0.0,-16.705695,15.487918
0.0,-16.705695,15.488194
0.0,-16.705417,15.488194
0.0,-16.705417,15.488472
0.0,-16.705139,15.488472
0.0,-16.705139,15.489028
0.0,-16.704861,15.489028
0.0,-16.704861,15.489306
0.0,-16.704585,15.489306
0.0,-16.704585,15.489584
0.0,-16.704305,15.489584
0.0,-16.704305,15.49014
0.0,-16.704026,15.49014
0.0,-16.704026,15.490416
0.0,-16.703751,15.490416
0.0,-16.703751,15.490972
0.0,-16.703473,15.490972
0.0,-16.703473,15.49125
0.0,-16.703195,15.49125
0.0,-16.703195,15.491806
0.0,-16.702917,15.491806
0.0,-16.702917,15.492084
0.0,-16.702638,15.492084
0.0,-16.702638,15.492362
0.0,-16.702363,15.492362
0.0,-16.70236,15.492916
0.0,-16.702085,15.492916
0.0,-16.702085,15.493194
0.0,-16.701804,15.493194
0.0,-16.701804,15.49375
0.0,-16.701529,15.49375
0.0,-16.701529,15.494028
0.0,-16.70125,15.494028
0.0,-16.70125,15.494306
0.0,-16.700972,15.494306
0.0,-16.700972,15.49486
0.0,-16.700694,15.49486
0.0,-16.700694,15.495138
0.0,-16.700416,15.495138
0.0,-16.700416,15.495694
0.0,-16.700138,15.495694
0.0,-16.700138,15.495972
0.0,-16.699863,15.495972
0.0,-16.699863,15.496528
0.0,-16.699582,15.496528
0.0,-16.699582,15.496804
0.0,-16.699306,15.496804
0.0,-16.699304,15.497085
0.0,-16.699028,15.497085
0.0,-16.699028,15.497638
0.0,-16.69875,15.497638
0.0,-16.69875,15.497916
0.0,-16.698472,15.497916
0.0,-16.698472,15.498194
0.0,-16.698194,15.498194
0.0,-16.698194,15.498751
0.0,-16.697916,15.498751
0.0,-16.697916,15.499029
0.0,-16.69764,15.499029
0.0,-16.69764,15.499307
0.0,-16.69736,15.499307
0.0,-16.69736,15.499582
0.0,-16.697082,15.499582
0.0,-16.697082,15.500139
0.0,-16.696806,15.500139
0.0,-16.696806,15.500417
0.0,-16.696528,15.500417
0.0,-16.696528,15.500973
0.0,-16.69625,15.500973
0.0,-16.69625,15.501805
0.0,-16.695972,15.501805
0.0,-16.695972,15.502083
0.0,-16.695694,15.502083
0.0,-16.695694,15.502361
0.0,-16.695418,15.502361
0.0,-16.695418,15.502639
0.0,-16.695138,15.502639
0.0,-16.695138,15.502917
0.0,-16.69486,15.502917
0.0,-16.69486,15.503473
0.0,-16.694584,15.503473
0.0,-16.694584,15.503751
0.0,-16.694306,15.503751
0.0,-16.694306,15.504305
0.0,-16.694028,15.504305
0.0,-16.694028,15.504861
0.0,-16.69375,15.504861
0.0,-16.69375,15.505139
0.0,-16.693472,15.505139
0.0,-16.693472,15.505695
0.0,-16.693196,15.505695
0.0,-16.693196,15.505971
0.0,-16.692918,15.505971
0.0,-16.692918,15.506527
0.0,-16.692638,15.506527
0.0,-16.692638,15.506805
0.0,-16.692362,15.506805
0.0,-16.692362,15.507361
0.0,-16.692084,15.507361
0.0,-16.692084,15.507639
0.0,-16.691806,15.507639
0.0,-16.691806,15.508193
0.0,-16.691528,15.508193
0.0,-16.691528,15.508749
0.0,-16.69125,15.508749
0.0,-16.69125,15.509027
0.0,-16.690972,15.509027
0.0,-16.690972,15.509583
0.0,-16.690696,15.509583
0.0,-16.690696,15.509861
0.0,-16.690415,15.509861
0.0,-16.690415,15.510417
0.0,-16.69014,15.510417
0.0,-16.69014,15.510696
0.0,-16.689862,15.510696
0.0,-16.689862,15.510971
0.0,-16.689584,15.510971
0.0,-16.689584,15.511527
0.0,-16.689306,15.511527
0.0,-16.689306,15.511805
0.0,-16.689027,15.511805
0.0,-16.689027,15.512083
0.0,-16.688749,15.512083
0.0,-16.688749,15.51264
0.0,-16.688474,15.51264
0.0,-16.688474,15.512918
0.0,-16.688193,15.512918
0.0,-16.688193,15.513193
0.0,-16.687915,15.513193
0.0,-16.687915,15.51375
0.0,-16.68764,15.51375
0.0,-16.68764,15.514028
0.0,-16.687361,15.514028
0.0,-16.687361,15.514306
0.0,-16.687083,15.514306
0.0,-16.687083,15.514862
0.0,-16.686805,15.514862
0.0,-16.686805,15.515138
0.0,-16.686527,15.515138
0.0,-16.686527,15.515418
0.0,-16.686252,15.515418
0.0,-16.686252,15.515972
0.0,-16.685971,15.515972
0.0,-16.685971,15.51625
0.0,-16.685693,15.51625
0.0,-16.685693,15.516528
0.0,-16.685417,15.516528
0.0,-16.685417,15.517084
0.0,-16.685139,15.517084
0.0,-16.685139,15.51736
0.0,-16.684861,15.51736
0.0,-16.684861,15.51764
0.0,-16.684583,15.51764
0.0,-16.684583,15.518194
0.0,-16.684305,15.518194
0.0,-16.684305,15.518472
0.0,-16.684029,15.518472
0.0,-16.684029,15.519028
0.0,-16.683749,15.519028
0.0,-16.683749,15.519306
0.0,-16.683471,15.519306
0.0,-16.683471,15.519862
0.0,-16.683195,15.519862
0.0,-16.683195,15.520138
0.0,-16.682917,15.520138
0.0,-16.682917,15.520694
0.0,-16.682639,15.520694
0.0,-16.682639,15.520972
0.0,-16.682361,15.520972
0.0,-16.682361,15.521528
0.0,-16.682083,15.521528
0.0,-16.682083,15.521806
0.0,-16.681805,15.521806
0.0,-16.681805,15.52236
0.0,-16.681529,15.52236
0.0,-16.681529,15.522638
0.0,-16.681249,15.522638
0.0,-16.681249,15.523194
0.0,-16.680973,15.523194
0.0,-16.680973,15.523472
0.0,-16.680695,15.523472
0.0,-16.680695,15.52375
0.0,-16.680417,15.52375
0.0,-16.680417,15.524304
0.0,-16.680139,15.524304
0.0,-16.680139,15.524582
0.0,-16.679861,15.524582
0.0,-16.679861,15.52486
0.0,-16.679583,15.52486
0.0,-16.679583,15.525416
0.0,-16.679307,15.525416
0.0,-16.679307,15.525694
0.0,-16.679027,15.525694
0.0,-16.679027,15.526251
0.0,-16.678749,15.526251
0.0,-16.678749,15.526526
0.0,-16.678473,15.526526
0.0,-16.678473,15.526807
0.0,-16.678195,15.526807
0.0,-16.678195,15.527361
0.0,-16.677917,15.527361
0.0,-16.677917,15.527639
0.0,-16.677639,15.527639
0.0,-16.677639,15.528195
0.0,-16.677361,15.528195
0.0,-16.677361,15.528473
0.0,-16.677085,15.528473
0.0,-16.677085,15.529029
0.0,-16.676804,15.529029
0.0,-16.676804,15.529305
0.0,-16.676526,15.529305
0.0,-16.676526,15.529861
0.0,-16.676251,15.529861
0.0,-16.676251,15.530139
0.0,-16.675973,15.530139
0.0,-16.675973,15.530417
0.0,-16.675695,15.530417
0.0,-16.675695,15.530973
0.0,-16.675416,15.530973
0.0,-16.675416,15.531251
0.0,-16.675138,15.531251
0.0,-16.675138,15.531805
0.0,-16.674863,15.531805
0.0,-16.674863,15.532083
0.0,-16.674582,15.532083
0.0,-16.674582,15.532639
0.0,-16.674304,15.532639
0.0,-16.674304,15.532917
0.0,-16.674029,15.532917
0.0,-16.674029,15.533473
0.0,-16.67375,15.533473
0.0,-16.67375,15.533749
0.0,-16.673472,15.533749
0.0,-16.673472,15.534305
0.0,-16.673194,15.534305
0.0,-16.673194,15.534583
0.0,-16.672916,15.534583
0.0,-16.672916,15.535139
0.0,-16.672638,15.535139
0.0,-16.672638,15.535417
0.0,-16.672362,15.535417
0.0,-16.672362,15.535973
0.0,-16.672082,15.535973
0.0,-16.672082,15.536249
0.0,-16.671806,15.536249
0.0,-16.671806,15.536527
0.0,-16.671528,15.536527
0.0,-16.671528,15.537083
0.0,-16.67125,15.537083
0.0,-16.67125,15.537361
0.0,-16.670972,15.537361
0.0,-16.670972,15.537915
0.0,-16.670694,15.537917
0.0,-16.670694,15.538196
0.0,-16.670416,15.538196
0.0,-16.670416,15.538749
0.0,-16.67014,15.538749
0.0,-16.67014,15.539027
0.0,-16.66986,15.539027
0.0,-16.66986,15.539584
0.0,-16.669584,15.539584
0.0,-16.669582,15.539862
0.0,-16.669306,15.539862
0.0,-16.669306,15.54014
0.0,-16.669028,15.54014
0.0,-16.669028,15.540693
0.0,-16.66875,15.540693
0.0,-16.66875,15.540972
0.0,-16.668472,15.540972
0.0,-16.668472,15.54125
0.0,-16.668194,15.54125
0.0,-16.668194,15.541806
0.0,-16.667918,15.541806
0.0,-16.667918,15.542084
0.0,-16.667638,15.542084
0.0,-16.667638,15.542362
0.0,-16.66736,15.542362
0.0,-16.66736,15.542916
0.0,-16.667084,15.542916
0.0,-16.667084,15.543194
0.0,-16.666806,15.543194
0.0,-16.666806,15.54375
0.0,-16.666528,15.54375
0.0,-16.666528,15.544306
0.0,-16.66625,15.544306
0.0,-16.66625,15.54486
0.0,-16.665972,15.54486
0.0,-16.665972,15.545416
0.0,-16.665696,15.545416
0.0,-16.665696,15.545972
0.0,-16.665416,15.545972
0.0,-16.665416,15.546528
0.0,-16.665138,15.546528
0.0,-16.665138,15.547082
0.0,-16.664862,15.547082
0.0,-16.664862,15.547362
0.0,-16.664584,15.547362
0.0,-16.664584,15.547638
0.0,-16.664306,15.547638
0.0,-16.664306,15.548194
0.0,-16.664028,15.548194
0.0,-16.664028,15.548472
0.0,-16.66375,15.548472
0.0,-16.66375,15.549028
0.0,-16.663474,15.549028
0.0,-16.663474,15.549306
0.0,-16.663196,15.549306
0.0,-16.663196,15.549584
0.0,-16.662915,15.549584
0.0,-16.662915,15.550138
0.0,-16.66264,15.550138
0.0,-16.66264,15.550416
0.0,-16.662362,15.550416
0.0,-16.662362,15.550972
0.0,-16.662084,15.550972
0.0,-16.662084,15.55125
0.0,-16.661805,15.55125
0.0,-16.661805,15.551528
0.0,-16.661527,15.551528
0.0,-16.661527,15.552082
0.0,-16.661249,15.552082
0.0,-16.661249,15.55236
0.0,-16.660974,15.55236
0.0,-16.660974,15.552916
0.0,-16.660693,15.552916
0.0,-16.660693,15.553473
0.0,-16.660418,15.553473
0.0,-16.660418,15.553751
0.0,-16.660139,15.553751
0.0,-16.660139,15.554304
0.0,-16.659861,15.554307
0.0,-16.659861,15.554861
0.0,-16.659583,15.554861
0.0,-16.659583,15.555139
0.0,-16.659305,15.555139
0.0,-16.659305,15.555695
0.0,-16.659027,15.555695
0.0,-16.659027,15.556249
0.0,-16.658751,15.556249
0.0,-16.658751,15.556529
0.0,-16.658471,15.556529
0.0,-16.658471,15.557083
0.0,-16.658193,15.557083
0.0,-16.658193,15.557361
0.0,-16.657917,15.557361
0.0,-16.657917,15.557917
0.0,-16.657639,15.557917
0.0,-16.657639,15.558195
0.0,-16.657361,15.558195
0.0,-16.657361,15.558751
0.0,-16.657083,15.558751
0.0,-16.657083,15.559027
0.0,-16.656805,15.559027
0.0,-16.656805,15.559583
0.0,-16.656529,15.559583
0.0,-16.656529,15.559861
0.0,-16.656249,15.559861
0.0,-16.656249,15.560139
0.0,-16.655971,15.560139
0.0,-16.655971,15.560695
0.0,-16.655695,15.560695
0.0,-16.655695,15.560973
0.0,-16.655417,15.560973
0.0,-16.655417,15.561529
0.0,-16.655139,15.561529
0.0,-16.655139,15.561805
0.0,-16.654861,15.561805
0.0,-16.654861,15.562361
0.0,-16.654583,15.562361
0.0,-16.654583,15.562639
0.0,-16.654307,15.562639
0.0,-16.654307,15.563195
0.0,-16.654027,15.563195
0.0,-16.654027,15.563471
0.0,-16.653749,15.563471
0.0,-16.653749,15.564027
0.0,-16.653473,15.564027
0.0,-16.653473,15.564305
0.0,-16.653195,15.564305
0.0,-16.653195,15.564861
0.0,-16.652917,15.564861
0.0,-16.652917,15.565415
0.0,-16.652639,15.565415
0.0,-16.652639,15.565696
0.0,-16.652361,15.565696
0.0,-16.652361,15.566249
0.0,-16.652083,15.566249
0.0,-16.652083,15.566527
0.0,-16.651807,15.566527
0.0,-16.651807,15.567084
0.0,-16.651527,15.567084
0.0,-16.651527,15.567637
0.0,-16.651251,15.56764
0.0,-16.651251,15.567918
0.0,-16.650973,15.567918
0.0,-16.650973,15.568472
0.0,-16.650695,15.568472
0.0,-16.650695,15.56875
0.0,-16.650417,15.56875
0.0,-16.650417,15.569306
0.0,-16.650139,15.569306
0.0,-16.650139,15.569862
0.0,-16.649861,15.569862
0.0,-16.649861,15.57014
0.0,-16.649585,15.57014
0.0,-16.649585,15.570694
0.0,-16.649304,15.570694
0.0,-16.649304,15.570972
0.0,-16.649026,15.570972
0.0,-16.649026,15.571528
0.0,-16.648751,15.571528
0.0,-16.648751,15.571806
0.0,-16.648473,15.571806
0.0,-16.648473,15.572362
0.0,-16.648195,15.572362
0.0,-16.648195,15.572638
0.0,-16.647916,15.572638
0.0,-16.647916,15.573194
0.0,-16.647638,15.573194
0.0,-16.647638,15.573472
0.0,-16.647363,15.573472
0.0,-16.647363,15.574028
0.0,-16.647082,15.574028
0.0,-16.647082,15.574306
0.0,-16.646804,15.574306
0.0,-16.646804,15.574862
0.0,-16.646528,15.574862
0.0,-16.646528,15.575138
0.0,-16.64625,15.575138
0.0,-16.64625,15.575694
0.0,-16.645972,15.575694
0.0,-16.645972,15.575972
0.0,-16.645694,15.575972
0.0,-16.645694,15.576528
0.0,-16.645416,15.576528
0.0,-16.645416,15.576804
0.0,-16.64514,15.576804
0.0,-16.64514,15.57736
0.0,-16.64486,15.57736
0.0,-16.64486,15.577638
0.0,-16.644582,15.577638
0.0,-16.644582,15.578194
0.0,-16.644306,15.578194
0.0,-16.644306,15.578472
0.0,-16.644028,15.578472
0.0,-16.644028,15.579029
0.0,-16.64375,15.579029
0.0,-16.64375,15.579307
0.0,-16.643472,15.579307
0.0,-16.643472,15.57986
0.0,-16.643194,15.57986
0.0,-16.643194,15.580138
0.0,-16.642916,15.580138
0.0,-16.642916,15.580695
0.0,-16.64264,15.580695
0.0,-16.64264,15.580973
0.0,-16.64236,15.580973
0.0,-16.64236,15.581529
0.0,-16.642084,15.581529
0.0,-16.642084,15.581805
0.0,-16.641806,15.581805
0.0,-16.641806,15.582361
0.0,-16.641528,15.582361
0.0,-16.641528,15.582639
0.0,-16.64125,15.582639
0.0,-16.64125,15.583195
0.0,-16.640972,15.583195
0.0,-16.640972,15.583749
0.0,-16.640694,15.583749
0.0,-16.640694,15.584027
0.0,-16.640418,15.584029
0.0,-16.640418,15.584583
0.0,-16.640138,15.584583
0.0,-16.640138,15.584861
0.0,-16.639862,15.584861
0.0,-16.63986,15.585417
0.0,-16.639584,15.585417
0.0,-16.639584,15.585695
0.0,-16.639306,15.585695
0.0,-16.639306,15.586251
0.0,-16.639028,15.586251
0.0,-16.639028,15.586805
0.0,-16.63875,15.586805
0.0,-16.63875,15.587083
0.0,-16.638472,15.587083
0.0,-16.638472,15.587639
0.0,-16.638196,15.587639
0.0,-16.638196,15.587917
0.0,-16.637916,15.587917
0.0,-16.637916,15.588473
0.0,-16.637638,15.588473
0.0,-16.637638,15.589027
0.0,-16.637362,15.589027
0.0,-16.637362,15.589305
0.0,-16.637084,15.589305
0.0,-16.637084,15.589861
0.0,-16.636806,15.589861
0.0,-16.636806,15.590417
0.0,-16.636528,15.590417
0.0,-16.636528,15.590695
0.0,-16.63625,15.590695
0.0,-16.63625,15.591252
0.0,-16.635974,15.591252
0.0,-16.635974,15.591805
0.0,-16.635693,15.591805
0.0,-16.635693,15.592083
0.0,-16.635415,15.592083
0.0,-16.635415,15.59264
0.0,-16.63514,15.59264
0.0,-16.63514,15.592918
0.0,-16.634862,15.592918
0.0,-16.634862,15.593471
0.0,-16.634584,15.593471
0.0,-16.634584,15.593749
0.0,-16.634305,15.593749
0.0,-16.634305,15.594306
0.0,-16.634027,15.594306
0.0,-16.634027,15.594862
0.0,-16.633752,15.594862
0.0,-16.633752,15.595137
0.0,-16.633474,15.595137
0.0,-16.633474,15.595694
0.0,-16.633193,15.595694
0.0,-16.633193,15.595972
0.0,-16.632917,15.595972
0.0,-16.632917,15.596528
0.0,-16.632639,15.596528
0.0,-16.632639,15.596806
0.0,-16.632361,15.596806
0.0,-16.632361,15.59736
0.0,-16.632083,15.597362
0.0,-16.632083,15.59764
0.0,-16.631805,15.59764
0.0,-16.631805,15.598194
0.0,-16.631527,15.598194
0.0,-16.631527,15.59875
0.0,-16.631251,15.59875
0.0,-16.631251,15.599028
0.0,-16.630971,15.599028
0.0,-16.630971,15.599584
0.0,-16.630695,15.599584
0.0,-16.630695,15.599862
0.0,-16.630417,15.599862
0.0,-16.630417,15.600416
0.0,-16.630139,15.600418
0.0,-16.630139,15.600694
0.0,-16.629861,15.600694
0.0,-16.629861,15.60125
0.0,-16.629583,15.60125
0.0,-16.629583,15.601528
0.0,-16.629305,15.601528
0.0,-16.629305,15.602084
0.0,-16.629029,15.602084
0.0,-16.629029,15.602638
0.0,-16.628749,15.602638
0.0,-16.628749,15.602916
0.0,-16.628471,15.602916
0.0,-16.628471,15.603472
0.0,-16.628195,15.603472
0.0,-16.628195,15.60375
0.0,-16.627917,15.60375
0.0,-16.627917,15.604304
0.0,-16.627639,15.604304
0.0,-16.627639,15.60486
0.0,-16.627361,15.60486
0.0,-16.627361,15.605138
0.0,-16.627083,15.605138
0.0,-16.627083,15.605694
0.0,-16.626807,15.605694
0.0,-16.626807,15.605972
0.0,-16.626527,15.605972
0.0,-16.626527,15.606526
0.0,-16.626249,15.606526
0.0,-16.626249,15.607082
0.0,-16.625973,15.607082
0.0,-16.625973,15.60736
0.0,-16.625695,15.60736
0.0,-16.625695,15.607917
0.0,-16.625417,15.607917
0.0,-16.625417,15.608195
0.0,-16.625139,15.608195
0.0,-16.625139,15.608751
0.0,-16.624861,15.608751
0.0,-16.624861,15.609305
0.0,-16.624585,15.609305
0.0,-16.624585,15.609583
0.0,-16.624305,15.609583
0.0,-16.624305,15.610139
0.0,-16.624027,15.610139
0.0,-16.624027,15.610417
0.0,-16.623751,15.610417
0.0,-16.623751,15.610973
0.0,-16.623473,15.610973
0.0,-16.623473,15.611527
0.0,-16.623195,15.611527
0.0,-16.623195,15.611805
0.0,-16.622917,15.611805
0.0,-16.622917,15.612361
0.0,-16.622639,15.612361
0.0,-16.622639,15.612639
0.0,-16.62236,15.612639
0.0,-16.62236,15.613195
0.0,-16.622085,15.613195
0.0,-16.622085,15.613749
0.0,-16.621804,15.613751
0.0,-16.621804,15.614027
0.0,-16.621529,15.614027
0.0,-16.621529,15.614583
0.0,-16.621251,15.614583
0.0,-16.621251,15.615139
0.0,-16.620973,15.615139
0.0,-16.620973,15.615417
0.0,-16.620694,15.615417
0.0,-16.620694,15.615973
0.0,-16.620416,15.615973
0.0,-16.620416,15.616249
0.0,-16.620138,15.616249
0.0,-16.620138,15.616805
0.0,-16.619863,15.616805
0.0,-16.619863,15.617361
0.0,-16.619582,15.617361
0.0,-16.619582,15.617639
0.0,-16.619304,15.617639
0.0,-16.619304,15.618195
0.0,-16.619028,15.618195
0.0,-16.619028,15.618471
0.0,-16.61875,15.618471
0.0,-16.61875,15.619027
0.0,-16.618472,15.619027
0.0,-16.618472,15.619583
0.0,-16.618194,15.619583
0.0,-16.618194,15.619862
0.0,-16.617916,15.619862
0.0,-16.617916,15.620418
0.0,-16.61764,15.620418
0.0,-16.61764,15.620974
0.0,-16.61736,15.620974
0.0,-16.61736,15.62125
0.0,-16.617082,15.62125
0.0,-16.617082,15.621806
0.0,-16.616806,15.621806
0.0,-16.616806,15.622362
0.0,-16.616528,15.622362
0.0,-16.616528,15.622916
0.0,-16.61625,15.622916
0.0,-16.61625,15.623194
0.0,-16.615972,15.623194
0.0,-16.615972,15.62375
0.0,-16.615694,15.62375
0.0,-16.615694,15.624306
0.0,-16.615418,15.624306
0.0,-16.615418,15.624584
0.0,-16.615138,15.624584
0.0,-16.615138,15.62514
0.0,-16.61486,15.62514
0.0,-16.61486,15.625694
0.0,-16.614584,15.625694
0.0,-16.614584,15.62625
0.0,-16.614306,15.62625
0.0,-16.614306,15.626806
0.0,-16.614028,15.626806
0.0,-16.614028,15.627362
0.0,-16.61375,15.627362
0.0,-16.61375,15.627916
0.0,-16.613472,15.627916
0.0,-16.613472,15.628472
0.0,-16.613194,15.628472
0.0,-16.613194,15.629028
0.0,-16.612918,15.629028
0.0,-16.612918,15.629584
0.0,-16.612638,15.629584
0.0,-16.612638,15.62986
0.0,-16.612362,15.62986
0.0,-16.612362,15.630416
0.0,-16.612084,15.630416
0.0,-16.612084,15.630694
0.0,-16.611806,15.630694
0.0,-16.611806,15.63125
0.0,-16.611528,15.63125
0.0,-16.611528,15.631528
0.0,-16.61125,15.631528
0.0,-16.61125,15.632082
0.0,-16.610972,15.632082
0.0,-16.610972,15.632638
0.0,-16.610696,15.632638
0.0,-16.610696,15.632916
0.0,-16.610416,15.632916
0.0,-16.610416,15.633473
0.0,-16.610137,15.633473
0.0,-16.610137,15.633751
0.0,-16.609862,15.633751
0.0,-16.609862,15.634307
0.0,-16.609584,15.634307
0.0,-16.609584,15.634582
0.0,-16.609306,15.634582
0.0,-16.609306,15.635139
0.0,-16.609028,15.635139
0.0,-16.609028,15.635695
0.0,-16.60875,15.635695
0.0,-16.60875,15.636249
0.0,-16.608474,15.636249
0.0,-16.608474,15.636805
0.0,-16.608193,15.636805
0.0,-16.608193,15.637361
0.0,-16.607915,15.637361
0.0,-16.607915,15.637917
0.0,-16.60764,15.637917
0.0,-16.60764,15.638473
0.0,-16.607362,15.638473
0.0,-16.607362,15.639027
0.0,-16.607083,15.639027
0.0,-16.607083,15.639583
0.0,-16.606805,15.639583
0.0,-16.606805,15.640139
0.0,-16.606527,15.640139
0.0,-16.606527,15.640417
0.0,-16.606252,15.640417
0.0,-16.606252,15.640973
0.0,-16.605971,15.640973
0.0,-16.605971,15.641527
0.0,-16.605693,15.641527
0.0,-16.605693,15.642083
0.0,-16.605417,15.642083
0.0,-16.605417,15.642361
0.0,-16.605139,15.642361
0.0,-16.605139,15.642917
0.0,-16.604861,15.642917
0.0,-16.604861,15.643471
0.0,-16.604583,15.643473
0.0,-16.604583,15.644027
0.0,-16.604305,15.644027
0.0,-16.604305,15.644305
0.0,-16.604029,15.644305
0.0,-16.604029,15.644861
0.0,-16.603751,15.644861
0.0,-16.603751,15.645415
0.0,-16.603471,15.645415
0.0,-16.603471,15.645971
0.0,-16.603195,15.645971
0.0,-16.603195,15.646249
0.0,-16.602917,15.646249
0.0,-16.602917,15.646805
0.0,-16.602639,15.646805
0.0,-16.602639,15.647362
0.0,-16.602361,15.647362
0.0,-16.602361,15.647918
0.0,-16.602083,15.647918
0.0,-16.602083,15.648193
0.0,-16.601805,15.648193
0.0,-16.601805,15.64875
0.0,-16.601529,15.64875
0.0,-16.601529,15.649306
0.0,-16.601249,15.649306
0.0,-16.601249,15.649584
0.0,-16.600973,15.649584
0.0,-16.600973,15.65014
0.0,-16.600695,15.65014
0.0,-16.600695,15.650696
0.0,-16.600417,15.650696
0.0,-16.600417,15.65125
0.0,-16.600139,15.65125
0.0,-16.600139,15.651528
0.0,-16.599861,15.651528
0.0,-16.599861,15.652084
0.0,-16.599583,15.652084
0.0,-16.599583,15.652638
0.0,-16.599307,15.652638
0.0,-16.599307,15.653194
0.0,-16.599027,15.653194
0.0,-16.599027,15.653472
0.0,-16.598749,15.653472
0.0,-16.598749,15.654028
0.0,-16.598473,15.654028
0.0,-16.598473,15.654582
0.0,-16.598195,15.654582
0.0,-16.598195,15.655138
0.0,-16.597917,15.655138
0.0,-16.597917,15.655416
0.0,-16.597639,15.655416
0.0,-16.597639,15.65576
0.0,-16.597639,15.655972
0.0,-16.597361,15.655972
0.0,-16.597361,15.656528
0.0,-16.597085,15.656528
0.0,-16.597085,15.657084
0.0,-16.596805,15.657084
0.0,-16.596805,15.65736
0.0,-16.596526,15.65736
0.0,-16.596526,15.657916
0.0,-16.596251,15.657916
0.0,-16.596251,15.658472
0.0,-16.595973,15.658472
0.0,-16.595973,15.659028
0.0,-16.595695,15.659028
0.0,-16.595695,15.659582
0.0,-16.595417,15.659582
0.0,-16.595417,15.660138
0.0,-16.595139,15.660138
0.0,-16.595139,15.660416
0.0,-16.594863,15.660416
0.0,-16.594863,15.660973
0.0,-16.594582,15.660973
0.0,-16.594582,15.661529
0.0,-16.594304,15.661529
0.0,-16.594304,15.662083
0.0,-16.594029,15.662083
0.0,-16.594029,15.662639
0.0,-16.593751,15.662639
0.0,-16.593751,15.662917
0.0,-16.593472,15.662917
0.0,-16.593472,15.663473
0.0,-16.593194,15.663473
0.0,-16.593194,15.664029
0.0,-16.592916,15.664029
0.0,-16.592916,15.664583
0.0,-16.592638,15.664583
0.0,-16.592638,15.665139
0.0,-16.592363,15.665139
0.0,-16.592363,15.665695
0.0,-16.592082,15.665695
0.0,-16.592082,15.665971
0.0,-16.591806,15.665971
0.0,-16.591806,15.666527
0.0,-16.591528,15.666527
0.0,-16.591528,15.667083
0.0,-16.59125,15.667083
0.0,-16.59125,15.667639
0.0,-16.590972,15.667639
0.0,-16.590972,15.668195
0.0,-16.590694,15.668195
0.0,-16.590694,15.668749
0.0,-16.590416,15.668749
0.0,-16.590416,15.669027
0.0,-16.59014,15.669027
0.0,-16.59014,15.669583
0.0,-16.58986,15.669583
0.0,-16.58986,15.670139
0.0,-16.589582,15.670139
0.0,-16.589582,15.670695
0.0,-16.589306,15.670695
0.0,-16.589306,15.671249
0.0,-16.589028,15.671249
0.0,-16.589028,15.671805
0.0,-16.58875,15.671805
0.0,-16.58875,15.672361
0.0,-16.588472,15.672361
0.0,-16.588472,15.672918
0.0,-16.588194,15.672918
0.0,-16.588194,15.673471
0.0,-16.587918,15.673471
0.0,-16.587918,15.674027
0.0,-16.587638,15.674027
0.0,-16.587638,15.674584
0.0,-16.58736,15.674584
0.0,-16.58736,15.675137
0.0,-16.587084,15.675137
0.0,-16.587084,15.675694
0.0,-16.586806,15.675694
0.0,-16.586806,15.67625
0.0,-16.586528,15.67625
0.0,-16.586528,15.676806
0.0,-16.58625,15.676806
0.0,-16.58625,15.677362
0.0,-16.585972,15.677362
0.0,-16.585972,15.677916
0.0,-16.585696,15.677916
0.0,-16.585696,15.678472
0.0,-16.585416,15.678472
0.0,-16.585416,15.679028
0.0,-16.585138,15.679028
0.0,-16.585138,15.679584
0.0,-16.584862,15.679584
0.0,-16.584862,15.679862
0.0,-16.584584,15.679862
0.0,-16.584584,15.680418
0.0,-16.584306,15.680418
0.0,-16.584306,15.680972
0.0,-16.584028,15.680972
0.0,-16.584028,15.681528
0.0,-16.58375,15.681528
0.0,-16.58375,15.682084
0.0,-16.583472,15.682084
0.0,-16.583472,15.682638
0.0,-16.583196,15.682638
0.0,-16.583196,15.683194
0.0,-16.582915,15.683194
0.0,-16.582915,15.683472
0.0,-16.58264,15.683472
0.0,-16.58264,15.684028
0.0,-16.582362,15.684028
0.0,-16.582362,15.684584
0.0,-16.582084,15.684584
0.0,-16.582084,15.685138
0.0,-16.581806,15.685138
0.0,-16.581806,15.685694
0.0,-16.581528,15.685694
0.0,-16.581528,15.68625
0.0,-16.581249,15.68625
0.0,-16.581249,15.686807
0.0,-16.580974,15.686807
0.0,-16.580974,15.687082
0.0,-16.580693,15.687082
0.0,-16.580693,15.687638
0.0,-16.580415,15.687638
0.0,-16.580415,15.688195
0.0,-16.58014,15.688195
0.0,-16.58014,15.688751
0.0,-16.579861,15.688751
0.0,-16.579861,15.689305
0.0,-16.579583,15.689305
0.0,-16.579583,15.689861
0.0,-16.579305,15.689861
0.0,-16.579305,15.690417
0.0,-16.579027,15.690417
0.0,-16.579027,15.690973
0.0,-16.578752,15.690973
0.0,-16.578752,15.691527
0.0,-16.578471,15.691527
0.0,-16.578471,15.692083
0.0,-16.578193,15.692083
0.0,-16.578193,15.692917
0.0,-16.577917,15.692917
0.0,-16.577917,15.693471
0.0,-16.577639,15.693471
0.0,-16.577639,15.694027
0.0,-16.577361,15.694027
0.0,-16.577361,15.694861
0.0,-16.577083,15.694861
0.0,-16.577083,15.695417
0.0,-16.576805,15.695417
0.0,-16.576805,15.695973
0.0,-16.576529,15.695973
0.0,-16.576529,15.696527
0.0,-16.576249,15.696527
0.0,-16.576249,15.697361
0.0,-16.575971,15.697361
0.0,-16.575971,15.697917
0.0,-16.575695,15.697917
0.0,-16.575695,15.698471
0.0,-16.575417,15.698471
0.0,-16.575417,15.699305
0.0,-16.575139,15.699305
0.0,-16.575139,15.699861
0.0,-16.574861,15.699861
0.0,-16.574861,15.700418
0.0,-16.574583,15.700418
0.0,-16.574583,15.700971
0.0,-16.574307,15.700971
0.0,-16.574305,15.701528
0.0,-16.574029,15.701528
0.0,-16.574029,15.702084
0.0,-16.573749,15.702084
0.0,-16.573749,15.70264
0.0,-16.573473,15.70264
0.0,-16.573473,15.703194
0.0,-16.573195,15.703194
0.0,-16.573195,15.70375
0.0,-16.572917,15.70375
0.0,-16.572917,15.704306
0.0,-16.572639,15.704306
0.0,-16.572639,15.70486
0.0,-16.572361,15.70486
0.0,-16.572361,15.705694
0.0,-16.572083,15.705694
0.0,-16.572083,15.706806
0.0,-16.571527,15.706806
0.0,-16.571527,15.707084
0.0,-16.571251,15.707084
0.0,-16.571251,15.708472
0.0,-16.570973,15.708472
0.0,-16.570973,15.70875
0.0,-16.570695,15.70875
0.0,-16.570695,15.709028
0.0,-16.570417,15.709028
0.0,-16.570417,15.709306
0.0,-16.570139,15.709306
0.0,-16.570139,15.709584
0.0,-16.569861,15.709584
0.0,-16.569861,15.70986
0.0,-16.569585,15.70986
0.0,-16.569585,15.71014
0.0,-16.569304,15.71014
0.0,-16.569304,15.710694
0.0,-16.569026,15.710694
0.0,-16.569026,15.711528
0.0,-16.568751,15.711528
0.0,-16.568751,15.712638
0.0,-16.568473,15.712638
0.0,-16.568473,15.713472
0.0,-16.568195,15.713472
0.0,-16.568195,15.714026
0.0,-16.567917,15.714026
0.0,-16.567917,15.714582
0.0,-16.567638,15.714582
0.0,-16.567638,15.715417
0.0,-16.567363,15.715417
0.0,-16.567363,15.716251
0.0,-16.567082,15.716251
0.0,-16.567082,15.716805
0.0,-16.566804,15.716805
0.0,-16.566804,15.717639
0.0,-16.566529,15.717639
0.0,-16.566529,15.718195
0.0,-16.56625,15.718195
0.0,-16.56625,15.718751
0.0,-16.565972,15.718751
0.0,-16.565972,15.719307
0.0,-16.565694,15.719307
0.0,-16.565694,15.719583
0.0,-16.565416,15.719583
0.0,-16.565416,15.719861
0.0,-16.565141,15.719861
0.0,-16.565141,15.720139
0.0,-16.56486,15.720139
0.0,-16.56486,15.720417
0.0,-16.564582,15.720417
0.0,-16.564582,15.720973
0.0,-16.564306,15.720973
0.0,-16.564306,15.722083
0.0,-16.564028,15.722083
0.0,-16.564028,15.722917
0.0,-16.56375,15.722917
0.0,-16.56375,15.724027
0.0,-16.563472,15.724027
0.0,-16.563472,15.724861
0.0,-16.563194,15.724861
0.0,-16.563194,15.725695
0.0,-16.562916,15.725695
0.0,-16.562916,15.726249
0.0,-16.56264,15.726249
0.0,-16.56264,15.726527
0.0,-16.56236,15.726527
0.0,-16.56236,15.727083
0.0,-16.562084,15.727083
0.0,-16.562084,15.727918
0.0,-16.561806,15.727918
0.0,-16.561806,15.72875
0.0,-16.561528,15.72875
0.0,-16.561528,15.729862
0.0,-16.56125,15.729862
0.0,-16.56125,15.730416
0.0,-16.560972,15.730416
0.0,-16.560972,15.730696
0.0,-16.560694,15.730696
0.0,-16.560694,15.73125
0.0,-16.560418,15.73125
0.0,-16.560418,15.731528
0.0,-16.560138,15.731528
0.0,-16.560138,15.731806
0.0,-16.559584,15.731806
0.0,-16.559584,15.733472
0.0,-16.559306,15.733472
0.0,-16.559306,15.734028
0.0,-16.559028,15.734028
0.0,-16.559028,15.734582
0.0,-16.55875,15.734582
0.0,-16.55875,15.735138
0.0,-16.558472,15.735138
0.0,-16.558472,15.735694
0.0,-16.558196,15.735694
0.0,-16.558196,15.736806
0.0,-16.557916,15.736806
0.0,-16.557916,15.737084
0.0,-16.557638,15.737084
0.0,-16.557638,15.737916
0.0,-16.557362,15.737916
0.0,-16.557362,15.738472
0.0,-16.557084,15.738472
0.0,-16.557084,15.73875
0.0,-16.556806,15.73875
0.0,-16.556806,15.739306
0.0,-16.556528,15.739306
0.0,-16.556528,15.739582
0.0,-16.555974,15.739582
0.0,-16.555974,15.740138
0.0,-16.555694,15.740138
0.0,-16.555694,15.740694
0.0,-16.555415,15.740694
0.0,-16.555415,15.740973
0.0,-16.55514,15.740973
0.0,-16.55514,15.741529
0.0,-16.554862,15.741529
0.0,-16.554862,15.742082
0.0,-16.554584,15.742082
0.0,-16.554584,15.742361
0.0,-16.554306,15.742361
0.0,-16.554306,15.742917
0.0,-16.554027,15.742917
0.0,-16.554027,15.743473
0.0,-16.553749,15.743473
0.0,-16.553749,15.744029
0.0,-16.553474,15.744029
0.0,-16.553474,15.744305
0.0,-16.553193,15.744305
0.0,-16.553193,15.744861
0.0,-16.552918,15.744861
0.0,-16.552918,15.745417
0.0,-16.552639,15.745417
0.0,-16.552639,15.745695
0.0,-16.552361,15.745695
0.0,-16.552361,15.746251
0.0,-16.552083,15.746251
0.0,-16.552083,15.746805
0.0,-16.551805,15.746805
0.0,-16.551805,15.747361
0.0,-16.551527,15.747361
0.0,-16.551527,15.747639
0.0,-16.551251,15.747639
0.0,-16.551251,15.748195
0.0,-16.550971,15.748195
0.0,-16.550971,15.748749
0.0,-16.550693,15.748749
0.0,-16.550693,15.749029
0.0,-16.550417,15.749029
0.0,-16.550417,15.749583
0.0,-16.550139,15.749583
0.0,-16.550139,15.750139
0.0,-16.549861,15.750139
0.0,-16.549861,15.750417
0.0,-16.549583,15.750417
0.0,-16.549583,15.750971
0.0,-16.549305,15.750971
0.0,-16.549305,15.753471
0.0,-16.549029,15.753471
0.0,-16.549029,15.755673
0.0,-16.549029,15.757362
0.0,-16.548749,15.757362
0.0,-16.548749,15.757916
0.0,-16.548471,15.757916
0.0,-16.548471,15.758194
0.0,-16.548195,15.758194
0.0,-16.548195,15.75875
0.0,-16.547883,15.758738
0.0,-16.547917,15.759306
0.0,-16.547639,15.759306
0.0,-16.547639,15.759506
0.0,-16.547639,15.760138
0.0,-16.547361,15.760161
0.0,-16.547361,15.760375
0.0,-16.547361,15.760972
0.0,-16.547163,15.760972
0.0,-16.547083,15.760972
0.0,-16.547083,15.761248
0.0,-16.547083,15.761528
0.0,-16.547001,15.761528
0.0,-16.546807,15.761528
0.0,-16.546805,15.761827
0.0,-16.546527,15.761806
0.0,-16.546527,15.762084
0.0,-16.545973,15.762084
0.0,-16.545973,15.761806
0.0,-16.544861,15.761806
0.0,-16.544861,15.763472
0.0,-16.544585,15.763472
0.0,-16.544583,15.764028
0.0,-16.543473,15.764028
0.0,-16.543473,15.764304
0.0,-16.543751,15.764304
0.0,-16.543751,15.765138
0.0,-16.544027,15.765138
0.0,-16.544027,15.765972
0.0,-16.544307,15.765972
0.0,-16.544307,15.766807
0.0,-16.544583,15.766807
0.0,-16.544585,15.76736
0.0,-16.545137,15.76736
0.0,-16.545417,15.76736
0.0,-16.545417,15.767638
0.0,-16.545973,15.767638
0.0,-16.545973,15.767916
0.0,-16.546249,15.767916
0.0,-16.546249,15.768751
0.0,-16.546527,15.768751
0.0,-16.546527,15.769861
0.0,-16.546249,15.769861
0.0,-16.546249,15.770417
0.0,-16.545973,15.770417
0.0,-16.545973,15.770973
0.0,-16.545695,15.770973
0.0,-16.545695,15.772083
0.0,-16.545417,15.772083
0.0,-16.545417,15.773471
0.0,-16.545139,15.773471
0.0,-16.545139,15.774583
0.0,-16.544861,15.774583
0.0,-16.544861,15.775695
0.0,-16.544585,15.775695
0.0,-16.544583,15.776249
0.0,-16.544307,15.776249
0.0,-16.544307,15.777083
0.0,-16.544027,15.777083
0.0,-16.544027,15.777917
0.0,-16.543751,15.777917
0.0,-16.543751,15.778471
0.0,-16.543473,15.778471
0.0,-16.543473,15.779305
0.0,-16.543195,15.779305
0.0,-16.543195,15.779861
0.0,-16.542917,15.779861
0.0,-16.542917,15.780693
0.0,-16.542639,15.780693
0.0,-16.542639,15.781527
0.0,-16.542361,15.781527
0.0,-16.542361,15.782362
0.0,-16.542085,15.782362
0.0,-16.542085,15.782918
0.0,-16.541804,15.782918
0.0,-16.541804,15.78375
0.0,-16.541529,15.78375
0.0,-16.541529,15.784584
0.0,-16.541251,15.784584
0.0,-16.541251,15.785416
0.0,-16.540973,15.785416
0.0,-16.540973,15.785972
0.0,-16.540695,15.785972
0.0,-16.540695,15.786528
0.0,-16.540416,15.786528
0.0,-16.540416,15.787084
0.0,-16.540138,15.787084
0.0,-16.540138,15.787638
0.0,-16.539863,15.787638
0.0,-16.539863,15.788194
0.0,-16.539582,15.788194
0.0,-16.539582,15.789306
0.0,-16.539304,15.789306
0.0,-16.539304,15.790694
0.0,-16.539028,15.790694
0.0,-16.539028,15.791806
0.0,-16.53875,15.791806
0.0,-16.53875,15.792638
0.0,-16.538472,15.792638
0.0,-16.538472,15.79375
0.0,-16.538194,15.79375
0.0,-16.538194,15.79486
0.0,-16.537916,15.79486
0.0,-16.537916,15.795695
0.0,-16.53764,15.795695
0.0,-16.53764,15.796805
0.0,-16.53736,15.796805
0.0,-16.53736,15.79739
0.0,-16.53736,15.797639
0.0,-16.537082,15.797639
0.0,-16.537082,15.798473
0.0,-16.536806,15.798473
0.0,-16.536806,15.799027
0.0,-16.536528,15.799027
0.0,-16.536528,15.799583
0.0,-16.53625,15.799583
0.0,-16.53625,15.800139
0.0,-16.535972,15.800139
0.0,-16.535972,15.800973
0.0,-16.535694,15.800973
0.0,-16.535694,15.801527
0.0,-16.535418,15.801527
0.0,-16.535418,15.802083
0.0,-16.535138,15.802083
0.0,-16.535138,15.802639
0.0,-16.53486,15.802639
0.0,-16.53486,15.803473
0.0,-16.534584,15.803473
0.0,-16.534584,15.804305
0.0,-16.534306,15.804305
0.0,-16.534306,15.805139
0.0,-16.534028,15.805139
0.0,-16.534028,15.805971
0.0,-16.53375,15.805971
0.0,-16.53375,15.807083
0.0,-16.533472,15.807083
0.0,-16.533472,15.808193
0.0,-16.533194,15.808193
0.0,-16.533194,15.809306
0.0,-16.532918,15.809306
0.0,-16.532918,15.810416
0.0,-16.532638,15.810416
0.0,-16.532638,15.811528
0.0,-16.532362,15.811528
0.0,-16.532362,15.81264
0.0,-16.532084,15.81264
0.0,-16.532084,15.81375
0.0,-16.531806,15.81375
0.0,-16.531806,15.814862
0.0,-16.531528,15.814862
0.0,-16.531528,15.815972
0.0,-16.53125,15.815972
0.0,-16.53125,15.816806
0.0,-16.530972,15.816806
0.0,-16.530972,15.817916
0.0,-16.530696,15.817916
0.0,-16.530696,15.819028
0.0,-16.530416,15.819028
0.0,-16.53042,15.820138
0.0,-16.530138,15.820138
0.0,-16.530138,15.820248
0.0,-16.360581,15.826481
0.0,-16.339219,15.83921
0.0,-16.3219,15.85074
0.0,-16.31929,15.852621
0.0,-16.277249,15.857931
0.0,-16.26963,15.860552
0.0,-16.268201,15.881171
0.0,-16.265849,15.88467
0.0,-16.263969,15.88701
0.0,-16.2437,15.893
0.0,-16.237262,15.894921
0.0,-16.235901,15.900719
0.0,-16.234632,15.914861
0.0,-16.22105,15.919632
0.0,-16.202922,15.92421
0.0,-16.192901,15.926859
0.0,-16.18816,15.93084
0.0,-16.17601,15.9562
0.0,-16.17255,15.96781
0.0,-16.17165,15.972451
0.0,-16.173599,15.975211
0.0,-16.18197,15.975131
0.0,-16.18581,15.97555
0.0,-16.18919,15.978057
0.0,-16.189961,15.982461
0.0,-16.191419,15.98499
0.0,-16.1984,15.987931
0.0,-16.20661,15.99387
0.0,-16.209771,15.99823
0.0,-16.210541,16.002859
0.0,-16.20511,16.009158
0.0,-16.202031,16.011741
0.0,-16.19871,16.014321
0.0,-16.187918,16.01304
0.0,-16.167739,16.006531
0.0,-16.15741,16.004081
0.0,-16.14975,16.00393
0.0,-16.120151,16.01116
0.0,-16.10966,16.01474
0.0,-16.037238,16.04807
0.0,-15.9541,16.08842
0.0,-15.933369,16.09879
0.0,-15.89564,16.13315
0.0,-15.846461,16.17316
0.0,-15.831489,16.185789
0.0,-15.801751,16.15849
0.0,-15.728679,16.081521
