-15.177246	16.598978
-15.147467	16.579438
-15.066670	16.584635
-15.036159	16.631133
-15.041433	16.630428
-15.051395	16.632431
-15.055638	16.634796
-15.066944	16.654720
-15.079016	16.671902
-15.085386	16.675219
-15.091793	16.676472
-15.098951	16.675673
-15.104721	16.672554
-15.114648	16.663307
-15.123198	16.651054
-15.124271	16.647654
-15.126729	16.639868
-15.125637	16.634342
-15.122862	16.629707
-15.112472	16.624949
-15.106288	16.624619
-15.101569	16.622246
-15.097134	16.617355
-15.095082	16.612272
-15.094893	16.609516
-15.098868	16.600174
-15.103221	16.596344
-15.110415	16.593248
-15.124281	16.589804
-15.138327	16.589573
-15.149211	16.593191
-15.151078	16.595285
-15.156775	16.596102
-15.160100	16.596579
-15.171691	16.600664
-15.177246	16.598978
