-16.780064	12.408710
-16.715645	12.465022
-16.736223	12.550569
-16.740608	12.550208
-16.743553	12.545093
-16.743374	12.539943
-16.751417	12.537143
-16.756653	12.544388
-16.761551	12.543378
-16.778677	12.520973
-16.788633	12.503302
-16.796448	12.483830
-16.797920	12.475291
-16.797447	12.463106
-16.796175	12.457838
-16.793295	12.454210
-16.791414	12.441822
-16.782183	12.412546
-16.780064	12.408710
NaN	NaN
-16.741737	12.573491
-16.749034	12.603825
-16.776331	12.632286
-16.773924	12.625739
-16.775496	12.622258
-16.775290	12.621347
-16.772165	12.607597
-16.774536	12.585007
-16.772198	12.573088
-16.769955	12.569733
-16.768097	12.566953
-16.763113	12.563594
-16.757483	12.563009
-16.752823	12.564245
-16.741737	12.573491
