-16.768252	13.886029
-16.781758	13.882941
-16.778955	13.845812
-16.776667	13.837116
-16.772322	13.831449
-16.770235	13.833097
-16.768194	13.849000
-16.767334	13.877297
-16.767664	13.880430
-16.768252	13.886029
NaN	NaN
-16.700896	13.775616
-16.690970	13.783334
-16.689592	13.787212
-16.690008	13.796633
-16.689627	13.801238
-16.687771	13.802652
-16.684143	13.797430
-16.681543	13.797282
-16.661457	13.816696
-16.658949	13.820881
-16.653217	13.828803
-16.652773	13.828614
-16.680682	13.906050
-16.745797	13.891163
-16.738928	13.868625
-16.740253	13.864231
-16.750275	13.859219
-16.753506	13.855940
-16.754610	13.852241
-16.752855	13.846754
-16.739016	13.824707
-16.735508	13.813734
-16.722559	13.801096
-16.719955	13.797493
-16.708782	13.782033
-16.700896	13.775616
