-16.781758	13.882941
-16.768252	13.886029
-16.769070	13.893820
-16.772095	13.904111
-16.770000	13.929440
-16.769825	13.956573
-16.768298	13.961351
-16.784452	13.956987
-16.786036	13.942939
-16.781546	13.906004
-16.781815	13.883698
-16.781758	13.882941
NaN	NaN
-16.745797	13.891163
-16.680682	13.906050
-16.679215	13.985418
-16.741195	13.968673
-16.745220	13.962317
-16.752975	13.949528
-16.753077	13.942629
-16.752037	13.937591
-16.751263	13.934155
-16.749681	13.925447
-16.751144	13.915995
-16.749178	13.911661
-16.747156	13.904572
-16.745966	13.891718
-16.745797	13.891163
