-12.166934	14.388295
-12.183512	14.372447
-12.144560	14.199157
-12.015117	14.242084
-12.023356	14.262960
-12.024789	14.281689
-12.040346	14.284420
-12.047214	14.286714
-12.096469	14.303162
-12.100482	14.306371
-12.101910	14.312573
-12.100905	14.322989
-12.100757	14.324526
-12.108296	14.323591
-12.111132	14.326573
-12.109020	14.331174
-12.105961	14.333018
-12.099596	14.332340
-12.097950	14.334183
-12.103404	14.349111
-12.100120	14.356010
-12.097305	14.362451
-12.100148	14.368880
-12.103923	14.370710
-12.109917	14.371148
-12.116182	14.371606
-12.127255	14.369286
-12.129149	14.372958
-12.128469	14.384449
-12.130112	14.386713
-12.132483	14.387659
-12.150150	14.382106
-12.157929	14.382319
-12.166934	14.388295
