-16.517232	12.597184
-16.534073	12.517947
-16.457689	12.458927
-16.445886	12.462451
-16.432756	12.479727
-16.407565	12.559506
-16.416473	12.560394
-16.424959	12.563468
-16.466143	12.587364
-16.476997	12.591775
-16.502356	12.595239
-16.503180	12.595382
-16.511988	12.596909
-16.517232	12.597184
NaN	NaN
-16.403022	12.573894
-16.397734	12.590641
-16.492903	12.632275
-16.492723	12.631758
-16.487492	12.627479
-16.481348	12.624597
-16.477367	12.624666
-16.470238	12.619040
-16.453264	12.613126
-16.435863	12.596406
-16.432589	12.596693
-16.427752	12.601149
-16.425816	12.597731
-16.429358	12.586396
-16.426472	12.582306
-16.414181	12.577896
-16.403022	12.573894
NaN	NaN
-16.503295	12.631700
-16.510007	12.631178
-16.510261	12.629984
-16.499973	12.618517
-16.499323	12.621290
-16.503295	12.631700
