-11.577101	13.290711
-11.602996	13.275958
-11.693501	13.120624
-11.588246	13.043190
-11.547650	13.054808
-11.498865	13.112434
-11.501936	13.114764
-11.508981	13.136807
-11.522436	13.146025
-11.523544	13.150798
-11.508485	13.174243
-11.509198	13.185255
-11.512561	13.188202
-11.519298	13.190057
-11.539522	13.192318
-11.544760	13.194535
-11.548107	13.202620
-11.549520	13.216723
-11.547306	13.227972
-11.533795	13.246002
-11.534207	13.250816
-11.545926	13.261313
-11.549306	13.273878
-11.552498	13.278073
-11.557826	13.282692
-11.572347	13.286080
-11.577101	13.290711
