-15.251983	13.397342
-15.101980	13.331087
-15.099183	13.332205
-15.046119	13.521805
-15.048307	13.523372
-15.076172	13.548989
-15.076443	13.551515
-15.087215	13.565167
-15.089324	13.569082
-15.100255	13.589369
-15.110601	13.589462
-15.132380	13.580399
-15.140285	13.577108
-15.163824	13.562766
-15.166883	13.562955
-15.175673	13.553880
-15.175686	13.553867
-15.182899	13.548712
-15.190116	13.541036
-15.199104	13.531476
-15.205759	13.520348
-15.213869	13.496323
-15.215346	13.484803
-15.218518	13.476713
-15.217289	13.456953
-15.219450	13.444047
-15.224655	13.430408
-15.228769	13.424049
-15.235913	13.413007
-15.251983	13.397342
