-13.941090	16.235556
-13.964367	16.169552
-13.883891	16.117387
-13.860452	16.134018
-13.862166	16.138594
-13.869982	16.148643
-13.872567	16.159027
-13.871427	16.166571
-13.866918	16.176950
-13.866069	16.182514
-13.867309	16.188496
-13.872603	16.195044
-13.877077	16.196526
-13.882779	16.196430
-13.890615	16.194410
-13.896642	16.192856
-13.902488	16.196434
-13.908213	16.204826
-13.911427	16.218666
-13.910079	16.225058
-13.911863	16.229689
-13.913056	16.230374
-13.915608	16.231840
-13.925624	16.230238
-13.935687	16.236206
-13.939248	16.236288
-13.941090	16.235556
