-16.589223	13.817144
-16.564954	13.817430
-16.536484	13.845253
-16.545763	13.844984
-16.557203	13.840182
-16.558567	13.837629
-16.552000	13.833517
-16.555601	13.830094
-16.560579	13.832075
-16.571156	13.831428
-16.581387	13.825036
-16.589223	13.817144
NaN	NaN
-16.519136	13.862206
-16.504372	13.876634
-16.503626	13.912508
-16.655727	13.996156
-16.673618	13.991552
-16.676413	13.989575
-16.679215	13.985418
-16.680682	13.906050
-16.652773	13.828614
-16.647526	13.826378
-16.635401	13.832113
-16.625561	13.834361
-16.622307	13.836489
-16.602154	13.840759
-16.597733	13.843368
-16.587214	13.847005
-16.579353	13.854503
-16.574423	13.855051
-16.564878	13.860509
-16.562124	13.864237
-16.560684	13.862652
-16.555246	13.861370
-16.551762	13.863730
-16.539753	13.863255
-16.535547	13.864939
-16.532345	13.869824
-16.521177	13.864042
-16.519136	13.862206
