-11.772405	13.342072
-11.602996	13.275958
-11.577101	13.290711
-11.584650	13.298064
-11.594917	13.300898
-11.597032	13.304116
-11.594922	13.314235
-11.598694	13.323154
-11.603381	13.334240
-11.605027	13.341598
-11.602682	13.348956
-11.604799	13.358844
-11.609026	13.359533
-11.609524	13.359227
-11.619122	13.353322
-11.644013	13.355615
-11.644485	13.359983
-11.641201	13.366883
-11.633690	13.374933
-11.633927	13.380912
-11.637003	13.387371
-11.644619	13.388708
-11.664645	13.382773
-11.668842	13.381529
-11.673218	13.381733
-11.698421	13.382915
-11.702447	13.386214
-11.705105	13.398725
-11.708233	13.402680
-11.717857	13.407747
-11.742508	13.409338
-11.751944	13.399924
-11.750186	13.385004
-11.751092	13.380618
-11.758347	13.371903
-11.770647	13.355432
-11.772405	13.342072
