-11.396923	12.522691
-11.422375	12.505709
-11.435444	12.432505
-11.433019	12.431607
-11.408666	12.417581
-11.400705	12.415280
-11.379462	12.413562
-11.374901	12.423636
-11.374899	12.427776
-11.379573	12.442271
-11.377932	12.446871
-11.369035	12.454226
-11.365520	12.460204
-11.358028	12.464570
-11.356856	12.468019
-11.363638	12.479526
-11.362231	12.483435
-11.361526	12.490335
-11.362926	12.496778
-11.365030	12.501608
-11.368774	12.503452
-11.375799	12.500005
-11.377675	12.493336
-11.376508	12.487354
-11.378616	12.482985
-11.381893	12.483217
-11.385636	12.488279
-11.387037	12.495412
-11.383520	12.507600
-11.388900	12.517955
-11.396923	12.522691
