66,12,33,30,64,
0.0,-15.5784338893,14.0744236516
0.0,-15.5792149037,14.0715736958
0.0,-15.5795343288,14.0696832486
0.0,-15.580314538,14.0668694573
0.0,-15.5805885733,14.0653498206
0.0,-15.580997895,14.0639694387
0.0,-15.5820212668,14.0605181919
0.0,-15.5822278593,14.0600811216
0.0,-15.5839642656,14.0564075152
0.0,-15.5856886578,14.0530850978
0.0,-15.5867082148,14.050089876
0.0,-15.5888911913,14.0453829687
0.0,-15.5896082086,14.0430501952
0.0,-15.5902789745,14.0408678572
0.0,-15.5916097849,14.0361630051
0.0,-15.5929494801,14.0313315424
0.0,-15.5931016031,14.0302833271
0.0,-15.5937668743,14.0256991952
0.0,-15.594159705,14.0229922701
0.0,-15.5938001004,14.019276397
0.0,-15.5933986536,14.0151279859
0.0,-15.5906056863,14.0103179184
0.0,-15.5890038357,14.0078549771
0.0,-15.5886307757,14.0072813657
0.0,-15.5874801681,14.0060036445
0.0,-15.5866582375,14.0050449678
0.0,-15.5853443937,14.0040886062
0.0,-15.5822267161,14.0028155986
0.0,-15.5787843154,14.0026633513
0.0,-15.5753448178,14.0037926933
0.0,-15.5750394864,14.0039977412
0.0,-15.5749336296,14.0041061984
0.0,-15.568455921,14.0090448503
0.0,-15.5635858419,14.0130552192
0.0,-15.5614120628,14.0150172218
0.0,-15.5577559917,14.0166422826
0.0,-15.5556627196,14.0158813263
0.0,-15.5540888473,14.0136727163
0.0,-15.5535525431,14.0080583203
0.0,-15.5533725598,14.0056763465
0.0,-15.5531064611,14.0037199929
0.0,-15.5524024447,14.0008286982
0.0,-15.5506530185,13.9980248628
0.0,-15.5465519984,13.9956517468
0.0,-15.5421061103,13.9948108672
0.0,-15.5356865617,13.9947370512
0.0,-15.5346586944,13.9950566496
0.0,-15.5344080305,13.995102289
0.0,-15.5317431734,13.995587473
0.0,-15.5307530529,13.9958699324
0.0,-15.5288187917,13.9962991142
0.0,-15.5272638542,13.9965918318
0.0,-15.5256636421,13.9973367207
0.0,-15.5240154622,13.9973493283
0.0,-15.5225068083,13.9976419158
0.0,-15.5211825065,13.9975633897
0.0,-15.519107312,13.9974864644
0.0,-15.5175999231,13.9979598523
0.0,-15.5158140725,13.99852424
0.0,-15.5138327359,13.9986279037
0.0,-15.5124631534,13.9990105515
0.0,-15.510767641,13.9985620439
0.0,-15.5094418221,13.9977962891
0.0,-15.5081063351,13.9968406718
0.0,-15.5070211633,13.9960201489
0.0,-15.506740067,13.9956566836
0.0,-15.5060647222,13.9947834348
0.0,-15.5045894676,13.9934121705
0.0,-15.5037804919,13.9918496387
0.0,-15.5026734773,13.9898808449
0.0,-15.5016687228,13.9880915376
0.0,-15.5007581196,13.9862127444
0.0,-15.5000417869,13.9846500065
0.0,-15.4987055188,13.983278416
0.0,-15.498376708,13.9821328541
0.0,-15.4981271216,13.9812633027
0.0,-15.496697113,13.9793403476
0.0,-15.495507389,13.9780533356
0.0,-15.4951287295,13.9776437081
0.0,-15.4945970586,13.9758093232
0.0,-15.4931213016,13.9741124803
0.0,-15.492199911,13.9718629603
0.0,-15.491150108,13.9701742823
0.0,-15.4908149334,13.9694139085
0.0,-15.4900988486,13.967789389
0.0,-15.4887599255,13.9654954859
0.0,-15.4877109318,13.9637525384
0.0,-15.4864655067,13.9614584329
0.0,-15.4848866268,13.9590745675
0.0,-15.4836417459,13.9570155293
0.0,-15.4823593671,13.9547214726
0.0,-15.482162837,13.9544654799
0.0,-15.4801128892,13.9517952597
0.0,-15.4792468734,13.9493556938
0.0,-15.4784596901,13.9478178841
0.0,-15.4764801728,13.9455093379
0.0,-15.476236083,13.9438551734
0.0,-15.4774721626,13.9414193884
0.0,-15.4780789748,13.9401785143
0.0,-15.4841176977,13.9390306349
0.0,-15.4906531535,13.9370080224
0.0,-15.4887369602,13.9342846513
0.0,-15.4909987431,13.9315867097
0.0,-15.4914590691,13.9298452442
0.0,-15.4915634495,13.9274964381
0.0,-15.4909056591,13.9246303969
0.0,-15.4907350239,13.9238248938
0.0,-15.4905024475,13.9227267882
0.0,-15.4901670245,13.9211417641
0.0,-15.4904642456,13.9190610422
0.0,-15.4912650361,13.9172583419
0.0,-15.492398422,13.9142105807
0.0,-15.4929366201,13.9132868016
0.0,-15.4935393721,13.9124379175
0.0,-15.4945820605,13.9122617518
0.0,-15.4959506875,13.9116531752
0.0,-15.4972632874,13.9108186613
0.0,-15.4987135186,13.9094232703
0.0,-15.4987725183,13.909344301
0.0,-15.5019043284,13.9051524088
0.0,-15.5036493055,13.9031189396
0.0,-15.50572098,13.9007649298
0.0,-15.5072480449,13.8993738522
0.0,-15.513735388,13.8953558726
0.0,-15.5184921177,13.8924095637
0.0,-15.5289209315,13.8866649157
0.0,-15.5305108195,13.8857844207
0.0,-15.5318320744,13.8848061717
0.0,-15.53346788,13.8837797603
0.0,-15.534779747,13.8827540473
0.0,-15.5353766516,13.8807183506
0.0,-15.5361208964,13.8783658687
0.0,-15.5369952128,13.8762391424
0.0,-15.5387325193,13.8746168507
0.0,-15.5401358984,13.8731761197
0.0,-15.541862644,13.8715086216
0.0,-15.5435547885,13.8708900295
0.0,-15.5464311772,13.8701331577
0.0,-15.5488257849,13.8691512908
0.0,-15.5505622246,13.8677097553
0.0,-15.5531646239,13.8685176401
0.0,-15.5541187197,13.8682186622
0.0,-15.5549956369,13.8679438651
0.0,-15.5576300182,13.8666358682
0.0,-15.5596916028,13.8657450735
0.0,-15.561290786,13.8649909485
0.0,-15.5631760756,13.8639196953
0.0,-15.5647661114,13.8632198197
0.0,-15.5655123272,13.8618256738
0.0,-15.5669266239,13.8611713992
0.0,-15.5688031547,13.8603272975
0.0,-15.5707714331,13.8591642479
0.0,-15.5720832184,13.8582298908
0.0,-15.5747175682,13.8566414238
0.0,-15.5757001335,13.8553695861
0.0,-15.5759352031,13.8550653074
0.0,-15.5772355475,13.853262948
0.0,-15.5784066563,13.8515965128
0.0,-15.5788191772,13.8500222831
0.0,-15.5796456151,13.8474434453
0.0,-15.5800239472,13.8464711479
0.0,-15.5804731575,13.8453166871
0.0,-15.5806521791,13.84448015
0.0,-15.5808390516,13.8436069391
0.0,-15.5809800538,13.8434410369
0.0,-15.5818631826,13.8424019637
0.0,-15.5824694217,13.8406012257
0.0,-15.5835384223,13.8388445937
0.0,-15.5842847003,13.8375498532
0.0,-15.5852050378,13.8355584846
0.0,-15.5858931318,13.8332059997
0.0,-15.5870076363,13.8311689523
0.0,-15.5878451291,13.8293676485
0.0,-15.5881267456,13.8284401992
0.0,-15.5888678908,13.8276563143
0.0,-15.591959366,13.8244119469
0.0,-15.593499736,13.8225094699
0.0,-15.5952682456,13.8193677184
0.0,-15.5972109586,13.8156197379
0.0,-15.5984168616,13.8132117108
0.0,-15.6009462381,13.8109801471
0.0,-15.6043122798,13.8067222932
0.0,-15.6051370627,13.803999844
0.0,-15.6057798308,13.8017819154
0.0,-15.6066490874,13.7980455518
0.0,-15.6084668303,13.7961875119
0.0,-15.6107555372,13.7936772881
0.0,-15.6130556004,13.7923243524
0.0,-15.6153546655,13.7906006893
0.0,-15.6194688733,13.786105686
0.0,-15.6201991181,13.7849647856
0.0,-15.6208600432,13.783932175
0.0,-15.6225694607,13.7796782639
0.0,-15.6233366299,13.7791066969
0.0,-15.6243800415,13.7783807175
0.0,-15.6261812761,13.7773804265
0.0,-15.6280755113,13.776570891
0.0,-15.6308200593,13.7754879136
0.0,-15.6323730859,13.7750860955
0.0,-15.6329539572,13.7750066472
0.0,-15.6342595164,13.7748280757
0.0,-15.6356746414,13.7750685507
0.0,-15.6371830198,13.7752635678
0.0,-15.6382258809,13.7757060036
0.0,-15.6383912018,13.7758082304
0.0,-15.6385587337,13.7759118238
0.0,-15.6387407076,13.7761770879
0.0,-15.6389227603,13.7764718781
0.0,-15.6389537713,13.7767670584
0.0,-15.6390153906,13.7772097933
0.0,-15.6391077024,13.7778296035
0.0,-15.6394124396,13.7788031755
0.0,-15.639987692,13.7792740997
0.0,-15.640955825,13.7798030505
0.0,-15.6419229123,13.779948162
0.0,-15.6439482856,13.7804448142
0.0,-15.6448249042,13.7808284488
0.0,-15.6449984962,13.7809044175
0.0,-15.6456516592,13.7815513741
0.0,-15.6458858408,13.7817833296
0.0,-15.6459817604,13.7818783361
0.0,-15.6471968265,13.7830415152
0.0,-15.648078349,13.7840156921
0.0,-15.648822987,13.7845959604
0.0,-15.6499952217,13.7854435684
0.0,-15.6501273417,13.7855361817
0.0,-15.6501552515,13.7855557464
0.0,-15.6502845862,13.7856464068
0.0,-15.6513129942,13.7862042675
0.0,-15.6523880634,13.786906666
0.0,-15.6531855835,13.787600755
0.0,-15.6541140576,13.7888098658
0.0,-15.6552837006,13.7902443707
0.0,-15.6557668021,13.7908078282
0.0,-15.6561190281,13.7912186387
0.0,-15.6562255408,13.791339751
0.0,-15.6560807226,13.7922951063
0.0,-15.6560835596,13.7933106952
0.0,-15.6563719288,13.7944250883
0.0,-15.6569849189,13.7950407738
0.0,-15.6580878152,13.7959737642
0.0,-15.6587825381,13.7966688818
0.0,-15.6591514233,13.7974246108
0.0,-15.6597873205,13.7989363386
0.0,-15.6608298488,13.8001283556
0.0,-15.660831035,13.8001297304
0.0,-15.6618928756,13.8013601381
0.0,-15.6625457485,13.8016570835
0.0,-15.6636491046,13.8016541063
0.0,-15.6645898238,13.803121768
0.0,-15.6657495827,13.8042849945
0.0,-15.6661810892,13.8048028342
0.0,-15.6661122848,13.8047737721
0.0,-15.6651966654,13.8051695832
0.0,-15.6638638171,13.8057457494
0.0,-15.6638269155,13.8057510028
0.0,-15.6638269457,13.8057616881
0.0,-15.6638270021,13.8057816374
0.0,-15.6638292297,13.8065689774
0.0,-15.6638351887,13.8086749394
0.0,-15.6653394538,13.8115948248
0.0,-15.6682123202,13.8135363293
0.0,-15.6715744829,13.8121870117
0.0,-15.6732923762,13.8116652956
0.0,-15.6736911836,13.8119938994
0.0,-15.6737090589,13.812009807
0.0,-15.6749990665,13.8131578014
0.0,-15.6762474062,13.8143976463
0.0,-15.6762609596,13.814411108
0.0,-15.677623829,13.81538384
0.0,-15.6786992402,13.8161313196
0.0,-15.6797287908,13.8170145447
0.0,-15.6810825947,13.8180415305
0.0,-15.6814956884,13.8184011459
0.0,-15.6822524967,13.8190599779
0.0,-15.6833291517,13.8202233438
0.0,-15.6847218743,13.8218921497
0.0,-15.686316951,13.8231444695
0.0,-15.6866319129,13.8233551371
0.0,-15.6867221753,13.8234155108
0.0,-15.6872996359,13.8238017521
0.0,-15.6882819012,13.8243143669
0.0,-15.6898377137,13.8247891995
0.0,-15.6925143312,13.8256858132
0.0,-15.6949046778,13.8267640385
0.0,-15.6950070212,13.8268104987
0.0,-15.696646509,13.827554753
0.0,-15.6982858484,13.8284904108
0.0,-15.6986009954,13.8286564073
0.0,-15.6997882929,13.8292817832
0.0,-15.7010965312,13.830489611
0.0,-15.7019334395,13.8318796108
0.0,-15.7030012687,13.8331333227
0.0,-15.7036996785,13.8346141275
0.0,-15.704481509,13.8361398976
0.0,-15.7047404459,13.837226628
0.0,-15.7037656586,13.8410848214
0.0,-15.7036555707,13.8415205402
0.0,-15.7010403458,13.8436627742
0.0,-15.6968280273,13.8475173232
0.0,-15.6966237818,13.8480126973
0.0,-15.6963809618,13.8481917243
0.0,-15.6954610419,13.84909582
0.0,-15.6954661704,13.8508203279
0.0,-15.6949481161,13.8520767786
0.0,-15.6954715638,13.8526336839
0.0,-15.6954725324,13.8529592841
0.0,-15.6967943997,13.8542433577
0.0,-15.6971303992,13.8543985193
0.0,-15.6980165892,13.8553413187
0.0,-15.7025382876,13.8574631245
0.0,-15.7035115278,13.8585553218
0.0,-15.7057867938,13.861108631
0.0,-15.7098534031,13.8656719884
0.0,-15.7077474391,13.8669800629
0.0,-15.7060125989,13.8686125421
0.0,-15.7047931574,13.8693122525
0.0,-15.7034834005,13.8707536187
0.0,-15.7019857169,13.8715445308
0.0,-15.7017157852,13.871863535
0.0,-15.700022373,13.8738647791
0.0,-15.6987582357,13.8753964062
0.0,-15.6973092163,13.8764222311
0.0,-15.6958606908,13.8779091627
0.0,-15.6953444863,13.8785977849
0.0,-15.6937547426,13.8795787828
0.0,-15.6928259733,13.8812902596
0.0,-15.6915170439,13.8830581883
0.0,-15.690633651,13.8847695292
0.0,-15.6899904437,13.8863355252
0.0,-15.6894286513,13.8872683852
0.0,-15.6887388879,13.8887440946
0.0,-15.6880405548,13.8904549054
0.0,-15.6869732345,13.8925826613
0.0,-15.6866412365,13.8938350196
0.0,-15.6866062371,13.8939670424
0.0,-15.6860103902,13.8956233109
0.0,-15.6845737735,13.8980775885
0.0,-15.6836913647,13.9001596056
0.0,-15.6819678613,13.9029401665
0.0,-15.6819787494,13.9030453719
0.0,-15.6820726373,13.9039525216
0.0,-15.6822371066,13.9063842245
0.0,-15.6822483512,13.908074573
0.0,-15.6822536474,13.9088705894
0.0,-15.6823170568,13.9091022541
0.0,-15.6831340016,13.9120868971
0.0,-15.6847508817,13.9142432792
0.0,-15.6850783746,13.9146744955
0.0,-15.6862217252,13.9161799522
0.0,-15.6866557702,13.9167514559
0.0,-15.6881881842,13.9184932716
0.0,-15.689516285,13.9199994459
0.0,-15.690761795,13.9217409243
0.0,-15.6915237912,13.922742367
0.0,-15.6926517666,13.9240764643
0.0,-15.6927592402,13.9242035767
0.0,-15.6941436439,13.9259446403
0.0,-15.6955286095,13.9278665224
0.0,-15.6972939309,13.9300585508
0.0,-15.6993364415,13.9320689401
0.0,-15.7009519237,13.933664633
0.0,-15.7017429655,13.9342825135
0.0,-15.7030914353,13.937627809
0.0,-15.7035836687,13.9414894889
0.0,-15.7039991793,13.9447491599
0.0,-15.7046927794,13.9486753225
0.0,-15.7088724238,13.9556539836
0.0,-15.7129125155,13.9595167007
0.0,-15.713384997,13.959968425
0.0,-15.717572923,13.9609066133
0.0,-15.722185386,13.961939814
0.0,-15.728521439,13.9606559149
0.0,-15.7377329548,13.9563502368
0.0,-15.7378033086,13.9563768654
0.0,-15.7397951108,13.9571307787
0.0,-15.7409303128,13.9576570073
0.0,-15.7417328312,13.9580290134
0.0,-15.7440041595,13.9590256654
0.0,-15.745432013,13.9596993939
0.0,-15.746712363,13.9605634347
0.0,-15.7487434728,13.9616963978
0.0,-15.7501722622,13.9626503753
0.0,-15.7516383873,13.9636946418
0.0,-15.7516671674,13.9637149283
0.0,-15.7517985102,13.9638075132
0.0,-15.7529281862,13.9646038249
0.0,-15.7540899668,13.9654657663
0.0,-15.7543480758,13.9656572582
0.0,-15.7556291812,13.9664669982
0.0,-15.7567717987,13.9676568977
0.0,-15.7584897547,13.9692518554
0.0,-15.7599576183,13.9708023754
0.0,-15.7608223878,13.9719479156
0.0,-15.7624381722,13.9736878228
0.0,-15.7644812668,13.9753269192
0.0,-15.76468994,13.9755616274
0.0,-15.7655313609,13.9765080223
0.0,-15.7665350546,13.9776531014
0.0,-15.7788226416,13.9797104801
0.0,-15.7798252225,13.9801168494
0.0,-15.7844963686,13.9820100996
0.0,-15.7865266115,13.9828329338
0.0,-15.7866434612,13.9845662442
0.0,-15.7870740505,13.9909531737
0.0,-15.7855376247,13.9977603369
0.0,-15.7825337932,14.0011203762
0.0,-15.7815946046,14.0028237924
0.0,-15.781551698,14.0076595071
0.0,-15.7813211488,14.009223324
0.0,-15.7812529804,14.0096857086
0.0,-15.7819925952,14.0120792522
0.0,-15.7820652176,14.0143845338
0.0,-15.7825708501,14.0160374475
0.0,-15.7839284614,14.0177056865
0.0,-15.7847458341,14.0187826118
0.0,-15.7848477146,14.0189168432
0.0,-15.7854615231,14.0197255544
0.0,-15.7856057276,14.0207709984
0.0,-15.785568812,14.0208370793
0.0,-15.7841253266,14.0234210231
0.0,-15.78251925,14.0262959426
0.0,-15.7825846052,14.0265696841
0.0,-15.7829157273,14.027956583
0.0,-15.7857851999,14.0306722537
0.0,-15.7859685963,14.0310045613
0.0,-15.7864584736,14.0318922045
0.0,-15.7864705743,14.0354413015
0.0,-15.7864722531,14.0359335829
0.0,-15.786395649,14.0365999469
0.0,-15.7630942298,14.0431145047
0.0,-15.7484895696,14.0471963273
0.0,-15.7477033103,14.0474160472
0.0,-15.7444587843,14.048322703
0.0,-15.7342579528,14.0511729129
0.0,-15.7342303652,14.0511729967
0.0,-15.7329052889,14.0511703545
0.0,-15.73288195,14.0511703077
0.0,-15.7315319388,14.0512116925
0.0,-15.730898638,14.0512495926
0.0,-15.730179446,14.0512926329
0.0,-15.7288253271,14.0514086057
0.0,-15.7274695816,14.0515596111
0.0,-15.7261127776,14.0517433868
0.0,-15.7247546188,14.0519565433
0.0,-15.7233956824,14.0522002091
0.0,-15.7220365352,14.0524698619
0.0,-15.7206771769,14.0527655015
0.0,-15.7193178853,14.0530837367
0.0,-15.7179592398,14.0534245659
0.0,-15.7166009351,14.0537834692
0.0,-15.7152550345,14.0541584563
0.0,-15.7152438413,14.0541615744
0.0,-15.7138882368,14.0545543598
0.0,-15.712533834,14.0549629567
0.0,-15.7111814873,14.0553828417
0.0,-15.7098314821,14.0558128841
0.0,-15.7084838148,14.0562519536
0.0,-15.7071387671,14.0566977891
0.0,-15.7057969101,14.0571481287
0.0,-15.7044585363,14.0576029716
0.0,-15.7040616373,14.0577428625
0.0,-15.7004205547,14.0603343353
0.0,-15.6953391618,14.0614853092
0.0,-15.6940377118,14.0612668333
0.0,-15.6939454586,14.0613064482
0.0,-15.6926934546,14.0619135527
0.0,-15.691458087,14.0625692007
0.0,-15.6902352668,14.0632609722
0.0,-15.6890495739,14.0639600512
0.0,-15.689021772,14.0639764448
0.0,-15.6882892937,14.0644334281
0.0,-15.6837805941,14.0672462718
0.0,-15.6764014751,14.0718495582
0.0,-15.6717876906,14.0743801692
0.0,-15.6677044537,14.0746013108
0.0,-15.6613622244,14.0740942448
0.0,-15.6538328181,14.0778313873
0.0,-15.647977609,14.080708823
0.0,-15.6449753332,14.083051368
0.0,-15.6436075988,14.0848976353
0.0,-15.6425157894,14.0863714149
0.0,-15.6412889351,14.0890857112
0.0,-15.6409845282,14.0905926489
0.0,-15.6406033849,14.0922504022
0.0,-15.6406059055,14.0931540734
0.0,-15.640291909,14.0938952919
0.0,-15.6402226565,14.0940587676
0.0,-15.6397381785,14.0944866881
0.0,-15.6394530041,14.0947385686
0.0,-15.6386055647,14.0951926534
0.0,-15.6363708002,14.0961775483
0.0,-15.6359521255,14.0963367049
0.0,-15.6355229322,14.0964810117
0.0,-15.6301249831,14.0975494765
0.0,-15.6249570098,14.0980900789
0.0,-15.6200196619,14.098328753
0.0,-15.615139407,14.0976441161
0.0,-15.6121200455,14.0975070899
0.0,-15.6072741474,14.0965496514
0.0,-15.6045400757,14.0957077561
0.0,-15.6021782928,14.0948648991
0.0,-15.5995672074,14.0936598488
0.0,-15.5963333313,14.0917284701
0.0,-15.5939561057,14.0905715024
0.0,-15.5930251648,14.0895441714
0.0,-15.592472494,14.0879393217
0.0,-15.5922594002,14.0871161479
0.0,-15.5918766834,14.0859639105
0.0,-15.5913487378,14.084952839
0.0,-15.5878611079,14.0808395648
0.0,-15.5844993234,14.0773328417
0.0,-15.5812661095,14.0755233044
0.0,-15.5784338893,14.0744236516
