92,13,16,72,34,
0.0,-16.6549133055,12.4685011944
0.0,-16.6540764045,12.4680792002
0.0,-16.6540728413,12.4680792664
0.0,-16.6525303137,12.4681078773
0.0,-16.6525301966,12.4681078337
0.0,-16.6509913659,12.4675398847
0.0,-16.6492224067,12.466510005
0.0,-16.6484797893,12.4659032325
0.0,-16.6479223294,12.4654829007
0.0,-16.647466885,12.4642834037
0.0,-16.6469628579,12.4632649951
0.0,-16.6466914251,12.4623886719
0.0,-16.6467022909,12.4614688188
0.0,-16.6470943117,12.459909345
0.0,-16.6502726633,12.4563102421
0.0,-16.6544044058,12.4553889228
0.0,-16.6548312491,12.4548416708
0.0,-16.6549360837,12.4538308486
0.0,-16.6542100494,12.4517539142
0.0,-16.6537003227,12.4512869711
0.0,-16.6510806281,12.4509832062
0.0,-16.6510799737,12.4509835763
0.0,-16.6510769774,12.4509832285
0.0,-16.6492392811,12.4520215787
0.0,-16.6485795596,12.4522900134
0.0,-16.6478245008,12.4529250019
0.0,-16.6463843639,12.4520830507
0.0,-16.6462035101,12.4513914865
0.0,-16.6463135288,12.4500122649
0.0,-16.6466164121,12.4480386396
0.0,-16.6466200821,12.447709948
0.0,-16.6466364361,12.4462452705
0.0,-16.6466573109,12.4443129109
0.0,-16.6463884826,12.4432523843
0.0,-16.6459328038,12.4421432757
0.0,-16.6459591186,12.4397498577
0.0,-16.6447261119,12.4368861223
0.0,-16.6439421903,12.4358196809
0.0,-16.6439005877,12.4344894486
0.0,-16.6438731162,12.4336110232
0.0,-16.6435154698,12.4320425463
0.0,-16.640913749,12.4301746777
0.0,-16.638904225,12.4297857111
0.0,-16.636759878,12.4288416002
0.0,-16.6367575115,12.4288421876
0.0,-16.6367562276,12.4288416222
0.0,-16.6358665925,12.4290623365
0.0,-16.6358645859,12.4290628341
0.0,-16.6337197294,12.4284416061
0.0,-16.633716803,12.4284407587
0.0,-16.6329581776,12.4293517395
0.0,-16.6310946567,12.4287345383
0.0,-16.6299805388,12.4278022415
0.0,-16.6290914787,12.4277465729
0.0,-16.6277327367,12.427685815
0.0,-16.6261029558,12.4269317447
0.0,-16.6259704237,12.4267465894
0.0,-16.625967889,12.4267430475
0.0,-16.6252734387,12.4257728519
0.0,-16.6240190896,12.4247939089
0.0,-16.6221183274,12.4230707872
0.0,-16.6214227618,12.4224195656
0.0,-16.6204495466,12.4214886386
0.0,-16.6196299022,12.4211285572
0.0,-16.6185311898,12.4213746779
0.0,-16.6173321199,12.4196597526
0.0,-16.6169287656,12.4195386342
0.0,-16.6165388177,12.4194215411
0.0,-16.6156139341,12.4183072483
0.0,-16.6144122876,12.4168680361
0.0,-16.6132569312,12.4154760005
0.0,-16.6121996335,12.4136234731
0.0,-16.6117939227,12.4121004114
0.0,-16.610744177,12.4097890576
0.0,-16.6101059656,12.4081713235
0.0,-16.6095027127,12.4077048316
0.0,-16.6091464842,12.4060447408
0.0,-16.608927616,12.40466181
0.0,-16.608428238,12.4031833632
0.0,-16.6080673845,12.4019380004
0.0,-16.6070998119,12.4005470725
0.0,-16.6070255788,12.3987982964
0.0,-16.6070002143,12.3969102426
0.0,-16.6069780697,12.3946560543
0.0,-16.6067734829,12.3918933221
0.0,-16.605441924,12.3896231466
0.0,-16.6042858827,12.388277384
0.0,-16.6037382633,12.386982263
0.0,-16.6032441887,12.3851365203
0.0,-16.6030320824,12.3831094443
0.0,-16.6028205519,12.3811286936
0.0,-16.6018845162,12.3810257337
0.0,-16.5998139787,12.3819701715
0.0,-16.5987819349,12.3819581655
0.0,-16.597197623,12.3813437271
0.0,-16.5963473827,12.3820233275
0.0,-16.5954952575,12.3786089773
0.0,-16.5948592727,12.3768533119
0.0,-16.5926511327,12.377426734
0.0,-16.5911520974,12.3774106525
0.0,-16.5899033446,12.3760619653
0.0,-16.5873877545,12.3748833891
0.0,-16.5866473075,12.3740921935
0.0,-16.585428181,12.3741704945
0.0,-16.5834173709,12.373918922
0.0,-16.5827141171,12.3739569163
0.0,-16.5799505727,12.3739255279
0.0,-16.5785051431,12.3733112924
0.0,-16.5766295861,12.3735210536
0.0,-16.5746671037,12.3730849442
0.0,-16.5724704068,12.3726467842
0.0,-16.570226869,12.3722077461
0.0,-16.5680622658,12.3731491006
0.0,-16.5662700748,12.3742340655
0.0,-16.5644775736,12.375317892
0.0,-16.5620309887,12.3763048964
0.0,-16.5613285802,12.3763428315
0.0,-16.5589276245,12.3774199491
0.0,-16.5595177206,12.3790844586
0.0,-16.5600636131,12.3805627681
0.0,-16.5602863376,12.3815310373
0.0,-16.5606510715,12.3824092198
0.0,-16.5609194762,12.3834710163
0.0,-16.5609977936,12.384897767
0.0,-16.5607529068,12.3859071415
0.0,-16.5605993884,12.3870097816
0.0,-16.560012114,12.389258482
0.0,-16.5596237492,12.3904506116
0.0,-16.5584271288,12.3927378394
0.0,-16.5578003608,12.3943415291
0.0,-16.5574661971,12.3949355712
0.0,-16.5575984729,12.3956738384
0.0,-16.554957461,12.3972540433
0.0,-16.5538176937,12.3986222333
0.0,-16.5532406963,12.399949909
0.0,-16.5512952449,12.4022289706
0.0,-16.5495938365,12.4034986567
0.0,-16.5491635861,12.4042763025
0.0,-16.5483991371,12.4056479824
0.0,-16.5460162426,12.4092561481
0.0,-16.5450548922,12.4114086539
0.0,-16.543999496,12.4136509645
0.0,-16.5424328821,12.4154746866
0.0,-16.5411625166,12.4159203585
0.0,-16.5411293345,12.4146775298
0.0,-16.5409209146,12.4123746121
0.0,-16.5401905909,12.4106645267
0.0,-16.5381818752,12.410180981
0.0,-16.5362621123,12.4101127624
0.0,-16.5332901612,12.4119669951
0.0,-16.5325199617,12.413798592
0.0,-16.5321132748,12.4166010805
0.0,-16.5323773973,12.4181691849
0.0,-16.5353552023,12.4199965209
0.0,-16.5346390193,12.4211385066
0.0,-16.5333590692,12.4224577051
0.0,-16.532509123,12.4230930651
0.0,-16.53057765,12.424037381
0.0,-16.5294092391,12.4238405765
0.0,-16.527676519,12.4237283111
0.0,-16.5261878853,12.4228372041
0.0,-16.5247440533,12.4220859585
0.0,-16.523110122,12.4215617777
0.0,-16.5225355834,12.4227040712
0.0,-16.523036057,12.4242370654
0.0,-16.523078739,12.4243678033
0.0,-16.5241835364,12.4261278154
0.0,-16.5231378098,12.4274049746
0.0,-16.521038841,12.4266449646
0.0,-16.518898447,12.4253325866
0.0,-16.5178309443,12.4244458499
0.0,-16.5172978011,12.4240396252
0.0,-16.5164838293,12.4234194201
0.0,-16.516039832,12.4212511228
0.0,-16.5152633953,12.4194485517
0.0,-16.5141517906,12.4182851857
0.0,-16.5131753264,12.4176759037
0.0,-16.5112077624,12.417654111
0.0,-16.5101769564,12.4176881076
0.0,-16.5081504995,12.4187695314
0.0,-16.5072089916,12.4189883453
0.0,-16.505281583,12.4197041986
0.0,-16.5026381521,12.421468162
0.0,-16.501121645,12.4229693435
0.0,-16.4992383717,12.4238216482
0.0,-16.4972026649,12.4254138272
0.0,-16.496309197,12.425997343
0.0,-16.4957995132,12.4254848615
0.0,-16.4952582375,12.4249262217
0.0,-16.4940395283,12.4236718245
0.0,-16.4928375868,12.4222308717
0.0,-16.4922468937,12.4206147805
0.0,-16.4901716595,12.4218319534
0.0,-16.4881892996,12.422451941
0.0,-16.4869739849,12.4229004599
0.0,-16.4862064554,12.4244562182
0.0,-16.4860969839,12.4258806707
0.0,-16.4862554096,12.4283681516
0.0,-16.4862329918,12.4303921777
0.0,-16.4854188457,12.4319933933
0.0,-16.4832068723,12.4328417517
0.0,-16.481945058,12.4325514608
0.0,-16.4803963487,12.4327644719
0.0,-16.4788582112,12.4321027626
0.0,-16.4772699184,12.4316695865
0.0,-16.475631741,12.4315135334
0.0,-16.4731558843,12.4308874098
0.0,-16.47152874,12.4296260846
0.0,-16.4696240381,12.4281775361
0.0,-16.4681437963,12.4265040515
0.0,-16.467128196,12.425159145
0.0,-16.4650588704,12.4258709768
0.0,-16.4622869807,12.4265752874
0.0,-16.4602682485,12.4268291403
0.0,-16.4574957194,12.4275786098
0.0,-16.4553825539,12.4280148748
0.0,-16.4542448138,12.4291985046
0.0,-16.4536108982,12.4313535345
0.0,-16.453399906,12.4334215391
0.0,-16.4537453969,12.4360018606
0.0,-16.4537307285,12.437344445
0.0,-16.4523953133,12.4366905325
0.0,-16.4518358281,12.436362428
0.0,-16.4507614715,12.4360269119
0.0,-16.4496889775,12.4355083121
0.0,-16.4489432758,12.4350851433
0.0,-16.4480085458,12.4348901252
0.0,-16.4473048174,12.4348825883
0.0,-16.446511905,12.4345500694
0.0,-16.4459527176,12.4342219498
0.0,-16.4447880636,12.4335648236
0.0,-16.4440895149,12.4331413883
0.0,-16.4434363273,12.4328115041
0.0,-16.4428354734,12.4320677371
0.0,-16.4424683064,12.4313735761
0.0,-16.4419666899,12.430171603
0.0,-16.4416017388,12.4292005635
0.0,-16.4410958309,12.4283658806
0.0,-16.4409614863,12.4277202002
0.0,-16.4408289053,12.4270293077
0.0,-16.4408957364,12.4252807464
0.0,-16.4410914328,12.4245926277
0.0,-16.4412883807,12.4237666347
0.0,-16.441436969,12.423032434
0.0,-16.4417784569,12.4218858643
0.0,-16.4421588834,12.4213380198
0.0,-16.4426403252,12.4202392972
0.0,-16.4430237565,12.4195072359
0.0,-16.4433119386,12.418912419
0.0,-16.4437883066,12.4181667804
0.0,-16.4438371501,12.4180903269
0.0,-16.4444595335,12.4168552441
0.0,-16.444896823,12.4155714243
0.0,-16.4453246976,12.4149781214
0.0,-16.4463346696,12.4127804176
0.0,-16.4468170445,12.411543818
0.0,-16.4473440887,12.4105375119
0.0,-16.4482024665,12.4092593516
0.0,-16.4488318159,12.407471626
0.0,-16.4496414671,12.4063767926
0.0,-16.4504092845,12.4046832497
0.0,-16.4506195374,12.4044112512
0.0,-16.4513618695,12.4034509113
0.0,-16.4522205617,12.4020812058
0.0,-16.4533229253,12.3999767857
0.0,-16.4533302768,12.3993326131
0.0,-16.4535102501,12.3986343084
0.0,-16.4536732571,12.3980018278
0.0,-16.453638331,12.3969894825
0.0,-16.4534638741,12.3957450922
0.0,-16.4534053702,12.3954413275
0.0,-16.4532860242,12.3948216564
0.0,-16.4526925686,12.3934800622
0.0,-16.4523866815,12.3915436469
0.0,-16.4522100586,12.3905286679
0.0,-16.4521063271,12.3872599599
0.0,-16.4516651586,12.3848157376
0.0,-16.4513611459,12.3826939781
0.0,-16.4509555166,12.3812168947
0.0,-16.4506346536,12.3805688225
0.0,-16.4501738551,12.3798729037
0.0,-16.4494755596,12.3793127277
0.0,-16.4488711083,12.3789362495
0.0,-16.4471396587,12.378639226
0.0,-16.4460612311,12.3787195493
0.0,-16.4448374145,12.3791193192
0.0,-16.4438013074,12.3794751445
0.0,-16.4430982298,12.3795591128
0.0,-16.4416882313,12.3798649323
0.0,-16.4408452818,12.3798083786
0.0,-16.4399561358,12.3796605317
0.0,-16.4393015104,12.3795137001
0.0,-16.4384166646,12.3789962933
0.0,-16.4380015264,12.3783927739
0.0,-16.4371654031,12.3776920337
0.0,-16.436422013,12.3771309289
0.0,-16.4360658018,12.375424148
0.0,-16.4359813707,12.3745939938
0.0,-16.4362705373,12.3738149797
0.0,-16.4367475914,12.3731298986
0.0,-16.4373177731,12.3724477149
0.0,-16.4377455331,12.371945964
0.0,-16.4381273851,12.3713529198
0.0,-16.4386013755,12.3708972561
0.0,-16.439575476,12.3706107155
0.0,-16.4406628486,12.3710140422
0.0,-16.4410788752,12.371571221
0.0,-16.4417760161,12.3720850964
0.0,-16.4426571496,12.3729245825
0.0,-16.4434079208,12.3728414941
0.0,-16.4440220903,12.3724800031
0.0,-16.4441076558,12.3724391567
0.0,-16.4445870445,12.3722103076
0.0,-16.4450616441,12.3717105579
0.0,-16.4463840586,12.3708514603
0.0,-16.4464490208,12.3692871066
0.0,-16.4465191487,12.3688367242
0.0,-16.4465492242,12.3686435675
0.0,-16.4467621895,12.3682950958
0.0,-16.4468838838,12.3680959669
0.0,-16.4472660935,12.3673639128
0.0,-16.4476065062,12.3664004177
0.0,-16.4478937712,12.3658056059
0.0,-16.448212332,12.3643709902
0.0,-16.4485270968,12.363604262
0.0,-16.449006503,12.362781284
0.0,-16.4495509513,12.3622890675
0.0,-16.449784555,12.3615012994
0.0,-16.4632987089,12.3597790973
0.0,-16.4854638254,12.3569503241
0.0,-16.4981130071,12.3533831306
0.0,-16.5099497216,12.3500444601
0.0,-16.52667261,12.3550228175
0.0,-16.5339123802,12.3571775739
0.0,-16.5339903034,12.3572007642
0.0,-16.5433968794,12.3600000664
0.0,-16.5636491199,12.3553667061
0.0,-16.5839004753,12.3507330533
0.0,-16.587440568,12.3499229701
0.0,-16.5944144852,12.348326975
0.0,-16.6041497892,12.3460979864
0.0,-16.6221369751,12.3513137087
0.0,-16.6388169108,12.3565089074
0.0,-16.6476075214,12.3575826672
0.0,-16.6476073808,12.3575831174
0.0,-16.6487480073,12.3577224215
0.0,-16.6500834522,12.3578849552
0.0,-16.6569414349,12.3588354079
0.0,-16.6619239654,12.35865136
0.0,-16.6691184692,12.3586613694
0.0,-16.6884064611,12.3586872654
0.0,-16.6917984283,12.3562853706
0.0,-16.705324251,12.3467067648
0.0,-16.7167776568,12.3385947873
0.0,-16.7180698385,12.3394521742
0.0,-16.718494608,12.3411443926
0.0,-16.7191938715,12.3426314907
0.0,-16.7214870574,12.3453288445
0.0,-16.7227787719,12.3472371585
0.0,-16.7229492857,12.3474890637
0.0,-16.7243915258,12.3484212314
0.0,-16.724819053,12.3486975535
0.0,-16.7257950857,12.3503184652
0.0,-16.726559818,12.3512627562
0.0,-16.7276017136,12.3524086727
0.0,-16.7285728815,12.3532838511
0.0,-16.7290439506,12.3536101566
0.0,-16.7295427194,12.3539556475
0.0,-16.7298261185,12.3551063691
0.0,-16.7299230446,12.3558521317
0.0,-16.730059039,12.3568984929
0.0,-16.7302768871,12.3593460515
0.0,-16.7305603724,12.3617598399
0.0,-16.7313391525,12.369192987
0.0,-16.7316380165,12.3702434198
0.0,-16.7330434623,12.3730805543
0.0,-16.7358272807,12.3783244614
0.0,-16.7392301481,12.3815075343
0.0,-16.7407211778,12.3821386121
0.0,-16.7422792442,12.3822840847
0.0,-16.7437245769,12.3819399822
0.0,-16.7444087179,12.3823780471
0.0,-16.7459456354,12.3837806351
0.0,-16.745970983,12.3837860685
0.0,-16.746712148,12.3848960638
0.0,-16.7474108091,12.3862474644
0.0,-16.7479683892,12.3871252076
0.0,-16.7485935827,12.3877991299
0.0,-16.7491484595,12.3882701194
0.0,-16.7497732067,12.3888762465
0.0,-16.7508135539,12.389750871
0.0,-16.751436951,12.3901536185
0.0,-16.7535744052,12.3900720302
0.0,-16.7546097819,12.3902009314
0.0,-16.7553724748,12.390806152
0.0,-16.756620649,12.3918149958
0.0,-16.757179634,12.3928960881
0.0,-16.7576701127,12.3940454164
0.0,-16.758504062,12.3949891357
0.0,-16.7596842121,12.3961339901
0.0,-16.7605835011,12.3965349239
0.0,-16.7618943124,12.3965942126
0.0,-16.7625816953,12.3962507793
0.0,-16.7634120217,12.3966521509
0.0,-16.7640404681,12.3978005665
0.0,-16.7642537525,12.398748297
0.0,-16.7648835777,12.4001000826
0.0,-16.7654421602,12.4011133592
0.0,-16.7663455845,12.4021243893
0.0,-16.7672299932,12.4026751344
0.0,-16.767315241,12.4027282204
0.0,-16.7680058304,12.4028593087
0.0,-16.7695249456,12.4031205802
0.0,-16.7709061276,12.4033827433
0.0,-16.7717383204,12.4040552476
0.0,-16.7718549531,12.4046628102
0.0,-16.7720242749,12.4055448428
0.0,-16.7721397251,12.4069499712
0.0,-16.7721745894,12.4073742923
0.0,-16.7725994078,12.4089985658
0.0,-16.7735070184,12.4106196803
0.0,-16.7741360071,12.4118358516
0.0,-16.7748367286,12.4134583128
0.0,-16.7751250159,12.415286853
0.0,-16.7758988648,12.4175189724
0.0,-16.7765973164,12.4188024721
0.0,-16.7769499965,12.4199526498
0.0,-16.7779979263,12.4219117868
0.0,-16.7788371121,12.4236011145
0.0,-16.7793976517,12.4248855082
0.0,-16.7804456235,12.4268446298
0.0,-16.780817769,12.4278299008
0.0,-16.7810075645,12.4283323889
0.0,-16.7813178162,12.4302764484
0.0,-16.7814398765,12.4310412789
0.0,-16.7816643521,12.4336159481
0.0,-16.781814777,12.4354453773
0.0,-16.7818243528,12.4355578583
0.0,-16.7819647437,12.4372070156
0.0,-16.7821781432,12.4381547162
0.0,-16.782602636,12.439711165
0.0,-16.7830248221,12.4409286614
0.0,-16.7836576472,12.4426871133
0.0,-16.7842937237,12.4449200932
0.0,-16.7850636006,12.4465420483
0.0,-16.7859672731,12.4475529781
0.0,-16.7863885645,12.4486348846
0.0,-16.7871570757,12.45005346
0.0,-16.7880001472,12.4522850552
0.0,-16.7885649914,12.4541795221
0.0,-16.7893451547,12.457292834
0.0,-16.7894415681,12.4612919791
0.0,-16.789426716,12.4616491618
0.0,-16.7893231363,12.4641400667
0.0,-16.7893289682,12.4649900311
0.0,-16.7893374926,12.4662322916
0.0,-16.7893384866,12.4663771313
0.0,-16.7892881128,12.4690891815
0.0,-16.7892382073,12.4718690211
0.0,-16.7894619198,12.4743080816
0.0,-16.7898194206,12.4761361177
0.0,-16.7904514764,12.477758952
0.0,-16.7912205825,12.479245288
0.0,-16.791709086,12.480055557
0.0,-16.7917174807,12.4812757711
0.0,-16.7915221782,12.4829718876
0.0,-16.7909791355,12.4842635576
0.0,-16.790780098,12.4854173568
0.0,-16.7896189451,12.4871198868
0.0,-16.7886652119,12.4888888302
0.0,-16.7879879027,12.4901494937
0.0,-16.7871665312,12.4916782789
0.0,-16.7862794314,12.4931078111
0.0,-16.7853321716,12.4958258056
0.0,-16.7843844303,12.4984760092
0.0,-16.7835690785,12.5003118192
0.0,-16.7829574418,12.5016717284
0.0,-16.7823504476,12.5037095361
0.0,-16.7809956596,12.5073793238
0.0,-16.7801835146,12.5096896591
0.0,-16.7792366161,12.5124754357
0.0,-16.7784980844,12.5154632129
0.0,-16.7783465376,12.5158621121
0.0,-16.7774136234,12.5183176898
0.0,-16.7766032803,12.5208991815
0.0,-16.7753445832,12.5237581956
0.0,-16.7749799366,12.5245865496
0.0,-16.7715771723,12.5446715553
0.0,-16.7704541571,12.5513199579
0.0,-16.7579800903,12.5537264851
0.0,-16.7579777929,12.5537269277
0.0,-16.7579764473,12.5537278242
0.0,-16.7551147025,12.5542798327
0.0,-16.7518398962,12.5549114786
0.0,-16.7472214343,12.5558022175
0.0,-16.744752427,12.556396486
0.0,-16.7447490169,12.5563973081
0.0,-16.7422137111,12.5570075036
0.0,-16.7422074788,12.5570090039
0.0,-16.7422066942,12.5570091925
0.0,-16.7422059078,12.557009382
0.0,-16.7421962617,12.5570117036
0.0,-16.74218459,12.5570145128
0.0,-16.7421653612,12.5570191402
0.0,-16.7421400333,12.5570252363
0.0,-16.7421055903,12.5570335257
0.0,-16.7420857,12.5570383128
0.0,-16.7420395356,12.5570494235
0.0,-16.7420275396,12.5570523109
0.0,-16.7419879786,12.5570618321
0.0,-16.7419664825,12.5570670057
0.0,-16.7419450149,12.5570721727
0.0,-16.7419241279,12.5570771995
0.0,-16.7418926356,12.5570847782
0.0,-16.7418767223,12.5570886085
0.0,-16.7418426578,12.5570968068
0.0,-16.7418202935,12.5571021894
0.0,-16.7417827619,12.5571112229
0.0,-16.7417439717,12.5571205583
0.0,-16.7416943898,12.5571324912
0.0,-16.7416401245,12.5571455518
0.0,-16.7415846419,12.5571589051
0.0,-16.7413325082,12.5572195865
0.0,-16.7400612292,12.5575255437
0.0,-16.7398037029,12.5575875215
0.0,-16.7383933251,12.5579269473
0.0,-16.7371329074,12.5582302756
0.0,-16.7367968857,12.5583111405
0.0,-16.7364444878,12.558412216
0.0,-16.7355167763,12.5586782995
0.0,-16.7344453858,12.5589855883
0.0,-16.7333515518,12.5592993095
0.0,-16.7282826802,12.56075304
0.0,-16.7263429275,12.5613093242
0.0,-16.7254649317,12.5615631081
0.0,-16.724438663,12.5619013814
0.0,-16.7238176659,12.5621060689
0.0,-16.7231697918,12.5623196129
0.0,-16.723046781,12.5623601583
0.0,-16.7229662662,12.5623866963
0.0,-16.7229660516,12.5623868116
0.0,-16.7229651543,12.5623870623
0.0,-16.7229525389,12.5623905882
0.0,-16.7148269125,12.5650686948
0.0,-16.711674973,12.5665275012
0.0,-16.7068655644,12.5687533336
0.0,-16.6981432722,12.5731364706
0.0,-16.6969236438,12.5737493274
0.0,-16.6969205565,12.5737508782
0.0,-16.6956912162,12.5704265143
0.0,-16.6943252182,12.5672691305
0.0,-16.6936329537,12.5656689834
0.0,-16.6929881658,12.564605276
0.0,-16.6922571873,12.5628494649
0.0,-16.6908348406,12.5599375746
0.0,-16.6894911518,12.558497475
0.0,-16.6881665429,12.55521885
0.0,-16.6865096291,12.5523038807
0.0,-16.6839394585,12.5471720501
0.0,-16.68223751,12.5442573233
0.0,-16.681362397,12.5428221388
0.0,-16.6805299494,12.5413693924
0.0,-16.680487564,12.5412954237
0.0,-16.6794791719,12.5391684135
0.0,-16.677885155,12.5348755766
0.0,-16.6778517933,12.5335413289
0.0,-16.6781329552,12.5318701572
0.0,-16.6781530432,12.5317507564
0.0,-16.6785006005,12.5300073521
0.0,-16.6785428282,12.5297555227
0.0,-16.6790011348,12.5270223209
0.0,-16.678486151,12.5245363204
0.0,-16.6763740245,12.514339695
0.0,-16.6767900361,12.5124195997
0.0,-16.6771760606,12.510637889
0.0,-16.6772738847,12.5106363726
0.0,-16.6765188976,12.5095203645
0.0,-16.6757772143,12.5087758329
0.0,-16.6749426403,12.507892894
0.0,-16.6740640392,12.5067797175
0.0,-16.6733734866,12.5056687582
0.0,-16.6723198679,12.5033577926
0.0,-16.6721955212,12.5030940706
0.0,-16.6718619573,12.5023866253
0.0,-16.6719156159,12.5017444845
0.0,-16.6720703521,12.5004576486
0.0,-16.6720779737,12.4996756807
0.0,-16.6721412486,12.4982041019
0.0,-16.672311547,12.4954923109
0.0,-16.6722793821,12.494066522
0.0,-16.6722875911,12.4933308779
0.0,-16.6722108724,12.49172098
0.0,-16.672214479,12.491720032
0.0,-16.6723700845,12.4904343206
0.0,-16.672383378,12.4891924299
0.0,-16.6723910027,12.4884104615
0.0,-16.6722162892,12.4872590025
0.0,-16.6719910312,12.4864287607
0.0,-16.6712672672,12.4840287259
0.0,-16.670449799,12.4816281376
0.0,-16.6698024923,12.4807010707
0.0,-16.6686541882,12.4786177761
0.0,-16.6683349454,12.4777869798
0.0,-16.6676888076,12.4768598982
0.0,-16.6669026572,12.4758850918
0.0,-16.6640759164,12.4729093041
0.0,-16.6637078494,12.4723070503
0.0,-16.6632471893,12.4714748566
0.0,-16.6608446753,12.4703687388
0.0,-16.6582244125,12.4698707194
0.0,-16.6571034827,12.4696290129
0.0,-16.6554250762,12.4689669878
0.0,-16.6549133055,12.4685011944
