94,13,22,0,16,
0.0,-15.8937940696,13.1651229584
0.0,-15.8939167172,13.1633232511
0.0,-15.8946124206,13.1618018375
0.0,-15.8946864372,13.1593151369
0.0,-15.8947968343,13.1566836433
0.0,-15.894870523,13.1541065269
0.0,-15.8952327132,13.1522155677
0.0,-15.8954000041,13.1500088308
0.0,-15.8956153914,13.1483444229
0.0,-15.8956919289,13.1465539161
0.0,-15.8960786834,13.1456881343
0.0,-15.8969813478,13.1445742434
0.0,-15.9046116533,13.1451455712
0.0,-15.9053617016,13.1443346706
0.0,-15.907802821,13.1416954484
0.0,-15.9088153736,13.1409040124
0.0,-15.9106939106,13.1394356775
0.0,-15.911453781,13.1388417262
0.0,-15.9164542552,13.1348919133
0.0,-15.9182988925,13.1334348023
0.0,-15.9208878634,13.1322294207
0.0,-15.9262053945,13.1263792224
0.0,-15.9276783388,13.1245506197
0.0,-15.9283515528,13.1241506066
0.0,-15.930067066,13.1216037374
0.0,-15.9324822297,13.1186836224
0.0,-15.9338165082,13.1155865775
0.0,-15.9345433251,13.1124013157
0.0,-15.9341957697,13.1107468416
0.0,-15.9331466593,13.1089604147
0.0,-15.9315532012,13.1046895203
0.0,-15.9304442948,13.1019358469
0.0,-15.9295334598,13.0998776538
0.0,-15.9272968944,13.0962600329
0.0,-15.923895882,13.0945000856
0.0,-15.9203563656,13.0929214163
0.0,-15.917490199,13.0935916617
0.0,-15.914633072,13.0942166361
0.0,-15.9120526126,13.0948315601
0.0,-15.9089977463,13.0946795933
0.0,-15.9066463371,13.0945612852
0.0,-15.9044755818,13.0937099499
0.0,-15.9017903103,13.0934119343
0.0,-15.9003763955,13.0926844995
0.0,-15.8998015297,13.0918637152
0.0,-15.899281158,13.0908076567
0.0,-15.8988411502,13.0890189433
0.0,-15.8984931898,13.0871756581
0.0,-15.8984900454,13.0863076705
0.0,-15.8977607855,13.0835977115
0.0,-15.8976862107,13.0808312238
0.0,-15.8985058072,13.0779248713
0.0,-15.8992779319,13.0746491042
0.0,-15.8996688559,13.0720065418
0.0,-15.8997458217,13.0718772258
0.0,-15.9009810499,13.0698018189
0.0,-15.9022362629,13.0678898981
0.0,-15.903197473,13.0664257749
0.0,-15.9046212922,13.0642569667
0.0,-15.9093294872,13.0588578346
0.0,-15.9119111737,13.0558584035
0.0,-15.9126031896,13.0548327685
0.0,-15.9152481717,13.0509125594
0.0,-15.920110049,13.0459612632
0.0,-15.920570992,13.0450950104
0.0,-15.9208103424,13.0446451962
0.0,-15.9216245359,13.0431150568
0.0,-15.9238931534,13.0380234018
0.0,-15.924026058,13.0370516526
0.0,-15.9245491252,13.0332271297
0.0,-15.9253192257,13.0303536573
0.0,-15.9257869325,13.0248976128
0.0,-15.9270367702,13.0198215351
0.0,-15.9273206449,13.0174282507
0.0,-15.92954986,13.0133055681
0.0,-15.9300317336,13.0116770984
0.0,-15.930617713,13.0108847555
0.0,-15.9308050335,13.010631466
0.0,-15.9318765919,13.0091825206
0.0,-15.9322597862,13.0072673293
0.0,-15.9327341241,13.003629376
0.0,-15.9343862416,13.0018053121
0.0,-15.9344784527,13.0003696192
0.0,-15.9350328141,12.9998676265
0.0,-15.9368086207,12.9982595542
0.0,-15.9368125298,12.9982560148
0.0,-15.9384450793,12.9959369016
0.0,-15.9410183878,12.9922812944
0.0,-15.9433396956,12.986818513
0.0,-15.9458669155,12.984225685
0.0,-15.9514123415,12.9798993812
0.0,-15.953302877,12.9791703922
0.0,-15.9538048827,12.9789768157
0.0,-15.9549198819,12.9785468619
0.0,-15.9573555489,12.9775810049
0.0,-15.9577270725,12.9778219357
0.0,-15.9589589887,12.9786208153
0.0,-15.9600575339,12.9784984041
0.0,-15.9608094856,12.978417644
0.0,-15.9613314245,12.9780111049
0.0,-15.9616854414,12.976268162
0.0,-15.9621700362,12.975217547
0.0,-15.962180062,12.9745280895
0.0,-15.9619083013,12.9738340228
0.0,-15.9625230704,12.9735209451
0.0,-15.9634182476,12.973304025
0.0,-15.9639798201,12.9716722009
0.0,-15.9646419745,12.9698263958
0.0,-15.9654645044,12.9681823
0.0,-15.966233211,12.9665193214
0.0,-15.9662882216,12.9664003136
0.0,-15.9663001915,12.9662941916
0.0,-15.9667369338,12.9648262392
0.0,-15.9670198833,12.9622989667
0.0,-15.9667737599,12.9591995178
0.0,-15.9672093594,12.9569767048
0.0,-15.9694454578,12.9531352471
0.0,-15.9712906242,12.9509275025
0.0,-15.9748978103,12.9502442039
0.0,-15.980163886,12.9496503133
0.0,-15.9822070477,12.9482072736
0.0,-15.985699296,12.9431225297
0.0,-15.9876335164,12.9388091695
0.0,-15.9876222206,12.9359385168
0.0,-15.9869156349,12.9299127256
0.0,-15.9869977724,12.9259891277
0.0,-15.9906026588,12.9248271968
0.0,-15.9922557385,12.9234812633
0.0,-15.9945795335,12.919070693
0.0,-15.9958374339,12.9164822764
0.0,-15.9949105965,12.9157747508
0.0,-15.9942164144,12.9152448237
0.0,-15.994048834,12.915116895
0.0,-15.9937666769,12.9151179683
0.0,-15.9902444849,12.9151313399
0.0,-15.9871734281,12.9155735653
0.0,-15.9868538368,12.9152258849
0.0,-15.986417063,12.9147507219
0.0,-15.9847493353,12.9129363888
0.0,-15.9846752809,12.9128558236
0.0,-15.9846251256,12.9127368618
0.0,-15.9833460535,12.9097030532
0.0,-15.9826311108,12.9064761976
0.0,-15.9813787441,12.9042561029
0.0,-15.9804218236,12.9027525696
0.0,-15.980271316,12.9016766183
0.0,-15.981765847,12.9004101768
0.0,-15.981802573,12.9003790561
0.0,-15.9826326888,12.8998526314
0.0,-15.984648658,12.8985741669
0.0,-15.9848441927,12.8974355295
0.0,-15.9849188361,12.8970008613
0.0,-15.985006296,12.8964915591
0.0,-15.9846335043,12.8946987703
0.0,-15.9836059739,12.893841422
0.0,-15.9818497041,12.8937044809
0.0,-15.9785602565,12.8943627121
0.0,-15.9758526924,12.8941575185
0.0,-15.9740933676,12.8932310905
0.0,-15.9729170724,12.8917283399
0.0,-15.9728317252,12.8885708681
0.0,-15.97250131,12.8874523813
0.0,-15.9721779363,12.8863577213
0.0,-15.9723284281,12.8862369796
0.0,-15.9732733176,12.8855422108
0.0,-15.9734730253,12.8853541579
0.0,-15.9754979474,12.8837067007
0.0,-15.9757300913,12.8834538047
0.0,-15.9775139238,12.8812388185
0.0,-15.9782345554,12.8802199966
0.0,-15.9784697186,12.8791511629
0.0,-15.9785687869,12.878700889
0.0,-15.9790456288,12.8766771787
0.0,-15.9777390294,12.8710401234
0.0,-15.9776133903,12.8704980645
0.0,-15.9772317482,12.8686310758
0.0,-15.9754685917,12.8659149685
0.0,-15.9741325683,12.8608961706
0.0,-15.9734806408,12.8590011576
0.0,-15.9731526608,12.8582225689
0.0,-15.9731765022,12.8581170786
0.0,-15.9731708965,12.8581007837
0.0,-15.9741040633,12.8535041633
0.0,-15.9755247586,12.8501544945
0.0,-15.9772041218,12.8456125067
0.0,-15.9794756588,12.8429055659
0.0,-15.9806999556,12.8417527097
0.0,-15.9862936675,12.836480077
0.0,-15.9903029934,12.8330775542
0.0,-15.9905659848,12.8329109924
0.0,-15.9914173763,12.8321550818
0.0,-15.9927800517,12.8315087249
0.0,-15.9936246662,12.8311080941
0.0,-16.0006420022,12.8444121542
0.0,-16.0007173011,12.8459760593
0.0,-16.0051598314,12.8513150864
0.0,-16.0095194497,12.85178321
0.0,-16.0133318799,12.858767798
0.0,-16.0237369169,12.8679474766
0.0,-16.035624187,12.8747564847
0.0,-16.0402279327,12.874401457
0.0,-16.0437040045,12.8701720628
0.0,-16.0468814062,12.8687342048
0.0,-16.0512458019,12.8667591148
0.0,-16.0569000372,12.8642001617
0.0,-16.0678139717,12.859260336
0.0,-16.0733393624,12.856249614
0.0,-16.0772871234,12.8557938004
0.0,-16.0815873179,12.853182373
0.0,-16.08694935,12.8520989947
0.0,-16.1051367014,12.8517698959
0.0,-16.1198513372,12.8515026916
0.0,-16.1233218827,12.8514395492
0.0,-16.1234393846,12.8541116348
0.0,-16.1234768099,12.8560905939
0.0,-16.1235104228,12.8578679123
0.0,-16.123617007,12.8593551319
0.0,-16.1237871065,12.8617285586
0.0,-16.1238873596,12.8631273766
0.0,-16.1240819268,12.8658420688
0.0,-16.1241432196,12.8666972286
0.0,-16.124217029,12.867727012
0.0,-16.1242504907,12.8681938734
0.0,-16.1242600836,12.8683277075
0.0,-16.124635513,12.8750845231
0.0,-16.1246805361,12.8758947825
0.0,-16.1248024462,12.8758942592
0.0,-16.1248344604,12.8762052248
0.0,-16.1251099116,12.87888073
0.0,-16.135954457,12.8843657842
0.0,-16.1553244686,12.8915269014
0.0,-16.1569348779,12.8922036285
0.0,-16.1581980426,12.8927344277
0.0,-16.1602179119,12.893583185
0.0,-16.1620188318,12.8943399211
0.0,-16.1637977599,12.8950873985
0.0,-16.1658461802,12.8959480918
0.0,-16.1683851952,12.8970148877
0.0,-16.1703190297,12.8978273878
0.0,-16.1728042654,12.8988715278
0.0,-16.1749366583,12.8997673999
0.0,-16.1765107341,12.9004286923
0.0,-16.1773280763,12.9007720647
0.0,-16.1787344022,12.901362866
0.0,-16.1788909891,12.9014286482
0.0,-16.1790760935,12.9015064094
0.0,-16.1792549207,12.9015793998
0.0,-16.1797978266,12.9018096056
0.0,-16.1798555531,12.9018701453
0.0,-16.1800588,12.902083296
0.0,-16.1802240101,12.9022565553
0.0,-16.1802341563,12.9022671961
0.0,-16.1805808197,12.9026307504
0.0,-16.1806595773,12.9027133437
0.0,-16.1809807376,12.9030501498
0.0,-16.1813260898,12.9034123247
0.0,-16.1815181231,12.9036137116
0.0,-16.1825065328,12.9046502553
0.0,-16.1826063061,12.9047548871
0.0,-16.1826447246,12.9047951765
0.0,-16.1831593887,12.9053348982
0.0,-16.183522647,12.9057158409
0.0,-16.1837049193,12.9057503518
0.0,-16.1842047115,12.9058449823
0.0,-16.1856218023,12.9061132873
0.0,-16.18711148,12.9063953262
0.0,-16.1884377401,12.9066464177
0.0,-16.1893258041,12.9068145448
0.0,-16.1899170238,12.9069264721
0.0,-16.1906008,12.9070559194
0.0,-16.1912173717,12.907172642
0.0,-16.1916604913,12.9072565285
0.0,-16.1918724964,12.9072966625
0.0,-16.1919862979,12.9073182055
0.0,-16.1920444887,12.9073292216
0.0,-16.1920978532,12.9073393239
0.0,-16.1921293405,12.9073452839
0.0,-16.1921415254,12.9073475907
0.0,-16.192159209,12.9073509384
0.0,-16.1921699529,12.9073529725
0.0,-16.1921819966,12.9073552519
0.0,-16.1922084943,12.9073602682
0.0,-16.1922345032,12.9073651918
0.0,-16.1922598553,12.9073699909
0.0,-16.1922854176,12.9073748306
0.0,-16.1923065956,12.9073788395
0.0,-16.1923306885,12.9073834002
0.0,-16.1923523968,12.9073875098
0.0,-16.1923763486,12.907392044
0.0,-16.1923891164,12.9073944612
0.0,-16.1924015364,12.9073968122
0.0,-16.1924067114,12.9073977921
0.0,-16.1952259087,12.9061350521
0.0,-16.1973706659,12.9051743714
0.0,-16.2004396366,12.9029877901
0.0,-16.2116936283,12.8953194922
0.0,-16.2247359519,12.8938885887
0.0,-16.225932786,12.8942266452
0.0,-16.2301594201,12.8954204451
0.0,-16.2343855527,12.8991445992
0.0,-16.2362786698,12.9068343015
0.0,-16.238375758,12.9153518357
0.0,-16.2406902798,12.9180418105
0.0,-16.2529314669,12.9258658437
0.0,-16.2587593297,12.9295897388
0.0,-16.2619333274,12.9310039857
0.0,-16.2705101433,12.9316528612
0.0,-16.2739671428,12.933024892
0.0,-16.2755779082,12.919315785
0.0,-16.2744311509,12.912920533
0.0,-16.2771856533,12.909967714
0.0,-16.2890161298,12.904869445
0.0,-16.2898926437,12.9041991353
0.0,-16.2935122581,12.9014309888
0.0,-16.2974575376,12.8967464532
0.0,-16.2986673416,12.8935004957
0.0,-16.2992938829,12.8879509255
0.0,-16.2977541892,12.8790263563
0.0,-16.2975654547,12.8668551161
0.0,-16.2957698433,12.8638963821
0.0,-16.290234485,12.859882466
0.0,-16.2897400924,12.8589237503
0.0,-16.2883528533,12.8562336038
0.0,-16.2924552698,12.8501719604
0.0,-16.2950903587,12.8494221545
0.0,-16.2973352188,12.8459111822
0.0,-16.2985518249,12.8461549185
0.0,-16.2998595004,12.8465824028
0.0,-16.3017259253,12.8474320237
0.0,-16.3032206207,12.8479986936
0.0,-16.3039199887,12.8483297271
0.0,-16.3060188332,12.8494086981
0.0,-16.3069930652,12.8503847642
0.0,-16.3085239411,12.8518722402
0.0,-16.3095927347,12.8527562864
0.0,-16.3102432543,12.8532694882
0.0,-16.3110802663,12.8538755535
0.0,-16.3129467647,12.8547228253
0.0,-16.3136365838,12.8559251713
0.0,-16.3146125496,12.8566706582
0.0,-16.3157283237,12.8575555699
0.0,-16.3167032987,12.8584400527
0.0,-16.3180985006,12.8595111435
0.0,-16.3212791784,12.8602364748
0.0,-16.324878863,12.8612421691
0.0,-16.3264197579,12.8618095906
0.0,-16.3276343091,12.8621921919
0.0,-16.3281934934,12.862519343
0.0,-16.3301489649,12.8637818977
0.0,-16.3312639564,12.8646667388
0.0,-16.332987489,12.8657880573
0.0,-16.3345722181,12.8666320715
0.0,-16.3360658621,12.8672934675
0.0,-16.3385413399,12.8681012728
0.0,-16.3399035649,12.867979047
0.0,-16.3410198477,12.8687722992
0.0,-16.3424597563,12.8699368117
0.0,-16.3457381509,12.8704319225
0.0,-16.3478383767,12.8713285755
0.0,-16.3505128885,12.8712198831
0.0,-16.3511369919,12.8698956198
0.0,-16.3524470034,12.8701860714
0.0,-16.3533338598,12.8706086587
0.0,-16.3541240884,12.8712148124
0.0,-16.3551409048,12.872511391
0.0,-16.3555424225,12.8743535785
0.0,-16.3557656442,12.8752745555
0.0,-16.35560943,12.8766947235
0.0,-16.355685173,12.8783035417
0.0,-16.3569877441,12.8792358799
0.0,-16.3590981821,12.8791221033
0.0,-16.3592768653,12.8799506414
0.0,-16.3596840507,12.8812865208
0.0,-16.3596604256,12.8832597303
0.0,-16.3596018661,12.884361844
0.0,-16.3599523909,12.8866156253
0.0,-16.3610694236,12.8873613107
0.0,-16.361910935,12.8882248205
0.0,-16.3607847121,12.8919632657
0.0,-16.3591777377,12.8969819742
0.0,-16.3583921934,12.8994352252
0.0,-16.3581412871,12.9007564386
0.0,-16.3586055664,12.901404942
0.0,-16.3595857131,12.9020146011
0.0,-16.36287054,12.9027659433
0.0,-16.363989422,12.9034652659
0.0,-16.3645931778,12.9043390405
0.0,-16.3654251246,12.9065044067
0.0,-16.3663557818,12.9149614044
0.0,-16.3661012467,12.9173042109
0.0,-16.3653442333,12.9187636805
0.0,-16.3639231194,12.9201271725
0.0,-16.3616085216,12.9215857226
0.0,-16.3603343395,12.9228580273
0.0,-16.3597145905,12.9241450008
0.0,-16.3590093465,12.9249623142
0.0,-16.3583459754,12.9250019281
0.0,-16.3571771773,12.9253153822
0.0,-16.3564166728,12.9261420174
0.0,-16.3549904459,12.928282976
0.0,-16.353901304,12.9296989421
0.0,-16.3522962723,12.9311627807
0.0,-16.350360351,12.9328000928
0.0,-16.3498393837,12.9336164323
0.0,-16.3497347151,12.9347199135
0.0,-16.3501013588,12.9360560087
0.0,-16.350979889,12.9383115816
0.0,-16.3509763666,12.9393693363
0.0,-16.3505283261,12.9417493036
0.0,-16.348904567,12.9466034082
0.0,-16.346699205,12.9530154769
0.0,-16.3470140155,12.9549937161
0.0,-16.3479417314,12.9561008972
0.0,-16.3492092834,12.9569803022
0.0,-16.3499060931,12.9579982657
0.0,-16.3505953968,12.9593326822
0.0,-16.351102308,12.961029661
0.0,-16.3517996257,12.9621380195
0.0,-16.3532974673,12.9629800426
0.0,-16.3552569345,12.9639552604
0.0,-16.3560935234,12.9652436885
0.0,-16.3566421155,12.9678184873
0.0,-16.3562888326,12.9706680684
0.0,-16.355149665,12.9730878022
0.0,-16.3541107228,12.9735904359
0.0,-16.3526083334,12.9736253721
0.0,-16.3503111438,12.9732847263
0.0,-16.3485700594,12.9735016869
0.0,-16.3469714749,12.9745044197
0.0,-16.3445050858,12.977147957
0.0,-16.3436558548,12.9786530651
0.0,-16.3434594629,12.9798474231
0.0,-16.3428833223,12.9807092445
0.0,-16.3421767141,12.9813095644
0.0,-16.3411379019,12.9818483128
0.0,-16.3403861148,12.9826206308
0.0,-16.339387411,12.9837648792
0.0,-16.3384973357,12.9845379051
0.0,-16.3367022947,12.985026287
0.0,-16.3351955302,12.985983283
0.0,-16.3343744563,12.9868182583
0.0,-16.3334442406,12.9877642122
0.0,-16.333255279,12.9886330704
0.0,-16.333390224,12.9897353201
0.0,-16.3341341372,12.9909338894
0.0,-16.3349231858,12.991951414
0.0,-16.3350112745,12.9929092545
0.0,-16.3345360499,12.993689179
0.0,-16.3334054634,12.9943187787
0.0,-16.3321737524,12.9950031356
0.0,-16.3316138109,12.9954580319
0.0,-16.3311761685,12.9963733665
0.0,-16.3307965352,12.997794672
0.0,-16.3305078366,12.9989804581
0.0,-16.3298409127,13.0001229786
0.0,-16.3210589213,13.0094343537
0.0,-16.3197136544,13.011330671
0.0,-16.3171453102,13.0138298709
0.0,-16.316608644,13.0169606241
0.0,-16.3165434225,13.0203240377
0.0,-16.3163740624,13.0231726686
0.0,-16.3180684689,13.029745569
0.0,-16.3183650127,13.0317691394
0.0,-16.3222717024,13.0392698103
0.0,-16.3232827647,13.0412106153
0.0,-16.3263563891,13.0433555678
0.0,-16.330327045,13.0461377443
0.0,-16.3346708464,13.047986759
0.0,-16.3372136301,13.0494472276
0.0,-16.3388652014,13.0498454757
0.0,-16.3401866957,13.0501641236
0.0,-16.3438060547,13.0508685877
0.0,-16.3474387147,13.0523232848
0.0,-16.3505525241,13.0536359895
0.0,-16.354661242,13.0561367771
0.0,-16.3574878697,13.0570350363
0.0,-16.3607855336,13.0580663902
0.0,-16.3638476826,13.0581858651
0.0,-16.3664270542,13.0577111916
0.0,-16.3685396739,13.057880828
0.0,-16.3719928031,13.0603395831
0.0,-16.3745958238,13.0618468821
0.0,-16.3816854848,13.0852399604
0.0,-16.381750452,13.08567529
0.0,-16.3875105264,13.1242640618
0.0,-16.3878151302,13.1274355418
0.0,-16.38840898,13.1313467581
0.0,-16.3893286613,13.1341442628
0.0,-16.3904758606,13.1363890784
0.0,-16.3913948254,13.1390509714
0.0,-16.3929707632,13.1420709081
0.0,-16.3942644681,13.1457432563
0.0,-16.3955034084,13.1480327414
0.0,-16.3987309872,13.1509532522
0.0,-16.4012884254,13.1529643142
0.0,-16.4034573932,13.1547876261
0.0,-16.4063503445,13.1573844055
0.0,-16.4079184925,13.1589849583
0.0,-16.4098113358,13.1609001214
0.0,-16.411336562,13.1630523321
0.0,-16.4135312408,13.1645047557
0.0,-16.3918792675,13.1650389322
0.0,-16.3702293172,13.1655712784
0.0,-16.3542826627,13.1652536244
0.0,-16.3362565549,13.1650023117
0.0,-16.318231511,13.1647497231
0.0,-16.3027312804,13.164711335
0.0,-16.2832176968,13.1644254087
0.0,-16.2628461309,13.164326419
0.0,-16.2545002464,13.1642849344
0.0,-16.2424744244,13.1642246804
0.0,-16.2327915706,13.163213603
0.0,-16.2160024788,13.162890729
0.0,-16.2154639868,13.1628803554
0.0,-16.1925919013,13.1627796894
0.0,-16.1726678902,13.1633012372
0.0,-16.169015268,13.1633966835
0.0,-16.1454394761,13.1640103864
0.0,-16.1244424864,13.1635110327
0.0,-16.1056536356,13.1645509992
0.0,-16.0912879025,13.1646757629
0.0,-16.0897515663,13.1646359541
0.0,-16.0599143344,13.1638556397
0.0,-16.0585977184,13.1638215172
0.0,-16.0390627928,13.1636086203
0.0,-16.0241248248,13.1636776895
0.0,-15.9995125161,13.1645703376
0.0,-15.975130233,13.1669922834
0.0,-15.9510168495,13.169474237
0.0,-15.9275796797,13.1691531575
0.0,-15.910792412,13.1683769432
0.0,-15.8940060402,13.1675996206
0.0,-15.8937940696,13.1651229584
