82,2,25,3,19,
0.0,-15.0048684508,13.0608598083
0.0,-15.0009667688,13.0599555849
0.0,-14.9993249325,13.0603805915
0.0,-14.9977476662,13.0598380221
0.0,-14.9968467245,13.0601179703
0.0,-14.9960154919,13.0603762556
0.0,-14.9956815264,13.0604800258
0.0,-14.9951997373,13.0604242728
0.0,-14.9947427134,13.0603713842
0.0,-14.9928442257,13.0601516757
0.0,-14.991695702,13.0600187521
0.0,-14.9879314995,13.0606154203
0.0,-14.9860968615,13.0599642557
0.0,-14.9838923393,13.0605157309
0.0,-14.9825272308,13.0602895754
0.0,-14.9806543732,13.060467628
0.0,-14.9806538862,13.0604676741
0.0,-14.9806521009,13.0604624617
0.0,-14.9785270464,13.0542574112
0.0,-14.9781436385,13.053137843
0.0,-14.9654539929,13.050026149
0.0,-14.9605734443,13.0488291782
0.0,-14.957401472,13.0459576179
0.0,-14.954827395,13.0424231516
0.0,-14.9537419128,13.0409326386
0.0,-14.9510584526,13.0366255577
0.0,-14.9486181659,13.0368643402
0.0,-14.9466661282,13.0361461805
0.0,-14.9444702401,13.0347101897
0.0,-14.9417874534,13.0284889702
0.0,-14.9380170207,13.0232736681
0.0,-14.9360854842,13.020601842
0.0,-14.9355236726,13.0176989968
0.0,-14.9349209643,13.0124780501
0.0,-14.9346817401,13.0098222528
0.0,-14.9344896445,13.0076896152
0.0,-14.9341033315,13.0034006788
0.0,-14.9340520461,13.0028312907
0.0,-14.934063431,13.0020880081
0.0,-14.9340895795,13.0003807257
0.0,-14.9336063852,12.9993400235
0.0,-14.9334501802,12.9990023594
0.0,-14.9339027553,12.9962806183
0.0,-14.9328810086,12.9923677616
0.0,-14.9323566205,12.9908153492
0.0,-14.9301899703,12.9896030522
0.0,-14.9296438937,12.9890983999
0.0,-14.9286044754,12.9881339502
0.0,-14.9286601339,12.9865190697
0.0,-14.9285812886,12.9860625109
0.0,-14.9284891321,12.985506238
0.0,-14.9284692043,12.9847203641
0.0,-14.9284552235,12.9841690363
0.0,-14.9285275434,12.9827533322
0.0,-14.9285804065,12.981718493
0.0,-14.9287764178,12.9805978829
0.0,-14.9291559152,12.9784282291
0.0,-14.9291436078,12.9779511161
0.0,-14.9291356793,12.9776437671
0.0,-14.9296986799,12.9757381651
0.0,-14.9297095922,12.9752669579
0.0,-14.929723857,12.9747728607
0.0,-14.9314771542,12.9697455703
0.0,-14.9313210514,12.9673944187
0.0,-14.9312769383,12.9670084433
0.0,-14.9311381148,12.9657813727
0.0,-14.9312675554,12.9643114885
0.0,-14.9313215445,12.9637001198
0.0,-14.9313217253,12.9636997789
0.0,-14.9329835709,12.9605675861
0.0,-14.9335032471,12.9588021244
0.0,-14.9336541946,12.9576093694
0.0,-14.9337395496,12.9569506835
0.0,-14.9342842207,12.9543103407
0.0,-14.934665438,12.9531679157
0.0,-14.9347101846,12.9530229808
0.0,-14.9347633296,12.9528636221
0.0,-14.9357844709,12.9504381593
0.0,-14.9359643878,12.9498166332
0.0,-14.9363917746,12.9483508741
0.0,-14.9366133277,12.9473915061
0.0,-14.9368567187,12.9463510993
0.0,-14.9374270113,12.9447212811
0.0,-14.9375313566,12.9444047357
0.0,-14.937994438,12.9429999029
0.0,-14.9384713262,12.9407922116
0.0,-14.9386258217,12.9400769825
0.0,-14.9387002522,12.9380394241
0.0,-14.9387078427,12.9378157642
0.0,-14.9387078742,12.9378148419
0.0,-14.9379275934,12.9367700374
0.0,-14.9379266246,12.9367695145
0.0,-14.9372578811,12.9364083786
0.0,-14.9362114249,12.9358432637
0.0,-14.9357721968,12.9355163959
0.0,-14.9352079325,12.9350939687
0.0,-14.9348191679,12.9348071587
0.0,-14.9345309745,12.9345926864
0.0,-14.9343798494,12.9344517261
0.0,-14.9337115359,12.9338283665
0.0,-14.9325204822,12.9318797892
0.0,-14.9322398691,12.9314206952
0.0,-14.9322390738,12.9314193947
0.0,-14.9321595523,12.9310093229
0.0,-14.9318579517,12.9294432816
0.0,-14.9308537505,12.9270218184
0.0,-14.9303637694,12.9229049243
0.0,-14.9273284175,12.9179701847
0.0,-14.9267972089,12.9175421326
0.0,-14.9255500351,12.9165348988
0.0,-14.9222684752,12.9139209025
0.0,-14.9219484874,12.9127466108
0.0,-14.9214920351,12.911071498
0.0,-14.9213166832,12.9104279753
0.0,-14.9210825073,12.909568571
0.0,-14.9209096205,12.9089340897
0.0,-14.9200990653,12.9059593632
0.0,-14.9197709104,12.9047549949
0.0,-14.9189194243,12.9049403009
0.0,-14.9185803425,12.9050307462
0.0,-14.9159438147,12.903031269
0.0,-14.915471641,12.9018952095
0.0,-14.9139755946,12.8982979827
0.0,-14.9157806056,12.8979191557
0.0,-14.9160391673,12.8967074259
0.0,-14.9162327686,12.8964453278
0.0,-14.9163375035,12.8962180132
0.0,-14.9164910517,12.895884758
0.0,-14.9165886597,12.8957137061
0.0,-14.9166124209,12.8957144425
0.0,-14.9171547793,12.8957312417
0.0,-14.9176712649,12.8948361694
0.0,-14.9177482867,12.8948513059
0.0,-14.9179477773,12.8948929735
0.0,-14.9182542191,12.8937306379
0.0,-14.9190593007,12.8921522678
0.0,-14.9197307478,12.8922442434
0.0,-14.9198630376,12.8920251149
0.0,-14.9199981991,12.8918012289
0.0,-14.9200904444,12.8917044423
0.0,-14.920473372,12.8913026642
0.0,-14.9205232814,12.8912502981
0.0,-14.9202196331,12.8911321305
0.0,-14.9198838059,12.8909059583
0.0,-14.9194174367,12.8906394762
0.0,-14.9195272615,12.8903954679
0.0,-14.9200907797,12.8899147325
0.0,-14.9202139501,12.8893749375
0.0,-14.9202299841,12.8893046682
0.0,-14.9202461443,12.8890889213
0.0,-14.9202520269,12.8890103883
0.0,-14.9203256094,12.8887443385
0.0,-14.9200757431,12.8888107856
0.0,-14.9200712146,12.8888134581
0.0,-14.9195547311,12.8891181983
0.0,-14.9191564064,12.888693043
0.0,-14.9191465379,12.8886824535
0.0,-14.9191277103,12.8886622525
0.0,-14.9187554245,12.8882572184
0.0,-14.9184256387,12.8879464338
0.0,-14.9184225549,12.8879312808
0.0,-14.9183919114,12.8877807188
0.0,-14.9183643118,12.88761794
0.0,-14.9183357256,12.8874533669
0.0,-14.9182999099,12.8872471657
0.0,-14.9183173132,12.8870571858
0.0,-14.9183554107,12.8866413163
0.0,-14.918360749,12.885953944
0.0,-14.9183696724,12.8849831601
0.0,-14.9188114676,12.8836100813
0.0,-14.9184907357,12.8830047776
0.0,-14.9189741979,12.8823597074
0.0,-14.9191013067,12.8821951254
0.0,-14.9192149296,12.8820480071
0.0,-14.9194858492,12.8817094335
0.0,-14.919462521,12.8816123918
0.0,-14.9199674941,12.8811196755
0.0,-14.9202804574,12.8808114118
0.0,-14.9214003483,12.8797560856
0.0,-14.9220685568,12.8785115131
0.0,-14.9229435855,12.8773462118
0.0,-14.923001923,12.8771772318
0.0,-14.9232340591,12.8765048271
0.0,-14.9246515922,12.8742740235
0.0,-14.9310349226,12.8642278459
0.0,-14.9319927558,12.8641569346
0.0,-14.9338531615,12.8640191938
0.0,-14.9368429958,12.8637978042
0.0,-14.938423288,12.8636807735
0.0,-14.9422738789,12.8633965377
0.0,-14.9439642562,12.8634113076
0.0,-14.9459401821,12.8634263354
0.0,-14.9501053834,12.8668784765
0.0,-14.9540976822,12.8701855329
0.0,-14.9540977181,12.8701855627
0.0,-14.95418994,12.8701836229
0.0,-14.9561948327,12.8701407672
0.0,-14.9618908346,12.8700241005
0.0,-14.96335292,12.8701022498
0.0,-14.9658451493,12.8682596923
0.0,-14.9777979215,12.859422042
0.0,-14.9742912211,12.8545214485
0.0,-14.9742927077,12.8545214983
0.0,-14.9777180143,12.8546356931
0.0,-14.9872536798,12.8541016728
0.0,-14.9924321735,12.8527657968
0.0,-14.997606706,12.8495579547
0.0,-15.0025107483,12.844478148
0.0,-15.0052351508,12.8426073734
0.0,-15.0068697453,12.8404687074
0.0,-15.00828527,12.8388016638
0.0,-15.0294647073,12.8417162197
0.0,-15.0300195679,12.8235203172
0.0,-15.0341108422,12.8233575457
0.0,-15.0376521505,12.8241596145
0.0,-15.0411937692,12.8249605051
0.0,-15.0450074543,12.8236238012
0.0,-15.0468489394,12.8233839738
0.0,-15.0476762217,12.8232741139
0.0,-15.0490890297,12.8230864937
0.0,-15.0505286741,12.8223467704
0.0,-15.0510605296,12.8220727177
0.0,-15.0542688131,12.8204141075
0.0,-15.0586267605,12.817205226
0.0,-15.0627116995,12.8131949154
0.0,-15.0627944564,12.813066245
0.0,-15.0632577255,12.8123459477
0.0,-15.0659793013,12.8081143002
0.0,-15.0673408977,12.8070443571
0.0,-15.0703351215,12.8041042593
0.0,-15.0703358791,12.8041047167
0.0,-15.0714609838,12.8047839964
0.0,-15.0809175426,12.8104926783
0.0,-15.0952637383,12.7898647884
0.0,-15.0988806181,12.7803261057
0.0,-15.1002156511,12.7768050723
0.0,-15.1015520109,12.7771278437
0.0,-15.1022447066,12.7773119783
0.0,-15.1029065276,12.7774879031
0.0,-15.1042766097,12.77788186
0.0,-15.1056605289,12.7783063238
0.0,-15.1065089569,12.7785793962
0.0,-15.1068924804,12.7787028353
0.0,-15.1070565557,12.7787556433
0.0,-15.1079340825,12.7790495711
0.0,-15.1084620975,12.7792264282
0.0,-15.1098757141,12.7797130272
0.0,-15.111294812,12.7802131806
0.0,-15.1119917931,12.7804614484
0.0,-15.1127179493,12.7807201066
0.0,-15.1141425335,12.7812315457
0.0,-15.1155671237,12.7817418467
0.0,-15.1169891258,12.7822476197
0.0,-15.1184070977,12.7827432136
0.0,-15.1192193837,12.7830212888
0.0,-15.1198184465,12.7832263688
0.0,-15.1212214421,12.7836903042
0.0,-15.1226140669,12.7841327602
0.0,-15.123994303,12.784548086
0.0,-15.1253601311,12.7849328918
0.0,-15.1267095344,12.7852826574
0.0,-15.1286786923,12.7853178756
0.0,-15.1300604709,12.7853420658
0.0,-15.1314422505,12.7853662487
0.0,-15.1329915131,12.7857667484
0.0,-15.1317511051,12.7862997682
0.0,-15.1303397605,12.7870238967
0.0,-15.1293957684,12.7878449995
0.0,-15.1288889538,12.788534994
0.0,-15.1285901171,12.7889418381
0.0,-15.1280626361,12.7893706595
0.0,-15.12769415,12.7896702222
0.0,-15.1270319594,12.7903555373
0.0,-15.1269851444,12.7904603275
0.0,-15.1269757169,12.7904698613
0.0,-15.1256704145,12.793265031
0.0,-15.1260222567,12.7948535424
0.0,-15.1261016287,12.7975906267
0.0,-15.1258706938,12.8009519934
0.0,-15.1254812361,12.8021963248
0.0,-15.1242168989,12.8040180611
0.0,-15.1229233907,12.8051357416
0.0,-15.1194340966,12.8077755932
0.0,-15.118265895,12.8091231324
0.0,-15.1173907595,12.8098563351
0.0,-15.1161712522,12.8121526743
0.0,-15.1161492131,12.8121941734
0.0,-15.1150522475,12.8142597262
0.0,-15.114662935,12.8159825584
0.0,-15.1136901454,12.8214380759
0.0,-15.1142810013,12.8340706641
0.0,-15.1149057093,12.8647683336
0.0,-15.1149512366,12.867005167
0.0,-15.1155643886,12.8746611398
0.0,-15.1155676227,12.8817192342
0.0,-15.1127666752,12.8897355755
0.0,-15.1120373217,12.8948799204
0.0,-15.1116205865,12.8975450029
0.0,-15.1116708655,12.8977209791
0.0,-15.114445207,12.9007836988
0.0,-15.1247949724,12.9122083375
0.0,-15.125615304,12.9131150996
0.0,-15.1303904621,12.9183818073
0.0,-15.1303113817,12.9184441378
0.0,-15.1303124332,12.9184452956
0.0,-15.1303904631,12.9183837931
0.0,-15.1379217453,12.9266950065
0.0,-15.1444364084,12.9338824692
0.0,-15.1492067575,12.9391483187
0.0,-15.1510488814,12.9411809848
0.0,-15.1524913243,12.9424359544
0.0,-15.1548288574,12.9430992176
0.0,-15.1558965841,12.944490031
0.0,-15.1568665659,12.9462007848
0.0,-15.1572341991,12.9471251818
0.0,-15.157878427,12.9485128503
0.0,-15.1582871558,12.9501719417
0.0,-15.1583801791,12.9508422383
0.0,-15.1587169104,12.9532685973
0.0,-15.158684402,12.9540125642
0.0,-15.1586253622,12.9553637322
0.0,-15.1587765232,12.9558919527
0.0,-15.159354351,12.9569940218
0.0,-15.1608211744,12.9610126064
0.0,-15.1623416466,12.9641551353
0.0,-15.1635383805,12.9654842912
0.0,-15.1656402976,12.967818745
0.0,-15.166057661,12.9684672932
0.0,-15.1668303632,12.9713740281
0.0,-15.1668423157,12.9754726245
0.0,-15.1650221285,12.9798764491
0.0,-15.1641152345,12.9819410183
0.0,-15.1627372198,12.984047702
0.0,-15.1613549291,12.9867071156
0.0,-15.1589286084,12.9907371299
0.0,-15.1559354987,12.995409493
0.0,-15.155791251,12.9968903841
0.0,-15.1556000593,12.9988531924
0.0,-15.1554681944,13.0002069191
0.0,-15.1556839144,13.0010372874
0.0,-15.1557547503,13.0013099551
0.0,-15.1560047387,13.002919403
0.0,-15.1561992871,13.0043480301
0.0,-15.1565592764,13.0065549377
0.0,-15.1566660817,13.0071185461
0.0,-15.1571959821,13.0099147841
0.0,-15.1595413803,13.0146505942
0.0,-15.166864587,13.0193832269
0.0,-15.1695009237,13.0209605959
0.0,-15.171112358,13.0223950645
0.0,-15.1711741956,13.0224404748
0.0,-15.1716093091,13.0227600019
0.0,-15.1728701161,13.0236858711
0.0,-15.1793434909,13.0278879821
0.0,-15.1742616069,13.0300905233
0.0,-15.1725778953,13.0300916499
0.0,-15.1709036556,13.0299252449
0.0,-15.1647781307,13.0293163253
0.0,-15.1592391469,13.0280673782
0.0,-15.1540651075,13.027789052
0.0,-15.1459146175,13.0316549878
0.0,-15.1431021987,13.0325427376
0.0,-15.1404382315,13.0350399716
0.0,-15.1379121243,13.0367594355
0.0,-15.1354309563,13.037972462
0.0,-15.1344169414,13.038339967
0.0,-15.1338818018,13.0385339127
0.0,-15.1338237121,13.0385568632
0.0,-15.1329852004,13.0388881392
0.0,-15.1316424863,13.039418606
0.0,-15.1306051506,13.0398284204
0.0,-15.130477818,13.0398787248
0.0,-15.1300851641,13.0400338467
0.0,-15.1298116091,13.0401419163
0.0,-15.1295711695,13.0402081458
0.0,-15.1288669635,13.0404021197
0.0,-15.1284526844,13.0405162315
0.0,-15.1279234825,13.0406619981
0.0,-15.1267726055,13.0409789968
0.0,-15.1265125274,13.0410506325
0.0,-15.1257934751,13.0412486853
0.0,-15.1247596719,13.0415334281
0.0,-15.1242730234,13.0416674647
0.0,-15.1234835806,13.0417711304
0.0,-15.1222579891,13.0419320628
0.0,-15.1212273988,13.0420673853
0.0,-15.1204020307,13.0421757579
0.0,-15.1196373923,13.0422761549
0.0,-15.1183982782,13.0424388441
0.0,-15.1176039092,13.0427285996
0.0,-15.1157451002,13.043406611
0.0,-15.1135821942,13.0441955218
0.0,-15.1121183609,13.044729435
0.0,-15.1070552458,13.0457262718
0.0,-15.1045651471,13.0461522951
0.0,-15.1033029376,13.0464726058
0.0,-15.1017745618,13.0468604518
0.0,-15.0999254521,13.0473296748
0.0,-15.0964314536,13.0479239262
0.0,-15.0946649635,13.0482243473
0.0,-15.0932113082,13.0484715563
0.0,-15.0901586989,13.0493588194
0.0,-15.0862656985,13.0497489812
0.0,-15.0834536013,13.0502743782
0.0,-15.080917463,13.0512077093
0.0,-15.0782419141,13.0515883243
0.0,-15.07562378,13.0531263571
0.0,-15.0700798525,13.054122612
0.0,-15.0674522529,13.0550547057
0.0,-15.0649241601,13.0552090779
0.0,-15.0628581079,13.0553542709
0.0,-15.060275721,13.0562862808
0.0,-15.0574164891,13.0567209795
0.0,-15.056161246,13.0569475543
0.0,-15.0549194556,13.0571716949
0.0,-15.0540831271,13.0573226468
0.0,-15.0533430855,13.057456217
0.0,-15.0529606009,13.0575252505
0.0,-15.0529565029,13.0575259901
0.0,-15.0525528885,13.0576129345
0.0,-15.0516303521,13.0578119886
0.0,-15.0507245858,13.0580074217
0.0,-15.0499219709,13.0581805949
0.0,-15.0488526942,13.0584112986
0.0,-15.0485897792,13.058468024
0.0,-15.0441349722,13.0599156502
0.0,-15.0419304898,13.0599341024
0.0,-15.0414132816,13.0600238131
0.0,-15.0407371378,13.0601410891
0.0,-15.0402316168,13.0602287691
0.0,-15.040147441,13.0602433689
0.0,-15.0397331488,13.0603152254
0.0,-15.0392981855,13.0603906661
0.0,-15.0390112693,13.0604404289
0.0,-15.0384487141,13.0605379986
0.0,-15.0381211659,13.060594807
0.0,-15.0374490448,13.0603247219
0.0,-15.0368782694,13.0600953597
0.0,-15.0362916211,13.0601008158
0.0,-15.0359071111,13.0601043916
0.0,-15.0348527513,13.0601141934
0.0,-15.0340840373,13.0601213365
0.0,-15.0332276457,13.0601292924
0.0,-15.0321695574,13.0601391172
0.0,-15.0320738053,13.0601400063
0.0,-15.0294463613,13.0601643849
0.0,-15.025769572,13.0601984551
0.0,-15.0229470438,13.0597104165
0.0,-15.0203182893,13.0600000019
0.0,-15.0193424468,13.0600455352
0.0,-15.0177623384,13.060119255
0.0,-15.0167669092,13.0601656914
0.0,-15.0160476855,13.060199241
0.0,-15.0149083545,13.0601732835
0.0,-15.0139379411,13.0601511695
0.0,-15.0131204007,13.0601325373
0.0,-15.0122479786,13.060112651
0.0,-15.0116252858,13.0600984547
0.0,-15.0112974228,13.06009098
0.0,-15.0101414972,13.0601552599
0.0,-15.0098255339,13.0601728293
0.0,-15.0096108541,13.0601847665
0.0,-15.0093776861,13.0601977314
0.0,-15.0091040155,13.0602129483
0.0,-15.0089535129,13.0602213162
0.0,-15.0084611878,13.0602486905
0.0,-15.0067408736,13.0603443338
0.0,-15.0048684508,13.0608598083
