54,0,2,4,44,
0.0,-16.2527139704,14.1625042625
0.0,-16.2507068478,14.1617327755
0.0,-16.2487053065,14.1618742788
0.0,-16.2461788452,14.1637112285
0.0,-16.2418026341,14.1690742923
0.0,-16.2403426777,14.1706457653
0.0,-16.2386122216,14.1715666184
0.0,-16.2362116977,14.172099935
0.0,-16.2342850169,14.1721703687
0.0,-16.2320739171,14.17225118
0.0,-16.2308232957,14.1720650796
0.0,-16.2295341124,14.1718732346
0.0,-16.2273920987,14.1708423438
0.0,-16.2265857948,14.1699345556
0.0,-16.2249600985,14.1655132443
0.0,-16.2241498065,14.1636935511
0.0,-16.222804389,14.1617466307
0.0,-16.2203927182,14.1598039949
0.0,-16.2163730489,14.1570886493
0.0,-16.2118185359,14.1541160262
0.0,-16.2101421051,14.1527752478
0.0,-16.2079307408,14.1510077428
0.0,-16.2048439196,14.1480275827
0.0,-16.2021560684,14.1446532647
0.0,-16.1997377418,14.1415397281
0.0,-16.1989343766,14.1411516221
0.0,-16.1977333873,14.1412886935
0.0,-16.197069126,14.1418129418
0.0,-16.1960100409,14.1435109828
0.0,-16.1921825887,14.15212832
0.0,-16.1882039867,14.1572297396
0.0,-16.1846246333,14.161804804
0.0,-16.1810434152,14.166382093
0.0,-16.1777199769,14.1692641684
0.0,-16.1755917927,14.1707074778
0.0,-16.1738564366,14.1708459305
0.0,-16.1720847821,14.1710207089
0.0,-16.168744755,14.1701329888
0.0,-16.1661768267,14.1693222002
0.0,-16.1673657844,14.1686245649
0.0,-16.1669556002,14.1677849752
0.0,-16.1634480514,14.1664653758
0.0,-16.1632116155,14.1664587035
0.0,-16.1604541749,14.1663808663
0.0,-16.1588954116,14.1656194264
0.0,-16.1588837548,14.165532419
0.0,-16.1586794498,14.1640073462
0.0,-16.1590367856,14.1613929921
0.0,-16.1592732174,14.1605149472
0.0,-16.1595277182,14.1592192516
0.0,-16.1597691013,14.1579903253
0.0,-16.1609309776,14.1545742799
0.0,-16.1619401788,14.1526257473
0.0,-16.1623967287,14.1513127036
0.0,-16.1625723615,14.1494134041
0.0,-16.1622398467,14.1477877708
0.0,-16.1615844741,14.1464349052
0.0,-16.1604691267,14.1454899404
0.0,-16.1584248665,14.1442793733
0.0,-16.1560582012,14.1436579554
0.0,-16.1545775676,14.1439814846
0.0,-16.1530998909,14.144892608
0.0,-16.1507735011,14.1470395273
0.0,-16.1491115961,14.1481684776
0.0,-16.1475490854,14.1487997273
0.0,-16.1463274829,14.1490586889
0.0,-16.1443448103,14.1490410231
0.0,-16.1426477007,14.148696532
0.0,-16.1414771193,14.1480421567
0.0,-16.1406393771,14.1472505903
0.0,-16.1397067024,14.1459984156
0.0,-16.1388229531,14.1447437444
0.0,-16.1380815736,14.1433573103
0.0,-16.1373666824,14.1415899247
0.0,-16.1368454902,14.1392419094
0.0,-16.1366842493,14.136213036
0.0,-16.1367492462,14.134377544
0.0,-16.1375081863,14.13254781
0.0,-16.1390717467,14.1302803288
0.0,-16.1417419228,14.127013154
0.0,-16.1430793849,14.1255128905
0.0,-16.1441378859,14.1241518122
0.0,-16.1445931422,14.1225675931
0.0,-16.1446803543,14.1214823415
0.0,-16.1443498267,14.1202182707
0.0,-16.1435572763,14.119181273
0.0,-16.142025054,14.1184201228
0.0,-16.14054208,14.1182463494
0.0,-16.1393474685,14.1184893167
0.0,-16.1367880859,14.1196292017
0.0,-16.1322158411,14.1222735876
0.0,-16.13078206,14.1226871463
0.0,-16.1289839237,14.1226526495
0.0,-16.1279043086,14.1223887629
0.0,-16.1222236643,14.1162667461
0.0,-16.120524404,14.1148349832
0.0,-16.1191575859,14.1140186673
0.0,-16.1174321949,14.1132763308
0.0,-16.116671938,14.1131352124
0.0,-16.1154908628,14.1135441156
0.0,-16.1143986851,14.1142577151
0.0,-16.1120143749,14.1173153565
0.0,-16.1114449336,14.1183214714
0.0,-16.1102954158,14.1200534945
0.0,-16.1096238525,14.1210160052
0.0,-16.1086732009,14.1217345794
0.0,-16.1071105145,14.1223203614
0.0,-16.1055014595,14.1228973064
0.0,-16.0959582259,14.1260203687
0.0,-16.0905286659,14.1242132253
0.0,-16.0886139273,14.1228567887
0.0,-16.0842322451,14.1133015846
0.0,-16.0710842536,14.1085689714
0.0,-16.0634425722,14.1046340445
0.0,-16.0571248884,14.1005212803
0.0,-16.0551743128,14.0973294716
0.0,-16.0549775423,14.0932555439
0.0,-16.0549756906,14.0932172127
0.0,-16.0547853429,14.0892760284
0.0,-16.0547943783,14.0892609074
0.0,-16.0547245996,14.0882840101
0.0,-16.0547433903,14.0869126828
0.0,-16.0549861564,14.0851485917
0.0,-16.0555784334,14.0830156742
0.0,-16.0566521658,14.0819335664
0.0,-16.0586029774,14.0806517154
0.0,-16.0600355064,14.0804890062
0.0,-16.061062935,14.0787693467
0.0,-16.0611492292,14.0777793447
0.0,-16.0611520562,14.0777469092
0.0,-16.0581754944,14.0757722761
0.0,-16.0581035619,14.0732915301
0.0,-16.0590538643,14.0693885501
0.0,-16.060960977,14.0638780686
0.0,-16.0611225011,14.0634113437
0.0,-16.0609134071,14.0623608571
0.0,-16.0594626609,14.0550719916
0.0,-16.0521806486,14.0441803264
0.0,-16.0541719338,14.043895562
0.0,-16.0490376641,14.0356617035
0.0,-16.0476408451,14.0355715832
0.0,-16.0492622722,14.0195585999
0.0,-16.049930972,14.0137557247
0.0,-16.0485619195,14.0137429147
0.0,-16.0488611109,14.0112114262
0.0,-16.0495218151,14.0027376643
0.0,-16.0520269527,13.9980468449
0.0,-16.0521709278,13.997450668
0.0,-16.0525857461,13.9950169351
0.0,-16.0526138245,13.994793183
0.0,-16.050078388,13.9940829825
0.0,-16.0509646788,13.9842312657
0.0,-16.0525813642,13.9814154527
0.0,-16.0560325424,13.981444831
0.0,-16.056162942,13.9811872898
0.0,-16.0582770226,13.9779799585
0.0,-16.0600657569,13.9752531858
0.0,-16.061200233,13.9726908621
0.0,-16.061187052,13.9698126061
0.0,-16.0601951153,13.9677375879
0.0,-16.0578969706,13.9664683502
0.0,-16.0559255934,13.9650383281
0.0,-16.0549337257,13.9629632828
0.0,-16.0548358024,13.9607058023
0.0,-16.054733659,13.9584099166
0.0,-16.0546827711,13.9573975828
0.0,-16.0544843927,13.9565214983
0.0,-16.0538200601,13.9549603419
0.0,-16.0522729376,13.9538606873
0.0,-16.050090978,13.9532316181
0.0,-16.0476848741,13.9533787329
0.0,-16.0457508847,13.9535305755
0.0,-16.0435751115,13.9536303261
0.0,-16.0399919342,13.9534558165
0.0,-16.0365495114,13.9537066978
0.0,-16.0339570318,13.9535809898
0.0,-16.0317893202,13.953219524
0.0,-16.0290020589,13.9530053115
0.0,-16.0268845213,13.9535205406
0.0,-16.0248486472,13.9536647373
0.0,-16.0224495247,13.9533041621
0.0,-16.0202281154,13.9533586923
0.0,-16.0180149668,13.9531871487
0.0,-16.0159283673,13.9523189171
0.0,-16.0138536079,13.9522371646
0.0,-16.0113004951,13.9503221048
0.0,-16.0097872663,13.9493169517
0.0,-16.0084572828,13.9480737083
0.0,-16.0068936318,13.9461081599
0.0,-16.0056650046,13.9445491816
0.0,-16.0045628151,13.9422573691
0.0,-16.0034259672,13.9405081411
0.0,-16.0023835323,13.9391834359
0.0,-16.0010068755,13.9376250383
0.0,-15.9993225703,13.9355525672
0.0,-15.9989749734,13.9350352761
0.0,-15.998017505,13.9336141412
0.0,-15.9971382878,13.9314841064
0.0,-15.9963606463,13.9290914676
0.0,-15.9957065826,13.9276566486
0.0,-15.9959507951,13.9263266477
0.0,-15.9964368143,13.9252668833
0.0,-15.9968681095,13.9243971994
0.0,-15.9977706608,13.9233447697
0.0,-15.9984821757,13.9230706311
0.0,-15.9996061391,13.9220545816
0.0,-16.0003239093,13.9210842686
0.0,-16.0005531096,13.9204901629
0.0,-16.0010470387,13.9192098489
0.0,-16.0015294409,13.9173183348
0.0,-16.0015261243,13.9171509556
0.0,-16.0007822786,13.9150181927
0.0,-15.998836625,13.9119813043
0.0,-15.9978132599,13.910787845
0.0,-15.9971658595,13.9100394258
0.0,-15.9971393409,13.9086997921
0.0,-15.9972574997,13.9071768759
0.0,-15.9979578365,13.9057327754
0.0,-15.9989915947,13.9045105994
0.0,-16.0000053478,13.9034711935
0.0,-16.0009695031,13.9028108084
0.0,-16.0013559835,13.9006613084
0.0,-16.0019718237,13.897525
0.0,-16.002080081,13.8947218946
0.0,-16.0019502518,13.8925074203
0.0,-16.0008811672,13.8892299753
0.0,-15.9996592915,13.8870018872
0.0,-16.0006497644,13.8868610899
0.0,-16.0019717048,13.886530202
0.0,-16.0028591266,13.8863005401
0.0,-16.00418106,13.8859696406
0.0,-16.0053547293,13.88559414
0.0,-16.0073886734,13.8851348516
0.0,-16.0093119871,13.8845742943
0.0,-16.0114814631,13.8833628941
0.0,-16.0132162181,13.8822075236
0.0,-16.0146304522,13.881830983
0.0,-16.0161362353,13.8812280336
0.0,-16.0179053641,13.8801391651
0.0,-16.0193863609,13.8795600321
0.0,-16.0208929065,13.879137868
0.0,-16.022343928,13.8789148248
0.0,-16.0238253935,13.8789086248
0.0,-16.0260476845,13.8790190983
0.0,-16.0277779447,13.8794943822
0.0,-16.0296300947,13.8796075086
0.0,-16.0313566333,13.8792385991
0.0,-16.0333276983,13.8783860928
0.0,-16.0352979639,13.8772917342
0.0,-16.0370217972,13.8763204566
0.0,-16.0383754684,13.8753496097
0.0,-16.0399763303,13.8744986251
0.0,-16.0416605964,13.8733534508
0.0,-16.0437311275,13.8726484846
0.0,-16.0452735328,13.8721842092
0.0,-16.0469843841,13.8719474823
0.0,-16.0476859837,13.8717681834
0.0,-16.0488635817,13.8714647917
0.0,-16.0495270487,13.8712946919
0.0,-16.0495844616,13.8712760214
0.0,-16.0511528743,13.8707659809
0.0,-16.0520855948,13.8707386013
0.0,-16.054768382,13.8705840408
0.0,-16.0585720266,13.8701385908
0.0,-16.06135021,13.86950686
0.0,-16.0628581217,13.8684992713
0.0,-16.0630819918,13.86808726
0.0,-16.0654956082,13.8665787289
0.0,-16.0664228807,13.8657823465
0.0,-16.0669980026,13.8652884021
0.0,-16.067551904,13.8629806078
0.0,-16.0676848318,13.8616962484
0.0,-16.0681886957,13.8585659675
0.0,-16.0684721844,13.8578324335
0.0,-16.0701134647,13.8565776482
0.0,-16.0719560399,13.856849849
0.0,-16.0742149495,13.8571111685
0.0,-16.0833742861,13.8586348419
0.0,-16.0856911285,13.8594111142
0.0,-16.0865348129,13.8597689968
0.0,-16.0907755373,13.8619922143
0.0,-16.0957471669,13.8629463931
0.0,-16.0970148124,13.8629407139
0.0,-16.0992271594,13.863050684
0.0,-16.1144317239,13.855738044
0.0,-16.1155589849,13.8552266381
0.0,-16.1170206669,13.8551747712
0.0,-16.1207138475,13.856298799
0.0,-16.1216445224,13.8565820412
0.0,-16.1224514484,13.856985168
0.0,-16.1233980783,13.8575775026
0.0,-16.1243454088,13.8583144787
0.0,-16.1266081455,13.859361819
0.0,-16.1283604319,13.8600860313
0.0,-16.1300545887,13.8602680666
0.0,-16.1318949507,13.8600697117
0.0,-16.1345757629,13.8595510306
0.0,-16.1367470081,13.8588990802
0.0,-16.1383461219,13.8585661905
0.0,-16.1404169345,13.8581949316
0.0,-16.1418790593,13.8582333181
0.0,-16.1437182822,13.857808869
0.0,-16.1454103875,13.8575749453
0.0,-16.1461652565,13.8569656993
0.0,-16.1473394145,13.8565985799
0.0,-16.1490312389,13.8563103904
0.0,-16.1506853808,13.8558867595
0.0,-16.1537910041,13.8550494608
0.0,-16.156229217,13.8543203722
0.0,-16.1579299371,13.8537913789
0.0,-16.1596756219,13.8531774071
0.0,-16.1611455301,13.8529274794
0.0,-16.1626553663,13.8528581625
0.0,-16.1637723616,13.8527511516
0.0,-16.1645770836,13.8527021238
0.0,-16.1654868709,13.8529068556
0.0,-16.1665140086,13.8533347757
0.0,-16.1679237876,13.8540151286
0.0,-16.1688707319,13.8546524804
0.0,-16.1713534591,13.8559526068
0.0,-16.1736250565,13.8572943998
0.0,-16.1757081552,13.8586359451
0.0,-16.1779813332,13.8602240369
0.0,-16.1840104767,13.8644699146
0.0,-16.1872244363,13.8667505949
0.0,-16.1881267747,13.8675236857
0.0,-16.1898728822,13.8688079704
0.0,-16.1920060669,13.8706339061
0.0,-16.1935474854,13.8718603961
0.0,-16.1944746678,13.8730164233
0.0,-16.1948423355,13.8736090295
0.0,-16.1935408487,13.8753692116
0.0,-16.1924703305,13.877061589
0.0,-16.1911859803,13.8790702868
0.0,-16.1906533971,13.8804436241
0.0,-16.1905546855,13.8822363535
0.0,-16.1906695354,13.8836054062
0.0,-16.1915483215,13.8866578882
0.0,-16.1919544456,13.8886606021
0.0,-16.1928417809,13.8905117409
0.0,-16.1965445197,13.8894959302
0.0,-16.2008462696,13.8905602871
0.0,-16.2010987234,13.8906227475
0.0,-16.2017204313,13.8926209848
0.0,-16.2011743966,13.8943035587
0.0,-16.1957697763,13.8977612205
0.0,-16.1959459033,13.899848589
0.0,-16.1959773606,13.9002213932
0.0,-16.1962133974,13.9030186861
0.0,-16.1964248909,13.9050469267
0.0,-16.1965432863,13.9068072678
0.0,-16.1965646243,13.907124525
0.0,-16.1966472293,13.9083526772
0.0,-16.1966753946,13.9087714363
0.0,-16.1975013606,13.9128174402
0.0,-16.1976572072,13.9161254255
0.0,-16.1975373263,13.9198054163
0.0,-16.198454002,13.9234803117
0.0,-16.1980401043,13.9257785811
0.0,-16.1988955999,13.9283508564
0.0,-16.1995764333,13.9311499939
0.0,-16.1999181517,13.9345926586
0.0,-16.2000273286,13.9378104602
0.0,-16.2004685476,13.9408006168
0.0,-16.2004892674,13.9415928766
0.0,-16.2005262287,13.9430061593
0.0,-16.2008228865,13.9448862026
0.0,-16.2007441275,13.9475546009
0.0,-16.2015506121,13.9495745098
0.0,-16.2011338665,13.9513213388
0.0,-16.2028479459,13.9534282911
0.0,-16.2041713722,13.9551665125
0.0,-16.2055060012,13.9572753197
0.0,-16.2069849185,13.9596626117
0.0,-16.2072703069,13.9601232842
0.0,-16.2080272321,13.9610940055
0.0,-16.2082674285,13.961402045
0.0,-16.2078421456,13.9633554248
0.0,-16.207806369,13.9635197516
0.0,-16.2077127961,13.9645129331
0.0,-16.207756651,13.9729286575
0.0,-16.2078963848,13.9746138283
0.0,-16.2075920911,13.976857808
0.0,-16.2088596184,13.9768145624
0.0,-16.2145552187,13.9766201567
0.0,-16.2187318976,13.9764775105
0.0,-16.2224648348,13.9781297557
0.0,-16.2226946854,13.9835347903
0.0,-16.2220014208,13.9854074728
0.0,-16.2191939731,13.9937290903
0.0,-16.2194512064,13.9938112393
0.0,-16.2276429793,13.996427162
0.0,-16.2301861221,13.9976392175
0.0,-16.2307176733,13.9977056337
0.0,-16.2327760519,13.9979628128
0.0,-16.23515301,13.9984953876
0.0,-16.2410583436,13.9980889468
0.0,-16.2455422141,13.997729218
0.0,-16.2496781878,13.996864955
0.0,-16.2515510749,13.9958071543
0.0,-16.2537882833,13.9962926933
0.0,-16.2622482307,13.9962734401
0.0,-16.2639833584,13.9940957685
0.0,-16.2698658091,13.9970968477
0.0,-16.2745452092,14.000948208
0.0,-16.2757725791,14.0044786549
0.0,-16.2759654701,14.0081840396
0.0,-16.2751259762,14.0123999674
0.0,-16.2734230565,14.0164531937
0.0,-16.2713699744,14.0196641395
0.0,-16.2679357956,14.0227150672
0.0,-16.2655312313,14.0247492206
0.0,-16.2646417631,14.0266970741
0.0,-16.2646545199,14.0267167708
0.0,-16.2648965909,14.0270905322
0.0,-16.2648841479,14.0283596016
0.0,-16.2646997435,14.0292706898
0.0,-16.2645693339,14.0299150024
0.0,-16.2644905387,14.0318917537
0.0,-16.2633088249,14.0334350182
0.0,-16.262439503,14.0346235088
0.0,-16.2610112503,14.0358965602
0.0,-16.2608377293,14.0360452708
0.0,-16.2592601408,14.0373972858
0.0,-16.2582110426,14.0385869887
0.0,-16.2566448362,14.040041536
0.0,-16.2553517515,14.040767422
0.0,-16.2539953981,14.0415288137
0.0,-16.2520087327,14.0422984705
0.0,-16.2483615988,14.0442338169
0.0,-16.2468338443,14.0459683512
0.0,-16.2445222845,14.0469232519
0.0,-16.2439973653,14.0471400909
0.0,-16.2419589584,14.0486342734
0.0,-16.2393611807,14.049434093
0.0,-16.2377477486,14.0507531724
0.0,-16.2363692876,14.0511579914
0.0,-16.2345241767,14.0522883945
0.0,-16.233797425,14.0532689469
0.0,-16.2315177683,14.0563446583
0.0,-16.2302989678,14.0590195756
0.0,-16.2292707006,14.0604151087
0.0,-16.2288258728,14.0622525134
0.0,-16.2277255709,14.0643102133
0.0,-16.2278967516,14.0683043278
0.0,-16.2280728,14.0724117297
0.0,-16.2282756626,14.0771443581
0.0,-16.2284388623,14.0799549965
0.0,-16.2283280334,14.0817454991
0.0,-16.2287907316,14.0834076491
0.0,-16.2282965845,14.0862577944
0.0,-16.2285058177,14.0890139552
0.0,-16.2292810807,14.0919661108
0.0,-16.229258794,14.0947234492
0.0,-16.2292481597,14.0961970364
0.0,-16.2294154859,14.0980403587
0.0,-16.2295321358,14.1007969866
0.0,-16.2303694838,14.1030617697
0.0,-16.230663262,14.1054048406
0.0,-16.230940389,14.1076150469
0.0,-16.2315353155,14.1097364199
0.0,-16.2325891166,14.1127865672
0.0,-16.2338044692,14.1148685935
0.0,-16.2359599986,14.1160869808
0.0,-16.2372718242,14.1171560053
0.0,-16.239103157,14.1183681178
0.0,-16.2394244481,14.1185680804
0.0,-16.2408318788,14.1194440135
0.0,-16.241439789,14.1196625529
0.0,-16.2433993029,14.1214458909
0.0,-16.2445922205,14.1218691417
0.0,-16.2450938119,14.1224854084
0.0,-16.2455844273,14.1230881852
0.0,-16.2456685584,14.1231229947
0.0,-16.2463648932,14.1234111019
0.0,-16.2470414687,14.123868371
0.0,-16.2485683562,14.1249003157
0.0,-16.2500658427,14.1260225374
0.0,-16.2512773775,14.1273631962
0.0,-16.2521579792,14.1291666103
0.0,-16.2543177438,14.13111703
0.0,-16.2572655096,14.133171787
0.0,-16.2588036737,14.1349355705
0.0,-16.2604479441,14.1357767103
0.0,-16.2619941176,14.1373053891
0.0,-16.2644309939,14.1390824898
0.0,-16.266492848,14.1402016243
0.0,-16.2690346494,14.1406854103
0.0,-16.270633333,14.1414363153
0.0,-16.2727044121,14.1423835851
0.0,-16.2740603034,14.1429911128
0.0,-16.2752862601,14.1435541225
0.0,-16.2774468807,14.1439403992
0.0,-16.2782400388,14.1449667284
0.0,-16.2783725762,14.1455779832
0.0,-16.2783854817,14.1456375028
0.0,-16.2785119352,14.1462206966
0.0,-16.2786986377,14.1474592979
0.0,-16.2777319325,14.1479130472
0.0,-16.2761377354,14.1492232682
0.0,-16.2753480424,14.1513111599
0.0,-16.2754979349,14.1543082196
0.0,-16.2767505893,14.163420549
0.0,-16.2774693567,14.1726656505
0.0,-16.2770798724,14.1746203386
0.0,-16.2762854593,14.1756675446
0.0,-16.2726897291,14.1773805085
0.0,-16.2680235429,14.1788380604
0.0,-16.2638900341,14.1797706626
0.0,-16.2609515812,14.1795262416
0.0,-16.2586730271,14.1779754397
0.0,-16.2578595515,14.1756349767
0.0,-16.2572927964,14.1697755491
0.0,-16.2564779359,14.1671740553
0.0,-16.2549950383,14.1647071314
0.0,-16.2527139704,14.1625042625
