110,11,32,67,13,
0.0,-14.4782697984,14.1022111329
0.0,-14.4753087495,14.0997227873
0.0,-14.471915972,14.1009563329
0.0,-14.4706691876,14.1020670331
0.0,-14.4634192984,14.10283702
0.0,-14.462415878,14.1019943178
0.0,-14.4614152317,14.101074364
0.0,-14.4604430697,14.1001092621
0.0,-14.4594947364,14.0991091739
0.0,-14.4585655894,14.09807861
0.0,-14.4576498204,14.0970254689
0.0,-14.4567433554,14.0959587831
0.0,-14.4558403913,14.0948841906
0.0,-14.4549362777,14.0938095924
0.0,-14.4540263667,14.0927417589
0.0,-14.4531048473,14.0916897187
0.0,-14.4521670717,14.0906602421
0.0,-14.4512083947,14.0896589693
0.0,-14.450224163,14.0886949312
0.0,-14.4492079892,14.087776024
0.0,-14.4481558068,14.0869078892
0.0,-14.4470583226,14.086102937
0.0,-14.4458876954,14.0853825767
0.0,-14.4446508909,14.0847389117
0.0,-14.4433624204,14.0841561519
0.0,-14.4420344737,14.0836207623
0.0,-14.4406809806,14.0831180819
0.0,-14.4393141314,14.0826345764
0.0,-14.4379484349,14.0821555867
0.0,-14.436596661,14.0816675805
0.0,-14.4352710058,14.0811547638
0.0,-14.4339865525,14.0806047403
0.0,-14.4327549161,14.0800028454
0.0,-14.4315900302,14.0793332901
0.0,-14.4305046623,14.0785836734
0.0,-14.4295127461,14.0777382066
0.0,-14.4286183395,14.07679464
0.0,-14.4277895179,14.0757868049
0.0,-14.4270169931,14.0747248515
0.0,-14.4262961195,14.0736144203
0.0,-14.4256205203,14.0724588871
0.0,-14.424984968,14.071265021
0.0,-14.4243830803,14.070038458
0.0,-14.4238107905,14.0687848397
0.0,-14.4232611402,14.0675086703
0.0,-14.4227289049,14.0662155885
0.0,-14.4222082815,14.0649112315
0.0,-14.4216940485,14.0636001075
0.0,-14.4211804,14.0622889839
0.0,-14.420661533,14.0609834978
0.0,-14.4201322263,14.0596881573
0.0,-14.4195866799,14.0584074692
0.0,-14.4184530193,14.0559759592
0.0,-14.4180583187,14.0551437424
0.0,-14.4178691599,14.0547449038
0.0,-14.4172847248,14.0535149759
0.0,-14.4167008775,14.0522839179
0.0,-14.4161170333,14.0510539887
0.0,-14.415533198,14.0498229281
0.0,-14.414948787,14.048592995
0.0,-14.4143649637,14.0473619318
0.0,-14.4137811465,14.0461308674
0.0,-14.4131973325,14.0449009318
0.0,-14.4126129485,14.0436698633
0.0,-14.4120291465,14.0424399251
0.0,-14.4114453533,14.0412088555
0.0,-14.4108615634,14.0399789148
0.0,-14.4102772035,14.0387478411
0.0,-14.4096934284,14.0375167676
0.0,-14.4091096565,14.036286823
0.0,-14.4085258935,14.0350557469
0.0,-14.4079415548,14.0338257983
0.0,-14.4073578038,14.0325947196
0.0,-14.4067740589,14.0313636397
0.0,-14.406190317,14.0301336886
0.0,-14.4056060053,14.0289026047
0.0,-14.4050222755,14.0276726511
0.0,-14.4044385546,14.026441566
0.0,-14.4038548368,14.0252116098
0.0,-14.4032705491,14.0239805207
0.0,-14.4026868462,14.0227494318
0.0,-14.4021031465,14.0215194717
0.0,-14.4015194556,14.0202883802
0.0,-14.4009351891,14.0190584161
0.0,-14.4003515103,14.0178273221
0.0,-14.3999378215,14.0169555672
0.0,-14.3997678345,14.0165973569
0.0,-14.4083321978,13.9964899623
0.0,-14.3833792075,13.9583781256
0.0,-14.3590430181,13.9211942708
0.0,-14.3544773809,13.9142167767
0.0,-14.3482121085,13.9046410018
0.0,-14.3482084001,13.9046428436
0.0,-14.346965279,13.9052486947
0.0,-14.3469647868,13.9052472983
0.0,-14.3461382617,13.9029058507
0.0,-14.345648437,13.9016183784
0.0,-14.3451360604,13.9003297145
0.0,-14.3446028582,13.8990432541
0.0,-14.3440517325,13.8977556143
0.0,-14.3434844127,13.89646906
0.0,-14.3429026375,13.8951824657
0.0,-14.3423081394,13.893896966
0.0,-14.3417032387,13.8926103068
0.0,-14.341090243,13.8913247546
0.0,-14.340470891,13.8900391839
0.0,-14.3398463396,13.8887535977
0.0,-14.3392200595,13.8874680054
0.0,-14.3385932077,13.8861824101
0.0,-14.3379680978,13.884896818
0.0,-14.3373458866,13.8836112324
0.0,-14.3367300479,13.8823245324
0.0,-14.3361211536,13.8810389801
0.0,-14.3355215203,13.8797534515
0.0,-14.3349340432,13.8784668246
0.0,-14.3343598757,13.8771802326
0.0,-14.333800756,13.8758925502
0.0,-14.3332595695,13.8746060457
0.0,-14.332737479,13.873318462
0.0,-14.3322367978,13.8720298056
0.0,-14.3317598359,13.8707412131
0.0,-14.3313083281,13.8694526893
0.0,-14.3308840123,13.8681631089
0.0,-14.3304897767,13.8668736102
0.0,-14.3301262026,13.8655830647
0.0,-14.3297961811,13.8642914803
0.0,-14.3295014437,13.8629999922
0.0,-14.3292443064,13.8617074765
0.0,-14.3290265038,13.8604139383
0.0,-14.3288497703,13.8591193822
0.0,-14.3287164153,13.8578249448
0.0,-14.3286287581,13.8565283723
0.0,-14.3285879482,13.8552319281
0.0,-14.3285968796,13.8539344899
0.0,-14.3286567084,13.8526360609
0.0,-14.3287697502,13.8513355172
0.0,-14.3289273226,13.8500350953
0.0,-14.3290947247,13.8487347
0.0,-14.3292702245,13.8474331963
0.0,-14.329453237,13.846132843
0.0,-14.3296437686,13.8448313798
0.0,-14.3298412377,13.8435299351
0.0,-14.3300462225,13.8422285106
0.0,-14.3302581444,13.8409271047
0.0,-14.3304770034,13.8396257173
0.0,-14.3307027994,13.8383243484
0.0,-14.3309355354,13.8370218677
0.0,-14.3311752082,13.8357194056
0.0,-14.3314212361,13.8344180904
0.0,-14.3316736255,13.833115662
0.0,-14.3319329512,13.8318132519
0.0,-14.3321980599,13.8305097268
0.0,-14.3324695232,13.8292073486
0.0,-14.3327467661,13.8279049856
0.0,-14.3330303699,13.8266015092
0.0,-14.3333197497,13.825299178
0.0,-14.333614912,13.8239957317
0.0,-14.3339158535,13.8226923005
0.0,-14.3342219957,13.8213888827
0.0,-14.3345339168,13.8200854799
0.0,-14.3348510385,13.8187820906
0.0,-14.3351733607,13.8174787146
0.0,-14.3355008865,13.8161742218
0.0,-14.3355038195,13.8161715842
0.0,-14.3357669189,13.8159349662
0.0,-14.3360871743,13.8156469445
0.0,-14.3809079635,13.7753258728
0.0,-14.3815585397,13.7747404426
0.0,-14.3815616284,13.7747376628
0.0,-14.3820174913,13.7743274467
0.0,-14.3820175493,13.7743271765
0.0,-14.3820184934,13.7743227783
0.0,-14.3853887253,13.75863037
0.0,-14.3866002955,13.7529884959
0.0,-14.3866024639,13.7529894588
0.0,-14.41568397,13.7658979394
0.0,-14.4324384487,13.7733326189
0.0,-14.4324401363,13.7733324899
0.0,-14.4324397941,13.7733332161
0.0,-14.4372813243,13.7754813138
0.0,-14.4395143772,13.7759605064
0.0,-14.4503840467,13.7782927244
0.0,-14.4663766845,13.7817231856
0.0,-14.4755958954,13.7768042754
0.0,-14.4755959952,13.7767595069
0.0,-14.4758759972,13.7766548184
0.0,-14.4840244174,13.7693480629
0.0,-14.4910430562,13.7630537947
0.0,-14.5008131713,13.7570289196
0.0,-14.5135255057,13.7491886201
0.0,-14.5291885523,13.7444275816
0.0,-14.5478764502,13.7398612925
0.0,-14.548810943,13.7375257041
0.0,-14.5504649607,13.7350410577
0.0,-14.551503925,13.7328321918
0.0,-14.553016547,13.7298872596
0.0,-14.5539617322,13.7277234211
0.0,-14.555567849,13.7257449981
0.0,-14.5582107821,13.7229388201
0.0,-14.560392489,13.720752977
0.0,-14.5615158739,13.7196274372
0.0,-14.5652437621,13.7176990423
0.0,-14.5685946306,13.7158151413
0.0,-14.5710945568,13.7152204609
0.0,-14.572000616,13.7147610939
0.0,-14.5733584765,13.7140726564
0.0,-14.5742103571,13.7109410771
0.0,-14.574352563,13.7096505782
0.0,-14.5751560983,13.7083160061
0.0,-14.5782223828,13.7073989717
0.0,-14.5814300877,13.706251567
0.0,-14.584354131,13.7053353445
0.0,-14.5885056297,13.7035451874
0.0,-14.5922796692,13.701062623
0.0,-14.5941200533,13.6993612291
0.0,-14.5993552376,13.6988622778
0.0,-14.6021369303,13.6993256488
0.0,-14.6044926902,13.7021844449
0.0,-14.6066610996,13.7033848403
0.0,-14.6093937441,13.7062894004
0.0,-14.6094850981,13.7063918796
0.0,-14.6119986111,13.7025826128
0.0,-14.6155198461,13.698359107
0.0,-14.617691033,13.6930762123
0.0,-14.6190520152,13.6872634236
0.0,-14.6206836611,13.6811867239
0.0,-14.622586787,13.6743174821
0.0,-14.6227977768,13.6712936817
0.0,-14.6200514938,13.667475912
0.0,-14.6175803786,13.6563407281
0.0,-14.617631926,13.6563291143
0.0,-14.6203194194,13.6561478783
0.0,-14.6227229518,13.6557367388
0.0,-14.6262118971,13.6556029965
0.0,-14.6276266461,13.6551903179
0.0,-14.6299842142,13.6545948062
0.0,-14.632105487,13.6539525809
0.0,-14.6345159631,13.6531823619
0.0,-14.6351229681,13.6529884016
0.0,-14.637717219,13.652531055
0.0,-14.6405461294,13.6516603451
0.0,-14.642903679,13.6506499027
0.0,-14.6450726553,13.6493633837
0.0,-14.6467228753,13.6487203574
0.0,-14.6492694028,13.6468816389
0.0,-14.6522861512,13.6459172457
0.0,-14.6552095929,13.6447243724
0.0,-14.6586508395,13.643484705
0.0,-14.6609613094,13.6421518966
0.0,-14.6627525894,13.6405866574
0.0,-14.6655340938,13.6387480851
0.0,-14.6678446724,13.6376909955
0.0,-14.670013075,13.6358052098
0.0,-14.6722777585,13.6344722316
0.0,-14.6753418182,13.6329571743
0.0,-14.6771801434,13.6319457189
0.0,-14.6791593031,13.6306111748
0.0,-14.6813755947,13.6290949451
0.0,-14.6831195573,13.6281748751
0.0,-14.6842506715,13.6279457394
0.0,-14.6864189471,13.6264294023
0.0,-14.6890113771,13.6248661051
0.0,-14.6912261208,13.6231180773
0.0,-14.6934424462,13.6214627131
0.0,-14.6961766918,13.6196237273
0.0,-14.6977327618,13.6173232616
0.0,-14.6996657544,13.6152990264
0.0,-14.7035773754,13.6144277562
0.0,-14.706262854,13.6145224925
0.0,-14.7090438401,13.6144794183
0.0,-14.7107405453,13.6147119717
0.0,-14.71253058,13.6151740667
0.0,-14.7141794734,13.6157738802
0.0,-14.7153575486,13.6167890849
0.0,-14.7171481623,13.6177575098
0.0,-14.7195978507,13.6189109001
0.0,-14.7213410635,13.619925583
0.0,-14.7225660468,13.6208944656
0.0,-14.7244037391,13.6216775268
0.0,-14.7269007752,13.6234299433
0.0,-14.7297274665,13.6244457557
0.0,-14.7317059957,13.625921774
0.0,-14.7343916978,13.6269825928
0.0,-14.7367003214,13.6283662419
0.0,-14.7390099544,13.629381402
0.0,-14.7417422835,13.630672767
0.0,-14.7436066851,13.6323825879
0.0,-14.7440051703,13.632748029
0.0,-14.7463604312,13.6338535905
0.0,-14.7490460948,13.6350996177
0.0,-14.7517786412,13.6362993218
0.0,-14.7541822277,13.6376817753
0.0,-14.756114036,13.6398944943
0.0,-14.7585645669,13.6406338264
0.0,-14.760872404,13.6419245708
0.0,-14.761669879,13.6425357881
0.0,-14.7626162212,13.6432610968
0.0,-14.7660562459,13.6444613208
0.0,-14.76831686,13.646258315
0.0,-14.7708151045,13.6473660413
0.0,-14.7727463849,13.6485636463
0.0,-14.7752444138,13.6499471151
0.0,-14.7782592762,13.6511467865
0.0,-14.7804276539,13.6519308637
0.0,-14.7821243818,13.6537735755
0.0,-14.7825820786,13.6552992439
0.0,-14.7829255025,13.6564439849
0.0,-14.7832079665,13.6591161993
0.0,-14.7834432854,13.6624767083
0.0,-14.7842913518,13.6644113451
0.0,-14.7845278578,13.6668054695
0.0,-14.7845680735,13.6672061066
0.0,-14.7924330062,13.6680588905
0.0,-14.7936021114,13.6740887562
0.0,-14.7867425106,13.67992985
0.0,-14.7871672219,13.6829231754
0.0,-14.7874024918,13.6854563165
0.0,-14.7875908679,13.6887252233
0.0,-14.7876378475,13.6911203084
0.0,-14.7880611021,13.6944809668
0.0,-14.7885804786,13.6970143478
0.0,-14.7888642826,13.6983030987
0.0,-14.7893813593,13.7001910911
0.0,-14.790183404,13.7020804543
0.0,-14.7903710743,13.7042439507
0.0,-14.7907017969,13.7054411867
0.0,-14.7913143181,13.7072829141
0.0,-14.7922577368,13.709493386
0.0,-14.7927758298,13.7122573301
0.0,-14.793341416,13.7149286303
0.0,-14.794236656,13.7170927126
0.0,-14.8026643275,13.7211788205
0.0,-14.8045707078,13.7240512262
0.0,-14.8014017806,13.7333495805
0.0,-14.8023445272,13.7355600113
0.0,-14.8044663646,13.7377250343
0.0,-14.8044685589,13.7377324597
0.0,-14.8051737158,13.7401195011
0.0,-14.8069167575,13.7418230544
0.0,-14.8139530657,13.7427192473
0.0,-14.8168867628,13.7467406834
0.0,-14.8187502159,13.7559637688
0.0,-14.8212022823,13.7576688722
0.0,-14.8236521208,13.7596949457
0.0,-14.8264341548,13.7617212291
0.0,-14.8287913729,13.7640241019
0.0,-14.8309125793,13.7649456042
0.0,-14.8329870202,13.7670187986
0.0,-14.8356736294,13.7680785355
0.0,-14.835643556,13.7681127878
0.0,-14.835612439,13.7680784955
0.0,-14.8347644436,13.7690443062
0.0,-14.832926367,13.7703327004
0.0,-14.830995101,13.7725421836
0.0,-14.8308529803,13.773187468
0.0,-14.831419542,13.7765017967
0.0,-14.8292989262,13.778204776
0.0,-14.8278852861,13.7793091912
0.0,-14.827872203,13.7793469745
0.0,-14.8257980675,13.7806814888
0.0,-14.8233005413,13.7829379777
0.0,-14.8212738142,13.7849630785
0.0,-14.8199067524,13.7881855956
0.0,-14.8173618301,13.791360891
0.0,-14.815759549,13.7935704914
0.0,-14.8137795678,13.796239812
0.0,-14.8124123934,13.7979432091
0.0,-14.8106684154,13.80042845
0.0,-14.8092533911,13.8029614041
0.0,-14.8080761445,13.8046174517
0.0,-14.806473158,13.8064133107
0.0,-14.8045873895,13.8078393384
0.0,-14.8022824647,13.8093703987
0.0,-14.801572582,13.809467395
0.0,-14.80151752,13.8094749467
0.0,-14.8014851253,13.80947939
0.0,-14.7992869641,13.8097808807
0.0,-14.7961277649,13.8101942147
0.0,-14.7934146754,13.8104421259
0.0,-14.7906119853,13.8106981915
0.0,-14.7845303445,13.8108794242
0.0,-14.779154616,13.8109232503
0.0,-14.7756650586,13.8111517908
0.0,-14.7706192511,13.8114726445
0.0,-14.764254514,13.81165311
0.0,-14.7593029447,13.8119738213
0.0,-14.7540219857,13.8126150959
0.0,-14.7498808503,13.8129686204
0.0,-14.7497301572,13.8129814839
0.0,-14.7440722868,13.813990623
0.0,-14.7361959984,13.8145383734
0.0,-14.7303013088,13.8152259464
0.0,-14.723886903,13.8162360462
0.0,-14.7201144996,13.8173846333
0.0,-14.7185576375,13.8208369112
0.0,-14.7174722269,13.8231843316
0.0,-14.7160554247,13.8269600034
0.0,-14.7144984358,13.8304122495
0.0,-14.7134599675,13.8330818254
0.0,-14.7120919591,13.8365806143
0.0,-14.7104870715,13.8398485427
0.0,-14.7094660731,13.8428165051
0.0,-14.7091886166,13.8436231754
0.0,-14.7090470237,13.8439356637
0.0,-14.7068519513,13.8487799857
0.0,-14.7042080525,13.8548575524
0.0,-14.7015643786,13.8601970326
0.0,-14.7009495147,13.8620299373
0.0,-14.6999119308,13.8651228962
0.0,-14.6972592814,13.8714162393
0.0,-14.6942935009,13.8790711035
0.0,-14.6932088538,13.8811242334
0.0,-14.6918857807,13.883628624
0.0,-14.6918601466,13.8836402685
0.0,-14.6870255251,13.8858365992
0.0,-14.6837191358,13.8877216442
0.0,-14.682023157,13.8886885301
0.0,-14.6789559022,13.8905279471
0.0,-14.6750397166,13.8913071583
0.0,-14.6708866206,13.8939294134
0.0,-14.6672510869,13.8974259784
0.0,-14.6631446562,13.9000470297
0.0,-14.6586607769,13.9023928334
0.0,-14.6549792276,13.9051070159
0.0,-14.651627555,13.9076825921
0.0,-14.6488899162,13.9092926501
0.0,-14.6451603762,13.9110854645
0.0,-14.6422331472,13.9136615232
0.0,-14.6413970861,13.9142344609
0.0,-14.6379376293,13.9166051048
0.0,-14.6337831686,13.9188119052
0.0,-14.6308544189,13.9211131709
0.0,-14.6250940094,13.9242396537
0.0,-14.6225438592,13.9263096989
0.0,-14.6185792812,13.928608074
0.0,-14.61230047,13.9311818783
0.0,-14.6090415705,13.9334812149
0.0,-14.6053113918,13.9366093326
0.0,-14.6042755305,13.9374498081
0.0,-14.6033275769,13.9382189499
0.0,-14.6013419399,13.9412108194
0.0,-14.6005382063,13.9436044606
0.0,-14.5992137982,13.9472879642
0.0,-14.5985031962,13.9500049955
0.0,-14.5971801981,13.9521683284
0.0,-14.5958547218,13.9564044887
0.0,-14.594482956,13.9599488621
0.0,-14.5933944146,13.9629873576
0.0,-14.5922116962,13.9662562551
0.0,-14.5913219416,13.9683032586
0.0,-14.5913083263,13.9683345818
0.0,-14.5906510868,13.9698466235
0.0,-14.5899875097,13.9723783427
0.0,-14.5889468063,13.9761085912
0.0,-14.5878576917,13.9787322602
0.0,-14.587747269,13.97905482
0.0,-14.5870537597,13.9810806333
0.0,-14.586249235,13.9834278717
0.0,-14.586190035,13.9836063798
0.0,-14.585837317,13.9846699439
0.0,-14.5858275384,13.9846994297
0.0,-14.6075212112,13.9858788521
0.0,-14.6103949933,13.9860349452
0.0,-14.6104004936,13.9860397073
0.0,-14.61124071,13.9867671858
0.0,-14.6077546266,13.989435559
0.0,-14.6068742672,13.9901094001
0.0,-14.602115299,13.9936901202
0.0,-14.6012129635,13.9941288257
0.0,-14.5985647891,13.9954163092
0.0,-14.5963285315,13.9965034938
0.0,-14.5959500976,13.9966640882
0.0,-14.5943671369,13.9973136098
0.0,-14.5918434543,13.9984067468
0.0,-14.5893653769,13.999458275
0.0,-14.5882136323,14.0006945186
0.0,-14.588189941,14.0007199473
0.0,-14.5862726542,14.0026587161
0.0,-14.5843085911,14.0049041283
0.0,-14.5828874025,14.0066346496
0.0,-14.583320311,14.0079193267
0.0,-14.5841690047,14.009720098
0.0,-14.5845090794,14.0111402403
0.0,-14.5847471159,14.0126596668
0.0,-14.5847649764,14.013950288
0.0,-14.5847651345,14.0139617216
0.0,-14.5847662975,14.014045757
0.0,-14.5847703028,14.0143352137
0.0,-14.5847758399,14.0147353362
0.0,-14.5847853308,14.0154211367
0.0,-14.5847962911,14.0162131688
0.0,-14.5848274538,14.0168266044
0.0,-14.5848921524,14.0181002011
0.0,-14.5849483403,14.0192062563
0.0,-14.5852858499,14.022064034
0.0,-14.5857159911,14.0249129276
0.0,-14.5862866118,14.0268940505
0.0,-14.5861964865,14.0306733548
0.0,-14.5869122418,14.0343636171
0.0,-14.5867372127,14.0390107834
0.0,-14.5873081973,14.0408110681
0.0,-14.5878310883,14.0436149046
0.0,-14.5878820339,14.0462009336
0.0,-14.5881727352,14.0493750846
0.0,-14.58878916,14.0516817808
0.0,-14.5892672473,14.0536627372
0.0,-14.5894183819,14.0572073598
0.0,-14.5901281199,14.0591434989
0.0,-14.5899013157,14.0616759333
0.0,-14.5904178801,14.0628703201
0.0,-14.5905298447,14.0676174252
0.0,-14.591286015,14.0695084303
0.0,-14.5912892202,14.0722661665
0.0,-14.592101825,14.0743380992
0.0,-14.5920664556,14.0768435808
0.0,-14.5891307279,14.0783088242
0.0,-14.5849582735,14.0816508966
0.0,-14.5831144845,14.0847576995
0.0,-14.5813914497,14.0888216132
0.0,-14.5832237931,14.0920543819
0.0,-14.5851815484,14.093732364
0.0,-14.5919986178,14.09594879
0.0,-14.5919586225,14.0976033573
0.0,-14.5913994349,14.0994921293
0.0,-14.5913408225,14.1001447326
0.0,-14.5449697095,14.1108494656
0.0,-14.5439413654,14.1091685913
0.0,-14.5422526299,14.1058561394
0.0,-14.5405631117,14.1029584609
0.0,-14.5373912724,14.0998499717
0.0,-14.5331562062,14.0986008365
0.0,-14.5293431492,14.0979729361
0.0,-14.5267536661,14.0982085574
0.0,-14.5267407975,14.0982028964
0.0,-14.5162068303,14.0935687831
0.0,-14.5067047202,14.0901299439
0.0,-14.5001983568,14.0901165449
0.0,-14.4965209643,14.0933656347
0.0,-14.4938426795,14.097430949
0.0,-14.492665118,14.101825068
0.0,-14.4921581182,14.1047550612
0.0,-14.4908119465,14.11334795
0.0,-14.4904809593,14.113295143
0.0,-14.4891069194,14.1130492383
0.0,-14.4877312013,14.1127784579
0.0,-14.4863561214,14.1124828067
0.0,-14.4846046523,14.1119444799
0.0,-14.483335474,14.1109076282
0.0,-14.4820677083,14.1092502941
0.0,-14.4808004288,14.1073861285
0.0,-14.4782697984,14.1022111329
