63,12,1,34,76,
0.0,-14.829169915,14.1717771972
0.0,-14.8285951551,14.1708985991
0.0,-14.8281106385,14.1697861069
0.0,-14.8276154967,14.1685617132
0.0,-14.8271198519,14.1672423789
0.0,-14.8266332521,14.1658416734
0.0,-14.8261655287,14.1643776877
0.0,-14.8257262264,14.1628673822
0.0,-14.8253251783,14.1613254571
0.0,-14.8249719264,14.1597688731
0.0,-14.8246760122,14.1582145908
0.0,-14.8244475607,14.1566773107
0.0,-14.8242961109,14.1551739936
0.0,-14.8242312054,14.1537215999
0.0,-14.8242623847,14.1523370902
0.0,-14.824400061,14.1510340348
0.0,-14.8246531957,14.1498305239
0.0,-14.8250316187,14.1487435176
0.0,-14.8255454526,14.1477877158
0.0,-14.8262268288,14.1469755734
0.0,-14.8271191842,14.1463014691
0.0,-14.8282005256,14.1457473011
0.0,-14.8294462523,14.1452983565
0.0,-14.8308317659,14.1449376619
0.0,-14.8323333343,14.1446516356
0.0,-14.8339260672,14.1444221744
0.0,-14.8355856531,14.144234567
0.0,-14.8372883642,14.1440718425
0.0,-14.8390090184,14.1439204201
0.0,-14.8434225876,14.1542440635
0.0,-14.8461170358,14.1578342974
0.0,-14.8520013531,14.1575987642
0.0,-14.8569061635,14.1554486407
0.0,-14.8569109538,14.1477931893
0.0,-14.8564233325,14.143486702
0.0,-14.8569184329,14.1358315336
0.0,-14.8566770262,14.1298505563
0.0,-14.8532859265,14.1235480544
0.0,-14.8531284523,14.1221442066
0.0,-14.8529478297,14.1207245212
0.0,-14.8527472387,14.1192923906
0.0,-14.8525289956,14.1178478163
0.0,-14.8522968659,14.1163941913
0.0,-14.8520534524,14.1149326473
0.0,-14.85180165,14.1134654466
0.0,-14.8515446407,14.1119948515
0.0,-14.8512850301,14.1105231242
0.0,-14.8510262918,14.109051397
0.0,-14.8507713184,14.1075819322
0.0,-14.8505227136,14.1061169918
0.0,-14.8502839522,14.1046577083
0.0,-14.8500576371,14.1032074741
0.0,-14.8498469497,14.1017685517
0.0,-14.8496544964,14.1003409426
0.0,-14.8494837488,14.0989280399
0.0,-14.8493373106,14.0975309755
0.0,-14.8492186539,14.096152012
0.0,-14.8491289328,14.0947934107
0.0,-14.8490490552,14.0934393363
0.0,-14.8489712035,14.092085263
0.0,-14.8488945113,14.09073006
0.0,-14.8487886194,14.0888764037
0.0,-14.8479753302,14.0877445242
0.0,-14.8471922087,14.0865324142
0.0,-14.846434905,14.0852513735
0.0,-14.8456996515,14.0839115721
0.0,-14.8449829649,14.0825220498
0.0,-14.8442804976,14.0810929762
0.0,-14.8435887695,14.0796367817
0.0,-14.8429037207,14.0781625056
0.0,-14.8422215798,14.0766803177
0.0,-14.8415385773,14.0752003877
0.0,-14.8408506535,14.0737340153
0.0,-14.8401540378,14.0722902399
0.0,-14.8394446726,14.0708803611
0.0,-14.8387193642,14.0695145488
0.0,-14.8379734747,14.0682018417
0.0,-14.8372038107,14.06695467
0.0,-14.836406025,14.0657820727
0.0,-14.8355766358,14.0646953493
0.0,-14.8347112937,14.0637035387
0.0,-14.8338068083,14.0628168102
0.0,-14.8328588246,14.062046463
0.0,-14.8318635756,14.061402666
0.0,-14.8308172873,14.0608967184
0.0,-14.82971619,14.0605365286
0.0,-14.8285562202,14.0603333954
0.0,-14.827333605,14.0602986175
0.0,-14.8260637119,14.0603926466
0.0,-14.8247894697,14.0604968381
0.0,-14.8235131946,14.0606078028
0.0,-14.8222348865,14.0607255407
0.0,-14.8209545462,14.0608489215
0.0,-14.8196721726,14.0609790754
0.0,-14.8183874795,14.0611148719
0.0,-14.8171010419,14.0612574417
0.0,-14.8158125708,14.0614067846
0.0,-14.8145220696,14.0615606399
0.0,-14.8132295328,14.0617212681
0.0,-14.8119352558,14.0618875393
0.0,-14.8106389429,14.0620605833
0.0,-14.8093408886,14.0622381399
0.0,-14.808040801,14.0624213391
0.0,-14.806738971,14.0626101811
0.0,-14.8054351075,14.0628046655
0.0,-14.8041297902,14.063004793
0.0,-14.8028224393,14.0632105628
0.0,-14.8015133446,14.0634208451
0.0,-14.8002025069,14.06363677
0.0,-14.7988899271,14.0638572072
0.0,-14.7975758912,14.0640832873
0.0,-14.796259824,14.0643138793
0.0,-14.7949423016,14.0645489839
0.0,-14.7936233248,14.0647897312
0.0,-14.7923026035,14.0650349908
0.0,-14.7909801396,14.0652847624
0.0,-14.789656222,14.0655390465
0.0,-14.7883308505,14.065797843
0.0,-14.7870037354,14.0660600213
0.0,-14.7856754543,14.0663278424
0.0,-14.785211414,14.0664228592
0.0,-14.7843454283,14.0666001756
0.0,-14.7830139492,14.0668758907
0.0,-14.7816813078,14.0671549882
0.0,-14.7803469183,14.0674397278
0.0,-14.7790113665,14.0677278497
0.0,-14.7789287443,14.0677458641
0.0,-14.7776743612,14.0680193535
0.0,-14.7763359007,14.0683142391
0.0,-14.7749959857,14.0686136369
0.0,-14.773655484,14.0689164174
0.0,-14.7723132398,14.0692225794
0.0,-14.7709692518,14.0695332532
0.0,-14.7696246781,14.0698461794
0.0,-14.7682789396,14.0701624876
0.0,-14.7669314553,14.0704833074
0.0,-14.7655833881,14.0708052494
0.0,-14.7642335768,14.071131703
0.0,-14.7628831796,14.0714604089
0.0,-14.7615310375,14.0717924962
0.0,-14.76017831,14.0721279659
0.0,-14.7588244184,14.0724656873
0.0,-14.7574693628,14.0728056603
0.0,-14.7561137217,14.0731490158
0.0,-14.7547569145,14.0734946229
0.0,-14.7533989449,14.0738424815
0.0,-14.7520398092,14.0741925917
0.0,-14.7506800878,14.0745460843
0.0,-14.7493192032,14.0749006981
0.0,-14.7479577341,14.0752575641
0.0,-14.7465950986,14.0756166815
0.0,-14.7452318785,14.075978051
0.0,-14.7438674938,14.076341672
0.0,-14.7425025257,14.0767064148
0.0,-14.741136971,14.0770734096
0.0,-14.7397702528,14.0774415256
0.0,-14.738865046,14.077686724
0.0,-14.738402948,14.0778118936
0.0,-14.7370350596,14.0781833833
0.0,-14.7356660065,14.0785571245
0.0,-14.7342969476,14.0789319879
0.0,-14.7329267266,14.0793068423
0.0,-14.7318585877,14.079600686
0.0,-14.7315559206,14.0796839486
0.0,-14.730185107,14.0800621772
0.0,-14.7288131304,14.0804426571
0.0,-14.7274405708,14.0808219983
0.0,-14.7260674242,14.0812035913
0.0,-14.7246942737,14.0815863066
0.0,-14.7233199591,14.0819690127
0.0,-14.7219456404,14.0823528412
0.0,-14.7205707375,14.082736661
0.0,-14.7191952488,14.0831216024
0.0,-14.7178197575,14.0835065359
0.0,-14.7164436805,14.083892591
0.0,-14.7150670191,14.0842786375
0.0,-14.7136897752,14.0846646753
0.0,-14.7123125268,14.0850507052
0.0,-14.7109352725,14.0854378573
0.0,-14.7095574371,14.0858238705
0.0,-14.7081795939,14.086211006
0.0,-14.7068011697,14.0865970026
0.0,-14.7054227409,14.0869829912
0.0,-14.7040437297,14.0873689711
0.0,-14.7026647135,14.0877538128
0.0,-14.7012856948,14.0881386465
0.0,-14.6999066697,14.0885234723
0.0,-14.6985270636,14.088907159
0.0,-14.6971480344,14.0892897083
0.0,-14.6957684209,14.0896722489
0.0,-14.6943888044,14.0900536512
0.0,-14.6930091836,14.0904350456
0.0,-14.6916301393,14.0908141722
0.0,-14.6902505127,14.0911932901
0.0,-14.6888708847,14.0915701395
0.0,-14.6874912538,14.0919458507
0.0,-14.6861121985,14.0923215547
0.0,-14.6847331402,14.0926949903
0.0,-14.6833540824,14.0930661574
0.0,-14.6819750185,14.0934373164
0.0,-14.6805965334,14.0938062079
0.0,-14.6792174691,14.0941728301
0.0,-14.6778395582,14.0945383156
0.0,-14.6764610667,14.0949026622
0.0,-14.6750837337,14.0952636117
0.0,-14.6737058201,14.0956234222
0.0,-14.6723284836,14.095980965
0.0,-14.6709517243,14.0963362403
0.0,-14.6695749644,14.0966903773
0.0,-14.6681987834,14.0970411165
0.0,-14.6668231797,14.0973895881
0.0,-14.6654475771,14.0977357913
0.0,-14.6640725536,14.0980785967
0.0,-14.6626981058,14.0984202648
0.0,-14.6613242391,14.098758535
0.0,-14.6599509534,14.0990934075
0.0,-14.6585776654,14.0994260116
0.0,-14.6572049569,14.0997563482
0.0,-14.6558334077,14.1000832878
0.0,-14.6544618598,14.1004068289
0.0,-14.6537795954,14.1005662181
0.0,-14.6530914714,14.1007269731
0.0,-14.6517210828,14.1010448489
0.0,-14.6503518554,14.1013581977
0.0,-14.6489832078,14.101669279
0.0,-14.64761514,14.1019769626
0.0,-14.6462476538,14.1022801183
0.0,-14.6448813292,14.1025798773
0.0,-14.6435150046,14.1028762377
0.0,-14.64215042,14.1031692022
0.0,-14.6407858391,14.1034576381
0.0,-14.6394224182,14.1037426772
0.0,-14.6380601593,14.1040231893
0.0,-14.6366984826,14.1043003039
0.0,-14.635337388,14.1045728908
0.0,-14.6339774556,14.1048409507
0.0,-14.6326186836,14.105105614
0.0,-14.6312587834,14.1053499239
0.0,-14.6298937287,14.1055569209
0.0,-14.6285246763,14.1057288671
0.0,-14.6271516231,14.105868023
0.0,-14.6257751442,14.1059755196
0.0,-14.6243952365,14.1060558777
0.0,-14.6230124784,14.106107968
0.0,-14.6216262832,14.1061374405
0.0,-14.6202383873,14.1061442981
0.0,-14.6188476293,14.1061319294
0.0,-14.6174545858,14.1061014656
0.0,-14.6160598314,14.1060562981
0.0,-14.6146639407,14.1059975582
0.0,-14.6132663319,14.1059286355
0.0,-14.6118675815,14.1058506612
0.0,-14.6104688437,14.1057658974
0.0,-14.6097945321,14.1057228849
0.0,-14.6080759932,14.1068684994
0.0,-14.604274562,14.1081182391
0.0,-14.6003513663,14.1088892548
0.0,-14.5897425731,14.1084712641
0.0,-14.5899491172,14.1075639167
0.0,-14.5906551592,14.1058132859
0.0,-14.5906972482,14.1036410856
0.0,-14.5911631532,14.1021228684
0.0,-14.5913408225,14.1001447326
0.0,-14.5913994349,14.0994921293
0.0,-14.5919586225,14.0976033573
0.0,-14.5919986178,14.09594879
0.0,-14.5851815484,14.093732364
0.0,-14.5832237931,14.0920543819
0.0,-14.5813914497,14.0888216132
0.0,-14.5831144845,14.0847576995
0.0,-14.5849582735,14.0816508966
0.0,-14.5891307279,14.0783088242
0.0,-14.5920664556,14.0768435808
0.0,-14.592101825,14.0743380992
0.0,-14.5912892202,14.0722661665
0.0,-14.591286015,14.0695084303
0.0,-14.5905298447,14.0676174252
0.0,-14.5904178801,14.0628703201
0.0,-14.5899013157,14.0616759333
0.0,-14.5901281199,14.0591434989
0.0,-14.5894183819,14.0572073598
0.0,-14.5892672473,14.0536627372
0.0,-14.58878916,14.0516817808
0.0,-14.5881727352,14.0493750846
0.0,-14.5878820339,14.0462009336
0.0,-14.5878310883,14.0436149046
0.0,-14.5873081973,14.0408110681
0.0,-14.5867372127,14.0390107834
0.0,-14.5869122418,14.0343636171
0.0,-14.5861964865,14.0306733548
0.0,-14.5862866118,14.0268940505
0.0,-14.5857159911,14.0249129276
0.0,-14.5852858499,14.022064034
0.0,-14.5849483403,14.0192062563
0.0,-14.5848921524,14.0181002011
0.0,-14.5848274538,14.0168266044
0.0,-14.5847962911,14.0162131688
0.0,-14.5847853308,14.0154211367
0.0,-14.5847758399,14.0147353362
0.0,-14.5847703028,14.0143352137
0.0,-14.5847662975,14.014045757
0.0,-14.5847651345,14.0139617216
0.0,-14.5847649764,14.013950288
0.0,-14.5847471159,14.0126596668
0.0,-14.5845090794,14.0111402403
0.0,-14.5841690047,14.009720098
0.0,-14.583320311,14.0079193267
0.0,-14.5828874025,14.0066346496
0.0,-14.5843085911,14.0049041283
0.0,-14.5862726542,14.0026587161
0.0,-14.588189941,14.0007199473
0.0,-14.5882136323,14.0006945186
0.0,-14.5893653769,13.999458275
0.0,-14.5918434543,13.9984067468
0.0,-14.5943671369,13.9973136098
0.0,-14.5959500976,13.9966640882
0.0,-14.5963285315,13.9965034938
0.0,-14.5985647891,13.9954163092
0.0,-14.6012129635,13.9941288257
0.0,-14.602115299,13.9936901202
0.0,-14.6068742672,13.9901094001
0.0,-14.6077546266,13.989435559
0.0,-14.61124071,13.9867671858
0.0,-14.6104004936,13.9860397073
0.0,-14.6103949933,13.9860349452
0.0,-14.6075212112,13.9858788521
0.0,-14.5858275384,13.9846994297
0.0,-14.585837317,13.9846699439
0.0,-14.586190035,13.9836063798
0.0,-14.586249235,13.9834278717
0.0,-14.5870537597,13.9810806333
0.0,-14.587747269,13.97905482
0.0,-14.5878576917,13.9787322602
0.0,-14.5889468063,13.9761085912
0.0,-14.5899875097,13.9723783427
0.0,-14.5906510868,13.9698466235
0.0,-14.5913083263,13.9683345818
0.0,-14.5913219416,13.9683032586
0.0,-14.5922116962,13.9662562551
0.0,-14.5933944146,13.9629873576
0.0,-14.594482956,13.9599488621
0.0,-14.5958547218,13.9564044887
0.0,-14.5971801981,13.9521683284
0.0,-14.5985031962,13.9500049955
0.0,-14.5992137982,13.9472879642
0.0,-14.6005382063,13.9436044606
0.0,-14.6013419399,13.9412108194
0.0,-14.6033275769,13.9382189499
0.0,-14.6042755305,13.9374498081
0.0,-14.6053113918,13.9366093326
0.0,-14.6090415705,13.9334812149
0.0,-14.61230047,13.9311818783
0.0,-14.6185792812,13.928608074
0.0,-14.6225438592,13.9263096989
0.0,-14.6250940094,13.9242396537
0.0,-14.6308544189,13.9211131709
0.0,-14.6337831686,13.9188119052
0.0,-14.6379376293,13.9166051048
0.0,-14.6413970861,13.9142344609
0.0,-14.6422331472,13.9136615232
0.0,-14.6451603762,13.9110854645
0.0,-14.6488899162,13.9092926501
0.0,-14.651627555,13.9076825921
0.0,-14.6549792276,13.9051070159
0.0,-14.6586607769,13.9023928334
0.0,-14.6631446562,13.9000470297
0.0,-14.6672510869,13.8974259784
0.0,-14.6708866206,13.8939294134
0.0,-14.6750397166,13.8913071583
0.0,-14.6789559022,13.8905279471
0.0,-14.682023157,13.8886885301
0.0,-14.6837191358,13.8877216442
0.0,-14.6870255251,13.8858365992
0.0,-14.6918601466,13.8836402685
0.0,-14.6918857807,13.883628624
0.0,-14.6932088538,13.8811242334
0.0,-14.6942935009,13.8790711035
0.0,-14.6972592814,13.8714162393
0.0,-14.6999119308,13.8651228962
0.0,-14.7009495147,13.8620299373
0.0,-14.7015643786,13.8601970326
0.0,-14.7042080525,13.8548575524
0.0,-14.7068519513,13.8487799857
0.0,-14.7090470237,13.8439356637
0.0,-14.7091886166,13.8436231754
0.0,-14.7094660731,13.8428165051
0.0,-14.7104870715,13.8398485427
0.0,-14.7120919591,13.8365806143
0.0,-14.7134599675,13.8330818254
0.0,-14.7144984358,13.8304122495
0.0,-14.7160554247,13.8269600034
0.0,-14.7174722269,13.8231843316
0.0,-14.7185576375,13.8208369112
0.0,-14.7201144996,13.8173846333
0.0,-14.723886903,13.8162360462
0.0,-14.7303013088,13.8152259464
0.0,-14.7361959984,13.8145383734
0.0,-14.7440722868,13.813990623
0.0,-14.7497301572,13.8129814839
0.0,-14.7498808503,13.8129686204
0.0,-14.7540219857,13.8126150959
0.0,-14.7593029447,13.8119738213
0.0,-14.764254514,13.81165311
0.0,-14.7706192511,13.8114726445
0.0,-14.7756650586,13.8111517908
0.0,-14.779154616,13.8109232503
0.0,-14.7845303445,13.8108794242
0.0,-14.7906119853,13.8106981915
0.0,-14.7934146754,13.8104421259
0.0,-14.7961277649,13.8101942147
0.0,-14.7992869641,13.8097808807
0.0,-14.8014851253,13.80947939
0.0,-14.80151752,13.8094749467
0.0,-14.801572582,13.809467395
0.0,-14.8022824647,13.8093703987
0.0,-14.8045873895,13.8078393384
0.0,-14.806473158,13.8064133107
0.0,-14.8080761445,13.8046174517
0.0,-14.8092533911,13.8029614041
0.0,-14.8106684154,13.80042845
0.0,-14.8124123934,13.7979432091
0.0,-14.8137795678,13.796239812
0.0,-14.815759549,13.7935704914
0.0,-14.8173618301,13.791360891
0.0,-14.8199067524,13.7881855956
0.0,-14.8212738142,13.7849630785
0.0,-14.8233005413,13.7829379777
0.0,-14.8257980675,13.7806814888
0.0,-14.827872203,13.7793469745
0.0,-14.8278852861,13.7793091912
0.0,-14.8292989262,13.778204776
0.0,-14.831419542,13.7765017967
0.0,-14.8308529803,13.773187468
0.0,-14.830995101,13.7725421836
0.0,-14.832926367,13.7703327004
0.0,-14.8347644436,13.7690443062
0.0,-14.835612439,13.7680784955
0.0,-14.835643556,13.7681127878
0.0,-14.8370738202,13.7696889666
0.0,-14.8391009337,13.7709335929
0.0,-14.8410344678,13.77208433
0.0,-14.8425899041,13.7727759223
0.0,-14.8445690105,13.7736960866
0.0,-14.8469268262,13.7755387685
0.0,-14.849990953,13.7769207105
0.0,-14.8532447108,13.7783942793
0.0,-14.8562144323,13.7796834061
0.0,-14.8579585536,13.7806971379
0.0,-14.8604093598,13.7820333855
0.0,-14.863203364,13.7830367815
0.0,-14.8636151603,13.7831846645
0.0,-14.8665379289,13.7843820896
0.0,-14.8695070108,13.7855331637
0.0,-14.8720531896,13.7871451314
0.0,-14.8743156002,13.788019994
0.0,-14.877803123,13.7886648732
0.0,-14.8785663188,13.78902579
0.0,-14.8785508775,13.7890621444
0.0,-14.8785532452,13.789063576
0.0,-14.8808070942,13.7901294063
0.0,-14.8827877002,13.7909588438
0.0,-14.8854739027,13.7915105495
0.0,-14.8865120784,13.7916037126
0.0,-14.8884916054,13.7923392917
0.0,-14.8906600671,13.7928002842
0.0,-14.8932998833,13.7937203509
0.0,-14.8967875246,13.7944113025
0.0,-14.8977307944,13.7953780749
0.0,-14.8985792692,13.7956078706
0.0,-14.9015960314,13.7961595367
0.0,-14.902961408,13.7965285464
0.0,-14.9039057851,13.7969889361
0.0,-14.9067804744,13.7971731462
0.0,-14.9087182203,13.7975217805
0.0,-14.9087924878,13.7974840155
0.0,-14.9104367487,13.797779835
0.0,-14.9118041393,13.7982392179
0.0,-14.9126988133,13.7979174112
0.0,-14.9150553585,13.7982392327
0.0,-14.9184015883,13.7985602319
0.0,-14.9208531926,13.799112604
0.0,-14.923822985,13.7994808792
0.0,-14.926368044,13.7998953327
0.0,-14.9291482011,13.8002171458
0.0,-14.9324473925,13.8004000478
0.0,-14.9352277292,13.8001238807
0.0,-14.9373963325,13.8006760132
0.0,-14.9406475758,13.8007209003
0.0,-14.9433807251,13.8006740739
0.0,-14.9463023309,13.800857833
0.0,-14.9481871751,13.8008107663
0.0,-14.9510610204,13.7998901872
0.0,-14.9541236088,13.799152713
0.0,-14.9565737924,13.7985077752
0.0,-14.9591182649,13.7975859128
0.0,-14.9619928589,13.7968946499
0.0,-14.9647251753,13.796296015
0.0,-14.9673158324,13.7955119669
0.0,-14.9705196526,13.7950975634
0.0,-14.9734414393,13.7958325709
0.0,-14.9764575394,13.7961538744
0.0,-14.9781080421,13.7972582991
0.0,-14.9808407716,13.7982237764
0.0,-14.9832445254,13.7987755229
0.0,-14.9865908242,13.799739847
0.0,-14.9890879876,13.8004757751
0.0,-14.9917756875,13.8016717033
0.0,-14.9946493469,13.8019916485
0.0,-14.9973370956,13.8029117304
0.0,-14.9989342566,13.8036690219
0.0,-14.9984612306,13.8043833487
0.0,-15.016253822,13.8110559145
0.0,-15.0262663572,13.8146167338
0.0,-15.0283226152,13.8210100043
0.0,-15.0303014147,13.8271620921
0.0,-15.034158493,13.8346976434
0.0,-15.0465749576,13.8522079411
0.0,-15.0511810959,13.8657001203
0.0,-15.0685300286,13.8701271497
0.0,-15.0688129344,13.871286472
0.0,-15.0694446459,13.8763656846
0.0,-15.0696034672,13.8803678907
0.0,-15.0692893057,13.8840627994
0.0,-15.0673998424,13.8883730072
0.0,-15.0651946772,13.8903741644
0.0,-15.0635306627,13.8913669703
0.0,-15.0623072604,13.891697321
0.0,-15.0611240794,13.8920954712
0.0,-15.0600042646,13.8926009746
0.0,-15.0590548803,13.8933889965
0.0,-15.0582631921,13.8944358064
0.0,-15.0575965038,13.8956882914
0.0,-15.0570215358,13.8970888169
0.0,-15.0565052997,13.8985820085
0.0,-15.0560150998,13.9001136218
0.0,-15.0555176581,13.9016260211
0.0,-15.0549802744,13.9030649614
0.0,-15.0543693833,13.9043739372
0.0,-15.0536522842,13.9054975723
0.0,-15.05279599,13.9063804905
0.0,-15.0517678013,13.9069661843
0.0,-15.0505847988,13.9073055098
0.0,-15.0493013916,13.9075080886
0.0,-15.0479305998,13.9075920008
0.0,-15.0464845796,13.9075696754
0.0,-15.04497606,13.9074569323
0.0,-15.0434171977,13.907270722
0.0,-15.0418212998,13.9070246045
0.0,-15.0402002334,13.9067344006
0.0,-15.0385667296,13.9064159314
0.0,-15.0369335152,13.9060850184
0.0,-15.0353133236,13.9057552229
0.0,-15.0337180143,13.905442367
0.0,-15.0321608959,13.9051622731
0.0,-15.0306541195,13.904930764
0.0,-15.0292101223,13.9047614023
0.0,-15.027841923,13.9046711416
0.0,-15.0265616679,13.904674675
0.0,-15.0253817976,13.9047878264
0.0,-15.0243156189,13.9050252892
0.0,-15.0233747005,13.9054017572
0.0,-15.0225723478,13.9059341844
0.0,-15.0219499287,13.9066440433
0.0,-15.0215389732,13.9075381142
0.0,-15.0213160491,13.9085960553
0.0,-15.0212557035,13.9097986551
0.0,-15.0213342161,13.911125571
0.0,-15.0215264212,13.9125598512
0.0,-15.0218080205,13.9140800227
0.0,-15.0221544265,13.915666873
0.0,-15.0225413403,13.9173023198
0.0,-15.0229435952,13.9189648906
0.0,-15.0233368887,13.9206365034
0.0,-15.0236966285,13.9222979463
0.0,-15.0239985159,13.9239288771
0.0,-15.0088034088,13.9306172684
0.0,-15.0055280391,13.9338166564
0.0,-14.9985216359,13.9404717312
0.0,-14.9742616005,13.9564173381
0.0,-14.9626572625,13.9603209815
0.0,-14.9527830745,13.9607397568
0.0,-14.9606068529,13.9797095738
0.0,-14.9369464892,13.9830503583
0.0,-14.9354465072,13.9832620706
0.0,-14.9340308329,13.9837793448
0.0,-14.9324890142,13.9842231094
0.0,-14.9309506576,13.9846815585
0.0,-14.9295456573,13.985241759
0.0,-14.92840362,13.985991911
0.0,-14.927654439,13.9870168257
0.0,-14.9271728504,13.9882317005
0.0,-14.9267036973,13.9894544896
0.0,-14.926246111,13.9906863232
0.0,-14.9257998026,13.9919272012
0.0,-14.9253641926,13.9931771236
0.0,-14.9249387022,13.9944338296
0.0,-14.9245233345,13.9956995799
0.0,-14.9241175088,13.9969721138
0.0,-14.9237206456,13.9982514312
0.0,-14.9233327464,13.9995386623
0.0,-14.9229529458,14.0008304163
0.0,-14.9225812391,14.0021300838
0.0,-14.9222170514,14.003434274
0.0,-14.921859801,14.0047441169
0.0,-14.921509492,14.0060584824
0.0,-14.9211655426,14.0073785006
0.0,-14.9208276667,14.0087019108
0.0,-14.9204949933,14.0100298431
0.0,-14.9201678138,14.0113611673
0.0,-14.9198452577,14.0126958832
0.0,-14.9195270403,14.0140328604
0.0,-14.9192125797,14.0153732291
0.0,-14.9189018766,14.0167147287
0.0,-14.9185943507,14.0180596195
0.0,-14.9182894268,14.0194056408
0.0,-14.9179871049,14.0207527928
0.0,-14.9176865131,14.0220999448
0.0,-14.9173876565,14.0234482271
0.0,-14.9170899518,14.0247976395
0.0,-14.9167928237,14.0261459213
0.0,-14.9164962704,14.0274930725
0.0,-14.9161997136,14.0288402233
0.0,-14.9159025758,14.030186243
0.0,-14.9156045661,14.0315311316
0.0,-14.9153053966,14.0328726286
0.0,-14.9150047773,14.0342129943
0.0,-14.914701838,14.0355510981
0.0,-14.914396583,14.0368858098
0.0,-14.9140887213,14.0382171293
0.0,-14.913997278,14.0386071543
0.0,-14.9137773823,14.0395450563
0.0,-14.9100983731,14.0432085613
0.0,-14.9120762534,14.047586133
0.0,-14.9118496796,14.0489581667
0.0,-14.9116361243,14.0503381164
0.0,-14.9114335638,14.051723721
0.0,-14.9112405485,14.0531138498
0.0,-14.9110550573,14.054508502
0.0,-14.9108753501,14.0559054165
0.0,-14.9106994026,14.0573034623
0.0,-14.9105260584,14.0587037693
0.0,-14.9103527125,14.0601029457
0.0,-14.9101784965,14.0614998611
0.0,-14.9100008053,14.0628956445
0.0,-14.9098181934,14.0642869049
0.0,-14.909628923,14.0656736415
0.0,-14.9094309681,14.0670535931
0.0,-14.9092228834,14.0684278893
0.0,-14.9090026407,14.0697942689
0.0,-14.9087685052,14.0711504707
0.0,-14.9085187401,14.0724976243
0.0,-14.9082516088,14.0738323382
0.0,-14.907965373,14.0751557419
0.0,-14.9076577192,14.076465574
0.0,-14.9073274879,14.0777607038
0.0,-14.9069726544,14.0790400001
0.0,-14.9065914803,14.0803034621
0.0,-14.9061819415,14.0815488285
0.0,-14.9057425892,14.0827749683
0.0,-14.905271687,14.0839818807
0.0,-14.9047669178,14.0851673041
0.0,-14.9042268361,14.0863312377
0.0,-14.9036497047,14.0874714201
0.0,-14.9030320498,14.0885867195
0.0,-14.9023200419,14.0896420762
0.0,-14.9014997859,14.0906307023
0.0,-14.9005805427,14.0915571215
0.0,-14.8995724437,14.0924281183
0.0,-14.8984853278,14.0932493471
0.0,-14.8973293232,14.0940264622
0.0,-14.8961139799,14.0947662481
0.0,-14.8948491402,14.0954754899
0.0,-14.8935449333,14.096158712
0.0,-14.8922111999,14.0968226996
0.0,-14.8908580683,14.0974731082
0.0,-14.8894947995,14.098116723
0.0,-14.8881318126,14.0987591999
0.0,-14.8867786593,14.0994073249
0.0,-14.885445468,14.100066754
0.0,-14.8841420778,14.1007431435
0.0,-14.8828783313,14.1014432802
0.0,-14.8816640676,14.1021728206
0.0,-14.8805091261,14.1029374217
0.0,-14.8794236364,14.1037438706
0.0,-14.878417149,14.1045978244
0.0,-14.877499795,14.1055072009
0.0,-14.8766814116,14.1064753968
0.0,-14.8759712657,14.1075091993
0.0,-14.8753699338,14.1086063492
0.0,-14.8748684451,14.1097634519
0.0,-14.8744578311,14.110973722
0.0,-14.8741285422,14.1122315036
0.0,-14.8738718944,14.1135311415
0.0,-14.8736789169,14.1148692404
0.0,-14.8735397698,14.1162390139
0.0,-14.8734457741,14.1176348063
0.0,-14.8733876647,14.1190520918
0.0,-14.8733561841,14.1204852145
0.0,-14.8733426479,14.1219273884
0.0,-14.8733372146,14.1233763477
0.0,-14.8733314908,14.1248241765
0.0,-14.8733159286,14.1262663488
0.0,-14.8732812602,14.1276972084
0.0,-14.8732188068,14.1291110998
0.0,-14.8731190143,14.1305034967
0.0,-14.8729447028,14.1320834731
0.0,-14.8725726864,14.1335616233
0.0,-14.8719976157,14.1351832045
0.0,-14.8714882887,14.1367584796
0.0,-14.871122013,14.1454949917
0.0,-14.8728751805,14.1477789973
0.0,-14.8738855633,14.1477795299
0.0,-14.8707955875,14.1592397444
0.0,-14.8688513294,14.1635448809
0.0,-14.8701245297,14.1661200584
0.0,-14.8689895605,14.1674632956
0.0,-14.8662110926,14.1687457049
0.0,-14.8630894919,14.169925035
0.0,-14.8615844847,14.1699399945
0.0,-14.8600783198,14.1699538137
0.0,-14.8585721529,14.1699676234
0.0,-14.857066857,14.1699814242
0.0,-14.8555635853,14.1699974772
0.0,-14.8540629198,14.1700157828
0.0,-14.8525663053,14.1700374723
0.0,-14.8510740308,14.1700625457
0.0,-14.8495875467,14.1700921345
0.0,-14.8490246161,14.1701051085
0.0,-14.8432721071,14.1665405592
0.0,-14.8382145299,14.1676649891
0.0,-14.8365245815,14.1706995628
0.0,-14.8352987308,14.1715237918
0.0,-14.8333318911,14.171433145
0.0,-14.8316840883,14.1718614815
0.0,-14.8302377291,14.1720469499
0.0,-14.829169915,14.1717771972
