31,8,17,18,90,
0.0,-16.3585567087,14.5998632532
0.0,-16.3577087883,14.5987305082
0.0,-16.3572338456,14.5975690269
0.0,-16.3580913868,14.5965077888
0.0,-16.3580806756,14.5948409187
0.0,-16.3580697581,14.5948317097
0.0,-16.3571694384,14.5940722474
0.0,-16.3551987892,14.5931031148
0.0,-16.3547626606,14.5930489332
0.0,-16.3522389977,14.592735397
0.0,-16.3482959066,14.5922454561
0.0,-16.3466786606,14.5904633941
0.0,-16.3454583775,14.5891187216
0.0,-16.3435686018,14.5870362636
0.0,-16.3417391262,14.5850201984
0.0,-16.3405735532,14.5845232969
0.0,-16.3367177163,14.584119006
0.0,-16.3334215918,14.5837238121
0.0,-16.3308331256,14.5834134305
0.0,-16.3291359274,14.5832099036
0.0,-16.3247825022,14.5826877858
0.0,-16.3231724971,14.5801380949
0.0,-16.3195992874,14.5780655708
0.0,-16.3175052158,14.5769413315
0.0,-16.3150484918,14.5767757908
0.0,-16.3108675046,14.5757230133
0.0,-16.3079454417,14.5756504631
0.0,-16.3069377539,14.5756254353
0.0,-16.3065711352,14.5755800096
0.0,-16.3074700548,14.5744965724
0.0,-16.3074313625,14.5744999219
0.0,-16.3074908188,14.5742168124
0.0,-16.3086753912,14.5682708477
0.0,-16.307967055,14.5649940045
0.0,-16.3079748184,14.564813389
0.0,-16.3078665554,14.5626715573
0.0,-16.3080473923,14.5609007062
0.0,-16.3083271547,14.5596881987
0.0,-16.3090861765,14.5586593096
0.0,-16.3098440931,14.5574441252
0.0,-16.3101641531,14.5569025842
0.0,-16.3111717732,14.5565691566
0.0,-16.312798214,14.5560309475
0.0,-16.3127882033,14.5543379155
0.0,-16.3133126131,14.5511604313
0.0,-16.3132957201,14.5483034376
0.0,-16.3130772014,14.548093027
0.0,-16.3124008707,14.5480968191
0.0,-16.3120994973,14.5480985082
0.0,-16.3117723461,14.547888705
0.0,-16.3100348298,14.5480042516
0.0,-16.3093774133,14.5470555648
0.0,-16.3079614413,14.5464285689
0.0,-16.3064324875,14.5450614664
0.0,-16.3039227598,14.5431707215
0.0,-16.3010865615,14.5411759413
0.0,-16.3009235811,14.5410346907
0.0,-16.3010442982,14.5410045803
0.0,-16.3010994334,14.5407895371
0.0,-16.3013429235,14.5384720229
0.0,-16.3013683868,14.5382296635
0.0,-16.3015038737,14.5371225835
0.0,-16.3006496659,14.5367124547
0.0,-16.3005837483,14.5367128206
0.0,-16.3005906318,14.5366819928
0.0,-16.30060126,14.5365888627
0.0,-16.2997849507,14.5345045988
0.0,-16.2989952741,14.5329877763
0.0,-16.2979228992,14.5316799527
0.0,-16.2969195009,14.5300260136
0.0,-16.2963427994,14.5285080014
0.0,-16.2954031606,14.5256090801
0.0,-16.2945377451,14.5232629076
0.0,-16.2941748156,14.5218819974
0.0,-16.294237349,14.5204295923
0.0,-16.2945481652,14.5189527697
0.0,-16.2949234865,14.5183975322
0.0,-16.2955816362,14.5176563441
0.0,-16.2958623194,14.5171016289
0.0,-16.2953392025,14.5171045181
0.0,-16.2953385731,14.5169963513
0.0,-16.2947111684,14.5166950637
0.0,-16.2934563635,14.516092482
0.0,-16.2928289635,14.515791188
0.0,-16.292587276,14.5145735122
0.0,-16.2901197253,14.5071206627
0.0,-16.2896324424,14.5039996276
0.0,-16.2894971139,14.5029710108
0.0,-16.2897117898,14.5009092955
0.0,-16.289877574,14.4968518254
0.0,-16.2908206279,14.4962934771
0.0,-16.2917615404,14.4953663596
0.0,-16.2930804082,14.4943449639
0.0,-16.2943121314,14.4946147644
0.0,-16.2963019256,14.4950647649
0.0,-16.3016062816,14.4959573762
0.0,-16.3048262205,14.4964004825
0.0,-16.3077633758,14.4970295059
0.0,-16.3101317095,14.4974772772
0.0,-16.312595219,14.4980166862
0.0,-16.3126007176,14.4989505565
0.0,-16.3135646087,14.4970451137
0.0,-16.3143837964,14.4944202495
0.0,-16.314505084,14.4940316124
0.0,-16.3171385606,14.4892451738
0.0,-16.3191454266,14.4865368774
0.0,-16.3207202623,14.4827936713
0.0,-16.3218747418,14.4799864115
0.0,-16.3220276851,14.4797178726
0.0,-16.3236558406,14.4722596705
0.0,-16.3213657971,14.4719938128
0.0,-16.3186006538,14.4720093278
0.0,-16.3175518058,14.4720152043
0.0,-16.3187842229,14.4708004584
0.0,-16.3203004761,14.4692124714
0.0,-16.3223860448,14.4671567247
0.0,-16.323240872,14.466594455
0.0,-16.326389538,14.4669483717
0.0,-16.3283940413,14.4673087071
0.0,-16.329926236,14.4684149782
0.0,-16.3317455978,14.4697054339
0.0,-16.3323919393,14.4703758176
0.0,-16.3333285789,14.470265131
0.0,-16.3341748564,14.4684249054
0.0,-16.3350356717,14.4665477205
0.0,-16.3356203475,14.4650348096
0.0,-16.3360196869,14.4620043169
0.0,-16.3369184739,14.4590659027
0.0,-16.3375937271,14.4563683023
0.0,-16.3382739979,14.4545113439
0.0,-16.3386064308,14.4523207706
0.0,-16.3389428898,14.4508036153
0.0,-16.3392755965,14.4486119099
0.0,-16.3396059934,14.4460834965
0.0,-16.3396051868,14.4459487522
0.0,-16.339594908,14.4442315955
0.0,-16.3395858392,14.4427164035
0.0,-16.3395737423,14.4406950173
0.0,-16.3394205504,14.4388917978
0.0,-16.3393878933,14.4385073875
0.0,-16.3390290016,14.4363196097
0.0,-16.3383289386,14.4348083393
0.0,-16.3376285954,14.4332970674
0.0,-16.3370992847,14.4314469715
0.0,-16.3365697015,14.429598005
0.0,-16.3365556349,14.4272399039
0.0,-16.3366263575,14.4253445968
0.0,-16.3370215622,14.4231819156
0.0,-16.3377004997,14.4203848605
0.0,-16.3381784636,14.4196589906
0.0,-16.3394346102,14.4172292789
0.0,-16.3406331814,14.4155964951
0.0,-16.3425197467,14.4132287263
0.0,-16.3440615207,14.4110301384
0.0,-16.3450871008,14.4091723337
0.0,-16.3469705297,14.4062983429
0.0,-16.3481677811,14.4042711887
0.0,-16.3490866434,14.4027021132
0.0,-16.3504586037,14.4012027619
0.0,-16.3513221227,14.3996882328
0.0,-16.3522854645,14.3979561828
0.0,-16.353812511,14.3958943511
0.0,-16.3543404565,14.3942461433
0.0,-16.3548827987,14.3919108523
0.0,-16.3556103247,14.3895293018
0.0,-16.3556739857,14.387784319
0.0,-16.3560703889,14.3858566391
0.0,-16.3561010818,14.3854294575
0.0,-16.3561033959,14.3853972492
0.0,-16.356173049,14.384427814
0.0,-16.3562819821,14.3825017818
0.0,-16.3571962932,14.3803451444
0.0,-16.3575943677,14.378697677
0.0,-16.3586426766,14.3772363062
0.0,-16.3594984313,14.3761376164
0.0,-16.3605936813,14.3747754032
0.0,-16.3612634186,14.3735873829
0.0,-16.3620738792,14.3726697353
0.0,-16.3626565372,14.3708856086
0.0,-16.3632806022,14.3688108499
0.0,-16.3634416089,14.3673105025
0.0,-16.3638308688,14.3660760154
0.0,-16.3638328149,14.3660698438
0.0,-16.3637049692,14.3645328311
0.0,-16.363702801,14.3645067657
0.0,-16.3642311672,14.3629489358
0.0,-16.3654670557,14.36185708
0.0,-16.3669369832,14.361134486
0.0,-16.3683054576,14.3605028641
0.0,-16.3704890893,14.3597399688
0.0,-16.3727033306,14.3594378885
0.0,-16.3743993831,14.3593105435
0.0,-16.3756700274,14.3593664454
0.0,-16.3772694471,14.3601164648
0.0,-16.3783599993,14.3595316001
0.0,-16.3789252033,14.3583232587
0.0,-16.3789366044,14.3582988845
0.0,-16.3779963815,14.3576896738
0.0,-16.3767293423,14.3568473329
0.0,-16.3756124558,14.3560131522
0.0,-16.3749032732,14.3552760344
0.0,-16.37387654,14.3541610987
0.0,-16.3732314445,14.3532880117
0.0,-16.3727163781,14.3524503273
0.0,-16.3723590383,14.3509117636
0.0,-16.3723536595,14.3508886041
0.0,-16.3729786103,14.3498364103
0.0,-16.3740651598,14.3486007517
0.0,-16.3751613,14.34741927
0.0,-16.3768772329,14.3460082003
0.0,-16.3785762745,14.3450130317
0.0,-16.3800016672,14.3444714156
0.0,-16.3811241618,14.3445733542
0.0,-16.3820135093,14.3458246519
0.0,-16.3828994472,14.3466601523
0.0,-16.3838331363,14.3477213553
0.0,-16.3853386101,14.3482820464
0.0,-16.3858405035,14.3499875598
0.0,-16.3868678265,14.3511928311
0.0,-16.3879473936,14.3518463882
0.0,-16.3886984486,14.3518510289
0.0,-16.3894202025,14.3501112375
0.0,-16.3894841752,14.3484566548
0.0,-16.3896869401,14.3467560617
0.0,-16.3902162617,14.3453880117
0.0,-16.391124528,14.3438279113
0.0,-16.3912847533,14.3436087408
0.0,-16.3912925948,14.3436301705
0.0,-16.3917254755,14.3448131132
0.0,-16.392245508,14.3457570028
0.0,-16.3933964077,14.3470871025
0.0,-16.3949489718,14.3486933435
0.0,-16.396213479,14.3499113524
0.0,-16.3980527853,14.3516829882
0.0,-16.3998342947,14.3533435428
0.0,-16.4014420037,14.3546151939
0.0,-16.4030490356,14.3557754328
0.0,-16.4038394673,14.3564870475
0.0,-16.4045075087,14.3566781226
0.0,-16.4062017279,14.3565811123
0.0,-16.4089674056,14.3566516473
0.0,-16.4109297578,14.3566399717
0.0,-16.4124472099,14.3568048553
0.0,-16.41324999,14.356800069
0.0,-16.4136959782,14.3567974088
0.0,-16.4140533149,14.3568822384
0.0,-16.4149474774,14.3572247493
0.0,-16.4156610606,14.3572204873
0.0,-16.4161081427,14.3573917391
0.0,-16.4165541325,14.3573890734
0.0,-16.4173529032,14.357384297
0.0,-16.4179318635,14.3569270477
0.0,-16.4200108672,14.3553098828
0.0,-16.4203887588,14.3549990191
0.0,-16.4213962042,14.3541289023
0.0,-16.4234763251,14.3526968637
0.0,-16.425307495,14.3519452232
0.0,-16.4265110728,14.3520614224
0.0,-16.4270855104,14.3527986006
0.0,-16.4271546799,14.3537239792
0.0,-16.4274227644,14.3560677118
0.0,-16.4276240284,14.3578563686
0.0,-16.4276959427,14.3592137679
0.0,-16.427905434,14.3622984862
0.0,-16.4281645383,14.3632227182
0.0,-16.4284220794,14.3639000802
0.0,-16.4285545712,14.3648250749
0.0,-16.428759385,14.3671691833
0.0,-16.4294007099,14.3684614239
0.0,-16.4304903133,14.370553307
0.0,-16.4312571023,14.3716596238
0.0,-16.4334293214,14.3747324526
0.0,-16.4347698811,14.3764524733
0.0,-16.4366834264,14.3786627611
0.0,-16.4371552838,14.3801472639
0.0,-16.4371564704,14.3801498265
0.0,-16.4374222017,14.3807234508
0.0,-16.4373672638,14.3807416731
0.0,-16.4391075371,14.3844982485
0.0,-16.4422907203,14.3892244298
0.0,-16.4454938935,14.3927120674
0.0,-16.4467064677,14.3966830096
0.0,-16.447306925,14.4006384822
0.0,-16.4473207945,14.4027897148
0.0,-16.4472014127,14.4057177859
0.0,-16.4471880827,14.4057375431
0.0,-16.4472070543,14.405809581
0.0,-16.447209746,14.4062269841
0.0,-16.4471455498,14.4073404995
0.0,-16.4470782119,14.4079670419
0.0,-16.4469435375,14.4092201286
0.0,-16.4468057209,14.4099862441
0.0,-16.4463121452,14.4109284627
0.0,-16.4456055573,14.4120459105
0.0,-16.444758001,14.4134425004
0.0,-16.4440859664,14.4143858084
0.0,-16.443414375,14.4153986819
0.0,-16.4428850855,14.4163411136
0.0,-16.4422134824,14.4173539856
0.0,-16.441719426,14.4182266301
0.0,-16.4413319651,14.4187047788
0.0,-16.4412452281,14.4189025899
0.0,-16.4407885422,14.4203820603
0.0,-16.441031124,14.4218572613
0.0,-16.4433656889,14.4224109483
0.0,-16.4445348055,14.4229717485
0.0,-16.4458226713,14.4238725866
0.0,-16.4468789203,14.4250020187
0.0,-16.4473553785,14.4265893645
0.0,-16.4475987474,14.4281781391
0.0,-16.4480825609,14.4309013423
0.0,-16.4491883123,14.433322813
0.0,-16.4493060175,14.4344517888
0.0,-16.4505418689,14.4405275125
0.0,-16.4507434686,14.4411584345
0.0,-16.4524732708,14.4465718169
0.0,-16.4538338219,14.4505315878
0.0,-16.4543333855,14.4528684983
0.0,-16.4548488101,14.4552798808
0.0,-16.4553450521,14.4574769045
0.0,-16.4555234972,14.4582669253
0.0,-16.4555265536,14.4582804569
0.0,-16.4555867205,14.4582665344
0.0,-16.4559722312,14.4599732588
0.0,-16.4575535375,14.464908975
0.0,-16.4591082406,14.4712628398
0.0,-16.4600050309,14.4778919406
0.0,-16.4600983635,14.4793312591
0.0,-16.4608809377,14.4829561252
0.0,-16.4623874808,14.4898470838
0.0,-16.4635331662,14.4931258174
0.0,-16.4647805122,14.4947609762
0.0,-16.4661905722,14.4948578084
0.0,-16.4662426253,14.4948613829
0.0,-16.4678128275,14.4943039328
0.0,-16.4689355291,14.4940778584
0.0,-16.4699964389,14.4940712221
0.0,-16.4700596719,14.4940708264
0.0,-16.4704460966,14.4940684079
0.0,-16.4705093296,14.4940680121
0.0,-16.4711946536,14.4957066486
0.0,-16.4718872208,14.4984405221
0.0,-16.4728140532,14.5025967906
0.0,-16.4732753122,14.5043463506
0.0,-16.4738497241,14.5062047265
0.0,-16.4746424646,14.5070759736
0.0,-16.4775857392,14.5101242522
0.0,-16.4801860009,14.5122984258
0.0,-16.4813175153,14.5133865646
0.0,-16.4824392097,14.5146853012
0.0,-16.4812371528,14.5182062996
0.0,-16.481242945,14.5188272829
0.0,-16.4819034881,14.5207855552
0.0,-16.4830997843,14.5227701518
0.0,-16.4816010587,14.5242795642
0.0,-16.4800822206,14.5258168758
0.0,-16.4793562862,14.5263569763
0.0,-16.4816614517,14.5276556409
0.0,-16.484697166,14.5297390507
0.0,-16.4855423341,14.5302802168
0.0,-16.4855642558,14.5302942536
0.0,-16.4857834019,14.5302176841
0.0,-16.4858345257,14.5301998218
0.0,-16.4862352682,14.5307772036
0.0,-16.4905407402,14.5314891716
0.0,-16.4931591967,14.5321296673
0.0,-16.4946786887,14.5323664172
0.0,-16.4953005639,14.532636999
0.0,-16.4956090177,14.5327712086
0.0,-16.4961998401,14.5328495825
0.0,-16.4977403647,14.5362076976
0.0,-16.4984271504,14.5380105009
0.0,-16.498579984,14.5385662199
0.0,-16.4991609058,14.5395630855
0.0,-16.5000457051,14.5418902771
0.0,-16.5008812536,14.5433713715
0.0,-16.5014739419,14.5446195999
0.0,-16.5020039807,14.5452422135
0.0,-16.5042294575,14.546024671
0.0,-16.5075673114,14.5471414077
0.0,-16.5082072757,14.5473963172
0.0,-16.5082580993,14.5479036274
0.0,-16.5084091913,14.5491964344
0.0,-16.5086642605,14.5518285592
0.0,-16.508719545,14.5529833633
0.0,-16.5088662492,14.5536293079
0.0,-16.5101988742,14.5542676023
0.0,-16.5115311917,14.5548596841
0.0,-16.5120545692,14.555087334
0.0,-16.5124350084,14.5552234946
0.0,-16.5128957802,14.5554813173
0.0,-16.5119545815,14.5565032737
0.0,-16.5113730349,14.5569054008
0.0,-16.5111996935,14.5571910711
0.0,-16.5119634966,14.5578121464
0.0,-16.512199916,14.5582089894
0.0,-16.5119155643,14.5587722201
0.0,-16.5119329544,14.5587721077
0.0,-16.5119962046,14.5587716989
0.0,-16.5134131059,14.5593067394
0.0,-16.5145329178,14.5596516235
0.0,-16.5156538257,14.5601565536
0.0,-16.5165788604,14.5608548185
0.0,-16.5173058331,14.5614263168
0.0,-16.5176226767,14.5615473796
0.0,-16.5176353606,14.5615522262
0.0,-16.5182922282,14.5614839401
0.0,-16.518488324,14.5613226085
0.0,-16.5190086896,14.5605189348
0.0,-16.5192687609,14.5601010934
0.0,-16.5198585772,14.5598411676
0.0,-16.5202004451,14.5597277016
0.0,-16.5202520799,14.5597105639
0.0,-16.5204512429,14.5599973751
0.0,-16.5207198662,14.5608279354
0.0,-16.5209543093,14.5614666463
0.0,-16.5211203903,14.56172166
0.0,-16.5227693621,14.5625432368
0.0,-16.5240226408,14.5631753085
0.0,-16.5248471358,14.5635860871
0.0,-16.5256056806,14.5638992648
0.0,-16.5245972399,14.565511898
0.0,-16.5233591641,14.5676621516
0.0,-16.5228629835,14.5684770849
0.0,-16.5228166389,14.568553202
0.0,-16.5224965311,14.5690789462
0.0,-16.521735031,14.570358369
0.0,-16.5212049066,14.5715458969
0.0,-16.5205825948,14.5728244112
0.0,-16.5197642113,14.5740590056
0.0,-16.5190496419,14.5752929231
0.0,-16.5186132879,14.5766244577
0.0,-16.5179944157,14.578409116
0.0,-16.5176956494,14.5795047478
0.0,-16.5177806026,14.5810679028
0.0,-16.5176274188,14.5830935819
0.0,-16.5175628932,14.5845130874
0.0,-16.5177431979,14.5864462115
0.0,-16.5178281591,14.5880093654
0.0,-16.5179569873,14.5892016446
0.0,-16.5181316625,14.5904388192
0.0,-16.5182605699,14.5910354367
0.0,-16.5182805835,14.5910500732
0.0,-16.5175454184,14.5911408382
0.0,-16.5168994986,14.5914894133
0.0,-16.5154691566,14.5913265131
0.0,-16.5139510028,14.5912502677
0.0,-16.5129946882,14.5914573534
0.0,-16.5121531052,14.5912045214
0.0,-16.5114450077,14.5910799647
0.0,-16.5108423967,14.5912991018
0.0,-16.510038209,14.5922082978
0.0,-16.5087051006,14.5930322496
0.0,-16.5078334433,14.5930696506
0.0,-16.5044495094,14.5932135707
0.0,-16.5038915386,14.5932372969
0.0,-16.5003562515,14.5929732863
0.0,-16.4965302512,14.5927284107
0.0,-16.4951608908,14.5926452531
0.0,-16.4943270919,14.5925946147
0.0,-16.4940982987,14.5925807193
0.0,-16.4911445261,14.5927794687
0.0,-16.4895099366,14.5935156605
0.0,-16.4888564026,14.592959351
0.0,-16.4872586931,14.5913877322
0.0,-16.4859935466,14.5909619215
0.0,-16.4850420761,14.591636852
0.0,-16.4814254781,14.5925340045
0.0,-16.4797676051,14.5915983825
0.0,-16.4795557755,14.5897464523
0.0,-16.4790568235,14.5885777548
0.0,-16.4785618692,14.5880069177
0.0,-16.4764738011,14.5879005508
0.0,-16.474704963,14.5877921494
0.0,-16.4725688959,14.5878534594
0.0,-16.4706565313,14.5883199052
0.0,-16.4686919219,14.5888290329
0.0,-16.4675458638,14.588664846
0.0,-16.4655841134,14.5898310359
0.0,-16.4634757009,14.5910843799
0.0,-16.4621008148,14.5919016631
0.0,-16.4608149563,14.5926660121
0.0,-16.4598955424,14.5932125301
0.0,-16.4594535194,14.5934752744
0.0,-16.4589841211,14.5937542902
0.0,-16.4576685597,14.5945362662
0.0,-16.4568933245,14.5949970642
0.0,-16.4568864423,14.5950007688
0.0,-16.4556584434,14.5949313054
0.0,-16.4523991806,14.594725632
0.0,-16.4485359168,14.594415193
0.0,-16.4447977992,14.5947908801
0.0,-16.442160745,14.5946354449
0.0,-16.4385157703,14.5950646914
0.0,-16.4356349094,14.5959592145
0.0,-16.432564822,14.5963034827
0.0,-16.4299234104,14.5962886217
0.0,-16.4289378206,14.5962919411
0.0,-16.4281133442,14.5963308717
0.0,-16.4260165288,14.5952740955
0.0,-16.4249922274,14.5948594301
0.0,-16.4241677118,14.5949601252
0.0,-16.4234826523,14.5952106695
0.0,-16.4230504734,14.5953687273
0.0,-16.4213977355,14.5972078939
0.0,-16.4208399875,14.5973753613
0.0,-16.4168354361,14.5985777073
0.0,-16.4138987031,14.5978816351
0.0,-16.4103608702,14.5976680228
0.0,-16.4092719418,14.598114161
0.0,-16.4083681389,14.5985610739
0.0,-16.4072405731,14.5991211326
0.0,-16.4068992321,14.5992874093
0.0,-16.4063828408,14.5995389565
0.0,-16.4030319311,14.6010864025
0.0,-16.3988751537,14.6035945247
0.0,-16.3944637034,14.6024922185
0.0,-16.3933816894,14.600959752
0.0,-16.3922416595,14.5993450866
0.0,-16.38897856,14.6008424777
0.0,-16.3842670283,14.6030044221
0.0,-16.3802286953,14.6059630161
0.0,-16.3783504073,14.6068301375
0.0,-16.3750276688,14.6083640457
0.0,-16.3736289632,14.6081131417
0.0,-16.372131788,14.6078445635
0.0,-16.3713972715,14.6077127953
0.0,-16.3709286179,14.60762872
0.0,-16.370153969,14.607489747
0.0,-16.3690864752,14.6070379013
0.0,-16.3678597257,14.6065186373
0.0,-16.3664700808,14.6059304118
0.0,-16.36515673,14.6053744694
0.0,-16.3641088381,14.6051122461
0.0,-16.3625528167,14.6047228593
0.0,-16.3618355994,14.6045433748
0.0,-16.3606451565,14.6042454595
0.0,-16.3594402216,14.6010435308
0.0,-16.3585567087,14.5998632532
