91,1,24,81,7,
0.0,-15.8260681016,12.9376030394
0.0,-15.8209674157,12.9373159819
0.0,-15.8178771868,12.9374772675
0.0,-15.8143233411,12.9376399634
0.0,-15.8041239142,12.9376716001
0.0,-15.8011877099,12.9376806337
0.0,-15.7987112573,12.9364755885
0.0,-15.794839206,12.9337589741
0.0,-15.7934445595,12.9325505786
0.0,-15.7906619878,12.9322558629
0.0,-15.7880339547,12.9319606505
0.0,-15.7869915053,12.9320047019
0.0,-15.7841710738,12.9321238662
0.0,-15.7779962723,12.9342644725
0.0,-15.7764541954,12.93533013
0.0,-15.7749116362,12.9362441991
0.0,-15.7725925647,12.9389647706
0.0,-15.7674269163,12.9330474698
0.0,-15.7655567795,12.9278992093
0.0,-15.7627641501,12.9242694371
0.0,-15.7615136687,12.9195740703
0.0,-15.756636892,12.9129465087
0.0,-15.7526399935,12.8983362373
0.0,-15.7525487546,12.8980026969
0.0,-15.7524857783,12.8977724785
0.0,-15.7530626723,12.8935316551
0.0,-15.7536145094,12.8905885977
0.0,-15.7726291277,12.891383915
0.0,-15.7806494276,12.845841055
0.0,-15.7599359963,12.8449159358
0.0,-15.7583882507,12.8412404955
0.0,-15.7582302356,12.8408652493
0.0,-15.7563811479,12.8364740308
0.0,-15.7560275858,12.8356343701
0.0,-15.7496230919,12.8204234553
0.0,-15.7465580606,12.8144511547
0.0,-15.7444711161,12.8094330088
0.0,-15.7393286695,12.8015525395
0.0,-15.7373666505,12.7974909343
0.0,-15.7361346135,12.7929487902
0.0,-15.7333178204,12.788291427
0.0,-15.7309903706,12.7842307756
0.0,-15.7290248574,12.7788532675
0.0,-15.7287739028,12.7763419174
0.0,-15.7294993245,12.7743063558
0.0,-15.7322910952,12.7744370211
0.0,-15.7342643556,12.7732748051
0.0,-15.7362875797,12.7720831356
0.0,-15.7400745842,12.7667613806
0.0,-15.7426965237,12.7631653956
0.0,-15.7467820614,12.7599958907
0.0,-15.7577240737,12.7512085178
0.0,-15.7609391123,12.7504815633
0.0,-15.765327455,12.7508995335
0.0,-15.7717626667,12.7511679192
0.0,-15.7783454337,12.7518663466
0.0,-15.7805759086,12.7524779972
0.0,-15.7850780002,12.7537125137
0.0,-15.7897686793,12.7572871363
0.0,-15.7916697724,12.7572814492
0.0,-15.7954688184,12.756265239
0.0,-15.8010104812,12.7513680302
0.0,-15.8036363577,12.749350457
0.0,-15.8037954373,12.7492561069
0.0,-15.8050959657,12.748484758
0.0,-15.804049248,12.7411672309
0.0,-15.8040966171,12.7391646156
0.0,-15.8041782787,12.7357121887
0.0,-15.8043118339,12.7316925657
0.0,-15.8025354113,12.7279744018
0.0,-15.8028153687,12.7256871107
0.0,-15.8031769237,12.7227331158
0.0,-15.8053550272,12.7179177949
0.0,-15.8087597841,12.7138463256
0.0,-15.812060644,12.7118478811
0.0,-15.8136809424,12.7083768387
0.0,-15.8153600582,12.7076539656
0.0,-15.8173484637,12.7069432099
0.0,-15.8182142886,12.7066337152
0.0,-15.8207271167,12.7057354683
0.0,-15.8245386347,12.7042926764
0.0,-15.830988739,12.705813975
0.0,-15.8335927615,12.7055613355
0.0,-15.8368798293,12.7047615027
0.0,-15.8397236617,12.7025634932
0.0,-15.8465952812,12.702541661
0.0,-15.8534245859,12.7019767989
0.0,-15.8574421847,12.7010667108
0.0,-15.8627420495,12.7010495359
0.0,-15.8667648607,12.7016943289
0.0,-15.867742389,12.7025284616
0.0,-15.8695801019,12.7055128963
0.0,-15.8707457076,12.707901432
0.0,-15.8784806187,12.707337651
0.0,-15.8784703461,12.7043472409
0.0,-15.8788321581,12.7032694835
0.0,-15.880598168,12.7030842023
0.0,-15.8825485797,12.7033767672
0.0,-15.8852329118,12.7045041925
0.0,-15.8881632246,12.7062886621
0.0,-15.8896928526,12.7081974154
0.0,-15.8897602244,12.7100512589
0.0,-15.8900097336,12.7117250647
0.0,-15.8903174588,12.7126211623
0.0,-15.8913911926,12.7118425713
0.0,-15.8921404733,12.7112992447
0.0,-15.8949394371,12.7103328772
0.0,-15.8980398236,12.7084683321
0.0,-15.8991362862,12.7064489293
0.0,-15.9006424943,12.703674825
0.0,-15.9009418178,12.7021785953
0.0,-15.9071498064,12.6971743006
0.0,-15.9083614893,12.6961871547
0.0,-15.9110544374,12.6939931936
0.0,-15.9111564585,12.6937882129
0.0,-15.9125873191,12.6909132895
0.0,-15.913166469,12.689332357
0.0,-15.9157174772,12.6886644069
0.0,-15.9158646855,12.6821328214
0.0,-15.9161999788,12.6805048771
0.0,-15.9168770597,12.6790671407
0.0,-15.9178218867,12.6775567088
0.0,-15.9186718168,12.6767643023
0.0,-15.9195480804,12.6765220395
0.0,-15.921448508,12.6765154603
0.0,-15.9233260354,12.6769156439
0.0,-15.9246712593,12.678346368
0.0,-15.9261878299,12.6799917965
0.0,-15.9270943461,12.6813761884
0.0,-15.9276821342,12.6822114524
0.0,-15.9288507839,12.6819681376
0.0,-15.9292578739,12.6800050057
0.0,-15.9301100913,12.673136041
0.0,-15.9307228226,12.670777453
0.0,-15.9329068654,12.6683774734
0.0,-15.9331457152,12.6670608552
0.0,-15.9316813003,12.6663482878
0.0,-15.9302827895,12.6670110722
0.0,-15.9283397702,12.6686924906
0.0,-15.9261481195,12.6689991711
0.0,-15.9249873929,12.6680462755
0.0,-15.9238865067,12.6667941254
0.0,-15.9238174966,12.6658495043
0.0,-15.9236943063,12.6641632249
0.0,-15.9242407661,12.6612370786
0.0,-15.925730049,12.6553467597
0.0,-15.9278110427,12.6514160895
0.0,-15.9300948355,12.6496856448
0.0,-15.9319022982,12.6509711881
0.0,-15.9328334383,12.6524511747
0.0,-15.9350989694,12.6590939064
0.0,-15.9362758829,12.6611471718
0.0,-15.9389256397,12.6598529146
0.0,-15.9397292805,12.6594603746
0.0,-15.9427958172,12.6585882956
0.0,-15.9430857071,12.657917418
0.0,-15.9414183533,12.6550046818
0.0,-15.9413650684,12.6537608608
0.0,-15.941747846,12.6518456468
0.0,-15.9424769489,12.6513646036
0.0,-15.9447185969,12.6514523555
0.0,-15.9466696653,12.652019586
0.0,-15.9480399384,12.6536414921
0.0,-15.9499958084,12.6555005326
0.0,-15.9528276884,12.6570693446
0.0,-15.9557570509,12.6586377749
0.0,-15.9579013085,12.6587257607
0.0,-15.9580869238,12.6562370857
0.0,-15.9544276018,12.6549105287
0.0,-15.9520367389,12.654010006
0.0,-15.9503723249,12.6519107086
0.0,-15.9503680763,12.6507624094
0.0,-15.9511428715,12.649467791
0.0,-15.9541064661,12.647160568
0.0,-15.9589219923,12.6449901978
0.0,-15.9621837043,12.644260747
0.0,-15.9638429502,12.644972446
0.0,-15.9650183948,12.6465949644
0.0,-15.9666357801,12.6491249519
0.0,-15.9706889973,12.6495002954
0.0,-15.9716073386,12.6495853284
0.0,-15.9832711998,12.6471964821
0.0,-15.9834173465,12.6471665472
0.0,-15.9918542932,12.6525657837
0.0,-15.994370677,12.6543984653
0.0,-15.9971052386,12.6559432293
0.0,-15.998456947,12.6565296183
0.0,-16.0082028592,12.6567799697
0.0,-16.0104441584,12.6567714737
0.0,-16.014047266,12.656135783
0.0,-16.015943514,12.6551237988
0.0,-16.016893565,12.6551668104
0.0,-16.0169181733,12.6551679244
0.0,-16.0170721137,12.6571290034
0.0,-16.0176154727,12.6589929021
0.0,-16.0179157862,12.6610012647
0.0,-16.0187981462,12.6623375629
0.0,-16.0199302268,12.6652039546
0.0,-16.0206736695,12.6683589032
0.0,-16.0213162521,12.6706530173
0.0,-16.0213210158,12.6718491351
0.0,-16.0215275495,12.6747669116
0.0,-16.0214413429,12.6775901207
0.0,-16.0213035492,12.6796958473
0.0,-16.0217029118,12.6820865819
0.0,-16.0212775157,12.6853895474
0.0,-16.0209973471,12.6884527281
0.0,-16.0203246639,12.6908475804
0.0,-16.0200821116,12.6915105399
0.0,-16.0197461896,12.6924286996
0.0,-16.0193647288,12.6945353602
0.0,-16.0187352248,12.6954209829
0.0,-16.0184439814,12.6958307185
0.0,-16.0184276288,12.695893012
0.0,-16.0179159318,12.6978422488
0.0,-16.0173372405,12.6993755194
0.0,-16.0164217894,12.702010522
0.0,-16.015543192,12.7031236308
0.0,-16.0154947014,12.7031850634
0.0,-16.0150525132,12.7037452739
0.0,-16.0140030839,12.7079357578
0.0,-16.0137056139,12.7097310968
0.0,-16.0132049945,12.7108011581
0.0,-16.0122980983,12.7125390169
0.0,-16.0118474883,12.7141256154
0.0,-16.0113051391,12.7156228531
0.0,-16.0111288911,12.7172682118
0.0,-16.0114094205,12.7188819233
0.0,-16.0120245403,12.7203747432
0.0,-16.0133714226,12.7220441838
0.0,-16.0150225696,12.7236227407
0.0,-16.0163964976,12.7244248628
0.0,-16.0174694196,12.7261292201
0.0,-16.0192296805,12.7275578109
0.0,-16.0198240856,12.7299477853
0.0,-16.0208061104,12.7317621199
0.0,-16.0218103811,12.7391264053
0.0,-16.0229156647,12.7473515006
0.0,-16.0227283814,12.7492660301
0.0,-16.0220249603,12.7498327271
0.0,-16.020619494,12.7509650006
0.0,-16.0179240809,12.753415494
0.0,-16.015865548,12.7550529846
0.0,-16.0142070181,12.7563722607
0.0,-16.0107626145,12.7584345939
0.0,-16.0094372031,12.7592281619
0.0,-16.0079339639,12.7601281881
0.0,-16.0068080758,12.7606655799
0.0,-16.0056769714,12.7612054546
0.0,-16.0039930876,12.7620091581
0.0,-16.0025707256,12.7623683577
0.0,-15.9982225445,12.7634663851
0.0,-15.9981228943,12.7635485341
0.0,-15.996550503,12.7648447622
0.0,-15.9964733653,12.764908351
0.0,-15.9963954439,12.7651032688
0.0,-15.9946631126,12.7694365672
0.0,-15.9916304769,12.7792802122
0.0,-15.9893858741,12.7861073042
0.0,-15.9897543141,12.790584254
0.0,-15.9917584596,12.7940286694
0.0,-15.9926920114,12.7958911247
0.0,-15.9938209572,12.7978485279
0.0,-15.9947069142,12.7999982261
0.0,-15.9977895414,12.802857287
0.0,-15.9989670488,12.8050200554
0.0,-16.0009175583,12.8083817541
0.0,-16.0013570799,12.8091950066
0.0,-16.001400033,12.8092744826
0.0,-16.0015700773,12.8095891162
0.0,-16.0016505314,12.8101275879
0.0,-16.001924438,12.8119607882
0.0,-16.0019896223,12.8121084633
0.0,-16.0022786412,12.8127632391
0.0,-16.0024161971,12.8132288572
0.0,-16.0027143151,12.8142379629
0.0,-16.0031088375,12.8155733722
0.0,-16.0031193848,12.8156920092
0.0,-16.0033546998,12.8183387757
0.0,-16.0034150041,12.819017056
0.0,-16.0033060168,12.8195325046
0.0,-16.0028952454,12.8214752145
0.0,-16.0025823027,12.8238738364
0.0,-16.0025261444,12.8243042697
0.0,-16.0024624506,12.8244566823
0.0,-16.0015408308,12.8266620051
0.0,-15.9999189875,12.8276062649
0.0,-15.9993262816,12.8279513425
0.0,-15.9974791469,12.8290267428
0.0,-15.9961196174,12.8299221151
0.0,-15.9936246662,12.8311080941
0.0,-15.9927800517,12.8315087249
0.0,-15.9914173763,12.8321550818
0.0,-15.9905659848,12.8329109924
0.0,-15.9903029934,12.8330775542
0.0,-15.9862936675,12.836480077
0.0,-15.9806999556,12.8417527097
0.0,-15.9794756588,12.8429055659
0.0,-15.9772041218,12.8456125067
0.0,-15.9755247586,12.8501544945
0.0,-15.9741040633,12.8535041633
0.0,-15.9731708965,12.8581007837
0.0,-15.9731765022,12.8581170786
0.0,-15.9731526608,12.8582225689
0.0,-15.9734806408,12.8590011576
0.0,-15.9741325683,12.8608961706
0.0,-15.9754685917,12.8659149685
0.0,-15.9772317482,12.8686310758
0.0,-15.9776133903,12.8704980645
0.0,-15.9777390294,12.8710401234
0.0,-15.9790456288,12.8766771787
0.0,-15.9785687869,12.878700889
0.0,-15.9784697186,12.8791511629
0.0,-15.9782345554,12.8802199966
0.0,-15.9775139238,12.8812388185
0.0,-15.9757300913,12.8834538047
0.0,-15.9754979474,12.8837067007
0.0,-15.9734730253,12.8853541579
0.0,-15.9732733176,12.8855422108
0.0,-15.9723284281,12.8862369796
0.0,-15.9721779363,12.8863577213
0.0,-15.9721575456,12.8862886956
0.0,-15.9706478531,12.8867455897
0.0,-15.9671370678,12.8869021166
0.0,-15.9645101542,12.888634242
0.0,-15.9612998891,12.8908708613
0.0,-15.9582290483,12.89131273
0.0,-15.9562533356,12.8911764191
0.0,-15.9543483306,12.8903939202
0.0,-15.952586117,12.8886778999
0.0,-15.9502346415,12.8858874778
0.0,-15.948764829,12.8840985978
0.0,-15.9457596512,12.8825305605
0.0,-15.9433429458,12.88182159
0.0,-15.9399758132,12.8812595473
0.0,-15.9394634829,12.8811896159
0.0,-15.9366092259,12.8808409936
0.0,-15.9327321793,12.8808548273
0.0,-15.9297334792,12.8810090249
0.0,-15.9266642599,12.8818811267
0.0,-15.9249115,12.8826767805
0.0,-15.9207534716,12.884877999
0.0,-15.9177852558,12.8864492811
0.0,-15.9158055303,12.8882736138
0.0,-15.9144262757,12.8912209644
0.0,-15.9135627284,12.8951712763
0.0,-15.9135028503,12.8988317045
0.0,-15.9161540203,12.9036309527
0.0,-15.917771628,12.9058501165
0.0,-15.9202705995,12.9089991618
0.0,-15.9238686329,12.9125749073
0.0,-15.9261469406,12.9153658232
0.0,-15.9274760366,12.9186624663
0.0,-15.9280405092,12.9207667938
0.0,-15.9285146354,12.922534282
0.0,-15.9292587516,12.9259047579
0.0,-15.929788972,12.9307831313
0.0,-15.9279831533,12.9371051897
0.0,-15.9255060152,12.9399847313
0.0,-15.9229864452,12.9412650797
0.0,-15.9201014876,12.9427310603
0.0,-15.9172491626,12.9430999518
0.0,-15.9152250443,12.9426772485
0.0,-15.911706612,12.9409671212
0.0,-15.9100646932,12.9401690443
0.0,-15.9068960877,12.9380557216
0.0,-15.9043745204,12.9368013415
0.0,-15.9015588587,12.9351460451
0.0,-15.8984487136,12.9329749926
0.0,-15.8967471202,12.9318325398
0.0,-15.895515859,12.9312626145
0.0,-15.8942833772,12.9303481949
0.0,-15.8926988861,12.9292053111
0.0,-15.891116447,12.9286365642
0.0,-15.8885980916,12.9282432405
0.0,-15.8850271574,12.9281405401
0.0,-15.8778295621,12.9287389969
0.0,-15.872097981,12.931238563
0.0,-15.870560035,12.9333657803
0.0,-15.8702578017,12.9353372934
0.0,-15.8705821144,12.939731953
0.0,-15.8705957885,12.9436729157
0.0,-15.8664373959,12.9477793537
0.0,-15.8621185899,12.9502189108
0.0,-15.8557911415,12.952816583
0.0,-15.8545612185,12.9528486749
0.0,-15.8491462445,12.9529898971
0.0,-15.8471351149,12.952390131
0.0,-15.8452688291,12.9489098956
0.0,-15.843098102,12.9467948319
0.0,-15.8403046828,12.9433175495
0.0,-15.8375849156,12.9410860247
0.0,-15.8373603461,12.9409017651
0.0,-15.8311713028,12.9386478813
0.0,-15.8260681016,12.9376030394
