80,2,28,100,108,
0.0,-14.0644866626,13.2922411572
0.0,-14.0651843605,13.2854781984
0.0,-14.0590417942,13.2854555648
0.0,-14.0538569756,13.2840907267
0.0,-14.050045454,13.2828804276
0.0,-14.0462339738,13.2816700739
0.0,-14.04409109,13.2831571652
0.0,-14.0421751559,13.2815440662
0.0,-14.0421699245,13.2815396624
0.0,-14.0428807902,13.280284691
0.0,-14.0450040611,13.2755188091
0.0,-14.0452789398,13.2713155912
0.0,-14.0457775037,13.2689214885
0.0,-14.0465892544,13.2643224532
0.0,-14.0470648508,13.2607076691
0.0,-14.0464650517,13.2586677224
0.0,-14.045387099,13.258122366
0.0,-14.0451418815,13.2580002696
0.0,-14.043954343,13.2574020454
0.0,-14.0425868186,13.256718332
0.0,-14.0425838403,13.2521078618
0.0,-14.0425815704,13.2492750513
0.0,-14.0425815019,13.2492120596
0.0,-14.0419786062,13.2472661264
0.0,-14.0392786309,13.2455453172
0.0,-14.0372590335,13.2442581079
0.0,-14.0350751239,13.243219977
0.0,-14.0337595102,13.2425925193
0.0,-14.0327070978,13.2420905842
0.0,-14.0316036128,13.2415652782
0.0,-14.0195235291,13.2367972192
0.0,-14.0100157615,13.2329330353
0.0,-14.0044190257,13.2281269084
0.0,-14.0007127862,13.2222989449
0.0,-13.9994818259,13.2204713789
0.0,-13.989129885,13.2051019488
0.0,-13.9893815889,13.2034284142
0.0,-13.9869499482,13.2010266214
0.0,-13.9811072661,13.1969367328
0.0,-13.9781489324,13.1928426145
0.0,-13.97625229,13.1902192777
0.0,-13.9738740513,13.1885403725
0.0,-13.9711404423,13.1866105416
0.0,-13.9682349643,13.1832112678
0.0,-13.9661402797,13.1807685784
0.0,-13.9662786364,13.1755955113
0.0,-13.9661089642,13.1704776571
0.0,-13.9659921987,13.1680418473
0.0,-13.9663090522,13.164371715
0.0,-13.9664479052,13.1635488319
0.0,-13.9666307387,13.1624653011
0.0,-13.9669327299,13.16064004
0.0,-13.9672118884,13.1589524591
0.0,-13.968742273,13.1589255002
0.0,-13.9685150413,13.157619047
0.0,-13.9685115339,13.1575988808
0.0,-13.9684391991,13.1573232588
0.0,-13.9680446914,13.1558590093
0.0,-13.9677391342,13.153615543
0.0,-13.9668263393,13.1478658053
0.0,-13.9673610594,13.1467454116
0.0,-13.9677701954,13.1458881452
0.0,-13.9699496148,13.1431573753
0.0,-13.9706478447,13.1415887307
0.0,-13.9707691368,13.1413162323
0.0,-13.9717362499,13.1394756757
0.0,-13.9739114853,13.1355061874
0.0,-13.9744426137,13.1320093163
0.0,-13.9738482023,13.1283904197
0.0,-13.9729404393,13.1272023861
0.0,-13.9704609259,13.1267223315
0.0,-13.9695784688,13.1255547316
0.0,-13.9685618443,13.1242102862
0.0,-13.9666195482,13.1210109166
0.0,-13.9659109585,13.1206012132
0.0,-13.9642601949,13.119747454
0.0,-13.9628090766,13.1189703456
0.0,-13.9621936923,13.1183349757
0.0,-13.9619012036,13.117691865
0.0,-13.9621731487,13.1166351294
0.0,-13.9621721332,13.1164758747
0.0,-13.9621620185,13.1148901144
0.0,-13.96296997,13.1113943851
0.0,-13.9630374383,13.1085003096
0.0,-13.9630326444,13.1074424578
0.0,-13.9626959377,13.1063471051
0.0,-13.9621132558,13.1045184162
0.0,-13.9623333224,13.1026296694
0.0,-13.9624421347,13.1022409053
0.0,-13.9627453428,13.1011575942
0.0,-13.9631358155,13.098220739
0.0,-13.9631296939,13.0974793269
0.0,-13.9622424852,13.0963896116
0.0,-13.9631089696,13.090013301
0.0,-13.9632496108,13.0889783034
0.0,-13.9632496394,13.0889780938
0.0,-13.9609977258,13.0841964843
0.0,-13.9595607062,13.0802497144
0.0,-13.9590001983,13.0774625267
0.0,-13.9584307888,13.0746014156
0.0,-13.9585291186,13.0742520334
0.0,-13.9591704197,13.0719733733
0.0,-13.9587966369,13.0693210306
0.0,-13.9584628692,13.0669525905
0.0,-13.9562940393,13.0607234164
0.0,-13.9568563464,13.0573052776
0.0,-13.9577934873,13.051637802
0.0,-13.957807141,13.048379067
0.0,-13.9578073588,13.0483270757
0.0,-13.9578135316,13.0468535028
0.0,-13.958320544,13.0423103807
0.0,-13.9595634824,13.0368133342
0.0,-13.9595774739,13.0334643192
0.0,-13.9581276004,13.0301094223
0.0,-13.9598514774,13.0262880108
0.0,-13.9606262185,13.0160054951
0.0,-13.9545409304,13.0126917757
0.0,-13.9499059547,13.0126132547
0.0,-13.9457657297,13.0109219345
0.0,-13.9389400256,13.0096980232
0.0,-13.934547811,13.0099192473
0.0,-13.9374864777,13.0072998939
0.0,-13.9399554636,13.0003726497
0.0,-13.9416782928,12.9967913942
0.0,-13.9407207778,12.9924815528
0.0,-13.939036563,12.98697265
0.0,-13.9385690061,12.9821863651
0.0,-13.9385943817,12.9762059963
0.0,-13.9403129838,12.9735815916
0.0,-13.9403291879,12.9697541507
0.0,-13.9410781361,12.9656904715
0.0,-13.9420810662,12.9592356227
0.0,-13.9391653319,12.9565923517
0.0,-13.9409161119,12.9463130335
0.0,-13.9423986368,12.9417738749
0.0,-13.9424137598,12.9381856389
0.0,-13.9412145101,12.9333963761
0.0,-13.9390337317,12.9300384418
0.0,-13.9368519961,12.9269197087
0.0,-13.9327274712,12.9218792715
0.0,-13.9349263514,12.9209313687
0.0,-13.94249132,12.9197660067
0.0,-13.9454177376,12.9197778379
0.0,-13.9502791194,12.9236249516
0.0,-13.9522440629,12.9202837506
0.0,-13.9551675132,12.9210131238
0.0,-13.9583417938,12.9200689177
0.0,-13.9627413206,12.9176942085
0.0,-13.9637325674,12.9138705945
0.0,-13.9608160853,12.9114667963
0.0,-13.9564246064,12.9119277394
0.0,-13.9563249113,12.9117962435
0.0,-13.9563238003,12.9117947779
0.0,-13.9563226902,12.9117933133
0.0,-13.9549693808,12.9100081573
0.0,-13.9544593281,12.9069287308
0.0,-13.9540178109,12.9042630407
0.0,-13.9557347145,12.9018776876
0.0,-13.95524322,12.8995820523
0.0,-13.9550175023,12.8985258393
0.0,-13.9556076342,12.897664303
0.0,-13.9579610633,12.8942314733
0.0,-13.9567650306,12.8911134364
0.0,-13.9560311269,12.8892001263
0.0,-13.9561738665,12.886372732
0.0,-13.9562967626,12.8839383061
0.0,-13.9582553473,12.8820323284
0.0,-13.9604764689,12.8755821536
0.0,-13.9652100885,12.8709752689
0.0,-13.9661070354,12.870102307
0.0,-13.9710049312,12.8648586692
0.0,-13.9751721562,12.8593728463
0.0,-13.9820152926,12.855332679
0.0,-13.9888438604,12.8548806301
0.0,-13.9934895718,12.851549339
0.0,-14.0017922135,12.8482318853
0.0,-14.0058727519,12.8467042922
0.0,-14.0103540373,12.8450265773
0.0,-14.0157095263,12.8430214433
0.0,-14.0205892238,12.8420827765
0.0,-14.0245284383,12.8424196474
0.0,-14.0264385606,12.8425829751
0.0,-14.0269151131,12.8454554675
0.0,-14.0303274336,12.8457073164
0.0,-14.0320505372,12.8414075762
0.0,-14.0347387186,12.8397428728
0.0,-14.0376633812,12.8399928297
0.0,-14.0396264801,12.8366508188
0.0,-14.0428093892,12.8330740052
0.0,-14.0442774797,12.8325993617
0.0,-14.044365534,12.8326938267
0.0,-14.0457329683,12.8341607928
0.0,-14.0471866548,12.8357202682
0.0,-14.0479461927,12.8340011144
0.0,-14.0483777041,12.8330244094
0.0,-14.0501394541,12.8290340102
0.0,-14.050140496,12.8290343214
0.0,-14.0501412162,12.829032691
0.0,-14.0513800835,12.8294041204
0.0,-14.0525736112,12.8297601727
0.0,-14.0522188308,12.8311313046
0.0,-14.0518314906,12.8326282457
0.0,-14.0567038029,12.8336026757
0.0,-14.0598793027,12.831939463
0.0,-14.0614964443,12.8295778408
0.0,-14.062817924,12.8276479526
0.0,-14.062819335,12.8276458916
0.0,-14.0674527223,12.8276602968
0.0,-14.0708745377,12.8252801068
0.0,-14.0726452349,12.8250547857
0.0,-14.0745288709,12.8248141471
0.0,-14.079122761,12.8226798452
0.0,-14.080149722,12.8222027066
0.0,-14.0862451895,12.8219847189
0.0,-14.0874727266,12.8195966651
0.0,-14.0920960145,12.822004976
0.0,-14.0940480028,12.8215332415
0.0,-14.0984471876,12.8184383367
0.0,-14.0984483545,12.8184389962
0.0,-14.0984488468,12.8184386507
0.0,-14.0992703965,12.8189037041
0.0,-14.1018533475,12.8203638432
0.0,-14.1030318949,12.8186940743
0.0,-14.1045475886,12.8165429132
0.0,-14.1060012018,12.8194207398
0.0,-14.106102057,12.8192244992
0.0,-14.1079647868,12.8155999798
0.0,-14.109761645,12.8157594442
0.0,-14.1120306711,12.815960794
0.0,-14.1135668573,12.8160971021
0.0,-14.1135684517,12.8160972431
0.0,-14.1137373132,12.8152910534
0.0,-14.1140669106,12.8137076542
0.0,-14.1140678526,12.813708585
0.0,-14.115421863,12.8150464722
0.0,-14.1157665729,12.815387073
0.0,-14.117608084,12.8141912141
0.0,-14.1186979027,12.8134834831
0.0,-14.1186982444,12.8134832618
0.0,-14.1192388748,12.8135732684
0.0,-14.1230876042,12.8142120069
0.0,-14.1232998988,12.8145043356
0.0,-14.1306068008,12.8242881686
0.0,-14.132712503,12.8275147416
0.0,-14.1327125956,12.8275148838
0.0,-14.1354572697,12.831720414
0.0,-14.135917907,12.8396166513
0.0,-14.1363891793,12.8444028791
0.0,-14.1361134852,12.8537320894
0.0,-14.1374681983,12.8583468944
0.0,-14.1378006168,12.8594792472
0.0,-14.141940745,12.8609282236
0.0,-14.1507144472,12.8621529471
0.0,-14.151356746,12.8624687386
0.0,-14.1526766708,12.863121604
0.0,-14.1541224598,12.8638367139
0.0,-14.1591534324,12.8688052526
0.0,-14.161902622,12.8715202059
0.0,-14.1619478246,12.8719346968
0.0,-14.1621353655,12.8736543522
0.0,-14.1621729684,12.8739991543
0.0,-14.1628877464,12.8742779043
0.0,-14.1639838328,12.8747035627
0.0,-14.1655845899,12.8753251966
0.0,-14.1669164028,12.8761714641
0.0,-14.168011347,12.8768847349
0.0,-14.1699603095,12.8801132374
0.0,-14.1700357105,12.8813556127
0.0,-14.1708502586,12.8828165632
0.0,-14.1715604732,12.8845002533
0.0,-14.1716659505,12.8847393448
0.0,-14.1718176399,12.8850831868
0.0,-14.1719373744,12.8853545931
0.0,-14.1720515698,12.8856134451
0.0,-14.1720870637,12.8856939004
0.0,-14.1721402671,12.8858296344
0.0,-14.1723054158,12.88627334
0.0,-14.1724473059,12.8866545554
0.0,-14.1725815998,12.8870153599
0.0,-14.17271581,12.8873759407
0.0,-14.1729036234,12.8878805336
0.0,-14.1729285624,12.8880408989
0.0,-14.1729634592,12.888265289
0.0,-14.1730197388,12.8886271842
0.0,-14.1730688978,12.8889432847
0.0,-14.1731550535,12.8894972798
0.0,-14.1732319494,12.8899917334
0.0,-14.1731679002,12.8906075873
0.0,-14.1730753926,12.8914970752
0.0,-14.1730398243,12.8918390727
0.0,-14.1730424071,12.892293828
0.0,-14.1730465264,12.8930189194
0.0,-14.1730498696,12.8936075284
0.0,-14.1730555218,12.8946025643
0.0,-14.1731344874,12.8948761579
0.0,-14.1734120757,12.8958379151
0.0,-14.173309385,12.8974879238
0.0,-14.1734583762,12.8999837884
0.0,-14.1733077497,12.9016458977
0.0,-14.1735414546,12.9020492455
0.0,-14.1742194215,12.9032193261
0.0,-14.1746258226,12.9039207159
0.0,-14.1747680895,12.9060358468
0.0,-14.1753224863,12.9077295675
0.0,-14.1751136084,12.9088862758
0.0,-14.1756600102,12.9102092515
0.0,-14.1758220745,12.9109302208
0.0,-14.1759779499,12.9116236515
0.0,-14.1764947015,12.9139224649
0.0,-14.1763689593,12.9151826791
0.0,-14.1762194595,12.9166809834
0.0,-14.1761992956,12.916883063
0.0,-14.1760525039,12.9193305045
0.0,-14.1760116714,12.9204065014
0.0,-14.1759779383,12.9212954168
0.0,-14.1759653636,12.9216267781
0.0,-14.1757734678,12.9232233903
0.0,-14.1756463702,12.9242808551
0.0,-14.1756099951,12.9245834955
0.0,-14.1748854646,12.92784647
0.0,-14.1747293228,12.9285512459
0.0,-14.1745568418,12.9290209888
0.0,-14.1740084654,12.9305144523
0.0,-14.173873552,12.9328208433
0.0,-14.1729206086,12.9342227117
0.0,-14.1711662089,12.9354581467
0.0,-14.164930383,12.9342949567
0.0,-14.1625785008,12.9338877358
0.0,-14.1602387471,12.9334825929
0.0,-14.1587021898,12.9332525399
0.0,-14.1583562931,12.9332007512
0.0,-14.1581392905,12.9331362545
0.0,-14.1571696266,12.9328480497
0.0,-14.1560419537,12.932512876
0.0,-14.1535775679,12.9334418588
0.0,-14.1529764451,12.9335944737
0.0,-14.1511995334,12.934045591
0.0,-14.1485934962,12.9329034784
0.0,-14.146257151,12.9332756037
0.0,-14.1457495664,12.9336675661
0.0,-14.1451509405,12.934129828
0.0,-14.1444321928,12.9375995422
0.0,-14.1441582478,12.9400455931
0.0,-14.1433609838,12.9418365411
0.0,-14.1429981957,12.9426514857
0.0,-14.1422549913,12.9440458264
0.0,-14.1419836984,12.9445548004
0.0,-14.1419072258,12.9446875876
0.0,-14.1418440982,12.9448113896
0.0,-14.1417816083,12.9449339395
0.0,-14.1412487789,12.9457073625
0.0,-14.1402494784,12.9471578711
0.0,-14.1401518655,12.9472995566
0.0,-14.1400103104,12.9475050255
0.0,-14.1398567621,12.9476261994
0.0,-14.1394656191,12.9479348706
0.0,-14.1392636653,12.9480942424
0.0,-14.1382091619,12.9489263987
0.0,-14.1380292549,12.94906837
0.0,-14.1359171731,12.9490206891
0.0,-14.1330087635,12.9489906879
0.0,-14.1307332498,12.9478890507
0.0,-14.129537259,12.9468542938
0.0,-14.1285210237,12.9461012607
0.0,-14.1277247036,12.9455111788
0.0,-14.1257218944,12.9453088344
0.0,-14.1257204411,12.9453086875
0.0,-14.1239642677,12.9451312485
0.0,-14.1218528552,12.9453991748
0.0,-14.1213438758,12.9454637591
0.0,-14.1189280751,12.9464355105
0.0,-14.1164778738,12.9480084
0.0,-14.1136555023,12.9497257978
0.0,-14.1125353644,12.9512832061
0.0,-14.1106061743,12.9471768972
0.0,-14.1098806234,12.9483176897
0.0,-14.1096892013,12.9486187127
0.0,-14.1096891983,12.9486188004
0.0,-14.1096375078,12.9499957314
0.0,-14.1094198023,12.9557946159
0.0,-14.1119838676,12.9581678123
0.0,-14.1147381257,12.9607169677
0.0,-14.1226514058,12.9647807674
0.0,-14.1228083843,12.9649406297
0.0,-14.1275127132,12.9697312454
0.0,-14.1319183908,12.9742315636
0.0,-14.1335419708,12.9777124775
0.0,-14.1346424881,12.9800719035
0.0,-14.1349282778,12.9856050788
0.0,-14.1336878219,12.9915817268
0.0,-14.1310734763,12.9980023294
0.0,-14.1289284177,13.0009855284
0.0,-14.1283101648,13.0033757594
0.0,-14.1297816922,13.0051921642
0.0,-14.1307393822,13.0063742874
0.0,-14.1316448907,13.0090686627
0.0,-14.1311780789,13.0117584455
0.0,-14.1321456428,13.0141539888
0.0,-14.1330455762,13.018463149
0.0,-14.133884957,13.022652488
0.0,-14.1354677294,13.0235548853
0.0,-14.1390615234,13.0250022279
0.0,-14.1417422664,13.0259082328
0.0,-14.1435107524,13.0260336963
0.0,-14.1460079211,13.0271184754
0.0,-14.1482027847,13.0274247363
0.0,-14.1491801644,13.0270092911
0.0,-14.1505841107,13.0267148559
0.0,-14.1518060825,13.0261207781
0.0,-14.1526022921,13.0251664561
0.0,-14.1547408186,13.024096895
0.0,-14.1568167132,13.0235055744
0.0,-14.1593211836,13.0224371631
0.0,-14.1620096268,13.0210702797
0.0,-14.163473922,13.020955391
0.0,-14.165061209,13.0205418503
0.0,-14.1666468922,13.0206067586
0.0,-14.167744014,13.0208495135
0.0,-14.1689633281,13.0210328481
0.0,-14.1703096113,13.0197213795
0.0,-14.173002136,13.0170984185
0.0,-14.1745927505,13.0156680863
0.0,-14.1752632934,13.0157898354
0.0,-14.1763606025,13.0159727463
0.0,-14.177028582,13.0168719906
0.0,-14.1777727308,13.0179091987
0.0,-14.1780607633,13.0183106616
0.0,-14.178350821,13.0185397014
0.0,-14.179581707,13.0195116423
0.0,-14.180804195,13.020196009
0.0,-14.1814082336,13.0205341553
0.0,-14.1831771106,13.0205397326
0.0,-14.1848869477,13.0199470284
0.0,-14.1860143459,13.0193326229
0.0,-14.1864131467,13.019115284
0.0,-14.1864138589,13.0191148956
0.0,-14.187975493,13.0194715069
0.0,-14.1917189515,13.0203249919
0.0,-14.1925159485,13.0206257756
0.0,-14.1939436705,13.0211645856
0.0,-14.1944240162,13.0213458609
0.0,-14.1990889709,13.0231013185
0.0,-14.2031715422,13.0244296852
0.0,-14.2044347702,13.0248104629
0.0,-14.2057264582,13.0251991848
0.0,-14.2107872327,13.0267221083
0.0,-14.2125444797,13.0275049484
0.0,-14.2137737187,13.0280505751
0.0,-14.2177380312,13.0282419958
0.0,-14.2212167978,13.0276543839
0.0,-14.2241488129,13.0263473875
0.0,-14.2260316287,13.027422183
0.0,-14.2280458103,13.028571944
0.0,-14.2297491438,13.0300722338
0.0,-14.2303781226,13.0305921197
0.0,-14.2320003838,13.0319329913
0.0,-14.2337627403,13.0340913304
0.0,-14.2344399174,13.0350813827
0.0,-14.2354023915,13.0364885324
0.0,-14.235923027,13.0370244061
0.0,-14.2365759643,13.0376964493
0.0,-14.2368010034,13.0379280714
0.0,-14.238383366,13.039128908
0.0,-14.2397302228,13.0394532275
0.0,-14.2403949444,13.0396132876
0.0,-14.2412149409,13.0395353181
0.0,-14.2422236412,13.0394394019
0.0,-14.2422245858,13.0394393124
0.0,-14.2424506634,13.0396262303
0.0,-14.2433891984,13.0403985988
0.0,-14.2453004917,13.041958283
0.0,-14.2464851197,13.042920576
0.0,-14.2483696853,13.0450791801
0.0,-14.2540500833,13.0422360302
0.0,-14.2592351296,13.0427779382
0.0,-14.2623489078,13.0418896891
0.0,-14.2649739441,13.0412392511
0.0,-14.2663464511,13.041050984
0.0,-14.2675372873,13.040886431
0.0,-14.271013762,13.0410137868
0.0,-14.2737606219,13.0415007322
0.0,-14.2775374045,13.0424416679
0.0,-14.2780574049,13.0425707592
0.0,-14.278057861,13.0425708726
0.0,-14.2783957741,13.0425860548
0.0,-14.2816829258,13.0427328253
0.0,-14.2845508511,13.0428921682
0.0,-14.2876446925,13.0422943732
0.0,-14.2927449366,13.0429146793
0.0,-14.293397111,13.0431297974
0.0,-14.2957659563,13.0439111373
0.0,-14.2959894351,13.043985362
0.0,-14.2959902169,13.0439861327
0.0,-14.2983013364,13.0462645916
0.0,-14.3015408674,13.048850241
0.0,-14.307879862,13.0488672697
0.0,-14.3105040262,13.0503900924
0.0,-14.3121753256,13.0518179676
0.0,-14.3128177441,13.0523668124
0.0,-14.3131229394,13.0527315
0.0,-14.3139790018,13.0537544299
0.0,-14.3140227028,13.05380665
0.0,-14.3145144464,13.0543942408
0.0,-14.3179033137,13.0584435497
0.0,-14.3195870752,13.0646628479
0.0,-14.3201935267,13.069060321
0.0,-14.3209575217,13.0723971322
0.0,-14.3211409352,13.0735206113
0.0,-14.3220220957,13.0789179505
0.0,-14.3207672221,13.0854326722
0.0,-14.3190500286,13.0913398347
0.0,-14.317057811,13.0969703614
0.0,-14.3123160823,13.1074424862
0.0,-14.3106103099,13.1116065448
0.0,-14.3093640393,13.1208736745
0.0,-14.3086911549,13.1308294259
0.0,-14.3084827875,13.1339121322
0.0,-14.3082950897,13.1366889524
0.0,-14.3080908619,13.1397102126
0.0,-14.3085144002,13.144862029
0.0,-14.3087856372,13.148161218
0.0,-14.3092712359,13.1540676233
0.0,-14.3109106686,13.1590759859
0.0,-14.3162091387,13.1752611121
0.0,-14.3182802183,13.1815870344
0.0,-14.3195597148,13.1854949796
0.0,-14.3229061261,13.1893914449
0.0,-14.32624445,13.1962783132
0.0,-14.3282126259,13.1995174934
0.0,-14.3284352549,13.1998777543
0.0,-14.3286853403,13.2002886319
0.0,-14.3296209166,13.2018257186
0.0,-14.3298906136,13.2022688089
0.0,-14.3302081917,13.2028055133
0.0,-14.3304703631,13.2032485771
0.0,-14.3307644459,13.2037455711
0.0,-14.3310353986,13.2042034717
0.0,-14.3362710088,13.2130511108
0.0,-14.338283485,13.2156075009
0.0,-14.3396888112,13.2173926065
0.0,-14.3410418228,13.219111228
0.0,-14.342700404,13.2212179493
0.0,-14.3442083517,13.2231332959
0.0,-14.3459129734,13.2252984092
0.0,-14.346891428,13.2265411628
0.0,-14.3478307069,13.2277341451
0.0,-14.3316388534,13.2327760953
0.0,-14.3072044672,13.237794761
0.0,-14.2882812559,13.2368455974
0.0,-14.281145046,13.2371109269
0.0,-14.273322095,13.2374015597
0.0,-14.2626301555,13.240062291
0.0,-14.2569294731,13.2313856985
0.0,-14.2548072997,13.2265948539
0.0,-14.2465819435,13.2213375205
0.0,-14.2421644033,13.2186330964
0.0,-14.2386579984,13.2174265188
0.0,-14.2343909021,13.2154700172
0.0,-14.2285921385,13.215303075
0.0,-14.2258203992,13.215603964
0.0,-14.2165315784,13.2166120963
0.0,-14.2102711417,13.2176394798
0.0,-14.2007907099,13.2232917564
0.0,-14.1933086425,13.224464408
0.0,-14.1881122941,13.2266907363
0.0,-14.1818555096,13.2265212671
0.0,-14.1743858652,13.2239554377
0.0,-14.1696634183,13.2213983346
0.0,-14.1638682122,13.2201833058
0.0,-14.1618898761,13.2185321329
0.0,-14.1542655305,13.2167128208
0.0,-14.1480044044,13.2178881794
0.0,-14.1429950101,13.2207688761
0.0,-14.1391765187,13.2234114716
0.0,-14.1319624378,13.2229178051
0.0,-14.1287949906,13.2269090485
0.0,-14.1252171148,13.2314172519
0.0,-14.1187830127,13.2381233684
0.0,-14.1160153361,13.2437954098
0.0,-14.1141670792,13.248423995
0.0,-14.1141519334,13.2526103843
0.0,-14.113975488,13.2591884646
0.0,-14.1139587013,13.2638233918
0.0,-14.1140265969,13.2672913668
0.0,-14.121250402,13.2757213274
0.0,-14.1133902652,13.2812919469
0.0,-14.1026062649,13.2848425266
0.0,-14.0966571767,13.2782656171
0.0,-14.0819737433,13.2811268037
0.0,-14.0740504694,13.291845545
0.0,-14.0644866626,13.2922411572
