111,11,19,31,101,
0.0,-13.1800016151,14.2336589571
0.0,-13.179466423,14.2323726422
0.0,-13.1789271829,14.2310862959
0.0,-13.178384474,14.2297999225
0.0,-13.1778388752,14.2285135263
0.0,-13.1772892377,14.2272259689
0.0,-13.1767361315,14.2259383844
0.0,-13.1761801356,14.2246507771
0.0,-13.1756206803,14.2233620129
0.0,-13.1750577474,14.2220743512
0.0,-13.1744919341,14.220785537
0.0,-13.1742684924,14.2202791586
0.0,-13.1742676452,14.2202772379
0.0,-13.1742338169,14.2202865704
0.0,-13.174176118,14.2201750329
0.0,-13.1517940306,14.1768999348
0.0,-13.1463550219,14.1663813348
0.0,-13.1710996897,14.1528514478
0.0,-13.1970360277,14.1386652552
0.0,-13.2900197286,14.0877670558
0.0,-13.2901392901,14.087492608
0.0,-13.2903085833,14.0874496987
0.0,-13.2954415474,14.0840345933
0.0,-13.2588734614,14.0031713104
0.0,-13.2587309518,14.0028560727
0.0,-13.2626697067,14.0013503664
0.0,-13.2735063735,13.9975886234
0.0,-13.3189745259,13.9818052184
0.0,-13.3479152556,13.9706037551
0.0,-13.3890681943,13.9546674457
0.0,-13.3896414031,13.9542936672
0.0,-13.3893877626,13.9540498142
0.0,-13.3842825242,13.949141425
0.0,-13.4097749857,13.9285380361
0.0,-13.4255185021,13.9158105106
0.0,-13.4272404889,13.9145816636
0.0,-13.4348313825,13.9089266661
0.0,-13.4394233261,13.9056081728
0.0,-13.441992746,13.9037022168
0.0,-13.4420227037,13.9036799947
0.0,-13.4421769693,13.9037303981
0.0,-13.4496550499,13.9160745851
0.0,-13.4499199351,13.9198174024
0.0,-13.4519501943,13.9485038987
0.0,-13.4526038018,13.9577386743
0.0,-13.4734825647,13.9711124305
0.0,-13.4735741638,13.97157984
0.0,-13.4874095805,13.9494281068
0.0,-13.4699481892,13.9489736412
0.0,-13.4730361945,13.9211362321
0.0,-13.5257614114,13.9241361002
0.0,-13.5384224286,13.9172559011
0.0,-13.5467778095,13.9116457001
0.0,-13.5698978866,13.8968336199
0.0,-13.6052914112,13.9038895799
0.0,-13.6052935786,13.90387797
0.0,-13.6177771952,13.9063773688
0.0,-13.6177771358,13.9063773974
0.0,-13.6291471168,13.9086423089
0.0,-13.6301778525,13.9088866209
0.0,-13.6324185004,13.9094384954
0.0,-13.6454482197,13.9126472838
0.0,-13.6458900937,13.8982008933
0.0,-13.6465736796,13.8978536169
0.0,-13.6471256126,13.8968261356
0.0,-13.6475757017,13.8958071282
0.0,-13.6478776818,13.8947963394
0.0,-13.6483811853,13.894139219
0.0,-13.649070798,13.89330233
0.0,-13.6499997317,13.8926837179
0.0,-13.6518318111,13.8927028781
0.0,-13.6532792271,13.892032875
0.0,-13.6553451366,13.8916193845
0.0,-13.6568386576,13.8911756092
0.0,-13.6584328016,13.890732377
0.0,-13.6598367426,13.8905568548
0.0,-13.6601644386,13.8905158849
0.0,-13.6615079228,13.8918249934
0.0,-13.6626581413,13.8929522398
0.0,-13.6639937477,13.8940262566
0.0,-13.665662021,13.8951834441
0.0,-13.6666739411,13.8962285594
0.0,-13.6675246329,13.8963416821
0.0,-13.6689466616,13.8968737526
0.0,-13.6702355377,13.8980378835
0.0,-13.6715315668,13.8995726837
0.0,-13.6730673072,13.9010635819
0.0,-13.6751083187,13.9019877006
0.0,-13.6763062588,13.9028801126
0.0,-13.6775808561,13.9033118987
0.0,-13.6786788171,13.903887361
0.0,-13.6798140551,13.9044178209
0.0,-13.6814448885,13.9038390421
0.0,-13.6832320194,13.9038486913
0.0,-13.6852120687,13.9039045666
0.0,-13.6867669566,13.9038677388
0.0,-13.6874309863,13.9042690692
0.0,-13.6874772392,13.9044624684
0.0,-13.6875846835,13.9049117327
0.0,-13.6874750893,13.9062953863
0.0,-13.6871629834,13.907486981
0.0,-13.6867739356,13.909193438
0.0,-13.6866167421,13.9108107426
0.0,-13.6854253322,13.9120247173
0.0,-13.6852825483,13.9143652928
0.0,-13.6858353284,13.9162395403
0.0,-13.6859651898,13.9180301486
0.0,-13.6864340619,13.920220341
0.0,-13.687898517,13.9229040512
0.0,-13.6882355884,13.9256992082
0.0,-13.6894925193,13.9276495594
0.0,-13.6899624553,13.9296589545
0.0,-13.6903305941,13.9316678019
0.0,-13.690405075,13.9332321128
0.0,-13.6908194957,13.9352412085
0.0,-13.6910176415,13.9378548175
0.0,-13.6911793443,13.9387235213
0.0,-13.6913474509,13.9400984963
0.0,-13.6920265461,13.9412332687
0.0,-13.6926209279,13.9421004823
0.0,-13.6929904642,13.9426396375
0.0,-13.6941047926,13.9428058061
0.0,-13.6948770291,13.9429209584
0.0,-13.696267279,13.9442301622
0.0,-13.6975197775,13.9453487829
0.0,-13.6996051324,13.9464989697
0.0,-13.7008175007,13.9481778391
0.0,-13.7022939977,13.9489721954
0.0,-13.7036233742,13.9495940001
0.0,-13.7044727245,13.9499872431
0.0,-13.7043427111,13.9510918417
0.0,-13.7041746994,13.9511569486
0.0,-13.704030685,13.9523804825
0.0,-13.7039363248,13.954359734
0.0,-13.7030129718,13.955611368
0.0,-13.7026928156,13.958240291
0.0,-13.7023179221,13.9607242808
0.0,-13.7023158968,13.9627401817
0.0,-13.7019093212,13.9659200768
0.0,-13.7016516542,13.967301814
0.0,-13.7013916904,13.9707446477
0.0,-13.7015127707,13.972264007
0.0,-13.7012707662,13.9741520632
0.0,-13.7014850205,13.975563441
0.0,-13.7015541523,13.9764418157
0.0,-13.7012574111,13.9781849392
0.0,-13.7008078621,13.9791136491
0.0,-13.7005362694,13.9796726724
0.0,-13.6993254816,13.9826312902
0.0,-13.6991219733,13.9841489093
0.0,-13.6988177399,13.9856750279
0.0,-13.6980644107,13.9879400113
0.0,-13.6980330284,13.988581678
0.0,-13.6970251082,13.9900226568
0.0,-13.6965212452,13.9907250649
0.0,-13.6959389387,13.9922044833
0.0,-13.695768179,13.992935799
0.0,-13.6954495037,13.9936301594
0.0,-13.6950001518,13.9945136545
0.0,-13.694138773,13.9962266028
0.0,-13.6939776519,14.0001671363
0.0,-13.696484383,14.008759502
0.0,-13.6964870095,14.0164976776
0.0,-13.6951113065,14.0240114666
0.0,-13.6940398669,14.026826136
0.0,-13.6924410184,14.027938451
0.0,-13.6883272688,14.0348328242
0.0,-13.6868211914,14.0358992682
0.0,-13.6868267137,14.0365317603
0.0,-13.6869873941,14.0365754859
0.0,-13.6869927059,14.0371838594
0.0,-13.6857191092,14.0380718893
0.0,-13.6824750511,14.0483619216
0.0,-13.6808370996,14.049798232
0.0,-13.6785006574,14.055155124
0.0,-13.6773290959,14.0559894167
0.0,-13.6743033244,14.055593162
0.0,-13.6731367353,14.0571687239
0.0,-13.6736904056,14.0639335353
0.0,-13.6756499596,14.0677862061
0.0,-13.6757512481,14.0694952843
0.0,-13.6756429653,14.0754338382
0.0,-13.6745497763,14.0819285758
0.0,-13.6730046149,14.0848851289
0.0,-13.6749835125,14.0918295252
0.0,-13.6745395855,14.0937265686
0.0,-13.6744265135,14.0942095678
0.0,-13.672870349,14.1008566329
0.0,-13.6727638004,14.1069050795
0.0,-13.6689817936,14.1149851587
0.0,-13.6665969193,14.1254221706
0.0,-13.6624385645,14.1267762388
0.0,-13.656875223,14.1270692702
0.0,-13.6473180002,14.1289599168
0.0,-13.6471846249,14.1288843226
0.0,-13.6471425216,14.1289121503
0.0,-13.6454905738,14.1300039882
0.0,-13.6401801451,14.1351446893
0.0,-13.6401246573,14.1351832703
0.0,-13.6376299194,14.1388692643
0.0,-13.632343622,14.1483172014
0.0,-13.6292444452,14.1529169938
0.0,-13.626820952,14.1555764096
0.0,-13.6233933929,14.1595261642
0.0,-13.6231297552,14.1593616151
0.0,-13.62298418,14.1594121987
0.0,-13.621328104,14.1599876353
0.0,-13.6189874292,14.1625323695
0.0,-13.6132209609,14.1632132338
0.0,-13.6084645781,14.1651743881
0.0,-13.6015238306,14.1699499671
0.0,-13.6000355946,14.170973892
0.0,-13.599658112,14.1710994132
0.0,-13.5976311814,14.1717733959
0.0,-13.5905947502,14.1815308976
0.0,-13.5905601977,14.191618703
0.0,-13.5893186091,14.195705569
0.0,-13.5883753704,14.1988102533
0.0,-13.585852215,14.2037579958
0.0,-13.5819969443,14.2083362324
0.0,-13.5786344793,14.2155839361
0.0,-13.5715152372,14.2224622913
0.0,-13.572359125,14.2295859319
0.0,-13.5722470611,14.23183089
0.0,-13.5684037395,14.2354391095
0.0,-13.5683926711,14.235435412
0.0,-13.5683901492,14.2354466364
0.0,-13.5671109523,14.2355022399
0.0,-13.5590521969,14.2402303139
0.0,-13.5509890507,14.2514839805
0.0,-13.543402823,14.253507463
0.0,-13.5404972303,14.2585095059
0.0,-13.5385437999,14.2627247219
0.0,-13.5344111018,14.2688052648
0.0,-13.5258950436,14.2823735654
0.0,-13.5229549086,14.2901051102
0.0,-13.5213315876,14.2924472161
0.0,-13.5190651312,14.2957171183
0.0,-13.5170032226,14.2959972396
0.0,-13.5162386748,14.2971660268
0.0,-13.5154845078,14.2976765495
0.0,-13.514588883,14.2984663978
0.0,-13.5136486595,14.2991655726
0.0,-13.5132285227,14.2996239397
0.0,-13.5137502055,14.3006395777
0.0,-13.5144202583,14.3016471027
0.0,-13.5147569231,14.3026073487
0.0,-13.5148137981,14.3052380774
0.0,-13.515290102,14.3061088045
0.0,-13.5157191722,14.3071148222
0.0,-13.5149722829,14.3093337716
0.0,-13.5148593698,14.3099327015
0.0,-13.5147033519,14.3107602657
0.0,-13.5144266327,14.3119607335
0.0,-13.5142903776,14.3143552367
0.0,-13.5144808205,14.3149982018
0.0,-13.5142501441,14.3162441516
0.0,-13.514214784,14.3173918927
0.0,-13.513930565,14.3183211392
0.0,-13.5138880138,14.3191524675
0.0,-13.5136062892,14.3197020879
0.0,-13.514135794,14.3209437535
0.0,-13.5146569855,14.3220407411
0.0,-13.515088766,14.3225496293
0.0,-13.5158459129,14.3230978366
0.0,-13.5161914034,14.3255405457
0.0,-13.5165741697,14.326455884
0.0,-13.5172849893,14.3270026688
0.0,-13.5179491194,14.3275130039
0.0,-13.5183803831,14.3281032359
0.0,-13.5193740837,14.3293387509
0.0,-13.5199470636,14.3296134966
0.0,-13.5204249119,14.3302582506
0.0,-13.5208991485,14.3314543657
0.0,-13.521089324,14.3321425213
0.0,-13.5215276701,14.3331576302
0.0,-13.5222831116,14.3338854625
0.0,-13.5234237193,14.3352574653
0.0,-13.5240049688,14.3371050567
0.0,-13.5241918447,14.3382993796
0.0,-13.5240658068,14.3405583686
0.0,-13.5244527502,14.3422601252
0.0,-13.5244114665,14.3429016438
0.0,-13.5243605443,14.3436877279
0.0,-13.52427975,14.3446996032
0.0,-13.5234795819,14.3465476351
0.0,-13.5229219881,14.3481621582
0.0,-13.5226378246,14.3489919831
0.0,-13.5226466943,14.3505557992
0.0,-13.5222299885,14.3518909853
0.0,-13.5219992957,14.3531369394
0.0,-13.5215813341,14.3546619361
0.0,-13.5214430507,14.3559536607
0.0,-13.5212670857,14.3573355404
0.0,-13.5210842251,14.3584339268
0.0,-13.5210836864,14.3584371622
0.0,-13.521041139,14.3592684908
0.0,-13.520902847,14.360560214
0.0,-13.5208121482,14.3617039897
0.0,-13.5207123528,14.3617503923
0.0,-13.5162309145,14.3736243554
0.0,-13.5164001717,14.3783081635
0.0,-13.5029387478,14.4156273835
0.0,-13.5028823086,14.4156700745
0.0,-13.5020564422,14.4162947744
0.0,-13.486874777,14.4277790422
0.0,-13.4716927617,14.4392610477
0.0,-13.4565074897,14.4507418994
0.0,-13.4413212708,14.4622227398
0.0,-13.4261346996,14.4737013109
0.0,-13.4109448767,14.4851775909
0.0,-13.3957552557,14.49665499
0.0,-13.3930491095,14.4986988974
0.0,-13.3917032046,14.4997154096
0.0,-13.3805623894,14.5081289632
0.0,-13.3668648235,14.5184748973
0.0,-13.3506925076,14.5355692232
0.0,-13.3326194959,14.5443286969
0.0,-13.3197797014,14.5540189387
0.0,-13.304579782,14.5654882365
0.0,-13.30331957,14.5664390781
0.0,-13.2993315427,14.5694479779
0.0,-13.2992730172,14.5694921333
0.0,-13.2970645187,14.5711583368
0.0,-13.2959765942,14.5719791048
0.0,-13.289378915,14.5769563693
0.0,-13.2741770908,14.5884244647
0.0,-13.2589719971,14.5998913732
0.0,-13.2561002718,14.6020566925
0.0,-13.2545069403,14.6032580497
0.0,-13.2437659619,14.6113559799
0.0,-13.2141250056,14.6069283249
0.0,-13.210641313,14.6064079421
0.0,-13.1844856771,14.602497034
0.0,-13.168779102,14.6001472172
0.0,-13.1680968722,14.6000451257
0.0,-13.1548479843,14.5980621108
0.0,-13.1252130949,14.5936235684
0.0,-13.0955787065,14.5891802623
0.0,-13.0668999097,14.584877918
0.0,-13.0675720898,14.5837470739
0.0,-13.0682765419,14.5825724382
0.0,-13.0689873551,14.5813989817
0.0,-13.0697039594,14.5802255699
0.0,-13.0704263447,14.5790533323
0.0,-13.071153941,14.5778811345
0.0,-13.0718873183,14.5767101108
0.0,-13.0726259064,14.5755391268
0.0,-13.0733702851,14.5743681871
0.0,-13.0741192847,14.5731984118
0.0,-13.0748740748,14.5720286808
0.0,-13.0756334955,14.5708589845
0.0,-13.0763981169,14.569690457
0.0,-13.0771673688,14.5685219642
0.0,-13.077941831,14.5673535106
0.0,-13.0787209138,14.566186221
0.0,-13.0795046268,14.5650189658
0.0,-13.0802923805,14.5638528697
0.0,-13.0810853442,14.5626868127
0.0,-13.0818817783,14.5615207804
0.0,-13.0826828425,14.5603547823
0.0,-13.083487947,14.5591899431
0.0,-13.0842976815,14.5580251379
0.0,-13.0851108862,14.5568603573
0.0,-13.0859281311,14.5556967355
0.0,-13.0861326274,14.5554068052
0.0,-13.0867488461,14.5545331381
0.0,-13.087573611,14.5533695699
0.0,-13.0884018459,14.552206026
0.0,-13.089156314,14.5511515706
0.0,-13.096069498,14.5438477082
0.0,-13.101363347,14.5360935032
0.0,-13.1113554531,14.5214554786
0.0,-13.1117872742,14.5208942121
0.0,-13.1126789765,14.5197367106
0.0,-13.1135718287,14.5185792139
0.0,-13.1142496628,14.5177010302
0.0,-13.1144652511,14.5174217172
0.0,-13.1153592339,14.51626535
0.0,-13.115556084,14.5160108082
0.0,-13.1162543763,14.515107858
0.0,-13.117149509,14.5139503613
0.0,-13.1180452022,14.5127939943
0.0,-13.1189414751,14.5116364976
0.0,-13.1198383181,14.5104790009
0.0,-13.1207351418,14.5093226291
0.0,-13.1216319655,14.5081651231
0.0,-13.12252877,14.5070087421
0.0,-13.1234255744,14.5058512267
0.0,-13.1243223691,14.5046937068
0.0,-13.1252185649,14.5035373071
0.0,-13.1261147606,14.5023797732
0.0,-13.1270103575,14.5012233596
0.0,-13.1279053744,14.5000658072
0.0,-13.1287998021,14.4989082455
0.0,-13.1296936404,14.4977506745
0.0,-13.1305863096,14.4965930897
0.0,-13.1314783801,14.4954366253
0.0,-13.132369291,14.4942790174
0.0,-13.1332590424,14.4931202661
0.0,-13.1341481951,14.4919626353
0.0,-13.1350355991,14.490804986
0.0,-13.1359212544,14.4896473184
0.0,-13.13680633,14.4884885121
0.0,-13.1376890679,14.4873308124
0.0,-13.1385706463,14.4861719695
0.0,-13.1394504761,14.4850131082
0.0,-13.1403285574,14.4838542287
0.0,-13.1412043106,14.4826953264
0.0,-13.1420783152,14.4815364059
0.0,-13.1429505715,14.4803774672
0.0,-13.143820509,14.4792173761
0.0,-13.1446875388,14.4780572578
0.0,-13.1455528108,14.476898251
0.0,-13.146415194,14.4757369578
0.0,-13.1472752398,14.4745767715
0.0,-13.1481329577,14.4734165627
0.0,-13.1483080987,14.4731786157
0.0,-13.1485998653,14.4727822205
0.0,-13.1509814207,14.4555311326
0.0,-13.1766070564,14.4136799627
0.0,-13.1960636344,14.3859702547
0.0,-13.1962754143,14.3762953595
0.0,-13.1963649649,14.36512608
0.0,-13.1964544386,14.3539567895
0.0,-13.2014813438,14.3015085389
0.0,-13.2015701471,14.3015016929
0.0,-13.2015110949,14.301198007
0.0,-13.2012592943,14.2999375841
0.0,-13.2010011333,14.2986759832
0.0,-13.2007354444,14.2974143253
0.0,-13.2004628072,14.2961526148
0.0,-13.2001832395,14.2948885922
0.0,-13.1998972939,14.2936256511
0.0,-13.1996044092,14.2923615275
0.0,-13.1993051646,14.291096226
0.0,-13.1989989723,14.2898308717
0.0,-13.1986864113,14.2885654692
0.0,-13.198367491,14.2872988886
0.0,-13.1980422023,14.2860322596
0.0,-13.1977105543,14.2847644526
0.0,-13.1973725473,14.2834954675
0.0,-13.1970287425,14.282227568
0.0,-13.1966780085,14.2809573565
0.0,-13.1963220562,14.2796882349
0.0,-13.1959597452,14.2784179352
0.0,-13.1955916547,14.2771464617
0.0,-13.1952171968,14.2758749398
0.0,-13.1948375299,14.2746033781
0.0,-13.1944520839,14.2733306427
0.0,-13.1940608499,14.2720578631
0.0,-13.193663837,14.2707839097
0.0,-13.1932616155,14.2695099165
0.0,-13.1928536063,14.268235879
0.0,-13.1924403976,14.2669606722
0.0,-13.1920214014,14.265685421
0.0,-13.1915977851,14.2644090048
0.0,-13.1911683815,14.2631325443
0.0,-13.1907337698,14.2618560439
0.0,-13.1902945383,14.2605783783
0.0,-13.1898500989,14.2593006728
0.0,-13.1894004516,14.2580229274
0.0,-13.1889461848,14.2567440167
0.0,-13.1884872894,14.2554650704
0.0,-13.1880231955,14.2541849545
0.0,-13.1875544643,14.2529059327
0.0,-13.1870811228,14.2516246159
0.0,-13.1866031441,14.2503443931
0.0,-13.1861205463,14.2490630049
0.0,-13.1856338996,14.2477815855
0.0,-13.1853096464,14.2469350352
0.0,-13.1851426339,14.2464990007
0.0,-13.1846467314,14.2452175098
0.0,-13.1841467982,14.2439337283
0.0,-13.1836428073,14.2426510451
0.0,-13.183134777,14.2413672009
0.0,-13.182622119,14.2400833209
0.0,-13.1821059918,14.2387994138
0.0,-13.1815858252,14.2375143457
0.0,-13.1810616013,14.2362303758
0.0,-13.1805333473,14.2349441152
0.0,-13.1800016151,14.2336589571
