41,7,41,84,46,
0.0,-16.0620398249,15.7539054323
0.0,-16.0601770203,15.7485843697
0.0,-16.0597228555,15.7472870063
0.0,-16.0593932702,15.7463455061
0.0,-16.0562135919,15.7392462457
0.0,-16.0559024954,15.7385516295
0.0,-16.0543880357,15.7351700648
0.0,-16.0557631754,15.7289750526
0.0,-16.0574610997,15.7252663
0.0,-16.0577907695,15.7245461904
0.0,-16.0578300176,15.7244604584
0.0,-16.0579256692,15.7242515219
0.0,-16.058867304,15.7218885406
0.0,-16.0592357121,15.7209640269
0.0,-16.0611515933,15.7174356471
0.0,-16.0623121508,15.7152982458
0.0,-16.0638483751,15.7110639526
0.0,-16.0642560293,15.7101026821
0.0,-16.0666958593,15.7043492504
0.0,-16.0680565187,15.7011405001
0.0,-16.0682397313,15.700708434
0.0,-16.0697053344,15.6980061239
0.0,-16.0708929379,15.6917647932
0.0,-16.0709915048,15.6914028275
0.0,-16.0717677829,15.6871669285
0.0,-16.0725792995,15.6846479623
0.0,-16.075063947,15.6769352022
0.0,-16.0757633201,15.673219881
0.0,-16.0758592311,15.6727103597
0.0,-16.0759717163,15.6721127873
0.0,-16.0756984954,15.6682091453
0.0,-16.0764268328,15.6661734386
0.0,-16.0764319278,15.6661591992
0.0,-16.0770786377,15.6643516115
0.0,-16.0773221102,15.6625163887
0.0,-16.0774958363,15.6612068803
0.0,-16.077195766,15.6535221746
0.0,-16.0769303691,15.6467245266
0.0,-16.072166638,15.6335368678
0.0,-16.0702868912,15.6285246811
0.0,-16.0693030541,15.626546609
0.0,-16.0620050575,15.6118720444
0.0,-16.0604502911,15.6081498385
0.0,-16.0566607621,15.5990768119
0.0,-16.0543916126,15.5893034125
0.0,-16.0538350764,15.5869062033
0.0,-16.0534240446,15.5851356907
0.0,-16.0540256202,15.5827411001
0.0,-16.0540270846,15.5827352708
0.0,-16.0550044894,15.5788445773
0.0,-16.0589492997,15.5732031034
0.0,-16.0683091747,15.56358514
0.0,-16.0722237139,15.5586013943
0.0,-16.0734196896,15.557384439
0.0,-16.0803741185,15.5505638029
0.0,-16.0841349512,15.5457996578
0.0,-16.0849664265,15.5446046282
0.0,-16.0881236275,15.5400659885
0.0,-16.0930229428,15.5337865151
0.0,-16.0958690645,15.530836158
0.0,-16.099500678,15.5271827557
0.0,-16.1072885002,15.5258044927
0.0,-16.1155808274,15.5239147258
0.0,-16.116939581,15.5223118814
0.0,-16.1170328938,15.5210040931
0.0,-16.1085216488,15.5165186395
0.0,-16.099489557,15.5161070998
0.0,-16.0996169626,15.515500642
0.0,-16.0997211861,15.5150045311
0.0,-16.0997323713,15.5149512868
0.0,-16.0997877269,15.51468778
0.0,-16.101511822,15.5064804343
0.0,-16.1039836783,15.5014783651
0.0,-16.1053510807,15.4946576105
0.0,-16.1054276212,15.494275806
0.0,-16.1081107573,15.4878939491
0.0,-16.1130860177,15.4760592285
0.0,-16.1138540185,15.4715176007
0.0,-16.1172326948,15.4651899717
0.0,-16.1176687266,15.4630725596
0.0,-16.1209472403,15.4591781093
0.0,-16.1234815134,15.457082345
0.0,-16.1258743259,15.4551035012
0.0,-16.1304232154,15.4535075032
0.0,-16.1434096728,15.450774303
0.0,-16.1470157439,15.448947816
0.0,-16.1533650358,15.4441873334
0.0,-16.1545104766,15.4423463988
0.0,-16.1550119519,15.4407008327
0.0,-16.1560379349,15.4373340448
0.0,-16.1577963645,15.4315634865
0.0,-16.1584194373,15.4162660612
0.0,-16.1584664007,15.4151130004
0.0,-16.1597739566,15.4151287768
0.0,-16.1628957645,15.416838962
0.0,-16.1661589957,15.4171653484
0.0,-16.1691466005,15.4165259353
0.0,-16.1733986772,15.4167593802
0.0,-16.1795117304,15.4170948515
0.0,-16.1865173923,15.4184405439
0.0,-16.1917269924,15.418403616
0.0,-16.200665584,15.4204344907
0.0,-16.2115073626,15.4239260694
0.0,-16.2152948371,15.4251456638
0.0,-16.2263634553,15.4310415694
0.0,-16.2320393146,15.4327456397
0.0,-16.2351330014,15.4348244896
0.0,-16.2360150793,15.4354171986
0.0,-16.2386166623,15.4371652834
0.0,-16.2387953628,15.437236299
0.0,-16.2400578113,15.4377379926
0.0,-16.2401400603,15.4377706583
0.0,-16.2498821557,15.4416396956
0.0,-16.2499405394,15.4416795378
0.0,-16.2592492073,15.4480315148
0.0,-16.2723288201,15.4551694724
0.0,-16.2747720721,15.4565026872
0.0,-16.277131642,15.4582968872
0.0,-16.2794482632,15.4621973732
0.0,-16.2797283794,15.466833845
0.0,-16.2800750409,15.4678343458
0.0,-16.2805254168,15.4691341587
0.0,-16.2805216024,15.469214129
0.0,-16.2805259862,15.4692267816
0.0,-16.2802377251,15.4752696288
0.0,-16.2802810811,15.4779033036
0.0,-16.2816839026,15.4796349043
0.0,-16.2826106986,15.4810222346
0.0,-16.2825957139,15.4810915719
0.0,-16.2822983001,15.4824677521
0.0,-16.2823111668,15.4825034787
0.0,-16.2824195471,15.4828044123
0.0,-16.2825250343,15.4830973153
0.0,-16.2834667535,15.4857120968
0.0,-16.2844528257,15.4884499454
0.0,-16.2849965121,15.4899594632
0.0,-16.2869153803,15.4939660912
0.0,-16.288181519,15.495519405
0.0,-16.2891471693,15.4967040546
0.0,-16.292147642,15.4971253873
0.0,-16.2943229899,15.4979257842
0.0,-16.2961593414,15.4997325879
0.0,-16.296425061,15.5027921863
0.0,-16.2964185584,15.502803287
0.0,-16.295457166,15.5044446247
0.0,-16.2954890716,15.504483762
0.0,-16.2975326609,15.5069904893
0.0,-16.3047949073,15.5138764708
0.0,-16.3079894613,15.5169052794
0.0,-16.3080298941,15.5169391559
0.0,-16.311100068,15.5195114677
0.0,-16.3120245501,15.5208644082
0.0,-16.3131523564,15.5225148738
0.0,-16.315497856,15.5266076547
0.0,-16.3156763999,15.5270673435
0.0,-16.3172408348,15.5310951189
0.0,-16.3175106616,15.5317863555
0.0,-16.3179081602,15.5328046504
0.0,-16.3185736476,15.5345094401
0.0,-16.3229764232,15.5448476836
0.0,-16.3236420027,15.5466085223
0.0,-16.3242959453,15.5483385381
0.0,-16.3245391263,15.5492287878
0.0,-16.3251843991,15.5515909884
0.0,-16.3322225931,15.55131956
0.0,-16.334146866,15.5563023924
0.0,-16.3348600736,15.5581491436
0.0,-16.3368894765,15.5594614269
0.0,-16.3383996128,15.5610249831
0.0,-16.3402452131,15.5650721129
0.0,-16.3402264345,15.5664294514
0.0,-16.3400420004,15.5797622638
0.0,-16.3431191937,15.5882041563
0.0,-16.3428649718,15.5896067292
0.0,-16.3426860932,15.5905936179
0.0,-16.3399925657,15.5937995505
0.0,-16.3404660993,15.5955874981
0.0,-16.340918102,15.5972941119
0.0,-16.3391925566,15.5967090887
0.0,-16.3375231293,15.5961094261
0.0,-16.3340378809,15.595162054
0.0,-16.331756883,15.5972923421
0.0,-16.3297849554,15.6001343464
0.0,-16.3304645455,15.6027806372
0.0,-16.3308140637,15.6041416122
0.0,-16.3315562235,15.6070314029
0.0,-16.3316910991,15.6075564126
0.0,-16.332568814,15.610972886
0.0,-16.331906704,15.6167616252
0.0,-16.329058574,15.6205660708
0.0,-16.3285787676,15.6228195951
0.0,-16.3269627689,15.6253421115
0.0,-16.3254022549,15.6263457916
0.0,-16.3203315038,15.632087657
0.0,-16.3150132153,15.6353531827
0.0,-16.3097009255,15.6395890828
0.0,-16.3086978214,15.6406890158
0.0,-16.307819733,15.6416518544
0.0,-16.3078036224,15.6430541124
0.0,-16.3077854386,15.6446369602
0.0,-16.3081225506,15.646242517
0.0,-16.3082368671,15.647517948
0.0,-16.3076203107,15.6491617767
0.0,-16.306432445,15.6499871757
0.0,-16.3052166438,15.6505482905
0.0,-16.3048450072,15.6507235645
0.0,-16.3043925123,15.6509369726
0.0,-16.3039378025,15.6510763155
0.0,-16.3026116147,15.6514827109
0.0,-16.3016692099,15.6518813592
0.0,-16.3005125015,15.6548280605
0.0,-16.3001257192,15.65581404
0.0,-16.2987215211,15.659931587
0.0,-16.2966815253,15.6633693413
0.0,-16.2943570869,15.6703971276
0.0,-16.2920228326,15.6730592588
0.0,-16.2885144813,15.6744719031
0.0,-16.2850252183,15.6749398235
0.0,-16.2827341248,15.6752470346
0.0,-16.2765483669,15.6756113502
0.0,-16.2726813445,15.6758390131
0.0,-16.2705504217,15.6753723403
0.0,-16.2663291461,15.6761922198
0.0,-16.2621708798,15.6763597335
0.0,-16.2580793489,15.6773334984
0.0,-16.2480491487,15.6798250718
0.0,-16.2472966816,15.680011969
0.0,-16.242572635,15.6818601775
0.0,-16.2346023303,15.6845548218
0.0,-16.2286252079,15.6868481986
0.0,-16.2284277096,15.6869642845
0.0,-16.2278203764,15.6869547946
0.0,-16.2274967743,15.686949737
0.0,-16.2248406569,15.6886291449
0.0,-16.2187594387,15.6922217479
0.0,-16.2145082434,15.6947134861
0.0,-16.2123102479,15.6961644367
0.0,-16.2084875901,15.6985924755
0.0,-16.2064395566,15.7005991795
0.0,-16.2056598184,15.7013631678
0.0,-16.2057904512,15.701488279
0.0,-16.2059607357,15.7016513636
0.0,-16.2063152839,15.7019909212
0.0,-16.2064575535,15.7020245416
0.0,-16.2076896543,15.7023157032
0.0,-16.2096380417,15.7027761155
0.0,-16.2168182934,15.7042020149
0.0,-16.2119441799,15.7107651446
0.0,-16.2112804705,15.7116588091
0.0,-16.2038633426,15.7162403274
0.0,-16.2037428256,15.7166263993
0.0,-16.2042262757,15.719048427
0.0,-16.2051759645,15.7208622704
0.0,-16.2040087223,15.7218912254
0.0,-16.2036191855,15.7222346088
0.0,-16.2032444299,15.7226074674
0.0,-16.2030582475,15.7227927062
0.0,-16.1858197827,15.7399418225
0.0,-16.1804988342,15.7334453058
0.0,-16.1801272311,15.732996206
0.0,-16.1792411764,15.7319253579
0.0,-16.17835484,15.7308545071
0.0,-16.177467353,15.729784788
0.0,-16.1765778475,15.7287173353
0.0,-16.1756860369,15.7276532804
0.0,-16.1747910543,15.7265937576
0.0,-16.1738923164,15.7255387703
0.0,-16.1729889534,15.7244894527
0.0,-16.172080675,15.7234458066
0.0,-16.1711663277,15.7224100977
0.0,-16.1702456184,15.7213823275
0.0,-16.1686266317,15.7196148319
0.0,-16.167443662,15.7186686733
0.0,-16.1662350733,15.7177282937
0.0,-16.1659903868,15.7169575934
0.0,-16.1658303159,15.7164534062
0.0,-16.1657569936,15.716222457
0.0,-16.1651697096,15.716639128
0.0,-16.1609471624,15.7224206269
0.0,-16.1584602001,15.7249303718
0.0,-16.157417794,15.7259823011
0.0,-16.1567892059,15.7266166245
0.0,-16.1532874636,15.7300738364
0.0,-16.1513600251,15.7319766946
0.0,-16.1511693695,15.7321649153
0.0,-16.150831274,15.7325176555
0.0,-16.1507871898,15.7325636493
0.0,-16.1505561364,15.7328047098
0.0,-16.1475929079,15.7358962057
0.0,-16.146866576,15.736456348
0.0,-16.142128767,15.7401099864
0.0,-16.1404214806,15.7404352906
0.0,-16.1303459371,15.7477190477
0.0,-16.1270310827,15.7491372776
0.0,-16.1252949829,15.7495532055
0.0,-16.1165808095,15.7516406783
0.0,-16.1122706399,15.7519971704
0.0,-16.1096422851,15.7514866095
0.0,-16.1091873021,15.7513982242
0.0,-16.1064847498,15.7521712543
0.0,-16.1014536256,15.7521153914
0.0,-16.0940058255,15.7521981076
0.0,-16.0837554681,15.7519871927
0.0,-16.066772822,15.7557046681
0.0,-16.0630069525,15.7565288164
0.0,-16.0624470977,15.7550687549
0.0,-16.062113218,15.7541150715
0.0,-16.0620398249,15.7539054323
