116,11,29,103,25,
0.0,-12.2017445081,14.4062119249
0.0,-12.2002421022,14.405765731
0.0,-12.1992573745,14.4059617911
0.0,-12.1982915001,14.405390337
0.0,-12.197470943,14.4050554407
0.0,-12.1962568329,14.4043274866
0.0,-12.194954375,14.403995892
0.0,-12.1934911353,14.4031836772
0.0,-12.1920220296,14.4028410554
0.0,-12.1912146041,14.4021992047
0.0,-12.1900869744,14.4012283864
0.0,-12.1887995978,14.3996956729
0.0,-12.1879127689,14.398736746
0.0,-12.1851877314,14.3978127486
0.0,-12.1851919758,14.3979004826
0.0,-12.1848931906,14.3978969219
0.0,-12.1844894974,14.3975759879
0.0,-12.1838459368,14.3971709053
0.0,-12.1833598823,14.3967676994
0.0,-12.1822974791,14.3965111639
0.0,-12.1814007127,14.3963469208
0.0,-12.180335252,14.3963342057
0.0,-12.179510978,14.3970378964
0.0,-12.1792540861,14.3983083456
0.0,-12.1786626282,14.3996560857
0.0,-12.1775120154,14.4005184439
0.0,-12.1770993553,14.4009109204
0.0,-12.1765258325,14.4008318082
0.0,-12.1753800395,14.4005742425
0.0,-12.1748198775,14.4001701341
0.0,-12.1740867541,14.3995200913
0.0,-12.1729471656,14.3995064533
0.0,-12.1716347763,14.3999694355
0.0,-12.1708041609,14.4004381813
0.0,-12.1704798872,14.4004342964
0.0,-12.1697559293,14.3997933839
0.0,-12.1693643351,14.398515184
0.0,-12.1692127181,14.3973121157
0.0,-12.1689808321,14.3965958116
0.0,-12.1690690747,14.3954769057
0.0,-12.167940564,14.39458728
0.0,-12.1668851541,14.3937798144
0.0,-12.1657546091,14.3930527317
0.0,-12.1648630124,14.3924820548
0.0,-12.1647083388,14.3915228137
0.0,-12.1643107358,14.3907232324
0.0,-12.1639151882,14.3897611008
0.0,-12.1639191802,14.3894450311
0.0,-12.1640980294,14.3884897924
0.0,-12.163612034,14.3880865555
0.0,-12.1629592817,14.3876813163
0.0,-12.1627244547,14.3871998055
0.0,-12.1602754557,14.3866917043
0.0,-12.1592150861,14.3862815591
0.0,-12.1584069127,14.3857118676
0.0,-12.1569429269,14.3849807454
0.0,-12.1562150557,14.3846558746
0.0,-12.1554039237,14.3843209682
0.0,-12.1547470825,14.3842408088
0.0,-12.1536930277,14.3840655469
0.0,-12.1514831235,14.3844363313
0.0,-12.1496838176,14.3845772171
0.0,-12.1473132327,14.3844673365
0.0,-12.1461675807,14.3842096501
0.0,-12.1444546427,14.3841167114
0.0,-12.1436692414,14.3841747342
0.0,-12.1435443898,14.3839736248
0.0,-12.1435008829,14.3841871717
0.0,-12.142488707,14.3842464973
0.0,-12.1410148709,14.3850234743
0.0,-12.140750486,14.3861402167
0.0,-12.1407363452,14.3872509537
0.0,-12.1404049699,14.3878069146
0.0,-12.1393345263,14.3881913586
0.0,-12.13876941,14.3881845179
0.0,-12.1377893619,14.3880191115
0.0,-12.1360785985,14.3877545308
0.0,-12.1353446077,14.3871856681
0.0,-12.1339661672,14.3862928802
0.0,-12.1334751709,14.3862869263
0.0,-12.1326588948,14.3863583113
0.0,-12.1318487306,14.3859510868
0.0,-12.1308646652,14.3861017151
0.0,-12.1302822174,14.3867268637
0.0,-12.1298695206,14.3871192475
0.0,-12.1292189572,14.3872739173
0.0,-12.1285622465,14.3871846548
0.0,-12.1280712507,14.3871786894
0.0,-12.1283040594,14.388536271
0.0,-12.1289382316,14.3896639054
0.0,-12.1296702466,14.3903863013
0.0,-12.1302282078,14.3909530431
0.0,-12.1304722254,14.3914346865
0.0,-12.1303807673,14.3920657947
0.0,-12.1295644709,14.3921371649
0.0,-12.1289056673,14.3922104459
0.0,-12.1282541641,14.3924373524
0.0,-12.1276736547,14.3929089751
0.0,-12.1273432795,14.3933836375
0.0,-12.1265970481,14.3937719567
0.0,-12.1261894176,14.3937669988
0.0,-12.1256201172,14.39336268
0.0,-12.1253030362,14.3927988592
0.0,-12.1252277524,14.3921657269
0.0,-12.1250795111,14.3914413903
0.0,-12.1249320662,14.389931309
0.0,-12.1246262066,14.3884915538
0.0,-12.1255349962,14.387707822
0.0,-12.1262699781,14.3874729044
0.0,-12.1266073917,14.3864473957
0.0,-12.126621717,14.3853276421
0.0,-12.1269643453,14.384618304
0.0,-12.1277053202,14.3839138052
0.0,-12.1279657217,14.3831131487
0.0,-12.1284555246,14.38248688
0.0,-12.1292901645,14.3817022263
0.0,-12.1301176108,14.3807549107
0.0,-12.12964497,14.3793131335
0.0,-12.1292475166,14.3785135194
0.0,-12.1295056749,14.3771618981
0.0,-12.1287108915,14.3755536404
0.0,-12.128393703,14.3749988565
0.0,-12.1277441822,14.3743497205
0.0,-12.1276699257,14.3736353154
0.0,-12.1266322375,14.372186676
0.0,-12.1255781409,14.3712977989
0.0,-12.1248564944,14.3704942434
0.0,-12.1243564127,14.3712016679
0.0,-12.1238633743,14.371358245
0.0,-12.1234589048,14.3711094729
0.0,-12.1232168813,14.3704743141
0.0,-12.1223234224,14.3700660566
0.0,-12.121761481,14.3698153672
0.0,-12.1211017055,14.3699699104
0.0,-12.1206941202,14.369964951
0.0,-12.1202082539,14.369561646
0.0,-12.1200537736,14.3686024121
0.0,-12.1195843452,14.3676393451
0.0,-12.1183635638,14.3667484153
0.0,-12.1176307336,14.3668207758
0.0,-12.1173714852,14.3675311163
0.0,-12.1173622254,14.3682535332
0.0,-12.1173541227,14.368885648
0.0,-12.1168600457,14.3691234823
0.0,-12.1160387432,14.3695921493
0.0,-12.1156240945,14.3701380233
0.0,-12.1152886425,14.3710099995
0.0,-12.1150313495,14.3715668217
0.0,-12.1135565002,14.3724248975
0.0,-12.1124880846,14.3726557124
0.0,-12.1110915052,14.3731895884
0.0,-12.1103555217,14.3735057361
0.0,-12.1096082993,14.3739752804
0.0,-12.1090361493,14.3745192139
0.0,-12.1080510932,14.3747510248
0.0,-12.1070691738,14.374739018
0.0,-12.1063373665,14.3747300668
0.0,-12.1056796668,14.3747220202
0.0,-12.1047791426,14.3748645358
0.0,-12.1041996948,14.3752548298
0.0,-12.1037034994,14.375655173
0.0,-12.1032167292,14.3753240774
0.0,-12.1024900443,14.3749177902
0.0,-12.1020875791,14.3745154734
0.0,-12.1009605338,14.3735443241
0.0,-12.1002256446,14.3730566476
0.0,-12.0991674777,14.3724927536
0.0,-12.0983616375,14.3717603524
0.0,-12.0973231209,14.3703928915
0.0,-12.0961929184,14.3689520511
0.0,-12.09538815,14.3681383735
0.0,-12.0949074751,14.3673377043
0.0,-12.0945986687,14.3661417603
0.0,-12.0942147806,14.364303661
0.0,-12.094225045,14.3635090185
0.0,-12.0944731092,14.3629521128
0.0,-12.0944010564,14.3620751766
0.0,-12.0945019127,14.3607216948
0.0,-12.0951636452,14.3604137135
0.0,-12.0956566664,14.3602571954
0.0,-12.0961486382,14.3601819467
0.0,-12.0967187893,14.3597915537
0.0,-12.0969770364,14.3591625164
0.0,-12.096572625,14.3589137078
0.0,-12.0952696228,14.3586629084
0.0,-12.0949412972,14.3582614959
0.0,-12.0947107277,14.3574638979
0.0,-12.0943155319,14.3565017137
0.0,-12.0947456943,14.3547548863
0.0,-12.0952417319,14.3543635856
0.0,-12.0957347389,14.3542070649
0.0,-12.0967052001,14.3543815294
0.0,-12.0977632823,14.3549454179
0.0,-12.0984846602,14.3557580597
0.0,-12.0988161329,14.355915656
0.0,-12.0993090261,14.355768158
0.0,-12.099725886,14.3550507431
0.0,-12.0993996496,14.3544867947
0.0,-12.099897658,14.3539419713
0.0,-12.1005594806,14.3536249394
0.0,-12.1012201388,14.3533982063
0.0,-12.1017934026,14.3527639833
0.0,-12.1020526707,14.3520536652
0.0,-12.1015658316,14.3517316057
0.0,-12.1016553538,14.3512540305
0.0,-12.1019867427,14.3506981302
0.0,-12.102802876,14.3506268287
0.0,-12.1037094556,14.3500057063
0.0,-12.1043763712,14.3492913352
0.0,-12.1043032281,14.3484956657
0.0,-12.1039089252,14.3474612512
0.0,-12.1024608572,14.3455288642
0.0,-12.1014944072,14.3443248847
0.0,-12.1002749503,14.3440661168
0.0,-12.0991285474,14.3438895208
0.0,-12.0977452895,14.3434029485
0.0,-12.0965288713,14.3429093814
0.0,-12.0956427973,14.3419411883
0.0,-12.0948390401,14.3410552853
0.0,-12.0949368327,14.3399365804
0.0,-12.0951930051,14.338747564
0.0,-12.0949594147,14.3381847501
0.0,-12.0937306257,14.3379348726
0.0,-12.0932521585,14.3376851575
0.0,-12.0925091221,14.3378386134
0.0,-12.0916961858,14.3376660769
0.0,-12.0908080545,14.3368604136
0.0,-12.0904931034,14.3361430646
0.0,-12.0909108719,14.3353534224
0.0,-12.091415137,14.3343209905
0.0,-12.0919142719,14.3336858779
0.0,-12.0922465794,14.33305775
0.0,-12.0929865085,14.3324255862
0.0,-12.0937336001,14.3319560737
0.0,-12.0943870265,14.3315666941
0.0,-12.0951350435,14.3310249355
0.0,-12.0956198545,14.3315005096
0.0,-12.0958523963,14.3321445927
0.0,-12.0960027048,14.3334198733
0.0,-12.0957424051,14.3342114569
0.0,-12.0953246548,14.3350011112
0.0,-12.094997355,14.335240952
0.0,-12.0944252271,14.335071376
0.0,-12.0936986792,14.334665088
0.0,-12.093207813,14.3346590718
0.0,-12.0926274201,14.3351306246
0.0,-12.0928599544,14.3357747096
0.0,-12.093270558,14.336258411
0.0,-12.0941669634,14.3364229329
0.0,-12.0945795998,14.3360306042
0.0,-12.0954779843,14.3360416101
0.0,-12.0963753227,14.3361338832
0.0,-12.0973488083,14.3367870381
0.0,-12.0981597734,14.3371130668
0.0,-12.0984067403,14.3366374194
0.0,-12.0984169694,14.335842772
0.0,-12.0977769039,14.3351937025
0.0,-12.0969547075,14.3350210717
0.0,-12.0965523114,14.3346187596
0.0,-12.0968166791,14.3335111222
0.0,-12.0969823817,14.3328719142
0.0,-12.0973188214,14.332641213
0.0,-12.0978075928,14.3328097614
0.0,-12.0979589958,14.3332812522
0.0,-12.0980361899,14.3337608665
0.0,-12.098930385,14.3340969408
0.0,-12.0997454104,14.3341069095
0.0,-12.1004924984,14.333637374
0.0,-12.1003350798,14.3329129277
0.0,-12.0997670163,14.3324273115
0.0,-12.0995353917,14.3317109894
0.0,-12.1002742546,14.3311600689
0.0,-12.1011715795,14.3312523206
0.0,-12.1016573347,14.331655644
0.0,-12.102212055,14.3331797195
0.0,-12.1019445791,14.3345311811
0.0,-12.1016071844,14.335556652
0.0,-12.101110158,14.3360292474
0.0,-12.1010185566,14.3366693657
0.0,-12.1014272077,14.3373065684
0.0,-12.1019005775,14.3379535933
0.0,-12.1027197731,14.3383609927
0.0,-12.103285791,14.3382866249
0.0,-12.1032198205,14.3376536112
0.0,-12.1024952421,14.3363713113
0.0,-12.1024201277,14.3357291545
0.0,-12.1028399463,14.3347769411
0.0,-12.10382366,14.3346354206
0.0,-12.1047230902,14.3345651193
0.0,-12.1052902436,14.3351229676
0.0,-12.1055238601,14.3356857757
0.0,-12.1061814459,14.3356938014
0.0,-12.1066795059,14.3351399219
0.0,-12.1063675149,14.3341878011
0.0,-12.1061256784,14.3335436093
0.0,-12.1066186338,14.3333870557
0.0,-12.1073636236,14.3330800382
0.0,-12.1067975111,14.3324409233
0.0,-12.1060616793,14.3320345576
0.0,-12.1061532623,14.331394434
0.0,-12.1073006584,14.3314897138
0.0,-12.1082752095,14.3320615547
0.0,-12.1086848061,14.3319039796
0.0,-12.1086930271,14.3312628375
0.0,-12.108450027,14.3307089491
0.0,-12.1078068119,14.3303037181
0.0,-12.1068241596,14.3303639878
0.0,-12.1063363097,14.3301232166
0.0,-12.106023396,14.3292433377
0.0,-12.1062734643,14.3285238629
0.0,-12.1064482805,14.3278937855
0.0,-12.1059563806,14.3279690697
0.0,-12.1055469066,14.328117611
0.0,-12.1048862137,14.3283534015
0.0,-12.1042419694,14.3280294346
0.0,-12.1050652057,14.3273982407
0.0,-12.1057155913,14.3272436074
0.0,-12.1052318052,14.3266867802
0.0,-12.1044199324,14.3264330217
0.0,-12.1039250216,14.3267430858
0.0,-12.1032735936,14.3269789853
0.0,-12.1024575474,14.3270503047
0.0,-12.1021323742,14.3264050942
0.0,-12.101312269,14.326792464
0.0,-12.1008172383,14.3271115507
0.0,-12.0999220198,14.3268567589
0.0,-12.0993499058,14.326687198
0.0,-12.0988650937,14.3262116318
0.0,-12.0983043348,14.3258796404
0.0,-12.0976457366,14.3259528691
0.0,-12.0969109561,14.3261877307
0.0,-12.0960888701,14.3267285922
0.0,-12.0939669114,14.3260704084
0.0,-12.092987311,14.3258958422
0.0,-12.0912070449,14.3246005887
0.0,-12.0915487133,14.3239635426
0.0,-12.0919623737,14.3234899443
0.0,-12.0926970307,14.3232641273
0.0,-12.0931981094,14.3224754954
0.0,-12.0935315541,14.3217570608
0.0,-12.094186999,14.3219276532
0.0,-12.0950812582,14.3222547023
0.0,-12.0954053979,14.3222586695
0.0,-12.0959857478,14.3217871021
0.0,-12.0964816998,14.3213957838
0.0,-12.0958303208,14.3209091452
0.0,-12.0950986956,14.3209001922
0.0,-12.0949371111,14.320500829
0.0,-12.0942054878,14.3204918735
0.0,-12.0935520238,14.320167771
0.0,-12.0933174012,14.3196862297
0.0,-12.0937310489,14.319212626
0.0,-12.0941498102,14.3183416984
0.0,-12.0944090397,14.3176313839
0.0,-12.0949801165,14.3171597035
0.0,-12.0952403872,14.3163681166
0.0,-12.0955727674,14.3157309466
0.0,-12.0954985978,14.3150165511
0.0,-12.0958360537,14.3147045762
0.0,-12.0963938797,14.3152623199
0.0,-12.0968054218,14.3149512495
0.0,-12.0970595286,14.3146382534
0.0,-12.0969823351,14.3141586398
0.0,-12.0969874439,14.3137613159
0.0,-12.0973990983,14.3134412136
0.0,-12.0981307009,14.313450155
0.0,-12.0990289984,14.3134611305
0.0,-12.0999324,14.3130747777
0.0,-12.10051573,14.3123684095
0.0,-12.1010014498,14.3127717269
0.0,-12.1014820707,14.3135723691
0.0,-12.1036058142,14.3133634616
0.0,-12.1041048617,14.3127283072
0.0,-12.104127328,14.3109764585
0.0,-12.1030817974,14.3101689316
0.0,-12.1021835097,14.3101579738
0.0,-12.1012760661,14.3108603926
0.0,-12.1002944308,14.31084841
0.0,-12.1000576106,14.3098159239
0.0,-12.1005628007,14.3087021808
0.0,-12.1019549072,14.3084843487
0.0,-12.1022913088,14.3075311084
0.0,-12.1023838051,14.3068187442
0.0,-12.1020719648,14.3058575963
0.0,-12.1008557191,14.3053640864
0.0,-12.1000325793,14.305272757
0.0,-12.1004329586,14.3065510903
0.0,-12.0994329061,14.3079748958
0.0,-12.0986910159,14.3080471197
0.0,-12.0978904715,14.3069174326
0.0,-12.096756534,14.3065061913
0.0,-12.0958612842,14.3062604302
0.0,-12.0945507197,14.3065231444
0.0,-12.0933321644,14.3055882652
0.0,-12.0924400623,14.305098681
0.0,-12.0908925291,14.3051610212
0.0,-12.0891783101,14.3052213091
0.0,-12.0868837784,14.3057531363
0.0,-12.0844267487,14.3059578138
0.0,-12.0828689079,14.3061012564
0.0,-12.0817330328,14.3058434587
0.0,-12.0809335237,14.3046414921
0.0,-12.0806117358,14.3044379374
0.0,-12.079390169,14.3036651987
0.0,-12.0790053646,14.3019083795
0.0,-12.0780248386,14.3018150428
0.0,-12.0775473633,14.3007795943
0.0,-12.0774054724,14.2995766763
0.0,-12.075546246,14.2979642868
0.0,-12.0747354587,14.2976382126
0.0,-12.0736705645,14.2976251053
0.0,-12.0728505445,14.298012388
0.0,-12.0721067073,14.2982380417
0.0,-12.0706436352,14.2982200153
0.0,-12.0686002344,14.2979600095
0.0,-12.0677020229,14.2979489307
0.0,-12.067280176,14.299054577
0.0,-12.0664642459,14.2991257897
0.0,-12.0654076767,14.2984715251
0.0,-12.0645073548,14.2986229709
0.0,-12.063846727,14.2995721269
0.0,-12.0622910578,14.2995529036
0.0,-12.0611510304,14.2996200912
0.0,-12.0601851002,14.2984069885
0.0,-12.0582291796,14.2978318834
0.0,-12.0561138565,14.2974083208
0.0,-12.0543299316,14.2964289122
0.0,-12.0531078043,14.2956912688
0.0,-12.0520573805,14.2952808728
0.0,-12.0508444103,14.2945523649
0.0,-12.0501161282,14.2935860241
0.0,-12.0493960511,14.2927010646
0.0,-12.0484270337,14.2917317334
0.0,-12.0481945374,14.2910966653
0.0,-12.0472162179,14.290840678
0.0,-12.0460638011,14.2911514875
0.0,-12.0453922913,14.2911431451
0.0,-12.0446516204,14.2912510743
0.0,-12.044580296,14.2911243994
0.0,-12.0435464805,14.2903164326
0.0,-12.0428202512,14.2891965734
0.0,-12.0411072743,14.289175268
0.0,-12.0392161667,14.2900277503
0.0,-12.0380710001,14.2904921387
0.0,-12.0369197647,14.2907126056
0.0,-12.0356932697,14.2910224391
0.0,-12.0348347617,14.2908509998
0.0,-12.0343912279,14.2907625095
0.0,-12.0343908983,14.2907623618
0.0,-12.0342553044,14.2907381644
0.0,-12.0334115413,14.2905875871
0.0,-12.0321111919,14.2901739954
0.0,-12.0314671899,14.2898498705
0.0,-12.0319569669,14.2892238096
0.0,-12.0330260456,14.2889120308
0.0,-12.0339283374,14.2886071978
0.0,-12.0331861558,14.2880018904
0.0,-12.0319792241,14.2868218258
0.0,-12.0317580707,14.2867377867
0.0,-12.03133215,14.2867324714
0.0,-12.0309535917,14.286646467
0.0,-12.0309080071,14.2865917117
0.0,-12.0309304362,14.286293967
0.0,-12.0313409185,14.2860642828
0.0,-12.0317479643,14.2860964555
0.0,-12.0319225845,14.286197976
0.0,-12.0324570082,14.2864033271
0.0,-12.0327563801,14.2861722541
0.0,-12.0326250731,14.285592628
0.0,-12.0322765436,14.2853354104
0.0,-12.0316104813,14.2852819448
0.0,-12.0311863407,14.2851411861
0.0,-12.0308945532,14.2847943645
0.0,-12.0305761745,14.2843569002
0.0,-12.0303294988,14.2841009518
0.0,-12.0298042236,14.2839047425
0.0,-12.0293467382,14.2841880238
0.0,-12.0290525944,14.2847262131
0.0,-12.0288327587,14.2852472677
0.0,-12.0285487013,14.2857223646
0.0,-12.0272939842,14.2867723491
0.0,-12.027049806,14.287031197
0.0,-12.0266756432,14.2873155128
0.0,-12.0262209964,14.2873820772
0.0,-12.0261286425,14.2873628604
0.0,-12.0257264649,14.2869604671
0.0,-12.0254208002,14.284852419
0.0,-12.0251522902,14.2841446425
0.0,-12.0250614812,14.2840080418
0.0,-12.0246673822,14.2836960591
0.0,-12.0243981598,14.2837468781
0.0,-12.0242187956,14.2840065338
0.0,-12.0241135028,14.2842671159
0.0,-12.0240171124,14.2845549022
0.0,-12.0231998951,14.285638988
0.0,-12.0224380613,14.2850928074
0.0,-12.0200177763,14.2809917895
0.0,-12.0192196609,14.2792771972
0.0,-12.0190005114,14.2785147219
0.0,-12.0172015228,14.2728184817
0.0,-12.0156689291,14.2662789289
0.0,-12.0121156501,14.2579733377
0.0,-12.0089913503,14.2509430905
0.0,-12.007076971,14.2434042276
0.0,-12.0049344001,14.2372905148
0.0,-12.0045961182,14.2364836484
0.0,-12.0020674366,14.2308719441
0.0,-11.9998468458,14.225642272
0.0,-11.9974194017,14.219389511
0.0,-11.9970901435,14.2182531304
0.0,-11.9961857393,14.2151475703
0.0,-11.991369745,14.2101031068
0.0,-11.990493596,14.2094610502
0.0,-11.9898535427,14.2093412351
0.0,-11.9883029254,14.2087324454
0.0,-11.9871148732,14.2075276702
0.0,-11.9864718741,14.2067135696
0.0,-11.9862598592,14.2061216394
0.0,-11.9863241662,14.2050229536
0.0,-11.9861302159,14.2037223358
0.0,-11.9858903922,14.2031334419
0.0,-11.9856131768,14.1999070924
0.0,-11.985840779,14.1980541372
0.0,-11.9861879366,14.196172208
0.0,-11.9864605766,14.1940624404
0.0,-11.986307158,14.1932398362
0.0,-11.9843288433,14.1921278346
0.0,-11.9821404428,14.1911983013
0.0,-11.9805063032,14.190092872
0.0,-11.9788738272,14.1896049312
0.0,-11.9769866669,14.1890844142
0.0,-11.975230543,14.1886298835
0.0,-11.9743577461,14.1882677844
0.0,-11.972939202,14.1868331612
0.0,-11.9725710961,14.1861060518
0.0,-11.9720536147,14.1839513349
0.0,-11.9724549316,14.1804355728
0.0,-11.9727109543,14.1776223642
0.0,-11.9732751251,14.1751268636
0.0,-11.9733819798,14.1724799628
0.0,-11.9739718366,14.1694847054
0.0,-11.9742309044,14.1670045332
0.0,-11.9745359526,14.1635857461
0.0,-11.9739743152,14.1611392392
0.0,-11.9738632665,14.1588688733
0.0,-11.9736132049,14.1558268861
0.0,-11.9736833311,14.1520619664
0.0,-11.9741949473,14.1490261981
0.0,-11.9745956686,14.1468943573
0.0,-11.9749754701,14.1462986017
0.0,-11.9765178948,14.1446947624
0.0,-11.977704631,14.1435684472
0.0,-11.977820305,14.1428688921
0.0,-11.9781163182,14.1421783799
0.0,-11.9800830802,14.1394035915
0.0,-11.9816265683,14.1371867529
0.0,-11.9827666378,14.1340245008
0.0,-11.9828014011,14.1324411637
0.0,-11.9828945071,14.1317842145
0.0,-11.9830506951,14.1306855487
0.0,-11.9834069805,14.1291931687
0.0,-11.9846164998,14.1265476506
0.0,-11.9854602355,14.1246662812
0.0,-11.9856867228,14.1236294496
0.0,-11.9852712474,14.1218451698
0.0,-11.9845777989,14.1201330372
0.0,-11.9839713138,14.1185371379
0.0,-11.9819751972,14.1156606209
0.0,-11.9817424207,14.1148923405
0.0,-11.9800336262,14.0878744982
0.0,-11.9802610796,14.08728809
0.0,-11.9806802126,14.0868124529
0.0,-11.9812411094,14.0865056606
0.0,-11.9818750435,14.0864052324
0.0,-11.9824854041,14.0865144734
0.0,-11.9844745668,14.0872223319
0.0,-11.9855122847,14.0868458628
0.0,-11.9861552047,14.0868539055
0.0,-11.9867427859,14.0870689637
0.0,-11.9875229289,14.0873722213
0.0,-11.9888507403,14.087186754
0.0,-11.9913260475,14.0863224908
0.0,-11.9926714317,14.0855897227
0.0,-11.9937913223,14.084810107
0.0,-11.9942094013,14.0842802416
0.0,-11.9948962781,14.0827851629
0.0,-11.9951767441,14.0821655275
0.0,-11.9951855756,14.0814905776
0.0,-11.9950603616,14.0801885665
0.0,-11.9950826983,14.078392824
0.0,-11.995001126,14.0773792171
0.0,-11.9950129985,14.0765157848
0.0,-11.9948690967,14.0756255761
0.0,-11.9945486258,14.0750165114
0.0,-11.9937465371,14.0735198017
0.0,-11.9935889872,14.0717726168
0.0,-11.9924611074,14.0695008327
0.0,-11.9917391091,14.067099774
0.0,-11.9917045821,14.0664242848
0.0,-11.991443162,14.0641316958
0.0,-11.9915777548,14.0634786346
0.0,-11.9919186922,14.0626543006
0.0,-11.9922639709,14.0621167506
0.0,-11.9931706212,14.0611414225
0.0,-11.9943524768,14.0587065093
0.0,-11.996069576,14.0565028897
0.0,-11.9966628978,14.056185158
0.0,-11.9976914175,14.0542856495
0.0,-11.9982099601,14.0527410324
0.0,-11.9985513657,14.0521876152
0.0,-11.9991257143,14.0515501689
0.0,-11.999610022,14.0511667265
0.0,-12.0018836672,14.0506147224
0.0,-12.0037322284,14.0499829162
0.0,-12.0048742782,14.0498379098
0.0,-12.0056610747,14.049578993
0.0,-12.0054898308,14.0481646479
0.0,-12.0051381562,14.0461757269
0.0,-12.0049506508,14.0448560061
0.0,-12.0047437681,14.042092215
0.0,-12.004716781,14.040388409
0.0,-12.0043579943,14.0393025007
0.0,-12.0041619035,14.0361087431
0.0,-12.0041489779,14.0349684199
0.0,-12.0044387925,14.0333543336
0.0,-12.0046011025,14.0322534337
0.0,-12.0055437188,14.030987221
0.0,-12.0064353061,14.0303107734
0.0,-12.0075579606,14.0297816771
0.0,-12.0083392208,14.0291862635
0.0,-12.0089493776,14.0288562752
0.0,-12.0105667431,14.0278930161
0.0,-12.0113582859,14.0276183194
0.0,-12.0122298359,14.027192209
0.0,-12.0113815391,14.0258688405
0.0,-12.0109466333,14.0248553763
0.0,-12.0106217301,14.0238297246
0.0,-12.0101680855,14.023191946
0.0,-12.0090457815,14.0220029115
0.0,-12.0085673044,14.0213636955
0.0,-12.0078653667,14.0206596278
0.0,-12.0066413804,14.0193338639
0.0,-12.0062881742,14.0186645862
0.0,-12.006085032,14.0179249166
0.0,-12.005928328,14.0172151722
0.0,-12.0053829035,14.0163459631
0.0,-12.0046983452,14.0150618633
0.0,-12.0042381008,14.0140887217
0.0,-12.003716885,14.0126914971
0.0,-12.0031509169,14.0114912717
0.0,-12.002851095,14.0091157949
0.0,-12.0026941445,14.0084703938
0.0,-12.0022645022,14.0076793796
0.0,-12.0019165668,14.0066060291
0.0,-12.001672693,14.0049977516
0.0,-12.0016825036,14.0041975013
0.0,-12.0013718085,14.0032837834
0.0,-12.0012896782,14.0016842814
0.0,-12.0010742505,14.0001113517
0.0,-12.0011938093,13.9994953372
0.0,-12.0016376361,13.9988359221
0.0,-12.0036566178,13.9969293862
0.0,-12.0048120907,13.9948642125
0.0,-11.9624098005,13.9971702111
0.0,-11.9384005249,13.997723048
0.0,-11.9300039788,13.924603903
0.0,-11.9300876883,13.9244913537
0.0,-11.9300866308,13.9244883982
0.0,-11.9300961819,13.9238529969
0.0,-11.9332550717,13.9079584237
0.0,-11.9363978376,13.8921413974
0.0,-11.9368910943,13.8876266585
0.0,-11.9378448402,13.8835895368
0.0,-11.9401173657,13.8630451762
0.0,-11.9403137994,13.861721263
0.0,-11.9405421858,13.8611326153
0.0,-11.9424199201,13.8581105202
0.0,-11.9430458014,13.8576487503
0.0,-11.9438912931,13.8572676115
0.0,-11.9443888411,13.8566800623
0.0,-11.9446831382,13.855997409
0.0,-11.9448404578,13.8541277714
0.0,-11.9448800752,13.8524237306
0.0,-11.9447091797,13.8500758849
0.0,-11.9440328063,13.8472893865
0.0,-11.9438876083,13.8456710876
0.0,-11.9439400925,13.8450587875
0.0,-11.9441538736,13.8443352663
0.0,-11.9444767758,13.8432424235
0.0,-11.9454568155,13.8414451334
0.0,-11.9460463442,13.8399590401
0.0,-11.9466954954,13.8377546198
0.0,-11.9466914719,13.8348771709
0.0,-11.9469257113,13.8306932422
0.0,-11.9475400413,13.8280989297
0.0,-11.947696193,13.8244073233
0.0,-11.9479522212,13.8237749762
0.0,-11.9496508552,13.8211625386
0.0,-11.9500120469,13.8200381932
0.0,-11.9500087546,13.8190492897
0.0,-11.949490917,13.8179219124
0.0,-11.9487260469,13.8160283676
0.0,-11.9485045866,13.8149836957
0.0,-11.9478332103,13.8128305527
0.0,-11.9477431333,13.8111440786
0.0,-11.9479887973,13.8090441107
0.0,-11.948385477,13.8084304409
0.0,-11.9500324833,13.8068445777
0.0,-11.9510277323,13.8062564007
0.0,-11.9532086348,13.8057597004
0.0,-11.9552296686,13.8056098087
0.0,-11.9560098701,13.8055698166
0.0,-11.9576502425,13.8053801889
0.0,-11.9587756362,13.8053094718
0.0,-11.9596844057,13.8047969441
0.0,-11.9603479271,13.8040454461
0.0,-11.9610497904,13.8031871793
0.0,-11.9618365496,13.801793756
0.0,-11.9616641989,13.8005645625
0.0,-11.9617920196,13.7999260857
0.0,-11.9620235514,13.7993509787
0.0,-11.9619885038,13.7983560273
0.0,-11.9621079447,13.7977400233
0.0,-11.9632808559,13.7961820383
0.0,-11.9638077096,13.7957686185
0.0,-11.9648764368,13.7952535238
0.0,-11.9663692005,13.7949062161
0.0,-11.9669917711,13.7949060024
0.0,-11.9680059328,13.7948586938
0.0,-11.9689071374,13.7947930541
0.0,-11.9695531759,13.7944962337
0.0,-11.970314249,13.7941014904
0.0,-11.9715164832,13.7938905436
0.0,-11.9733975024,13.7932612446
0.0,-11.9739053907,13.792212015
0.0,-11.9739980194,13.7914331118
0.0,-11.9741648648,13.790048923
0.0,-11.9743511095,13.7892203732
0.0,-11.9749861104,13.7882099562
0.0,-11.9756450398,13.7878071599
0.0,-11.9763017934,13.7865418817
0.0,-11.97711533,13.7851645131
0.0,-11.9775488077,13.7844643024
0.0,-11.9778973455,13.7832290921
0.0,-11.9791868156,13.7812152364
0.0,-11.9803038494,13.7787770546
0.0,-11.9811149857,13.7779414906
0.0,-11.9820804091,13.776873011
0.0,-11.9837546435,13.7760999534
0.0,-11.9846750093,13.775076062
0.0,-11.9855103093,13.7735250676
0.0,-11.9860225549,13.7726677551
0.0,-11.986594863,13.7716745826
0.0,-11.9871572369,13.7710955837
0.0,-11.9882823269,13.7703609135
0.0,-11.9907492084,13.7687429341
0.0,-11.9932637066,13.7672372642
0.0,-11.9970500555,13.764848491
0.0,-11.998364575,13.7643791043
0.0,-11.9990079409,13.7633777238
0.0,-11.9994962965,13.7629840507
0.0,-12.0008199443,13.762250599
0.0,-12.0006541209,13.7613522405
0.0,-12.0006073007,13.7599066916
0.0,-12.0006423236,13.7585637397
0.0,-12.0014036777,13.757046753
0.0,-12.0018335518,13.7562109634
0.0,-12.0020636912,13.7551435764
0.0,-12.0024887761,13.7545018955
0.0,-12.003340166,13.7537570267
0.0,-12.0045997803,13.7530588875
0.0,-12.0057513821,13.752589722
0.0,-12.0064048572,13.7520591814
0.0,-12.0068976362,13.7512692978
0.0,-12.0073537578,13.7507736092
0.0,-12.0086068487,13.7498597453
0.0,-12.00928636,13.7496422151
0.0,-12.0112184563,13.749459072
0.0,-12.0158343253,13.7497870884
0.0,-12.0164658894,13.7479760716
0.0,-12.0167937693,13.747437038
0.0,-12.0172774021,13.7470466467
0.0,-12.0202730635,13.7454064593
0.0,-12.0231419477,13.7427836721
0.0,-12.0237435365,13.7423788838
0.0,-12.0255465179,13.7416250829
0.0,-12.0264464011,13.7411922759
0.0,-12.0282180772,13.7394401125
0.0,-12.028777999,13.739133022
0.0,-12.0293936393,13.7390320643
0.0,-12.0301609901,13.7390345349
0.0,-12.0344256651,13.7380337119
0.0,-12.0350662196,13.7376045221
0.0,-12.0367234037,13.7348484183
0.0,-12.0372209354,13.7343125119
0.0,-12.0383096581,13.733552274
0.0,-12.0397596036,13.7328099123
0.0,-12.0416945566,13.7322517282
0.0,-12.0430231938,13.7323410393
0.0,-12.0451179471,13.7307799919
0.0,-12.0456787179,13.7304943146
0.0,-12.0473967987,13.7300079917
0.0,-12.0487058819,13.729906246
0.0,-12.0493274332,13.7296540253
0.0,-12.0508739442,13.7287580771
0.0,-12.0516323971,13.7285469987
0.0,-12.0535421754,13.7284286949
0.0,-12.0553713478,13.7278759004
0.0,-12.0564758537,13.7264925768
0.0,-12.057145843,13.7261517243
0.0,-12.0588583498,13.7256923389
0.0,-12.0595003165,13.725699989
0.0,-12.0608283583,13.7231485846
0.0,-12.0615338029,13.7220923864
0.0,-12.0625986331,13.7205979137
0.0,-12.0637488606,13.7195707057
0.0,-12.0656202028,13.7178487248
0.0,-12.0662255623,13.7176414174
0.0,-12.0668675114,13.717649044
0.0,-12.0674675399,13.7178706721
0.0,-12.0685601074,13.7182291059
0.0,-12.0734554679,13.7203534604
0.0,-12.0731797172,13.7192852351
0.0,-12.0677433552,13.707525791
0.0,-12.060785968,13.7005561424
0.0,-12.0581719641,13.6970165906
0.0,-12.0568738855,13.6945322311
0.0,-12.0569207829,13.6907644482
0.0,-12.0500062793,13.6804166569
0.0,-12.0397303905,13.6626219842
0.0,-12.0361986972,13.6475066291
0.0,-12.0379015501,13.6388209082
0.0,-12.0385285236,13.6311618526
0.0,-12.0376958085,13.6233554451
0.0,-12.0324187712,13.6179013217
0.0,-12.0293013699,13.6146791601
0.0,-12.0192284001,13.6087643962
0.0,-12.0136701173,13.6026346989
0.0,-12.0043423043,13.5952827536
0.0,-12.0005154069,13.5919458552
0.0,-11.9965598244,13.5854810972
0.0,-11.9962607741,13.5825157616
0.0,-11.9976600518,13.5782545672
0.0,-11.9989221282,13.5715235871
0.0,-11.9977925313,13.5677255495
0.0,-11.9949585318,13.5657169355
0.0,-11.9890872603,13.5644943605
0.0,-11.9865772572,13.5634768184
0.0,-11.9832472513,13.5608039521
0.0,-11.979103576,13.5559822082
0.0,-11.9749788005,13.5496798153
0.0,-11.9716887055,13.5438811253
0.0,-11.9710515369,13.541076263
0.0,-11.9712634223,13.537623543
0.0,-11.9692769686,13.5351314031
0.0,-11.9651089291,13.5322837086
0.0,-11.9597556946,13.5300797017
0.0,-11.9567585355,13.5277397447
0.0,-11.9541123474,13.5242522885
0.0,-11.9521199043,13.5222535997
0.0,-11.9495979755,13.5222228641
0.0,-11.9479166928,13.5222023596
0.0,-11.9474353682,13.5203866088
0.0,-11.9432510981,13.5188547228
0.0,-11.9361919757,13.5186038631
0.0,-11.934110588,13.5178760184
0.0,-11.9309222172,13.5164423789
0.0,-11.9280453301,13.5143614752
0.0,-11.9256475547,13.5111499854
0.0,-11.9240612191,13.5080620966
0.0,-11.9226012398,13.5041802458
0.0,-11.9200875049,13.5009673107
0.0,-11.916750819,13.4985397481
0.0,-11.9115534802,13.4963165201
0.0,-11.9050746445,13.4944183119
0.0,-11.9013869709,13.4922135434
0.0,-11.8987428767,13.4901352871
0.0,-11.8957505101,13.4880527
0.0,-11.8948877534,13.4829281296
0.0,-11.8930785721,13.4791555476
0.0,-11.8898674153,13.4760474441
0.0,-11.8845518486,13.4740496182
0.0,-11.8817993748,13.4714017016
0.0,-11.8768308207,13.4695216945
0.0,-11.8748940172,13.4687845824
0.0,-11.8717595671,13.4666175666
0.0,-11.8705061864,13.4647837145
0.0,-11.8686827147,13.4621472772
0.0,-11.8664215466,13.4574598665
0.0,-11.8641944768,13.4501591757
0.0,-11.8640052036,13.4468612772
0.0,-11.8640584388,13.4427709282
0.0,-11.8644539833,13.4391394015
0.0,-11.8655518799,13.4350620606
0.0,-11.8661573698,13.4331377295
0.0,-11.8687317183,13.4315788106
0.0,-11.8716557392,13.4299105631
0.0,-11.8748354228,13.4264271996
0.0,-11.8767205614,13.424291416
0.0,-11.8777902141,13.4223727855
0.0,-11.878047342,13.4204440801
0.0,-11.8778533997,13.417487017
0.0,-11.8783470589,13.4152203161
0.0,-11.8790933932,13.4113657687
0.0,-11.8805214188,13.4086560582
0.0,-11.8820786651,13.4049251584
0.0,-11.8830394201,13.4024369246
0.0,-11.8850564285,13.399052593
0.0,-11.8868427128,13.3955517458
0.0,-11.8876946118,13.3924939227
0.0,-11.8880778643,13.3897712419
0.0,-11.8881085465,13.3873851387
0.0,-11.8867494703,13.384754624
0.0,-11.8861104952,13.3842331237
0.0,-11.8899815234,13.3828793167
0.0,-11.8920979415,13.3825531772
0.0,-11.8940741706,13.3823697832
0.0,-11.8957168161,13.3815862594
0.0,-11.8983928394,13.379966541
0.0,-11.9005524195,13.3777974895
0.0,-11.9013032443,13.3767862442
0.0,-11.9036982497,13.3755874421
0.0,-11.9060555372,13.3751738131
0.0,-11.9079368444,13.3744743882
0.0,-11.9098629871,13.3738748321
0.0,-11.9114558624,13.3733705243
0.0,-11.9124487233,13.3729040298
0.0,-11.9144640805,13.3725403207
0.0,-11.9157392559,13.3723572083
0.0,-11.9167717844,13.3723968967
0.0,-11.918275792,13.372397176
0.0,-11.9196431891,13.3722151674
0.0,-11.9208129056,13.3723468182
0.0,-11.9215692346,13.3723469995
0.0,-11.9226957109,13.3722523469
0.0,-11.9237817454,13.3724371499
0.0,-11.9252368421,13.3718859165
0.0,-11.9262671972,13.3706431715
0.0,-11.9276787364,13.3691612214
0.0,-11.9286185581,13.367736746
0.0,-11.9291317214,13.3673185318
0.0,-11.9299762985,13.36690434
0.0,-11.9317160918,13.3664468234
0.0,-11.9331319693,13.3660756736
0.0,-11.9345363387,13.365884992
0.0,-11.9360392036,13.3651987994
0.0,-11.9373513595,13.3642303304
0.0,-11.9387164443,13.3642739493
0.0,-11.9409801531,13.3646896661
0.0,-11.9426743841,13.3656493646
0.0,-11.9439898384,13.36592716
0.0,-11.9450251069,13.3664815226
0.0,-11.9456408193,13.3666153927
0.0,-11.9468617974,13.3671178067
0.0,-11.9497326164,13.3669357096
0.0,-11.9518910335,13.3661941045
0.0,-11.9540551648,13.3658228169
0.0,-11.9559334211,13.3638857077
0.0,-11.958095217,13.3614010965
0.0,-11.9592615029,13.3595998837
0.0,-11.9603861301,13.3581774645
0.0,-11.9608998373,13.3569283219
0.0,-11.9610883372,13.3551334104
0.0,-11.9610849334,13.3539322422
0.0,-11.9623047192,13.3515355963
0.0,-11.9646000945,13.3501542842
0.0,-11.9669069674,13.3478507845
0.0,-11.9676978454,13.3458192313
0.0,-11.9695267876,13.3441161835
0.0,-11.9716859969,13.3418119806
0.0,-11.9739387237,13.3408816004
0.0,-11.9756823507,13.3400986494
0.0,-11.9767106431,13.3397316137
0.0,-11.9786812815,13.3377502011
0.0,-11.9803689461,13.3355305841
0.0,-11.9823809686,13.333089031
0.0,-11.9834667924,13.3318917731
0.0,-11.9848667287,13.3304634324
0.0,-11.9859538013,13.329907391
0.0,-11.9878806715,13.3299573845
0.0,-11.9893355921,13.3301372283
0.0,-11.990932648,13.3285666851
0.0,-11.9923919084,13.3269041804
0.0,-11.9933287464,13.3257231598
0.0,-11.9975601799,13.3258545727
0.0,-11.9988210361,13.3253185857
0.0,-11.9999056626,13.3256113899
0.0,-12.0006364655,13.3258040475
0.0,-12.0015878797,13.3260557577
0.0,-12.0027617369,13.3258438498
0.0,-12.003473984,13.3256716392
0.0,-12.0039521559,13.3250360615
0.0,-12.004760614,13.3245398536
0.0,-12.0052924387,13.3240403765
0.0,-12.0053930976,13.3233551801
0.0,-12.00597269,13.3227207939
0.0,-12.0062682079,13.3219385512
0.0,-12.0067498081,13.3210230324
0.0,-12.007134086,13.3205218081
0.0,-12.0077597708,13.3198879591
0.0,-12.0081912591,13.3192969751
0.0,-12.0082919052,13.3186117753
0.0,-12.0086870612,13.3179752042
0.0,-12.0092597404,13.3171510649
0.0,-12.0097943119,13.3164258199
0.0,-12.0104101951,13.3157907164
0.0,-12.0110774375,13.31557279
0.0,-12.0116102067,13.3142424123
0.0,-12.0120542198,13.3133806221
0.0,-12.0127715244,13.3127929899
0.0,-12.0131557751,13.3122917508
0.0,-12.0140957266,13.312347966
0.0,-12.0146643867,13.3118488929
0.0,-12.015291689,13.3110795638
0.0,-12.016317537,13.3116515734
0.0,-12.0172608081,13.3114368713
0.0,-12.0182913083,13.3116296066
0.0,-12.0193619241,13.3118791348
0.0,-12.0195971048,13.3119339482
0.0,-12.0207329061,13.3118118081
0.0,-12.0221835899,13.3123345938
0.0,-12.0225916751,13.3128993343
0.0,-12.0232504652,13.313277353
0.0,-12.026118591,13.3133200036
0.0,-12.026867129,13.3131932992
0.0,-12.0278075894,13.3133036601
0.0,-12.0290789582,13.3134088593
0.0,-12.029774011,13.3138866349
0.0,-12.0303696974,13.3149502984
0.0,-12.0302103745,13.3159148119
0.0,-12.0301951688,13.31716099
0.0,-12.0300397954,13.3178015417
0.0,-12.0298742945,13.3192717493
0.0,-12.0298538304,13.3201927291
0.0,-12.0299730763,13.3217565853
0.0,-12.0303706111,13.3231882263
0.0,-12.0310140739,13.3241169787
0.0,-12.0318111424,13.3245507914
0.0,-12.0325934844,13.3254360089
0.0,-12.0328127795,13.3263597958
0.0,-12.033276348,13.3269161458
0.0,-12.0336766591,13.3281220296
0.0,-12.0329509641,13.3293960236
0.0,-12.0321453915,13.3296575427
0.0,-12.031093223,13.3304761284
0.0,-12.0306167515,13.3309763158
0.0,-12.0294742333,13.3316402979
0.0,-12.0294517217,13.3334824708
0.0,-12.028904125,13.3352733307
0.0,-12.0283655727,13.3363237072
0.0,-12.0282090325,13.336963111
0.0,-12.0274877425,13.3379661834
0.0,-12.0274219685,13.3395730249
0.0,-12.0270638549,13.3409506474
0.0,-12.0267144049,13.3423735278
0.0,-12.0271181163,13.343299482
0.0,-12.027535031,13.3439004559
0.0,-12.0280002675,13.3443213658
0.0,-12.0286437583,13.3452501327
0.0,-12.0290457125,13.3463205701
0.0,-12.0296875544,13.3473847899
0.0,-12.0300439566,13.3484095351
0.0,-12.0305857427,13.3501138209
0.0,-12.0307400876,13.3518225944
0.0,-12.0303029216,13.3528752866
0.0,-12.0300798075,13.3545254419
0.0,-12.0296403239,13.3557666375
0.0,-12.0292953811,13.3568192789
0.0,-12.0287556561,13.3579599474
0.0,-12.0284978416,13.3594290597
0.0,-12.0287098219,13.3609488466
0.0,-12.027810692,13.3613085777
0.0,-12.028206014,13.3629208337
0.0,-12.0284685309,13.3640799534
0.0,-12.0289657125,13.3649076632
0.0,-12.0286685193,13.365825388
0.0,-12.0274705088,13.3672382904
0.0,-12.0271266375,13.3682006204
0.0,-12.0268323109,13.368883555
0.0,-12.0266739998,13.3697577502
0.0,-12.0263807771,13.3703503815
0.0,-12.0269793009,13.3711883196
0.0,-12.0281547501,13.3716175898
0.0,-12.0286108077,13.3720384007
0.0,-12.0287608229,13.371990449
0.0,-12.0295646545,13.3717335068
0.0,-12.0305143661,13.3710131093
0.0,-12.0311851705,13.3704700631
0.0,-12.0315706126,13.3698785067
0.0,-12.0319560527,13.3692869492
0.0,-12.0324320145,13.3687416109
0.0,-12.0330561886,13.3683334838
0.0,-12.034187463,13.3678500186
0.0,-12.0350405002,13.3674897274
0.0,-12.0355619525,13.3670894197
0.0,-12.0361883875,13.3664013302
0.0,-12.0367235835,13.3656308852
0.0,-12.0383319339,13.3646020588
0.0,-12.0400378648,13.3638904678
0.0,-12.0412234546,13.3634888842
0.0,-12.0424977454,13.3633773436
0.0,-12.042793233,13.362595046
0.0,-12.0435550063,13.362152368
0.0,-12.0439848676,13.3616967775
0.0,-12.0450633819,13.3617545355
0.0,-12.0457198494,13.3616267276
0.0,-12.0469058634,13.3611889915
0.0,-12.0484244432,13.3607099707
0.0,-12.0492807378,13.3600787095
0.0,-12.049711135,13.3595779541
0.0,-12.0509945218,13.3587168409
0.0,-12.0521378043,13.3579985946
0.0,-12.0533601364,13.3576064039
0.0,-12.0542963559,13.3579876043
0.0,-12.0552702522,13.3590646832
0.0,-12.0557816854,13.3594860943
0.0,-12.0563842525,13.3599988824
0.0,-12.0571700738,13.3606131502
0.0,-12.0582401653,13.3613661981
0.0,-12.0588877622,13.3619698231
0.0,-12.0596383474,13.3624481996
0.0,-12.0601394783,13.3629598025
0.0,-12.0613161358,13.363388936
0.0,-12.0623495473,13.3633648123
0.0,-12.063469175,13.3638384334
0.0,-12.0645493611,13.3637606532
0.0,-12.0656348367,13.3640080745
0.0,-12.0663785162,13.3642966867
0.0,-12.0669804656,13.3648636396
0.0,-12.0675870049,13.3650513087
0.0,-12.0677597814,13.366019716
0.0,-12.0684523319,13.3667231946
0.0,-12.0690965869,13.3676067487
0.0,-12.0693290757,13.3682145754
0.0,-12.0702573478,13.3684962869
0.0,-12.0705815272,13.3691503347
0.0,-12.0718383528,13.3697248665
0.0,-12.0731122601,13.3696492977
0.0,-12.0757758024,13.3706103986
0.0,-12.0766681824,13.3708103877
0.0,-12.077691665,13.3715176747
0.0,-12.0783504027,13.371299491
0.0,-12.0795337214,13.3710873655
0.0,-12.0810766227,13.3716561299
0.0,-12.0819728204,13.3715400287
0.0,-12.0826835704,13.3715030717
0.0,-12.0837638027,13.3714252151
0.0,-12.0849318166,13.3717186754
0.0,-12.0859186218,13.3717390838
0.0,-12.0865827139,13.3717467376
0.0,-12.0877096097,13.3716242421
0.0,-12.0891619356,13.3720564383
0.0,-12.0902398973,13.3721681994
0.0,-12.0910822854,13.3726927166
0.0,-12.0918261442,13.3729722346
0.0,-12.0928546369,13.3733634082
0.0,-12.0936993108,13.3736982728
0.0,-12.0943447679,13.3744914772
0.0,-12.0951899898,13.3747811843
0.0,-12.0962219967,13.3749285225
0.0,-12.0973433944,13.3752665559
0.0,-12.0979488073,13.3755535006
0.0,-12.0987495429,13.3757072059
0.0,-12.1003891027,13.3759156939
0.0,-12.1011926521,13.3758345909
0.0,-12.1019034234,13.3757975817
0.0,-12.1031219354,13.3757302623
0.0,-12.1040693469,13.375190163
0.0,-12.1048228913,13.3754336296
0.0,-12.105424541,13.3760366379
0.0,-12.1060760885,13.3763240937
0.0,-12.1067698745,13.3769371869
0.0,-12.1073665724,13.3779556118
0.0,-12.1080560534,13.3789299376
0.0,-12.1086471544,13.3804179666
0.0,-12.1091587408,13.3808392972
0.0,-12.1102741599,13.3816830115
0.0,-12.1108763391,13.382195697
0.0,-12.111387325,13.382716371
0.0,-12.1119704132,13.3841049526
0.0,-12.113282258,13.3847251006
0.0,-12.1138855661,13.3851926337
0.0,-12.1145855322,13.3852909523
0.0,-12.1154686637,13.3862765114
0.0,-12.1165462544,13.3863791378
0.0,-12.117478355,13.3871755757
0.0,-12.1187804731,13.3878407507
0.0,-12.1195807377,13.3880395554
0.0,-12.1201840681,13.3885070775
0.0,-12.1208345974,13.3888848149
0.0,-12.1214351399,13.38958714
0.0,-12.1215185769,13.3903287306
0.0,-12.1221630596,13.3911670388
0.0,-12.1229475916,13.3919629101
0.0,-12.1235986717,13.3922954882
0.0,-12.1250105712,13.3922664096
0.0,-12.1264619457,13.3927977702
0.0,-12.1271722426,13.3928058542
0.0,-12.1281624949,13.392546154
0.0,-12.1299031672,13.3928007876
0.0,-12.1316340612,13.3931998148
0.0,-12.1326628388,13.393581825
0.0,-12.1331245243,13.3943277147
0.0,-12.1340046438,13.3947983549
0.0,-12.1347517695,13.3955926452
0.0,-12.1350203849,13.3962821477
0.0,-12.1363638204,13.3973632041
0.0,-12.1374338337,13.398161153
0.0,-12.1381266998,13.3988644986
0.0,-12.1384989393,13.399374529
0.0,-12.1393724661,13.4004050842
0.0,-12.1396519257,13.4009592234
0.0,-12.1401940002,13.4019318258
0.0,-12.1408965582,13.4024997923
0.0,-12.1410729231,13.4032876028
0.0,-12.1416275425,13.4039803442
0.0,-12.1421673879,13.4051425986
0.0,-12.1427587672,13.4065312448
0.0,-12.1429368467,13.4071745576
0.0,-12.1428743419,13.4077790157
0.0,-12.1427197323,13.4091501781
0.0,-12.1433046494,13.4104032669
0.0,-12.1433799485,13.4117409052
0.0,-12.1436019161,13.4125743947
0.0,-12.1441993779,13.4135476233
0.0,-12.1446052413,13.4143380343
0.0,-12.145405094,13.4145819343
0.0,-12.1466146614,13.4152911202
0.0,-12.1474134538,13.4156253262
0.0,-12.1482024901,13.4160045816
0.0,-12.1494246048,13.4164338953
0.0,-12.1503975234,13.4168694188
0.0,-12.1514687339,13.4175770217
0.0,-12.1529176772,13.4183340508
0.0,-12.1540323249,13.4184821533
0.0,-12.1552208364,13.4186400649
0.0,-12.156480312,13.4190336411
0.0,-12.157418056,13.4193242259
0.0,-12.1595442628,13.4189869036
0.0,-12.1613156258,13.419792687
0.0,-12.162059097,13.4209120538
0.0,-12.1639720581,13.4214484433
0.0,-12.1742995727,13.4271736865
0.0,-12.1846259076,13.4328985809
0.0,-12.1949604601,13.4386085527
0.0,-12.1963553256,13.4393794544
0.0,-12.1970028807,13.4400370218
0.0,-12.1972560355,13.440735359
0.0,-12.1976734891,13.4418871608
0.0,-12.1985578096,13.442818344
0.0,-12.1992091563,13.4432501329
0.0,-12.1999033902,13.4437636924
0.0,-12.2008906971,13.4438740392
0.0,-12.2023405197,13.4444863262
0.0,-12.2035075564,13.445014168
0.0,-12.2046382127,13.4453970772
0.0,-12.2057601699,13.4457347215
0.0,-12.2069271162,13.4461722212
0.0,-12.2075345492,13.4463144569
0.0,-12.20833356,13.4466485056
0.0,-12.2091351886,13.446756762
0.0,-12.2103413845,13.4477908469
0.0,-12.2114564664,13.4487245569
0.0,-12.2122011728,13.4489676656
0.0,-12.2136049323,13.4496787484
0.0,-12.2144962409,13.4500138037
0.0,-12.2150391331,13.4508508352
0.0,-12.2158880739,13.4509595971
0.0,-12.216641604,13.4512389237
0.0,-12.2181826606,13.4520508665
0.0,-12.2193465415,13.4527592693
0.0,-12.2209800007,13.4535631874
0.0,-12.2222382597,13.4540919656
0.0,-12.2232857846,13.4536880258
0.0,-12.2236945774,13.4542525783
0.0,-12.2243653256,13.4537089795
0.0,-12.2250864757,13.4527955866
0.0,-12.225890327,13.4527141283
0.0,-12.226678503,13.4531925337
0.0,-12.2276605693,13.4536640424
0.0,-12.2286335978,13.4549213108
0.0,-12.2294234498,13.4552552017
0.0,-12.2300255267,13.4558670417
0.0,-12.2306878559,13.4560549976
0.0,-12.2312931576,13.4563868506
0.0,-12.2322177006,13.4570474031
0.0,-12.2330624151,13.4574270535
0.0,-12.2337489002,13.4587263195
0.0,-12.2343538107,13.4591936567
0.0,-12.235007225,13.4592550441
0.0,-12.2360940728,13.4595470209
0.0,-12.2373105184,13.4597049238
0.0,-12.2380221163,13.4596224159
0.0,-12.2386327233,13.4594936315
0.0,-12.2399852241,13.4606647099
0.0,-12.2408201036,13.4609990657
0.0,-12.2421943707,13.4603728094
0.0,-12.2428635552,13.4599646345
0.0,-12.2434767484,13.4596100413
0.0,-12.2441686815,13.4582220305
0.0,-12.245502573,13.4567868539
0.0,-12.2461234331,13.4565678313
0.0,-12.2477166813,13.4568653055
0.0,-12.2490027408,13.4557773533
0.0,-12.2488758771,13.4547642644
0.0,-12.2486987468,13.4541119471
0.0,-12.2483830951,13.4534671469
0.0,-12.2480593522,13.4527228946
0.0,-12.2476541081,13.4518422546
0.0,-12.2473872838,13.4509631296
0.0,-12.247395643,13.4502315455
0.0,-12.2472667206,13.4493990954
0.0,-12.2470439733,13.4487011138
0.0,-12.2473928866,13.4472415813
0.0,-12.2472742231,13.4463189133
0.0,-12.2472826829,13.445578297
0.0,-12.2474036827,13.4438723774
0.0,-12.2472301688,13.4429039441
0.0,-12.2471022772,13.4419811753
0.0,-12.2470328446,13.440788055
0.0,-12.2478424355,13.4402007302
0.0,-12.2483277736,13.4389143123
0.0,-12.2486242307,13.4380052157
0.0,-12.2486901056,13.4370845649
0.0,-12.2484227676,13.4362506022
0.0,-12.2485684923,13.4356108487
0.0,-12.2488168486,13.434872853
0.0,-12.2490645849,13.4341890484
0.0,-12.2486967781,13.4332636578
0.0,-12.2487626478,13.4323430064
0.0,-12.2488714589,13.4317028486
0.0,-12.2492146529,13.4307400613
0.0,-12.2494677354,13.4295865945
0.0,-12.2492967855,13.4283923637
0.0,-12.2495519216,13.4270582574
0.0,-12.2498510265,13.4259143245
0.0,-12.2501480698,13.4249510295
0.0,-12.2508685146,13.424082685
0.0,-12.2525200128,13.4241097346
0.0,-12.2532679,13.4240727245
0.0,-12.2540710457,13.4240453475
0.0,-12.2550163943,13.4236852927
0.0,-12.2560212081,13.4229645572
0.0,-12.256927087,13.4220169117
0.0,-12.256992401,13.4211414108
0.0,-12.2574749679,13.4200897888
0.0,-12.2583477163,13.4188075489
0.0,-12.2588727138,13.4180815763
0.0,-12.2594986883,13.4174018657
0.0,-12.2603086792,13.4167693187
0.0,-12.260922347,13.4163604636
0.0,-12.2613684902,13.4152632675
0.0,-12.2616183121,13.414389766
0.0,-12.2617183579,13.4137043334
0.0,-12.2618276018,13.4129196358
0.0,-12.2617463171,13.4120515705
0.0,-12.2611924111,13.4112596706
0.0,-12.2606364607,13.4106484107
0.0,-12.2597569764,13.4100878333
0.0,-12.2596290278,13.4091650629
0.0,-12.2595005674,13.4082874526
0.0,-12.2592767725,13.4076798005
0.0,-12.2592850679,13.4069482066
0.0,-12.2592658789,13.4053852653
0.0,-12.2591830378,13.4045533165
0.0,-12.2592959926,13.4035428322
0.0,-12.2594054521,13.4020264538
0.0,-12.2597111251,13.4011083932
0.0,-12.2597247367,13.3999071329
0.0,-12.2599765835,13.3988529896
0.0,-12.2601812877,13.3978875361
0.0,-12.260567323,13.397205207
0.0,-12.2606277368,13.3976266857
0.0,-12.2713456534,13.4140190123
0.0,-12.2723411238,13.4148888695
0.0,-12.2793032718,13.4209722456
0.0,-12.3686237965,13.4638582898
0.0,-12.3637085037,13.5005627838
0.0,-12.3640361564,13.5005920858
0.0,-12.3603143756,13.5032783904
0.0,-12.3595208569,13.5206535992
0.0,-12.3370962605,13.6073691174
0.0,-12.3372592811,13.6408148263
0.0,-12.3374655091,13.6833790419
0.0,-12.3364647604,13.6910304655
0.0,-12.3357696007,13.7351703175
0.0,-12.3356543109,13.7420080103
0.0,-12.3353064722,13.7645126609
0.0,-12.3354114391,13.7736915508
0.0,-12.3357488362,13.8032306981
0.0,-12.3357493275,13.8032737748
0.0,-12.3356894073,13.8179479136
0.0,-12.3356794253,13.8204118043
0.0,-12.3356298834,13.8326220417
0.0,-12.33556901,13.8472972693
0.0,-12.3355091106,13.8619724924
0.0,-12.3354858243,13.8675581407
0.0,-12.3354478743,13.876647686
0.0,-12.335424734,13.8822344845
0.0,-12.3353870343,13.8913228687
0.0,-12.3353266036,13.9059969117
0.0,-12.3352922045,13.9142504188
0.0,-12.3352654007,13.9206720603
0.0,-12.3352045941,13.9353471982
0.0,-12.3351601121,13.9460563621
0.0,-12.335143619,13.9500211899
0.0,-12.3350970936,13.9610811423
0.0,-12.3463683776,13.9644884131
0.0,-12.3484560081,13.9761346196
0.0,-12.3486198278,13.9786704926
0.0,-12.3434711166,13.9807832721
0.0,-12.3351177552,13.9945950418
0.0,-12.3346637287,13.9945266056
0.0,-12.3342277157,13.9952387041
0.0,-12.3323713104,13.9969797766
0.0,-12.3305541241,13.998877086
0.0,-12.3295584635,14.000029152
0.0,-12.3286296515,14.0010995205
0.0,-12.3280547944,14.002260732
0.0,-12.3280304374,14.0035668983
0.0,-12.3283121791,14.0049532226
0.0,-12.3285962744,14.0063361856
0.0,-12.3285674081,14.0076321399
0.0,-12.3277117177,14.008725888
0.0,-12.3265036205,14.0094928037
0.0,-12.3249983205,14.0099594621
0.0,-12.3239011276,14.0105853137
0.0,-12.3238895674,14.0117324056
0.0,-12.3244929087,14.0131572887
0.0,-12.3248640708,14.0145095989
0.0,-12.3241629043,14.0154379194
0.0,-12.3228027671,14.0161477995
0.0,-12.3213511035,14.01811679
0.0,-12.3225895191,14.0200748891
0.0,-12.3225871454,14.0201976549
0.0,-12.3225369498,14.0202158706
0.0,-12.3222378204,14.0203244189
0.0,-12.3187780517,14.024176119
0.0,-12.3124726125,14.0279961541
0.0,-12.3044336475,14.0340195059
0.0,-12.2941373335,14.0383501485
0.0,-12.2844753199,14.0371304132
0.0,-12.2794118656,14.0375092867
0.0,-12.2651056599,14.0385791597
0.0,-12.2388335188,14.0460600502
0.0,-12.2234272106,14.0492175508
0.0,-12.208007183,14.0534851692
0.0,-12.2011777335,14.0534061188
0.0,-12.1954797878,14.05389568
0.0,-12.1885344733,14.0558276753
0.0,-12.1876741557,14.0611007709
0.0,-12.1876444075,14.0635336759
0.0,-12.1887957985,14.0664438201
0.0,-12.191266881,14.0682106375
0.0,-12.1943328368,14.0698684857
0.0,-12.1973847142,14.0726848376
0.0,-12.199816405,14.0776954943
0.0,-12.2021309062,14.082588913
0.0,-12.2044342037,14.0884091587
0.0,-12.2044950443,14.0931605512
0.0,-12.2032515907,14.0977809272
0.0,-12.1992156748,14.1074670885
0.0,-12.1979861505,14.1109288668
0.0,-12.1965290894,14.1135768925
0.0,-12.1956768746,14.1153050011
0.0,-12.1887549068,14.1182367895
0.0,-12.1856471461,14.1199384683
0.0,-12.184319985,14.1216609575
0.0,-12.1844173272,14.1234001235
0.0,-12.1849852387,14.125492406
0.0,-12.1863855706,14.1274785669
0.0,-12.190028689,14.1305337787
0.0,-12.1927342724,14.1324745647
0.0,-12.1956709158,14.1347097114
0.0,-12.2008496426,14.1366250369
0.0,-12.2056283555,14.1385356113
0.0,-12.211693283,14.1416325847
0.0,-12.2171700788,14.1437463256
0.0,-12.2215572972,14.144968687
0.0,-12.2247571973,14.1451033285
0.0,-12.2304485125,14.1460477216
0.0,-12.2346287333,14.1478532554
0.0,-12.236991837,14.15100464
0.0,-12.2374566179,14.1539389008
0.0,-12.2376106571,14.1577482579
0.0,-12.2372632963,14.1616494686
0.0,-12.2363357375,14.1638842755
0.0,-12.2336026294,14.1664887691
0.0,-12.2301703293,14.1689875114
0.0,-12.2253278206,14.1722509033
0.0,-12.2212831802,14.1757186861
0.0,-12.2186462425,14.178616954
0.0,-12.2175087853,14.1816302345
0.0,-12.2170764135,14.1842611856
0.0,-12.2175456836,14.1868049843
0.0,-12.2199112017,14.1897613282
0.0,-12.2232773262,14.1927292706
0.0,-12.2266352204,14.1963804884
0.0,-12.2268961623,14.199605279
0.0,-12.2258658455,14.2020340641
0.0,-12.2247485344,14.2033879103
0.0,-12.2219206556,14.205502915
0.0,-12.2177871612,14.2079932025
0.0,-12.2149460232,14.2111818613
0.0,-12.2139952485,14.2152711684
0.0,-12.2148181042,14.221626598
0.0,-12.2155696098,14.2256381187
0.0,-12.2187455274,14.2278229531
0.0,-12.2243946656,14.2323796121
0.0,-12.2285524474,14.2361378275
0.0,-12.2335908345,14.2415659046
0.0,-12.2340483943,14.2450858733
0.0,-12.232104031,14.2485779757
0.0,-12.2279590031,14.2519468471
0.0,-12.2248433496,14.2529845192
0.0,-12.2213177783,14.2547983961
0.0,-12.2189931489,14.2566262261
0.0,-12.2174595645,14.2592442896
0.0,-12.215690993,14.2646908054
0.0,-12.2143094599,14.2712157264
0.0,-12.214860772,14.2752249204
0.0,-12.2168109834,14.279445735
0.0,-12.2175897407,14.2827248335
0.0,-12.217901838,14.28355721
0.0,-12.2187806417,14.2875489456
0.0,-12.2195050523,14.2890052191
0.0,-12.2207436333,14.290150794
0.0,-12.2233291619,14.291176361
0.0,-12.2268800114,14.2929370692
0.0,-12.2276133629,14.2936695272
0.0,-12.2285575961,14.296123721
0.0,-12.2289921057,14.2985267284
0.0,-12.2305372293,14.301168901
0.0,-12.2325015716,14.3036802184
0.0,-12.235069052,14.3061985469
0.0,-12.2372362074,14.3073096229
0.0,-12.2441476296,14.3112809359
0.0,-12.2472207071,14.3142122366
0.0,-12.2495625683,14.316230145
0.0,-12.2527749708,14.3191630099
0.0,-12.2568442391,14.3241417765
0.0,-12.2582135996,14.3260126497
0.0,-12.2583620073,14.3263762468
0.0,-12.2588444695,14.3275582722
0.0,-12.2592925032,14.3288755559
0.0,-12.2596460963,14.3303274845
0.0,-12.2599554926,14.3315979225
0.0,-12.2600697692,14.3327218621
0.0,-12.2600798468,14.3328209778
0.0,-12.2600672031,14.3338614705
0.0,-12.2600567576,14.3347210073
0.0,-12.2598596145,14.3356688766
0.0,-12.2586875337,14.3366507234
0.0,-12.2574772993,14.3369534454
0.0,-12.2555318332,14.3366594678
0.0,-12.2536327752,14.3363660125
0.0,-12.2523308448,14.3365771553
0.0,-12.2510697958,14.3372412132
0.0,-12.2507210193,14.3383582358
0.0,-12.2507691698,14.3411740259
0.0,-12.2502997998,14.3458338223
0.0,-12.2495220331,14.3487204617
0.0,-12.2490686071,14.3503298844
0.0,-12.2485733578,14.3520877188
0.0,-12.2478937567,14.3536885245
0.0,-12.2477179553,14.3545712662
0.0,-12.2466278352,14.3560064258
0.0,-12.2448125254,14.3576326946
0.0,-12.2423733565,14.3598177904
0.0,-12.2386285182,14.3624284829
0.0,-12.2354549187,14.3645951325
0.0,-12.2334078449,14.3663546529
0.0,-12.2315606435,14.3677980182
0.0,-12.2314880781,14.368094685
0.0,-12.2310790412,14.3697669004
0.0,-12.231100452,14.3733340177
0.0,-12.2311089638,14.3749214547
0.0,-12.2303459939,14.3775574432
0.0,-12.2295955404,14.3791762963
0.0,-12.2286501877,14.3796738578
0.0,-12.2260353477,14.380151837
0.0,-12.2191248413,14.3820034832
0.0,-12.2134550185,14.3847850712
0.0,-12.209983891,14.386982105
0.0,-12.2073373408,14.3900026282
0.0,-12.2058385314,14.3930366836
0.0,-12.2035927646,14.3973843135
0.0,-12.2021931179,14.4008264042
0.0,-12.2017445081,14.4062119249
