52,0,2,104,49,
0.0,-16.0837413782,14.367987026
0.0,-16.0874640482,14.3638301855
0.0,-16.0877996327,14.3634554517
0.0,-16.0915494497,14.3585018393
0.0,-16.0917827533,14.3584131244
0.0,-16.0940288537,14.3575590167
0.0,-16.0976482977,14.3553069487
0.0,-16.100909429,14.351463711
0.0,-16.100907079,14.3514566416
0.0,-16.1068775041,14.3489919772
0.0,-16.1134916097,14.3438383947
0.0,-16.118727898,14.3402279296
0.0,-16.1257734184,14.3354911242
0.0,-16.1283753037,14.3332951743
0.0,-16.1307945159,14.3381657866
0.0,-16.1348204606,14.3346680026
0.0,-16.1366803525,14.3326783851
0.0,-16.1360085426,14.3270116608
0.0,-16.1366124642,14.3242320954
0.0,-16.1384147154,14.3193511864
0.0,-16.1393903295,14.315705398
0.0,-16.14008337,14.3142116312
0.0,-16.1400850321,14.3139889103
0.0,-16.1401018793,14.3117307769
0.0,-16.1407420406,14.3060928599
0.0,-16.1405825633,14.3028803645
0.0,-16.1372745657,14.3003349095
0.0,-16.1332831225,14.2986950707
0.0,-16.1332841677,14.2985460306
0.0,-16.1332964245,14.2967977701
0.0,-16.1329238142,14.2850829377
0.0,-16.1329223556,14.2850371008
0.0,-16.1328848121,14.284954829
0.0,-16.1288266335,14.2760615221
0.0,-16.1241656039,14.2670721635
0.0,-16.1239309199,14.2666195243
0.0,-16.1239570158,14.2661528398
0.0,-16.1241627608,14.2662291756
0.0,-16.1273328409,14.2664717533
0.0,-16.1291693373,14.2640592693
0.0,-16.1329165177,14.2564867259
0.0,-16.135164104,14.2485078907
0.0,-16.1353346647,14.2485094008
0.0,-16.1360262087,14.2258470836
0.0,-16.1300505628,14.2141817651
0.0,-16.129485017,14.2133084759
0.0,-16.1296343882,14.2118329018
0.0,-16.1269574226,14.2088875503
0.0,-16.1260694428,14.2084596308
0.0,-16.1260113455,14.2083615386
0.0,-16.1246860994,14.2061239209
0.0,-16.1233966858,14.2039467542
0.0,-16.1228862851,14.2030849297
0.0,-16.1228625857,14.2030449127
0.0,-16.1228529518,14.2026361652
0.0,-16.1210200799,14.200865155
0.0,-16.1182002979,14.1989063515
0.0,-16.1139027597,14.197194878
0.0,-16.1063015409,14.1953543159
0.0,-16.1034414933,14.1952232202
0.0,-16.0990517817,14.1948105287
0.0,-16.0898743153,14.1932171486
0.0,-16.0881742493,14.1925907842
0.0,-16.0881737838,14.1925885669
0.0,-16.0877741708,14.1906853345
0.0,-16.0879267223,14.1853940648
0.0,-16.0881327497,14.1838309845
0.0,-16.0882494605,14.1829455244
0.0,-16.0881555901,14.1829488436
0.0,-16.0883746516,14.1801512548
0.0,-16.0879789384,14.1789013231
0.0,-16.0863018672,14.1736038139
0.0,-16.0883951086,14.173508759
0.0,-16.0883924657,14.1734604996
0.0,-16.0882780646,14.1713719208
0.0,-16.0883104128,14.1711916599
0.0,-16.0883109589,14.1711886189
0.0,-16.0883307225,14.1710784865
0.0,-16.0904686654,14.1711402858
0.0,-16.0910877899,14.1711542173
0.0,-16.0927248289,14.1711910485
0.0,-16.0958461164,14.1709757871
0.0,-16.0961233295,14.1709662085
0.0,-16.0969278899,14.1709384048
0.0,-16.096981999,14.1732799409
0.0,-16.1074375207,14.1723078772
0.0,-16.1074392789,14.1723148699
0.0,-16.1194133399,14.1723518129
0.0,-16.1249034431,14.1722588969
0.0,-16.1249002729,14.1722638749
0.0,-16.1282373532,14.175336863
0.0,-16.1296799314,14.1759179101
0.0,-16.1324115365,14.1770181224
0.0,-16.1354403372,14.1782379879
0.0,-16.1358888159,14.17841861
0.0,-16.135947705,14.1784423275
0.0,-16.1348597946,14.1804793257
0.0,-16.1316341529,14.186518778
0.0,-16.1390341179,14.1902817054
0.0,-16.139061242,14.1902954966
0.0,-16.139061822,14.1902947525
0.0,-16.1436852595,14.1843663998
0.0,-16.1450103511,14.1826672476
0.0,-16.1463425933,14.1809588928
0.0,-16.1489428414,14.1776244674
0.0,-16.1490626309,14.1775097609
0.0,-16.1525279768,14.1741913987
0.0,-16.1534408516,14.1738855902
0.0,-16.1562762445,14.1729357238
0.0,-16.1566273888,14.1721419475
0.0,-16.1586576004,14.1722806626
0.0,-16.1593211969,14.1730695368
0.0,-16.1617525238,14.1722656892
0.0,-16.1636779839,14.1717613023
0.0,-16.1651488305,14.1716551514
0.0,-16.1654941285,14.1697227771
0.0,-16.1661768267,14.1693222002
0.0,-16.168744755,14.1701329888
0.0,-16.1720847821,14.1710207089
0.0,-16.1738564366,14.1708459305
0.0,-16.1755917927,14.1707074778
0.0,-16.1777199769,14.1692641684
0.0,-16.1810434152,14.166382093
0.0,-16.1846246333,14.161804804
0.0,-16.1882039867,14.1572297396
0.0,-16.1921825887,14.15212832
0.0,-16.1960100409,14.1435109828
0.0,-16.197069126,14.1418129418
0.0,-16.1977333873,14.1412886935
0.0,-16.1989343766,14.1411516221
0.0,-16.1997377418,14.1415397281
0.0,-16.2021560684,14.1446532647
0.0,-16.2048439196,14.1480275827
0.0,-16.2079307408,14.1510077428
0.0,-16.2101421051,14.1527752478
0.0,-16.2118185359,14.1541160262
0.0,-16.2163730489,14.1570886493
0.0,-16.2203927182,14.1598039949
0.0,-16.222804389,14.1617466307
0.0,-16.2241498065,14.1636935511
0.0,-16.2249600985,14.1655132443
0.0,-16.2265857948,14.1699345556
0.0,-16.2273920987,14.1708423438
0.0,-16.2295341124,14.1718732346
0.0,-16.2308232957,14.1720650796
0.0,-16.2320739171,14.17225118
0.0,-16.2342850169,14.1721703687
0.0,-16.2362116977,14.172099935
0.0,-16.2386122216,14.1715666184
0.0,-16.2403426777,14.1706457653
0.0,-16.2418026341,14.1690742923
0.0,-16.2461788452,14.1637112285
0.0,-16.2487053065,14.1618742788
0.0,-16.2507068478,14.1617327755
0.0,-16.2527139704,14.1625042625
0.0,-16.2549950383,14.1647071314
0.0,-16.2564779359,14.1671740553
0.0,-16.2572927964,14.1697755491
0.0,-16.2578595515,14.1756349767
0.0,-16.2586730271,14.1779754397
0.0,-16.2609515812,14.1795262416
0.0,-16.2638900341,14.1797706626
0.0,-16.2680235429,14.1788380604
0.0,-16.2726897291,14.1773805085
0.0,-16.2762854593,14.1756675446
0.0,-16.2770798724,14.1746203386
0.0,-16.2774693567,14.1726656505
0.0,-16.2767505893,14.163420549
0.0,-16.2754979349,14.1543082196
0.0,-16.2753480424,14.1513111599
0.0,-16.2761377354,14.1492232682
0.0,-16.2777319325,14.1479130472
0.0,-16.2786986377,14.1474592979
0.0,-16.2785119352,14.1462206966
0.0,-16.2783854817,14.1456375028
0.0,-16.2783725762,14.1455779832
0.0,-16.2786463934,14.1455512115
0.0,-16.2789830472,14.1455182958
0.0,-16.2792883774,14.1454884429
0.0,-16.2793979382,14.1454874273
0.0,-16.2803876265,14.1454782498
0.0,-16.2806840378,14.1454755
0.0,-16.2807390163,14.1454806733
0.0,-16.2819313074,14.1455928562
0.0,-16.2826468038,14.1457066249
0.0,-16.2832163866,14.1458314618
0.0,-16.2832565793,14.1458416195
0.0,-16.2835982611,14.1458561425
0.0,-16.2838372322,14.1459966902
0.0,-16.2841405484,14.1460764866
0.0,-16.2843522499,14.1461556604
0.0,-16.284420513,14.1461827776
0.0,-16.2851816376,14.1464754701
0.0,-16.2853547589,14.1465491028
0.0,-16.2859420683,14.1468281388
0.0,-16.2859493561,14.146832419
0.0,-16.2862334152,14.1469665603
0.0,-16.286841528,14.1473081902
0.0,-16.2871876469,14.1475315141
0.0,-16.2878042789,14.1479412824
0.0,-16.2883418365,14.1483540975
0.0,-16.2886864598,14.1486438925
0.0,-16.288904961,14.1488372758
0.0,-16.2897044687,14.1496807016
0.0,-16.2898093379,14.1497974476
0.0,-16.2899583322,14.149966998
0.0,-16.2903043259,14.1503575176
0.0,-16.2905422947,14.150623117
0.0,-16.2908128809,14.1509146397
0.0,-16.2910810295,14.1512035364
0.0,-16.2911336713,14.1512602505
0.0,-16.2913630401,14.1515071212
0.0,-16.2921100243,14.1522789258
0.0,-16.2924623141,14.1526331264
0.0,-16.2926278537,14.1527950392
0.0,-16.2928815522,14.1530431802
0.0,-16.2930846783,14.1532418559
0.0,-16.293627898,14.1537612851
0.0,-16.2939231978,14.1540318978
0.0,-16.2941325379,14.1542282149
0.0,-16.2945563651,14.1546121316
0.0,-16.2955047612,14.1554417872
0.0,-16.2957747977,14.1556623155
0.0,-16.295813732,14.1556941118
0.0,-16.2961667863,14.1559941117
0.0,-16.2963038227,14.1561105559
0.0,-16.2968467192,14.1565507822
0.0,-16.2973264284,14.1569293651
0.0,-16.2980235163,14.1574683078
0.0,-16.2985207832,14.1578405339
0.0,-16.2989758374,14.1581653818
0.0,-16.2994873432,14.1585397877
0.0,-16.299984595,14.1587479513
0.0,-16.3004032879,14.1589116894
0.0,-16.3009556271,14.1591096303
0.0,-16.3011468386,14.1591838394
0.0,-16.301323045,14.1592375875
0.0,-16.3031388032,14.1597914341
0.0,-16.3032561988,14.1598272415
0.0,-16.304113755,14.1600374917
0.0,-16.3059414274,14.1603904792
0.0,-16.3061992781,14.1604257856
0.0,-16.3065524209,14.1604741399
0.0,-16.3071607307,14.160557432
0.0,-16.3079971344,14.1606397408
0.0,-16.308710481,14.1606896122
0.0,-16.3089919853,14.1606985901
0.0,-16.3093644192,14.1607206195
0.0,-16.3127770168,14.1608353719
0.0,-16.3139803414,14.1609550916
0.0,-16.3166492685,14.1611927863
0.0,-16.3181449641,14.1613155196
0.0,-16.3191351968,14.1613856017
0.0,-16.3204739907,14.161480346
0.0,-16.3212132012,14.1615326554
0.0,-16.3227199671,14.1616108767
0.0,-16.3253498138,14.1617473785
0.0,-16.3260445247,14.1617834319
0.0,-16.3268104076,14.1618042194
0.0,-16.3277924371,14.1618308703
0.0,-16.3286837342,14.1618686847
0.0,-16.3290523866,14.1618843239
0.0,-16.330900142,14.161955705
0.0,-16.3321303525,14.1619463321
0.0,-16.3331050816,14.1618924136
0.0,-16.3333142682,14.1618727941
0.0,-16.3334245018,14.1618624549
0.0,-16.3365193928,14.1613773585
0.0,-16.3366871796,14.161336633
0.0,-16.3370594173,14.1612462821
0.0,-16.3381774676,14.1609444936
0.0,-16.3384144366,14.1608491982
0.0,-16.3389561335,14.1606930015
0.0,-16.3393235757,14.1605377058
0.0,-16.3395987657,14.1604615951
0.0,-16.3401056769,14.1602654106
0.0,-16.3411356945,14.1598197703
0.0,-16.3419643056,14.1594216094
0.0,-16.3426266963,14.1590398798
0.0,-16.3435522723,14.1585064739
0.0,-16.3440820957,14.1582011358
0.0,-16.3450878484,14.1575098497
0.0,-16.3477682818,14.1567830723
0.0,-16.3503352913,14.1563339228
0.0,-16.3505065902,14.15630395
0.0,-16.3507380284,14.1562885215
0.0,-16.3532807346,14.1561190012
0.0,-16.3542062114,14.1560572933
0.0,-16.3548687461,14.1560737113
0.0,-16.3553947707,14.1560867455
0.0,-16.3553958843,14.1560831623
0.0,-16.3573452425,14.1562096711
0.0,-16.3597426553,14.156532799
0.0,-16.3644610664,14.1574265096
0.0,-16.3666152288,14.1575852591
0.0,-16.3710073132,14.1575369773
0.0,-16.3731503624,14.1572819734
0.0,-16.376332602,14.1564999816
0.0,-16.3782592696,14.1558494022
0.0,-16.3801392793,14.1550797624
0.0,-16.3801497545,14.1550910414
0.0,-16.3834095393,14.158600687
0.0,-16.383735727,14.1587726126
0.0,-16.3850034515,14.1595226688
0.0,-16.3855675171,14.1602425467
0.0,-16.3858523964,14.1614399099
0.0,-16.3858574719,14.1614612401
0.0,-16.385530563,14.162135963
0.0,-16.3844839415,14.1628354387
0.0,-16.3834256497,14.1634539852
0.0,-16.3824553762,14.163595048
0.0,-16.3811069095,14.1629211788
0.0,-16.3798721316,14.1619163658
0.0,-16.3788997747,14.1617470626
0.0,-16.3781858733,14.1620244017
0.0,-16.3777276627,14.162488122
0.0,-16.3772185517,14.1635113706
0.0,-16.3762882225,14.1653321198
0.0,-16.3759888938,14.1659123896
0.0,-16.3758080798,14.1669088823
0.0,-16.3757396164,14.1678553682
0.0,-16.3757485927,14.1679768527
0.0,-16.3758502968,14.1693532784
0.0,-16.3761853612,14.1710864026
0.0,-16.3762063842,14.1714958119
0.0,-16.3760874829,14.1717275191
0.0,-16.3756278828,14.1721559238
0.0,-16.3752902673,14.1722268756
0.0,-16.3749367682,14.172225682
0.0,-16.3745030293,14.1720340277
0.0,-16.3738365965,14.1713228134
0.0,-16.3734435568,14.1706386723
0.0,-16.373236321,14.1703739972
0.0,-16.3726334439,14.1697861323
0.0,-16.3722206357,14.1694907898
0.0,-16.3719966706,14.1693704065
0.0,-16.371831845,14.1693250008
0.0,-16.3717042684,14.1693110511
0.0,-16.3716616431,14.16930639
0.0,-16.3716188124,14.169308564
0.0,-16.3714906054,14.1693150698
0.0,-16.3713697962,14.1693511867
0.0,-16.3711641918,14.1694126544
0.0,-16.370887226,14.1696074035
0.0,-16.3707299135,14.1698051349
0.0,-16.3704847558,14.1712500589
0.0,-16.3704721713,14.1713242318
0.0,-16.3702434598,14.1728332065
0.0,-16.3700863352,14.1741203059
0.0,-16.3700419882,14.1745266433
0.0,-16.3699198986,14.1756452979
0.0,-16.3697975657,14.1759073057
0.0,-16.3696040843,14.1761532381
0.0,-16.3694268792,14.1762897293
0.0,-16.3692213909,14.1763983972
0.0,-16.3690458276,14.1764525137
0.0,-16.3688637465,14.1764791589
0.0,-16.3685882378,14.176466369
0.0,-16.3680803085,14.1762858297
0.0,-16.3678859927,14.1762264574
0.0,-16.367111275,14.1760564514
0.0,-16.3669357922,14.1760393078
0.0,-16.3666524253,14.1760116234
0.0,-16.3662899885,14.1759681125
0.0,-16.3659688452,14.1758854657
0.0,-16.3656014723,14.1757530776
0.0,-16.3655895176,14.1757480708
0.0,-16.3653512173,14.1756482769
0.0,-16.3650584946,14.1754951778
0.0,-16.3645141358,14.1751246296
0.0,-16.3640011929,14.1746598541
0.0,-16.363443344,14.1741689995
0.0,-16.3627619435,14.1736773152
0.0,-16.3622006712,14.1730007101
0.0,-16.3620164647,14.1726582985
0.0,-16.3617256258,14.1720929718
0.0,-16.3615048389,14.1718295711
0.0,-16.3613310462,14.1716785993
0.0,-16.3611391527,14.1715501826
0.0,-16.3608241239,14.1714042145
0.0,-16.3603877986,14.1714727244
0.0,-16.3599795414,14.1716378335
0.0,-16.3596214853,14.1718905892
0.0,-16.3593221693,14.1721722845
0.0,-16.3588701022,14.17263552
0.0,-16.358402074,14.173267998
0.0,-16.3581143933,14.1737901595
0.0,-16.3579975843,14.1741017676
0.0,-16.3579424,14.1743517761
0.0,-16.3579161807,14.1746062352
0.0,-16.3579319703,14.1750211835
0.0,-16.358053952,14.175485871
0.0,-16.3581710353,14.1756769163
0.0,-16.358317905,14.1758621529
0.0,-16.3584150436,14.1759561044
0.0,-16.3585614106,14.1760800353
0.0,-16.3587502647,14.1762049166
0.0,-16.3589535671,14.1763059218
0.0,-16.3591542053,14.1763592056
0.0,-16.3593621237,14.1763992419
0.0,-16.3595314292,14.176395598
0.0,-16.3597748745,14.1763807148
0.0,-16.3599663386,14.1762526719
0.0,-16.3601403498,14.1761027834
0.0,-16.360363032,14.175841972
0.0,-16.3604199094,14.17572441
0.0,-16.3605663378,14.1755262228
0.0,-16.360775452,14.1753343174
0.0,-16.3609364911,14.1752330339
0.0,-16.3612949814,14.1751037969
0.0,-16.3615806585,14.1750761578
0.0,-16.3618656783,14.175109638
0.0,-16.3622213106,14.1752461838
0.0,-16.3625217136,14.1754766996
0.0,-16.3627415357,14.1757817318
0.0,-16.3632278351,14.1770095826
0.0,-16.3632624329,14.1775230926
0.0,-16.3632614567,14.1777790236
0.0,-16.3632431209,14.1780217913
0.0,-16.3632471043,14.178285508
0.0,-16.3632636839,14.178427094
0.0,-16.3632879191,14.1785607638
0.0,-16.3633508205,14.1787621861
0.0,-16.363404774,14.178884702
0.0,-16.3634048764,14.1788849338
0.0,-16.3634690398,14.1790040135
0.0,-16.3635454959,14.1791216709
0.0,-16.3635530262,14.1791332593
0.0,-16.3636183127,14.1792171541
0.0,-16.3637172068,14.1793247213
0.0,-16.3638453265,14.1794419409
0.0,-16.3640746221,14.179598282
0.0,-16.364208491,14.1796679205
0.0,-16.364462131,14.17975877
0.0,-16.3646186279,14.1797963335
0.0,-16.3648586544,14.1798207666
0.0,-16.3648644893,14.1798213608
0.0,-16.365048752,14.1798187295
0.0,-16.3652712821,14.1797854889
0.0,-16.3654169685,14.1797830681
0.0,-16.3656208716,14.1797918373
0.0,-16.3659068436,14.1798358603
0.0,-16.3660930108,14.1798882712
0.0,-16.3662816151,14.1799597731
0.0,-16.3664785073,14.1800577634
0.0,-16.3666197585,14.1801416227
0.0,-16.3667187429,14.1802047367
0.0,-16.3668724171,14.180347889
0.0,-16.3669789088,14.1804981857
0.0,-16.3670437909,14.1806409556
0.0,-16.3670833231,14.1808242291
0.0,-16.3670920087,14.1810260949
0.0,-16.3670405068,14.1812545477
0.0,-16.3669740998,14.1813966499
0.0,-16.3666397185,14.182303572
0.0,-16.3662875424,14.1832504425
0.0,-16.3660922972,14.1837753788
0.0,-16.3656877267,14.1845573861
0.0,-16.3655705085,14.1846524013
0.0,-16.3654258593,14.1846991982
0.0,-16.3653239387,14.1847001225
0.0,-16.3650910241,14.1846054899
0.0,-16.364926341,14.1844896402
0.0,-16.3646710664,14.1842431185
0.0,-16.3644699613,14.1839472546
0.0,-16.3643292589,14.1838767587
0.0,-16.3641318796,14.1837778649
0.0,-16.3639341845,14.1837655646
0.0,-16.3637415454,14.1838106215
0.0,-16.3635174753,14.1839454377
0.0,-16.3631343884,14.1842959661
0.0,-16.3628092922,14.1847406389
0.0,-16.3627493768,14.1849013935
0.0,-16.3626403733,14.1850736139
0.0,-16.3624373772,14.185303404
0.0,-16.3621047491,14.1855440409
0.0,-16.3618941795,14.1856095122
0.0,-16.3616003517,14.1856030131
0.0,-16.361329782,14.1854910431
0.0,-16.3611471795,14.1851999705
0.0,-16.3610513493,14.184842074
0.0,-16.3608043291,14.1844710781
0.0,-16.3605628476,14.1842369371
0.0,-16.3603242172,14.1840762219
0.0,-16.3600772325,14.1839532263
0.0,-16.3599707938,14.1839144359
0.0,-16.3597516697,14.1838560822
0.0,-16.3594134595,14.1838180534
0.0,-16.3590405967,14.1838268225
0.0,-16.3587094552,14.1839222821
0.0,-16.3584873668,14.1840530029
0.0,-16.3584072983,14.1842328588
0.0,-16.3583337689,14.1844413339
0.0,-16.3583202907,14.1846917777
0.0,-16.3584339046,14.1854232667
0.0,-16.3584182795,14.1856525166
0.0,-16.3583405409,14.1859237216
0.0,-16.3582074036,14.1861391318
0.0,-16.3580271704,14.1863190031
0.0,-16.3577305112,14.1864873053
0.0,-16.3573003245,14.1865907912
0.0,-16.35670378,14.1866526375
0.0,-16.3562776701,14.186624631
0.0,-16.3560338334,14.1867220915
0.0,-16.3558469788,14.186903361
0.0,-16.3555786099,14.1871569991
0.0,-16.3554359622,14.1872210628
0.0,-16.3553103806,14.1872605487
0.0,-16.3551017996,14.1873261314
0.0,-16.3545859444,14.1875340764
0.0,-16.3539108033,14.1880145106
0.0,-16.3543776356,14.1886477971
0.0,-16.3546781806,14.1890346574
0.0,-16.3550834135,14.1895187708
0.0,-16.3555500307,14.1900524572
0.0,-16.3556003356,14.1901099934
0.0,-16.3557333944,14.1902498886
0.0,-16.3562936255,14.1908389036
0.0,-16.3563412979,14.1908848043
0.0,-16.3566138638,14.1911472389
0.0,-16.3569844706,14.1915040688
0.0,-16.3571083026,14.1916162718
0.0,-16.3571527266,14.1916565238
0.0,-16.3574330382,14.1919105111
0.0,-16.3576240003,14.1920675612
0.0,-16.3581657612,14.1925131096
0.0,-16.3582134585,14.1925523358
0.0,-16.3582185247,14.1925562022
0.0,-16.359098792,14.1932280057
0.0,-16.3591245739,14.1932476814
0.0,-16.3596131685,14.1935803511
0.0,-16.3601287265,14.1939277909
0.0,-16.3606182695,14.1942366272
0.0,-16.3611314033,14.1945210045
0.0,-16.3617715996,14.1948857775
0.0,-16.3626086086,14.1953078751
0.0,-16.3642323924,14.1967053774
0.0,-16.3642477893,14.1967707127
0.0,-16.3642513113,14.1967807908
0.0,-16.3643548159,14.1970769487
0.0,-16.3645142807,14.1973254156
0.0,-16.3646041301,14.1974310978
0.0,-16.3646118466,14.1974374484
0.0,-16.3648034373,14.1975951373
0.0,-16.3649288074,14.1976722606
0.0,-16.3650650133,14.1977394137
0.0,-16.3652542591,14.1978041263
0.0,-16.3654509861,14.1978420689
0.0,-16.3656512368,14.1978524765
0.0,-16.3658083205,14.1978403388
0.0,-16.3659563377,14.1978135154
0.0,-16.3661408873,14.1977580351
0.0,-16.366415006,14.1976201268
0.0,-16.3667123382,14.1974942195
0.0,-16.3669218371,14.1974418387
0.0,-16.367136447,14.1974157481
0.0,-16.3674603844,14.1974267035
0.0,-16.3676511011,14.1974624241
0.0,-16.3676567573,14.1974641997
0.0,-16.3678636302,14.1975291558
0.0,-16.3678779049,14.1975336383
0.0,-16.3679359741,14.1975639298
0.0,-16.3680670195,14.1976446185
0.0,-16.3681936718,14.1977442583
0.0,-16.3682852955,14.1978466917
0.0,-16.3683825871,14.1979554619
0.0,-16.3685203685,14.1982014436
0.0,-16.368580695,14.1984109748
0.0,-16.3686193006,14.1987503398
0.0,-16.3685477233,14.1991169263
0.0,-16.3680167195,14.1998590599
0.0,-16.3676643977,14.2007636856
0.0,-16.3676765264,14.2011917744
0.0,-16.367781186,14.2015422613
0.0,-16.3679245864,14.2020652203
0.0,-16.3682367473,14.2025352975
0.0,-16.3683715111,14.2029850407
0.0,-16.3683203689,14.2038532305
0.0,-16.3679607141,14.205635086
0.0,-16.3677096455,14.2068280123
0.0,-16.3676394044,14.2071617548
0.0,-16.3674367742,14.2081133262
0.0,-16.3670453633,14.2099514375
0.0,-16.3658113299,14.2132729756
0.0,-16.3658119792,14.213278496
0.0,-16.3658092714,14.2132857277
0.0,-16.3658331874,14.2134588986
0.0,-16.3662184605,14.2162485192
0.0,-16.3685135947,14.2203135055
0.0,-16.3698072373,14.2226046371
0.0,-16.3698383419,14.2226597248
0.0,-16.3700746684,14.2237500179
0.0,-16.3701681523,14.2241813008
0.0,-16.3701531035,14.225709073
0.0,-16.3697961639,14.2268109195
0.0,-16.3688938856,14.2277482459
0.0,-16.3678084795,14.2281840617
0.0,-16.366887974,14.2280964003
0.0,-16.3660737321,14.2280507257
0.0,-16.3651852434,14.2276557683
0.0,-16.3644123887,14.2268729864
0.0,-16.3637980891,14.2249705091
0.0,-16.3631123746,14.2223665928
0.0,-16.3615312458,14.2224869323
0.0,-16.3602607749,14.2223314536
0.0,-16.3588952076,14.2223514227
0.0,-16.357638824,14.2235256746
0.0,-16.3561750678,14.2256038911
0.0,-16.3548456365,14.2278811925
0.0,-16.3544888929,14.22871727
0.0,-16.354493266,14.2288401592
0.0,-16.3545192532,14.2295704812
0.0,-16.3545715123,14.2302339962
0.0,-16.3545803458,14.2303461572
0.0,-16.3550422395,14.2313757338
0.0,-16.3560799893,14.2324794872
0.0,-16.3573966154,14.2332584575
0.0,-16.3588834986,14.2336491543
0.0,-16.3604882583,14.2336950943
0.0,-16.361456887,14.2338144954
0.0,-16.3629091442,14.234574766
0.0,-16.3633970239,14.2352018902
0.0,-16.3634261746,14.2352393609
0.0,-16.36388091,14.2360585222
0.0,-16.3638850214,14.2361305521
0.0,-16.3638956068,14.2363160185
0.0,-16.363799674,14.236805476
0.0,-16.3637881194,14.2368644284
0.0,-16.3637628446,14.2368831056
0.0,-16.3630995295,14.2373732742
0.0,-16.3624258739,14.2373412941
0.0,-16.3619648916,14.2373194085
0.0,-16.3611177951,14.2373110687
0.0,-16.3602148454,14.2374855836
0.0,-16.3600596745,14.2375395216
0.0,-16.3585644626,14.2380592533
0.0,-16.3562095614,14.2390888694
0.0,-16.354609454,14.2397884539
0.0,-16.3545285876,14.239823809
0.0,-16.3540925416,14.2402114953
0.0,-16.3541305772,14.2405730924
0.0,-16.3542647682,14.2409504353
0.0,-16.3543126376,14.2410850415
0.0,-16.3543404317,14.2411631982
0.0,-16.3552256471,14.2418834065
0.0,-16.3554772296,14.242204155
0.0,-16.3558966766,14.2428992467
0.0,-16.3560986303,14.2432339133
0.0,-16.3561381289,14.2434450142
0.0,-16.3561532803,14.2435259878
0.0,-16.3562970982,14.2444972872
0.0,-16.3563105227,14.2445879538
0.0,-16.3560948016,14.2450530181
0.0,-16.3558883161,14.2456202547
0.0,-16.3558215872,14.2456420277
0.0,-16.3532550707,14.2464794517
0.0,-16.3532563225,14.2464826699
0.0,-16.3538341276,14.2479680514
0.0,-16.353830007,14.2479888585
0.0,-16.3538343178,14.2479999401
0.0,-16.3529436151,14.2524976626
0.0,-16.3508771128,14.2572110864
0.0,-16.3500639804,14.2577810906
0.0,-16.349215965,14.2584089442
0.0,-16.3491429029,14.258426757
0.0,-16.3490730512,14.2584757218
0.0,-16.3483543422,14.2602340109
0.0,-16.3471551226,14.267637174
0.0,-16.3423317669,14.2719082221
0.0,-16.339099376,14.2719264109
0.0,-16.3355217229,14.2709287313
0.0,-16.332878949,14.2712337734
0.0,-16.3222648547,14.269212302
0.0,-16.3220566435,14.2692730693
0.0,-16.3215004998,14.2691204177
0.0,-16.3214277874,14.2691342611
0.0,-16.3208582282,14.2692426992
0.0,-16.3201130603,14.2704006619
0.0,-16.3199748936,14.2713545758
0.0,-16.3198552268,14.2722338522
0.0,-16.3192638924,14.2726620832
0.0,-16.3187953224,14.2727989607
0.0,-16.3172740781,14.2732433358
0.0,-16.3162933394,14.2733593198
0.0,-16.3159912539,14.2733950438
0.0,-16.3130940496,14.2744342639
0.0,-16.3116616342,14.2752691534
0.0,-16.3113733995,14.2754184254
0.0,-16.3097618922,14.2762951678
0.0,-16.3069424462,14.2778628084
0.0,-16.306045158,14.2784908431
0.0,-16.3058689894,14.2786141472
0.0,-16.3055150006,14.2793047331
0.0,-16.3049816991,14.2816040712
0.0,-16.3048959277,14.2842933473
0.0,-16.3048948529,14.2843270334
0.0,-16.3042336345,14.2852743998
0.0,-16.3035710161,14.2862237621
0.0,-16.3009436689,14.287675789
0.0,-16.3008441525,14.2877307863
0.0,-16.3001761459,14.2879591429
0.0,-16.2923776897,14.2908380013
0.0,-16.292134931,14.291031227
0.0,-16.2896758567,14.2929885092
0.0,-16.2866388735,14.2969151557
0.0,-16.2861691626,14.2974888449
0.0,-16.2821731117,14.2962217319
0.0,-16.2779670425,14.302551715
0.0,-16.2772107596,14.3021410401
0.0,-16.2646462684,14.2953177061
0.0,-16.2613831289,14.296933373
0.0,-16.2602540042,14.2974924176
0.0,-16.2602679126,14.2975171203
0.0,-16.260861721,14.2985717847
0.0,-16.252638997,14.3101274263
0.0,-16.2509631985,14.3108211507
0.0,-16.2509632683,14.3108337564
0.0,-16.2509072678,14.3108692777
0.0,-16.2507947943,14.3108973254
0.0,-16.2500586786,14.3108722191
0.0,-16.2523152512,14.3202625647
0.0,-16.2517270232,14.3206754967
0.0,-16.2484374116,14.322807672
0.0,-16.244295844,14.3254919296
0.0,-16.2446511922,14.3257976216
0.0,-16.2467675713,14.3274477295
0.0,-16.2466444762,14.3275305229
0.0,-16.2456024571,14.3282313753
0.0,-16.2423456813,14.3285573323
0.0,-16.2388497738,14.3284743683
0.0,-16.2324578868,14.3283737509
0.0,-16.2307200205,14.3277165024
0.0,-16.2260251537,14.3274000311
0.0,-16.2242319713,14.3272791316
0.0,-16.2181408365,14.3271739186
0.0,-16.2143646219,14.3266700344
0.0,-16.2142443756,14.3266539878
0.0,-16.2063465672,14.3256515892
0.0,-16.2043433685,14.3253972974
0.0,-16.2018400271,14.3239816207
0.0,-16.1971135399,14.3228151917
0.0,-16.1948782886,14.3233611615
0.0,-16.193948646,14.3248559177
0.0,-16.1939485973,14.3248559957
0.0,-16.1933223692,14.334875735
0.0,-16.1919883284,14.3395185542
0.0,-16.1902804386,14.3427948575
0.0,-16.189637477,14.3445804093
0.0,-16.1880493597,14.3469752373
0.0,-16.1867731163,14.3488997272
0.0,-16.1853678264,14.3501427418
0.0,-16.1832702816,14.351998035
0.0,-16.1824611362,14.3521632128
0.0,-16.1823694635,14.3521819264
0.0,-16.1824171752,14.3528394692
0.0,-16.1824759926,14.3536500512
0.0,-16.1815577979,14.3555396729
0.0,-16.178619537,14.3572273812
0.0,-16.1778907956,14.3576459542
0.0,-16.1744248466,14.3596366665
0.0,-16.1717290507,14.3609271245
0.0,-16.1700557038,14.3613291477
0.0,-16.1654933625,14.3624251896
0.0,-16.1636032183,14.3624600763
0.0,-16.1553205192,14.3623692165
0.0,-16.1504814842,14.362395017
0.0,-16.1479552364,14.3631579275
0.0,-16.1480711606,14.3614427719
0.0,-16.1448713063,14.3616068409
0.0,-16.141822347,14.3614729705
0.0,-16.1372492841,14.3613463815
0.0,-16.1334375254,14.361067477
0.0,-16.1261203279,14.3608051978
0.0,-16.123813974,14.3606363411
0.0,-16.1235474948,14.3607559537
0.0,-16.11976204,14.3623587908
0.0,-16.1138088702,14.3639717743
0.0,-16.1059653752,14.366914216
0.0,-16.1054882479,14.367760976
0.0,-16.1054638332,14.367804305
0.0,-16.1033499482,14.3672456647
0.0,-16.1033377972,14.3672424533
0.0,-16.1005389396,14.3701025924
0.0,-16.0969256575,14.3736586289
0.0,-16.0885362043,14.377469479
0.0,-16.0830901986,14.3774944638
0.0,-16.0806813652,14.3751048654
0.0,-16.0804361191,14.3719648163
0.0,-16.0816899684,14.3704558627
0.0,-16.0837413782,14.367987026
