103,6,44,27,78,
0,-13.063121,12.510110,-13.042201,12.482039,-13.029663,12.483420
0,-13.088488,12.631228,-13.093083,12.628595,-13.089035,12.629668
0,-13.084045,12.800870,-13.084087,12.799537,-13.077444,12.801329
0,-13.033651,12.806465,-13.033629,12.805163,-13.030052,12.811928
0,-13.111670,12.785006,-13.110141,12.788710,-13.111835,12.786300
0,-13.061694,12.541048,-13.063637,12.539607,-13.064891,12.538025
0,-12.984504,12.808004,-12.975830,12.810238,-12.979240,12.812329
0,-12.612860,12.711795,-12.617151,12.719781,-12.613766,12.710772
0,-12.799555,12.724259,-12.790945,12.719782,-12.795928,12.722569
0,-12.724527,12.536145,-12.730404,12.525656,-12.730234,12.525738
0,-12.803860,12.519773,-12.845628,12.518705,-12.834163,12.515803
0,-13.052394,12.559094,-13.050319,12.564673,-13.051457,12.563769
0,-13.022383,12.481587,-13.021156,12.481975,-13.025379,12.481961
0,-12.927922,12.766535,-12.905623,12.549275,-12.890716,12.553144
0,-13.064891,12.538025,-13.065074,12.528273,-13.061694,12.541048
0,-13.054499,12.483275,-13.065633,12.494012,-13.063951,12.488830
0,-13.050777,12.481604,-13.047413,12.481264,-13.051665,12.482125
0,-12.904124,12.549146,-12.893672,12.551568,-12.892137,12.552541
0,-12.940896,12.514363,-12.939970,12.518631,-12.944768,12.526088
0,-13.052095,12.482269,-13.045155,12.481816,-13.043598,12.482202
0,-13.041867,12.584768,-12.939738,12.537465,-13.043143,12.598542
0,-13.114486,12.635471,-13.116590,12.636019,-13.115850,12.635219
0,-13.092732,12.627625,-13.089656,12.626600,-13.089114,12.627744
0,-13.052394,12.559094,-13.049365,12.565480,-13.050319,12.564673
0,-13.103092,12.633013,-13.095292,12.628592,-13.094158,12.628891
0,-13.100868,12.628831,-13.099310,12.626732,-13.097714,12.627163
0,-13.092732,12.627625,-13.091494,12.625754,-13.089656,12.626600
0,-13.106470,12.635469,-13.115743,12.641067,-13.108151,12.635869
0,-13.106470,12.635469,-13.104655,12.634416,-13.074830,12.641245
0,-13.112563,12.782491,-13.113565,12.781495,-13.113217,12.772553
0,-13.060589,12.642868,-13.071542,12.643987,-13.062136,12.642762
0,-13.108308,12.791309,-13.106304,12.793202,-13.108062,12.792084
0,-13.078976,12.804102,-13.080422,12.805286,-13.083569,12.803913
0,-13.105079,12.793274,-13.106304,12.793202,-13.108308,12.791309
0,-13.032590,12.809916,-13.033651,12.806465,-13.030052,12.811928
0,-12.992731,12.824290,-12.989591,12.826036,-12.994182,12.842955
0,-13.113310,12.752606,-13.112974,12.750760,-13.109154,12.741892
0,-13.048479,12.795880,-13.049972,12.795161,-13.044694,12.796106
0,-13.089217,12.704030,-13.090038,12.705013,-13.089721,12.704414
0,-12.895108,12.788102,-12.855603,12.763308,-12.855452,12.766855
0,-12.889731,12.553118,-12.887494,12.552269,-12.879580,12.550065
0,-12.812308,12.731004,-12.829024,12.745952,-12.851901,12.756815
0,-12.983704,12.810357,-12.984504,12.808004,-12.979240,12.812329
0,-12.895108,12.788102,-12.897405,12.786528,-12.855603,12.763308
0,-12.785314,12.716735,-12.778191,12.713228,-12.782074,12.715431
0,-12.778191,12.713228,-12.785314,12.716735,-12.776446,12.712000
0,-12.639011,12.682028,-12.664358,12.739251,-12.698504,12.709739
0,-12.838087,12.764655,-12.838838,12.765936,-12.846237,12.764922
0,-12.699705,12.713516,-12.698357,12.711589,-12.688450,12.735696
0,-12.924778,12.544517,-12.908945,12.547991,-12.905623,12.549275
0,-12.939970,12.518631,-12.939995,12.522454,-12.942060,12.524214
0,-12.803860,12.519773,-12.834163,12.515803,-12.805415,12.519007
0,-13.043611,12.572001,-13.052896,12.547375,-12.946189,12.529027
0,-12.925890,12.543621,-12.924778,12.544517,-12.927665,12.542478
0,-12.970051,12.466837,-12.969353,12.466678,-12.967578,12.467875
0,-13.039310,12.481159,-13.038011,12.480219,-13.032268,12.482002
0,-12.834163,12.515803,-12.806645,12.518436,-12.805415,12.519007
0,-12.941763,12.489741,-12.961783,12.474908,-12.958353,12.475036
0,-12.854794,12.521444,-12.848475,12.519333,-12.856975,12.522474
0,-12.827004,12.511629,-12.826157,12.511852,-12.834163,12.515803
0,-13.056421,12.483362,-13.063951,12.488830,-13.059682,12.484108
0,-13.063951,12.488830,-13.056421,12.483362,-13.054499,12.483275
0,-13.059682,12.484108,-13.058663,12.483631,-13.056421,12.483362
0,-13.043598,12.482202,-13.054499,12.483275,-13.052095,12.482269
0,-13.032268,12.482002,-13.040464,12.481827,-13.039310,12.481159
0,-13.043598,12.482202,-13.064073,12.502127,-13.054499,12.483275
0,-13.017746,12.481733,-13.014113,12.480423,-13.008161,12.480596
0,-13.024362,12.481393,-13.023285,12.481286,-13.022383,12.481587
0,-12.946189,12.529027,-13.001466,12.480465,-12.946260,12.528250
0,-13.052565,12.549849,-13.052896,12.547375,-13.043611,12.572001
0,-12.965303,12.471781,-12.963595,12.473892,-12.974657,12.468209
0,-12.998984,12.480329,-12.946260,12.528250,-13.000013,12.480386
0,-12.970051,12.466837,-12.967578,12.467875,-12.966647,12.469278
0,-12.941763,12.489741,-12.941321,12.492124,-12.961783,12.474908
0,-13.005494,12.480586,-13.003333,12.480506,-13.052896,12.547375
0,-13.001466,12.480465,-13.000013,12.480386,-12.946260,12.528250
0,-12.944613,12.475899,-12.943134,12.476873,-12.942961,12.477793
0,-12.940670,12.496484,-12.961783,12.474908,-12.941321,12.492124
0,-13.053337,12.546185,-13.020030,12.482464,-13.052896,12.547375
0,-13.014113,12.480423,-13.011357,12.480050,-13.008161,12.480596
0,-13.003333,12.480506,-13.003051,12.480500,-13.052896,12.547375
0,-13.052487,12.556564,-13.052413,12.555370,-13.048411,12.566340
0,-13.052368,12.552703,-13.052545,12.551186,-13.052565,12.549849
0,-12.996397,12.479416,-12.994845,12.477940,-12.961783,12.474908
0,-12.879788,12.538236,-12.879550,12.536933,-12.878423,12.535198
0,-13.049398,12.609841,-13.048106,12.609036,-13.048896,12.613977
0,-13.058545,12.641678,-13.048262,12.624872,-12.931311,12.767216
0,-13.050591,12.625974,-13.059012,12.639575,-13.052183,12.626094
0,-13.074012,12.642287,-13.073195,12.643239,-13.106470,12.635469
0,-13.065074,12.528273,-13.065012,12.526754,-13.064620,12.524953
0,-13.020030,12.482464,-13.028440,12.483357,-13.027561,12.482926
0,-13.063951,12.488830,-13.065633,12.494012,-13.065437,12.491895
0,-13.078522,12.634907,-13.075873,12.638314,-13.080209,12.634531
0,-13.089114,12.627744,-13.089035,12.629668,-13.092732,12.627625
0,-13.065812,12.497141,-13.065633,12.494012,-13.064872,12.499791
0,-13.081676,12.633999,-13.075421,12.639785,-13.074830,12.641245
0,-13.115437,12.640098,-13.116620,12.636896,-13.114486,12.635471
0,-13.080209,12.634531,-13.075873,12.638314,-13.075421,12.639785
0,-13.073195,12.643239,-13.071542,12.643987,-13.089901,12.702436
0,-13.150599,12.659826,-13.147628,12.655679,-13.134484,12.688302
0,-13.108231,12.736019,-13.108052,12.735232,-13.107171,12.732414
0,-13.089901,12.702436,-13.092649,12.703036,-13.099258,12.702494
0,-13.109154,12.741892,-13.112382,12.747429,-13.111927,12.744154
0,-13.109154,12.741892,-13.107171,12.732414,-13.106638,12.730974
0,-13.111927,12.744154,-13.110926,12.742564,-13.109154,12.741892
0,-13.109154,12.741892,-13.106638,12.730974,-13.069355,12.789242
0,-13.094231,12.709418,-13.093445,12.708672,-13.094833,12.710282
0,-13.114820,12.760055,-13.115187,12.762733,-13.115216,12.761306
0,-13.109154,12.741892,-13.109078,12.738430,-13.108231,12.736019
0,-13.114277,12.756265,-13.113914,12.755566,-13.114411,12.756862
0,-13.087053,12.787879,-13.113701,12.754507,-13.113532,12.753765
0,-13.114003,12.768419,-13.115249,12.764298,-13.115187,12.762733
0,-13.113914,12.755566,-13.114779,12.759359,-13.114658,12.758346
0,-13.113306,12.770529,-13.113914,12.755566,-13.087053,12.787879
0,-13.115216,12.761306,-13.115230,12.760655,-13.114820,12.760055
0,-13.114658,12.758346,-13.114411,12.756862,-13.113914,12.755566
0,-13.114142,12.780722,-13.116506,12.777403,-13.115507,12.775543
0,-13.116037,12.779741,-13.116719,12.778471,-13.116506,12.777403
0,-13.113565,12.781495,-13.114142,12.780722,-13.113217,12.772553
0,-13.115201,12.767063,-13.116215,12.765651,-13.115899,12.764863
0,-13.084226,12.798332,-13.077035,12.799866,-13.084087,12.799537
0,-13.081261,12.805546,-13.082361,12.805491,-13.083239,12.804799
0,-13.113217,12.772553,-13.115199,12.774845,-13.113869,12.772883
0,-13.113914,12.755566,-13.113306,12.770529,-13.114003,12.768419
0,-13.111884,12.788424,-13.111867,12.786996,-13.110141,12.788710
0,-13.028591,12.812647,-13.030667,12.799365,-13.028864,12.798304
0,-12.999636,12.810243,-13.000590,12.811253,-13.027870,12.797218
0,-13.027870,12.797218,-13.023856,12.814389,-13.028864,12.798304
0,-12.999949,12.816263,-12.998729,12.818495,-13.015797,12.825367
0,-13.021943,12.814946,-13.027870,12.797218,-13.000590,12.811253
0,-12.984457,12.839360,-12.988330,12.841670,-12.982670,12.835429
0,-12.982670,12.835429,-12.988330,12.841670,-12.986391,12.827782
0,-12.986391,12.827782,-12.988330,12.841670,-12.989591,12.826036
0,-12.997207,12.820903,-12.996980,12.821143,-13.014749,12.830169
0,-12.986391,12.827782,-12.985001,12.828656,-12.982670,12.835429
0,-13.069355,12.789242,-13.092281,12.707957,-13.090949,12.706366
0,-13.067928,12.789803,-13.069355,12.789242,-13.090949,12.706366
0,-13.038370,12.794218,-13.090949,12.706366,-13.089217,12.704030
0,-13.032001,12.794107,-13.035624,12.793912,-13.089217,12.704030
0,-13.082869,12.793816,-13.082306,12.791304,-13.075136,12.794489
0,-13.066724,12.790714,-13.067928,12.789803,-13.053243,12.794550
0,-13.060293,12.794444,-13.061718,12.794137,-13.064380,12.792760
0,-13.063437,12.793483,-13.064380,12.792760,-13.061718,12.794137
0,-13.082306,12.791304,-13.074021,12.792259,-13.075136,12.794489
0,-13.060293,12.794444,-13.065650,12.791722,-13.058222,12.794619
0,-13.048262,12.624872,-13.058545,12.641678,-13.049330,12.625527
0,-12.959135,12.793178,-12.960451,12.794014,-12.987742,12.801480
0,-12.817398,12.736536,-12.821331,12.740462,-12.823787,12.742334
0,-12.817398,12.736536,-12.829024,12.745952,-12.812308,12.731004
0,-12.799555,12.724259,-12.802079,12.725684,-12.804023,12.726402
0,-12.799555,12.724259,-12.807135,12.727513,-12.879580,12.550065
0,-12.876998,12.797396,-12.879267,12.799243,-12.886849,12.798242
0,-12.847921,12.760163,-12.836615,12.757226,-12.836646,12.758132
0,-12.836443,12.756558,-12.836615,12.757226,-12.848409,12.759114
0,-12.846502,12.764364,-12.838087,12.764655,-12.846237,12.764922
0,-12.905623,12.549275,-12.908945,12.547991,-12.907044,12.548672
0,-12.936391,12.777671,-12.957691,12.793285,-12.959135,12.793178
0,-12.932615,12.768516,-12.989666,12.801495,-13.029409,12.794754
0,-12.855581,12.761116,-12.855603,12.763308,-12.897405,12.786528
0,-12.875325,12.796202,-12.876998,12.797396,-12.888858,12.795131
0,-12.843661,12.769827,-12.844284,12.769582,-12.844655,12.769142
0,-12.838838,12.765936,-12.839900,12.767219,-12.845927,12.765578
0,-12.846502,12.764364,-12.847081,12.762678,-12.838087,12.764655
0,-12.684205,12.737702,-12.670591,12.740263,-12.681087,12.739744
0,-12.702068,12.725537,-12.702551,12.722414,-12.694185,12.734342
0,-12.700067,12.731074,-12.701325,12.728531,-12.698689,12.732402
0,-12.684205,12.737702,-12.698357,12.711589,-12.668255,12.739732
0,-12.681087,12.739744,-12.670591,12.740263,-12.680673,12.739969
0,-12.630913,12.691282,-12.662015,12.739422,-12.631813,12.690254
0,-12.640825,12.752574,-12.619834,12.724023,-12.637118,12.752605
0,-12.611655,12.736677,-12.613354,12.741011,-12.615129,12.727429
0,-12.659732,12.740167,-12.626409,12.696419,-12.619796,12.721644
0,-12.609623,12.715421,-12.610506,12.717431,-12.611869,12.718280
0,-12.609623,12.715421,-12.609590,12.715387,-12.608926,12.716108
0,-12.699705,12.713516,-12.691967,12.735088,-12.694185,12.734342
0,-12.617151,12.719781,-12.614670,12.709748,-12.613766,12.710772
0,-12.803860,12.519773,-12.770883,12.708762,-12.878336,12.549205
0,-12.764828,12.709604,-12.749631,12.707497,-12.751572,12.708599
0,-12.878191,12.547912,-12.878607,12.546496,-12.869376,12.526883
0,-12.760263,12.711098,-12.761694,12.711110,-12.764828,12.709604
0,-12.669585,12.647051,-12.707809,12.701713,-12.670486,12.646024
0,-12.662015,12.739422,-12.664358,12.739251,-12.636313,12.685113
0,-12.620094,12.703601,-12.619796,12.721644,-12.620997,12.702576
0,-12.644405,12.675853,-12.698504,12.709739,-12.645303,12.674824
0,-12.637212,12.684084,-12.636313,12.685113,-12.664358,12.739251
0,-12.635413,12.686142,-12.662015,12.739422,-12.636313,12.685113
0,-12.633614,12.688199,-12.662015,12.739422,-12.634514,12.687170
0,-12.647999,12.671736,-12.647101,12.672765,-12.699100,12.708468
0,-12.692166,12.621487,-12.737820,12.704843,-12.740814,12.704485
0,-12.645303,12.674824,-12.698504,12.709739,-12.699100,12.708468
0,-12.647101,12.672765,-12.646202,12.673794,-12.699100,12.708468
0,-12.742636,12.704373,-12.744323,12.704834,-12.699333,12.609986
0,-12.665082,12.652188,-12.707809,12.701713,-12.665983,12.651160
0,-12.705782,12.702908,-12.663283,12.654245,-12.662383,12.655273
0,-12.704406,12.704109,-12.659684,12.658359,-12.658785,12.659387
0,-12.679510,12.635767,-12.711129,12.701231,-12.680414,12.634742
0,-12.707809,12.701713,-12.709437,12.701344,-12.673191,12.642945
0,-12.768480,12.708422,-12.699333,12.609986,-12.744323,12.704834
0,-12.707809,12.701713,-12.672289,12.643971,-12.671388,12.644998
0,-12.690378,12.623495,-12.714636,12.701644,-12.691286,12.622475
0,-12.711129,12.701231,-12.712625,12.701180,-12.680414,12.634742
0,-12.673191,12.642945,-12.709437,12.701344,-12.674093,12.641918
0,-13.058607,12.640811,-13.049426,12.625585,-13.058545,12.641678
0,-12.892137,12.552541,-12.890716,12.553144,-12.905623,12.549275
0,-12.904124,12.549146,-12.901678,12.549073,-12.893672,12.551568
0,-12.897293,12.549825,-12.893672,12.551568,-12.901678,12.549073
0,-12.884853,12.551137,-12.883972,12.550931,-12.887494,12.552269
0,-12.879580,12.550065,-12.785314,12.716735,-12.787904,12.717969
0,-12.918187,12.545071,-12.915887,12.545098,-12.908945,12.547991
0,-12.878022,12.534680,-12.877607,12.532643,-12.873351,12.528931
0,-12.938260,12.538213,-12.934437,12.538843,-12.927665,12.542478
0,-13.043594,12.602188,-13.047743,12.608392,-13.047169,12.606399
0,-12.920543,12.544945,-12.918187,12.545071,-12.908945,12.547991
0,-12.940896,12.514363,-12.945830,12.526810,-12.940911,12.513677
0,-12.915887,12.545098,-12.912725,12.545788,-12.908945,12.547991
0,-12.879788,12.538236,-12.878423,12.535198,-12.878022,12.534680
0,-12.877607,12.532643,-12.876126,12.530435,-12.873351,12.528931
0,-12.942935,12.478715,-12.942552,12.480727,-12.947323,12.476299
0,-12.878607,12.546496,-12.878022,12.534680,-12.871089,12.527710
0,-12.834163,12.515803,-12.810400,12.516848,-12.809138,12.517359
0,-12.878191,12.547912,-12.869376,12.526883,-12.866096,12.525222
0,-12.837310,12.515747,-12.841953,12.515974,-12.839151,12.515436
0,-12.856975,12.522474,-12.856372,12.522090,-12.854794,12.521444
0,-12.832801,12.512538,-12.828853,12.511147,-12.834163,12.515803
0,-12.822138,12.512954,-12.820807,12.513337,-12.834163,12.515803
0,-12.856975,12.522474,-12.878336,12.549205,-12.878191,12.547912
0,-12.865413,12.524376,-12.863789,12.523866,-12.866096,12.525222
0,-12.848475,12.519333,-12.878336,12.549205,-12.856975,12.522474
0,-12.834163,12.515803,-12.807886,12.517887,-12.806645,12.518436
0,-12.770883,12.708762,-12.707260,12.592324,-12.769585,12.708432
0,-12.705355,12.597840,-12.699333,12.609986,-12.768480,12.708422
0,-12.819482,12.513731,-12.818163,12.514135,-12.834163,12.515803
0,-12.834163,12.515803,-12.811673,12.516357,-12.810400,12.516848
0,-12.815543,12.514981,-12.814245,12.515425,-12.834163,12.515803
0,-13.065100,12.490230,-13.063951,12.488830,-13.065437,12.491895
0,-13.064872,12.499791,-13.054499,12.483275,-13.064073,12.502127
0,-13.043598,12.482202,-13.063766,12.503779,-13.064073,12.502127
0,-13.059682,12.484108,-13.063951,12.488830,-13.063282,12.487252
0,-13.029663,12.483420,-13.063010,12.511492,-13.063121,12.510110
0,-13.029663,12.483420,-13.062924,12.513100,-13.063010,12.511492
0,-13.053337,12.546185,-13.063771,12.520428,-13.062955,12.516409
0,-13.029663,12.483420,-13.062904,12.514519,-13.062924,12.513100
0,-13.029663,12.483420,-13.062955,12.516409,-13.062904,12.514519
0,-13.063422,12.506804,-13.063541,12.505567,-13.043598,12.482202
0,-13.063121,12.510110,-13.063422,12.506804,-13.042201,12.482039
0,-13.063121,12.510110,-13.063393,12.508187,-13.063422,12.506804
0,-13.067406,12.533831,-13.066982,12.531432,-13.066208,12.530451
0,-13.064891,12.538025,-13.066208,12.530451,-13.065074,12.528273
0,-13.061694,12.541048,-13.065074,12.528273,-13.058756,12.542699
0,-13.066767,12.535571,-13.067406,12.533831,-13.066208,12.530451
0,-13.065708,12.537028,-13.066767,12.535571,-13.066208,12.530451
0,-13.065708,12.537028,-13.066208,12.530451,-13.064891,12.538025
0,-13.055014,12.544742,-13.065074,12.528273,-13.064620,12.524953
0,-13.063771,12.520428,-13.064193,12.523106,-13.063983,12.521532
0,-13.055014,12.544742,-13.064620,12.524953,-13.064193,12.523106
0,-13.029663,12.483420,-13.028440,12.483357,-13.062955,12.516409
0,-13.063771,12.520428,-13.063394,12.517939,-13.062955,12.516409
0,-13.020030,12.482464,-13.008161,12.480596,-13.005494,12.480586
0,-13.052565,12.549849,-13.052788,12.548341,-13.052896,12.547375
0,-13.047355,12.567282,-13.052368,12.552703,-13.045628,12.569277
0,-13.052731,12.560804,-13.052394,12.559094,-13.051457,12.563769
0,-13.045628,12.569277,-13.052368,12.552703,-13.052565,12.549849
0,-13.047355,12.567282,-13.048411,12.566340,-13.052413,12.555370
0,-13.052607,12.562548,-13.052731,12.560804,-13.051457,12.563769
0,-13.052394,12.559094,-13.048411,12.566340,-13.049365,12.565480
0,-13.047355,12.567282,-13.045628,12.569277,-13.046491,12.568378
0,-13.052487,12.556564,-13.048411,12.566340,-13.052394,12.559094
0,-13.052349,12.554077,-13.052368,12.552703,-13.047355,12.567282
0,-13.052413,12.555370,-13.052349,12.554077,-13.047355,12.567282
0,-13.054499,12.483275,-13.064872,12.499791,-13.065633,12.494012
0,-13.065074,12.528273,-13.055014,12.544742,-13.058756,12.542699
0,-13.064193,12.523106,-13.063771,12.520428,-13.055014,12.544742
0,-13.055014,12.544742,-13.063771,12.520428,-13.053337,12.546185
0,-13.059682,12.484108,-13.063282,12.487252,-13.062829,12.486327
0,-13.059682,12.484108,-13.062829,12.486327,-13.062192,12.485482
0,-13.052968,12.482559,-13.052095,12.482269,-13.054499,12.483275
0,-13.051665,12.482125,-13.045155,12.481816,-13.052095,12.482269
0,-13.048730,12.481101,-13.047413,12.481264,-13.050777,12.481604
0,-13.045865,12.481649,-13.045155,12.481816,-13.051665,12.482125
0,-13.048730,12.481101,-13.050777,12.481604,-13.049989,12.481173
0,-13.047413,12.481264,-13.045865,12.481649,-13.051665,12.482125
0,-12.963595,12.473892,-12.982820,12.469915,-12.979665,12.468861
0,-12.991086,12.471658,-12.992450,12.474876,-12.992056,12.472243
0,-12.988364,12.471447,-12.992450,12.474876,-12.991086,12.471658
0,-12.972473,12.467551,-12.966381,12.470379,-12.974657,12.468209
0,-12.993305,12.476103,-12.985208,12.470439,-12.982820,12.469915
0,-12.992450,12.474876,-12.988364,12.471447,-12.985208,12.470439
0,-12.985208,12.470439,-12.993305,12.476103,-12.992450,12.474876
0,-12.982820,12.469915,-12.994845,12.477940,-12.993305,12.476103
0,-12.965303,12.471781,-12.974657,12.468209,-12.966381,12.470379
0,-12.977058,12.468182,-12.974657,12.468209,-12.979665,12.468861
0,-12.972473,12.467551,-12.970051,12.466837,-12.966647,12.469278
0,-12.972473,12.467551,-12.966647,12.469278,-12.966381,12.470379
0,-12.963595,12.473892,-12.979665,12.468861,-12.974657,12.468209
0,-12.994845,12.477940,-12.982820,12.469915,-12.963595,12.473892
0,-12.994845,12.477940,-12.963595,12.473892,-12.961783,12.474908
0,-12.942961,12.477793,-12.945597,12.475979,-12.944613,12.475899
0,-12.951223,12.476220,-12.955356,12.474869,-12.954041,12.474787
0,-12.942003,12.484998,-12.951223,12.476220,-12.949677,12.476362
0,-12.942003,12.484998,-12.949677,12.476362,-12.942341,12.482940
0,-12.939970,12.518631,-12.940896,12.514363,-12.939964,12.517058
0,-12.951223,12.476220,-12.941763,12.489741,-12.958353,12.475036
0,-12.951223,12.476220,-12.956900,12.474998,-12.955356,12.474869
0,-12.951223,12.476220,-12.958353,12.475036,-12.956900,12.474998
0,-13.015383,12.480360,-13.014113,12.480423,-13.016685,12.480975
0,-13.017746,12.481733,-13.008161,12.480596,-13.018672,12.482075
0,-13.020030,12.482464,-13.005494,12.480586,-13.052896,12.547375
0,-13.003051,12.480500,-13.001466,12.480465,-13.052896,12.547375
0,-12.946189,12.529027,-12.945658,12.531092,-13.043611,12.572001
0,-12.945658,12.531092,-12.942948,12.535158,-13.041931,12.576345
0,-13.022383,12.481587,-13.025379,12.481961,-13.024362,12.481393
0,-13.021156,12.481975,-13.020030,12.482464,-13.026350,12.482393
0,-13.008161,12.480596,-13.020030,12.482464,-13.018672,12.482075
0,-13.030513,12.482975,-13.029663,12.483420,-13.040464,12.481827
0,-13.016685,12.480975,-13.014113,12.480423,-13.017746,12.481733
0,-13.053337,12.546185,-13.028440,12.483357,-13.020030,12.482464
0,-13.053337,12.546185,-13.062955,12.516409,-13.028440,12.483357
0,-13.021156,12.481975,-13.026350,12.482393,-13.025379,12.481961
0,-13.020030,12.482464,-13.027561,12.482926,-13.026350,12.482393
0,-13.036159,12.479536,-13.033993,12.480054,-13.038011,12.480219
0,-13.032268,12.482002,-13.038011,12.480219,-13.033993,12.480054
0,-13.032268,12.482002,-13.030513,12.482975,-13.040464,12.481827
0,-13.032268,12.482002,-13.031511,12.482304,-13.030513,12.482975
0,-13.032268,12.482002,-13.033993,12.480054,-13.032753,12.481084
0,-13.029663,12.483420,-13.042201,12.482039,-13.040464,12.481827
0,-13.063541,12.505567,-13.063766,12.503779,-13.043598,12.482202
0,-13.038011,12.480219,-13.036950,12.479506,-13.036159,12.479536
0,-13.033993,12.480054,-13.036159,12.479536,-13.034649,12.479697
0,-13.052565,12.549849,-13.044522,12.570688,-13.045628,12.569277
0,-13.052565,12.549849,-13.043611,12.572001,-13.044522,12.570688
0,-13.042201,12.482039,-13.063422,12.506804,-13.043598,12.482202
0,-13.044941,12.602903,-13.043594,12.602188,-13.045809,12.603750
0,-13.043594,12.602188,-13.047169,12.606399,-13.046592,12.604867
0,-13.046592,12.604867,-13.045809,12.603750,-13.043594,12.602188
0,-13.050136,12.610732,-13.049398,12.609841,-13.050303,12.611745
0,-13.049398,12.609841,-13.049852,12.612935,-13.050303,12.611745
0,-13.049398,12.609841,-13.048896,12.613977,-13.049852,12.612935
0,-13.048106,12.609036,-13.047743,12.608392,-13.047651,12.615612
0,-13.047743,12.608392,-13.043594,12.602188,-13.047651,12.615612
0,-13.042885,12.587686,-13.042205,12.586244,-13.043593,12.594967
0,-13.043926,12.589862,-13.043593,12.594967,-13.044291,12.592812
0,-13.044596,12.591304,-13.043926,12.589862,-13.044291,12.592812
0,-13.044291,12.592812,-13.043593,12.594967,-13.044218,12.593869
0,-12.945658,12.531092,-13.043125,12.572919,-13.043611,12.572001
0,-12.945658,12.531092,-13.042536,12.574189,-13.043125,12.572919
0,-12.945658,12.531092,-13.041931,12.576345,-13.042536,12.574189
0,-13.041641,12.579380,-13.041766,12.582273,-13.041900,12.580439
0,-13.041612,12.578367,-12.942408,12.536021,-13.041641,12.579380
0,-12.942948,12.535158,-12.942408,12.536021,-13.041931,12.576345
0,-13.041931,12.576345,-12.942408,12.536021,-13.041612,12.578367
0,-13.043926,12.589862,-13.043520,12.588847,-13.043593,12.594967
0,-13.041766,12.582273,-13.041867,12.584768,-13.042023,12.583567
0,-13.041867,12.584768,-13.041766,12.582273,-12.942408,12.536021
0,-13.041641,12.579380,-12.942408,12.536021,-13.041766,12.582273
0,-13.043593,12.594967,-13.043520,12.588847,-13.042885,12.587686
0,-13.041867,12.584768,-12.942408,12.536021,-12.939738,12.537465
0,-13.042205,12.586244,-13.043143,12.598542,-13.043593,12.594967
0,-13.042205,12.586244,-13.041867,12.584768,-13.043143,12.598542
0,-13.048262,12.624872,-13.047318,12.623112,-12.929965,12.766610
0,-13.047318,12.623112,-12.905623,12.549275,-12.929965,12.766610
0,-13.048106,12.609036,-13.047651,12.615612,-13.048896,12.613977
0,-13.043594,12.602188,-13.043200,12.600757,-12.924778,12.544517
0,-13.047277,12.617679,-13.047318,12.623112,-13.047460,12.620257
0,-12.924778,12.544517,-12.905623,12.549275,-13.047318,12.623112
0,-13.043594,12.602188,-13.047277,12.617679,-13.047651,12.615612
0,-13.043594,12.602188,-13.047318,12.623112,-13.047277,12.617679
0,-13.052183,12.626094,-13.055122,12.627028,-13.053500,12.625941
0,-13.078522,12.634907,-13.075768,12.636424,-13.075873,12.638314
0,-13.055122,12.627028,-13.054528,12.626328,-13.053500,12.625941
0,-13.058607,12.640811,-13.059012,12.639575,-13.050591,12.625974
0,-13.049426,12.625585,-13.058607,12.640811,-13.050591,12.625974
0,-13.052183,12.626094,-13.059012,12.639575,-13.055122,12.627028
0,-13.049330,12.625527,-13.058545,12.641678,-13.049426,12.625585
0,-13.059229,12.642569,-13.058545,12.641678,-12.931311,12.767216
0,-13.062424,12.632640,-13.061638,12.631884,-13.062634,12.634024
0,-13.059012,12.639575,-13.060697,12.637029,-13.055122,12.627028
0,-13.089052,12.702737,-13.089901,12.702436,-13.071542,12.643987
0,-13.059229,12.642569,-13.089052,12.702737,-13.060589,12.642868
0,-13.061638,12.631884,-13.062136,12.635394,-13.062634,12.634024
0,-13.061638,12.631884,-13.060697,12.637029,-13.062136,12.635394
0,-13.055122,12.627028,-13.060697,12.637029,-13.061638,12.631884
0,-13.078522,12.634907,-13.076633,12.635201,-13.075768,12.636424
0,-13.080209,12.634531,-13.075421,12.639785,-13.081676,12.633999
0,-13.087342,12.632078,-13.074830,12.641245,-13.104655,12.634416
0,-13.074830,12.641245,-13.074012,12.642287,-13.106470,12.635469
0,-13.069311,12.643076,-13.065423,12.642587,-13.071542,12.643987
0,-13.071542,12.643987,-13.065423,12.642587,-13.062136,12.642762
0,-13.069311,12.643076,-13.066649,12.642288,-13.065423,12.642587
0,-13.069355,12.789242,-13.106189,12.729533,-13.095644,12.711426
0,-13.090949,12.706366,-13.092281,12.707957,-13.091415,12.706884
0,-13.089217,12.704030,-13.090949,12.706366,-13.090038,12.705013
0,-13.090949,12.706366,-13.038370,12.794218,-13.067928,12.789803
0,-13.092281,12.707957,-13.094915,12.710399,-13.094833,12.710282
0,-13.092281,12.707957,-13.094833,12.710282,-13.093445,12.708672
0,-13.125138,12.693836,-13.134484,12.688302,-13.117239,12.641557
0,-13.090949,12.706366,-13.090540,12.705667,-13.090038,12.705013
0,-13.099258,12.702494,-13.115743,12.641067,-13.073195,12.643239
0,-13.071542,12.643987,-13.060589,12.642868,-13.089052,12.702737
0,-13.089217,12.704030,-13.035624,12.793912,-13.038370,12.794218
0,-12.932615,12.768516,-12.933355,12.769905,-12.959135,12.793178
0,-13.089052,12.702737,-13.059229,12.642569,-12.932615,12.768516
0,-12.931311,12.767216,-12.932615,12.768516,-13.059229,12.642569
0,-13.081676,12.633999,-13.074830,12.641245,-13.087342,12.632078
0,-13.075768,12.636424,-13.076633,12.635201,-13.075967,12.635648
0,-13.081676,12.633999,-13.087342,12.632078,-13.082917,12.633014
0,-13.088488,12.631228,-13.103092,12.633013,-13.094158,12.628891
0,-13.084100,12.632390,-13.086505,12.631973,-13.084810,12.632124
0,-13.082917,12.633014,-13.087342,12.632078,-13.084100,12.632390
0,-13.088488,12.631228,-13.094158,12.628891,-13.093083,12.628595
0,-13.089035,12.629668,-13.093083,12.628595,-13.092732,12.627625
0,-13.087342,12.632078,-13.103092,12.633013,-13.088488,12.631228
0,-13.084100,12.632390,-13.087342,12.632078,-13.086505,12.631973
0,-13.104655,12.634416,-13.103092,12.633013,-13.087342,12.632078
0,-13.108151,12.635869,-13.115437,12.640098,-13.114486,12.635471
0,-13.115743,12.641067,-13.106470,12.635469,-13.073195,12.643239
0,-13.100868,12.628831,-13.095292,12.628592,-13.103092,12.633013
0,-13.100657,12.627492,-13.099310,12.626732,-13.100868,12.628831
0,-13.100868,12.628831,-13.097714,12.627163,-13.095292,12.628592
0,-13.116590,12.636019,-13.114486,12.635471,-13.116620,12.636896
0,-13.133882,12.647330,-13.134484,12.688302,-13.147628,12.655679
0,-13.119937,12.640265,-13.121980,12.641500,-13.123120,12.640176
0,-13.123241,12.638950,-13.119937,12.640265,-13.123120,12.640176
0,-13.154738,12.668697,-13.150599,12.659826,-13.147736,12.682206
0,-13.123120,12.640176,-13.121980,12.641500,-13.122969,12.640919
0,-13.121970,12.641508,-13.117239,12.641557,-13.133882,12.647330
0,-13.119937,12.640265,-13.121970,12.641508,-13.121980,12.641500
0,-13.117239,12.641557,-13.115743,12.641067,-13.125138,12.693836
0,-13.119937,12.640265,-13.117239,12.641557,-13.121970,12.641508
0,-13.115437,12.640098,-13.108151,12.635869,-13.115743,12.641067
0,-13.089901,12.702436,-13.099258,12.702494,-13.073195,12.643239
0,-13.134484,12.688302,-13.133882,12.647330,-13.117239,12.641557
0,-13.125138,12.693836,-13.115743,12.641067,-13.108581,12.700203
0,-13.108581,12.700203,-13.115743,12.641067,-13.099258,12.702494
0,-13.154169,12.664272,-13.150599,12.659826,-13.154738,12.668697
0,-13.154738,12.668697,-13.147736,12.682206,-13.154087,12.675766
0,-13.147736,12.682206,-13.150599,12.659826,-13.134484,12.688302
0,-13.109154,12.741892,-13.108231,12.736019,-13.107171,12.732414
0,-13.108052,12.735232,-13.107613,12.733665,-13.107171,12.732414
0,-13.109078,12.738430,-13.108821,12.737000,-13.108231,12.736019
0,-13.109325,12.739914,-13.109385,12.739263,-13.109078,12.738430
0,-13.112416,12.745224,-13.111927,12.744154,-13.112536,12.746463
0,-13.109154,12.741892,-13.109325,12.739914,-13.109078,12.738430
0,-13.106189,12.729533,-13.069355,12.789242,-13.106638,12.730974
0,-13.096566,12.712409,-13.095644,12.711426,-13.106189,12.729533
0,-13.105822,12.726810,-13.106189,12.729533,-13.106218,12.728105
0,-13.102322,12.718316,-13.100478,12.716260,-13.105822,12.726810
0,-13.102322,12.718316,-13.105822,12.726810,-13.105567,12.725245
0,-13.100478,12.716260,-13.106189,12.729533,-13.105822,12.726810
0,-13.100021,12.715742,-13.106189,12.729533,-13.100478,12.716260
0,-13.096566,12.712409,-13.100021,12.715742,-13.099157,12.714344
0,-13.096566,12.712409,-13.106189,12.729533,-13.100021,12.715742
0,-13.097218,12.712612,-13.099157,12.714344,-13.097961,12.712988
0,-13.096566,12.712409,-13.099157,12.714344,-13.097218,12.712612
0,-13.092281,12.707957,-13.095644,12.711426,-13.094915,12.710399
0,-13.092281,12.707957,-13.069355,12.789242,-13.095644,12.711426
0,-13.105567,12.725245,-13.105309,12.724041,-13.105003,12.723071
0,-13.100478,12.716260,-13.102322,12.718316,-13.101309,12.717107
0,-13.104156,12.720607,-13.103337,12.719263,-13.102322,12.718316
0,-13.102322,12.718316,-13.105567,12.725245,-13.105003,12.723071
0,-13.102322,12.718316,-13.105003,12.723071,-13.104473,12.721305
0,-13.102322,12.718316,-13.104473,12.721305,-13.104156,12.720607
0,-13.111927,12.744154,-13.112382,12.747429,-13.112536,12.746463
0,-13.109154,12.741892,-13.112504,12.748352,-13.112382,12.747429
0,-13.110926,12.742564,-13.110184,12.741999,-13.109154,12.741892
0,-13.084593,12.788274,-13.109154,12.741892,-13.070713,12.789284
0,-13.112854,12.771945,-13.111686,12.784130,-13.112563,12.782491
0,-13.109154,12.741892,-13.112974,12.750760,-13.112504,12.748352
0,-13.113310,12.752606,-13.113232,12.751964,-13.112974,12.750760
0,-13.087053,12.787879,-13.112854,12.771945,-13.113306,12.770529
0,-13.090535,12.789333,-13.111686,12.784130,-13.112854,12.771945
0,-13.085986,12.787903,-13.113532,12.753765,-13.113310,12.752606
0,-13.085986,12.787903,-13.113310,12.752606,-13.109154,12.741892
0,-13.114411,12.756862,-13.114658,12.758346,-13.114581,12.757604
0,-13.113306,12.770529,-13.113837,12.769756,-13.114003,12.768419
0,-13.087053,12.787879,-13.113914,12.755566,-13.113701,12.754507
0,-13.114003,12.768419,-13.114820,12.760055,-13.113914,12.755566
0,-13.113914,12.755566,-13.114820,12.760055,-13.114779,12.759359
0,-13.114003,12.768419,-13.115187,12.762733,-13.114820,12.760055
0,-13.114003,12.768419,-13.115201,12.767063,-13.115249,12.764298
0,-13.115249,12.764298,-13.115201,12.767063,-13.115899,12.764863
0,-13.116719,12.778471,-13.116037,12.779741,-13.116565,12.779338
0,-13.116155,12.776153,-13.115507,12.775543,-13.116506,12.777403
0,-13.115199,12.774845,-13.113217,12.772553,-13.114142,12.780722
0,-13.116037,12.779741,-13.116506,12.777403,-13.115278,12.780332
0,-13.111867,12.786996,-13.111835,12.786300,-13.110141,12.788710
0,-13.092980,12.790937,-13.111686,12.784130,-13.090535,12.789333
0,-13.111686,12.784130,-13.109187,12.789480,-13.111670,12.785006
0,-13.116506,12.777403,-13.114142,12.780722,-13.115278,12.780332
0,-13.115507,12.775543,-13.115199,12.774845,-13.114142,12.780722
0,-13.112854,12.771945,-13.112563,12.782491,-13.113217,12.772553
0,-13.111686,12.784130,-13.112309,12.783266,-13.112563,12.782491
0,-13.111884,12.788424,-13.110141,12.788710,-13.111078,12.789051
0,-13.111670,12.785006,-13.109187,12.789480,-13.110141,12.788710
0,-13.109187,12.789480,-13.105079,12.793274,-13.108308,12.791309
0,-13.108837,12.790716,-13.109187,12.789480,-13.108308,12.791309
0,-13.107473,12.793364,-13.108062,12.792084,-13.106304,12.793202
0,-13.103366,12.794437,-13.099741,12.794953,-13.102127,12.795196
0,-13.111686,12.784130,-13.092980,12.790937,-13.094429,12.791805
0,-13.109187,12.789480,-13.111686,12.784130,-13.094429,12.791805
0,-13.104079,12.793945,-13.099741,12.794953,-13.103366,12.794437
0,-13.105079,12.793274,-13.096908,12.793219,-13.104079,12.793945
0,-13.102127,12.795196,-13.102884,12.794849,-13.103366,12.794437
0,-13.102127,12.795196,-13.099741,12.794953,-13.101211,12.795841
0,-13.084104,12.797316,-13.077035,12.799866,-13.084226,12.798332
0,-13.083596,12.796074,-13.077035,12.799866,-13.084104,12.797316
0,-13.083937,12.802361,-13.084045,12.800870,-13.078177,12.802858
0,-13.083569,12.803913,-13.083937,12.802361,-13.078976,12.804102
0,-13.083239,12.804799,-13.083569,12.803913,-13.081261,12.805546
0,-13.083239,12.804799,-13.082361,12.805491,-13.082880,12.805273
0,-13.080422,12.805286,-13.081261,12.805546,-13.083569,12.803913
0,-13.028591,12.812647,-13.028864,12.798304,-13.026450,12.813488
0,-13.083937,12.802361,-13.078177,12.802858,-13.078976,12.804102
0,-13.084045,12.800870,-13.077444,12.801329,-13.078177,12.802858
0,-13.072196,12.789834,-13.084593,12.788274,-13.070713,12.789284
0,-13.104079,12.793945,-13.096908,12.793219,-13.099741,12.794953
0,-13.105079,12.793274,-13.109187,12.789480,-13.096908,12.793219
0,-13.096908,12.793219,-13.109187,12.789480,-13.095582,12.792462
0,-13.095582,12.792462,-13.109187,12.789480,-13.094429,12.791805
0,-13.090535,12.789333,-13.112854,12.771945,-13.088312,12.788206
0,-13.088312,12.788206,-13.112854,12.771945,-13.087053,12.787879
0,-13.084593,12.788274,-13.085986,12.787903,-13.109154,12.741892
0,-13.087053,12.787879,-13.113532,12.753765,-13.085986,12.787903
0,-13.072196,12.789834,-13.083489,12.788901,-13.084593,12.788274
0,-13.082833,12.790134,-13.083489,12.788901,-13.073062,12.790729
0,-13.082306,12.791304,-13.082833,12.790134,-13.073062,12.790729
0,-13.033511,12.807923,-13.032590,12.809916,-13.033147,12.809000
0,-13.032590,12.809916,-13.030052,12.811928,-13.031579,12.811019
0,-13.030052,12.811928,-13.033629,12.805163,-13.030667,12.799365
0,-13.028591,12.812647,-13.030052,12.811928,-13.030667,12.799365
0,-13.000590,12.811253,-13.000941,12.812377,-13.020544,12.816109
0,-13.023856,12.814389,-13.026450,12.813488,-13.028864,12.798304
0,-13.000744,12.814558,-13.018642,12.819395,-13.019336,12.817592
0,-13.017002,12.822430,-13.017920,12.820818,-13.000744,12.814558
0,-13.018642,12.819395,-13.000744,12.814558,-13.017920,12.820818
0,-13.020544,12.816109,-13.021943,12.814946,-13.000590,12.811253
0,-13.019336,12.817592,-13.020544,12.816109,-13.000941,12.812377
0,-13.000744,12.814558,-13.019336,12.817592,-13.000941,12.812377
0,-12.999949,12.816263,-13.017002,12.822430,-13.000744,12.814558
0,-13.015069,12.828039,-13.015797,12.825367,-12.998729,12.818495
0,-13.014749,12.830169,-13.015069,12.828039,-12.997207,12.820903
0,-13.014749,12.830169,-12.996980,12.821143,-13.014178,12.832099
0,-12.995934,12.822250,-13.013713,12.833434,-13.014178,12.832099
0,-13.014178,12.832099,-12.996980,12.821143,-12.995934,12.822250
0,-13.010741,12.838618,-13.012579,12.836202,-12.995934,12.822250
0,-13.010741,12.838618,-12.995934,12.822250,-13.006880,12.841167
0,-12.995934,12.822250,-12.992731,12.824290,-13.002725,12.842623
0,-12.995934,12.822250,-13.012579,12.836202,-13.013713,12.833434
0,-13.008350,12.840633,-13.010741,12.838618,-13.006880,12.841167
0,-12.992731,12.824290,-12.994182,12.842955,-12.996403,12.843220
0,-12.989591,12.826036,-12.990900,12.842533,-12.994182,12.842955
0,-12.989591,12.826036,-12.988330,12.841670,-12.990900,12.842533
0,-13.004700,12.842093,-12.995934,12.822250,-13.002725,12.842623
0,-12.992731,12.824290,-12.998222,12.843234,-13.000296,12.843002
0,-12.992731,12.824290,-12.996403,12.843220,-12.998222,12.843234
0,-12.984457,12.839360,-12.985661,12.840460,-12.988330,12.841670
0,-12.984457,12.839360,-12.982670,12.835429,-12.983506,12.838262
0,-12.983506,12.838262,-12.982670,12.835429,-12.982908,12.837166
0,-12.982670,12.835429,-12.985001,12.828656,-12.982329,12.833740
0,-12.983522,12.829741,-12.982555,12.830816,-12.982242,12.832004
0,-12.985001,12.828656,-12.983522,12.829741,-12.982329,12.833740
0,-13.002725,12.842623,-12.992731,12.824290,-13.000296,12.843002
0,-12.982242,12.832004,-12.982329,12.833740,-12.983522,12.829741
0,-12.982555,12.830816,-12.983522,12.829741,-12.983015,12.830126
0,-13.017002,12.822430,-12.999949,12.816263,-13.015797,12.825367
0,-12.998729,12.818495,-12.997207,12.820903,-13.015069,12.828039
0,-13.006880,12.841167,-12.995934,12.822250,-13.004700,12.842093
0,-13.027870,12.797218,-13.027943,12.796140,-12.999636,12.810243
0,-12.983276,12.811239,-12.983704,12.810357,-12.979240,12.812329
0,-12.945015,12.792478,-12.957691,12.793285,-12.937213,12.780535
0,-12.982548,12.812059,-12.983276,12.811239,-12.980800,12.812695
0,-12.980800,12.812695,-12.983276,12.811239,-12.979240,12.812329
0,-12.975830,12.810238,-12.985491,12.804944,-12.972961,12.808210
0,-12.972961,12.808210,-12.986470,12.802768,-12.971108,12.806898
0,-12.968778,12.804992,-12.971108,12.806898,-12.986470,12.802768
0,-12.966689,12.803147,-12.963539,12.798698,-12.965080,12.801365
0,-12.959135,12.793178,-12.989666,12.801495,-12.932615,12.768516
0,-12.963539,12.798698,-12.987742,12.801480,-12.962650,12.797099
0,-12.961882,12.795441,-12.987742,12.801480,-12.960451,12.794014
0,-12.991699,12.802808,-12.994622,12.805662,-13.027943,12.796140
0,-12.966689,12.803147,-12.986470,12.802768,-12.963539,12.798698
0,-12.966689,12.803147,-12.968778,12.804992,-12.986470,12.802768
0,-12.987742,12.801480,-12.963539,12.798698,-12.986470,12.802768
0,-12.999636,12.810243,-13.027943,12.796140,-12.998332,12.809257
0,-12.984504,12.808004,-12.985491,12.804944,-12.975830,12.810238
0,-12.986470,12.802768,-12.972961,12.808210,-12.985491,12.804944
0,-13.032719,12.801539,-13.030667,12.799365,-13.033385,12.803289
0,-13.031985,12.800391,-13.030667,12.799365,-13.032719,12.801539
0,-12.994622,12.805662,-12.991699,12.802808,-12.992949,12.804411
0,-13.084087,12.799537,-13.077035,12.799866,-13.077444,12.801329
0,-13.083596,12.796074,-13.082869,12.793816,-13.076086,12.797035
0,-13.033385,12.803289,-13.030667,12.799365,-13.033629,12.805163
0,-13.033651,12.806465,-13.032590,12.809916,-13.033511,12.807923
0,-13.083596,12.796074,-13.076086,12.797035,-13.077035,12.799866
0,-13.082869,12.793816,-13.075136,12.794489,-13.076086,12.797035
0,-13.043242,12.795651,-13.044694,12.796106,-13.049972,12.795161
0,-13.027943,12.796140,-12.997067,12.808218,-12.998332,12.809257
0,-12.994622,12.805662,-12.997067,12.808218,-13.027943,12.796140
0,-12.991699,12.802808,-13.027943,12.796140,-13.028208,12.795348
0,-13.023856,12.814389,-13.027870,12.797218,-13.021943,12.814946
0,-13.048479,12.795880,-13.044694,12.796106,-13.046567,12.796373
0,-13.050045,12.795136,-13.040727,12.794775,-13.049972,12.795161
0,-13.060293,12.794444,-13.064380,12.792760,-13.065650,12.791722
0,-13.058222,12.794619,-13.065650,12.791722,-13.066724,12.790714
0,-13.051691,12.794571,-13.038370,12.794218,-13.040727,12.794775
0,-13.074021,12.792259,-13.082306,12.791304,-13.073062,12.790729
0,-13.073062,12.790729,-13.083489,12.788901,-13.072196,12.789834
0,-13.053243,12.794550,-13.067928,12.789803,-13.051691,12.794571
0,-13.070713,12.789284,-13.109154,12.741892,-13.069355,12.789242
0,-13.056379,12.794637,-13.066724,12.790714,-13.053243,12.794550
0,-13.058222,12.794619,-13.066724,12.790714,-13.056379,12.794637
0,-13.051691,12.794571,-13.067928,12.789803,-13.038370,12.794218
0,-13.089052,12.702737,-13.029409,12.794754,-13.089217,12.704030
0,-13.089217,12.704030,-13.029409,12.794754,-13.032001,12.794107
0,-13.049972,12.795161,-13.040727,12.794775,-13.043242,12.795651
0,-13.050045,12.795136,-13.051691,12.794571,-13.040727,12.794775
0,-12.989666,12.801495,-13.028208,12.795348,-13.029409,12.794754
0,-12.989666,12.801495,-12.991699,12.802808,-13.028208,12.795348
0,-12.962650,12.797099,-12.987742,12.801480,-12.961882,12.795441
0,-12.955941,12.794215,-12.952141,12.795778,-12.954006,12.795616
0,-12.987742,12.801480,-12.989666,12.801495,-12.959135,12.793178
0,-12.934556,12.772311,-12.959135,12.793178,-12.933355,12.769905
0,-12.945015,12.792478,-12.955941,12.794215,-12.957691,12.793285
0,-12.950043,12.795113,-12.952141,12.795778,-12.955941,12.794215
0,-12.927922,12.766535,-12.853564,12.757477,-12.854430,12.758037
0,-12.890716,12.553144,-12.812308,12.731004,-12.851901,12.756815
0,-12.853564,12.757477,-12.890716,12.553144,-12.851901,12.756815
0,-12.836243,12.753544,-12.849265,12.758068,-12.850288,12.757329
0,-12.836314,12.753860,-12.848409,12.759114,-12.849265,12.758068
0,-12.837475,12.763569,-12.847081,12.762678,-12.836842,12.761708
0,-12.847921,12.760163,-12.836646,12.758132,-12.836695,12.758991
0,-12.836314,12.753860,-12.836443,12.756558,-12.848409,12.759114
0,-12.851901,12.756815,-12.835477,12.751942,-12.850288,12.757329
0,-12.849265,12.758068,-12.836243,12.753544,-12.836314,12.753860
0,-12.850288,12.757329,-12.835925,12.752712,-12.836243,12.753544
0,-12.829024,12.745952,-12.817398,12.736536,-12.825984,12.743948
0,-12.825984,12.743948,-12.817398,12.736536,-12.823787,12.742334
0,-12.815142,12.734219,-12.817398,12.736536,-12.812308,12.731004
0,-12.819523,12.739043,-12.821331,12.740462,-12.817398,12.736536
0,-12.812308,12.731004,-12.890716,12.553144,-12.889731,12.553118
0,-12.832636,12.749493,-12.830188,12.746728,-12.831282,12.748077
0,-12.851901,12.756815,-12.829024,12.745952,-12.830188,12.746728
0,-12.829024,12.745952,-12.825984,12.743948,-12.827342,12.744917
0,-12.850288,12.757329,-12.835477,12.751942,-12.835925,12.752712
0,-12.851901,12.756815,-12.830188,12.746728,-12.834508,12.751104
0,-12.835477,12.751942,-12.851901,12.756815,-12.834508,12.751104
0,-12.834508,12.751104,-12.830188,12.746728,-12.832636,12.749493
0,-12.847921,12.760163,-12.836695,12.758991,-12.836770,12.760155
0,-12.846237,12.764922,-12.838838,12.765936,-12.845927,12.765578
0,-12.845122,12.767289,-12.845927,12.765578,-12.839900,12.767219
0,-12.837475,12.763569,-12.838087,12.764655,-12.847081,12.762678
0,-12.847081,12.762678,-12.836770,12.760155,-12.836842,12.761708
0,-12.847081,12.762678,-12.847921,12.760163,-12.836770,12.760155
0,-12.845122,12.767289,-12.839900,12.767219,-12.841187,12.768560
0,-12.843661,12.769827,-12.844655,12.769142,-12.842646,12.769652
0,-12.842646,12.769652,-12.844889,12.768119,-12.841187,12.768560
0,-12.841187,12.768560,-12.844889,12.768119,-12.845122,12.767289
0,-12.892628,12.789970,-12.895108,12.788102,-12.856240,12.774475
0,-12.842646,12.769652,-12.844655,12.769142,-12.844889,12.768119
0,-12.854910,12.758798,-12.855267,12.759838,-12.907182,12.781709
0,-12.855452,12.766855,-12.855479,12.768450,-12.895108,12.788102
0,-12.856004,12.778419,-12.855424,12.779810,-12.865907,12.793885
0,-12.848409,12.759114,-12.836615,12.757226,-12.847921,12.760163
0,-13.048262,12.624872,-12.929965,12.766610,-12.931311,12.767216
0,-12.890716,12.553144,-12.853564,12.757477,-12.927922,12.766535
0,-12.905623,12.549275,-12.927922,12.766535,-12.929965,12.766610
0,-12.854430,12.758037,-12.925991,12.767463,-12.927922,12.766535
0,-12.854430,12.758037,-12.854910,12.758798,-12.924115,12.769041
0,-13.089052,12.702737,-12.932615,12.768516,-13.029409,12.794754
0,-12.854430,12.758037,-12.924656,12.768586,-12.925991,12.767463
0,-12.854430,12.758037,-12.924115,12.769041,-12.924656,12.768586
0,-12.854910,12.758798,-12.907182,12.781709,-12.924115,12.769041
0,-12.936391,12.777671,-12.959135,12.793178,-12.935474,12.774899
0,-12.935474,12.774899,-12.959135,12.793178,-12.934556,12.772311
0,-12.922536,12.771035,-12.924115,12.769041,-12.907182,12.781709
0,-12.921383,12.772442,-12.922536,12.771035,-12.919504,12.774374
0,-12.919504,12.774374,-12.922536,12.771035,-12.907182,12.781709
0,-12.917323,12.776421,-12.919504,12.774374,-12.914663,12.778288
0,-12.914663,12.778288,-12.919504,12.774374,-12.911705,12.779916
0,-12.919504,12.774374,-12.907182,12.781709,-12.911705,12.779916
0,-12.855267,12.759838,-12.855581,12.761116,-12.903439,12.783626
0,-12.907182,12.781709,-12.855267,12.759838,-12.903439,12.783626
0,-12.942376,12.791691,-12.937457,12.782491,-12.937350,12.783167
0,-12.942376,12.791691,-12.945015,12.792478,-12.937457,12.782491
0,-12.945015,12.792478,-12.937213,12.780535,-12.937457,12.782491
0,-12.957691,12.793285,-12.936391,12.777671,-12.937213,12.780535
0,-12.940094,12.791437,-12.937131,12.786222,-12.936817,12.787871
0,-12.942376,12.791691,-12.937350,12.783167,-12.937131,12.786222
0,-12.938292,12.791305,-12.936986,12.789289,-12.937037,12.790410
0,-12.940094,12.791437,-12.936817,12.787871,-12.936986,12.789289
0,-12.950043,12.795113,-12.955941,12.794215,-12.945015,12.792478
0,-12.937131,12.786222,-12.940094,12.791437,-12.942376,12.791691
0,-12.936986,12.789289,-12.938292,12.791305,-12.940094,12.791437
0,-12.890502,12.792667,-12.892628,12.789970,-12.875325,12.796202
0,-12.888858,12.795131,-12.890502,12.792667,-12.875325,12.796202
0,-12.876998,12.797396,-12.886849,12.798242,-12.888858,12.795131
0,-12.855581,12.761116,-12.899879,12.785309,-12.903439,12.783626
0,-12.855581,12.761116,-12.897419,12.786521,-12.899879,12.785309
0,-12.855581,12.761116,-12.897405,12.786528,-12.897419,12.786521
0,-12.856173,12.774162,-12.895108,12.788102,-12.855479,12.768450
0,-12.888858,12.795131,-12.886849,12.798242,-12.888063,12.796836
0,-12.892628,12.789970,-12.871850,12.794817,-12.875325,12.796202
0,-12.856004,12.778419,-12.868551,12.794024,-12.856338,12.777346
0,-12.871850,12.794817,-12.856431,12.775991,-12.868551,12.794024
0,-12.879267,12.799243,-12.884794,12.799523,-12.886849,12.798242
0,-12.879267,12.799243,-12.882325,12.800093,-12.884794,12.799523
0,-12.879267,12.799243,-12.880644,12.799903,-12.882325,12.800093
0,-12.862963,12.793802,-12.865907,12.793885,-12.855424,12.779810
0,-12.858584,12.792704,-12.862963,12.793802,-12.855424,12.779810
0,-12.862963,12.793802,-12.858584,12.792704,-12.861341,12.793671
0,-12.855424,12.779810,-12.854226,12.782112,-12.858584,12.792704
0,-12.858584,12.792704,-12.854226,12.782112,-12.856549,12.791685
0,-12.696533,12.733532,-12.698689,12.732402,-12.701325,12.728531
0,-12.856549,12.791685,-12.854226,12.782112,-12.854760,12.789960
0,-12.854760,12.789960,-12.853198,12.786174,-12.853340,12.787352
0,-12.854760,12.789960,-12.854226,12.782112,-12.853479,12.784059
0,-12.853198,12.786174,-12.854760,12.789960,-12.853479,12.784059
0,-12.853340,12.787352,-12.853632,12.788358,-12.854760,12.789960
0,-12.853198,12.786174,-12.853479,12.784059,-12.853156,12.785281
0,-12.892628,12.789970,-12.856431,12.775991,-12.871850,12.794817
0,-12.856431,12.775991,-12.856338,12.777346,-12.868551,12.794024
0,-12.856173,12.774162,-12.856240,12.774475,-12.895108,12.788102
0,-12.856431,12.775991,-12.892628,12.789970,-12.856240,12.774475
0,-12.855810,12.772478,-12.856173,12.774162,-12.855479,12.768450
0,-12.868551,12.794024,-12.856004,12.778419,-12.865907,12.793885
0,-12.855259,12.770401,-12.855810,12.772478,-12.855479,12.768450
0,-12.810240,12.729518,-12.812308,12.731004,-12.808883,12.728486
0,-12.808883,12.728486,-12.889731,12.553118,-12.879580,12.550065
0,-12.807135,12.727513,-12.799555,12.724259,-12.804023,12.726402
0,-12.807135,12.727513,-12.808883,12.728486,-12.879580,12.550065
0,-12.702505,12.720243,-12.701116,12.715698,-12.702551,12.722414
0,-12.696533,12.733532,-12.701325,12.728531,-12.702068,12.725537
0,-12.688450,12.735696,-12.698357,12.711589,-12.686623,12.736446
0,-12.686623,12.736446,-12.698357,12.711589,-12.684205,12.737702
0,-12.698363,12.710951,-12.698504,12.709739,-12.664358,12.739251
0,-12.696533,12.733532,-12.702068,12.725537,-12.694185,12.734342
0,-12.694185,12.734342,-12.702551,12.722414,-12.699705,12.713516
0,-12.691967,12.735088,-12.699705,12.713516,-12.688450,12.735696
0,-12.684205,12.737702,-12.681087,12.739744,-12.682634,12.738901
0,-12.670591,12.740263,-12.672990,12.741050,-12.680673,12.739969
0,-12.684205,12.737702,-12.668255,12.739732,-12.670591,12.740263
0,-12.698357,12.711589,-12.664358,12.739251,-12.668255,12.739732
0,-12.680673,12.739969,-12.672990,12.741050,-12.678454,12.740907
0,-12.646291,12.752176,-12.649218,12.752138,-12.653078,12.749556
0,-12.677410,12.741217,-12.678454,12.740907,-12.675783,12.741394
0,-12.675783,12.741394,-12.678454,12.740907,-12.672990,12.741050
0,-12.653078,12.749556,-12.649218,12.752138,-12.652157,12.750760
0,-12.652157,12.750760,-12.649218,12.752138,-12.650455,12.751894
0,-12.657772,12.741171,-12.659732,12.740167,-12.619796,12.721644
0,-12.655595,12.744535,-12.657772,12.741171,-12.619834,12.724023
0,-12.646291,12.752176,-12.653078,12.749556,-12.655595,12.744535
0,-12.642843,12.752337,-12.646291,12.752176,-12.655595,12.744535
0,-12.619834,12.724023,-12.640825,12.752574,-12.655595,12.744535
0,-12.655595,12.744535,-12.640825,12.752574,-12.642843,12.752337
0,-12.619834,12.724023,-12.634125,12.752770,-12.637118,12.752605
0,-12.634125,12.752770,-12.619834,12.724023,-12.618748,12.724983
0,-12.634125,12.752770,-12.625991,12.753335,-12.631582,12.753513
0,-12.631582,12.753513,-12.625991,12.753335,-12.629042,12.753873
0,-12.634125,12.752770,-12.618548,12.749502,-12.625991,12.753335
0,-12.625991,12.753335,-12.618548,12.749502,-12.623656,12.752676
0,-12.623656,12.752676,-12.618548,12.749502,-12.621842,12.751894
0,-12.621842,12.751894,-12.618548,12.749502,-12.619902,12.750727
0,-12.634125,12.752770,-12.617132,12.748021,-12.618548,12.749502
0,-12.615104,12.727447,-12.613014,12.729162,-12.611655,12.736677
0,-12.610506,12.717431,-12.609623,12.715421,-12.608926,12.716108
0,-12.615129,12.727429,-12.615104,12.727447,-12.611655,12.736677
0,-12.613014,12.729162,-12.611121,12.732741,-12.611655,12.736677
0,-12.634125,12.752770,-12.618748,12.724983,-12.617132,12.748021
0,-12.617633,12.725737,-12.616916,12.726153,-12.613354,12.741011
0,-12.617132,12.748021,-12.618748,12.724983,-12.615590,12.746001
0,-12.621900,12.701551,-12.619796,12.721644,-12.622802,12.700524
0,-12.619834,12.724023,-12.657772,12.741171,-12.620024,12.722909
0,-12.657772,12.741171,-12.619796,12.721644,-12.620024,12.722909
0,-12.615575,12.708725,-12.614670,12.709748,-12.617151,12.719781
0,-12.618104,12.720219,-12.619055,12.720844,-12.616479,12.707701
0,-12.615590,12.746001,-12.618748,12.724983,-12.613354,12.741011
0,-12.618748,12.724983,-12.617633,12.725737,-12.613354,12.741011
0,-12.613354,12.741011,-12.616916,12.726153,-12.615129,12.727429
0,-12.612860,12.711795,-12.615710,12.719624,-12.617151,12.719781
0,-12.612860,12.711795,-12.613658,12.719115,-12.615710,12.719624
0,-12.613658,12.719115,-12.612860,12.711795,-12.611869,12.718280
0,-12.612860,12.711795,-12.609623,12.715421,-12.611869,12.718280
0,-12.673191,12.642945,-12.672289,12.643971,-12.707809,12.701713
0,-12.707809,12.701713,-12.671388,12.644998,-12.670486,12.646024
0,-12.698357,12.711589,-12.698363,12.710951,-12.664358,12.739251
0,-12.701116,12.715698,-12.702259,12.718709,-12.701818,12.717109
0,-12.702551,12.722414,-12.701116,12.715698,-12.699705,12.713516
0,-12.617151,12.719781,-12.618104,12.720219,-12.615575,12.708725
0,-12.764828,12.709604,-12.761694,12.711110,-12.762866,12.710865
0,-12.701116,12.715698,-12.702505,12.720243,-12.702259,12.718709
0,-12.795928,12.722569,-12.790945,12.719782,-12.792756,12.720946
0,-12.799555,12.724259,-12.879580,12.550065,-12.790945,12.719782
0,-12.790945,12.719782,-12.879580,12.550065,-12.787904,12.717969
0,-12.782074,12.715431,-12.778191,12.713228,-12.780260,12.714586
0,-12.785314,12.716735,-12.879580,12.550065,-12.776446,12.712000
0,-12.772306,12.709540,-12.878336,12.549205,-12.770883,12.708762
0,-12.878336,12.549205,-12.776446,12.712000,-12.879580,12.550065
0,-12.764828,12.709604,-12.767176,12.708730,-12.749631,12.707497
0,-12.768480,12.708422,-12.744323,12.704834,-12.747237,12.706200
0,-12.760263,12.711098,-12.764828,12.709604,-12.758381,12.710699
0,-12.758381,12.710699,-12.764828,12.709604,-12.754682,12.709838
0,-12.754682,12.709838,-12.764828,12.709604,-12.751572,12.708599
0,-12.715673,12.702036,-12.734563,12.705517,-12.737820,12.704843
0,-12.724070,12.708300,-12.724981,12.708244,-12.726354,12.707362
0,-12.722771,12.708097,-12.724070,12.708300,-12.721866,12.707579
0,-12.769585,12.708432,-12.705355,12.597840,-12.768480,12.708422
0,-12.753450,12.709444,-12.754682,12.709838,-12.751572,12.708599
0,-12.767176,12.708730,-12.747237,12.706200,-12.749631,12.707497
0,-12.767176,12.708730,-12.768480,12.708422,-12.747237,12.706200
0,-12.692166,12.621487,-12.742636,12.704373,-12.699333,12.609986
0,-12.692166,12.621487,-12.740814,12.704485,-12.742636,12.704373
0,-12.737820,12.704843,-12.692166,12.621487,-12.714636,12.701644
0,-12.715673,12.702036,-12.728244,12.706868,-12.730329,12.706439
0,-12.716510,12.703001,-12.726354,12.707362,-12.728244,12.706868
0,-12.721866,12.707579,-12.724070,12.708300,-12.726354,12.707362
0,-12.718826,12.705765,-12.720054,12.706542,-12.716510,12.703001
0,-12.718826,12.705765,-12.716955,12.704153,-12.717339,12.704795
0,-12.675898,12.639867,-12.709437,12.701344,-12.676800,12.638841
0,-12.709437,12.701344,-12.711129,12.701231,-12.678606,12.636791
0,-12.666883,12.650134,-12.707809,12.701713,-12.667784,12.649106
0,-12.726354,12.707362,-12.720054,12.706542,-12.721866,12.707579
0,-12.726354,12.707362,-12.716510,12.703001,-12.720054,12.706542
0,-12.705782,12.702908,-12.660584,12.657330,-12.659684,12.658359
0,-12.655189,12.663503,-12.654290,12.664531,-12.699100,12.708468
0,-12.655189,12.663503,-12.699100,12.708468,-12.701132,12.706698
0,-12.650695,12.668648,-12.649797,12.669677,-12.699100,12.708468
0,-12.617384,12.706676,-12.616479,12.707701,-12.619055,12.720844
0,-12.616479,12.707701,-12.615575,12.708725,-12.618104,12.720219
0,-12.619796,12.721644,-12.619191,12.704627,-12.619055,12.720844
0,-12.619191,12.704627,-12.618288,12.705652,-12.619055,12.720844
0,-12.618288,12.705652,-12.617384,12.706676,-12.619055,12.720844
0,-12.619796,12.721644,-12.623704,12.699499,-12.622802,12.700524
0,-12.620997,12.702576,-12.619796,12.721644,-12.621900,12.701551
0,-12.619191,12.704627,-12.619796,12.721644,-12.620094,12.703601
0,-12.619796,12.721644,-12.626409,12.696419,-12.625507,12.697446
0,-12.659732,12.740167,-12.627310,12.695391,-12.626409,12.696419
0,-12.619796,12.721644,-12.624606,12.698472,-12.623704,12.699499
0,-12.619796,12.721644,-12.625507,12.697446,-12.624606,12.698472
0,-12.634514,12.687170,-12.662015,12.739422,-12.635413,12.686142
0,-12.662015,12.739422,-12.632714,12.689226,-12.631813,12.690254
0,-12.662015,12.739422,-12.633614,12.688199,-12.632714,12.689226
0,-12.630013,12.692310,-12.662015,12.739422,-12.630913,12.691282
0,-12.659732,12.740167,-12.662015,12.739422,-12.630013,12.692310
0,-12.659732,12.740167,-12.630013,12.692310,-12.629112,12.693337
0,-12.659732,12.740167,-12.628211,12.694365,-12.627310,12.695391
0,-12.659732,12.740167,-12.629112,12.693337,-12.628211,12.694365
0,-12.639910,12.680999,-12.639011,12.682028,-12.698504,12.709739
0,-12.638111,12.683057,-12.664358,12.739251,-12.639011,12.682028
0,-12.637212,12.684084,-12.664358,12.739251,-12.638111,12.683057
0,-12.644405,12.675853,-12.643505,12.676882,-12.698504,12.709739
0,-12.640809,12.679970,-12.698504,12.709739,-12.641708,12.678941
0,-12.640809,12.679970,-12.639910,12.680999,-12.698504,12.709739
0,-12.648898,12.670707,-12.699100,12.708468,-12.649797,12.669677
0,-12.648898,12.670707,-12.647999,12.671736,-12.699100,12.708468
0,-12.699100,12.708468,-12.646202,12.673794,-12.645303,12.674824
0,-12.643505,12.676882,-12.642607,12.677911,-12.698504,12.709739
0,-12.642607,12.677911,-12.641708,12.678941,-12.698504,12.709739
0,-12.665082,12.652188,-12.705782,12.702908,-12.707809,12.701713
0,-12.664183,12.653217,-12.705782,12.702908,-12.665082,12.652188
0,-12.663283,12.654245,-12.705782,12.702908,-12.664183,12.653217
0,-12.674995,12.640893,-12.709437,12.701344,-12.675898,12.639867
0,-12.668684,12.648078,-12.707809,12.701713,-12.669585,12.647051
0,-12.666883,12.650134,-12.665983,12.651160,-12.707809,12.701713
0,-12.682223,12.632694,-12.681318,12.633719,-12.712625,12.701180
0,-12.677703,12.637816,-12.709437,12.701344,-12.678606,12.636791
0,-12.676800,12.638841,-12.709437,12.701344,-12.677703,12.637816
0,-12.712625,12.701180,-12.713663,12.701380,-12.687657,12.626558
0,-12.660584,12.657330,-12.705782,12.702908,-12.661483,12.656301
0,-12.661483,12.656301,-12.705782,12.702908,-12.662383,12.655273
0,-12.704406,12.704109,-12.705782,12.702908,-12.659684,12.658359
0,-12.701132,12.706698,-12.704406,12.704109,-12.658785,12.659387
0,-12.701132,12.706698,-12.658785,12.659387,-12.657886,12.660416
0,-12.701132,12.706698,-12.657886,12.660416,-12.656987,12.661445
0,-12.653392,12.665560,-12.652492,12.666591,-12.699100,12.708468
0,-12.652492,12.666591,-12.651594,12.667619,-12.699100,12.708468
0,-12.651594,12.667619,-12.650695,12.668648,-12.699100,12.708468
0,-12.701132,12.706698,-12.656987,12.661445,-12.656088,12.662474
0,-12.701132,12.706698,-12.656088,12.662474,-12.655189,12.663503
0,-12.699100,12.708468,-12.654290,12.664531,-12.653392,12.665560
0,-12.684938,12.629625,-12.712625,12.701180,-12.685844,12.628603
0,-12.684033,12.630648,-12.712625,12.701180,-12.684938,12.629625
0,-12.683127,12.631671,-12.712625,12.701180,-12.684033,12.630648
0,-12.687657,12.626558,-12.713663,12.701380,-12.688564,12.625537
0,-12.686750,12.627581,-12.712625,12.701180,-12.687657,12.626558
0,-12.685844,12.628603,-12.712625,12.701180,-12.686750,12.627581
0,-12.706199,12.595397,-12.705355,12.597840,-12.769585,12.708432
0,-12.690378,12.623495,-12.713663,12.701380,-12.714636,12.701644
0,-12.712625,12.701180,-12.683127,12.631671,-12.682223,12.632694
0,-12.689471,12.624516,-12.713663,12.701380,-12.690378,12.623495
0,-12.688564,12.625537,-12.713663,12.701380,-12.689471,12.624516
0,-12.715673,12.702036,-12.730329,12.706439,-12.734563,12.705517
0,-12.674093,12.641918,-12.709437,12.701344,-12.674995,12.640893
0,-12.667784,12.649106,-12.707809,12.701713,-12.668684,12.648078
0,-12.716955,12.704153,-12.718826,12.705765,-12.716510,12.703001
0,-12.716510,12.703001,-12.728244,12.706868,-12.715673,12.702036
0,-12.737820,12.704843,-12.714636,12.701644,-12.715673,12.702036
0,-12.692166,12.621487,-12.691286,12.622475,-12.714636,12.701644
0,-12.812308,12.731004,-12.889731,12.553118,-12.808883,12.728486
0,-12.770883,12.708762,-12.803860,12.519773,-12.707260,12.592324
0,-12.680414,12.634742,-12.712625,12.701180,-12.681318,12.633719
0,-12.678606,12.636791,-12.711129,12.701231,-12.679510,12.635767
0,-12.878336,12.549205,-12.845628,12.518705,-12.803860,12.519773
0,-12.713853,12.573227,-12.717977,12.550358,-12.717595,12.551188
0,-12.707260,12.592324,-12.706199,12.595397,-12.769585,12.708432
0,-12.900419,12.548855,-12.897293,12.549825,-12.901678,12.549073
0,-12.896103,12.550213,-12.894532,12.551041,-12.897293,12.549825
0,-12.894532,12.551041,-12.893672,12.551568,-12.897293,12.549825
0,-12.897293,12.549825,-12.900419,12.548855,-12.899343,12.548783
0,-13.043594,12.602188,-12.924778,12.544517,-13.047318,12.623112
0,-12.924778,12.544517,-12.920543,12.544945,-12.908945,12.547991
0,-12.924778,12.544517,-12.922387,12.544498,-12.920543,12.544945
0,-12.913860,12.545408,-12.912725,12.545788,-12.915887,12.545098
0,-12.912725,12.545788,-12.910538,12.546693,-12.908945,12.547991
0,-12.880455,12.550232,-12.879580,12.550065,-12.887494,12.552269
0,-12.772306,12.709540,-12.776446,12.712000,-12.878336,12.549205
0,-12.904124,12.549146,-12.892137,12.552541,-12.905623,12.549275
0,-12.882851,12.550714,-12.887494,12.552269,-12.883972,12.550931
0,-12.882851,12.550714,-12.880455,12.550232,-12.887494,12.552269
0,-12.884853,12.551137,-12.887494,12.552269,-12.886535,12.551412
0,-12.848475,12.519333,-12.846887,12.518923,-12.845628,12.518705
0,-12.760241,12.514838,-12.717977,12.550358,-12.713853,12.573227
0,-12.881247,12.539929,-12.880460,12.539308,-12.881615,12.543258
0,-12.879788,12.538236,-12.878607,12.546496,-12.879401,12.544993
0,-12.861503,12.523387,-12.859262,12.522953,-12.866096,12.525222
0,-12.717977,12.550358,-12.760241,12.514838,-12.721433,12.542858
0,-12.879401,12.544993,-12.880460,12.539308,-12.879788,12.538236
0,-12.879401,12.544993,-12.881615,12.543258,-12.880460,12.539308
0,-12.878607,12.546496,-12.879788,12.538236,-12.878022,12.534680
0,-12.871089,12.527710,-12.878022,12.534680,-12.873351,12.528931
0,-12.924778,12.544517,-12.938260,12.538213,-12.927665,12.542478
0,-12.927665,12.542478,-12.934437,12.538843,-12.930591,12.540160
0,-12.934437,12.538843,-12.932170,12.539377,-12.930591,12.540160
0,-12.927665,12.542478,-12.930591,12.540160,-12.928676,12.541447
0,-12.881615,12.543258,-12.882389,12.540842,-12.881247,12.539929
0,-12.881615,12.543258,-12.882235,12.542820,-12.882389,12.540842
0,-12.936097,12.538422,-12.934437,12.538843,-12.938260,12.538213
0,-13.043200,12.600757,-13.043143,12.598542,-12.939738,12.537465
0,-13.043200,12.600757,-12.938260,12.538213,-12.924778,12.544517
0,-13.043200,12.600757,-12.939738,12.537465,-12.938260,12.538213
0,-12.996397,12.479416,-12.946260,12.528250,-12.998984,12.480329
0,-12.944533,12.532576,-12.942948,12.535158,-12.945658,12.531092
0,-12.943890,12.533529,-12.942948,12.535158,-12.944533,12.532576
0,-12.961783,12.474908,-12.940911,12.513677,-12.996397,12.479416
0,-13.001466,12.480465,-12.946189,12.529027,-13.052896,12.547375
0,-12.996397,12.479416,-12.945830,12.526810,-12.946260,12.528250
0,-12.939970,12.518631,-12.942609,12.524553,-12.944768,12.526088
0,-12.939970,12.518631,-12.942060,12.524214,-12.942609,12.524553
0,-12.942020,12.487493,-12.941763,12.489741,-12.951223,12.476220
0,-12.996397,12.479416,-12.940911,12.513677,-12.945830,12.526810
0,-12.945830,12.526810,-12.940896,12.514363,-12.944768,12.526088
0,-12.942003,12.484998,-12.942341,12.482940,-12.942029,12.484031
0,-12.941967,12.486055,-12.942020,12.487493,-12.951223,12.476220
0,-12.941967,12.486055,-12.951223,12.476220,-12.942003,12.484998
0,-12.949677,12.476362,-12.947323,12.476299,-12.942552,12.480727
0,-12.942961,12.477793,-12.942935,12.478715,-12.945597,12.475979
0,-12.942552,12.480727,-12.942341,12.482940,-12.949677,12.476362
0,-12.945597,12.475979,-12.942935,12.478715,-12.947323,12.476299
0,-12.961783,12.474908,-12.940670,12.496484,-12.940240,12.498497
0,-12.941321,12.492124,-12.940298,12.494719,-12.940670,12.496484
0,-12.961783,12.474908,-12.940240,12.498497,-12.940911,12.513677
0,-12.940240,12.498497,-12.940079,12.499138,-12.940911,12.513677
0,-12.940911,12.513677,-12.940079,12.499138,-12.940309,12.511910
0,-12.939970,12.518631,-12.939964,12.517058,-12.939709,12.517978
0,-12.939206,12.504779,-12.938687,12.506475,-12.939592,12.510603
0,-12.940309,12.511910,-12.939206,12.504779,-12.939592,12.510603
0,-12.938687,12.506475,-12.938349,12.508442,-12.939592,12.510603
0,-12.938687,12.506475,-12.937941,12.507743,-12.938349,12.508442
0,-12.940079,12.499138,-12.939206,12.504779,-12.940309,12.511910
0,-12.940079,12.499138,-12.939124,12.501281,-12.939076,12.502664
0,-12.940079,12.499138,-12.939076,12.502664,-12.939206,12.504779
0,-12.834163,12.515803,-12.809138,12.517359,-12.807886,12.517887
0,-12.818163,12.514135,-12.816849,12.514551,-12.834163,12.515803
0,-12.832801,12.512538,-12.834163,12.515803,-12.834077,12.514003
0,-12.839151,12.515436,-12.841953,12.515974,-12.840468,12.515374
0,-12.832188,12.511178,-12.830204,12.510801,-12.832801,12.512538
0,-12.832846,12.510132,-12.831557,12.510458,-12.832188,12.511178
0,-12.837310,12.515747,-12.836325,12.515856,-12.845628,12.518705
0,-12.845628,12.518705,-12.836325,12.515856,-12.834163,12.515803
0,-12.841953,12.515974,-12.844773,12.517569,-12.843176,12.515956
0,-12.841953,12.515974,-12.837310,12.515747,-12.845628,12.518705
0,-12.845628,12.518705,-12.844773,12.517569,-12.841953,12.515974
0,-12.845628,12.518705,-12.845426,12.517502,-12.844773,12.517569
0,-12.844773,12.517569,-12.844466,12.516825,-12.843176,12.515956
0,-12.850065,12.519382,-12.848475,12.519333,-12.853366,12.520674
0,-12.863789,12.523866,-12.861503,12.523387,-12.866096,12.525222
0,-12.866096,12.525222,-12.859262,12.522953,-12.878191,12.547912
0,-12.877359,12.531484,-12.876126,12.530435,-12.877607,12.532643
0,-12.876126,12.530435,-12.875542,12.529925,-12.873351,12.528931
0,-12.876126,12.530435,-12.875624,12.529961,-12.875542,12.529925
0,-12.878607,12.546496,-12.871089,12.527710,-12.869376,12.526883
0,-12.859262,12.522953,-12.856975,12.522474,-12.878191,12.547912
0,-12.853366,12.520674,-12.848475,12.519333,-12.854794,12.521444
0,-12.805415,12.519007,-12.804198,12.519600,-12.803860,12.519773
0,-12.878336,12.549205,-12.848475,12.519333,-12.845628,12.518705
0,-12.814245,12.515425,-12.812954,12.515883,-12.834163,12.515803
0,-12.812954,12.515883,-12.811673,12.516357,-12.834163,12.515803
0,-12.746089,12.518669,-12.760232,12.514839,-12.753080,12.516055
0,-12.773246,12.512789,-12.760241,12.514838,-12.803860,12.519773
0,-12.713853,12.573227,-12.803860,12.519773,-12.760241,12.514838
0,-12.713853,12.573227,-12.707260,12.592324,-12.803860,12.519773
0,-12.721433,12.542858,-12.760232,12.514839,-12.746089,12.518669
0,-12.733898,12.523976,-12.730404,12.525656,-12.724527,12.536145
0,-12.724527,12.536145,-12.721433,12.542858,-12.746089,12.518669
0,-12.724527,12.536145,-12.746089,12.518669,-12.740921,12.520600
0,-12.724527,12.536145,-12.740921,12.520600,-12.733898,12.523976
0,-12.773246,12.512789,-12.803860,12.519773,-12.790636,12.514334
0,-12.773246,12.512789,-12.772618,12.512733,-12.760241,12.514838
0,-12.721433,12.542858,-12.760235,12.514839,-12.760232,12.514839
0,-12.721433,12.542858,-12.760241,12.514838,-12.760235,12.514839
0,-12.834163,12.515803,-12.823474,12.512579,-12.822138,12.512954
0,-12.834163,12.515803,-12.820807,12.513337,-12.819482,12.513731
0,-12.834163,12.515803,-12.816849,12.514551,-12.815543,12.514981
0,-12.832188,12.511178,-12.831557,12.510458,-12.830204,12.510801
0,-12.832801,12.512538,-12.830204,12.510801,-12.828853,12.511147
0,-12.834163,12.515803,-12.828853,12.511147,-12.827504,12.511497
0,-12.834163,12.515803,-12.827504,12.511497,-12.827004,12.511629
0,-12.834163,12.515803,-12.826157,12.511852,-12.824814,12.512212
0,-12.834163,12.515803,-12.824814,12.512212,-12.823474,12.512579
