104,6,6,43,40,
0,-12.133265,12.387355,-12.132269,12.387742,-12.130524,12.389305
0,-11.744757,12.603101,-11.743996,12.604231,-11.751775,12.666582
0,-12.241778,12.459936,-12.217359,12.431110,-12.241262,12.461972
0,-12.165528,12.557307,-12.165663,12.556890,-12.162927,12.559421
0,-11.959372,12.411808,-11.964704,12.409332,-11.961473,12.410522
0,-12.228389,12.515527,-12.228108,12.514912,-12.225854,12.528676
0,-12.069845,12.651746,-12.057136,12.657847,-12.066181,12.654487
0,-11.897134,12.446885,-11.854886,12.439233,-11.854126,12.440363
0,-11.855706,12.720820,-11.855910,12.720874,-11.883801,12.720942
0,-12.032301,12.418687,-12.031405,12.417457,-12.033001,12.420139
0,-12.038487,12.663024,-12.044422,12.661228,-12.077364,12.643311
0,-11.885953,12.721076,-11.890445,12.721634,-11.893573,12.721635
0,-12.176861,12.360915,-12.176222,12.362368,-12.177800,12.360233
0,-11.778192,12.553376,-11.777432,12.554505,-11.830934,12.713632
0,-12.150796,12.379103,-12.149940,12.380919,-12.151522,12.378289
0,-12.194056,12.395393,-12.164075,12.371924,-12.162949,12.372332
0,-12.189917,12.366386,-12.188697,12.364915,-12.190779,12.369068
0,-12.185663,12.362017,-12.176143,12.364406,-12.176078,12.365056
0,-12.194173,12.546225,-12.195176,12.545576,-12.179983,12.536123
0,-12.108634,12.417597,-12.105130,12.418689,-12.169413,12.536331
0,-12.183216,12.548704,-12.178063,12.539174,-12.180266,12.548468
0,-12.184626,12.548889,-12.186041,12.549230,-12.179459,12.537505
0,-12.232305,12.503144,-12.233482,12.500521,-12.231802,12.496410
0,-12.227492,12.426743,-12.236715,12.428975,-12.230674,12.425123
0,-12.209147,12.412850,-12.212673,12.425327,-12.209156,12.412858
0,-12.196238,12.545304,-12.179430,12.533774,-12.179905,12.534757
0,-12.208758,12.545186,-12.208762,12.545183,-12.212999,12.539365
0,-12.219084,12.534723,-12.225854,12.528676,-12.228108,12.514912
0,-12.191536,12.549109,-12.192784,12.548315,-12.193194,12.547575
0,-12.216437,12.535919,-12.217398,12.535646,-12.219084,12.534723
0,-12.179094,12.538025,-12.184626,12.548889,-12.179459,12.537505
0,-12.183216,12.548704,-12.180266,12.548468,-12.182356,12.548956
0,-12.126271,12.586270,-12.126307,12.586216,-12.126055,12.584946
0,-12.161281,12.559599,-12.165663,12.556890,-12.165965,12.555954
0,-12.169124,12.537042,-12.159564,12.560328,-12.167782,12.548377
0,-12.152472,12.569234,-12.144496,12.571306,-12.152451,12.569263
0,-12.228389,12.515527,-12.229098,12.525368,-12.233631,12.522498
0,-12.113391,12.598748,-12.113393,12.598747,-12.123587,12.582734
0,-11.989699,12.685814,-11.990579,12.685379,-11.991597,12.684795
0,-11.803259,12.516076,-11.983099,12.689261,-11.804019,12.514946
0,-11.881226,12.722411,-11.872189,12.724932,-11.878697,12.723835
0,-11.958751,12.717072,-11.964905,12.716681,-11.972371,12.708160
0,-11.881226,12.722411,-11.869755,12.724650,-11.872189,12.724932
0,-11.780471,12.549985,-11.883801,12.720942,-11.781231,12.548854
0,-11.846530,12.451664,-11.898070,12.449371,-11.847289,12.450534
0,-11.746277,12.600841,-11.745517,12.601970,-11.751775,12.666582
0,-11.751775,12.666582,-11.745517,12.601970,-11.744757,12.603101
0,-11.992710,12.684107,-11.993534,12.683609,-11.989699,12.685814
0,-11.899466,12.449414,-11.813132,12.501381,-11.812373,12.502513
0,-11.824297,12.711828,-11.827291,12.712938,-11.830934,12.713632
0,-12.121327,12.601679,-12.119089,12.600485,-12.120521,12.601891
0,-12.023619,12.412847,-12.021680,12.412049,-12.019262,12.411372
0,-11.840466,12.460685,-11.898070,12.449371,-11.841225,12.459555
0,-12.096148,12.420715,-12.090747,12.423819,-12.105130,12.418689
0,-12.231802,12.496410,-12.233482,12.500521,-12.233504,12.498498
0,-12.082127,12.426220,-12.088726,12.425325,-12.086156,12.425062
0,-12.074386,12.428882,-12.071918,12.428531,-12.065973,12.430923
0,-12.037698,12.425765,-11.978488,12.409195,-12.038379,12.426477
0,-12.002870,12.404779,-12.000973,12.405137,-12.000125,12.405380
0,-12.174767,12.366459,-12.173245,12.367348,-12.191630,12.372673
0,-12.162949,12.372332,-12.161586,12.372690,-12.160331,12.373345
0,-12.195334,12.391518,-12.198173,12.384890,-12.196660,12.383125
0,-12.212913,12.430627,-12.212286,12.429211,-12.116569,12.413238
0,-12.198267,12.389994,-12.199289,12.386894,-12.198173,12.384890
0,-12.190862,12.370478,-12.190779,12.369068,-12.188697,12.364915
0,-12.194683,12.392289,-12.195497,12.380877,-12.193889,12.378722
0,-12.176222,12.362368,-12.179474,12.359882,-12.177800,12.360233
0,-12.195334,12.391518,-12.195497,12.380877,-12.194683,12.392289
0,-12.160331,12.373345,-12.159822,12.373635,-12.162949,12.372332
0,-12.149418,12.382422,-12.148710,12.384149,-12.159822,12.373635
0,-12.176861,12.360915,-12.176433,12.361521,-12.176222,12.362368
0,-12.176861,12.360915,-12.177800,12.360233,-12.177337,12.360483
0,-12.176222,12.362368,-12.176143,12.364406,-12.179474,12.359882
0,-12.189917,12.366386,-12.190779,12.369068,-12.190644,12.367803
0,-12.190862,12.370478,-12.174767,12.366459,-12.191630,12.372673
0,-12.149418,12.382422,-12.159822,12.373635,-12.158967,12.373813
0,-12.149940,12.380919,-12.149418,12.382422,-12.153360,12.376556
0,-12.121897,12.400875,-12.120604,12.403137,-12.126960,12.395039
0,-12.164075,12.371924,-12.194166,12.394374,-12.165839,12.371010
0,-12.142236,12.385472,-12.126960,12.395039,-12.143369,12.385231
0,-12.122533,12.399879,-12.121897,12.400875,-12.126960,12.395039
0,-12.097912,12.419940,-12.096961,12.420327,-12.096148,12.420715
0,-12.107092,12.417554,-12.105946,12.418065,-12.108634,12.417597
0,-12.117362,12.410500,-12.118920,12.405847,-12.118470,12.406709
0,-12.130524,12.389305,-12.129876,12.390617,-12.133265,12.387355
0,-12.137978,12.386628,-12.128868,12.392801,-12.142236,12.385472
0,-12.125297,12.395861,-12.123700,12.397335,-12.122903,12.398790
0,-12.146298,12.384539,-12.143369,12.385231,-12.147430,12.384388
0,-12.208718,12.411387,-12.207690,12.410405,-12.209147,12.412850
0,-12.199135,12.401326,-12.197081,12.399215,-12.116569,12.413238
0,-12.148710,12.384149,-12.116976,12.412149,-12.116569,12.413238
0,-12.088726,12.425325,-12.080032,12.427083,-12.077646,12.428340
0,-12.079228,12.427426,-12.077646,12.428340,-12.080032,12.427083
0,-12.088726,12.425325,-12.082127,12.426220,-12.080032,12.427083
0,-12.136843,12.570124,-12.137228,12.570642,-12.137685,12.571022
0,-12.217359,12.431110,-12.243074,12.454312,-12.219986,12.430456
0,-12.214430,12.418250,-12.211936,12.415600,-12.213328,12.424167
0,-12.229208,12.488149,-12.232258,12.485028,-12.214588,12.431227
0,-12.199135,12.401326,-12.212286,12.429211,-12.207690,12.410405
0,-12.232559,12.424559,-12.230674,12.425123,-12.235456,12.426435
0,-12.244191,12.466092,-12.243250,12.464435,-12.244034,12.467314
0,-12.235756,12.480311,-12.214588,12.431227,-12.232258,12.485028
0,-12.228389,12.515527,-12.233631,12.522498,-12.229877,12.515212
0,-12.235756,12.480311,-12.241262,12.461972,-12.214588,12.431227
0,-12.235756,12.480311,-12.232258,12.485028,-12.234924,12.481996
0,-12.231802,12.496410,-12.228914,12.493275,-12.230898,12.504871
0,-12.230674,12.425123,-12.228590,12.425831,-12.227492,12.426743
0,-12.239733,12.433477,-12.238125,12.431274,-12.225252,12.428178
0,-12.248901,12.450386,-12.249671,12.447770,-12.248011,12.450377
0,-12.247954,12.446440,-12.246674,12.450509,-12.248011,12.450377
0,-12.249671,12.447770,-12.247954,12.446440,-12.248011,12.450377
0,-12.240966,12.433830,-12.239733,12.433477,-12.243557,12.441292
0,-12.226493,12.427753,-12.238125,12.431274,-12.236715,12.428975
0,-12.242591,12.457903,-12.243074,12.454312,-12.241778,12.459936
0,-12.246674,12.450509,-12.247954,12.446440,-12.247128,12.444974
0,-12.243103,12.456256,-12.243074,12.454312,-12.242591,12.457903
0,-12.243594,12.468204,-12.244034,12.467314,-12.242231,12.463829
0,-12.242042,12.474587,-12.243468,12.471073,-12.243489,12.469097
0,-12.230898,12.504871,-12.232305,12.503144,-12.231802,12.496410
0,-12.234924,12.481996,-12.232258,12.485028,-12.233511,12.484288
0,-12.229208,12.488149,-12.212913,12.430627,-12.228182,12.490068
0,-12.178846,12.533154,-12.228115,12.491855,-12.177889,12.532768
0,-12.178846,12.533154,-12.229238,12.507818,-12.228115,12.491855
0,-12.223252,12.534625,-12.224313,12.533883,-12.224610,12.532992
0,-12.200592,12.547464,-12.202846,12.547245,-12.199120,12.546686
0,-12.112150,12.416325,-12.174715,12.532917,-12.115892,12.413773
0,-12.235507,12.517247,-12.233984,12.516337,-12.234556,12.521048
0,-12.233631,12.522498,-12.234556,12.521048,-12.229877,12.515212
0,-12.236163,12.518571,-12.235507,12.517247,-12.234556,12.521048
0,-12.220574,12.534174,-12.225854,12.528676,-12.219084,12.534723
0,-12.229098,12.525368,-12.232271,12.524272,-12.233631,12.522498
0,-12.220574,12.534174,-12.224610,12.532992,-12.224679,12.531016
0,-12.180070,12.535635,-12.195176,12.545576,-12.196238,12.545304
0,-12.176120,12.541099,-12.174761,12.542495,-12.175413,12.546287
0,-12.176120,12.541099,-12.177472,12.547688,-12.176520,12.540700
0,-12.174396,12.543128,-12.174319,12.543798,-12.174761,12.542495
0,-12.175506,12.546404,-12.177472,12.547688,-12.176120,12.541099
0,-12.160366,12.559836,-12.160791,12.559685,-12.166514,12.552852
0,-12.160791,12.559685,-12.161281,12.559599,-12.166266,12.554138
0,-12.126483,12.562950,-12.127926,12.563184,-12.169124,12.537042
0,-12.076694,12.428772,-12.088726,12.425325,-12.077646,12.428340
0,-12.228115,12.491855,-12.228182,12.490068,-12.177889,12.532768
0,-12.124698,12.594896,-12.118080,12.598642,-12.118751,12.599060
0,-12.039935,12.427812,-12.059602,12.433536,-12.042642,12.428266
0,-12.124864,12.583971,-12.123587,12.582734,-12.124287,12.587811
0,-12.123587,12.582734,-12.113393,12.598747,-12.114156,12.598505
0,-12.208762,12.545183,-12.211134,12.543581,-12.212106,12.542226
0,-12.093646,12.630401,-12.088379,12.635117,-12.090158,12.633751
0,-12.044245,12.661332,-12.044422,12.661228,-12.038487,12.663024
0,-12.119023,12.599894,-12.122295,12.601405,-12.118751,12.599060
0,-12.093646,12.630401,-12.094347,12.629728,-12.111339,12.602749
0,-12.105130,12.418689,-12.088726,12.425325,-12.169413,12.536331
0,-12.126483,12.562950,-12.076694,12.428772,-12.075983,12.429026
0,-12.149303,12.573600,-12.146596,12.572954,-12.147896,12.573836
0,-12.150078,12.572856,-12.150726,12.571985,-12.146109,12.572255
0,-12.150078,12.572856,-12.146109,12.572255,-12.146596,12.572954
0,-12.153776,12.567440,-12.144496,12.571306,-12.152572,12.569096
0,-12.144496,12.571306,-12.136256,12.569337,-12.143819,12.571506
0,-12.162245,12.559547,-12.162927,12.559421,-12.165663,12.556890
0,-12.163820,12.559269,-12.165215,12.558110,-12.162927,12.559421
0,-12.166907,12.551199,-12.160366,12.559836,-12.166597,12.552506
0,-12.161281,12.559599,-12.166053,12.555481,-12.166151,12.554959
0,-12.166907,12.551199,-12.160109,12.559961,-12.160366,12.559836
0,-12.144496,12.571306,-12.154814,12.566152,-12.135208,12.568561
0,-12.126483,12.562950,-12.169124,12.537042,-12.169413,12.536331
0,-12.111339,12.602749,-12.112885,12.599310,-12.077364,12.643311
0,-12.070254,12.651378,-12.071825,12.649961,-12.057136,12.657847
0,-12.076177,12.644978,-12.077364,12.643311,-12.057136,12.657847
0,-12.076177,12.644978,-12.057136,12.657847,-12.073090,12.648665
0,-12.044712,12.428054,-12.042642,12.428266,-12.047146,12.428180
0,-12.000148,12.682012,-12.016472,12.676019,-12.018443,12.674562
0,-11.898070,12.449371,-11.829837,12.476513,-11.829078,12.477643
0,-12.038487,12.663024,-12.043079,12.662017,-12.044245,12.661332
0,-12.061729,12.656787,-12.063240,12.656302,-12.066181,12.654487
0,-12.049842,12.660375,-12.046129,12.660823,-12.049711,12.660420
0,-12.077364,12.643311,-12.044422,12.661228,-12.044594,12.661188
0,-12.122637,12.572147,-12.123110,12.569704,-12.112885,12.599310
0,-11.987426,12.686995,-11.986138,12.687618,-11.986654,12.687378
0,-11.899466,12.449414,-11.810094,12.505904,-11.984591,12.688339
0,-11.940648,12.716882,-11.976636,12.698320,-11.977382,12.696666
0,-11.974951,12.702320,-11.976074,12.699975,-11.976273,12.699389
0,-11.978089,12.695193,-11.978511,12.693816,-11.977382,12.696666
0,-11.973967,12.703835,-11.976636,12.698320,-11.945885,12.717484
0,-11.954304,12.717346,-11.973075,12.705396,-11.973967,12.703835
0,-11.983099,12.689261,-11.804778,12.513815,-11.804019,12.514946
0,-11.940648,12.716882,-11.977382,12.696666,-11.978511,12.693816
0,-11.964905,12.716681,-11.971340,12.712114,-11.971997,12.710224
0,-11.774393,12.559027,-11.773633,12.560156,-11.830934,12.713632
0,-11.816954,12.710584,-11.820504,12.711367,-11.824297,12.711828
0,-11.824297,12.711828,-11.762996,12.575978,-11.816954,12.710584
0,-11.845765,12.718613,-11.853619,12.720269,-11.830934,12.713632
0,-11.814053,12.710025,-11.763987,12.679664,-11.792725,12.704765
0,-11.792725,12.704765,-11.765806,12.682703,-11.771966,12.690851
0,-11.748556,12.597451,-11.747796,12.598580,-11.751775,12.666582
0,-11.760669,12.678007,-11.763987,12.679664,-11.757117,12.675021
0,-11.740196,12.609881,-11.739436,12.611011,-11.751775,12.666582
0,-11.742476,12.606491,-11.751775,12.666582,-11.743236,12.605360
0,-11.814053,12.710025,-11.760716,12.579370,-11.759956,12.580499
0,-11.763987,12.679664,-11.751597,12.592930,-11.750837,12.594061
0,-11.743996,12.604231,-11.743236,12.605360,-11.751775,12.666582
0,-11.751775,12.666582,-11.747796,12.598580,-11.747036,12.599710
0,-11.839306,12.717227,-11.840762,12.717732,-11.845765,12.718613
0,-11.768315,12.568068,-11.767555,12.569198,-11.824297,12.711828
0,-11.769835,12.565807,-11.824297,12.711828,-11.770049,12.565489
0,-11.797943,12.523989,-11.980102,12.691467,-11.798702,12.522858
0,-11.786549,12.540943,-11.883801,12.720942,-11.787308,12.539812
0,-11.784270,12.544334,-11.783510,12.545464,-11.883801,12.720942
0,-11.781991,12.547724,-11.781231,12.548854,-11.883801,12.720942
0,-11.775153,12.557896,-11.774393,12.559027,-11.830934,12.713632
0,-11.983099,12.689261,-11.807057,12.510424,-11.806297,12.511555
0,-11.983171,12.689217,-11.984591,12.688339,-11.809335,12.507033
0,-11.795664,12.527380,-11.794904,12.528509,-11.912995,12.718981
0,-11.808576,12.508163,-11.983171,12.689217,-11.809335,12.507033
0,-11.908638,12.719580,-11.791107,12.534161,-11.790347,12.535292
0,-11.983099,12.689261,-11.983171,12.689217,-11.808576,12.508163
0,-11.984591,12.688339,-11.810094,12.505904,-11.809335,12.507033
0,-11.805538,12.512685,-11.983099,12.689261,-11.806297,12.511555
0,-11.818448,12.493468,-11.899466,12.449414,-11.819207,12.492338
0,-11.819207,12.492338,-11.899466,12.449414,-11.819966,12.491208
0,-11.899466,12.449414,-11.984591,12.688339,-11.993534,12.683609
0,-11.899466,12.449414,-11.812373,12.502513,-11.811613,12.503642
0,-11.811613,12.503642,-11.810854,12.504772,-11.899466,12.449414
0,-11.897134,12.446885,-11.896060,12.443757,-11.854886,12.439233
0,-11.849568,12.447144,-11.898070,12.449371,-11.851859,12.444206
0,-11.848809,12.448274,-11.898070,12.449371,-11.849568,12.447144
0,-11.826801,12.481034,-11.826041,12.482165,-11.898070,12.449371
0,-11.825282,12.483295,-11.824523,12.484425,-11.898070,12.449371
0,-11.823763,12.485556,-11.823004,12.486686,-11.898070,12.449371
0,-11.897134,12.446885,-11.854126,12.440363,-11.853367,12.441493
0,-11.897134,12.446885,-11.851859,12.444206,-11.898070,12.449371
0,-11.896060,12.443757,-11.894470,12.439106,-11.857165,12.435842
0,-11.853367,12.441493,-11.851859,12.444206,-11.897134,12.446885
0,-12.067387,12.429358,-12.069623,12.428325,-12.067731,12.428507
0,-11.947125,12.419583,-11.945392,12.420729,-11.949929,12.417926
0,-12.123110,12.569704,-12.039935,12.427812,-12.112885,12.599310
0,-11.993534,12.683609,-11.996342,12.682502,-11.899466,12.449414
0,-12.125718,12.563393,-12.126483,12.562950,-12.061086,12.433950
0,-11.908633,12.443666,-11.905828,12.445368,-12.029262,12.666146
0,-12.031118,12.665570,-12.039935,12.427812,-12.029262,12.666146
0,-12.032708,12.419251,-12.032301,12.418687,-12.033001,12.420139
0,-12.045750,12.428038,-12.044712,12.428054,-12.047146,12.428180
0,-11.887753,12.425988,-11.885745,12.425576,-11.888545,12.426584
0,-11.860203,12.431320,-11.881209,12.423817,-11.860963,12.430190
0,-12.034803,12.422545,-12.034272,12.421508,-12.033001,12.420139
0,-12.012710,12.403563,-12.012250,12.403410,-12.011969,12.403343
0,-12.018475,12.411119,-12.035347,12.423201,-12.034803,12.422545
0,-12.031906,12.417887,-12.031405,12.417457,-12.032301,12.418687
0,-12.031405,12.417457,-12.027743,12.414626,-12.033001,12.420139
0,-12.034803,12.422545,-12.033001,12.420139,-12.019262,12.411372
0,-12.015321,12.405629,-12.014778,12.404874,-12.012710,12.403563
0,-12.035347,12.423201,-12.018475,12.411119,-11.981199,12.408368
0,-12.012710,12.403563,-12.011969,12.403343,-12.015321,12.405629
0,-12.017794,12.410362,-12.017217,12.409372,-12.004425,12.404552
0,-12.015809,12.406339,-12.015654,12.406113,-12.016323,12.408007
0,-12.012710,12.403563,-12.014778,12.404874,-12.013174,12.403718
0,-12.015650,12.406108,-12.015321,12.405629,-12.016323,12.408007
0,-11.996997,12.405698,-11.995645,12.405791,-12.018475,12.411119
0,-12.000125,12.405380,-12.017794,12.410362,-12.002870,12.404779
0,-12.018475,12.411119,-12.000125,12.405380,-11.998910,12.405504
0,-12.018475,12.411119,-12.017794,12.410362,-12.000125,12.405380
0,-12.005320,12.404300,-12.016323,12.408007,-12.007781,12.403595
0,-11.995645,12.405791,-11.981199,12.408368,-12.018475,12.411119
0,-12.016323,12.408007,-12.011969,12.403343,-12.009910,12.403113
0,-11.936642,12.426473,-11.941647,12.422845,-11.937338,12.425805
0,-11.943431,12.421971,-11.936642,12.426473,-12.039935,12.427812
0,-11.892379,12.431839,-11.885745,12.425576,-11.893682,12.436532
0,-11.976525,12.408045,-11.978488,12.409195,-11.977696,12.408545
0,-11.976525,12.408045,-11.969752,12.408131,-11.978488,12.409195
0,-11.968490,12.408361,-11.978488,12.409195,-11.969752,12.408131
0,-11.948621,12.418200,-11.947125,12.419583,-11.949929,12.417926
0,-12.199425,12.388013,-12.199289,12.386894,-12.198917,12.389320
0,-12.198917,12.389320,-12.199289,12.386894,-12.198267,12.389994
0,-12.195334,12.391518,-12.196660,12.383125,-12.195497,12.380877
0,-12.193889,12.378722,-12.195497,12.380877,-12.194966,12.379657
0,-12.196725,12.390901,-12.198173,12.384890,-12.195334,12.391518
0,-12.194683,12.392289,-12.193158,12.377694,-12.169696,12.369404
0,-12.195665,12.397548,-12.194056,12.395393,-12.148710,12.384149
0,-12.206427,12.408351,-12.199135,12.401326,-12.207690,12.410405
0,-12.197081,12.399215,-12.148710,12.384149,-12.116569,12.413238
0,-12.195665,12.397548,-12.148710,12.384149,-12.197081,12.399215
0,-12.198267,12.389994,-12.198173,12.384890,-12.196725,12.390901
0,-12.207690,12.410405,-12.212405,12.427268,-12.209147,12.412850
0,-12.215071,12.423019,-12.214430,12.418250,-12.213328,12.424167
0,-12.212673,12.425327,-12.210125,12.413880,-12.209156,12.412858
0,-12.212673,12.425327,-12.211936,12.415600,-12.210125,12.413880
0,-12.205453,12.406931,-12.199135,12.401326,-12.206427,12.408351
0,-12.204434,12.405122,-12.199135,12.401326,-12.205453,12.406931
0,-12.204052,12.403855,-12.202730,12.402675,-12.204434,12.405122
0,-12.204434,12.405122,-12.202730,12.402675,-12.200367,12.401679
0,-12.204434,12.405122,-12.200367,12.401679,-12.199135,12.401326
0,-12.172303,12.368002,-12.193158,12.377694,-12.192640,12.375307
0,-12.174767,12.366459,-12.190862,12.370478,-12.175754,12.365704
0,-12.193158,12.377694,-12.194683,12.392289,-12.193889,12.378722
0,-12.191630,12.372673,-12.172303,12.368002,-12.192640,12.375307
0,-12.170903,12.368873,-12.169696,12.369404,-12.193158,12.377694
0,-12.173245,12.367348,-12.172303,12.368002,-12.191630,12.372673
0,-12.194683,12.392289,-12.169696,12.369404,-12.167855,12.370162
0,-12.194683,12.392289,-12.167855,12.370162,-12.194166,12.394374
0,-12.167855,12.370162,-12.165839,12.371010,-12.194166,12.394374
0,-12.186788,12.363146,-12.185663,12.362017,-12.176078,12.365056
0,-12.170903,12.368873,-12.193158,12.377694,-12.172303,12.368002
0,-12.190862,12.370478,-12.188697,12.364915,-12.175754,12.365704
0,-12.175754,12.365704,-12.188697,12.364915,-12.186788,12.363146
0,-12.176222,12.362368,-12.176010,12.363300,-12.176143,12.364406
0,-12.186788,12.363146,-12.176078,12.365056,-12.175754,12.365704
0,-12.181380,12.359449,-12.179474,12.359882,-12.185663,12.362017
0,-12.185663,12.362017,-12.179474,12.359882,-12.176143,12.364406
0,-12.181380,12.359449,-12.185663,12.362017,-12.185200,12.360854
0,-12.183626,12.359472,-12.185200,12.360854,-12.184630,12.359907
0,-12.181380,12.359449,-12.185200,12.360854,-12.183626,12.359472
0,-12.194166,12.394374,-12.164075,12.371924,-12.194056,12.395393
0,-12.194056,12.395393,-12.162949,12.372332,-12.159822,12.373635
0,-12.149418,12.382422,-12.158967,12.373813,-12.154323,12.375888
0,-12.158967,12.373813,-12.157812,12.373940,-12.156732,12.374442
0,-12.153360,12.376556,-12.149418,12.382422,-12.154323,12.375888
0,-12.150209,12.379910,-12.149940,12.380919,-12.150796,12.379103
0,-12.142236,12.385472,-12.140967,12.385431,-12.139123,12.386153
0,-12.154323,12.375888,-12.158967,12.373813,-12.156732,12.374442
0,-12.149940,12.380919,-12.153360,12.376556,-12.151522,12.378289
0,-12.153360,12.376556,-12.152786,12.376992,-12.151522,12.378289
0,-12.126960,12.395039,-12.116976,12.412149,-12.147430,12.384388
0,-12.194056,12.395393,-12.159822,12.373635,-12.148710,12.384149
0,-12.144889,12.384768,-12.143369,12.385231,-12.146298,12.384539
0,-12.147430,12.384388,-12.143369,12.385231,-12.126960,12.395039
0,-12.137978,12.386628,-12.142236,12.385472,-12.139123,12.386153
0,-12.142236,12.385472,-12.128868,12.392801,-12.126960,12.395039
0,-12.131409,12.388221,-12.130524,12.389305,-12.132269,12.387742
0,-12.135337,12.386962,-12.128868,12.392801,-12.136571,12.386722
0,-12.128868,12.392801,-12.127754,12.393864,-12.126960,12.395039
0,-12.129876,12.390617,-12.135337,12.386962,-12.133265,12.387355
0,-12.129876,12.390617,-12.128868,12.392801,-12.135337,12.386962
0,-12.148710,12.384149,-12.147430,12.384388,-12.116976,12.412149
0,-12.112830,12.415655,-12.112150,12.416325,-12.114848,12.414294
0,-12.212405,12.427268,-12.212673,12.425327,-12.209147,12.412850
0,-12.112150,12.416325,-12.115892,12.413773,-12.114848,12.414294
0,-12.178846,12.533154,-12.179430,12.533774,-12.214604,12.537123
0,-12.170098,12.535878,-12.112150,12.416325,-12.108634,12.417597
0,-12.105130,12.418689,-12.089875,12.424478,-12.088726,12.425325
0,-12.097912,12.419940,-12.096148,12.420715,-12.105130,12.418689
0,-12.101326,12.418712,-12.105130,12.418689,-12.103167,12.418397
0,-12.097912,12.419940,-12.105130,12.418689,-12.101326,12.418712
0,-12.170098,12.535878,-12.108634,12.417597,-12.169413,12.536331
0,-12.112150,12.416325,-12.109975,12.416952,-12.108634,12.417597
0,-12.108634,12.417597,-12.105946,12.418065,-12.105130,12.418689
0,-12.117299,12.409533,-12.117362,12.410500,-12.117765,12.408120
0,-12.116976,12.412149,-12.126960,12.395039,-12.120604,12.403137
0,-12.117362,12.410500,-12.120604,12.403137,-12.118920,12.405847
0,-12.117362,12.410500,-12.116976,12.412149,-12.120604,12.403137
0,-12.120604,12.403137,-12.119626,12.404301,-12.118920,12.405847
0,-12.120604,12.403137,-12.121897,12.400875,-12.121114,12.401905
0,-12.117362,12.410500,-12.118470,12.406709,-12.117765,12.408120
0,-12.136571,12.386722,-12.128868,12.392801,-12.137978,12.386628
0,-12.123253,12.397917,-12.122903,12.398790,-12.123700,12.397335
0,-12.125297,12.395861,-12.122903,12.398790,-12.126960,12.395039
0,-12.122903,12.398790,-12.122533,12.399879,-12.126960,12.395039
0,-12.215071,12.423019,-12.215987,12.420647,-12.214430,12.418250
0,-12.215071,12.423019,-12.215672,12.422296,-12.215987,12.420647
0,-12.243931,12.452766,-12.243557,12.441292,-12.243074,12.454312
0,-12.221145,12.428476,-12.220834,12.429785,-12.223178,12.427914
0,-12.213328,12.424167,-12.211936,12.415600,-12.212673,12.425327
0,-12.212286,12.429211,-12.212405,12.427268,-12.207690,12.410405
0,-12.215987,12.420647,-12.215750,12.419624,-12.214430,12.418250
0,-12.215987,12.420647,-12.215672,12.422296,-12.215977,12.421570
0,-12.101326,12.418712,-12.099918,12.418850,-12.098967,12.419237
0,-12.098967,12.419237,-12.097912,12.419940,-12.101326,12.418712
0,-12.094534,12.421267,-12.090747,12.423819,-12.096148,12.420715
0,-12.091954,12.422658,-12.094534,12.421267,-12.093641,12.421375
0,-12.090747,12.423819,-12.089875,12.424478,-12.105130,12.418689
0,-12.085117,12.425114,-12.082127,12.426220,-12.086156,12.425062
0,-12.084375,12.424953,-12.082127,12.426220,-12.085117,12.425114
0,-12.082127,12.426220,-12.084375,12.424953,-12.082397,12.425130
0,-12.091954,12.422658,-12.090747,12.423819,-12.094534,12.421267
0,-12.061086,12.433950,-12.075983,12.429026,-12.064239,12.432304
0,-12.086156,12.425062,-12.088726,12.425325,-12.088030,12.425164
0,-12.071918,12.428531,-12.074386,12.428882,-12.072993,12.428569
0,-12.070981,12.428457,-12.066939,12.429994,-12.071918,12.428531
0,-12.069623,12.428325,-12.067737,12.428494,-12.067731,12.428507
0,-12.066939,12.429994,-12.069623,12.428325,-12.067387,12.429358
0,-12.064239,12.432304,-12.065973,12.430923,-12.064916,12.431679
0,-12.061086,12.433950,-12.064239,12.432304,-12.062714,12.432992
0,-12.075138,12.428999,-12.065973,12.430923,-12.064239,12.432304
0,-12.065973,12.430923,-12.075138,12.428999,-12.074386,12.428882
0,-12.064239,12.432304,-12.075983,12.429026,-12.075138,12.428999
0,-12.066939,12.429994,-12.070981,12.428457,-12.069623,12.428325
0,-12.065973,12.430923,-12.071918,12.428531,-12.066939,12.429994
0,-12.219986,12.430456,-12.239733,12.433477,-12.225252,12.428178
0,-12.241262,12.461972,-12.217359,12.431110,-12.214588,12.431227
0,-12.241778,12.459936,-12.243074,12.454312,-12.217359,12.431110
0,-12.115892,12.413773,-12.212913,12.430627,-12.116569,12.413238
0,-12.225252,12.428178,-12.220834,12.429785,-12.219986,12.430456
0,-12.116569,12.413238,-12.212286,12.429211,-12.199135,12.401326
0,-12.175296,12.532775,-12.228182,12.490068,-12.212913,12.430627
0,-12.223178,12.427914,-12.220834,12.429785,-12.225252,12.428178
0,-12.221843,12.427900,-12.221145,12.428476,-12.223178,12.427914
0,-12.229098,12.525368,-12.230824,12.525198,-12.232271,12.524272
0,-12.229238,12.507818,-12.228420,12.512609,-12.229019,12.510404
0,-12.178846,12.533154,-12.214604,12.537123,-12.228108,12.514912
0,-12.225854,12.528676,-12.227649,12.526530,-12.228389,12.515527
0,-12.227649,12.526530,-12.229098,12.525368,-12.228389,12.515527
0,-12.236163,12.518571,-12.234556,12.521048,-12.236006,12.519887
0,-12.234556,12.521048,-12.233984,12.516337,-12.232603,12.515570
0,-12.234556,12.521048,-12.232603,12.515570,-12.231267,12.515180
0,-12.234556,12.521048,-12.231267,12.515180,-12.229877,12.515212
0,-12.229238,12.507818,-12.230898,12.504871,-12.228914,12.493275
0,-12.228115,12.491855,-12.229238,12.507818,-12.228914,12.493275
0,-12.228108,12.514912,-12.228420,12.512609,-12.178846,12.533154
0,-12.212913,12.430627,-12.229208,12.488149,-12.214588,12.431227
0,-12.241396,12.463286,-12.241262,12.461972,-12.235756,12.480311
0,-12.234188,12.424819,-12.232559,12.424559,-12.235456,12.426435
0,-12.238125,12.431274,-12.226493,12.427753,-12.225252,12.428178
0,-12.236715,12.428975,-12.227492,12.426743,-12.226493,12.427753
0,-12.240966,12.433830,-12.244842,12.436737,-12.243239,12.433951
0,-12.235456,12.426435,-12.230674,12.425123,-12.236715,12.428975
0,-12.242042,12.474587,-12.241396,12.463286,-12.240246,12.476875
0,-12.241396,12.463286,-12.238122,12.478500,-12.240246,12.476875
0,-12.241396,12.463286,-12.235756,12.480311,-12.238122,12.478500
0,-12.243557,12.441292,-12.219986,12.430456,-12.243074,12.454312
0,-12.239733,12.433477,-12.219986,12.430456,-12.243557,12.441292
0,-12.240966,12.433830,-12.243557,12.441292,-12.244276,12.438821
0,-12.244842,12.436737,-12.240966,12.433830,-12.244276,12.438821
0,-12.245131,12.451466,-12.247128,12.444974,-12.245812,12.443211
0,-12.245131,12.451466,-12.245812,12.443211,-12.244241,12.442125
0,-12.244842,12.436737,-12.244561,12.435228,-12.243239,12.433951
0,-12.249671,12.447770,-12.249997,12.449668,-12.250351,12.448894
0,-12.249671,12.447770,-12.248901,12.450386,-12.249997,12.449668
0,-12.247128,12.444974,-12.245131,12.451466,-12.246674,12.450509
0,-12.244241,12.442125,-12.243557,12.441292,-12.243931,12.452766
0,-12.245131,12.451466,-12.244241,12.442125,-12.243931,12.452766
0,-12.244191,12.466092,-12.243914,12.465101,-12.243250,12.464435
0,-12.242231,12.463829,-12.244034,12.467314,-12.243250,12.464435
0,-12.241396,12.463286,-12.243594,12.468204,-12.242231,12.463829
0,-12.242042,12.474587,-12.242969,12.472950,-12.243468,12.471073
0,-12.243489,12.469097,-12.243594,12.468204,-12.241396,12.463286
0,-12.242042,12.474587,-12.243489,12.469097,-12.241396,12.463286
0,-12.220574,12.534174,-12.224679,12.531016,-12.225854,12.528676
0,-12.223252,12.534625,-12.224610,12.532992,-12.220574,12.534174
0,-12.219084,12.534723,-12.228108,12.514912,-12.216437,12.535919
0,-12.196238,12.545304,-12.196790,12.545421,-12.212999,12.539365
0,-12.186041,12.549230,-12.194173,12.546225,-12.179459,12.537505
0,-12.178603,12.538475,-12.178063,12.539174,-12.179094,12.538025
0,-12.214604,12.537123,-12.216437,12.535919,-12.228108,12.514912
0,-12.197642,12.545601,-12.198683,12.546394,-12.202846,12.547245
0,-12.179459,12.537505,-12.194173,12.546225,-12.179721,12.536848
0,-12.179721,12.536848,-12.194173,12.546225,-12.179983,12.536123
0,-12.115892,12.413773,-12.174715,12.532917,-12.212913,12.430627
0,-12.177889,12.532768,-12.228182,12.490068,-12.176547,12.532720
0,-12.176547,12.532720,-12.228182,12.490068,-12.175296,12.532775
0,-12.174393,12.533147,-12.174715,12.532917,-12.173190,12.533770
0,-12.175296,12.532775,-12.212913,12.430627,-12.174715,12.532917
0,-12.179353,12.548265,-12.176520,12.540700,-12.177472,12.547688
0,-12.173190,12.533770,-12.112150,12.416325,-12.170098,12.535878
0,-12.159185,12.560658,-12.159564,12.560328,-12.127926,12.563184
0,-12.229238,12.507818,-12.178846,12.533154,-12.228420,12.512609
0,-12.178063,12.539174,-12.177360,12.539918,-12.180266,12.548468
0,-12.171465,12.535133,-12.173190,12.533770,-12.170098,12.535878
0,-12.174715,12.532917,-12.112150,12.416325,-12.173190,12.533770
0,-12.174761,12.542495,-12.174866,12.545601,-12.175413,12.546287
0,-12.169752,12.539650,-12.169459,12.538588,-12.168665,12.546867
0,-12.170267,12.543983,-12.170209,12.540668,-12.169752,12.539650
0,-12.170632,12.542767,-12.170461,12.541200,-12.170209,12.540668
0,-12.170632,12.542767,-12.170209,12.540668,-12.170267,12.543983
0,-12.170267,12.543983,-12.169752,12.539650,-12.169566,12.545560
0,-12.170267,12.543983,-12.169566,12.545560,-12.169784,12.545244
0,-12.174761,12.542495,-12.174370,12.544379,-12.174866,12.545601
0,-12.174866,12.545601,-12.174370,12.544379,-12.174559,12.545086
0,-12.174761,12.542495,-12.174319,12.543798,-12.174370,12.544379
0,-12.179983,12.536123,-12.195176,12.545576,-12.180070,12.535635
0,-12.175115,12.541873,-12.174761,12.542495,-12.176120,12.541099
0,-12.176120,12.541099,-12.175479,12.541490,-12.175115,12.541873
0,-12.176763,12.540457,-12.176520,12.540700,-12.179353,12.548265
0,-12.179430,12.533774,-12.196238,12.545304,-12.214604,12.537123
0,-12.196790,12.545421,-12.197642,12.545601,-12.212999,12.539365
0,-12.212999,12.539365,-12.208762,12.545183,-12.212106,12.542226
0,-12.207242,12.545881,-12.208758,12.545186,-12.212999,12.539365
0,-12.122295,12.601405,-12.123326,12.601289,-12.125566,12.596872
0,-12.214604,12.537123,-12.196238,12.545304,-12.212999,12.539365
0,-12.180070,12.535635,-12.196238,12.545304,-12.179905,12.534757
0,-12.207242,12.545881,-12.207673,12.545720,-12.208758,12.545186
0,-12.094347,12.629728,-12.104785,12.618147,-12.109239,12.608433
0,-12.205939,12.546368,-12.207242,12.545881,-12.212999,12.539365
0,-12.204205,12.547017,-12.205939,12.546368,-12.197642,12.545601
0,-12.212999,12.539365,-12.197642,12.545601,-12.205939,12.546368
0,-12.198683,12.546394,-12.199120,12.546686,-12.202846,12.547245
0,-12.186647,12.549377,-12.193304,12.547376,-12.194173,12.546225
0,-12.175506,12.546404,-12.176228,12.547129,-12.177472,12.547688
0,-12.175447,12.546331,-12.175506,12.546404,-12.176120,12.541099
0,-12.202846,12.547245,-12.204205,12.547017,-12.197642,12.545601
0,-12.200592,12.547464,-12.199120,12.546686,-12.199443,12.547229
0,-12.186041,12.549230,-12.186647,12.549377,-12.194173,12.546225
0,-12.193304,12.547376,-12.191536,12.549109,-12.193194,12.547575
0,-12.193304,12.547376,-12.189447,12.549565,-12.191536,12.549109
0,-12.191536,12.549109,-12.192455,12.548755,-12.192784,12.548315
0,-12.189447,12.549565,-12.186647,12.549377,-12.188022,12.549710
0,-12.189447,12.549565,-12.193304,12.547376,-12.186647,12.549377
0,-12.179094,12.538025,-12.183216,12.548704,-12.184626,12.548889
0,-12.179094,12.538025,-12.178063,12.539174,-12.183216,12.548704
0,-12.181857,12.549076,-12.182356,12.548956,-12.180266,12.548468
0,-12.181336,12.549082,-12.181857,12.549076,-12.180266,12.548468
0,-12.181336,12.549082,-12.180266,12.548468,-12.180793,12.548951
0,-12.177360,12.539918,-12.176763,12.540457,-12.179353,12.548265
0,-12.180266,12.548468,-12.177360,12.539918,-12.179762,12.548356
0,-12.179762,12.548356,-12.177360,12.539918,-12.179353,12.548265
0,-12.165663,12.556890,-12.161281,12.559599,-12.162245,12.559547
0,-12.166151,12.554959,-12.166235,12.554363,-12.161281,12.559599
0,-12.166514,12.552852,-12.160791,12.559685,-12.166266,12.554138
0,-12.159564,12.560328,-12.159877,12.560093,-12.167419,12.549409
0,-12.127926,12.563184,-12.159564,12.560328,-12.169124,12.537042
0,-12.155329,12.565513,-12.157652,12.562622,-12.133882,12.567782
0,-12.155329,12.565513,-12.157108,12.563664,-12.157652,12.562622
0,-12.155329,12.565513,-12.156618,12.564398,-12.157108,12.563664
0,-12.158771,12.561056,-12.159185,12.560658,-12.128755,12.563684
0,-12.158339,12.561507,-12.158771,12.561056,-12.128755,12.563684
0,-12.157652,12.562622,-12.158339,12.561507,-12.133882,12.567782
0,-12.165215,12.558110,-12.165528,12.557307,-12.162927,12.559421
0,-12.164597,12.558932,-12.165215,12.558110,-12.163820,12.559269
0,-12.166597,12.552506,-12.160366,12.559836,-12.166514,12.552852
0,-12.161281,12.559599,-12.166235,12.554363,-12.166266,12.554138
0,-12.161281,12.559599,-12.165965,12.555954,-12.166053,12.555481
0,-12.175413,12.546287,-12.175447,12.546331,-12.176120,12.541099
0,-12.169752,12.539650,-12.168665,12.546867,-12.169566,12.545560
0,-12.169459,12.538588,-12.169124,12.537042,-12.167782,12.548377
0,-12.169459,12.538588,-12.167782,12.548377,-12.168665,12.546867
0,-12.159564,12.560328,-12.167419,12.549409,-12.167782,12.548377
0,-12.159877,12.560093,-12.160109,12.559961,-12.166907,12.551199
0,-12.167419,12.549409,-12.159877,12.560093,-12.166907,12.551199
0,-12.124698,12.594896,-12.124404,12.593319,-12.118080,12.598642
0,-12.117407,12.598350,-12.124115,12.591262,-12.124175,12.589908
0,-12.116633,12.598500,-12.114156,12.598505,-12.115698,12.598711
0,-12.117407,12.598350,-12.114156,12.598505,-12.116633,12.598500
0,-12.124175,12.589908,-12.124287,12.587811,-12.114156,12.598505
0,-12.125566,12.596872,-12.118751,12.599060,-12.122295,12.601405
0,-12.041614,12.428047,-12.040962,12.427896,-12.039935,12.427812
0,-12.111339,12.602749,-12.077364,12.643311,-12.085803,12.637095
0,-12.122072,12.574982,-12.122637,12.572147,-12.112885,12.599310
0,-12.038487,12.663024,-12.077364,12.643311,-12.112885,12.599310
0,-12.126044,12.599960,-12.126140,12.599511,-12.126140,12.599511
0,-12.125393,12.600585,-12.126140,12.599511,-12.126081,12.598582
0,-12.121327,12.601679,-12.121619,12.601492,-12.119089,12.600485
0,-12.125393,12.600585,-12.126044,12.599960,-12.126140,12.599511
0,-12.126081,12.598582,-12.124487,12.601049,-12.125393,12.600585
0,-12.124487,12.601049,-12.126081,12.598582,-12.123326,12.601289
0,-12.121619,12.601492,-12.122295,12.601405,-12.119023,12.599894
0,-12.123326,12.601289,-12.126081,12.598582,-12.125566,12.596872
0,-12.120521,12.601891,-12.119089,12.600485,-12.119211,12.601024
0,-12.120071,12.601855,-12.120521,12.601891,-12.119527,12.601533
0,-12.119024,12.599894,-12.121619,12.601492,-12.119023,12.599894
0,-12.119527,12.601533,-12.120521,12.601891,-12.119211,12.601024
0,-12.119089,12.600485,-12.121619,12.601492,-12.119024,12.599894
0,-12.083532,12.639444,-12.085803,12.637095,-12.077364,12.643311
0,-12.088379,12.635117,-12.093646,12.630401,-12.085803,12.637095
0,-12.074941,12.646879,-12.076177,12.644978,-12.073843,12.647940
0,-12.076177,12.644978,-12.073764,12.648015,-12.073843,12.647940
0,-12.076177,12.644978,-12.073090,12.648665,-12.073764,12.648015
0,-12.066181,12.654487,-12.066188,12.654484,-12.069845,12.651746
0,-12.066181,12.654487,-12.063240,12.656302,-12.063532,12.656208
0,-12.063532,12.656208,-12.063825,12.656114,-12.066181,12.654487
0,-12.073090,12.648665,-12.057136,12.657847,-12.071825,12.649961
0,-12.057136,12.657847,-12.070087,12.651528,-12.070254,12.651378
0,-12.057136,12.657847,-12.069845,12.651746,-12.070087,12.651528
0,-12.066188,12.654484,-12.067845,12.653756,-12.069845,12.651746
0,-12.109448,12.607908,-12.094347,12.629728,-12.109239,12.608433
0,-12.102337,12.622055,-12.104785,12.618147,-12.094347,12.629728
0,-12.088379,12.635117,-12.093646,12.630401,-12.088379,12.635117
0,-12.111339,12.602749,-12.094347,12.629728,-12.109450,12.607903
0,-12.104785,12.618147,-12.106461,12.615472,-12.109239,12.608433
0,-12.112885,12.599310,-12.111339,12.602749,-12.112574,12.600195
0,-12.112574,12.600195,-12.111339,12.602749,-12.112159,12.601326
0,-12.093646,12.630401,-12.111339,12.602749,-12.085803,12.637095
0,-12.111339,12.602749,-12.109450,12.607903,-12.111133,12.603658
0,-12.111133,12.603658,-12.109450,12.607903,-12.111127,12.603685
0,-12.109450,12.607903,-12.094347,12.629728,-12.109448,12.607908
0,-12.123587,12.582734,-12.123302,12.580414,-12.113391,12.598748
0,-12.124287,12.587811,-12.123587,12.582734,-12.114156,12.598505
0,-12.125810,12.586953,-12.126271,12.586270,-12.126055,12.584946
0,-12.122886,12.577788,-12.113391,12.598748,-12.123302,12.580414
0,-12.113391,12.598748,-12.122072,12.574982,-12.112885,12.599310
0,-12.060207,12.433697,-12.059602,12.433536,-12.061086,12.433950
0,-12.122886,12.577788,-12.122072,12.574982,-12.113391,12.598748
0,-12.126055,12.584946,-12.124864,12.583971,-12.125810,12.586953
0,-12.125810,12.586953,-12.124864,12.583971,-12.124287,12.587811
0,-12.117407,12.598350,-12.124175,12.589908,-12.114156,12.598505
0,-12.124698,12.594896,-12.118751,12.599060,-12.125566,12.596872
0,-12.124404,12.593319,-12.117407,12.598350,-12.118080,12.598642
0,-12.124115,12.591262,-12.117407,12.598350,-12.124404,12.593319
0,-12.143819,12.571506,-12.142232,12.571986,-12.143634,12.571624
0,-12.142918,12.571941,-12.143634,12.571624,-12.142232,12.571986
0,-12.146596,12.572954,-12.149303,12.573600,-12.150078,12.572856
0,-12.147896,12.573836,-12.148662,12.573907,-12.149303,12.573600
0,-12.147896,12.573836,-12.146596,12.572954,-12.146940,12.573472
0,-12.142918,12.571941,-12.143373,12.571811,-12.143634,12.571624
0,-12.143819,12.571506,-12.141505,12.571978,-12.142232,12.571986
0,-12.143819,12.571506,-12.140973,12.571900,-12.141505,12.571978
0,-12.140973,12.571900,-12.143819,12.571506,-12.140254,12.571769
0,-12.136843,12.570124,-12.137685,12.571022,-12.138840,12.571474
0,-12.139492,12.571565,-12.136843,12.570124,-12.138840,12.571474
0,-12.150726,12.571985,-12.151831,12.570116,-12.146109,12.572255
0,-12.152451,12.569263,-12.144496,12.571306,-12.145409,12.571668
0,-12.136256,12.569337,-12.136843,12.570124,-12.139492,12.571565
0,-12.139492,12.571565,-12.140254,12.571769,-12.143819,12.571506
0,-12.140973,12.571900,-12.140254,12.571769,-12.140432,12.571816
0,-12.155329,12.565513,-12.135208,12.568561,-12.154814,12.566152
0,-12.154814,12.566152,-12.144496,12.571306,-12.153776,12.567440
0,-12.152572,12.569096,-12.144496,12.571306,-12.152472,12.569234
0,-12.145409,12.571668,-12.151831,12.570116,-12.152451,12.569263
0,-12.145409,12.571668,-12.146109,12.572255,-12.151831,12.570116
0,-12.138222,12.571377,-12.138840,12.571474,-12.137685,12.571022
0,-12.143819,12.571506,-12.136256,12.569337,-12.139492,12.571565
0,-12.133882,12.567782,-12.158339,12.561507,-12.128755,12.563684
0,-12.130622,12.565781,-12.132113,12.566780,-12.128755,12.563684
0,-12.129575,12.564950,-12.130622,12.565781,-12.128755,12.563684
0,-12.135208,12.568561,-12.136256,12.569337,-12.144496,12.571306
0,-12.135208,12.568561,-12.155329,12.565513,-12.133882,12.567782
0,-12.133882,12.567782,-12.128755,12.563684,-12.132113,12.566780
0,-12.039935,12.427812,-12.042642,12.428266,-12.041614,12.428047
0,-12.125021,12.565879,-12.125175,12.564045,-12.124205,12.567269
0,-12.124205,12.567269,-12.125175,12.564045,-12.123110,12.569704
0,-12.159185,12.560658,-12.127926,12.563184,-12.128755,12.563684
0,-12.169413,12.536331,-12.088726,12.425325,-12.126483,12.562950
0,-12.076694,12.428772,-12.126483,12.562950,-12.088726,12.425325
0,-12.126483,12.562950,-12.075983,12.429026,-12.061086,12.433950
0,-12.066181,12.654487,-12.057136,12.657847,-12.061729,12.656787
0,-12.077364,12.643311,-12.046129,12.660823,-12.053378,12.659151
0,-12.057136,12.657847,-12.077364,12.643311,-12.053378,12.659151
0,-12.049842,12.660375,-12.053378,12.659151,-12.046129,12.660823
0,-12.055897,12.658447,-12.057136,12.657847,-12.053378,12.659151
0,-12.038487,12.663024,-12.031681,12.665396,-12.037437,12.663646
0,-12.037437,12.663646,-12.031681,12.665396,-12.036422,12.664247
0,-12.046129,12.660823,-12.077364,12.643311,-12.044594,12.661188
0,-12.031681,12.665396,-12.038487,12.663024,-12.031118,12.665570
0,-12.024586,12.669598,-12.027181,12.667875,-12.028992,12.666370
0,-12.039935,12.427812,-12.038487,12.663024,-12.112885,12.599310
0,-11.996342,12.682502,-12.024586,12.669598,-12.029262,12.666146
0,-12.029262,12.666146,-12.024586,12.669598,-12.028992,12.666370
0,-12.000148,12.682012,-12.014405,12.677341,-12.016472,12.676019
0,-12.020240,12.673144,-12.000148,12.682012,-12.018443,12.674562
0,-12.018443,12.674562,-12.016472,12.676019,-12.017826,12.675049
0,-12.012772,12.678578,-12.014405,12.677341,-12.000148,12.682012
0,-12.020240,12.673144,-12.022744,12.671383,-12.024586,12.669598
0,-11.996342,12.682502,-12.020240,12.673144,-12.024586,12.669598
0,-11.996342,12.682502,-12.000148,12.682012,-12.020240,12.673144
0,-11.989699,12.685814,-11.993534,12.683609,-11.986138,12.687618
0,-11.902182,12.447530,-11.899466,12.449414,-11.905828,12.445368
0,-11.992172,12.684433,-11.989699,12.685814,-11.991597,12.684795
0,-11.991597,12.684795,-11.990579,12.685379,-11.990925,12.685208
0,-11.991003,12.685169,-11.991597,12.684795,-11.990925,12.685208
0,-11.986138,12.687618,-11.993534,12.683609,-11.984591,12.688339
0,-11.800222,12.520598,-11.980102,12.691467,-11.800981,12.519467
0,-11.992710,12.684107,-11.989699,12.685814,-11.992172,12.684433
0,-11.986138,12.687618,-11.987426,12.686995,-11.989699,12.685814
0,-11.989699,12.685814,-11.987426,12.686995,-11.987866,12.686778
0,-11.998901,12.682475,-11.997650,12.682409,-11.998291,12.682702
0,-11.995122,12.683103,-11.996342,12.682502,-11.993534,12.683609
0,-11.996407,12.682498,-12.000148,12.682012,-11.996342,12.682502
0,-11.998901,12.682475,-11.999152,12.682382,-11.997650,12.682409
0,-11.997650,12.682409,-11.999152,12.682382,-12.000148,12.682012
0,-11.996407,12.682498,-11.997650,12.682409,-12.000148,12.682012
0,-12.000148,12.682012,-12.011016,12.679808,-12.012772,12.678578
0,-12.000148,12.682012,-12.005133,12.682069,-12.011016,12.679808
0,-12.009878,12.680605,-12.011016,12.679808,-12.005133,12.682069
0,-12.006693,12.681952,-12.009878,12.680605,-12.006006,12.682015
0,-12.006693,12.681952,-12.006006,12.682015,-12.006633,12.681977
0,-12.009878,12.680605,-12.005133,12.682069,-12.006006,12.682015
0,-11.980102,12.691467,-11.983099,12.689261,-11.801740,12.518337
0,-11.983099,12.689261,-11.980102,12.691467,-11.981556,12.690644
0,-11.931756,12.717384,-11.935968,12.717433,-11.940648,12.716882
0,-11.980102,12.691467,-11.978511,12.693816,-11.979585,12.692382
0,-11.940648,12.716882,-11.945885,12.717484,-11.976636,12.698320
0,-11.976636,12.698320,-11.973967,12.703835,-11.976273,12.699389
0,-11.954304,12.717346,-11.958751,12.717072,-11.973075,12.705396
0,-11.973075,12.705396,-11.958751,12.717072,-11.972371,12.708160
0,-11.972371,12.708160,-11.964905,12.716681,-11.971997,12.710224
0,-11.964905,12.716681,-11.970059,12.715019,-11.970632,12.713587
0,-11.972371,12.708160,-11.972976,12.706731,-11.973075,12.705396
0,-11.974951,12.702320,-11.976273,12.699389,-11.973967,12.703835
0,-11.971340,12.712114,-11.964905,12.716681,-11.970632,12.713587
0,-11.969512,12.717313,-11.970059,12.715019,-11.964905,12.716681
0,-11.980102,12.691467,-11.931756,12.717384,-11.978511,12.693816
0,-11.945885,12.717484,-11.954304,12.717346,-11.973967,12.703835
0,-11.893573,12.721635,-11.901855,12.720540,-11.885953,12.721076
0,-11.912995,12.718981,-11.920246,12.718298,-11.980102,12.691467
0,-11.920246,12.718298,-11.912995,12.718981,-11.916548,12.718941
0,-11.794145,12.529640,-11.793385,12.530770,-11.910585,12.719313
0,-11.789587,12.536422,-11.788828,12.537552,-11.883801,12.720942
0,-11.978511,12.693816,-11.931756,12.717384,-11.940648,12.716882
0,-11.924696,12.717744,-11.931756,12.717384,-11.980102,12.691467
0,-11.920246,12.718298,-11.924696,12.717744,-11.980102,12.691467
0,-11.855910,12.720874,-11.856945,12.721284,-11.883801,12.720942
0,-11.883801,12.720942,-11.865178,12.723594,-11.881226,12.722411
0,-11.872189,12.724932,-11.874479,12.725718,-11.875933,12.724931
0,-11.878697,12.723835,-11.872189,12.724932,-11.875933,12.724931
0,-11.845765,12.718613,-11.849930,12.720270,-11.851512,12.720271
0,-11.865178,12.723594,-11.867188,12.724656,-11.869755,12.724650
0,-11.881226,12.722411,-11.865178,12.723594,-11.869755,12.724650
0,-11.883801,12.720942,-11.863067,12.723181,-11.865178,12.723594
0,-11.863067,12.723181,-11.856945,12.721284,-11.860075,12.722621
0,-11.853619,12.720269,-11.855706,12.720820,-11.883801,12.720942
0,-11.830934,12.713632,-11.853619,12.720269,-11.883801,12.720942
0,-11.845765,12.718613,-11.851512,12.720271,-11.853619,12.720269
0,-11.897040,12.721730,-11.901855,12.720540,-11.893573,12.721635
0,-11.883801,12.720942,-11.885953,12.721076,-11.901855,12.720540
0,-11.860075,12.722621,-11.856945,12.721284,-11.858207,12.721931
0,-11.863067,12.723181,-11.883801,12.720942,-11.856945,12.721284
0,-11.912995,12.718981,-11.794145,12.529640,-11.910585,12.719313
0,-11.883801,12.720942,-11.901855,12.720540,-11.905596,12.720033
0,-11.908638,12.719580,-11.883801,12.720942,-11.905596,12.720033
0,-11.770594,12.564678,-11.770049,12.565489,-11.824297,12.711828
0,-11.845765,12.718613,-11.830934,12.713632,-11.839306,12.717227
0,-11.839306,12.717227,-11.830934,12.713632,-11.838607,12.717020
0,-11.814053,12.710025,-11.792725,12.704765,-11.803248,12.708360
0,-11.757117,12.675021,-11.763987,12.679664,-11.751775,12.666582
0,-11.765806,12.682703,-11.792725,12.704765,-11.763987,12.679664
0,-11.753620,12.670559,-11.754538,12.672896,-11.757117,12.675021
0,-11.737915,12.613271,-11.751775,12.666582,-11.738675,12.612141
0,-11.757117,12.675021,-11.751775,12.666582,-11.753620,12.670559
0,-11.743547,12.661595,-11.734115,12.618921,-11.735995,12.656314
0,-11.746277,12.600841,-11.751775,12.666582,-11.747036,12.599710
0,-11.781739,12.699918,-11.771966,12.690851,-11.775574,12.695718
0,-11.771966,12.690851,-11.765806,12.682703,-11.767490,12.685514
0,-11.771966,12.690851,-11.767490,12.685514,-11.769495,12.688455
0,-11.786128,12.701994,-11.771966,12.690851,-11.782841,12.700440
0,-11.782841,12.700440,-11.771966,12.690851,-11.781739,12.699918
0,-11.781739,12.699918,-11.775574,12.695718,-11.777855,12.698634
0,-11.816954,12.710584,-11.761476,12.578239,-11.760716,12.579370
0,-11.824297,12.711828,-11.830934,12.713632,-11.772114,12.562417
0,-11.835383,12.716069,-11.838607,12.717020,-11.830934,12.713632
0,-11.765275,12.572588,-11.824297,12.711828,-11.766035,12.571458
0,-11.808201,12.709422,-11.814053,12.710025,-11.803248,12.708360
0,-11.803248,12.708360,-11.792725,12.704765,-11.798897,12.707621
0,-11.792725,12.704765,-11.795065,12.706609,-11.798897,12.707621
0,-11.792725,12.704765,-11.786128,12.701994,-11.790013,12.703929
0,-11.792725,12.704765,-11.771966,12.690851,-11.786128,12.701994
0,-11.737915,12.613271,-11.737156,12.614400,-11.747544,12.663971
0,-11.735635,12.616661,-11.747544,12.663971,-11.736395,12.615531
0,-11.740017,12.659692,-11.743547,12.661595,-11.735995,12.656314
0,-11.735995,12.656314,-11.734115,12.618921,-11.731367,12.652167
0,-11.733608,12.654515,-11.735995,12.656314,-11.731367,12.652167
0,-11.731367,12.652167,-11.734115,12.618921,-11.725716,12.646048
0,-11.727629,12.648943,-11.731367,12.652167,-11.725716,12.646048
0,-11.725716,12.646048,-11.734115,12.618921,-11.723244,12.643100
0,-11.723244,12.643100,-11.734115,12.618921,-11.721961,12.641442
0,-11.734875,12.617791,-11.747544,12.663971,-11.735635,12.616661
0,-11.747544,12.663971,-11.737156,12.614400,-11.736395,12.615531
0,-11.743547,12.661595,-11.734875,12.617791,-11.734115,12.618921
0,-11.743547,12.661595,-11.747544,12.663971,-11.734875,12.617791
0,-11.747544,12.663971,-11.751775,12.666582,-11.737915,12.613271
0,-11.751775,12.666582,-11.739436,12.611011,-11.738675,12.612141
0,-11.741716,12.607621,-11.751775,12.666582,-11.742476,12.606491
0,-11.740956,12.608751,-11.751775,12.666582,-11.741716,12.607621
0,-11.740196,12.609881,-11.751775,12.666582,-11.740956,12.608751
0,-11.750077,12.595190,-11.749317,12.596320,-11.751775,12.666582
0,-11.749317,12.596320,-11.748556,12.597451,-11.751775,12.666582
0,-11.756156,12.586150,-11.755396,12.587280,-11.763987,12.679664
0,-11.763987,12.679664,-11.750837,12.594061,-11.751775,12.666582
0,-11.750837,12.594061,-11.750077,12.595190,-11.751775,12.666582
0,-11.757676,12.583889,-11.756916,12.585019,-11.763987,12.679664
0,-11.763987,12.679664,-11.756916,12.585019,-11.756156,12.586150
0,-11.763987,12.679664,-11.754637,12.588410,-11.753877,12.589540
0,-11.763987,12.679664,-11.755396,12.587280,-11.754637,12.588410
0,-11.763987,12.679664,-11.753877,12.589540,-11.753117,12.590670
0,-11.763987,12.679664,-11.752357,12.591800,-11.751597,12.592930
0,-11.763987,12.679664,-11.753117,12.590670,-11.752357,12.591800
0,-11.763987,12.679664,-11.758436,12.582760,-11.757676,12.583889
0,-11.763987,12.679664,-11.759196,12.581629,-11.758436,12.582760
0,-11.762996,12.575978,-11.824297,12.711828,-11.763756,12.574849
0,-11.814053,12.710025,-11.816954,12.710584,-11.760716,12.579370
0,-11.763987,12.679664,-11.759956,12.580499,-11.759196,12.581629
0,-11.763987,12.679664,-11.814053,12.710025,-11.759956,12.580499
0,-11.766795,12.570329,-11.824297,12.711828,-11.767555,12.569198
0,-11.766035,12.571458,-11.824297,12.711828,-11.766795,12.570329
0,-11.765275,12.572588,-11.764515,12.573719,-11.824297,12.711828
0,-11.762236,12.577109,-11.761476,12.578239,-11.816954,12.710584
0,-11.764515,12.573719,-11.763756,12.574849,-11.824297,12.711828
0,-11.762996,12.575978,-11.762236,12.577109,-11.816954,12.710584
0,-11.883801,12.720942,-11.782750,12.546593,-11.781991,12.547724
0,-11.780471,12.549985,-11.830934,12.713632,-11.883801,12.720942
0,-11.779712,12.551115,-11.830934,12.713632,-11.780471,12.549985
0,-11.785029,12.543203,-11.784270,12.544334,-11.883801,12.720942
0,-11.783510,12.545464,-11.782750,12.546593,-11.883801,12.720942
0,-11.790347,12.535292,-11.789587,12.536422,-11.883801,12.720942
0,-11.788068,12.538683,-11.787308,12.539812,-11.883801,12.720942
0,-11.788828,12.537552,-11.788068,12.538683,-11.883801,12.720942
0,-11.785789,12.542073,-11.883801,12.720942,-11.786549,12.540943
0,-11.785029,12.543203,-11.883801,12.720942,-11.785789,12.542073
0,-11.778952,12.552245,-11.830934,12.713632,-11.779712,12.551115
0,-11.778952,12.552245,-11.778192,12.553376,-11.830934,12.713632
0,-11.776672,12.555636,-11.775913,12.556766,-11.830934,12.713632
0,-11.777432,12.554505,-11.776672,12.555636,-11.830934,12.713632
0,-11.775913,12.556766,-11.775153,12.557896,-11.830934,12.713632
0,-11.769075,12.566937,-11.824297,12.711828,-11.769835,12.565807
0,-11.769075,12.566937,-11.768315,12.568068,-11.824297,12.711828
0,-11.830934,12.713632,-11.773633,12.560156,-11.772874,12.561286
0,-11.824297,12.711828,-11.772114,12.562417,-11.771354,12.563547
0,-11.830934,12.713632,-11.772874,12.561286,-11.772114,12.562417
0,-11.771354,12.563547,-11.770594,12.564678,-11.824297,12.711828
0,-11.910585,12.719313,-11.793385,12.530770,-11.792626,12.531900
0,-11.908638,12.719580,-11.790347,12.535292,-11.883801,12.720942
0,-11.908638,12.719580,-11.910585,12.719313,-11.792626,12.531900
0,-11.908638,12.719580,-11.791866,12.533031,-11.791107,12.534161
0,-11.908638,12.719580,-11.792626,12.531900,-11.791866,12.533031
0,-11.798702,12.522858,-11.980102,12.691467,-11.799462,12.521728
0,-11.797943,12.523989,-11.797183,12.525119,-11.980102,12.691467
0,-11.797183,12.525119,-11.912995,12.718981,-11.980102,12.691467
0,-11.796424,12.526250,-11.912995,12.718981,-11.797183,12.525119
0,-11.795664,12.527380,-11.912995,12.718981,-11.796424,12.526250
0,-11.794904,12.528509,-11.794145,12.529640,-11.912995,12.718981
0,-11.802500,12.517207,-11.801740,12.518337,-11.983099,12.689261
0,-11.800981,12.519467,-11.980102,12.691467,-11.801740,12.518337
0,-11.799462,12.521728,-11.980102,12.691467,-11.800222,12.520598
0,-11.804778,12.513815,-11.983099,12.689261,-11.805538,12.512685
0,-11.803259,12.516076,-11.802500,12.517207,-11.983099,12.689261
0,-11.813892,12.500252,-11.899466,12.449414,-11.814651,12.499120
0,-11.899466,12.449414,-11.813892,12.500252,-11.813132,12.501381
0,-11.810854,12.504772,-11.810094,12.505904,-11.899466,12.449414
0,-11.807816,12.509294,-11.983099,12.689261,-11.808576,12.508163
0,-11.807057,12.510424,-11.983099,12.689261,-11.807816,12.509294
0,-11.829837,12.476513,-11.898070,12.449371,-11.830596,12.475381
0,-11.828319,12.478774,-11.898070,12.449371,-11.829078,12.477643
0,-11.833634,12.470860,-11.832874,12.471990,-11.898070,12.449371
0,-11.832115,12.473121,-11.898070,12.449371,-11.832874,12.471990
0,-11.831356,12.474251,-11.898070,12.449371,-11.832115,12.473121
0,-11.830596,12.475381,-11.898070,12.449371,-11.831356,12.474251
0,-11.836671,12.466338,-11.898070,12.449371,-11.837429,12.465207
0,-11.835911,12.467469,-11.898070,12.449371,-11.836671,12.466338
0,-11.835152,12.468599,-11.898070,12.449371,-11.835911,12.467469
0,-11.834393,12.469729,-11.898070,12.449371,-11.835152,12.468599
0,-11.834393,12.469729,-11.833634,12.470860,-11.898070,12.449371
0,-11.827560,12.479904,-11.898070,12.449371,-11.828319,12.478774
0,-11.826801,12.481034,-11.898070,12.449371,-11.827560,12.479904
0,-11.826041,12.482165,-11.825942,12.482313,-11.898070,12.449371
0,-11.825942,12.482313,-11.825282,12.483295,-11.898070,12.449371
0,-11.824523,12.484425,-11.823763,12.485556,-11.898070,12.449371
0,-11.898070,12.449371,-11.822245,12.487817,-11.821485,12.488947
0,-11.898070,12.449371,-11.823004,12.486686,-11.822245,12.487817
0,-11.816170,12.496860,-11.899466,12.449414,-11.816929,12.495729
0,-11.817689,12.494599,-11.899466,12.449414,-11.818448,12.493468
0,-11.814651,12.499120,-11.899466,12.449414,-11.815411,12.497990
0,-11.815411,12.497990,-11.899466,12.449414,-11.816170,12.496860
0,-11.819966,12.491208,-11.899466,12.449414,-11.820726,12.490077
0,-11.817689,12.494599,-11.816929,12.495729,-11.899466,12.449414
0,-11.838188,12.464077,-11.898070,12.449371,-11.838948,12.462946
0,-11.837429,12.465207,-11.898070,12.449371,-11.838188,12.464077
0,-11.839707,12.461816,-11.838948,12.462946,-11.898070,12.449371
0,-11.840466,12.460685,-11.839707,12.461816,-11.898070,12.449371
0,-11.845770,12.452794,-11.898070,12.449371,-11.846530,12.451664
0,-11.845010,12.453924,-11.898070,12.449371,-11.845770,12.452794
0,-11.844251,12.455055,-11.898070,12.449371,-11.845010,12.453924
0,-11.843491,12.456185,-11.898070,12.449371,-11.844251,12.455055
0,-11.842731,12.457315,-11.898070,12.449371,-11.843491,12.456185
0,-11.841225,12.459555,-11.898070,12.449371,-11.842731,12.457315
0,-11.820726,12.490077,-11.899466,12.449414,-11.821485,12.488947
0,-11.894470,12.439106,-11.896060,12.443757,-11.895547,12.441267
0,-11.848049,12.449404,-11.898070,12.449371,-11.848809,12.448274
0,-11.847289,12.450534,-11.898070,12.449371,-11.848049,12.449404
0,-11.902182,12.447530,-11.905828,12.445368,-11.902978,12.446979
0,-11.899466,12.449414,-12.029262,12.666146,-11.905828,12.445368
0,-11.821485,12.488947,-11.899466,12.449414,-11.898070,12.449371
0,-11.996342,12.682502,-12.029262,12.666146,-11.899466,12.449414
0,-11.911159,12.442151,-11.908633,12.443666,-12.029262,12.666146
0,-11.857165,12.435842,-11.856405,12.436972,-11.896060,12.443757
0,-11.850328,12.446014,-11.851859,12.444206,-11.851088,12.444883
0,-11.849568,12.447144,-11.851859,12.444206,-11.850328,12.446014
0,-11.936642,12.426473,-11.911159,12.442151,-12.039935,12.427812
0,-11.885745,12.425576,-11.892379,12.431839,-11.888545,12.426584
0,-12.125718,12.563393,-12.061086,12.433950,-12.125175,12.564045
0,-12.125175,12.564045,-12.061086,12.433950,-12.059602,12.433536
0,-11.926696,12.431092,-11.922483,12.433371,-11.911159,12.442151
0,-11.891859,12.429990,-11.888545,12.426584,-11.892379,12.431839
0,-12.125175,12.564045,-12.059602,12.433536,-12.123110,12.569704
0,-12.057168,12.431758,-12.059602,12.433536,-12.058728,12.432822
0,-12.055762,12.430153,-12.057168,12.431758,-12.056500,12.430721
0,-12.042642,12.428266,-12.059602,12.433536,-12.057168,12.431758
0,-12.052916,12.428306,-12.055762,12.430153,-12.055227,12.429533
0,-12.049214,12.428149,-12.057168,12.431758,-12.055762,12.430153
0,-11.911159,12.442151,-11.922483,12.433371,-11.915333,12.438160
0,-11.889945,12.427142,-11.888545,12.426584,-11.890605,12.428016
0,-11.859444,12.432451,-11.893682,12.436532,-11.860203,12.431320
0,-11.881209,12.423817,-11.893682,12.436532,-11.883360,12.424555
0,-11.859444,12.432451,-11.894470,12.439106,-11.893682,12.436532
0,-11.893682,12.436532,-11.893683,12.434229,-11.892379,12.431839
0,-11.883360,12.424555,-11.893682,12.436532,-11.885745,12.425576
0,-11.858684,12.433581,-11.857924,12.434711,-11.894470,12.439106
0,-11.894470,12.439106,-11.859444,12.432451,-11.858684,12.433581
0,-11.896060,12.443757,-11.855646,12.438103,-11.854886,12.439233
0,-11.896060,12.443757,-11.856405,12.436972,-11.855646,12.438103
0,-11.852607,12.442623,-11.851859,12.444206,-11.853367,12.441493
0,-11.857924,12.434711,-11.857165,12.435842,-11.894470,12.439106
0,-12.031405,12.417457,-12.030137,12.415899,-12.028896,12.415127
0,-12.027743,12.414626,-12.031405,12.417457,-12.028896,12.415127
0,-12.026638,12.414045,-12.026101,12.413913,-12.027743,12.414626
0,-11.978488,12.409195,-12.035347,12.423201,-11.981199,12.408368
0,-12.035347,12.423201,-11.978488,12.409195,-12.036890,12.424862
0,-12.036890,12.424862,-11.978488,12.409195,-12.037698,12.425765
0,-12.036210,12.424059,-12.035347,12.423201,-12.036890,12.424862
0,-12.059602,12.433536,-12.039935,12.427812,-12.123110,12.569704
0,-12.039935,12.427812,-12.031118,12.665570,-12.038487,12.663024
0,-12.038379,12.426477,-12.039935,12.427812,-12.038979,12.426953
0,-11.911159,12.442151,-12.029262,12.666146,-12.039935,12.427812
0,-12.047146,12.428180,-12.057168,12.431758,-12.049214,12.428149
0,-12.057168,12.431758,-12.047146,12.428180,-12.042642,12.428266
0,-12.053623,12.428333,-12.052916,12.428306,-12.054455,12.428729
0,-12.055762,12.430153,-12.052916,12.428306,-12.050814,12.428058
0,-12.055227,12.429533,-12.054455,12.428729,-12.052916,12.428306
0,-12.052916,12.428306,-12.052312,12.428020,-12.050814,12.428058
0,-12.055762,12.430153,-12.050814,12.428058,-12.049214,12.428149
0,-12.049214,12.428149,-12.047808,12.428106,-12.047146,12.428180
0,-12.043351,12.428148,-12.042642,12.428266,-12.044712,12.428054
0,-12.019262,12.411372,-12.018475,12.411119,-12.034803,12.422545
0,-12.019262,12.411372,-12.033001,12.420139,-12.025328,12.413724
0,-12.027743,12.414626,-12.026101,12.413913,-12.025328,12.413724
0,-12.027743,12.414626,-12.025328,12.413724,-12.033001,12.420139
0,-12.021680,12.412049,-12.023619,12.412847,-12.022788,12.412449
0,-12.025328,12.413724,-12.024325,12.413044,-12.023619,12.412847
0,-12.020472,12.411503,-12.019262,12.411372,-12.021046,12.411762
0,-12.023619,12.412847,-12.019262,12.411372,-12.025328,12.413724
0,-12.021680,12.412049,-12.021046,12.411762,-12.019262,12.411372
0,-12.002870,12.404779,-12.017794,12.410362,-12.004425,12.404552
0,-12.017217,12.409372,-12.016826,12.408775,-12.004425,12.404552
0,-12.016826,12.408775,-12.016323,12.408007,-12.005320,12.404300
0,-12.013174,12.403718,-12.014778,12.404874,-12.013778,12.404014
0,-12.015321,12.405629,-12.011969,12.403343,-12.016323,12.408007
0,-12.005320,12.404300,-12.007781,12.403595,-12.006557,12.403790
0,-12.016323,12.408007,-12.015654,12.406113,-12.015650,12.406108
0,-12.011178,12.403154,-12.009910,12.403113,-12.011969,12.403343
0,-12.007781,12.403595,-12.009910,12.403113,-12.008594,12.403297
0,-12.009910,12.403113,-12.007781,12.403595,-12.016323,12.408007
0,-11.994100,12.405106,-11.992050,12.405237,-11.995645,12.405791
0,-12.004425,12.404552,-12.016826,12.408775,-12.005320,12.404300
0,-11.992050,12.405237,-11.990220,12.405334,-11.987795,12.406066
0,-12.018475,12.411119,-11.998910,12.405504,-11.996997,12.405698
0,-11.987795,12.406066,-11.982974,12.407403,-11.981199,12.408368
0,-11.982974,12.407403,-11.987795,12.406066,-11.986066,12.406209
0,-11.995645,12.405791,-11.992050,12.405237,-11.987795,12.406066
0,-11.984289,12.406523,-11.982974,12.407403,-11.986066,12.406209
0,-11.981199,12.408368,-11.995645,12.405791,-11.987795,12.406066
0,-11.973819,12.406840,-11.969752,12.408131,-11.974982,12.407260
0,-11.978488,12.409195,-11.968490,12.408361,-11.964704,12.409332
0,-11.972276,12.406796,-11.969752,12.408131,-11.973819,12.406840
0,-11.979053,12.408777,-11.978488,12.409195,-11.981199,12.408368
0,-11.945392,12.420729,-11.978488,12.409195,-11.949929,12.417926
0,-12.039935,12.427812,-12.038379,12.426477,-11.978488,12.409195
0,-11.974982,12.407260,-11.969752,12.408131,-11.976525,12.408045
0,-11.968490,12.408361,-11.965587,12.409006,-11.964704,12.409332
0,-11.978488,12.409195,-11.964704,12.409332,-11.959372,12.411808
0,-11.978488,12.409195,-11.945392,12.420729,-11.944498,12.421295
0,-11.978488,12.409195,-11.944498,12.421295,-12.039935,12.427812
0,-11.959372,12.411808,-11.949929,12.417926,-11.978488,12.409195
0,-11.934072,12.427627,-11.911159,12.442151,-11.936642,12.426473
0,-11.944498,12.421295,-11.943431,12.421971,-12.039935,12.427812
0,-11.934072,12.427627,-11.926696,12.431092,-11.911159,12.442151
0,-11.890605,12.428016,-11.888545,12.426584,-11.891859,12.429990
0,-11.881209,12.423817,-11.863241,12.426800,-11.862482,12.427930
0,-11.861722,12.429060,-11.881209,12.423817,-11.862482,12.427930
0,-11.879056,12.422582,-11.864001,12.425669,-11.863241,12.426800
0,-11.864760,12.424539,-11.864001,12.425669,-11.879056,12.422582
0,-11.877470,12.421471,-11.875744,12.420593,-11.871256,12.420135
0,-11.865520,12.423409,-11.864760,12.424539,-11.871256,12.420135
0,-11.877470,12.421471,-11.864760,12.424539,-11.879056,12.422582
0,-11.937338,12.425805,-11.941647,12.422845,-11.938985,12.424224
0,-11.881209,12.423817,-11.860203,12.431320,-11.893682,12.436532
0,-11.863241,12.426800,-11.881209,12.423817,-11.879056,12.422582
0,-11.861722,12.429060,-11.860963,12.430190,-11.881209,12.423817
0,-11.941647,12.422845,-11.936642,12.426473,-11.943431,12.421971
0,-11.877470,12.421471,-11.871256,12.420135,-11.864760,12.424539
0,-11.873686,12.419811,-11.871256,12.420135,-11.875744,12.420593
0,-11.866279,12.422279,-11.865520,12.423409,-11.871256,12.420135
0,-11.867039,12.421149,-11.869336,12.420131,-11.867843,12.419951
0,-11.866279,12.422279,-11.871256,12.420135,-11.869336,12.420131
0,-11.866279,12.422279,-11.869336,12.420131,-11.867039,12.421149
