16,5,7,49,114,
0,-16.616902,15.139837,-16.614551,15.133180,-16.614535,15.133179
0,-16.613847,15.117247,-16.613739,15.108692,-16.464152,15.084144
0,-16.577024,15.186059,-16.580999,15.182704,-16.475662,15.171515
0,-16.484221,15.209534,-16.483426,15.213136,-16.549618,15.235969
0,-16.456400,15.089072,-16.453555,15.089741,-16.457279,15.141410
0,-16.418083,15.084000,-16.416819,15.083393,-16.407188,15.135982
0,-16.485845,15.008401,-16.514198,14.999357,-16.510152,14.999562
0,-16.482257,15.183474,-16.482166,15.186117,-16.483660,15.190805
0,-16.709609,15.016760,-16.707438,15.004068,-16.698649,15.039005
0,-16.587129,14.973688,-16.601497,14.970423,-16.591349,14.972365
0,-16.657976,14.953226,-16.654217,14.955296,-16.680299,14.964622
0,-16.669056,15.078567,-16.670625,15.073368,-16.664977,15.085414
0,-16.671720,15.066637,-16.649943,15.095915,-16.670625,15.073368
0,-16.613656,15.102198,-16.579918,14.975662,-16.573834,14.977747
0,-16.672707,15.062884,-16.677928,15.059266,-16.684640,15.050566
0,-16.650924,14.957408,-16.680299,14.964622,-16.652175,14.956606
0,-16.482996,15.215086,-16.482739,15.218872,-16.483426,15.213136
0,-16.659580,15.091651,-16.662278,15.088737,-16.654379,15.094553
0,-16.582766,15.181212,-16.475662,15.171515,-16.580999,15.182704
0,-16.477582,15.174272,-16.478339,15.175359,-16.577024,15.186059
0,-16.485213,15.205038,-16.484221,15.209534,-16.551595,15.231693
0,-16.482257,15.183474,-16.484674,15.192776,-16.482338,15.181100
0,-16.484674,15.192776,-16.485857,15.195077,-16.482338,15.181100
0,-16.380663,15.172237,-16.381368,15.171065,-16.354822,15.169932
0,-16.498177,15.260595,-16.543149,15.247591,-16.495750,15.258762
0,-16.522475,15.268767,-16.537122,15.258650,-16.538980,15.255242
0,-16.478479,15.237824,-16.478782,15.242428,-16.483748,15.249698
0,-16.348562,15.153446,-16.384910,15.142497,-16.347928,15.152235
0,-16.543149,15.247591,-16.498177,15.260595,-16.538980,15.255242
0,-16.380663,15.172237,-16.355403,15.171167,-16.379950,15.173403
0,-16.364638,15.185269,-16.359335,15.181344,-16.363238,15.184913
0,-16.338692,15.119599,-16.357454,15.093395,-16.353471,15.094641
0,-16.337640,15.113540,-16.338498,15.097566,-16.337103,15.097666
0,-16.334335,15.098008,-16.332959,15.098234,-16.334806,15.113452
0,-16.446870,15.023538,-16.445402,15.023765,-16.440072,15.031101
0,-16.333358,15.113466,-16.331585,15.098477,-16.331946,15.113423
0,-16.582766,15.181212,-16.589153,15.175101,-16.475662,15.171515
0,-16.485845,15.008401,-16.508822,14.999630,-16.488888,15.006076
0,-16.392442,15.135665,-16.407188,15.135982,-16.413030,15.081663
0,-16.414289,15.082249,-16.413030,15.081663,-16.407188,15.135982
0,-16.390784,15.079966,-16.384231,15.082210,-16.382995,15.082849
0,-16.662763,14.949691,-16.661460,14.950561,-16.680299,14.964622
0,-16.657976,14.953226,-16.680299,14.964622,-16.661460,14.950561
0,-16.634926,14.962585,-16.684640,15.050566,-16.640229,14.961779
0,-16.672707,15.062884,-16.621088,14.965666,-16.614257,14.967323
0,-16.672707,15.062884,-16.628812,14.964201,-16.621088,14.965666
0,-16.560818,14.981082,-16.573834,14.977747,-16.564495,14.979646
0,-16.628909,15.100971,-16.642130,15.100580,-16.649943,15.095915
0,-16.528570,14.998242,-16.543835,14.986222,-16.537657,14.988252
0,-16.465297,15.075941,-16.475521,15.014257,-16.473172,15.015316
0,-16.473172,15.015316,-16.471297,15.016223,-16.464104,15.074864
0,-16.465297,15.075941,-16.473172,15.015316,-16.464104,15.074864
0,-16.485845,15.008401,-16.510152,14.999562,-16.508822,14.999630
0,-16.464041,15.082618,-16.464152,15.084144,-16.465297,15.075941
0,-16.471297,15.016223,-16.462771,15.073661,-16.464104,15.074864
0,-16.520000,14.999062,-16.465297,15.075941,-16.521357,14.998993
0,-16.557550,14.982360,-16.551947,14.984169,-16.613656,15.102198
0,-16.656982,15.093754,-16.658184,15.092781,-16.654379,15.094553
0,-16.601497,14.970423,-16.587129,14.973688,-16.613656,15.102198
0,-16.654379,15.094553,-16.658184,15.092781,-16.659580,15.091651
0,-16.649943,15.095915,-16.654379,15.094553,-16.662278,15.088737
0,-16.707438,15.004068,-16.695866,14.989762,-16.698649,15.039005
0,-16.695866,14.989762,-16.640229,14.961779,-16.684640,15.050566
0,-16.686506,15.053319,-16.684640,15.050566,-16.677928,15.059266
0,-16.685784,15.049549,-16.695866,14.989762,-16.684640,15.050566
0,-16.639995,15.102933,-16.636154,15.102989,-16.636775,15.103316
0,-16.614551,15.133180,-16.616902,15.139837,-16.618462,15.137424
0,-16.600813,15.158922,-16.464152,15.084144,-16.475662,15.171515
0,-16.642130,15.100580,-16.647069,15.098235,-16.649943,15.095915
0,-16.589153,15.175101,-16.600813,15.158922,-16.475662,15.171515
0,-16.482338,15.181100,-16.573925,15.189862,-16.577024,15.186059
0,-16.566227,15.200966,-16.569151,15.196253,-16.482338,15.181100
0,-16.483426,15.213136,-16.482739,15.218872,-16.549618,15.235969
0,-16.562518,15.208419,-16.566227,15.200966,-16.486944,15.197192
0,-16.484221,15.209534,-16.549618,15.235969,-16.551595,15.231693
0,-16.523750,15.268631,-16.525584,15.268713,-16.528780,15.268137
0,-16.529027,15.268052,-16.531654,15.267156,-16.537122,15.258650
0,-16.364638,15.185269,-16.358803,15.180053,-16.359335,15.181344
0,-16.525073,15.268722,-16.525584,15.268713,-16.523750,15.268631
0,-16.482601,15.216876,-16.482739,15.218872,-16.482996,15.215086
0,-16.480370,15.229872,-16.478479,15.237824,-16.483748,15.249698
0,-16.476223,15.172322,-16.577024,15.186059,-16.475662,15.171515
0,-16.556628,15.220808,-16.485958,15.201661,-16.554023,15.226443
0,-16.479237,15.176648,-16.577024,15.186059,-16.478339,15.175359
0,-16.475662,15.171515,-16.464152,15.084144,-16.463130,15.085971
0,-16.475163,15.171049,-16.475662,15.171515,-16.458836,15.145850
0,-16.473915,15.169881,-16.475163,15.171049,-16.459432,15.147548
0,-16.416524,15.138449,-16.429987,15.138199,-16.413109,15.136110
0,-16.457279,15.141410,-16.458635,15.145277,-16.463130,15.085971
0,-16.395336,15.153476,-16.392345,15.150863,-16.394190,15.153220
0,-16.382080,15.169898,-16.353829,15.167404,-16.381368,15.171065
0,-16.460095,15.149438,-16.471809,15.167911,-16.473915,15.169881
0,-16.392227,15.153051,-16.392345,15.150863,-16.391362,15.153260
0,-16.390347,15.157506,-16.390000,15.158988,-16.390097,15.158995
0,-16.391032,15.154184,-16.391362,15.153260,-16.388343,15.146360
0,-16.357110,15.174883,-16.357556,15.176168,-16.376018,15.179010
0,-16.358341,15.178777,-16.374246,15.181103,-16.357946,15.177474
0,-16.352741,15.163467,-16.386190,15.160214,-16.352383,15.162154
0,-16.371920,15.088583,-16.392442,15.135665,-16.374269,15.087109
0,-16.342303,15.145449,-16.336987,15.139667,-16.340701,15.144625
0,-16.389575,15.158955,-16.390347,15.157506,-16.386190,15.160214
0,-16.329155,15.113339,-16.330547,15.113409,-16.328842,15.099005
0,-16.336039,15.130991,-16.336088,15.136266,-16.342303,15.145449
0,-16.352166,15.095128,-16.338692,15.119599,-16.353471,15.094641
0,-16.384288,15.137626,-16.347928,15.152235,-16.384910,15.142497
0,-16.338098,15.116171,-16.338692,15.119599,-16.352166,15.095128
0,-16.331946,15.113423,-16.330215,15.098758,-16.330547,15.113409
0,-16.337487,15.141128,-16.338028,15.142706,-16.340701,15.144625
0,-16.377955,15.085179,-16.376717,15.085806,-16.392442,15.135665
0,-16.326333,15.112966,-16.327751,15.113170,-16.321651,15.108502
0,-16.321104,15.102991,-16.321239,15.106988,-16.327454,15.099097
0,-16.328842,15.099005,-16.327454,15.099097,-16.327751,15.113170
0,-16.440533,15.024307,-16.439930,15.027036,-16.442420,15.024299
0,-16.321239,15.106988,-16.321104,15.102991,-16.320863,15.105645
0,-16.407188,15.135982,-16.413109,15.136110,-16.418083,15.084000
0,-16.336039,15.130991,-16.345807,15.147252,-16.336245,15.129260
0,-16.336039,15.130991,-16.342303,15.145449,-16.345807,15.147252
0,-16.339894,15.097476,-16.338498,15.097566,-16.337640,15.113540
0,-16.374269,15.087109,-16.392442,15.135665,-16.375488,15.086449
0,-16.413109,15.136110,-16.429987,15.138199,-16.434675,15.089044
0,-16.475662,15.171515,-16.463130,15.085971,-16.458635,15.145277
0,-16.392132,15.079610,-16.411779,15.081062,-16.410549,15.080414
0,-16.377955,15.085179,-16.392442,15.135665,-16.379203,15.084575
0,-16.451769,15.065406,-16.457310,15.070831,-16.462771,15.073661
0,-16.448993,15.062745,-16.439463,15.043288,-16.439370,15.044641
0,-16.451769,15.065406,-16.463581,15.019355,-16.459074,15.021309
0,-16.493914,15.002617,-16.499684,15.000093,-16.496477,15.000793
0,-16.445402,15.023765,-16.442420,15.024299,-16.440001,15.028392
0,-16.439288,15.045994,-16.448993,15.062745,-16.439370,15.044641
0,-16.416785,15.082451,-16.418587,15.078596,-16.416256,15.080641
0,-16.392132,15.079610,-16.413030,15.081663,-16.411779,15.081062
0,-16.410549,15.080414,-16.409321,15.079764,-16.393439,15.079147
0,-16.409321,15.079764,-16.406771,15.078684,-16.393439,15.079147
0,-16.401301,15.077440,-16.393439,15.079147,-16.402703,15.077693
0,-16.392132,15.079610,-16.392442,15.135665,-16.413030,15.081663
0,-16.680299,14.964622,-16.654217,14.955296,-16.652175,14.956606
0,-16.640229,14.961779,-16.695866,14.989762,-16.644418,14.960040
0,-16.647884,14.958614,-16.680299,14.964622,-16.650924,14.957408
0,-16.644418,14.960040,-16.680299,14.964622,-16.647884,14.958614
0,-16.684640,15.050566,-16.634926,14.962585,-16.628812,14.964201
0,-16.680299,14.964622,-16.644418,14.960040,-16.695866,14.989762
0,-16.672707,15.062884,-16.601497,14.970423,-16.620801,15.101623
0,-16.614257,14.967323,-16.606952,14.968794,-16.672707,15.062884
0,-16.606952,14.968794,-16.601497,14.970423,-16.672707,15.062884
0,-16.526877,14.995333,-16.532349,14.989743,-16.527017,14.991840
0,-16.532349,14.989743,-16.528570,14.998242,-16.537657,14.988252
0,-16.528048,14.998653,-16.613656,15.102198,-16.528570,14.998242
0,-16.528570,14.998242,-16.532349,14.989743,-16.528254,14.997695
0,-16.543835,14.986222,-16.528570,14.998242,-16.551947,14.984169
0,-16.557550,14.982360,-16.613656,15.102198,-16.560818,14.981082
0,-16.528570,14.998242,-16.613656,15.102198,-16.551947,14.984169
0,-16.613656,15.102198,-16.573834,14.977747,-16.560818,14.981082
0,-16.591349,14.972365,-16.601497,14.970423,-16.596293,14.970821
0,-16.672707,15.062884,-16.625164,15.101272,-16.672367,15.064040
0,-16.579918,14.975662,-16.613656,15.102198,-16.587129,14.973688
0,-16.526877,14.995333,-16.527567,14.996513,-16.532349,14.989743
0,-16.528254,14.997695,-16.532349,14.989743,-16.527567,14.996513
0,-16.465297,15.075941,-16.528048,14.998653,-16.527407,14.998685
0,-16.465297,15.075941,-16.526102,14.998752,-16.524518,14.998832
0,-16.465297,15.075941,-16.527407,14.998685,-16.526102,14.998752
0,-16.465297,15.075941,-16.524518,14.998832,-16.523496,14.998884
0,-16.465297,15.075941,-16.522449,14.998937,-16.521357,14.998993
0,-16.465297,15.075941,-16.523496,14.998884,-16.522449,14.998937
0,-16.520000,14.999062,-16.518931,14.999116,-16.465297,15.075941
0,-16.493914,15.002617,-16.488888,15.006076,-16.504774,14.999835
0,-16.518931,14.999116,-16.517396,14.999194,-16.465297,15.075941
0,-16.517396,14.999194,-16.514198,14.999357,-16.465297,15.075941
0,-16.508822,14.999630,-16.504774,14.999835,-16.488888,15.006076
0,-16.465297,15.075941,-16.485845,15.008401,-16.481538,15.010905
0,-16.465297,15.075941,-16.514198,14.999357,-16.485845,15.008401
0,-16.465297,15.075941,-16.481538,15.010905,-16.478898,15.012501
0,-16.451769,15.065406,-16.462771,15.073661,-16.463581,15.019355
0,-16.465297,15.075941,-16.476764,15.013614,-16.475521,15.014257
0,-16.465297,15.075941,-16.478898,15.012501,-16.476764,15.013614
0,-16.475521,15.014257,-16.474220,15.014768,-16.473172,15.015316
0,-16.492116,15.003569,-16.488888,15.006076,-16.493914,15.002617
0,-16.493914,15.002617,-16.500984,15.000027,-16.499684,15.000093
0,-16.493914,15.002617,-16.504774,14.999835,-16.500984,15.000027
0,-16.496477,15.000793,-16.499684,15.000093,-16.498236,15.000167
0,-16.496477,15.000793,-16.496791,15.000240,-16.496351,15.000262
0,-16.496477,15.000793,-16.498236,15.000167,-16.496791,15.000240
0,-16.439558,15.041935,-16.448993,15.062745,-16.459074,15.021309
0,-16.439653,15.040582,-16.459074,15.021309,-16.455341,15.021975
0,-16.439745,15.039229,-16.455341,15.021975,-16.439830,15.037876
0,-16.439970,15.035168,-16.439905,15.036523,-16.452077,15.022231
0,-16.440022,15.033813,-16.452077,15.022231,-16.446870,15.023538
0,-16.445402,15.023765,-16.440055,15.029746,-16.440072,15.031101
0,-16.445402,15.023765,-16.440001,15.028392,-16.440055,15.029746
0,-16.445720,15.060574,-16.448993,15.062745,-16.439288,15.045994
0,-16.446870,15.023538,-16.440058,15.032457,-16.440022,15.033813
0,-16.446870,15.023538,-16.440072,15.031101,-16.440058,15.032457
0,-16.451769,15.065406,-16.453670,15.068560,-16.454538,15.069132
0,-16.451769,15.065406,-16.459074,15.021309,-16.448993,15.062745
0,-16.441692,15.057920,-16.445720,15.060574,-16.439109,15.050062
0,-16.453670,15.068560,-16.453695,15.068616,-16.454538,15.069132
0,-16.463130,15.085971,-16.461926,15.086419,-16.457279,15.141410
0,-16.451769,15.065406,-16.454538,15.069132,-16.457310,15.070831
0,-16.457279,15.141410,-16.458318,15.088049,-16.457171,15.088661
0,-16.457279,15.141410,-16.461926,15.086419,-16.458318,15.088049
0,-16.462771,15.073661,-16.457310,15.070831,-16.460006,15.072483
0,-16.463796,15.081347,-16.464041,15.082618,-16.465297,15.075941
0,-16.459665,15.087331,-16.458318,15.088049,-16.461926,15.086419
0,-16.668371,15.080838,-16.669056,15.078567,-16.664977,15.085414
0,-16.628909,15.100971,-16.649943,15.095915,-16.671720,15.066637
0,-16.649943,15.095915,-16.664977,15.085414,-16.670625,15.073368
0,-16.671720,15.066637,-16.670625,15.073368,-16.671744,15.069660
0,-16.684640,15.050566,-16.628812,14.964201,-16.672707,15.062884
0,-16.467699,15.017629,-16.462771,15.073661,-16.471297,15.016223
0,-16.463581,15.019355,-16.462771,15.073661,-16.467699,15.017629
0,-16.688419,15.047235,-16.695866,14.989762,-16.685936,15.049413
0,-16.695866,14.989762,-16.685784,15.049549,-16.685936,15.049413
0,-16.709609,15.016760,-16.700238,15.037726,-16.700893,15.037200
0,-16.706222,15.032004,-16.709609,15.016760,-16.700893,15.037200
0,-16.700893,15.037200,-16.700238,15.037726,-16.700582,15.037459
0,-16.702450,15.036745,-16.706222,15.032004,-16.700893,15.037200
0,-16.705712,15.034297,-16.706222,15.032004,-16.702450,15.036745
0,-16.709609,15.016760,-16.698649,15.039005,-16.700238,15.037726
0,-16.695866,14.989762,-16.697370,15.040034,-16.698649,15.039005
0,-16.695866,14.989762,-16.696153,15.041016,-16.697370,15.040034
0,-16.685938,15.049416,-16.688419,15.047235,-16.685936,15.049413
0,-16.690553,15.045518,-16.695866,14.989762,-16.688419,15.047235
0,-16.695866,14.989762,-16.695098,15.041862,-16.696153,15.041016
0,-16.695866,14.989762,-16.690553,15.045518,-16.692743,15.043756
0,-16.695098,15.041862,-16.695866,14.989762,-16.692743,15.043756
0,-16.664977,15.085414,-16.649943,15.095915,-16.662278,15.088737
0,-16.672367,15.064040,-16.628909,15.100971,-16.671720,15.066637
0,-16.660488,15.090916,-16.662278,15.088737,-16.659580,15.091651
0,-16.647069,15.098235,-16.642130,15.100580,-16.645987,15.099108
0,-16.634256,15.102633,-16.636154,15.102989,-16.642130,15.100580
0,-16.613656,15.102198,-16.465297,15.075941,-16.464152,15.084144
0,-16.672707,15.062884,-16.620801,15.101623,-16.625164,15.101272
0,-16.613656,15.102198,-16.464152,15.084144,-16.613739,15.108692
0,-16.628909,15.100971,-16.672367,15.064040,-16.627120,15.101115
0,-16.627120,15.101115,-16.672367,15.064040,-16.625164,15.101272
0,-16.642130,15.100580,-16.628909,15.100971,-16.631428,15.101744
0,-16.613656,15.102198,-16.528048,14.998653,-16.465297,15.075941
0,-16.620801,15.101623,-16.601497,14.970423,-16.613656,15.102198
0,-16.600813,15.158922,-16.613847,15.117247,-16.464152,15.084144
0,-16.614609,15.143340,-16.614535,15.133179,-16.614042,15.132628
0,-16.600813,15.158922,-16.614042,15.132628,-16.613847,15.117247
0,-16.634256,15.102633,-16.632556,15.102134,-16.632602,15.102313
0,-16.634256,15.102633,-16.642130,15.100580,-16.632332,15.101991
0,-16.634256,15.102633,-16.632332,15.101991,-16.632556,15.102134
0,-16.642130,15.100580,-16.631428,15.101744,-16.632332,15.101991
0,-16.636154,15.102989,-16.639995,15.102933,-16.642130,15.100580
0,-16.636775,15.103316,-16.638858,15.104314,-16.639995,15.102933
0,-16.634256,15.102633,-16.636093,15.102989,-16.636154,15.102989
0,-16.614535,15.133179,-16.614609,15.143340,-16.616902,15.139837
0,-16.547614,15.239568,-16.549618,15.235969,-16.482739,15.218872
0,-16.612794,15.145696,-16.614609,15.143340,-16.614042,15.132628
0,-16.614633,15.143345,-16.616902,15.139837,-16.614609,15.143340
0,-16.612794,15.145696,-16.610347,15.151081,-16.613062,15.147795
0,-16.614609,15.143340,-16.612794,15.145696,-16.613853,15.144550
0,-16.614042,15.132628,-16.600813,15.158922,-16.612794,15.145696
0,-16.610347,15.151081,-16.612794,15.145696,-16.600813,15.158922
0,-16.597801,15.164303,-16.589153,15.175101,-16.594356,15.170265
0,-16.597801,15.164303,-16.600813,15.158922,-16.589153,15.175101
0,-16.482338,15.181100,-16.570541,15.194013,-16.573925,15.189862
0,-16.589153,15.175101,-16.582766,15.181212,-16.583091,15.180937
0,-16.480559,15.178546,-16.482338,15.181100,-16.577024,15.186059
0,-16.482739,15.218872,-16.543149,15.247591,-16.547614,15.239568
0,-16.480370,15.229872,-16.478345,15.235787,-16.478479,15.237824
0,-16.543149,15.247591,-16.482739,15.218872,-16.495750,15.258762
0,-16.523750,15.268631,-16.529027,15.268052,-16.537122,15.258650
0,-16.528780,15.268137,-16.529027,15.268052,-16.523750,15.268631
0,-16.485958,15.201661,-16.556628,15.220808,-16.486944,15.197192
0,-16.485213,15.205038,-16.551595,15.231693,-16.554023,15.226443
0,-16.561925,15.209610,-16.562518,15.208419,-16.486944,15.197192
0,-16.556628,15.220808,-16.557452,15.219066,-16.486944,15.197192
0,-16.486944,15.197192,-16.557452,15.219066,-16.561925,15.209610
0,-16.480370,15.229872,-16.495750,15.258762,-16.482739,15.218872
0,-16.483748,15.249698,-16.488624,15.253380,-16.480370,15.229872
0,-16.538980,15.255242,-16.498177,15.260595,-16.500166,15.262098
0,-16.522475,15.268767,-16.523750,15.268631,-16.537122,15.258650
0,-16.538980,15.255242,-16.500166,15.262098,-16.522475,15.268767
0,-16.525330,15.268777,-16.525584,15.268713,-16.525073,15.268722
0,-16.500166,15.262098,-16.520200,15.269550,-16.522475,15.268767
0,-16.500166,15.262098,-16.518640,15.270329,-16.520200,15.269550
0,-16.500166,15.262098,-16.513480,15.276573,-16.514479,15.274325
0,-16.500166,15.262098,-16.517316,15.271341,-16.518640,15.270329
0,-16.500166,15.262098,-16.515752,15.272626,-16.517316,15.271341
0,-16.500166,15.262098,-16.514479,15.274325,-16.515752,15.272626
0,-16.482338,15.181100,-16.569151,15.196253,-16.570541,15.194013
0,-16.486944,15.197192,-16.566227,15.200966,-16.482338,15.181100
0,-16.485958,15.201661,-16.485213,15.205038,-16.554023,15.226443
0,-16.495750,15.258762,-16.480370,15.229872,-16.488624,15.253380
0,-16.482257,15.183474,-16.483660,15.190805,-16.484674,15.192776
0,-16.485857,15.195077,-16.486944,15.197192,-16.482338,15.181100
0,-16.482166,15.186117,-16.482979,15.189480,-16.483660,15.190805
0,-16.482109,15.187789,-16.482979,15.189480,-16.482166,15.186117
0,-16.466278,15.162738,-16.467369,15.163758,-16.461860,15.154470
0,-16.463429,15.158941,-16.466278,15.162738,-16.461860,15.154470
0,-16.461860,15.154470,-16.467369,15.163758,-16.469243,15.165512
0,-16.390347,15.157506,-16.390634,15.155796,-16.386190,15.160214
0,-16.465300,15.161822,-16.463429,15.158941,-16.464020,15.160625
0,-16.461123,15.152367,-16.461860,15.154470,-16.469243,15.165512
0,-16.466278,15.162738,-16.463429,15.158941,-16.465300,15.161822
0,-16.477582,15.174272,-16.577024,15.186059,-16.476223,15.172322
0,-16.577024,15.186059,-16.479237,15.176648,-16.480559,15.178546
0,-16.459432,15.147548,-16.460095,15.149438,-16.473915,15.169881
0,-16.460528,15.150672,-16.470718,15.166891,-16.471809,15.167911
0,-16.461123,15.152367,-16.469243,15.165512,-16.470718,15.166891
0,-16.459432,15.147548,-16.475163,15.171049,-16.458836,15.145850
0,-16.461123,15.152367,-16.470718,15.166891,-16.460528,15.150672
0,-16.460528,15.150672,-16.471809,15.167911,-16.460095,15.149438
0,-16.458836,15.145850,-16.475662,15.171515,-16.458714,15.145503
0,-16.458714,15.145503,-16.475662,15.171515,-16.458635,15.145277
0,-16.451682,15.140466,-16.457279,15.141410,-16.453555,15.089741
0,-16.457171,15.088661,-16.456400,15.089072,-16.457279,15.141410
0,-16.451682,15.140466,-16.453555,15.089741,-16.451849,15.090136
0,-16.446934,15.090945,-16.451682,15.140466,-16.451849,15.090136
0,-16.443642,15.090325,-16.437430,15.138060,-16.446934,15.090945
0,-16.440004,15.090158,-16.437430,15.138060,-16.443642,15.090325
0,-16.446361,15.139568,-16.451682,15.140466,-16.446934,15.090945
0,-16.434675,15.089044,-16.429987,15.138199,-16.435020,15.138105
0,-16.446934,15.090945,-16.437430,15.138060,-16.446361,15.139568
0,-16.440004,15.090158,-16.434675,15.089044,-16.435020,15.138105
0,-16.437430,15.138060,-16.440004,15.090158,-16.435020,15.138105
0,-16.394918,15.153650,-16.395336,15.153476,-16.394190,15.153220
0,-16.366769,15.090634,-16.384288,15.137626,-16.368085,15.090175
0,-16.360195,15.092858,-16.338692,15.119599,-16.384288,15.137626
0,-16.351504,15.159587,-16.386190,15.160214,-16.384910,15.142497
0,-16.364189,15.091681,-16.384288,15.137626,-16.365474,15.091144
0,-16.386190,15.160214,-16.388343,15.146360,-16.384910,15.142497
0,-16.391362,15.153260,-16.392345,15.150863,-16.388343,15.146360
0,-16.392227,15.153051,-16.393411,15.152759,-16.392345,15.150863
0,-16.394190,15.153220,-16.392345,15.150863,-16.393411,15.152759
0,-16.390347,15.157506,-16.389936,15.158983,-16.390000,15.158988
0,-16.390347,15.157506,-16.389790,15.158972,-16.389936,15.158983
0,-16.390786,15.154886,-16.388343,15.146360,-16.386190,15.160214
0,-16.389123,15.159668,-16.389575,15.158955,-16.386190,15.160214
0,-16.389790,15.158972,-16.390347,15.157506,-16.389575,15.158955
0,-16.351980,15.160857,-16.352383,15.162154,-16.386190,15.160214
0,-16.390774,15.154958,-16.390786,15.154886,-16.386190,15.160214
0,-16.390000,15.158988,-16.390000,15.158988,-16.390097,15.158995
0,-16.390786,15.154886,-16.391032,15.154184,-16.388343,15.146360
0,-16.390634,15.155796,-16.390774,15.154958,-16.386190,15.160214
0,-16.386388,15.160874,-16.386718,15.163123,-16.386982,15.161747
0,-16.385876,15.164196,-16.386388,15.160874,-16.386190,15.160214
0,-16.385876,15.164196,-16.386718,15.163123,-16.386388,15.160874
0,-16.386718,15.163123,-16.387408,15.162372,-16.386982,15.161747
0,-16.386718,15.163123,-16.387432,15.162393,-16.387408,15.162372
0,-16.385876,15.164196,-16.386190,15.160214,-16.385079,15.165309
0,-16.385079,15.165309,-16.386190,15.160214,-16.384314,15.166448
0,-16.384314,15.166448,-16.386190,15.160214,-16.383564,15.167598
0,-16.383564,15.167598,-16.386190,15.160214,-16.352741,15.163467
0,-16.382815,15.168746,-16.353084,15.164786,-16.382080,15.169898
0,-16.357946,15.177474,-16.374246,15.181103,-16.375152,15.180071
0,-16.372331,15.183170,-16.373310,15.182153,-16.358803,15.180053
0,-16.368882,15.185273,-16.371288,15.184081,-16.367453,15.185469
0,-16.371843,15.183596,-16.372331,15.183170,-16.358803,15.180053
0,-16.371288,15.184081,-16.371843,15.183596,-16.367453,15.185469
0,-16.368882,15.185273,-16.370165,15.184810,-16.371288,15.184081
0,-16.376018,15.179010,-16.376851,15.177919,-16.357110,15.174883
0,-16.375152,15.180071,-16.376018,15.179010,-16.357556,15.176168
0,-16.377656,15.176807,-16.378443,15.175683,-16.356579,15.173631
0,-16.376851,15.177919,-16.377656,15.176807,-16.357110,15.174883
0,-16.358341,15.178777,-16.373310,15.182153,-16.374246,15.181103
0,-16.357946,15.177474,-16.375152,15.180071,-16.357556,15.176168
0,-16.379214,15.174554,-16.356579,15.173631,-16.378443,15.175683
0,-16.366013,15.185453,-16.371843,15.183596,-16.358803,15.180053
0,-16.358341,15.178777,-16.358803,15.180053,-16.373310,15.182153
0,-16.359335,15.181344,-16.359953,15.182617,-16.361913,15.184376
0,-16.361913,15.184376,-16.363238,15.184913,-16.359335,15.181344
0,-16.367453,15.185469,-16.371843,15.183596,-16.366013,15.185453
0,-16.366013,15.185453,-16.358803,15.180053,-16.364638,15.185269
0,-16.360786,15.183653,-16.361913,15.184376,-16.359953,15.182617
0,-16.380663,15.172237,-16.354822,15.169932,-16.355403,15.171167
0,-16.377656,15.176807,-16.356579,15.173631,-16.357110,15.174883
0,-16.379214,15.174554,-16.379950,15.173403,-16.355999,15.172396
0,-16.379214,15.174554,-16.355999,15.172396,-16.356579,15.173631
0,-16.379950,15.173403,-16.355403,15.171167,-16.355999,15.172396
0,-16.381368,15.171065,-16.354288,15.168681,-16.354822,15.169932
0,-16.354288,15.168681,-16.381368,15.171065,-16.353829,15.167404
0,-16.353084,15.164786,-16.353437,15.166102,-16.382080,15.169898
0,-16.353829,15.167404,-16.382080,15.169898,-16.353437,15.166102
0,-16.352741,15.163467,-16.382815,15.168746,-16.383564,15.167598
0,-16.353084,15.164786,-16.382815,15.168746,-16.352741,15.163467
0,-16.351504,15.159587,-16.351980,15.160857,-16.386190,15.160214
0,-16.350968,15.158339,-16.351504,15.159587,-16.384910,15.142497
0,-16.350399,15.157103,-16.350968,15.158339,-16.384910,15.142497
0,-16.336987,15.139667,-16.337487,15.141128,-16.340701,15.144625
0,-16.337128,15.140199,-16.337487,15.141128,-16.336987,15.139667
0,-16.336245,15.129260,-16.345807,15.147252,-16.337199,15.124496
0,-16.384288,15.137626,-16.345807,15.147252,-16.347295,15.151024
0,-16.346667,15.149811,-16.345807,15.147252,-16.345808,15.147254
0,-16.384288,15.137626,-16.338692,15.119599,-16.338030,15.121771
0,-16.348562,15.153446,-16.349190,15.154660,-16.384910,15.142497
0,-16.349804,15.155878,-16.350399,15.157103,-16.384910,15.142497
0,-16.349190,15.154660,-16.349804,15.155878,-16.384910,15.142497
0,-16.384288,15.137626,-16.347295,15.151024,-16.347928,15.152235
0,-16.345807,15.147252,-16.346667,15.149811,-16.347295,15.151024
0,-16.345808,15.147254,-16.346053,15.148591,-16.346667,15.149811
0,-16.342303,15.145449,-16.336088,15.136266,-16.336987,15.139667
0,-16.335799,15.132516,-16.336088,15.136266,-16.336039,15.130991
0,-16.345807,15.147252,-16.384288,15.137626,-16.338030,15.121771
0,-16.336245,15.129260,-16.337199,15.124496,-16.336522,15.126716
0,-16.345807,15.147252,-16.338030,15.121771,-16.337199,15.124496
0,-16.336247,15.113451,-16.334335,15.098008,-16.334806,15.113452
0,-16.335799,15.132516,-16.335536,15.134179,-16.336088,15.136266
0,-16.334806,15.113452,-16.332959,15.098234,-16.333358,15.113466
0,-16.333358,15.113466,-16.332959,15.098234,-16.331585,15.098477
0,-16.327751,15.113170,-16.329155,15.113339,-16.328842,15.099005
0,-16.324996,15.112614,-16.326333,15.112966,-16.322874,15.110935
0,-16.326333,15.112966,-16.322120,15.109769,-16.322874,15.110935
0,-16.323830,15.111969,-16.324996,15.112614,-16.322874,15.110935
0,-16.326333,15.112966,-16.321651,15.108502,-16.322120,15.109769
0,-16.327751,15.113170,-16.327454,15.099097,-16.321651,15.108502
0,-16.327454,15.099097,-16.326037,15.098930,-16.321612,15.101679
0,-16.321104,15.102991,-16.327454,15.099097,-16.321612,15.101679
0,-16.320863,15.105645,-16.321104,15.102991,-16.320778,15.104328
0,-16.321612,15.101679,-16.326037,15.098930,-16.324688,15.099095
0,-16.321612,15.101679,-16.324688,15.099095,-16.323350,15.099654
0,-16.321612,15.101679,-16.323350,15.099654,-16.322307,15.100526
0,-16.341284,15.097359,-16.339894,15.097476,-16.337640,15.113540
0,-16.349459,15.095710,-16.346697,15.096086,-16.337640,15.113540
0,-16.342663,15.097180,-16.341284,15.097359,-16.337640,15.113540
0,-16.337640,15.113540,-16.346697,15.096086,-16.345358,15.096481
0,-16.337640,15.113540,-16.344020,15.096879,-16.342663,15.097180
0,-16.337640,15.113540,-16.345358,15.096481,-16.344020,15.096879
0,-16.336247,15.113451,-16.337640,15.113540,-16.337103,15.097666
0,-16.336247,15.113451,-16.337103,15.097666,-16.335716,15.097809
0,-16.336247,15.113451,-16.335716,15.097809,-16.334335,15.098008
0,-16.321651,15.108502,-16.327454,15.099097,-16.321239,15.106988
0,-16.330215,15.098758,-16.331946,15.113423,-16.331585,15.098477
0,-16.328842,15.099005,-16.330547,15.113409,-16.330215,15.098758
0,-16.337824,15.114588,-16.350839,15.095528,-16.337640,15.113540
0,-16.337824,15.114588,-16.338098,15.116171,-16.350839,15.095528
0,-16.346697,15.096086,-16.349459,15.095710,-16.348060,15.095813
0,-16.337640,15.113540,-16.350839,15.095528,-16.349459,15.095710
0,-16.356100,15.093719,-16.354776,15.094147,-16.357454,15.093395
0,-16.353471,15.094641,-16.357454,15.093395,-16.354776,15.094147
0,-16.350839,15.095528,-16.338098,15.116171,-16.352166,15.095128
0,-16.357454,15.093395,-16.338692,15.119599,-16.358824,15.093122
0,-16.360195,15.092858,-16.384288,15.137626,-16.361556,15.092557
0,-16.358824,15.093122,-16.338692,15.119599,-16.360195,15.092858
0,-16.365474,15.091144,-16.384288,15.137626,-16.366769,15.090634
0,-16.362889,15.092173,-16.384288,15.137626,-16.364189,15.091681
0,-16.361556,15.092557,-16.384288,15.137626,-16.362889,15.092173
0,-16.376717,15.085806,-16.375488,15.086449,-16.392442,15.135665
0,-16.431316,15.087538,-16.413109,15.136110,-16.434675,15.089044
0,-16.418083,15.084000,-16.430725,15.086773,-16.429713,15.084659
0,-16.431316,15.087538,-16.418083,15.084000,-16.413109,15.136110
0,-16.431316,15.087538,-16.430725,15.086773,-16.418083,15.084000
0,-16.392442,15.135665,-16.380468,15.084001,-16.379203,15.084575
0,-16.373076,15.087813,-16.371920,15.088583,-16.374269,15.087109
0,-16.371920,15.088583,-16.370696,15.089217,-16.392442,15.135665
0,-16.368085,15.090175,-16.384288,15.137626,-16.369403,15.089721
0,-16.370696,15.089217,-16.384288,15.137626,-16.392442,15.135665
0,-16.369403,15.089721,-16.384288,15.137626,-16.370696,15.089217
0,-16.407188,15.135982,-16.416819,15.083393,-16.415552,15.082825
0,-16.418083,15.084000,-16.429713,15.084659,-16.427888,15.082462
0,-16.421421,15.079755,-16.417318,15.083087,-16.418083,15.084000
0,-16.421421,15.079755,-16.418083,15.084000,-16.423539,15.080110
0,-16.418587,15.078596,-16.417318,15.083087,-16.421421,15.079755
0,-16.426675,15.081507,-16.418083,15.084000,-16.427888,15.082462
0,-16.427888,15.082462,-16.429713,15.084659,-16.429264,15.083720
0,-16.427888,15.082462,-16.429264,15.083720,-16.429130,15.083439
0,-16.439030,15.051416,-16.439286,15.054160,-16.441692,15.057920
0,-16.423539,15.080110,-16.418083,15.084000,-16.426675,15.081507
0,-16.423539,15.080110,-16.426675,15.081507,-16.425268,15.080399
0,-16.439463,15.043288,-16.448993,15.062745,-16.439558,15.041935
0,-16.439653,15.040582,-16.455341,15.021975,-16.439745,15.039229
0,-16.439558,15.041935,-16.459074,15.021309,-16.439653,15.040582
0,-16.452077,15.022231,-16.440022,15.033813,-16.439970,15.035168
0,-16.442420,15.024299,-16.439930,15.027036,-16.440001,15.028392
0,-16.455341,15.021975,-16.439905,15.036523,-16.439830,15.037876
0,-16.455341,15.021975,-16.452077,15.022231,-16.439905,15.036523
0,-16.439224,15.047350,-16.445720,15.060574,-16.439288,15.045994
0,-16.441692,15.057920,-16.439286,15.054160,-16.439671,15.055498
0,-16.439169,15.048706,-16.445720,15.060574,-16.439224,15.047350
0,-16.439030,15.051416,-16.438918,15.052766,-16.439286,15.054160
0,-16.439109,15.050062,-16.445720,15.060574,-16.439169,15.048706
0,-16.439030,15.051416,-16.441692,15.057920,-16.439109,15.050062
0,-16.399892,15.077235,-16.394671,15.078442,-16.401301,15.077440
0,-16.394671,15.078442,-16.393439,15.079147,-16.401301,15.077440
0,-16.393439,15.079147,-16.404076,15.077947,-16.402703,15.077693
0,-16.393439,15.079147,-16.406771,15.078684,-16.405435,15.078273
0,-16.393439,15.079147,-16.405435,15.078273,-16.404076,15.077947
0,-16.416676,15.077814,-16.416256,15.080641,-16.418587,15.078596
0,-16.418587,15.078596,-16.416785,15.082451,-16.417318,15.083087
0,-16.416256,15.080641,-16.416534,15.082150,-16.416785,15.082451
0,-16.415552,15.082825,-16.414289,15.082249,-16.407188,15.135982
0,-16.392132,15.079610,-16.410549,15.080414,-16.393439,15.079147
0,-16.409321,15.079764,-16.408069,15.079173,-16.406771,15.078684
0,-16.388066,15.080619,-16.384231,15.082210,-16.389421,15.080283
0,-16.394671,15.078442,-16.398499,15.077147,-16.395884,15.077709
0,-16.386741,15.081032,-16.385468,15.081577,-16.388066,15.080619
0,-16.385468,15.081577,-16.384231,15.082210,-16.388066,15.080619
0,-16.392442,15.135665,-16.381736,15.083434,-16.380468,15.084001
0,-16.392442,15.135665,-16.382995,15.082849,-16.381736,15.083434
0,-16.392442,15.135665,-16.390784,15.079966,-16.382995,15.082849
0,-16.389421,15.080283,-16.384231,15.082210,-16.390784,15.079966
0,-16.398499,15.077147,-16.394671,15.078442,-16.399892,15.077235
0,-16.390784,15.079966,-16.392442,15.135665,-16.392132,15.079610
0,-16.397150,15.077243,-16.395884,15.077709,-16.398499,15.077147
