68,4,20,15,67,
0,-14.440613,15.793671,-14.407048,15.648967,-14.398662,15.640246
0,-13.992783,16.205584,-13.999821,16.200248,-14.000846,16.198036
0,-14.021771,15.558363,-14.006373,15.623007,-14.087771,15.549094
0,-14.452620,15.777101,-14.468139,15.681612,-14.450340,15.778297
0,-14.117911,16.072689,-14.145450,16.064529,-13.956813,15.896688
0,-14.053761,16.142659,-14.047559,16.127282,-14.046412,16.147888
0,-13.913379,16.196776,-14.006610,16.186524,-14.007079,16.185680
0,-13.966046,16.223231,-13.916873,16.201701,-13.962415,16.225127
0,-13.999324,16.201321,-13.997980,16.202961,-13.998898,16.202241
0,-13.918699,16.212921,-13.919320,16.218245,-13.930746,16.227152
0,-13.917957,16.207028,-13.962415,16.225127,-13.916873,16.201701
0,-14.006263,16.187148,-13.988779,16.207009,-14.004021,16.191180
0,-13.879090,16.197529,-13.882053,16.198711,-13.887723,16.197276
0,-13.866586,16.130270,-14.028865,16.113309,-13.850478,16.108547
0,-14.015100,16.155179,-13.910138,16.194223,-14.014386,16.158604
0,-14.190491,16.056845,-14.194732,16.065431,-14.202344,16.063944
0,-13.721753,16.127556,-13.747322,16.150049,-13.722038,16.126760
0,-13.996811,15.664457,-13.994516,15.680094,-14.110810,15.549907
0,-13.847323,16.003914,-14.028865,16.113309,-14.037893,16.099171
0,-13.778368,16.141022,-13.803302,16.139848,-13.812172,16.135772
0,-14.024651,15.546857,-14.024593,15.546855,-14.024505,15.546863
0,-14.416753,15.576857,-14.438466,15.501174,-14.213462,15.502060
0,-14.403617,15.618487,-14.181280,15.552376,-14.399789,15.634867
0,-14.398900,15.394408,-14.440362,15.462152,-14.442772,15.446227
0,-14.183139,15.457352,-14.184084,15.447448,-14.181920,15.452638
0,-14.201074,15.473996,-14.207123,15.484958,-14.201108,15.464907
0,-14.197593,15.464894,-14.184084,15.447448,-14.183139,15.457352
0,-14.413535,15.857603,-14.398662,15.640246,-14.181280,15.552376
0,-14.024505,15.546860,-14.024506,15.546851,-14.024504,15.546852
0,-14.438746,15.506008,-14.438466,15.501174,-14.416753,15.576857
0,-14.024651,15.546857,-14.024505,15.546863,-14.024505,15.546863
0,-14.024543,15.546853,-14.024506,15.546851,-14.024505,15.546860
0,-14.398662,15.640246,-14.399789,15.634867,-14.181280,15.552376
0,-14.321912,15.950595,-14.413535,15.857603,-14.181280,15.552376
0,-14.406315,15.647451,-14.403746,15.642136,-14.398662,15.640246
0,-14.440613,15.793671,-14.441423,15.791124,-14.407048,15.648967
0,-14.442720,15.787990,-14.407048,15.648967,-14.441423,15.791124
0,-14.407048,15.648967,-14.447794,15.779632,-14.465233,15.677611
0,-14.470207,15.773920,-14.494722,15.714683,-14.465781,15.773837
0,-14.503268,15.756498,-14.477508,15.774564,-14.480603,15.775010
0,-14.437835,15.805951,-14.438532,15.803638,-14.439808,15.797963
0,-14.419477,15.845057,-14.421613,15.842730,-14.429172,15.831223
0,-14.360409,15.928797,-14.373039,15.921299,-14.391861,15.899449
0,-13.979123,15.784865,-14.291939,15.983456,-14.321912,15.950595
0,-14.321912,15.950595,-14.181280,15.552376,-13.979123,15.784865
0,-14.249226,16.037118,-14.251895,16.034090,-14.261165,16.019149
0,-14.007079,16.185680,-14.014386,16.158604,-13.913379,16.196776
0,-14.035569,16.127216,-14.030184,16.116042,-14.015100,16.155179
0,-13.995761,16.204474,-13.997102,16.203649,-13.999821,16.200248
0,-13.992783,16.205584,-14.000846,16.198036,-14.001274,16.197110
0,-13.997980,16.202961,-13.999821,16.200248,-13.997102,16.203649
0,-13.997980,16.202961,-13.999324,16.201321,-13.999821,16.200248
0,-13.895184,15.944145,-14.038686,16.097928,-13.901856,15.937387
0,-13.956813,15.896688,-14.076490,16.084955,-14.097592,16.078707
0,-13.956813,15.896688,-14.049941,16.092811,-14.056559,16.090853
0,-14.196493,16.067521,-14.194732,16.065431,-14.196366,16.067809
0,-14.051855,16.127249,-14.047559,16.127282,-14.053761,16.142659
0,-13.956813,15.896688,-14.046069,16.093957,-14.049941,16.092811
0,-13.878822,16.158858,-13.901713,16.190533,-13.878768,16.158076
0,-13.878571,16.155221,-13.910138,16.194223,-13.878014,16.153304
0,-13.905634,16.192018,-13.910138,16.194223,-13.878571,16.155221
0,-13.932481,16.227609,-13.918699,16.212921,-13.930746,16.227152
0,-13.870111,16.189495,-13.872498,16.192019,-13.871724,16.175656
0,-13.882053,16.198711,-13.884745,16.198695,-13.887723,16.197276
0,-13.917957,16.207028,-13.918699,16.212921,-13.932481,16.227609
0,-13.922659,16.229981,-13.919393,16.227513,-13.920617,16.230000
0,-13.919672,16.221774,-13.919502,16.224584,-13.927841,16.227376
0,-13.919320,16.218245,-13.919672,16.221774,-13.927841,16.227376
0,-13.869432,16.178371,-13.870111,16.189495,-13.871724,16.175656
0,-13.867787,16.184771,-13.869128,16.188270,-13.869432,16.178371
0,-13.872498,16.192019,-13.874735,16.172779,-13.873741,16.173563
0,-13.744958,16.152067,-13.747322,16.150049,-13.719435,16.141324
0,-13.712422,16.181842,-13.721671,16.178988,-13.702661,16.173896
0,-13.726607,16.174323,-13.730523,16.169652,-13.711341,16.153716
0,-13.869432,16.178371,-13.869128,16.188270,-13.870111,16.189495
0,-13.851542,16.111602,-13.866586,16.130270,-13.850478,16.108547
0,-13.867320,16.131744,-14.028865,16.113309,-13.866586,16.130270
0,-13.873741,16.173563,-13.871724,16.175656,-13.872498,16.192019
0,-13.753898,16.146859,-13.723370,16.123033,-13.747322,16.150049
0,-13.765889,16.143460,-13.727438,16.103405,-13.760160,16.144623
0,-13.737976,16.061550,-13.737046,16.065380,-13.758051,16.040142
0,-13.735128,16.074010,-13.763489,16.038181,-13.736048,16.069870
0,-13.727438,16.103405,-13.726904,16.104994,-13.760160,16.144623
0,-13.845350,16.006158,-13.849310,16.107196,-13.846601,16.004750
0,-13.844678,16.106184,-13.813784,16.019754,-13.803732,16.023650
0,-13.843577,16.106768,-13.803732,16.023650,-13.801851,16.024334
0,-13.841027,16.109206,-13.843577,16.106768,-13.801851,16.024334
0,-13.850478,16.108547,-14.028865,16.113309,-13.847323,16.003914
0,-13.847630,16.003228,-14.037893,16.099171,-13.848497,16.001290
0,-13.881385,15.953575,-13.876638,15.956225,-13.869646,15.970005
0,-13.887348,15.952082,-14.038686,16.097928,-13.889802,15.949596
0,-13.848821,15.999070,-13.848814,15.999119,-13.856542,15.983271
0,-13.848497,16.001290,-13.858684,15.981103,-13.848498,16.001288
0,-13.833591,16.011929,-13.832047,16.012550,-13.825125,16.017315
0,-13.849310,16.107196,-13.850478,16.108547,-13.847323,16.003914
0,-13.832047,16.012550,-13.830222,16.013284,-13.825125,16.017315
0,-13.844678,16.106184,-13.821895,16.018225,-13.813784,16.019754
0,-13.846380,16.105894,-13.848047,16.106352,-13.841782,16.008693
0,-13.820976,16.018038,-13.820071,16.017313,-13.819949,16.017356
0,-14.213462,15.502060,-14.438466,15.501174,-14.214571,15.491983
0,-14.238534,15.391522,-14.201108,15.464907,-14.214571,15.491983
0,-14.401667,15.371747,-14.356188,15.382207,-14.398900,15.394408
0,-14.278827,15.383214,-14.273084,15.383112,-14.214571,15.491983
0,-14.273084,15.383112,-14.238534,15.391522,-14.214571,15.491983
0,-14.398900,15.394408,-14.356188,15.382207,-14.440362,15.462152
0,-14.442772,15.446227,-14.440362,15.462152,-14.443334,15.457423
0,-14.438466,15.501174,-14.356188,15.382207,-14.214571,15.491983
0,-14.356188,15.382207,-14.438466,15.501174,-14.440362,15.462152
0,-14.356188,15.382207,-14.278827,15.383214,-14.214571,15.491983
0,-14.405592,15.378455,-14.401667,15.371747,-14.398900,15.394408
0,-14.212783,15.508241,-14.416753,15.576857,-14.213462,15.502060
0,-14.207123,15.484958,-14.201074,15.473996,-14.200316,15.478537
0,-14.416753,15.576857,-14.439489,15.518824,-14.438746,15.506008
0,-14.201587,15.411483,-14.198347,15.413232,-14.196336,15.418058
0,-14.188011,15.438029,-14.184084,15.447448,-14.201108,15.464907
0,-14.210740,15.406539,-14.201108,15.464907,-14.227035,15.397735
0,-14.227035,15.397735,-14.201108,15.464907,-14.238534,15.391522
0,-14.245251,15.387891,-14.264136,15.382953,-14.254700,15.382785
0,-14.245251,15.387891,-14.273084,15.383112,-14.264136,15.382953
0,-14.238534,15.391522,-14.273084,15.383112,-14.245251,15.387891
0,-14.214571,15.491983,-14.201108,15.464907,-14.207123,15.484958
0,-14.210740,15.406539,-14.201587,15.411483,-14.196336,15.418058
0,-14.181280,15.552376,-14.212783,15.508241,-14.197840,15.510914
0,-14.210740,15.406539,-14.196336,15.418058,-14.192345,15.427632
0,-14.210740,15.406539,-14.192345,15.427632,-14.201108,15.464907
0,-14.197593,15.464894,-14.183139,15.457352,-14.185078,15.464848
0,-14.184084,15.447448,-14.197593,15.464894,-14.201108,15.464907
0,-14.192345,15.427632,-14.188011,15.438029,-14.201108,15.464907
0,-14.024593,15.546855,-14.024543,15.546853,-14.024505,15.546863
0,-14.024543,15.546853,-14.024505,15.546860,-14.024505,15.546863
0,-14.024504,15.546852,-14.024502,15.546860,-14.024505,15.546860
0,-14.096644,15.549407,-14.087771,15.549094,-14.006373,15.623007
0,-14.177478,15.530582,-14.197840,15.510914,-14.174767,15.515039
0,-14.087771,15.549094,-14.024651,15.546857,-14.021771,15.558363
0,-14.177478,15.530582,-14.181280,15.552376,-14.197840,15.510914
0,-13.997329,15.660943,-14.110810,15.549907,-14.006373,15.623007
0,-14.416753,15.576857,-14.442592,15.572345,-14.442159,15.564878
0,-14.416753,15.576857,-14.442796,15.576824,-14.442592,15.572345
0,-14.408203,15.605425,-14.416753,15.576857,-14.212783,15.508241
0,-14.408203,15.605425,-14.410613,15.603708,-14.416753,15.576857
0,-14.416753,15.576857,-14.442159,15.564878,-14.442071,15.563362
0,-14.416753,15.576857,-14.442067,15.563297,-14.439489,15.518824
0,-14.416753,15.576857,-14.442071,15.563362,-14.442067,15.563297
0,-14.006373,15.623007,-14.110810,15.549907,-14.096644,15.549407
0,-13.994516,15.680094,-14.181280,15.552376,-14.110810,15.549907
0,-14.024505,15.546863,-14.021771,15.558363,-14.024651,15.546857
0,-14.403617,15.618487,-14.408190,15.605718,-14.408203,15.605425
0,-14.403617,15.618487,-14.405125,15.618557,-14.408190,15.605718
0,-14.403617,15.618487,-14.408203,15.605425,-14.212783,15.508241
0,-14.181280,15.552376,-14.403617,15.618487,-14.212783,15.508241
0,-14.405125,15.618557,-14.408152,15.618697,-14.408190,15.605718
0,-14.110810,15.549907,-13.997329,15.660943,-13.996811,15.664457
0,-14.321912,15.950595,-14.323522,15.951016,-14.345549,15.937721
0,-14.181280,15.552376,-13.994420,15.680744,-13.979123,15.784865
0,-14.181280,15.552376,-13.994516,15.680094,-13.994420,15.680744
0,-14.406999,15.648867,-14.406315,15.647451,-14.398662,15.640246
0,-14.398662,15.640246,-14.407048,15.648967,-14.406999,15.648867
0,-14.407048,15.648967,-14.465233,15.677611,-14.416282,15.649026
0,-14.443659,15.786248,-14.444712,15.783584,-14.442720,15.787990
0,-14.451945,15.649252,-14.416282,15.649026,-14.453651,15.659594
0,-14.444712,15.783584,-14.407048,15.648967,-14.442720,15.787990
0,-14.446491,15.781726,-14.447794,15.779632,-14.444712,15.783584
0,-14.452620,15.777101,-14.455170,15.775763,-14.468139,15.681612
0,-14.468139,15.681612,-14.494722,15.714683,-14.496033,15.708556
0,-14.468139,15.681612,-14.447794,15.779632,-14.450340,15.778297
0,-14.407048,15.648967,-14.444712,15.783584,-14.447794,15.779632
0,-14.416282,15.649026,-14.454093,15.662274,-14.453651,15.659594
0,-14.416282,15.649026,-14.465233,15.677611,-14.454093,15.662274
0,-14.455170,15.775763,-14.458506,15.774813,-14.468139,15.681612
0,-14.465781,15.773837,-14.494722,15.714683,-14.462083,15.774207
0,-14.462083,15.774207,-14.494722,15.714683,-14.458506,15.774813
0,-14.447794,15.779632,-14.468139,15.681612,-14.465233,15.677611
0,-14.458506,15.774813,-14.494722,15.714683,-14.468139,15.681612
0,-14.490338,15.690276,-14.468139,15.681612,-14.496033,15.708556
0,-14.498619,15.696466,-14.490338,15.690276,-14.496033,15.708556
0,-14.503268,15.756498,-14.477384,15.774546,-14.477508,15.774564
0,-14.503268,15.756498,-14.475218,15.774240,-14.477384,15.774546
0,-14.503268,15.756498,-14.494722,15.714683,-14.470207,15.773920
0,-14.475218,15.774240,-14.503268,15.756498,-14.470207,15.773920
0,-14.488976,15.776216,-14.503268,15.756498,-14.480603,15.775010
0,-14.503268,15.756498,-14.488976,15.776216,-14.496422,15.777384
0,-14.499897,15.777930,-14.503268,15.756498,-14.496422,15.777384
0,-14.413535,15.857603,-14.419477,15.845057,-14.398662,15.640246
0,-14.419477,15.845057,-14.437137,15.808390,-14.437835,15.805951
0,-14.440613,15.793671,-14.439808,15.797963,-14.440270,15.796455
0,-14.440613,15.793671,-14.437835,15.805951,-14.439808,15.797963
0,-14.439808,15.797963,-14.438532,15.803638,-14.439230,15.800972
0,-14.440613,15.793671,-14.419477,15.845057,-14.437835,15.805951
0,-14.434679,15.815923,-14.435732,15.813367,-14.437137,15.808390
0,-14.437137,15.808390,-14.435732,15.813367,-14.435987,15.812645
0,-14.432926,15.821605,-14.429172,15.831223,-14.430826,15.827864
0,-14.432926,15.821605,-14.419477,15.845057,-14.429172,15.831223
0,-14.436673,15.810703,-14.437137,15.808390,-14.435987,15.812645
0,-14.419477,15.845057,-14.432926,15.821605,-14.434679,15.815923
0,-14.360409,15.928797,-14.402990,15.880536,-14.406207,15.873539
0,-14.321912,15.950595,-14.345549,15.937721,-14.413535,15.857603
0,-14.391861,15.899449,-14.373039,15.921299,-14.384080,15.912152
0,-14.345549,15.937721,-14.360409,15.928797,-14.406207,15.873539
0,-14.407229,15.871318,-14.345549,15.937721,-14.406207,15.873539
0,-14.437137,15.808390,-14.419477,15.845057,-14.434679,15.815923
0,-14.440613,15.793671,-14.398662,15.640246,-14.419477,15.845057
0,-14.428251,15.833107,-14.421613,15.842730,-14.426468,15.836450
0,-14.429172,15.831223,-14.421613,15.842730,-14.428251,15.833107
0,-14.428251,15.833107,-14.426468,15.836450,-14.427641,15.834355
0,-14.421613,15.842730,-14.425172,15.838887,-14.426468,15.836450
0,-14.402990,15.880536,-14.360409,15.928797,-14.391861,15.899449
0,-14.413535,15.857603,-14.345549,15.937721,-14.407229,15.871318
0,-14.323522,15.951016,-14.327863,15.952150,-14.345549,15.937721
0,-14.317010,15.958139,-14.319383,15.955462,-14.320748,15.952835
0,-13.970784,15.826678,-14.291939,15.983456,-13.979123,15.784865
0,-14.317010,15.958139,-14.320748,15.952835,-14.321912,15.950595
0,-14.321912,15.950595,-14.291939,15.983456,-14.317010,15.958139
0,-14.314197,15.962465,-14.317010,15.958139,-14.310018,15.967240
0,-14.179518,16.056831,-14.186484,16.057585,-14.190491,16.056845
0,-14.314197,15.962465,-14.310018,15.967240,-14.312632,15.964869
0,-14.317010,15.958139,-14.291939,15.983456,-14.310018,15.967240
0,-14.190491,16.056845,-14.202344,16.063944,-14.234021,16.051871
0,-14.194732,16.065431,-14.196493,16.067521,-14.197433,16.067119
0,-14.202344,16.063944,-14.194732,16.065431,-14.197433,16.067119
0,-14.261165,16.019149,-14.173586,16.056188,-14.190491,16.056845
0,-14.261165,16.019149,-14.190491,16.056845,-14.249226,16.037118
0,-13.970784,15.826678,-14.173586,16.056188,-14.273705,15.998935
0,-14.190491,16.056845,-14.173586,16.056188,-14.179518,16.056831
0,-13.960565,15.877893,-14.148650,16.063581,-14.173586,16.056188
0,-14.247464,16.039118,-14.190491,16.056845,-14.239867,16.046995
0,-14.190491,16.056845,-14.234021,16.051871,-14.239867,16.046995
0,-14.273705,15.998935,-14.173586,16.056188,-14.261165,16.019149
0,-14.247464,16.039118,-14.249226,16.037118,-14.190491,16.056845
0,-14.007079,16.185680,-14.007291,16.185342,-14.007908,16.184270
0,-13.988779,16.207009,-14.006263,16.187148,-13.913379,16.196776
0,-13.992783,16.205584,-14.001274,16.197110,-13.989107,16.206847
0,-14.002555,16.194346,-14.003910,16.191419,-13.989107,16.206847
0,-13.988779,16.207009,-14.003910,16.191419,-14.004021,16.191180
0,-13.989107,16.206847,-14.001274,16.197110,-14.002555,16.194346
0,-13.988779,16.207009,-13.989107,16.206847,-14.003910,16.191419
0,-13.991598,16.206162,-13.992783,16.205584,-13.989107,16.206847
0,-13.995761,16.204474,-13.999821,16.200248,-13.992783,16.205584
0,-13.962415,16.225127,-13.917957,16.207028,-13.956643,16.228327
0,-13.948236,16.232441,-13.934762,16.229145,-13.937256,16.231429
0,-13.934762,16.229145,-13.956643,16.228327,-13.932481,16.227609
0,-13.942437,16.234803,-13.939222,16.234160,-13.940487,16.234973
0,-13.925080,16.228618,-13.927841,16.227376,-13.919502,16.224584
0,-13.966046,16.223231,-13.985790,16.209604,-13.916873,16.201701
0,-13.985790,16.209604,-13.971944,16.222299,-13.972879,16.222634
0,-13.915402,16.199123,-13.985790,16.209604,-13.988779,16.207009
0,-13.969826,16.222173,-13.971944,16.222299,-13.985790,16.209604
0,-13.966046,16.223231,-13.969826,16.222173,-13.985790,16.209604
0,-14.008224,16.183722,-14.009568,16.181700,-14.014386,16.158604
0,-14.015100,16.155179,-14.028865,16.113309,-13.878014,16.153304
0,-14.035569,16.127216,-14.015100,16.155179,-14.037774,16.153398
0,-14.030184,16.116042,-14.028865,16.113309,-14.015100,16.155179
0,-14.007079,16.185680,-14.007908,16.184270,-14.014386,16.158604
0,-14.014386,16.158604,-14.007908,16.184270,-14.008224,16.183722
0,-13.913379,16.196776,-14.014386,16.158604,-13.910138,16.194223
0,-14.035569,16.127216,-14.046412,16.147888,-14.047559,16.127282
0,-13.910138,16.194223,-14.015100,16.155179,-13.878014,16.153304
0,-14.038686,16.097928,-14.040888,16.096744,-13.909431,15.929714
0,-14.056559,16.090853,-14.076490,16.084955,-13.956813,15.896688
0,-14.148650,16.063581,-13.960565,15.877893,-13.956813,15.896688
0,-14.145450,16.064529,-14.148650,16.063581,-13.956813,15.896688
0,-14.097592,16.078707,-14.117911,16.072689,-13.956813,15.896688
0,-13.956813,15.896688,-13.915523,15.923543,-14.046069,16.093957
0,-13.869646,15.970005,-14.037893,16.099171,-14.038686,16.097928
0,-14.046412,16.147888,-14.035569,16.127216,-14.037774,16.153398
0,-13.915523,15.923543,-14.040888,16.096744,-14.046069,16.093957
0,-14.273705,15.998935,-14.291939,15.983456,-13.970784,15.826678
0,-14.173586,16.056188,-13.962012,15.870645,-13.960565,15.877893
0,-14.173586,16.056188,-13.970784,15.826678,-13.962012,15.870645
0,-13.867320,16.131744,-13.876714,16.151481,-13.878014,16.153304
0,-13.878768,16.158076,-13.905634,16.192018,-13.878571,16.155221
0,-13.867320,16.131744,-13.873714,16.148395,-13.876714,16.151481
0,-13.867320,16.131744,-13.867304,16.132473,-13.873714,16.148395
0,-13.869432,16.178371,-13.867578,16.182307,-13.867787,16.184771
0,-13.873714,16.148395,-13.869263,16.142588,-13.872354,16.147232
0,-13.868060,16.180324,-13.867578,16.182307,-13.869432,16.178371
0,-13.878014,16.153304,-14.028865,16.113309,-13.867320,16.131744
0,-13.851542,16.111602,-13.864662,16.129327,-13.866586,16.130270
0,-13.853877,16.120106,-13.854156,16.123351,-13.861064,16.129020
0,-13.867304,16.132473,-13.867221,16.136156,-13.869263,16.142588
0,-13.867221,16.136156,-13.867755,16.140105,-13.869263,16.142588
0,-13.873714,16.148395,-13.867304,16.132473,-13.869263,16.142588
0,-13.872498,16.192019,-13.876405,16.195668,-13.891761,16.194427
0,-13.798215,16.142330,-13.803302,16.139848,-13.788438,16.142992
0,-13.874735,16.172779,-13.872498,16.192019,-13.891761,16.194427
0,-13.876131,16.171016,-13.874735,16.172779,-13.895455,16.192114
0,-13.878459,16.162201,-13.901713,16.190533,-13.878822,16.158858
0,-13.877691,16.166481,-13.901713,16.190533,-13.878459,16.162201
0,-13.922659,16.229981,-13.925080,16.228618,-13.919393,16.227513
0,-13.985790,16.209604,-13.915402,16.199123,-13.916873,16.201701
0,-14.006263,16.187148,-14.006610,16.186524,-13.913379,16.196776
0,-13.929482,16.227145,-13.919320,16.218245,-13.927841,16.227376
0,-13.952948,16.230820,-13.956643,16.228327,-13.934762,16.229145
0,-13.956643,16.228327,-13.917957,16.207028,-13.932481,16.227609
0,-13.930746,16.227152,-13.919320,16.218245,-13.929482,16.227145
0,-13.948236,16.232441,-13.952948,16.230820,-13.934762,16.229145
0,-13.942437,16.234803,-13.937256,16.231429,-13.939222,16.234160
0,-13.942437,16.234803,-13.948236,16.232441,-13.937256,16.231429
0,-13.919393,16.227513,-13.925080,16.228618,-13.919502,16.224584
0,-13.919393,16.227513,-13.919724,16.229218,-13.920617,16.230000
0,-13.874735,16.172779,-13.891761,16.194427,-13.895455,16.192114
0,-13.915402,16.199123,-13.988779,16.207009,-13.913379,16.196776
0,-13.876405,16.195668,-13.879090,16.197529,-13.887723,16.197276
0,-13.876405,16.195668,-13.887723,16.197276,-13.891761,16.194427
0,-13.897139,16.191462,-13.876131,16.171016,-13.895455,16.192114
0,-13.878768,16.158076,-13.901713,16.190533,-13.905634,16.192018
0,-13.877691,16.166481,-13.876950,16.169102,-13.899453,16.190820
0,-13.877691,16.166481,-13.899453,16.190820,-13.901713,16.190533
0,-13.876950,16.169102,-13.897139,16.191462,-13.899453,16.190820
0,-13.876950,16.169102,-13.876131,16.171016,-13.897139,16.191462
0,-13.731825,16.087253,-13.778368,16.141022,-13.732922,16.083437
0,-13.739486,16.157156,-13.719904,16.143956,-13.718839,16.146753
0,-13.726607,16.174323,-13.704149,16.161794,-13.721671,16.178988
0,-13.708603,16.156469,-13.704149,16.161794,-13.726607,16.174323
0,-13.723767,16.121134,-13.723370,16.123033,-13.753898,16.146859
0,-13.719432,16.133347,-13.717585,16.135736,-13.719435,16.141324
0,-13.741910,16.154859,-13.744958,16.152067,-13.719904,16.143956
0,-13.739486,16.157156,-13.741910,16.154859,-13.719904,16.143956
0,-13.718620,16.147328,-13.739486,16.157156,-13.718839,16.146753
0,-13.730523,16.169652,-13.732828,16.166191,-13.715978,16.150270
0,-13.718620,16.147328,-13.715978,16.150270,-13.735873,16.160905
0,-13.739486,16.157156,-13.718620,16.147328,-13.735873,16.160905
0,-13.712422,16.181842,-13.702661,16.173896,-13.707813,16.180922
0,-13.717817,16.181405,-13.721671,16.178988,-13.712422,16.181842
0,-13.707813,16.180922,-13.702661,16.173896,-13.704332,16.178319
0,-13.721671,16.178988,-13.702617,16.165681,-13.702013,16.169010
0,-13.721671,16.178988,-13.702013,16.169010,-13.702661,16.173896
0,-13.721671,16.178988,-13.704149,16.161794,-13.702617,16.165681
0,-13.711341,16.153716,-13.708603,16.156469,-13.726607,16.174323
0,-13.715978,16.150270,-13.732828,16.166191,-13.735873,16.160905
0,-13.711341,16.153716,-13.730523,16.169652,-13.715978,16.150270
0,-13.778368,16.141022,-13.783557,16.142008,-13.803302,16.139848
0,-13.719904,16.143956,-13.744958,16.152067,-13.719435,16.141324
0,-13.791713,16.143489,-13.795736,16.143213,-13.798215,16.142330
0,-13.734871,16.075166,-13.734624,16.076216,-13.778368,16.141022
0,-13.734969,16.074728,-13.775821,16.033732,-13.763489,16.038181
0,-13.765889,16.143460,-13.773232,16.141231,-13.727748,16.102483
0,-13.853877,16.120106,-13.861064,16.129020,-13.864662,16.129327
0,-13.820621,16.131034,-13.775821,16.033732,-13.812172,16.135772
0,-13.783557,16.142008,-13.788438,16.142992,-13.803302,16.139848
0,-13.791713,16.143489,-13.798215,16.142330,-13.788438,16.142992
0,-13.826513,16.126764,-13.832801,16.119744,-13.820621,16.131034
0,-13.854156,16.123351,-13.857469,16.128104,-13.861064,16.129020
0,-13.854156,16.123351,-13.854958,16.125867,-13.857469,16.128104
0,-13.832801,16.119744,-13.775821,16.033732,-13.820621,16.131034
0,-13.723370,16.123033,-13.722038,16.126760,-13.747322,16.150049
0,-13.747322,16.150049,-13.721753,16.127556,-13.721753,16.127556
0,-13.747322,16.150049,-13.721063,16.129467,-13.719864,16.132789
0,-13.747322,16.150049,-13.721753,16.127556,-13.721063,16.129467
0,-13.719435,16.141324,-13.719864,16.132789,-13.719432,16.133347
0,-13.719435,16.141324,-13.747322,16.150049,-13.719864,16.132789
0,-13.760160,16.144623,-13.723767,16.121134,-13.753898,16.146859
0,-13.723767,16.121134,-13.723744,16.121208,-13.723370,16.123033
0,-13.726904,16.104994,-13.725382,16.113220,-13.760160,16.144623
0,-13.726904,16.104994,-13.726895,16.105018,-13.725382,16.113220
0,-13.725382,16.113220,-13.725303,16.113649,-13.760160,16.144623
0,-13.725303,16.113649,-13.723767,16.121134,-13.760160,16.144623
0,-13.727519,16.103165,-13.727438,16.103405,-13.765889,16.143460
0,-13.731783,16.087397,-13.730858,16.090617,-13.773232,16.141231
0,-13.729678,16.096747,-13.727748,16.102483,-13.773232,16.141231
0,-13.729678,16.096747,-13.773232,16.141231,-13.730858,16.090617
0,-13.727748,16.102483,-13.727519,16.103165,-13.765889,16.143460
0,-13.778368,16.141022,-13.812172,16.135772,-13.734871,16.075166
0,-13.775821,16.033732,-13.734871,16.075166,-13.812172,16.135772
0,-13.759388,16.039660,-13.758051,16.040142,-13.737046,16.065380
0,-13.763489,16.038181,-13.760510,16.039255,-13.736048,16.069870
0,-13.734871,16.075166,-13.775821,16.033732,-13.734969,16.074728
0,-13.778368,16.141022,-13.734624,16.076216,-13.734121,16.078347
0,-13.778368,16.141022,-13.733004,16.083087,-13.732922,16.083437
0,-13.778368,16.141022,-13.734121,16.078347,-13.733004,16.083087
0,-13.778368,16.141022,-13.731825,16.087253,-13.773232,16.141231
0,-13.731825,16.087253,-13.731783,16.087397,-13.773232,16.141231
0,-13.836981,16.113668,-13.775821,16.033732,-13.832801,16.119744
0,-13.839001,16.009753,-13.846380,16.105894,-13.841548,16.008782
0,-13.844678,16.106184,-13.803732,16.023650,-13.843577,16.106768
0,-13.836981,16.113668,-13.841027,16.109206,-13.776444,16.033507
0,-13.854958,16.125867,-13.855841,16.127307,-13.857469,16.128104
0,-13.852814,16.116332,-13.853877,16.120106,-13.864662,16.129327
0,-13.852814,16.116332,-13.864662,16.129327,-13.851542,16.111602
0,-13.846601,16.004750,-13.849310,16.107196,-13.847309,16.003931
0,-13.750414,16.042896,-13.744230,16.045126,-13.740414,16.051465
0,-13.844678,16.106184,-13.846380,16.105894,-13.823310,16.018042
0,-13.738757,16.058518,-13.753782,16.041682,-13.752714,16.042067
0,-13.739935,16.054043,-13.752714,16.042067,-13.750414,16.042896
0,-13.740406,16.051509,-13.750414,16.042896,-13.740414,16.051465
0,-13.740414,16.051465,-13.744230,16.045126,-13.741159,16.046234
0,-13.739935,16.054043,-13.750414,16.042896,-13.740406,16.051509
0,-13.738757,16.058518,-13.752714,16.042067,-13.739935,16.054043
0,-13.738745,16.058562,-13.738195,16.060653,-13.755935,16.040905
0,-13.737976,16.061550,-13.758051,16.040142,-13.755935,16.040905
0,-13.738745,16.058562,-13.754161,16.041545,-13.738757,16.058518
0,-13.847309,16.003931,-13.849310,16.107196,-13.847323,16.003914
0,-13.847323,16.003914,-14.037893,16.099171,-13.847630,16.003228
0,-13.853789,15.986057,-13.848824,15.999045,-13.856542,15.983271
0,-13.848824,15.999045,-13.848821,15.999070,-13.856542,15.983271
0,-13.858684,15.981103,-13.848814,15.999119,-13.848498,16.001288
0,-13.851133,15.988746,-13.849705,15.991055,-13.848824,15.999045
0,-13.848814,15.999119,-13.858684,15.981103,-13.856542,15.983271
0,-13.869646,15.970005,-14.038686,16.097928,-13.887348,15.952082
0,-13.851133,15.988746,-13.848824,15.999045,-13.853789,15.986057
0,-13.850979,15.988902,-13.849705,15.991055,-13.851133,15.988746
0,-13.901856,15.937387,-14.038686,16.097928,-13.909431,15.929714
0,-13.909431,15.929714,-14.040888,16.096744,-13.915523,15.923543
0,-13.922593,15.916379,-13.956813,15.896688,-13.933269,15.905561
0,-13.920670,15.918327,-13.956813,15.896688,-13.922593,15.916379
0,-13.915523,15.923543,-13.956813,15.896688,-13.920670,15.918327
0,-13.889802,15.949596,-14.038686,16.097928,-13.895184,15.944145
0,-13.869646,15.970005,-13.848497,16.001290,-14.037893,16.099171
0,-13.881385,15.953575,-13.869646,15.970005,-13.887348,15.952082
0,-13.858684,15.981103,-13.848497,16.001290,-13.869646,15.970005
0,-13.845350,16.006158,-13.844098,16.007386,-13.849310,16.107196
0,-13.844098,16.007386,-13.848047,16.106352,-13.849310,16.107196
0,-13.841548,16.008782,-13.846380,16.105894,-13.841782,16.008693
0,-13.844059,16.007408,-13.848047,16.106352,-13.844098,16.007386
0,-13.841782,16.008693,-13.848047,16.106352,-13.844059,16.007408
0,-13.835226,16.011272,-13.846380,16.105894,-13.839001,16.009753
0,-13.823310,16.018042,-13.821895,16.018225,-13.844678,16.106184
0,-13.825808,16.015415,-13.825125,16.017315,-13.826780,16.014669
0,-13.825125,16.017315,-13.830221,16.013285,-13.826780,16.014669
0,-13.836981,16.113668,-13.776444,16.033507,-13.775821,16.033732
0,-13.841027,16.109206,-13.801851,16.024334,-13.776444,16.033507
0,-13.735128,16.074010,-13.734969,16.074728,-13.763489,16.038181
0,-13.738757,16.058518,-13.754161,16.041545,-13.753782,16.041682
0,-13.737046,16.065380,-13.760510,16.039255,-13.759388,16.039660
0,-13.737046,16.065380,-13.736048,16.069870,-13.760510,16.039255
0,-13.738745,16.058562,-13.755935,16.040905,-13.754161,16.041545
0,-13.738195,16.060653,-13.737976,16.061550,-13.755935,16.040905
0,-13.820976,16.018038,-13.819949,16.017356,-13.813784,16.019754
0,-13.825125,16.017315,-13.823310,16.018042,-13.846380,16.105894
0,-13.825125,16.017315,-13.830222,16.013284,-13.830221,16.013285
0,-13.821895,16.018225,-13.820976,16.018038,-13.813784,16.019754
0,-13.825887,16.015213,-13.826780,16.014669,-13.825971,16.014994
0,-13.825808,16.015415,-13.826780,16.014669,-13.825887,16.015213
0,-13.835226,16.011272,-13.825125,16.017315,-13.846380,16.105894
0,-13.835226,16.011272,-13.833591,16.011929,-13.825125,16.017315
