53,0,2,112,94,
0,-16.124903,14.172259,-16.138823,14.144744,-16.119413,14.172352
0,-16.149112,14.148168,-16.160931,14.154574,-16.150774,14.147040
0,-16.055835,14.175852,-16.059672,14.177693,-16.061188,14.178108
0,-16.019880,14.149579,-16.007964,14.152381,-16.006327,14.158405
0,-15.998837,13.911981,-15.997771,13.923345,-16.000782,13.915018
0,-16.058175,14.075772,-16.061149,14.077779,-16.061152,14.077747
0,-15.692652,13.924076,-15.688041,13.890455,-15.686606,13.893967
0,-16.048562,14.013743,-16.049262,14.019559,-16.049931,14.013756
0,-15.730688,13.869363,-15.729122,13.868680,-15.723317,13.867857
0,-16.001047,13.919210,-16.000782,13.915018,-16.000553,13.920490
0,-16.142025,14.118420,-16.144593,14.122568,-16.144680,14.121482
0,-16.054934,13.962963,-16.054836,13.960706,-16.045751,13.953531
0,-16.052181,14.044180,-16.049038,14.035662,-16.047641,14.035572
0,-16.039992,13.953456,-16.052581,13.981415,-16.054934,13.962963
0,-16.045931,14.147725,-16.047818,14.143843,-16.046211,14.146846
0,-16.055835,14.175852,-16.044537,14.149816,-16.048840,14.174291
0,-15.810976,14.056585,-15.817214,14.060814,-15.787074,13.990953
0,-16.004910,14.126204,-16.054978,14.093256,-16.054976,14.093217
0,-16.144138,14.124152,-16.144593,14.122568,-16.139347,14.118489
0,-16.024849,13.953665,-16.050965,13.984231,-16.026885,13.953521
0,-16.050069,14.140775,-16.050270,14.141310,-16.088614,14.122857
0,-16.090529,14.124213,-16.088614,14.122857,-16.050270,14.141310
0,-16.160931,14.154574,-16.161940,14.152626,-16.150774,14.147040
0,-16.143685,14.184366,-16.135948,14.178442,-16.134860,14.180479
0,-16.086302,14.173604,-16.088392,14.173460,-16.088278,14.171372
0,-16.146327,14.149059,-16.159037,14.161393,-16.147549,14.148800
0,-16.105501,14.122897,-16.095958,14.126020,-16.107438,14.172308
0,-16.047401,14.143965,-16.047084,14.144278,-16.047818,14.143843
0,-15.834380,14.071704,-15.840188,14.076982,-15.852359,14.085510
0,-15.997166,13.910039,-15.972999,13.887036,-15.995951,13.926327
0,-15.999323,13.935553,-16.005665,13.944549,-16.001007,13.937625
0,-15.948204,14.108044,-16.008457,13.948074,-15.944845,14.108282
0,-15.944009,14.108341,-15.944845,14.108282,-16.008457,13.948074
0,-16.005665,13.944549,-15.855248,14.087543,-15.936090,14.108969
0,-15.845360,14.086440,-15.843334,14.083527,-15.844646,14.086228
0,-15.774932,13.886235,-15.791268,13.905097,-15.790001,13.900273
0,-15.686641,13.893835,-15.686606,13.893967,-15.688041,13.890455
0,-15.798716,13.910099,-15.797253,13.909652,-15.778823,13.979710
0,-15.692652,13.924076,-15.686606,13.893967,-15.690762,13.921741
0,-15.801550,13.910162,-15.838159,13.900664,-15.805909,13.907378
0,-15.813908,13.886614,-15.826679,13.888811,-15.819258,13.882169
0,-15.925890,13.891505,-15.900149,13.895387,-15.897606,13.896432
0,-15.826498,14.066812,-15.830343,14.069647,-15.834380,14.071704
0,-15.845474,13.901425,-15.844250,13.900932,-15.840566,13.900872
0,-15.840566,13.900872,-15.838159,13.900664,-15.786527,13.982833
0,-15.919650,13.888886,-15.917627,13.887338,-15.911005,13.887689
0,-15.835000,13.900036,-15.805909,13.907378,-15.838159,13.900664
0,-16.057897,13.966468,-16.055926,13.965038,-16.058277,13.977980
0,-16.052586,13.995017,-16.052614,13.994793,-16.050078,13.994083
0,-15.969571,14.113891,-16.047641,14.035572,-15.966751,14.112808
0,-16.050965,13.984231,-16.024849,13.953665,-16.020228,13.953359
0,-16.047641,14.035572,-15.976857,14.116881,-16.052181,14.044180
0,-16.059054,14.069389,-16.060961,14.063878,-16.060913,14.062361
0,-16.036550,13.953707,-16.050965,13.984231,-16.052581,13.981415
0,-16.033957,13.953581,-16.050965,13.984231,-16.036550,13.953707
0,-16.001529,13.917318,-16.000782,13.915018,-16.001047,13.919210
0,-15.989432,13.888715,-15.986552,13.888238,-15.997257,13.907177
0,-15.997166,13.910039,-15.997139,13.908700,-15.978100,13.887630
0,-15.997771,13.923345,-15.997166,13.910039,-15.996868,13.924397
0,-15.849167,14.086968,-15.852313,14.085531,-15.849148,14.086941
0,-16.000782,13.915018,-15.997771,13.923345,-16.000553,13.920490
0,-16.136845,14.139242,-16.136684,14.136213,-16.108673,14.121735
0,-16.024988,14.149901,-16.024336,14.149375,-16.024407,14.150643
0,-16.056652,14.081934,-16.058175,14.075772,-16.055578,14.083016
0,-16.055578,14.083016,-16.058104,14.073292,-16.052181,14.044180
0,-16.050270,14.141310,-16.049734,14.140582,-16.048374,14.141803
0,-15.976857,14.116881,-16.055578,14.083016,-16.052181,14.044180
0,-16.096928,14.170938,-16.107438,14.172308,-16.095958,14.126020
0,-16.071084,14.108569,-16.050069,14.140775,-16.088614,14.122857
0,-16.071084,14.108569,-16.048856,14.139748,-16.050069,14.140775
0,-16.142025,14.118420,-16.140542,14.118246,-16.144593,14.122568
0,-16.136845,14.139242,-16.107111,14.122320,-16.105501,14.122897
0,-16.136749,14.134378,-16.127904,14.122389,-16.136684,14.136213
0,-16.108673,14.121735,-16.136684,14.136213,-16.127904,14.122389
0,-16.120524,14.114835,-16.119158,14.114019,-16.112014,14.117315
0,-16.140542,14.118246,-16.139347,14.118489,-16.144593,14.122568
0,-16.127904,14.122389,-16.122224,14.116267,-16.110295,14.120053
0,-16.139347,14.118489,-16.136788,14.119629,-16.143079,14.125513
0,-16.122224,14.116267,-16.120524,14.114835,-16.112014,14.117315
0,-16.161940,14.152626,-16.160469,14.145490,-16.153100,14.144893
0,-16.148943,14.177624,-16.149063,14.177510,-16.135948,14.178442
0,-16.149063,14.177510,-16.152528,14.174191,-16.135948,14.178442
0,-16.147549,14.148800,-16.159273,14.160515,-16.159528,14.159219
0,-16.161940,14.152626,-16.162397,14.151313,-16.160469,14.145490
0,-16.152528,14.174191,-16.153441,14.173886,-16.158679,14.164007
0,-16.161753,14.172266,-16.163212,14.166459,-16.160454,14.166381
0,-16.152528,14.174191,-16.158679,14.164007,-16.144345,14.149041
0,-16.143685,14.184366,-16.134860,14.180479,-16.139034,14.190282
0,-16.135948,14.178442,-16.143685,14.184366,-16.145010,14.182667
0,-16.139062,14.190295,-16.139034,14.190282,-16.139061,14.190295
0,-16.082193,14.183160,-16.082195,14.183160,-16.082195,14.183160
0,-16.068373,14.180189,-16.072968,14.181525,-16.074483,14.181110
0,-16.074483,14.181110,-16.072968,14.181525,-16.073727,14.181475
0,-16.144345,14.149041,-16.142648,14.148697,-16.135440,14.178238
0,-16.138823,14.144744,-16.138082,14.143357,-16.119413,14.172352
0,-16.107438,14.172308,-16.137367,14.141590,-16.105501,14.122897
0,-16.086302,14.173604,-16.088395,14.173509,-16.088392,14.173460
0,-16.067497,14.179794,-16.086302,14.173604,-16.066386,14.179371
0,-16.050270,14.141310,-16.061188,14.178108,-16.063076,14.178625
0,-16.073727,14.181475,-16.074379,14.181498,-16.074395,14.181446
0,-16.064250,14.178933,-16.064921,14.179300,-16.066386,14.179371
0,-16.066386,14.179371,-16.064921,14.179300,-16.065454,14.179462
0,-16.082138,14.183153,-16.082195,14.183160,-16.082204,14.183159
0,-16.050270,14.141310,-16.055835,14.175852,-16.061188,14.178108
0,-16.046211,14.146846,-16.047818,14.143843,-16.046622,14.145358
0,-16.031164,14.154800,-16.034656,14.181138,-16.043258,14.176986
0,-16.027914,14.154920,-16.026850,14.154248,-16.007313,14.167034
0,-16.038859,14.153344,-16.038208,14.153535,-16.039798,14.153330
0,-16.014782,14.144324,-16.014157,14.143666,-16.012498,14.145588
0,-16.055835,14.175852,-16.056867,14.176924,-16.059672,14.177693
0,-16.020441,14.149829,-16.024407,14.150643,-16.022188,14.148729
0,-16.020441,14.149829,-16.006327,14.158405,-16.026132,14.153638
0,-16.006183,14.155048,-16.006327,14.158405,-16.007964,14.152381
0,-15.844499,14.081029,-15.847601,14.086947,-15.844556,14.080947
0,-15.844078,14.081636,-15.843730,14.082480,-15.845360,14.086440
0,-15.852359,14.085510,-15.843374,14.079674,-15.844490,14.080716
0,-15.844490,14.080716,-15.844607,14.080826,-15.852359,14.085510
0,-15.847601,14.086947,-15.848117,14.086945,-15.844556,14.080947
0,-15.856357,14.092477,-15.856344,14.092972,-15.856605,14.091830
0,-15.849120,14.086942,-15.852313,14.085531,-15.844607,14.080826
0,-15.845360,14.086440,-15.843730,14.082480,-15.843334,14.083527
0,-15.844556,14.080947,-15.849120,14.086942,-15.844607,14.080826
0,-15.849120,14.086942,-15.849148,14.086941,-15.852313,14.085531
0,-15.952408,14.107883,-16.009787,13.949317,-15.948204,14.108044
0,-16.005665,13.944549,-15.936090,14.108969,-16.006894,13.946108
0,-15.976857,14.116881,-16.054986,14.085149,-16.055578,14.083016
0,-15.856605,14.091830,-15.885666,14.113174,-15.855248,14.087543
0,-15.888447,14.113471,-15.892688,14.112994,-15.885666,14.113174
0,-15.908681,14.111542,-15.918062,14.110783,-15.855248,14.087543
0,-15.871454,14.114751,-15.872360,14.114696,-15.860192,14.105956
0,-15.857097,14.096138,-15.857513,14.097457,-15.856605,14.091830
0,-15.856639,14.094683,-15.857097,14.096138,-15.856605,14.091830
0,-15.856020,14.112558,-15.855284,14.116457,-15.857683,14.116476
0,-15.857513,14.097457,-15.860192,14.105956,-15.878830,14.113316
0,-15.856639,14.094683,-15.856344,14.092972,-15.856266,14.093933
0,-15.843082,14.084652,-15.844646,14.086228,-15.843334,14.083527
0,-15.834380,14.071704,-15.885829,13.899573,-15.787074,13.990953
0,-15.843082,14.084652,-15.843534,14.085900,-15.844646,14.086228
0,-15.804162,14.054735,-15.798196,14.051574,-15.801568,14.054446
0,-15.785606,14.020771,-15.786458,14.031892,-15.810976,14.056585
0,-15.781993,14.012079,-15.785462,14.019726,-15.785538,13.997760
0,-15.781993,14.012079,-15.784848,14.018917,-15.785462,14.019726
0,-15.728521,13.960656,-15.737733,13.956350,-15.703584,13.941489
0,-15.781993,14.012079,-15.784746,14.018783,-15.784848,14.018917
0,-15.758490,13.969252,-15.759958,13.970802,-15.778823,13.979710
0,-15.785462,14.019726,-15.785606,14.020771,-15.810976,14.056585
0,-15.798716,13.910099,-15.778823,13.979710,-15.779825,13.980117
0,-15.744004,13.959026,-15.745432,13.959699,-15.791268,13.905097
0,-15.745844,13.877374,-15.694144,13.925945,-15.695529,13.927867
0,-15.695529,13.927867,-15.699336,13.932069,-15.745844,13.877374
0,-15.682317,13.909102,-15.684751,13.914243,-15.682248,13.908075
0,-15.690762,13.921741,-15.686606,13.893967,-15.689516,13.919999
0,-15.681968,13.902940,-15.681979,13.903045,-15.683691,13.900160
0,-15.683691,13.900160,-15.685078,13.914674,-15.686222,13.916180
0,-15.791268,13.905097,-15.774932,13.886235,-15.772329,13.885239
0,-15.692759,13.924204,-15.689990,13.886336,-15.688041,13.890455
0,-15.682237,13.906384,-15.682248,13.908075,-15.684751,13.914243
0,-15.835000,13.900036,-15.815058,13.897381,-15.805909,13.907378
0,-15.784496,13.982010,-15.801550,13.910162,-15.798716,13.910099
0,-15.835464,13.900085,-15.835000,13.900036,-15.838159,13.900664
0,-15.790001,13.900273,-15.779473,13.887712,-15.774932,13.886235
0,-15.883289,13.899260,-15.880048,13.898639,-15.854099,13.900830
0,-15.826498,14.066812,-15.834380,14.071704,-15.787074,13.990953
0,-15.996868,13.924397,-15.997166,13.910039,-15.996437,13.925267
0,-15.925890,13.891505,-15.924009,13.890943,-15.904174,13.893505
0,-16.001950,13.892507,-16.000881,13.889230,-15.994979,13.887282
0,-15.964600,13.886012,-15.970682,13.886512,-15.968274,13.886160
0,-15.995707,13.927657,-15.995951,13.926327,-15.957439,13.886501
0,-15.947768,13.886457,-15.944371,13.886208,-15.929135,13.890272
0,-15.858339,13.898510,-15.872588,13.895819,-15.865526,13.894889
0,-15.911202,13.887502,-15.915607,13.886206,-15.911789,13.886946
0,-15.929135,13.890272,-15.944371,13.886208,-15.937682,13.886876
0,-15.813908,13.886614,-15.819258,13.882169,-15.814474,13.884780
0,-15.791268,13.905097,-15.765566,13.883371,-15.739795,13.957131
0,-15.937682,13.886876,-15.944371,13.886208,-15.943380,13.886131
0,-15.962527,13.886038,-15.959936,13.886247,-15.995951,13.926327
0,-15.763769,13.882744,-15.762065,13.882252,-15.759658,13.881907
0,-15.739795,13.957131,-15.759658,13.881907,-15.737803,13.956377
0,-15.753932,13.880250,-15.757769,13.881506,-15.756397,13.880831
0,-15.745844,13.877374,-15.701743,13.934283,-15.747883,13.878416
0,-15.692759,13.924204,-15.694144,13.925945,-15.730688,13.869363
0,-15.698758,13.875396,-15.697309,13.876422,-15.695861,13.877909
0,-15.692759,13.924204,-15.730688,13.869363,-15.689990,13.886336
0,-15.759658,13.881907,-15.757769,13.881506,-15.737733,13.956350
0,-15.737733,13.956350,-15.753932,13.880250,-15.747883,13.878416
0,-15.745844,13.877374,-15.738545,13.872377,-15.694144,13.925945
0,-15.706013,13.868613,-15.703483,13.870754,-15.713402,13.866937
0,-15.730688,13.869363,-15.721855,13.867915,-15.689990,13.886336
0,-15.713402,13.866937,-15.717800,13.867728,-15.716567,13.867180
0,-16.054683,13.957398,-16.052273,13.953861,-16.050091,13.953232
0,-16.054484,13.956521,-16.052273,13.953861,-16.054683,13.957398
0,-16.053820,13.954960,-16.052273,13.953861,-16.054484,13.956521
0,-16.050091,13.953232,-16.054734,13.958410,-16.054683,13.957398
0,-16.052581,13.981415,-16.055926,13.965038,-16.054934,13.962963
0,-16.054934,13.962963,-16.043575,13.953630,-16.039992,13.953456
0,-16.054734,13.958410,-16.047685,13.953379,-16.054836,13.960706
0,-16.061187,13.969813,-16.057897,13.966468,-16.061200,13.972691
0,-16.144680,14.121482,-16.144350,14.120218,-16.143557,14.119181
0,-16.060195,13.967738,-16.057897,13.966468,-16.061187,13.969813
0,-16.061200,13.972691,-16.057897,13.966468,-16.060066,13.975253
0,-16.060066,13.975253,-16.057897,13.966468,-16.058277,13.977980
0,-16.056033,13.981445,-16.056163,13.981187,-16.052581,13.981415
0,-16.058277,13.977980,-16.052581,13.981415,-16.056163,13.981187
0,-16.060913,14.062361,-16.059463,14.055072,-16.059054,14.069389
0,-16.052171,13.997451,-16.052586,13.995017,-16.050078,13.994083
0,-16.058277,13.977980,-16.055926,13.965038,-16.052581,13.981415
0,-16.052027,13.998047,-16.052171,13.997451,-16.050078,13.994083
0,-16.024849,13.953665,-16.022450,13.953304,-16.020228,13.953359
0,-16.049522,14.002738,-16.052027,13.998047,-16.050078,13.994083
0,-15.952408,14.107883,-15.955846,14.107915,-16.009787,13.949317
0,-16.013854,13.952237,-16.047641,14.035572,-16.048562,14.013743
0,-15.955846,14.107915,-16.047641,14.035572,-16.013854,13.952237
0,-16.018015,13.953187,-16.050078,13.994083,-16.020228,13.953359
0,-16.049262,14.019559,-16.048562,14.013743,-16.047641,14.035572
0,-16.039992,13.953456,-16.036550,13.953707,-16.052581,13.981415
0,-16.033957,13.953581,-16.026885,13.953521,-16.050965,13.984231
0,-16.031789,13.953220,-16.026885,13.953521,-16.033957,13.953581
0,-16.050965,13.984231,-16.020228,13.953359,-16.050078,13.994083
0,-16.047685,13.953379,-16.045751,13.953531,-16.054836,13.960706
0,-16.043575,13.953630,-16.054934,13.962963,-16.045751,13.953531
0,-16.047685,13.953379,-16.054734,13.958410,-16.050091,13.953232
0,-16.029002,13.953005,-16.026885,13.953521,-16.031789,13.953220
0,-16.013854,13.952237,-16.011300,13.950322,-16.009787,13.949317
0,-16.013854,13.952237,-16.048562,14.013743,-16.048861,14.011211
0,-15.994979,13.887282,-16.002080,13.894722,-16.001950,13.892507
0,-15.991124,13.888383,-16.001972,13.897525,-16.002080,13.894722
0,-15.996865,13.886940,-15.994979,13.887282,-16.000881,13.889230
0,-16.001529,13.917318,-16.001526,13.917151,-16.000782,13.915018
0,-16.001972,13.897525,-15.991124,13.888383,-16.001356,13.900661
0,-15.999606,13.922055,-16.000324,13.921084,-16.000553,13.920490
0,-16.001356,13.900661,-15.991124,13.888383,-15.998992,13.904511
0,-16.001356,13.900661,-16.000005,13.903471,-16.000970,13.902811
0,-15.996865,13.886940,-16.000881,13.889230,-15.999659,13.887002
0,-15.957439,13.886501,-15.954699,13.886295,-15.951774,13.886505
0,-15.993286,13.887578,-16.002080,13.894722,-15.994979,13.887282
0,-15.991124,13.888383,-16.002080,13.894722,-15.993286,13.887578
0,-15.981025,13.887745,-15.997257,13.907177,-15.983617,13.887943
0,-15.997257,13.907177,-15.986552,13.888238,-15.983617,13.887943
0,-16.001356,13.900661,-15.998992,13.904511,-16.000005,13.903471
0,-15.991124,13.888383,-15.989432,13.888715,-15.998992,13.904511
0,-15.997166,13.910039,-15.997771,13.923345,-15.997813,13.910788
0,-15.997958,13.905733,-15.989432,13.888715,-15.997257,13.907177
0,-16.000553,13.920490,-15.997771,13.923345,-15.999606,13.922055
0,-15.999606,13.922055,-15.997771,13.923345,-15.998482,13.923071
0,-15.998837,13.911981,-15.997813,13.910788,-15.997771,13.923345
0,-15.997166,13.910039,-15.995951,13.926327,-15.996437,13.925267
0,-15.949795,13.886531,-15.929135,13.890272,-15.995707,13.927657
0,-15.926563,13.891249,-15.995707,13.927657,-15.929135,13.890272
0,-15.995707,13.927657,-15.926563,13.891249,-15.925890,13.891505
0,-15.997138,13.931484,-15.996361,13.929091,-15.995707,13.927657
0,-16.001007,13.937625,-16.005665,13.944549,-16.002384,13.939183
0,-15.998018,13.933614,-15.894002,13.897586,-15.998975,13.935035
0,-15.855248,14.087543,-15.889232,13.898848,-15.852359,14.085510
0,-16.006894,13.946108,-15.936090,14.108969,-16.008457,13.948074
0,-15.855248,14.087543,-16.005665,13.944549,-15.891997,13.898176
0,-16.003426,13.940508,-16.005665,13.944549,-16.004563,13.942257
0,-16.002384,13.939183,-16.005665,13.944549,-16.003426,13.940508
0,-16.015928,13.952319,-16.013854,13.952237,-16.018015,13.953187
0,-15.948204,14.108044,-16.009787,13.949317,-16.008457,13.948074
0,-16.009787,13.949317,-15.955846,14.107915,-16.013854,13.952237
0,-16.050078,13.994083,-16.018015,13.953187,-16.013854,13.952237
0,-16.049522,14.002738,-16.050078,13.994083,-16.013854,13.952237
0,-16.049522,14.002738,-16.013854,13.952237,-16.048861,14.011211
0,-16.061123,14.063411,-16.060913,14.062361,-16.060961,14.063878
0,-16.058603,14.080652,-16.060036,14.080489,-16.061063,14.078769
0,-16.063443,14.104634,-16.057125,14.100521,-16.041881,14.137350
0,-16.052181,14.044180,-16.059054,14.069389,-16.059463,14.055072
0,-16.058603,14.080652,-16.058175,14.075772,-16.056652,14.081934
0,-16.058603,14.080652,-16.061063,14.078769,-16.058175,14.075772
0,-16.058175,14.075772,-16.058104,14.073292,-16.055578,14.083016
0,-16.058175,14.075772,-16.061063,14.078769,-16.061149,14.077779
0,-16.054743,14.086913,-16.054986,14.085149,-15.997586,14.124834
0,-15.999366,14.125242,-16.054743,14.086913,-15.997586,14.124834
0,-16.004910,14.126204,-16.054725,14.088284,-16.054743,14.086913
0,-16.059054,14.069389,-16.052181,14.044180,-16.058104,14.073292
0,-16.054172,14.043896,-16.049038,14.035662,-16.052181,14.044180
0,-16.011229,14.128646,-16.054978,14.093256,-16.004910,14.126204
0,-16.004910,14.126204,-16.054743,14.086913,-15.999366,14.125242
0,-16.004910,14.126204,-16.054785,14.089276,-16.054725,14.088284
0,-16.054725,14.088284,-16.054785,14.089276,-16.054794,14.089261
0,-16.004910,14.126204,-16.054976,14.093217,-16.054785,14.089276
0,-16.036639,14.134197,-16.055174,14.097329,-16.027842,14.133096
0,-16.027842,14.133096,-16.055174,14.097329,-16.020556,14.132060
0,-16.020556,14.132060,-16.055174,14.097329,-16.016567,14.130712
0,-16.055174,14.097329,-16.011229,14.128646,-16.016567,14.130712
0,-16.055174,14.097329,-16.054978,14.093256,-16.011229,14.128646
0,-16.013915,14.143467,-16.013986,14.143487,-16.013936,14.143435
0,-16.013915,14.143467,-16.014157,14.143666,-16.013986,14.143487
0,-16.012498,14.145588,-16.014157,14.143666,-16.013915,14.143467
0,-16.048856,14.139748,-16.041881,14.137350,-16.042867,14.137944
0,-16.057125,14.100521,-16.036639,14.134197,-16.041881,14.137350
0,-16.057125,14.100521,-16.055174,14.097329,-16.036639,14.134197
0,-16.007964,14.152381,-16.018989,14.149149,-16.017982,14.147708
0,-16.047084,14.144278,-16.046622,14.145358,-16.047818,14.143843
0,-16.042867,14.137944,-16.042887,14.137956,-16.048856,14.139748
0,-16.066386,14.179371,-16.088331,14.171078,-16.064250,14.178933
0,-16.064250,14.178933,-16.088331,14.171078,-16.050270,14.141310
0,-16.041881,14.137350,-16.048856,14.139748,-16.063443,14.104634
0,-16.042887,14.137956,-16.044200,14.138745,-16.048856,14.139748
0,-16.048374,14.141803,-16.048451,14.142570,-16.050270,14.141310
0,-16.048257,14.143074,-16.050270,14.141310,-16.048451,14.142570
0,-16.047818,14.143843,-16.050270,14.141310,-16.048257,14.143074
0,-16.092725,14.171191,-16.095958,14.126020,-16.091088,14.171154
0,-16.088331,14.171078,-16.090529,14.124213,-16.050270,14.141310
0,-16.130782,14.122687,-16.128984,14.122653,-16.136749,14.134378
0,-16.122224,14.116267,-16.111445,14.118321,-16.110295,14.120053
0,-16.109624,14.121016,-16.127904,14.122389,-16.110295,14.120053
0,-16.112014,14.117315,-16.119158,14.114019,-16.114399,14.114258
0,-16.116672,14.113135,-16.115491,14.113544,-16.117432,14.113276
0,-16.122224,14.116267,-16.112014,14.117315,-16.111445,14.118321
0,-16.108673,14.121735,-16.127904,14.122389,-16.109624,14.121016
0,-16.071084,14.108569,-16.063443,14.104634,-16.048856,14.139748
0,-16.115491,14.113544,-16.114399,14.114258,-16.119158,14.114019
0,-16.084232,14.113302,-16.071084,14.108569,-16.088614,14.122857
0,-16.117432,14.113276,-16.115491,14.113544,-16.119158,14.114019
0,-16.132216,14.122274,-16.137508,14.132548,-16.139072,14.130280
0,-16.141742,14.127013,-16.136788,14.119629,-16.132216,14.122274
0,-16.137508,14.132548,-16.132216,14.122274,-16.130782,14.122687
0,-16.139072,14.130280,-16.141742,14.127013,-16.132216,14.122274
0,-16.142025,14.118420,-16.144680,14.121482,-16.143557,14.119181
0,-16.143079,14.125513,-16.144138,14.124152,-16.139347,14.118489
0,-16.154578,14.143981,-16.153100,14.144893,-16.158425,14.144279
0,-16.143079,14.125513,-16.136788,14.119629,-16.141742,14.127013
0,-16.119413,14.172352,-16.138082,14.143357,-16.137367,14.141590
0,-16.105501,14.122897,-16.137367,14.141590,-16.136845,14.139242
0,-16.107111,14.122320,-16.136845,14.139242,-16.108673,14.121735
0,-16.130782,14.122687,-16.136749,14.134378,-16.137508,14.132548
0,-16.128984,14.122653,-16.127904,14.122389,-16.136749,14.134378
0,-16.150774,14.147040,-16.161940,14.152626,-16.153100,14.144893
0,-16.124903,14.172259,-16.139707,14.145998,-16.138823,14.144744
0,-16.153100,14.144893,-16.160469,14.145490,-16.158425,14.144279
0,-16.154578,14.143981,-16.158425,14.144279,-16.156058,14.143658
0,-16.166177,14.169322,-16.166956,14.167785,-16.163448,14.166465
0,-16.162240,14.147788,-16.160469,14.145490,-16.162572,14.149413
0,-16.167366,14.168625,-16.166956,14.167785,-16.166177,14.169322
0,-16.163212,14.166459,-16.165494,14.169723,-16.163448,14.166465
0,-16.159769,14.157990,-16.160931,14.154574,-16.149112,14.148168
0,-16.156627,14.172142,-16.158658,14.172281,-16.158895,14.165619
0,-16.163678,14.171761,-16.165494,14.169723,-16.163212,14.166459
0,-16.162572,14.149413,-16.160469,14.145490,-16.162397,14.151313
0,-16.161584,14.146435,-16.160469,14.145490,-16.162240,14.147788
0,-16.144345,14.149041,-16.158679,14.164007,-16.146327,14.149059
0,-16.129680,14.175918,-16.142648,14.148697,-16.124903,14.172259
0,-16.142648,14.148697,-16.141477,14.148042,-16.124903,14.172259
0,-16.124903,14.172259,-16.140639,14.147251,-16.139707,14.145998
0,-16.153441,14.173886,-16.158895,14.165619,-16.158884,14.165532
0,-16.153441,14.173886,-16.158884,14.165532,-16.158679,14.164007
0,-16.147549,14.148800,-16.159769,14.157990,-16.149112,14.148168
0,-16.147549,14.148800,-16.159528,14.159219,-16.159769,14.157990
0,-16.147549,14.148800,-16.159037,14.161393,-16.159273,14.160515
0,-16.146327,14.149059,-16.158679,14.164007,-16.159037,14.161393
0,-16.107438,14.172308,-16.119413,14.172352,-16.137367,14.141590
0,-16.096928,14.170938,-16.095958,14.126020,-16.096123,14.170966
0,-16.092725,14.171191,-16.095846,14.170976,-16.095958,14.126020
0,-16.096123,14.170966,-16.095958,14.126020,-16.095846,14.170976
0,-16.095958,14.126020,-16.088331,14.171078,-16.090469,14.171140
0,-16.095958,14.126020,-16.090529,14.124213,-16.088331,14.171078
0,-16.074416,14.181367,-16.074483,14.181110,-16.073727,14.181475
0,-16.088331,14.171078,-16.066386,14.179371,-16.086302,14.173604
0,-16.088311,14.171189,-16.088331,14.171078,-16.086302,14.173604
0,-16.096982,14.173280,-16.107438,14.172308,-16.096928,14.170938
0,-16.095958,14.126020,-16.090469,14.171140,-16.091088,14.171154
0,-16.107439,14.172315,-16.119413,14.172352,-16.107438,14.172308
0,-16.156276,14.172936,-16.156627,14.172142,-16.153441,14.173886
0,-16.158658,14.172281,-16.160454,14.166381,-16.158895,14.165619
0,-16.128237,14.175337,-16.124903,14.172259,-16.124900,14.172264
0,-16.141477,14.148042,-16.140639,14.147251,-16.124903,14.172259
0,-16.166177,14.169322,-16.163448,14.166465,-16.165494,14.169723
0,-16.165149,14.171655,-16.165494,14.169723,-16.163678,14.171761
0,-16.163678,14.171761,-16.163212,14.166459,-16.161753,14.172266
0,-16.161753,14.172266,-16.160454,14.166381,-16.158658,14.172281
0,-16.161753,14.172266,-16.158658,14.172281,-16.159321,14.173070
0,-16.088311,14.171189,-16.086302,14.173604,-16.088310,14.171192
0,-16.132412,14.177018,-16.142648,14.148697,-16.129680,14.175918
0,-16.129680,14.175918,-16.124903,14.172259,-16.128237,14.175337
0,-16.156627,14.172142,-16.158895,14.165619,-16.153441,14.173886
0,-16.135440,14.178238,-16.152528,14.174191,-16.144345,14.149041
0,-16.145010,14.182667,-16.146343,14.180959,-16.135948,14.178442
0,-16.135948,14.178442,-16.152528,14.174191,-16.135889,14.178419
0,-16.135948,14.178442,-16.146343,14.180959,-16.148943,14.177624
0,-16.143685,14.184366,-16.139034,14.190282,-16.139062,14.190295
0,-16.139034,14.190282,-16.134860,14.180479,-16.131634,14.186519
0,-16.087979,14.178901,-16.083023,14.183130,-16.088375,14.180151
0,-16.135889,14.178419,-16.152528,14.174191,-16.135440,14.178238
0,-16.135440,14.178238,-16.142648,14.148697,-16.132412,14.177018
0,-16.082204,14.183159,-16.082553,14.183147,-16.082138,14.183153
0,-16.088375,14.180151,-16.083023,14.183130,-16.088156,14.182949
0,-16.087979,14.178901,-16.086302,14.173604,-16.083023,14.183130
0,-16.083023,14.183130,-16.086302,14.173604,-16.082553,14.183147
0,-16.082138,14.183153,-16.082193,14.183160,-16.082195,14.183160
0,-16.086302,14.173604,-16.082138,14.183153,-16.082553,14.183147
0,-16.080774,14.182994,-16.082138,14.183153,-16.080742,14.182985
0,-16.080742,14.182985,-16.082138,14.183153,-16.086302,14.173604
0,-16.079653,14.182659,-16.080742,14.182985,-16.086302,14.173604
0,-16.068378,14.181136,-16.069257,14.181435,-16.068373,14.180189
0,-16.071443,14.181765,-16.071566,14.181784,-16.071654,14.181622
0,-16.088310,14.171192,-16.086302,14.173604,-16.088278,14.171372
0,-16.074498,14.181116,-16.079653,14.182659,-16.086302,14.173604
0,-16.074483,14.181110,-16.086302,14.173604,-16.067497,14.179794
0,-16.086302,14.173604,-16.074483,14.181110,-16.074498,14.181116
0,-16.074483,14.181110,-16.067497,14.179794,-16.068373,14.180189
0,-16.074395,14.181446,-16.074416,14.181367,-16.073727,14.181475
0,-16.047818,14.143843,-16.045931,14.147725,-16.050270,14.141310
0,-16.048840,14.174291,-16.055728,14.175934,-16.055835,14.175852
0,-16.048840,14.174291,-16.054393,14.178000,-16.055728,14.175934
0,-16.041734,14.152229,-16.040652,14.153274,-16.048840,14.174291
0,-16.037004,14.153946,-16.043258,14.176986,-16.047695,14.174844
0,-16.050270,14.141310,-16.063076,14.178625,-16.064250,14.178933
0,-16.064250,14.178933,-16.063076,14.178625,-16.064210,14.178936
0,-16.064210,14.178936,-16.064245,14.178945,-16.064250,14.178933
0,-16.071654,14.181622,-16.068373,14.180189,-16.069257,14.181435
0,-16.033583,14.181656,-16.034656,14.181138,-16.033579,14.181652
0,-16.071654,14.181622,-16.072968,14.181525,-16.068373,14.180189
0,-16.071654,14.181622,-16.069257,14.181435,-16.071443,14.181765
0,-16.069257,14.181435,-16.068378,14.181136,-16.069252,14.181447
0,-16.066426,14.179848,-16.067497,14.179794,-16.066386,14.179371
0,-16.067502,14.179860,-16.068373,14.180189,-16.067497,14.179794
0,-16.066386,14.179371,-16.065454,14.179462,-16.065698,14.179483
0,-16.064921,14.179300,-16.065436,14.179460,-16.065454,14.179462
0,-16.064921,14.179300,-16.065419,14.179468,-16.065436,14.179460
0,-16.064921,14.179300,-16.065419,14.179478,-16.065419,14.179468
0,-16.034519,14.154595,-16.031164,14.154800,-16.043258,14.176986
0,-16.029279,14.154935,-16.028478,14.154960,-16.034656,14.181138
0,-16.004050,14.192115,-16.003223,14.198470,-16.004370,14.198489
0,-16.033579,14.181652,-16.005053,14.184411,-16.026716,14.198844
0,-16.026716,14.198844,-16.005053,14.184411,-16.011670,14.198605
0,-16.011670,14.198605,-16.004764,14.186630,-16.004050,14.192115
0,-16.033579,14.181652,-16.034656,14.181138,-16.028478,14.154960
0,-16.011670,14.198605,-16.005053,14.184411,-16.004764,14.186630
0,-16.033579,14.181652,-16.006490,14.173361,-16.005053,14.184411
0,-16.011670,14.198605,-16.004050,14.192115,-16.004370,14.198489
0,-16.007313,14.167034,-16.006959,14.169756,-16.033579,14.181652
0,-16.006490,14.173361,-16.033579,14.181652,-16.006959,14.169756
0,-16.028478,14.154960,-16.027914,14.154920,-16.033579,14.181652
0,-16.006572,14.164093,-16.006991,14.166766,-16.007313,14.167034
0,-16.033928,14.154517,-16.031164,14.154800,-16.034218,14.154555
0,-16.030276,14.154910,-16.034656,14.181138,-16.031164,14.154800
0,-16.029279,14.154935,-16.034656,14.181138,-16.030276,14.154910
0,-16.027914,14.154920,-16.007313,14.167034,-16.033579,14.181652
0,-16.021236,14.149007,-16.020847,14.149242,-16.020441,14.149829
0,-16.026850,14.154248,-16.026132,14.153638,-16.007313,14.167034
0,-16.033928,14.154517,-16.031878,14.154586,-16.031164,14.154800
0,-16.032418,14.154330,-16.032072,14.154374,-16.031878,14.154586
0,-16.006572,14.164093,-16.007313,14.167034,-16.026132,14.153638
0,-16.006572,14.164093,-16.026132,14.153638,-16.006327,14.158405
0,-16.033928,14.154517,-16.033589,14.154473,-16.031878,14.154586
0,-16.032601,14.154356,-16.031878,14.154586,-16.033134,14.154433
0,-16.032418,14.154330,-16.031878,14.154586,-16.032601,14.154356
0,-16.031164,14.154800,-16.034519,14.154595,-16.034218,14.154555
0,-16.043258,14.176986,-16.037004,14.153946,-16.034519,14.154595
0,-16.033589,14.154473,-16.033134,14.154433,-16.031878,14.154586
0,-16.035436,14.154265,-16.034519,14.154595,-16.037004,14.153946
0,-16.034519,14.154595,-16.035436,14.154265,-16.034669,14.154477
0,-16.035436,14.154265,-16.037004,14.153946,-16.036086,14.154044
0,-16.036086,14.154044,-16.037004,14.153946,-16.036566,14.153896
0,-16.047695,14.174844,-16.040652,14.153274,-16.040385,14.153317
0,-16.047695,14.174844,-16.048840,14.174291,-16.040652,14.153274
0,-16.047695,14.174844,-16.040385,14.153317,-16.037004,14.153946
0,-16.040385,14.153317,-16.039798,14.153330,-16.037004,14.153946
0,-16.037004,14.153946,-16.039798,14.153330,-16.038208,14.153535
0,-16.041342,14.152511,-16.040652,14.153274,-16.041734,14.152229
0,-16.041734,14.152229,-16.048840,14.174291,-16.043391,14.150771
0,-16.041714,14.152238,-16.041342,14.152511,-16.041734,14.152229
0,-16.045931,14.147725,-16.055835,14.175852,-16.050270,14.141310
0,-16.044537,14.149816,-16.055835,14.175852,-16.045931,14.147725
0,-16.043391,14.150771,-16.048840,14.174291,-16.044537,14.149816
0,-16.024407,14.150643,-16.024336,14.149375,-16.023424,14.148850
0,-16.024407,14.150643,-16.023424,14.148850,-16.022794,14.148684
0,-16.022188,14.148729,-16.024407,14.150643,-16.022794,14.148684
0,-16.021236,14.149007,-16.020441,14.149829,-16.022188,14.148729
0,-16.019880,14.149579,-16.006327,14.158405,-16.020441,14.149829
0,-16.024407,14.150643,-16.020441,14.149829,-16.026132,14.153638
0,-16.018989,14.149149,-16.007964,14.152381,-16.019880,14.149579
0,-16.018615,14.148428,-16.017982,14.147708,-16.018989,14.149149
0,-16.017982,14.147708,-16.012498,14.145588,-16.007964,14.152381
0,-16.012498,14.145588,-16.017982,14.147708,-16.016791,14.146303
0,-16.012498,14.145588,-16.016791,14.146303,-16.014782,14.144324
0,-15.844607,14.080826,-15.852313,14.085531,-15.852359,14.085510
0,-15.852359,14.085510,-15.842594,14.079014,-15.843374,14.079674
0,-15.844556,14.080947,-15.848117,14.086945,-15.849120,14.086942
0,-15.844078,14.081636,-15.845360,14.086440,-15.844499,14.081029
0,-15.852359,14.085510,-15.840188,14.076982,-15.842594,14.079014
0,-15.834380,14.071704,-15.837846,14.074992,-15.840188,14.076982
0,-15.834380,14.071704,-15.835683,14.073507,-15.837846,14.074992
0,-15.885829,13.899573,-15.834380,14.071704,-15.852359,14.085510
0,-15.817214,14.060814,-15.818811,14.061929,-15.787074,13.990953
0,-15.825050,14.065976,-15.820772,14.063604,-15.823353,14.065322
0,-15.788183,14.051496,-15.788183,14.051497,-15.790405,14.051372
0,-15.825050,14.065976,-15.818811,14.061929,-15.820772,14.063604
0,-15.825050,14.065976,-15.787074,13.990953,-15.818811,14.061929
0,-15.786458,14.031892,-15.785606,14.020771,-15.785969,14.031005
0,-15.825050,14.065976,-15.826498,14.066812,-15.787074,13.990953
0,-15.832968,14.071170,-15.834380,14.071704,-15.830343,14.069647
0,-15.832968,14.071170,-15.830343,14.069647,-15.831894,14.070764
0,-15.826498,14.066812,-15.828460,14.068948,-15.829092,14.069183
0,-15.830343,14.069647,-15.826498,14.066812,-15.829092,14.069183
0,-16.005665,13.944549,-15.999323,13.935553,-15.891997,13.898176
0,-15.894002,13.897586,-15.999323,13.935553,-15.998975,13.935035
0,-15.843082,14.084652,-15.843068,14.085230,-15.843534,14.085900
0,-15.844499,14.081029,-15.845360,14.086440,-15.847601,14.086947
0,-15.856266,14.093933,-15.856344,14.092972,-15.856165,14.093846
0,-15.856605,14.091830,-15.878830,14.113316,-15.882879,14.113437
0,-15.860192,14.105956,-15.875943,14.113987,-15.878830,14.113316
0,-15.857513,14.097457,-15.878830,14.113316,-15.856605,14.091830
0,-15.856344,14.092972,-15.856639,14.094683,-15.856605,14.091830
0,-15.860165,14.106287,-15.860192,14.105956,-15.860153,14.106274
0,-15.872360,14.114696,-15.875943,14.113987,-15.860192,14.105956
0,-15.871454,14.114751,-15.860192,14.105956,-15.860903,14.108083
0,-15.958760,14.109314,-15.959255,14.109502,-15.955846,14.107915
0,-15.860903,14.108083,-15.860192,14.105956,-15.860165,14.106287
0,-15.961200,14.110244,-16.047641,14.035572,-15.955846,14.107915
0,-15.944009,14.108341,-16.008457,13.948074,-15.936090,14.108969
0,-15.941108,14.108811,-15.944009,14.108341,-15.936090,14.108969
0,-15.941108,14.108811,-15.936090,14.108969,-15.939667,14.109045
0,-15.855248,14.087543,-15.918062,14.110783,-15.921980,14.110624
0,-15.936090,14.108969,-15.855248,14.087543,-15.921980,14.110624
0,-15.959255,14.109502,-15.961200,14.110244,-15.955846,14.107915
0,-15.966751,14.112808,-16.047641,14.035572,-15.961200,14.110244
0,-15.963364,14.111592,-15.966751,14.112808,-15.961200,14.110244
0,-15.972246,14.115516,-15.976857,14.116881,-15.969571,14.113891
0,-15.997586,14.124834,-16.054986,14.085149,-15.976857,14.116881
0,-15.976857,14.116881,-16.047641,14.035572,-15.969571,14.113891
0,-15.908681,14.111542,-15.913017,14.111571,-15.918062,14.110783
0,-15.925418,14.110927,-15.930140,14.110312,-15.921980,14.110624
0,-15.885666,14.113174,-15.892688,14.112994,-15.855248,14.087543
0,-15.933777,14.109466,-15.921980,14.110624,-15.930140,14.110312
0,-15.933777,14.109466,-15.936090,14.108969,-15.921980,14.110624
0,-15.900289,14.112035,-15.908681,14.111542,-15.855248,14.087543
0,-15.869053,14.114898,-15.871454,14.114751,-15.860903,14.108083
0,-15.865610,14.115615,-15.869053,14.114898,-15.860903,14.108083
0,-15.865610,14.115615,-15.860903,14.108083,-15.862404,14.115546
0,-15.856020,14.112558,-15.860477,14.115480,-15.858484,14.110225
0,-15.862404,14.115546,-15.860903,14.108083,-15.860046,14.109180
0,-15.855284,14.116457,-15.854310,14.113694,-15.851990,14.115058
0,-15.856605,14.091830,-15.882879,14.113437,-15.885666,14.113174
0,-15.908681,14.111542,-15.900289,14.112035,-15.904579,14.112019
0,-15.855248,14.087543,-15.892688,14.112994,-15.896419,14.112564
0,-15.900289,14.112035,-15.855248,14.087543,-15.896419,14.112564
0,-15.860477,14.115480,-15.860046,14.109180,-15.858484,14.110225
0,-15.860477,14.115480,-15.862404,14.115546,-15.860046,14.109180
0,-15.856020,14.112558,-15.857683,14.116476,-15.860477,14.115480
0,-15.854310,14.113694,-15.855284,14.116457,-15.856020,14.112558
0,-15.787798,14.049970,-15.790405,14.051372,-15.787585,14.049080
0,-15.787585,14.049080,-15.790405,14.051372,-15.793595,14.051164
0,-15.798196,14.051574,-15.798609,14.053045,-15.799594,14.054018
0,-15.788183,14.051496,-15.790405,14.051372,-15.787798,14.049970
0,-15.786396,14.036600,-15.786245,14.037912,-15.798196,14.051574
0,-15.786112,14.039063,-15.785941,14.043015,-15.795796,14.051318
0,-15.786906,14.046330,-15.787585,14.049080,-15.793595,14.051164
0,-15.813031,14.058947,-15.814635,14.059511,-15.812379,14.058063
0,-15.810976,14.056585,-15.804162,14.054735,-15.808010,14.056053
0,-15.814635,14.059511,-15.817214,14.060814,-15.810976,14.056585
0,-15.812379,14.058063,-15.814635,14.059511,-15.810976,14.056585
0,-15.798196,14.051574,-15.799594,14.054018,-15.801568,14.054446
0,-15.810976,14.056585,-15.786458,14.031892,-15.804162,14.054735
0,-15.786472,14.035934,-15.786396,14.036600,-15.798196,14.051574
0,-15.788183,14.051496,-15.787798,14.049970,-15.788156,14.051497
0,-15.798196,14.051574,-15.786471,14.035441,-15.786472,14.035934
0,-15.798196,14.051574,-15.786458,14.031892,-15.786471,14.035441
0,-15.798196,14.051574,-15.804162,14.054735,-15.786458,14.031892
0,-15.786245,14.037912,-15.795796,14.051318,-15.798196,14.051574
0,-15.786112,14.039063,-15.795796,14.051318,-15.786245,14.037912
0,-15.785941,14.043015,-15.793595,14.051164,-15.795796,14.051318
0,-15.786906,14.046330,-15.793595,14.051164,-15.785941,14.043015
0,-15.785606,14.020771,-15.785569,14.020837,-15.785785,14.030672
0,-15.784125,14.023421,-15.782585,14.026570,-15.782916,14.027957
0,-15.784125,14.023421,-15.782916,14.027957,-15.785785,14.030672
0,-15.782519,14.026296,-15.782585,14.026570,-15.784125,14.023421
0,-15.785969,14.031005,-15.785606,14.020771,-15.785785,14.030672
0,-15.787074,13.990953,-15.785538,13.997760,-15.810976,14.056585
0,-15.785569,14.020837,-15.784125,14.023421,-15.785785,14.030672
0,-15.785538,13.997760,-15.785462,14.019726,-15.810976,14.056585
0,-15.781993,14.012079,-15.783928,14.017706,-15.784746,14.018783
0,-15.782065,14.014385,-15.782571,14.016037,-15.783928,14.017706
0,-15.781321,14.009223,-15.781993,14.012079,-15.781552,14.007660
0,-15.782065,14.014385,-15.783928,14.017706,-15.781993,14.012079
0,-15.778823,13.979710,-15.797253,13.909652,-15.758490,13.969252
0,-15.758490,13.969252,-15.755629,13.966467,-15.756772,13.967657
0,-15.794555,13.908241,-15.752928,13.964604,-15.755629,13.966467
0,-15.755629,13.966467,-15.754090,13.965466,-15.754348,13.965657
0,-15.760822,13.971948,-15.762438,13.973688,-15.764481,13.975327
0,-15.766535,13.977653,-15.778823,13.979710,-15.765531,13.976508
0,-15.765531,13.976508,-15.778823,13.979710,-15.764690,13.975562
0,-15.759958,13.970802,-15.760822,13.971948,-15.764481,13.975327
0,-15.781552,14.007660,-15.785538,13.997760,-15.782534,14.001120
0,-15.781253,14.009686,-15.781993,14.012079,-15.781321,14.009223
0,-15.781552,14.007660,-15.781993,14.012079,-15.785538,13.997760
0,-15.781595,14.002824,-15.781552,14.007660,-15.782534,14.001120
0,-15.850095,13.901903,-15.786643,13.984566,-15.787074,13.990953
0,-15.845474,13.901425,-15.840566,13.900872,-15.786527,13.982833
0,-15.786643,13.984566,-15.850095,13.901903,-15.786527,13.982833
0,-15.786527,13.982833,-15.801550,13.910162,-15.784496,13.982010
0,-15.778823,13.979710,-15.764481,13.975327,-15.764690,13.975562
0,-15.784496,13.982010,-15.798716,13.910099,-15.779825,13.980117
0,-15.759958,13.970802,-15.764481,13.975327,-15.778823,13.979710
0,-15.794555,13.908241,-15.751638,13.963695,-15.751667,13.963715
0,-15.755629,13.966467,-15.752928,13.964604,-15.754090,13.965466
0,-15.794555,13.908241,-15.751667,13.963715,-15.751799,13.963808
0,-15.752928,13.964604,-15.794555,13.908241,-15.751799,13.963808
0,-15.794555,13.908241,-15.750172,13.962650,-15.751638,13.963695
0,-15.748743,13.961696,-15.745432,13.959699,-15.746712,13.960563
0,-15.794555,13.908241,-15.748743,13.961696,-15.750172,13.962650
0,-15.791268,13.905097,-15.745432,13.959699,-15.748743,13.961696
0,-15.741733,13.958029,-15.744004,13.959026,-15.791268,13.905097
0,-15.740930,13.957657,-15.741733,13.958029,-15.791268,13.905097
0,-15.737733,13.956350,-15.737803,13.956377,-15.759658,13.881907
0,-15.703091,13.937628,-15.737733,13.956350,-15.701743,13.934283
0,-15.739795,13.957131,-15.740930,13.957657,-15.791268,13.905097
0,-15.759658,13.881907,-15.739795,13.957131,-15.765566,13.883371
0,-15.703999,13.944749,-15.717573,13.960907,-15.728521,13.960656
0,-15.728521,13.960656,-15.717573,13.960907,-15.722185,13.961940
0,-15.703999,13.944749,-15.708872,13.955654,-15.717573,13.960907
0,-15.713385,13.959968,-15.717573,13.960907,-15.712913,13.959517
0,-15.686656,13.916751,-15.688188,13.918493,-15.686010,13.895623
0,-15.690762,13.921741,-15.691524,13.922742,-15.692652,13.924076
0,-15.686222,13.916180,-15.686656,13.916751,-15.686010,13.895623
0,-15.685078,13.914674,-15.682237,13.906384,-15.684751,13.914243
0,-15.684751,13.914243,-15.682317,13.909102,-15.683134,13.912087
0,-15.682317,13.909102,-15.682248,13.908075,-15.682254,13.908871
0,-15.683691,13.900160,-15.682237,13.906384,-15.685078,13.914674
0,-15.683691,13.900160,-15.682073,13.903953,-15.682237,13.906384
0,-15.684574,13.898078,-15.683691,13.900160,-15.686222,13.916180
0,-15.681979,13.903045,-15.682073,13.903953,-15.683691,13.900160
0,-15.689990,13.886336,-15.688739,13.888744,-15.688041,13.890455
0,-15.686973,13.892583,-15.686641,13.893835,-15.688041,13.890455
0,-15.686606,13.893967,-15.686010,13.895623,-15.689516,13.919999
0,-15.686010,13.895623,-15.688188,13.918493,-15.689516,13.919999
0,-15.684574,13.898078,-15.686222,13.916180,-15.686010,13.895623
0,-15.787048,13.892064,-15.784638,13.890751,-15.789299,13.895266
0,-15.784638,13.890751,-15.790001,13.900273,-15.789743,13.897796
0,-15.783162,13.889563,-15.779473,13.887712,-15.784638,13.890751
0,-15.779473,13.887712,-15.790001,13.900273,-15.784638,13.890751
0,-15.789589,13.896178,-15.789299,13.895266,-15.789743,13.897796
0,-15.788478,13.893244,-15.787048,13.892064,-15.789299,13.895266
0,-15.788478,13.893244,-15.789299,13.895266,-15.789288,13.894525
0,-15.791268,13.905097,-15.748743,13.961696,-15.794555,13.908241
0,-15.789299,13.895266,-15.784638,13.890751,-15.789743,13.897796
0,-15.792836,13.906240,-15.791268,13.905097,-15.793886,13.907511
0,-15.697294,13.930059,-15.699336,13.932069,-15.695529,13.927867
0,-15.688041,13.890455,-15.692652,13.924076,-15.692759,13.924204
0,-15.703584,13.941489,-15.737733,13.956350,-15.703091,13.937628
0,-15.699336,13.932069,-15.700952,13.933665,-15.701743,13.934283
0,-15.712913,13.959517,-15.717573,13.960907,-15.708872,13.955654
0,-15.708872,13.955654,-15.703999,13.944749,-15.704693,13.948675
0,-15.703999,13.944749,-15.728521,13.960656,-15.703584,13.941489
0,-15.797253,13.909652,-15.755629,13.966467,-15.758490,13.969252
0,-15.794555,13.908241,-15.755629,13.966467,-15.797253,13.909652
0,-15.796168,13.908833,-15.794555,13.908241,-15.797253,13.909652
0,-15.793886,13.907511,-15.791268,13.905097,-15.794555,13.908241
0,-15.815058,13.897381,-15.835000,13.900036,-15.832962,13.897595
0,-15.803941,13.908482,-15.801550,13.910162,-15.805909,13.907378
0,-15.801550,13.910162,-15.786527,13.982833,-15.838159,13.900664
0,-15.800226,13.910040,-15.798716,13.910099,-15.801550,13.910162
0,-15.850095,13.901903,-15.845474,13.901425,-15.786527,13.982833
0,-15.850095,13.901903,-15.848639,13.901532,-15.845474,13.901425
0,-15.883289,13.899260,-15.787074,13.990953,-15.885829,13.899573
0,-15.787074,13.990953,-15.883289,13.899260,-15.850095,13.901903
0,-15.850095,13.901903,-15.883289,13.899260,-15.854099,13.900830
0,-15.885829,13.899573,-15.852359,14.085510,-15.889232,13.898848
0,-15.880048,13.898639,-15.856983,13.899326,-15.854099,13.900830
0,-15.880048,13.898639,-15.876157,13.897388,-15.856983,13.899326
0,-15.806691,13.903148,-15.805909,13.907378,-15.815058,13.897381
0,-15.855248,14.087543,-15.891997,13.898176,-15.889232,13.898848
0,-15.999323,13.935553,-15.894002,13.897586,-15.891997,13.898176
0,-15.998018,13.933614,-15.897606,13.896432,-15.894002,13.897586
0,-15.894002,13.897586,-15.897606,13.896432,-15.895803,13.896854
0,-15.925890,13.891505,-15.997138,13.931484,-15.995707,13.927657
0,-15.998018,13.933614,-15.925890,13.891505,-15.897606,13.896432
0,-15.998018,13.933614,-15.997138,13.931484,-15.925890,13.891505
0,-15.921564,13.890019,-15.907032,13.891526,-15.904174,13.893505
0,-15.907032,13.891526,-15.921564,13.890019,-15.919650,13.888886
0,-15.925890,13.891505,-15.904174,13.893505,-15.900149,13.895387
0,-15.924009,13.890943,-15.921564,13.890019,-15.904174,13.893505
0,-15.872588,13.895819,-15.869345,13.894565,-15.865526,13.894889
0,-15.911789,13.886946,-15.915607,13.886206,-15.913484,13.886110
0,-15.876157,13.897388,-15.872588,13.895819,-15.858339,13.898510
0,-15.823816,13.882841,-15.822644,13.882055,-15.819258,13.882169
0,-15.856983,13.899326,-15.876157,13.897388,-15.858339,13.898510
0,-15.865526,13.894889,-15.862264,13.895162,-15.858339,13.898510
0,-15.865526,13.894889,-15.864573,13.894538,-15.862264,13.895162
0,-15.826679,13.888811,-15.815058,13.897381,-15.832962,13.897595
0,-15.808827,13.899469,-15.806691,13.903148,-15.815058,13.897381
0,-15.858339,13.898510,-15.862264,13.895162,-15.858965,13.897431
0,-15.813908,13.886614,-15.813975,13.891042,-15.826679,13.888811
0,-15.819258,13.882169,-15.826679,13.888811,-15.823816,13.882841
0,-15.813975,13.891042,-15.815058,13.897381,-15.826679,13.888811
0,-15.779473,13.887712,-15.783162,13.889563,-15.781167,13.888204
0,-15.776017,13.886457,-15.774932,13.886235,-15.779473,13.887712
0,-15.776017,13.886457,-15.779473,13.887712,-15.778092,13.887029
0,-15.911202,13.887502,-15.917627,13.887338,-15.915607,13.886206
0,-15.911005,13.887689,-15.917627,13.887338,-15.911202,13.887502
0,-15.909040,13.889548,-15.919650,13.888886,-15.911005,13.887689
0,-15.931850,13.888824,-15.929135,13.890272,-15.937682,13.886876
0,-15.907032,13.891526,-15.919650,13.888886,-15.909040,13.889548
0,-15.998992,13.904511,-15.989432,13.888715,-15.997958,13.905733
0,-15.981025,13.887745,-15.978100,13.887630,-15.997257,13.907177
0,-15.978100,13.887630,-15.997139,13.908700,-15.997257,13.907177
0,-15.972999,13.887036,-15.997166,13.910039,-15.978100,13.887630
0,-15.978100,13.887630,-15.975646,13.887152,-15.972999,13.887036
0,-15.933161,13.888114,-15.931850,13.888824,-15.937682,13.886876
0,-15.933161,13.888114,-15.937682,13.886876,-15.935610,13.887173
0,-15.995707,13.927657,-15.951774,13.886505,-15.949795,13.886531
0,-15.995707,13.927657,-15.957439,13.886501,-15.951774,13.886505
0,-15.949795,13.886531,-15.947768,13.886457,-15.929135,13.890272
0,-15.995951,13.926327,-15.964600,13.886012,-15.962527,13.886038
0,-15.972999,13.887036,-15.970682,13.886512,-15.964600,13.886012
0,-15.995951,13.926327,-15.972999,13.887036,-15.964600,13.886012
0,-15.957439,13.886501,-15.995951,13.926327,-15.959936,13.886247
0,-15.937682,13.886876,-15.943380,13.886131,-15.940123,13.886206
0,-15.825516,13.883980,-15.823816,13.882841,-15.826679,13.888811
0,-15.772329,13.885239,-15.767123,13.883583,-15.765566,13.883371
0,-15.765566,13.883371,-15.763769,13.882744,-15.759658,13.881907
0,-15.770429,13.884387,-15.767123,13.883583,-15.772329,13.885239
0,-15.770429,13.884387,-15.769623,13.884027,-15.767123,13.883583
0,-15.721855,13.867915,-15.717800,13.867728,-15.698758,13.875396
0,-15.689990,13.886336,-15.698758,13.875396,-15.695344,13.878598
0,-15.721855,13.867915,-15.730688,13.869363,-15.723317,13.867857
0,-15.736551,13.871334,-15.735041,13.870616,-15.733003,13.869935
0,-15.723317,13.867857,-15.729122,13.868680,-15.726666,13.867874
0,-15.699336,13.932069,-15.701743,13.934283,-15.745844,13.877374
0,-15.730688,13.869363,-15.736551,13.871334,-15.733003,13.869935
0,-15.747883,13.878416,-15.753932,13.880250,-15.751707,13.878892
0,-15.737733,13.956350,-15.757769,13.881506,-15.753932,13.880250
0,-15.738545,13.872377,-15.745844,13.877374,-15.743708,13.875553
0,-15.701743,13.934283,-15.737733,13.956350,-15.747883,13.878416
0,-15.772329,13.885239,-15.765566,13.883371,-15.791268,13.905097
0,-15.767123,13.883583,-15.766419,13.883359,-15.765566,13.883371
0,-15.738545,13.872377,-15.730688,13.869363,-15.694144,13.925945
0,-15.738545,13.872377,-15.743708,13.875553,-15.742521,13.874273
0,-15.740007,13.872454,-15.738545,13.872377,-15.741667,13.873362
0,-15.741667,13.873362,-15.738545,13.872377,-15.742521,13.874273
0,-15.736551,13.871334,-15.730688,13.869363,-15.738545,13.872377
0,-15.695861,13.877909,-15.695344,13.878598,-15.698758,13.875396
0,-15.698758,13.875396,-15.689990,13.886336,-15.721855,13.867915
0,-15.689990,13.886336,-15.689429,13.887268,-15.688739,13.888744
0,-15.692826,13.881290,-15.695344,13.878598,-15.693755,13.879579
0,-15.690634,13.884770,-15.689990,13.886336,-15.692826,13.881290
0,-15.690634,13.884770,-15.692826,13.881290,-15.691517,13.883058
0,-15.692826,13.881290,-15.689990,13.886336,-15.695344,13.878598
0,-15.703483,13.870754,-15.700022,13.873865,-15.717800,13.867728
0,-15.700022,13.873865,-15.698758,13.875396,-15.717800,13.867728
0,-15.713402,13.866937,-15.703483,13.870754,-15.717800,13.867728
0,-15.703483,13.870754,-15.701716,13.871864,-15.700022,13.873865
0,-15.703483,13.870754,-15.701986,13.871545,-15.701716,13.871864
0,-15.707747,13.866980,-15.706013,13.868613,-15.710789,13.866337
0,-15.707747,13.866980,-15.710789,13.866337,-15.710389,13.866245
0,-15.707747,13.866980,-15.710290,13.866222,-15.709853,13.865672
0,-15.707747,13.866980,-15.710389,13.866245,-15.710290,13.866222
0,-15.706013,13.868613,-15.713402,13.866937,-15.710789,13.866337
0,-15.704793,13.869312,-15.703483,13.870754,-15.706013,13.868613
