55,0,37,7,102,
0,-16.041875,13.800687,-16.047517,13.809355,-16.043245,13.801615
0,-16.020893,13.879138,-16.048997,13.847107,-16.049013,13.845730
0,-15.941623,13.741805,-15.940684,13.741014,-15.913484,13.886110
0,-15.789589,13.896178,-15.789743,13.897796,-15.808827,13.899469
0,-15.788478,13.893244,-15.789288,13.894525,-15.813908,13.886614
0,-15.688775,13.653196,-15.687226,13.654683,-15.686441,13.661277
0,-15.692984,13.637967,-15.691629,13.639499,-15.691839,13.642075
0,-15.924670,13.717153,-15.923309,13.716888,-15.910817,13.722129
0,-16.003656,13.766346,-16.002650,13.765412,-15.972046,13.751741
0,-15.935347,13.724309,-15.928751,13.717947,-15.935574,13.725765
0,-15.913484,13.886110,-15.897881,13.721455,-15.896396,13.721091
0,-16.010701,13.772881,-16.009694,13.771947,-15.964600,13.886012
0,-15.987666,13.750835,-15.978411,13.747922,-15.972046,13.751741
0,-15.990579,13.753742,-15.989608,13.752773,-15.972046,13.751741
0,-15.935099,13.722873,-15.934820,13.721465,-15.931472,13.718476
0,-15.993286,13.887578,-15.983617,13.887943,-15.986552,13.888238
0,-16.047517,13.809355,-16.047338,13.808063,-16.043245,13.801615
0,-16.017746,13.779416,-16.016739,13.778482,-15.968274,13.886160
0,-16.029824,13.790617,-16.028817,13.789683,-16.013216,13.882208
0,-16.022344,13.878915,-16.048962,13.849866,-16.048980,13.848486
0,-16.041875,13.800687,-16.047685,13.810654,-16.047517,13.809355
0,-16.034856,13.795284,-16.048879,13.826590,-16.048829,13.825241
0,-16.048117,13.814579,-16.047985,13.813266,-16.039481,13.799138
0,-16.020893,13.879138,-16.049039,13.842975,-16.049048,13.841600
0,-16.022344,13.878915,-16.048997,13.847107,-16.020893,13.879138
0,-16.047686,13.871768,-16.048848,13.870484,-16.048833,13.869120
0,-15.911005,13.887689,-15.895803,13.896854,-15.909040,13.889548
0,-15.895803,13.896854,-15.911005,13.887689,-15.872588,13.895819
0,-16.041661,13.873353,-16.048817,13.863641,-16.048823,13.862268
0,-15.972046,13.751741,-15.962527,13.886038,-16.006675,13.769147
0,-15.869345,13.894565,-15.872588,13.895819,-15.911202,13.887502
0,-15.742521,13.874273,-15.743708,13.875553,-15.751707,13.878892
0,-15.789299,13.895266,-15.789589,13.896178,-15.789288,13.894525
0,-15.790001,13.900273,-15.792836,13.906240,-15.806691,13.903148
0,-15.704482,13.836140,-15.704740,13.837227,-15.735041,13.870616
0,-15.681496,13.818401,-15.682252,13.819060,-15.692514,13.825686
0,-15.681083,13.818042,-15.695007,13.826810,-15.670372,13.730364
0,-15.651313,13.786204,-15.647197,13.783042,-15.649995,13.785444
0,-15.655901,13.739833,-15.656472,13.738905,-15.656440,13.738905
0,-15.638923,13.776472,-15.641923,13.779948,-15.643948,13.780445
0,-15.751631,13.599440,-15.750657,13.601477,-15.753824,13.597490
0,-15.698601,13.828656,-15.699788,13.829282,-15.696647,13.827555
0,-15.655284,13.790244,-15.670372,13.730364,-15.654114,13.788810
0,-15.683329,13.820223,-15.684722,13.821892,-15.686317,13.823144
0,-15.931472,13.718476,-15.930112,13.718211,-15.935099,13.722873
0,-15.899820,13.642259,-15.896693,13.639623,-15.899169,13.643690
0,-15.893246,13.660420,-15.893737,13.659130,-15.896693,13.639623
0,-15.626309,13.763302,-15.626312,13.764315,-15.626647,13.764911
0,-15.724522,13.639966,-15.722117,13.639756,-15.691780,13.668974
0,-15.641988,13.749383,-15.639000,13.752772,-15.644196,13.748355
0,-15.693439,13.648183,-15.692934,13.649387,-15.721173,13.639352
0,-15.671496,13.705893,-15.672496,13.713116,-15.672228,13.703260
0,-15.924670,13.717153,-15.936011,13.728695,-15.926030,13.717417
0,-15.901739,13.692510,-15.899472,13.695108,-15.902014,13.692720
0,-15.913484,13.886110,-15.896396,13.721091,-15.869345,13.894565
0,-15.896693,13.639623,-15.897282,13.648127,-15.898390,13.645447
0,-15.897079,13.703776,-15.889426,13.681750,-15.888649,13.680618
0,-15.899820,13.642259,-15.900186,13.641426,-15.896693,13.639623
0,-15.896693,13.639623,-15.898390,13.645447,-15.899169,13.643690
0,-15.891040,13.614596,-15.896693,13.639623,-15.897631,13.631193
0,-15.898390,13.645447,-15.897282,13.648127,-15.898302,13.646514
0,-15.896693,13.639623,-15.897007,13.648960,-15.897282,13.648127
0,-15.896693,13.639623,-15.853046,13.591496,-15.893246,13.660420
0,-15.895727,13.653990,-15.896693,13.639623,-15.895223,13.655268
0,-15.894229,13.657840,-15.896693,13.639623,-15.893737,13.659130
0,-15.887059,13.675647,-15.823836,13.591447,-15.886802,13.676929
0,-15.896985,13.701289,-15.889426,13.681750,-15.897079,13.703776
0,-15.752125,13.629973,-15.886802,13.676929,-15.753709,13.628214
0,-15.892953,13.685951,-15.896872,13.698260,-15.893916,13.686933
0,-15.940684,13.741014,-15.897881,13.721455,-15.913484,13.886110
0,-15.936011,13.728695,-15.924670,13.717153,-15.910817,13.722129
0,-15.935610,13.887173,-15.915607,13.886206,-15.933161,13.888114
0,-15.915607,13.886206,-15.940123,13.886206,-15.951036,13.746354
0,-15.977038,13.748124,-15.975568,13.748184,-15.972046,13.751741
0,-15.944371,13.886208,-15.967985,13.750533,-15.966586,13.750172
0,-15.979782,13.747715,-15.987666,13.750835,-15.986695,13.749867
0,-15.987666,13.750835,-15.979782,13.747715,-15.978411,13.747922
0,-15.966586,13.750172,-15.965170,13.749826,-15.944371,13.886208
0,-16.020765,13.782216,-15.970682,13.886512,-16.021772,13.783150
0,-15.967985,13.750533,-15.944371,13.886208,-15.954699,13.886295
0,-16.049059,13.838853,-16.019386,13.879560,-16.049055,13.840226
0,-16.036870,13.797151,-16.048454,13.818548,-16.038269,13.798294
0,-16.026804,13.787817,-16.025798,13.786883,-15.996865,13.886940
0,-16.048352,13.817220,-16.048240,13.815897,-16.038269,13.798294
0,-16.039481,13.799138,-16.047841,13.811957,-16.040746,13.799960
0,-16.045153,13.803199,-16.047338,13.808063,-16.047145,13.806774
0,-16.036870,13.797151,-16.048546,13.819878,-16.048454,13.818548
0,-16.048454,13.818548,-16.048352,13.817220,-16.038269,13.798294
0,-16.048240,13.815897,-16.048117,13.814579,-16.038269,13.798294
0,-16.017905,13.880139,-16.048990,13.830655,-16.031837,13.792484
0,-16.048630,13.821213,-16.048546,13.819878,-16.036870,13.797151
0,-16.048704,13.822552,-16.048630,13.821213,-16.036870,13.797151
0,-16.019386,13.879560,-16.020893,13.879138,-16.049048,13.841600
0,-16.048959,13.829297,-16.048923,13.827942,-16.032843,13.793417
0,-16.019386,13.879560,-16.049048,13.841600,-16.049055,13.840226
0,-16.049027,13.844352,-16.049039,13.842975,-16.020893,13.879138
0,-16.048815,13.865013,-16.048817,13.863641,-16.041661,13.873353
0,-16.037022,13.876320,-16.038375,13.875350,-16.035298,13.877292
0,-16.022344,13.878915,-16.048906,13.854004,-16.048924,13.852625
0,-16.048843,13.859516,-16.048856,13.858140,-16.038375,13.875350
0,-16.047686,13.871768,-16.048864,13.871465,-16.048848,13.870484
0,-15.996865,13.886940,-16.002859,13.886301,-16.005355,13.885594
0,-15.929135,13.890272,-15.931850,13.888824,-15.919650,13.888886
0,-15.933161,13.888114,-15.917627,13.887338,-15.931850,13.888824
0,-15.981025,13.887745,-15.983617,13.887943,-15.994979,13.887282
0,-15.822644,13.882055,-15.869345,13.894565,-15.896396,13.721091
0,-15.832962,13.897595,-15.835464,13.900085,-15.838159,13.900664
0,-15.844250,13.900932,-15.858965,13.897431,-15.825516,13.883980
0,-15.876157,13.897388,-15.891997,13.898176,-15.895803,13.896854
0,-15.788478,13.893244,-15.813908,13.886614,-15.814474,13.884780
0,-15.789288,13.894525,-15.808827,13.899469,-15.813908,13.886614
0,-15.954699,13.886295,-15.972046,13.751741,-15.967985,13.750533
0,-15.951036,13.746354,-15.949715,13.745920,-15.915607,13.886206
0,-15.996865,13.886940,-16.005355,13.885594,-16.013216,13.882208
0,-15.968274,13.886160,-16.013720,13.775681,-16.012714,13.774748
0,-16.048888,13.855383,-16.048906,13.854004,-16.023825,13.878909
0,-16.038375,13.875350,-16.026048,13.879019,-16.035298,13.877292
0,-16.023825,13.878909,-16.038375,13.875350,-16.048871,13.856761
0,-16.027811,13.788750,-15.996865,13.886940,-16.013216,13.882208
0,-16.011481,13.883363,-16.007389,13.885135,-16.009312,13.884574
0,-15.858965,13.897431,-15.862264,13.895162,-15.825516,13.883980
0,-15.864573,13.894538,-15.869345,13.894565,-15.822644,13.882055
0,-15.696828,13.847517,-15.696624,13.848013,-15.702538,13.857463
0,-15.696647,13.827555,-15.699788,13.829282,-15.670372,13.730364
0,-15.674244,13.719368,-15.699788,13.829282,-15.701097,13.830490
0,-15.682252,13.819060,-15.683329,13.820223,-15.692514,13.825686
0,-15.673709,13.812010,-15.674999,13.813158,-15.670372,13.730364
0,-15.695466,13.850820,-15.695472,13.852634,-15.697130,13.854399
0,-15.696794,13.854243,-15.695472,13.852634,-15.695473,13.852959
0,-15.796168,13.908833,-15.797253,13.909652,-15.798716,13.910099
0,-15.792836,13.906240,-15.793886,13.907511,-15.796168,13.908833
0,-15.889232,13.898848,-15.891997,13.898176,-15.876157,13.897388
0,-15.796168,13.908833,-15.803941,13.908482,-15.806691,13.903148
0,-15.805909,13.907378,-15.806691,13.903148,-15.803941,13.908482
0,-15.776017,13.886457,-15.772329,13.885239,-15.774932,13.886235
0,-15.769623,13.884027,-15.819258,13.882169,-15.703001,13.833133
0,-15.740007,13.872454,-15.703001,13.833133,-15.704482,13.836140
0,-15.741667,13.873362,-15.766419,13.883359,-15.769623,13.884027
0,-15.663864,13.805746,-15.663827,13.805751,-15.663827,13.805762
0,-15.663649,13.801654,-15.664590,13.803122,-15.665750,13.804285
0,-15.671574,13.812187,-15.673292,13.811665,-15.666181,13.804803
0,-15.655767,13.790808,-15.656119,13.791219,-15.656226,13.791340
0,-15.663649,13.801654,-15.665750,13.804285,-15.670372,13.730364
0,-15.647197,13.783042,-15.651313,13.786204,-15.647715,13.746348
0,-15.647715,13.746348,-15.651416,13.743555,-15.649819,13.744625
0,-15.639108,13.777830,-15.640956,13.779803,-15.641923,13.779948
0,-15.647197,13.783042,-15.647715,13.746348,-15.645982,13.781878
0,-15.638559,13.775912,-15.643948,13.780445,-15.644825,13.780828
0,-15.647197,13.783042,-15.648078,13.784016,-15.648823,13.784596
0,-15.650127,13.785536,-15.651313,13.786204,-15.649995,13.785444
0,-15.663835,13.808675,-15.665339,13.811595,-15.666181,13.804803
0,-15.639015,13.777210,-15.641923,13.779948,-15.638954,13.776767
0,-15.638923,13.776472,-15.638954,13.776767,-15.641923,13.779948
0,-15.639108,13.777830,-15.639988,13.779274,-15.640956,13.779803
0,-15.622175,13.777427,-15.622372,13.778395,-15.624380,13.778381
0,-15.624380,13.778381,-15.626181,13.777380,-15.621931,13.776279
0,-15.631977,13.758830,-15.637183,13.775264,-15.633148,13.757607
0,-15.626750,13.765643,-15.632373,13.775086,-15.632954,13.775007
0,-15.672496,13.713116,-15.671100,13.709955,-15.671735,13.712206
0,-15.621582,13.773703,-15.626181,13.777380,-15.628076,13.776571
0,-15.655901,13.739833,-15.670372,13.730364,-15.662862,13.733694
0,-15.652388,13.786907,-15.654739,13.741039,-15.651416,13.743555
0,-15.653186,13.787601,-15.670372,13.730364,-15.655901,13.739833
0,-15.654739,13.741039,-15.652809,13.742021,-15.651416,13.743555
0,-15.887262,13.678258,-15.896570,13.716691,-15.887929,13.679457
0,-15.670372,13.730364,-15.666519,13.731550,-15.662862,13.733694
0,-15.668342,13.730156,-15.666519,13.731550,-15.670341,13.730361
0,-15.671496,13.705893,-15.671100,13.709955,-15.672496,13.713116
0,-15.887262,13.678258,-15.750816,13.631089,-15.896396,13.721091
0,-15.689954,13.670643,-15.689451,13.672353,-15.691780,13.668974
0,-15.750816,13.631089,-15.748700,13.631710,-15.747158,13.632411
0,-15.687226,13.654683,-15.685911,13.660085,-15.686441,13.661277
0,-15.685059,13.688424,-15.682757,13.688665,-15.678677,13.691515
0,-15.688770,13.664164,-15.686441,13.661277,-15.687631,13.663434
0,-15.886802,13.676929,-15.823836,13.591447,-15.756220,13.624228
0,-15.755291,13.625624,-15.754270,13.627290,-15.756220,13.624228
0,-15.754270,13.627290,-15.886802,13.676929,-15.756220,13.624228
0,-15.886802,13.676929,-15.754270,13.627290,-15.753709,13.628214
0,-15.756220,13.624228,-15.823836,13.591447,-15.794622,13.591394
0,-15.756587,13.623215,-15.756220,13.624228,-15.794622,13.591394
0,-15.755585,13.622024,-15.753824,13.597490,-15.749743,13.604845
0,-15.686369,13.687535,-15.674244,13.719368,-15.896396,13.721091
0,-15.687792,13.677385,-15.689451,13.672353,-15.687972,13.675730
0,-15.735226,13.636516,-15.736812,13.635028,-15.735834,13.635637
0,-15.724522,13.639966,-15.723060,13.639753,-15.722150,13.639756
0,-15.722117,13.639756,-15.721173,13.639352,-15.691583,13.668053
0,-15.692934,13.649387,-15.691486,13.650594,-15.690189,13.665579
0,-15.719789,13.637240,-15.713862,13.632040,-15.711910,13.632144
0,-15.710344,13.632345,-15.710325,13.632347,-15.710357,13.632347
0,-15.698892,13.635110,-15.693087,13.644640,-15.693561,13.645561
0,-15.692361,13.643132,-15.693087,13.644640,-15.694053,13.636941
0,-15.921949,13.716624,-15.910817,13.722129,-15.923309,13.716888
0,-15.920588,13.716359,-15.917397,13.716550,-15.912787,13.719613
0,-15.919230,13.716095,-15.917397,13.716550,-15.920588,13.716359
0,-15.921949,13.716624,-15.920588,13.716359,-15.912787,13.719613
0,-15.914788,13.717444,-15.912787,13.719613,-15.915992,13.716949
0,-15.913485,13.718432,-15.912787,13.719613,-15.914788,13.717444
0,-15.935792,13.727231,-15.927391,13.717682,-15.926030,13.717417
0,-15.935574,13.725765,-15.928751,13.717947,-15.927391,13.717682
0,-15.936242,13.730148,-15.936011,13.728695,-15.910817,13.722129
0,-15.935099,13.722873,-15.930112,13.718211,-15.935347,13.724309
0,-15.934820,13.721465,-15.934193,13.719004,-15.932833,13.718739
0,-15.935792,13.727231,-15.926030,13.717417,-15.936011,13.728695
0,-15.935574,13.725765,-15.927391,13.717682,-15.935792,13.727231
0,-15.930112,13.718211,-15.928751,13.717947,-15.935347,13.724309
0,-15.932833,13.718739,-15.931472,13.718476,-15.934820,13.721465
0,-15.912787,13.719613,-15.917397,13.716550,-15.915992,13.716949
0,-15.910817,13.722129,-15.921949,13.716624,-15.912787,13.719613
0,-15.910817,13.722129,-15.912787,13.719613,-15.911686,13.720796
0,-15.938502,13.738048,-15.905365,13.722710,-15.939126,13.739133
0,-15.899472,13.695108,-15.901487,13.692325,-15.900631,13.691693
0,-15.899472,13.695108,-15.901739,13.692510,-15.901487,13.692325
0,-15.899216,13.695099,-15.899472,13.695108,-15.900631,13.691693
0,-15.899216,13.695099,-15.900631,13.691693,-15.899504,13.690903
0,-15.899216,13.695099,-15.898322,13.690183,-15.897124,13.689484
0,-15.897631,13.631193,-15.897799,13.627968,-15.891040,13.614596
0,-15.898322,13.690183,-15.899216,13.695099,-15.899504,13.690903
0,-15.900186,13.641426,-15.900690,13.640114,-15.896693,13.639623
0,-15.882258,13.591541,-15.853046,13.591496,-15.891040,13.614596
0,-15.891040,13.614596,-15.853046,13.591496,-15.896693,13.639623
0,-15.853046,13.591496,-15.823836,13.591447,-15.890747,13.666830
0,-15.897007,13.648960,-15.896444,13.652219,-15.897104,13.650639
0,-15.897007,13.648960,-15.895727,13.653990,-15.896444,13.652219
0,-15.897007,13.648960,-15.896693,13.639623,-15.895727,13.653990
0,-15.895223,13.655268,-15.896693,13.639623,-15.894724,13.656552
0,-15.894724,13.656552,-15.896693,13.639623,-15.894229,13.657840
0,-15.892754,13.661711,-15.853046,13.591496,-15.892259,13.662997
0,-15.892259,13.662997,-15.853046,13.591496,-15.891761,13.664281
0,-15.892754,13.661711,-15.893246,13.660420,-15.853046,13.591496
0,-15.890980,13.591558,-15.882258,13.591541,-15.891040,13.614596
0,-15.898153,13.621160,-15.891040,13.614596,-15.897799,13.627968
0,-15.765411,13.591339,-15.756587,13.623215,-15.794622,13.591394
0,-15.891006,13.591554,-15.882258,13.591541,-15.890980,13.591558
0,-15.891257,13.665559,-15.853046,13.591496,-15.890747,13.666830
0,-15.890980,13.591558,-15.891561,13.591555,-15.891006,13.591554
0,-15.891761,13.664281,-15.853046,13.591496,-15.891257,13.665559
0,-15.897232,13.614804,-15.891040,13.614596,-15.898153,13.621160
0,-15.890747,13.666830,-15.823836,13.591447,-15.890228,13.668090
0,-15.890228,13.668090,-15.823836,13.591447,-15.889688,13.669345
0,-15.889688,13.669345,-15.823836,13.591447,-15.889120,13.670601
0,-15.889120,13.670601,-15.823836,13.591447,-15.888419,13.672151
0,-15.886802,13.676929,-15.750816,13.631089,-15.887262,13.678258
0,-15.887492,13.674382,-15.823836,13.591447,-15.887059,13.675647
0,-15.896570,13.716691,-15.888649,13.680618,-15.887929,13.679457
0,-15.896570,13.716691,-15.897079,13.703776,-15.888649,13.680618
0,-15.888419,13.672151,-15.823836,13.591447,-15.887996,13.673119
0,-15.887996,13.673119,-15.823836,13.591447,-15.887492,13.674382
0,-15.891126,13.683896,-15.896872,13.698260,-15.892024,13.684936
0,-15.896985,13.701289,-15.896872,13.698260,-15.891126,13.683896
0,-15.896985,13.701289,-15.891126,13.683896,-15.890255,13.682842
0,-15.896985,13.701289,-15.890255,13.682842,-15.889426,13.681750
0,-15.893916,13.686933,-15.896872,13.698260,-15.894917,13.687868
0,-15.896872,13.698260,-15.897124,13.689484,-15.895972,13.688734
0,-15.892024,13.684936,-15.896872,13.698260,-15.892953,13.685951
0,-15.896872,13.698260,-15.895972,13.688734,-15.894917,13.687868
0,-15.899216,13.695099,-15.897124,13.689484,-15.896872,13.698260
0,-15.896570,13.716691,-15.887262,13.678258,-15.896396,13.721091
0,-15.981152,13.747505,-15.979782,13.747715,-15.986695,13.749867
0,-15.955158,13.747506,-15.953762,13.747143,-15.940123,13.886206
0,-15.940123,13.886206,-15.956571,13.747855,-15.955158,13.747506
0,-15.953762,13.747143,-15.952387,13.746760,-15.940123,13.886206
0,-15.952387,13.746760,-15.951036,13.746354,-15.940123,13.886206
0,-15.945967,13.744419,-15.913484,13.886110,-15.947176,13.744957
0,-15.943688,13.743212,-15.913484,13.886110,-15.944802,13.743838
0,-15.944802,13.743838,-15.913484,13.886110,-15.945967,13.744419
0,-15.910817,13.722129,-15.936785,13.732977,-15.936657,13.732355
0,-15.910817,13.722129,-15.937119,13.734334,-15.936785,13.732977
0,-15.936657,13.732355,-15.936497,13.731579,-15.910817,13.722129
0,-15.936497,13.731579,-15.936242,13.730148,-15.910817,13.722129
0,-15.910817,13.722129,-15.938502,13.738048,-15.937967,13.736879
0,-15.910817,13.722129,-15.905365,13.722710,-15.938502,13.738048
0,-15.910817,13.722129,-15.937510,13.735638,-15.937119,13.734334
0,-15.910817,13.722129,-15.937967,13.736879,-15.937510,13.735638
0,-15.913484,13.886110,-15.915607,13.886206,-15.947176,13.744957
0,-15.942627,13.742536,-15.913484,13.886110,-15.943688,13.743212
0,-15.905365,13.722710,-15.897881,13.721455,-15.940684,13.741014
0,-15.905365,13.722710,-15.939849,13.740124,-15.939126,13.739133
0,-15.905365,13.722710,-15.940684,13.741014,-15.939849,13.740124
0,-15.962308,13.749166,-15.943380,13.886131,-15.963743,13.749493
0,-15.960869,13.748842,-15.943380,13.886131,-15.962308,13.749166
0,-15.943380,13.886131,-15.960869,13.748842,-15.959430,13.748518
0,-15.943380,13.886131,-15.957996,13.748190,-15.956571,13.747855
0,-15.943380,13.886131,-15.959430,13.748518,-15.957996,13.748190
0,-15.965170,13.749826,-15.943380,13.886131,-15.944371,13.886208
0,-15.975568,13.748184,-15.974208,13.748398,-15.973275,13.749220
0,-15.963743,13.749493,-15.943380,13.886131,-15.965170,13.749826
0,-15.967985,13.750533,-15.972046,13.751741,-15.969364,13.750911
0,-15.975568,13.748184,-15.973275,13.749220,-15.972046,13.751741
0,-15.969364,13.750911,-15.972046,13.751741,-15.970719,13.751313
0,-15.994464,13.757616,-15.993492,13.756647,-15.972046,13.751741
0,-15.988637,13.751805,-15.987666,13.750835,-15.972046,13.751741
0,-15.978411,13.747922,-15.977038,13.748124,-15.972046,13.751741
0,-15.985724,13.748899,-15.981152,13.747505,-15.986695,13.749867
0,-15.982522,13.747289,-15.985724,13.748899,-15.983891,13.747071
0,-15.982522,13.747289,-15.981152,13.747505,-15.985724,13.748899
0,-15.972046,13.751741,-16.006675,13.769147,-16.005669,13.768213
0,-15.964600,13.886012,-16.009694,13.771947,-16.008688,13.771014
0,-15.962527,13.886038,-16.007681,13.770081,-16.006675,13.769147
0,-15.964600,13.886012,-16.008688,13.771014,-16.007681,13.770081
0,-15.972046,13.751741,-16.004662,13.767280,-16.003656,13.766346
0,-15.972046,13.751741,-16.005669,13.768213,-16.004662,13.767280
0,-16.001644,13.764479,-15.972046,13.751741,-16.002650,13.765412
0,-16.000637,13.763546,-15.972046,13.751741,-16.001644,13.764479
0,-15.999631,13.762612,-15.972046,13.751741,-16.000637,13.763546
0,-15.972046,13.751741,-15.992521,13.755679,-15.991550,13.754710
0,-15.972046,13.751741,-15.993492,13.756647,-15.992521,13.755679
0,-15.989608,13.752773,-15.988637,13.751805,-15.972046,13.751741
0,-15.991550,13.754710,-15.990579,13.753742,-15.972046,13.751741
0,-15.996406,13.759553,-15.995435,13.758584,-15.972046,13.751741
0,-15.995435,13.758584,-15.994464,13.757616,-15.972046,13.751741
0,-15.998624,13.761679,-15.972046,13.751741,-15.999631,13.762612
0,-15.998624,13.761679,-15.997377,13.760521,-15.972046,13.751741
0,-15.997377,13.760521,-15.996406,13.759553,-15.972046,13.751741
0,-15.964600,13.886012,-15.968274,13.886160,-16.012714,13.774748
0,-16.012714,13.774748,-16.011707,13.773815,-15.964600,13.886012
0,-16.011707,13.773815,-16.010701,13.772881,-15.964600,13.886012
0,-15.968274,13.886160,-16.016739,13.778482,-16.015733,13.777548
0,-15.968274,13.886160,-16.014726,13.776615,-16.013720,13.775681
0,-15.968274,13.886160,-16.015733,13.777548,-16.014726,13.776615
0,-16.018752,13.780348,-15.968274,13.886160,-16.019759,13.781282
0,-16.018752,13.780348,-16.017746,13.779416,-15.968274,13.886160
0,-15.975646,13.887152,-16.024791,13.785950,-16.023784,13.785016
0,-15.975646,13.887152,-15.981025,13.887745,-16.024791,13.785950
0,-16.022778,13.784083,-15.975646,13.887152,-16.023784,13.785016
0,-16.021772,13.783150,-15.975646,13.887152,-16.022778,13.784083
0,-15.968274,13.886160,-15.970682,13.886512,-16.019759,13.781282
0,-16.019759,13.781282,-15.970682,13.886512,-16.020765,13.782216
0,-16.025798,13.786883,-15.981025,13.887745,-15.996865,13.886940
0,-16.024791,13.785950,-15.981025,13.887745,-16.025798,13.786883
0,-16.048879,13.826590,-16.033850,13.794351,-16.048923,13.827942
0,-16.031837,13.792484,-16.030830,13.791551,-16.017905,13.880139
0,-16.030830,13.791551,-16.029824,13.790617,-16.013216,13.882208
0,-16.047841,13.811957,-16.047685,13.810654,-16.040746,13.799960
0,-16.034856,13.795284,-16.048829,13.825241,-16.035863,13.796217
0,-16.045153,13.803199,-16.047145,13.806774,-16.046926,13.805948
0,-16.046926,13.805948,-16.046918,13.805271,-16.046257,13.804261
0,-16.045153,13.803199,-16.046926,13.805948,-16.046257,13.804261
0,-16.035863,13.796217,-16.048770,13.823895,-16.036870,13.797151
0,-16.048879,13.826590,-16.034856,13.795284,-16.033850,13.794351
0,-16.048923,13.827942,-16.033850,13.794351,-16.032843,13.793417
0,-16.048959,13.829297,-16.032843,13.793417,-16.031837,13.792484
0,-16.041875,13.800687,-16.040746,13.799960,-16.047685,13.810654
0,-16.039481,13.799138,-16.047985,13.813266,-16.047841,13.811957
0,-16.038269,13.798294,-16.048117,13.814579,-16.039481,13.799138
0,-16.047338,13.808063,-16.045153,13.803199,-16.044387,13.802489
0,-16.047338,13.808063,-16.044387,13.802489,-16.043245,13.801615
0,-16.049014,13.832016,-16.048990,13.830655,-16.017905,13.880139
0,-16.048829,13.825241,-16.048770,13.823895,-16.035863,13.796217
0,-16.048770,13.823895,-16.048704,13.822552,-16.036870,13.797151
0,-16.022344,13.878915,-16.048924,13.852625,-16.048943,13.851245
0,-16.048871,13.856761,-16.048888,13.855383,-16.023825,13.878909
0,-16.048997,13.847107,-16.022344,13.878915,-16.048980,13.848486
0,-16.022344,13.878915,-16.048943,13.851245,-16.048962,13.849866
0,-16.049013,13.845730,-16.049027,13.844352,-16.020893,13.879138
0,-16.049046,13.834745,-16.049032,13.833380,-16.017905,13.880139
0,-16.048990,13.830655,-16.048959,13.829297,-16.031837,13.792484
0,-16.019386,13.879560,-16.049059,13.837482,-16.049055,13.836112
0,-16.049032,13.833380,-16.049014,13.832016,-16.017905,13.880139
0,-16.019386,13.879560,-16.049055,13.836112,-16.049046,13.834745
0,-16.019386,13.879560,-16.049046,13.834745,-16.017905,13.880139
0,-16.048856,13.858140,-16.048871,13.856761,-16.038375,13.875350
0,-16.041661,13.873353,-16.048843,13.859516,-16.038375,13.875350
0,-16.041661,13.873353,-16.048831,13.860893,-16.048843,13.859516
0,-16.041661,13.873353,-16.048823,13.862268,-16.048831,13.860893
0,-16.046984,13.871947,-16.048833,13.869120,-16.045274,13.872184
0,-16.048817,13.866384,-16.048815,13.865013,-16.043731,13.872648
0,-16.046984,13.871947,-16.047686,13.871768,-16.048833,13.869120
0,-16.045274,13.872184,-16.048823,13.867753,-16.048817,13.866384
0,-16.045274,13.872184,-16.048833,13.869120,-16.048823,13.867753
0,-16.045274,13.872184,-16.048817,13.866384,-16.043731,13.872648
0,-16.039976,13.874499,-16.041661,13.873353,-16.038375,13.875350
0,-16.043731,13.872648,-16.048815,13.865013,-16.041661,13.873353
0,-16.035298,13.877292,-16.026048,13.879019,-16.033328,13.878386
0,-16.033328,13.878386,-16.026048,13.879019,-16.031357,13.879239
0,-16.027778,13.879494,-16.029630,13.879608,-16.031357,13.879239
0,-16.027778,13.879494,-16.031357,13.879239,-16.026048,13.879019
0,-16.028817,13.789683,-16.027811,13.788750,-16.013216,13.882208
0,-16.004181,13.885970,-16.005355,13.885594,-16.002859,13.886301
0,-16.001972,13.886530,-16.002859,13.886301,-15.996865,13.886940
0,-16.000650,13.886861,-16.001972,13.886530,-15.999659,13.887002
0,-16.001972,13.886530,-15.996865,13.886940,-15.999659,13.887002
0,-16.027811,13.788750,-16.026804,13.787817,-15.996865,13.886940
0,-15.996865,13.886940,-15.981025,13.887745,-15.994979,13.887282
0,-15.994979,13.887282,-15.983617,13.887943,-15.993286,13.887578
0,-16.014630,13.881831,-16.016136,13.881228,-16.017905,13.880139
0,-16.011481,13.883363,-16.013216,13.882208,-16.005355,13.885594
0,-16.030830,13.791551,-16.013216,13.882208,-16.017905,13.880139
0,-16.005355,13.885594,-16.007389,13.885135,-16.011481,13.883363
0,-16.014630,13.881831,-16.017905,13.880139,-16.013216,13.882208
0,-16.026048,13.879019,-16.038375,13.875350,-16.023825,13.878909
0,-16.023825,13.878909,-16.048906,13.854004,-16.022344,13.878915
0,-16.049059,13.837482,-16.019386,13.879560,-16.049059,13.838853
0,-15.909040,13.889548,-15.900149,13.895387,-15.904174,13.893505
0,-15.895803,13.896854,-15.897606,13.896432,-15.900149,13.895387
0,-15.825516,13.883980,-15.862264,13.895162,-15.864573,13.894538
0,-15.883289,13.899260,-15.885829,13.899573,-15.889232,13.898848
0,-15.848639,13.901532,-15.850095,13.901903,-15.854099,13.900830
0,-15.856983,13.899326,-15.858339,13.898510,-15.858965,13.897431
0,-15.909040,13.889548,-15.895803,13.896854,-15.900149,13.895387
0,-15.876157,13.897388,-15.895803,13.896854,-15.872588,13.895819
0,-15.891997,13.898176,-15.894002,13.897586,-15.895803,13.896854
0,-15.880048,13.898639,-15.889232,13.898848,-15.876157,13.897388
0,-15.880048,13.898639,-15.883289,13.899260,-15.889232,13.898848
0,-15.858965,13.897431,-15.848639,13.901532,-15.854099,13.900830
0,-15.803941,13.908482,-15.800226,13.910040,-15.801550,13.910162
0,-15.832962,13.897595,-15.838159,13.900664,-15.840566,13.900872
0,-15.858965,13.897431,-15.844250,13.900932,-15.848639,13.901532
0,-15.856983,13.899326,-15.858965,13.897431,-15.854099,13.900830
0,-15.844250,13.900932,-15.845474,13.901425,-15.848639,13.901532
0,-15.808827,13.899469,-15.789743,13.897796,-15.806691,13.903148
0,-15.800226,13.910040,-15.803941,13.908482,-15.796168,13.908833
0,-15.798716,13.910099,-15.800226,13.910040,-15.796168,13.908833
0,-15.792836,13.906240,-15.796168,13.908833,-15.806691,13.903148
0,-15.793886,13.907511,-15.794555,13.908241,-15.796168,13.908833
0,-15.791268,13.905097,-15.792836,13.906240,-15.790001,13.900273
0,-15.832962,13.897595,-15.840566,13.900872,-15.844250,13.900932
0,-15.826679,13.888811,-15.832962,13.897595,-15.844250,13.900932
0,-15.835000,13.900036,-15.835464,13.900085,-15.832962,13.897595
0,-15.808827,13.899469,-15.815058,13.897381,-15.813975,13.891042
0,-15.813908,13.886614,-15.808827,13.899469,-15.813975,13.891042
0,-15.789288,13.894525,-15.789589,13.896178,-15.808827,13.899469
0,-15.790001,13.900273,-15.806691,13.903148,-15.789743,13.897796
0,-15.787048,13.892064,-15.788478,13.893244,-15.814474,13.884780
0,-15.783162,13.889563,-15.787048,13.892064,-15.814474,13.884780
0,-15.783162,13.889563,-15.784638,13.890751,-15.787048,13.892064
0,-15.781167,13.888204,-15.783162,13.889563,-15.814474,13.884780
0,-15.907032,13.891526,-15.909040,13.889548,-15.904174,13.893505
0,-15.913484,13.886110,-15.869345,13.894565,-15.911789,13.886946
0,-15.825516,13.883980,-15.864573,13.894538,-15.823816,13.882841
0,-15.865526,13.894889,-15.869345,13.894565,-15.864573,13.894538
0,-15.921564,13.890019,-15.924009,13.890943,-15.929135,13.890272
0,-15.924009,13.890943,-15.926563,13.891249,-15.929135,13.890272
0,-15.924009,13.890943,-15.925890,13.891505,-15.926563,13.891249
0,-15.991124,13.888383,-15.986552,13.888238,-15.989432,13.888715
0,-15.991124,13.888383,-15.993286,13.887578,-15.986552,13.888238
0,-15.978100,13.887630,-15.981025,13.887745,-15.975646,13.887152
0,-15.919650,13.888886,-15.921564,13.890019,-15.929135,13.890272
0,-15.917627,13.887338,-15.919650,13.888886,-15.931850,13.888824
0,-15.911202,13.887502,-15.872588,13.895819,-15.911005,13.887689
0,-15.959936,13.886247,-15.954699,13.886295,-15.957439,13.886501
0,-15.954699,13.886295,-15.947768,13.886457,-15.951774,13.886505
0,-15.975646,13.887152,-15.970682,13.886512,-15.972999,13.887036
0,-15.975646,13.887152,-16.021772,13.783150,-15.970682,13.886512
0,-16.007681,13.770081,-15.962527,13.886038,-15.964600,13.886012
0,-15.972046,13.751741,-15.954699,13.886295,-15.962527,13.886038
0,-15.959936,13.886247,-15.962527,13.886038,-15.954699,13.886295
0,-15.951774,13.886505,-15.947768,13.886457,-15.949795,13.886531
0,-15.954699,13.886295,-15.944371,13.886208,-15.947768,13.886457
0,-15.956571,13.747855,-15.940123,13.886206,-15.943380,13.886131
0,-15.949715,13.745920,-15.948427,13.745456,-15.915607,13.886206
0,-15.940123,13.886206,-15.915607,13.886206,-15.935610,13.887173
0,-15.947176,13.744957,-15.915607,13.886206,-15.948427,13.745456
0,-15.937682,13.886876,-15.940123,13.886206,-15.935610,13.887173
0,-15.915607,13.886206,-15.917627,13.887338,-15.933161,13.888114
0,-15.941623,13.741805,-15.913484,13.886110,-15.942627,13.742536
0,-15.911789,13.886946,-15.869345,13.894565,-15.911202,13.887502
0,-15.826679,13.888811,-15.844250,13.900932,-15.825516,13.883980
0,-15.823816,13.882841,-15.864573,13.894538,-15.822644,13.882055
0,-15.822644,13.882055,-15.896396,13.721091,-15.819258,13.882169
0,-15.696647,13.827555,-15.670372,13.730364,-15.695007,13.826810
0,-15.695007,13.826810,-15.681083,13.818042,-15.694905,13.826764
0,-15.698286,13.828490,-15.698601,13.828656,-15.696647,13.827555
0,-15.703001,13.833133,-15.740007,13.872454,-15.741667,13.873362
0,-15.694905,13.826764,-15.681496,13.818401,-15.692514,13.825686
0,-15.692514,13.825686,-15.683329,13.820223,-15.689838,13.824789
0,-15.689838,13.824789,-15.683329,13.820223,-15.686317,13.823144
0,-15.688282,13.824314,-15.689838,13.824789,-15.687300,13.823802
0,-15.670372,13.730364,-15.674999,13.813158,-15.678699,13.816131
0,-15.695466,13.850820,-15.694948,13.852077,-15.695472,13.852634
0,-15.676247,13.814398,-15.676261,13.814411,-15.677624,13.815384
0,-15.674999,13.813158,-15.676247,13.814398,-15.677624,13.815384
0,-15.694905,13.826764,-15.681083,13.818042,-15.681496,13.818401
0,-15.670372,13.730364,-15.678699,13.816131,-15.681083,13.818042
0,-15.681083,13.818042,-15.678699,13.816131,-15.679729,13.817015
0,-15.687300,13.823802,-15.689838,13.824789,-15.686722,13.823416
0,-15.686722,13.823416,-15.689838,13.824789,-15.686632,13.823355
0,-15.686632,13.823355,-15.689838,13.824789,-15.686317,13.823144
0,-15.702538,13.857463,-15.696624,13.848013,-15.698017,13.855341
0,-15.819258,13.882169,-15.896396,13.721091,-15.703001,13.833133
0,-15.701097,13.830490,-15.896396,13.721091,-15.674244,13.719368
0,-15.696381,13.848192,-15.695466,13.850820,-15.696624,13.848013
0,-15.695466,13.850820,-15.696381,13.848192,-15.695461,13.849096
0,-15.696794,13.854243,-15.697130,13.854399,-15.695472,13.852634
0,-15.702538,13.857463,-15.701040,13.843663,-15.696828,13.847517
0,-15.696624,13.848013,-15.697130,13.854399,-15.698017,13.855341
0,-15.696624,13.848013,-15.695466,13.850820,-15.697130,13.854399
0,-15.701097,13.830490,-15.703001,13.833133,-15.896396,13.721091
0,-15.703656,13.841521,-15.723317,13.867857,-15.703766,13.841085
0,-15.701933,13.831880,-15.703001,13.833133,-15.701097,13.830490
0,-15.703700,13.834614,-15.704482,13.836140,-15.703001,13.833133
0,-15.703512,13.858555,-15.703656,13.841521,-15.702538,13.857463
0,-15.703766,13.841085,-15.726666,13.867874,-15.704740,13.837227
0,-15.710789,13.866337,-15.713402,13.866937,-15.709853,13.865672
0,-15.701040,13.843663,-15.702538,13.857463,-15.703656,13.841521
0,-15.751707,13.878892,-15.753932,13.880250,-15.756397,13.880831
0,-15.743708,13.875553,-15.745844,13.877374,-15.751707,13.878892
0,-15.751707,13.878892,-15.745844,13.877374,-15.747883,13.878416
0,-15.756397,13.880831,-15.757769,13.881506,-15.759658,13.881907
0,-15.762065,13.882252,-15.763769,13.882744,-15.766419,13.883359
0,-15.756397,13.880831,-15.762065,13.882252,-15.751707,13.878892
0,-15.756397,13.880831,-15.759658,13.881907,-15.762065,13.882252
0,-15.819258,13.882169,-15.778092,13.887029,-15.814474,13.884780
0,-15.778092,13.887029,-15.819258,13.882169,-15.769623,13.884027
0,-15.778092,13.887029,-15.781167,13.888204,-15.814474,13.884780
0,-15.778092,13.887029,-15.779473,13.887712,-15.781167,13.888204
0,-15.776017,13.886457,-15.778092,13.887029,-15.770429,13.884387
0,-15.772329,13.885239,-15.776017,13.886457,-15.770429,13.884387
0,-15.741667,13.873362,-15.769623,13.884027,-15.703001,13.833133
0,-15.770429,13.884387,-15.778092,13.887029,-15.769623,13.884027
0,-15.765566,13.883371,-15.766419,13.883359,-15.763769,13.882744
0,-15.767123,13.883583,-15.769623,13.884027,-15.766419,13.883359
0,-15.704482,13.836140,-15.735041,13.870616,-15.740007,13.872454
0,-15.740007,13.872454,-15.736551,13.871334,-15.738545,13.872377
0,-15.741667,13.873362,-15.742521,13.874273,-15.751707,13.878892
0,-15.762065,13.882252,-15.741667,13.873362,-15.751707,13.878892
0,-15.762065,13.882252,-15.766419,13.883359,-15.741667,13.873362
0,-15.740007,13.872454,-15.735041,13.870616,-15.736551,13.871334
0,-15.704740,13.837227,-15.733003,13.869935,-15.735041,13.870616
0,-15.704740,13.837227,-15.729122,13.868680,-15.733003,13.869935
0,-15.730688,13.869363,-15.733003,13.869935,-15.729122,13.868680
0,-15.723317,13.867857,-15.726666,13.867874,-15.703766,13.841085
0,-15.729122,13.868680,-15.704740,13.837227,-15.726666,13.867874
0,-15.716567,13.867180,-15.721855,13.867915,-15.723317,13.867857
0,-15.705787,13.861109,-15.716567,13.867180,-15.703656,13.841521
0,-15.717800,13.867728,-15.721855,13.867915,-15.716567,13.867180
0,-15.705787,13.861109,-15.713402,13.866937,-15.716567,13.867180
0,-15.716567,13.867180,-15.723317,13.867857,-15.703656,13.841521
0,-15.710389,13.866245,-15.709853,13.865672,-15.710290,13.866222
0,-15.710389,13.866245,-15.710789,13.866337,-15.709853,13.865672
0,-15.709853,13.865672,-15.713402,13.866937,-15.705787,13.861109
0,-15.705787,13.861109,-15.703656,13.841521,-15.703512,13.858555
0,-15.665750,13.804285,-15.673292,13.811665,-15.670372,13.730364
0,-15.656226,13.791340,-15.663649,13.801654,-15.670372,13.730364
0,-15.663649,13.801654,-15.661893,13.801360,-15.662546,13.801657
0,-15.666181,13.804803,-15.673292,13.811665,-15.665750,13.804285
0,-15.673691,13.811994,-15.673709,13.812010,-15.670372,13.730364
0,-15.665197,13.805170,-15.666181,13.804803,-15.666112,13.804774
0,-15.673292,13.811665,-15.673691,13.811994,-15.670372,13.730364
0,-15.663827,13.805782,-15.663864,13.805746,-15.663827,13.805762
0,-15.665197,13.805170,-15.663835,13.808675,-15.666181,13.804803
0,-15.665197,13.805170,-15.663864,13.805746,-15.663829,13.806569
0,-15.678699,13.816131,-15.674999,13.813158,-15.677624,13.815384
0,-15.666181,13.804803,-15.665339,13.811595,-15.671574,13.812187
0,-15.663829,13.806569,-15.663835,13.808675,-15.665197,13.805170
0,-15.671574,13.812187,-15.665339,13.811595,-15.668212,13.813536
0,-15.663827,13.805782,-15.663829,13.806569,-15.663864,13.805746
0,-15.658088,13.795974,-15.658783,13.796669,-15.656226,13.791340
0,-15.658783,13.796669,-15.659151,13.797425,-15.663649,13.801654
0,-15.663649,13.801654,-15.660831,13.800130,-15.661893,13.801360
0,-15.663649,13.801654,-15.659151,13.797425,-15.660830,13.800128
0,-15.663649,13.801654,-15.660830,13.800128,-15.660831,13.800130
0,-15.659151,13.797425,-15.659787,13.798936,-15.660830,13.800128
0,-15.656226,13.791340,-15.658783,13.796669,-15.663649,13.801654
0,-15.655284,13.790244,-15.655767,13.790808,-15.670372,13.730364
0,-15.656226,13.791340,-15.656081,13.792295,-15.658088,13.795974
0,-15.658088,13.795974,-15.656081,13.792295,-15.656985,13.795041
0,-15.656985,13.795041,-15.656081,13.792295,-15.656084,13.793311
0,-15.655767,13.790808,-15.656226,13.791340,-15.670372,13.730364
0,-15.656372,13.794425,-15.656985,13.795041,-15.656084,13.793311
0,-15.654114,13.788810,-15.670372,13.730364,-15.653186,13.787601
0,-15.653186,13.787601,-15.654739,13.741039,-15.652388,13.786907
0,-15.650285,13.785646,-15.651313,13.786204,-15.650155,13.785556
0,-15.652388,13.786907,-15.651416,13.743555,-15.651313,13.786204
0,-15.650155,13.785556,-15.651313,13.786204,-15.650127,13.785536
0,-15.623337,13.779107,-15.624380,13.778381,-15.622372,13.778395
0,-15.622569,13.779678,-15.623337,13.779107,-15.622372,13.778395
0,-15.622175,13.777427,-15.624380,13.778381,-15.621931,13.776279
0,-15.638391,13.775808,-15.638559,13.775912,-15.636196,13.755700
0,-15.638226,13.775706,-15.638391,13.775808,-15.636196,13.755700
0,-15.638559,13.775912,-15.638741,13.776177,-15.643948,13.780445
0,-15.623854,13.768842,-15.622683,13.770283,-15.628076,13.776571
0,-15.645982,13.781878,-15.647715,13.746348,-15.645886,13.781783
0,-15.645886,13.781783,-15.647715,13.746348,-15.645652,13.781551
0,-15.647197,13.783042,-15.648823,13.784596,-15.649995,13.785444
0,-15.651313,13.786204,-15.651416,13.743555,-15.647715,13.746348
0,-15.638559,13.775912,-15.644825,13.780828,-15.644998,13.780904
0,-15.639412,13.778803,-15.639988,13.779274,-15.639108,13.777830
0,-15.639108,13.777830,-15.641923,13.779948,-15.639015,13.777210
0,-15.638741,13.776177,-15.638923,13.776472,-15.643948,13.780445
0,-15.634260,13.774828,-15.626750,13.765643,-15.632954,13.775007
0,-15.626750,13.765643,-15.625395,13.767265,-15.632373,13.775086
0,-15.625395,13.767265,-15.625073,13.767917,-15.630820,13.775488
0,-15.637183,13.775264,-15.638226,13.775706,-15.636196,13.755700
0,-15.631977,13.758830,-15.635675,13.775069,-15.637183,13.775264
0,-15.631977,13.758830,-15.634260,13.774828,-15.635675,13.775069
0,-15.631977,13.758830,-15.626750,13.765643,-15.634260,13.774828
0,-15.625717,13.766486,-15.625395,13.767265,-15.626750,13.765643
0,-15.630803,13.759258,-15.626647,13.764911,-15.626750,13.765643
0,-15.625395,13.767265,-15.630820,13.775488,-15.632373,13.775086
0,-15.625073,13.767917,-15.628076,13.776571,-15.630820,13.775488
0,-15.624371,13.768334,-15.623854,13.768842,-15.625073,13.767917
0,-15.623854,13.768842,-15.628076,13.776571,-15.625073,13.767917
0,-15.623106,13.769269,-15.622683,13.770283,-15.623854,13.768842
0,-15.621931,13.776279,-15.626181,13.777380,-15.621595,13.774942
0,-15.621595,13.774942,-15.626181,13.777380,-15.621582,13.773703
0,-15.621662,13.772229,-15.622683,13.770283,-15.621891,13.771351
0,-15.621662,13.772229,-15.628076,13.776571,-15.622683,13.770283
0,-15.621582,13.773703,-15.628076,13.776571,-15.621662,13.772229
0,-15.630803,13.759258,-15.626309,13.763302,-15.626647,13.764911
0,-15.625158,13.761650,-15.624791,13.762809,-15.626309,13.763302
0,-15.626468,13.760264,-15.625961,13.760907,-15.627789,13.759835
0,-15.625158,13.761650,-15.626309,13.763302,-15.625961,13.760907
0,-15.629148,13.759362,-15.626309,13.763302,-15.630803,13.759258
0,-15.627789,13.759835,-15.626309,13.763302,-15.629148,13.759362
0,-15.626309,13.763302,-15.627789,13.759835,-15.625961,13.760907
0,-15.685911,13.660085,-15.687226,13.654683,-15.686065,13.655889
0,-15.637183,13.775264,-15.636196,13.755700,-15.633148,13.757607
0,-15.638559,13.775912,-15.644998,13.780904,-15.639000,13.752772
0,-15.630803,13.759258,-15.626750,13.765643,-15.631977,13.758830
0,-15.637691,13.754349,-15.638559,13.775912,-15.639000,13.752772
0,-15.636196,13.755700,-15.638559,13.775912,-15.637691,13.754349
0,-15.671759,13.704373,-15.671496,13.705893,-15.672228,13.703260
0,-15.647715,13.746348,-15.644998,13.780904,-15.645652,13.781551
0,-15.646024,13.747139,-15.644196,13.748355,-15.647715,13.746348
0,-15.644998,13.780904,-15.647715,13.746348,-15.644196,13.748355
0,-15.644998,13.780904,-15.644196,13.748355,-15.639000,13.752772
0,-15.670341,13.730361,-15.668346,13.730152,-15.668342,13.730156
0,-15.671100,13.709955,-15.671496,13.705893,-15.670707,13.708112
0,-15.685059,13.688424,-15.675098,13.697800,-15.674593,13.699284
0,-15.699788,13.829282,-15.674244,13.719368,-15.671243,13.727640
0,-15.666519,13.731550,-15.670372,13.730364,-15.670341,13.730361
0,-15.699788,13.829282,-15.671243,13.727640,-15.670372,13.730364
0,-15.655901,13.739833,-15.662862,13.733694,-15.658976,13.736534
0,-15.666519,13.731550,-15.665013,13.732070,-15.662862,13.733694
0,-15.656472,13.738905,-15.658976,13.736534,-15.657010,13.737977
0,-15.656472,13.738905,-15.655901,13.739833,-15.658976,13.736534
0,-15.654739,13.741039,-15.653186,13.787601,-15.655901,13.739833
0,-15.658976,13.736534,-15.662862,13.733694,-15.661080,13.734810
0,-15.656440,13.738905,-15.656472,13.738905,-15.656456,13.738878
0,-15.679515,13.690491,-15.678677,13.691515,-15.682757,13.688665
0,-15.671243,13.727640,-15.673500,13.721124,-15.671882,13.725052
0,-15.896396,13.721091,-15.750816,13.631089,-15.747158,13.632411
0,-15.686369,13.687535,-15.685059,13.688424,-15.673941,13.716883
0,-15.672228,13.703260,-15.672496,13.713116,-15.674593,13.699284
0,-15.673941,13.716883,-15.685059,13.688424,-15.673502,13.715464
0,-15.674593,13.699284,-15.672496,13.713116,-15.673502,13.715464
0,-15.673008,13.701278,-15.672228,13.703260,-15.674593,13.699284
0,-15.671243,13.727640,-15.674244,13.719368,-15.673500,13.721124
0,-15.689451,13.672353,-15.687792,13.677385,-15.687622,13.679375
0,-15.675554,13.695819,-15.675098,13.697800,-15.678021,13.692069
0,-15.675554,13.695819,-15.678021,13.692069,-15.676105,13.694434
0,-15.675098,13.697800,-15.678677,13.691515,-15.678021,13.692069
0,-15.685059,13.688424,-15.674593,13.699284,-15.673502,13.715464
0,-15.896396,13.721091,-15.687205,13.685958,-15.686369,13.687535
0,-15.674244,13.719368,-15.686369,13.687535,-15.673941,13.716883
0,-15.682757,13.688665,-15.681814,13.688722,-15.679515,13.690491
0,-15.678677,13.691515,-15.675098,13.697800,-15.685059,13.688424
0,-15.687972,13.675730,-15.689451,13.672353,-15.688428,13.673794
0,-15.679515,13.690491,-15.681814,13.688722,-15.680077,13.689423
0,-15.721173,13.639352,-15.692934,13.649387,-15.691583,13.668053
0,-15.727952,13.639893,-15.691780,13.668974,-15.687434,13.684945
0,-15.727952,13.639893,-15.727018,13.639950,-15.691780,13.668974
0,-15.690189,13.665579,-15.690581,13.666681,-15.691583,13.668053
0,-15.703322,13.635442,-15.693439,13.648183,-15.721173,13.639352
0,-15.690177,13.651990,-15.688775,13.653196,-15.688770,13.664164
0,-15.691583,13.668053,-15.692934,13.649387,-15.690189,13.665579
0,-15.691486,13.650594,-15.690177,13.651990,-15.690189,13.665579
0,-15.690177,13.651990,-15.688770,13.664164,-15.690189,13.665579
0,-15.688775,13.653196,-15.686441,13.661277,-15.688770,13.664164
0,-15.689451,13.672353,-15.687622,13.679375,-15.691780,13.668974
0,-15.687434,13.684945,-15.687205,13.685958,-15.727952,13.639893
0,-15.687499,13.681816,-15.687420,13.683200,-15.687434,13.684945
0,-15.691780,13.668974,-15.687499,13.681816,-15.687434,13.684945
0,-15.687622,13.679375,-15.687499,13.681816,-15.691780,13.668974
0,-15.686065,13.655889,-15.685334,13.658938,-15.685911,13.660085
0,-15.747158,13.632411,-15.687205,13.685958,-15.896396,13.721091
0,-15.739580,13.633492,-15.735226,13.636516,-15.744329,13.632528
0,-15.736812,13.635028,-15.739580,13.633492,-15.738030,13.634193
0,-15.741316,13.632691,-15.742712,13.632498,-15.742684,13.632497
0,-15.739580,13.633492,-15.744329,13.632528,-15.742712,13.632498
0,-15.739580,13.633492,-15.736812,13.635028,-15.735226,13.636516
0,-15.739580,13.633492,-15.742712,13.632498,-15.741316,13.632691
0,-15.744329,13.632528,-15.735226,13.636516,-15.744341,13.632528
0,-15.735226,13.636516,-15.732318,13.637782,-15.730916,13.638763
0,-15.735226,13.636516,-15.730916,13.638763,-15.747158,13.632411
0,-15.750816,13.631089,-15.886802,13.676929,-15.752125,13.629973
0,-15.765411,13.591339,-15.755586,13.622026,-15.756587,13.623215
0,-15.749743,13.604845,-15.753824,13.597490,-15.750336,13.602537
0,-15.753824,13.597490,-15.750657,13.601477,-15.750336,13.602537
0,-15.749145,13.617523,-15.752767,13.622467,-15.754411,13.622082
0,-15.749145,13.617523,-15.748319,13.619415,-15.750723,13.622660
0,-15.752767,13.622467,-15.749145,13.617523,-15.750723,13.622660
0,-15.750723,13.622660,-15.749141,13.622035,-15.750697,13.622663
0,-15.749025,13.608861,-15.749743,13.604845,-15.749285,13.606374
0,-15.755585,13.622024,-15.749743,13.604845,-15.749025,13.608861
0,-15.755586,13.622026,-15.765411,13.591339,-15.755585,13.622024
0,-15.765411,13.591339,-15.753824,13.597490,-15.755585,13.622024
0,-15.752319,13.597684,-15.751631,13.599440,-15.753824,13.597490
0,-15.755028,13.595225,-15.753824,13.597490,-15.765411,13.591339
0,-15.756821,13.591321,-15.755028,13.595225,-15.765411,13.591339
0,-15.756821,13.591321,-15.756789,13.591321,-15.755028,13.595225
0,-15.750723,13.622660,-15.748319,13.619415,-15.749141,13.622035
0,-15.748914,13.612225,-15.748265,13.614072,-15.749145,13.617523
0,-15.755585,13.622024,-15.749145,13.617523,-15.754411,13.622082
0,-15.755585,13.622024,-15.749025,13.608861,-15.748914,13.612225
0,-15.749141,13.622035,-15.748319,13.619415,-15.748139,13.621170
0,-15.755585,13.622024,-15.748914,13.612225,-15.749145,13.617523
0,-15.716826,13.632709,-15.715605,13.632396,-15.719488,13.635450
0,-15.749025,13.608861,-15.748855,13.610516,-15.748914,13.612225
0,-15.749145,13.617523,-15.748265,13.614072,-15.748336,13.616006
0,-15.713862,13.632040,-15.719789,13.637240,-15.715605,13.632396
0,-15.705149,13.634415,-15.707632,13.632871,-15.706034,13.633626
0,-15.710357,13.632347,-15.707632,13.632871,-15.705149,13.634415
0,-15.716826,13.632709,-15.719488,13.635450,-15.718817,13.633797
0,-15.744341,13.632528,-15.735226,13.636516,-15.747158,13.632411
0,-15.730916,13.638763,-15.727952,13.639893,-15.687205,13.685958
0,-15.715605,13.632396,-15.719789,13.637240,-15.719488,13.635450
0,-15.711910,13.632144,-15.710357,13.632347,-15.719789,13.637240
0,-15.747158,13.632411,-15.730916,13.638763,-15.687205,13.685958
0,-15.730916,13.638763,-15.728985,13.639383,-15.727952,13.639893
0,-15.727952,13.639893,-15.727018,13.639950,-15.727018,13.639950
0,-15.727018,13.639950,-15.724554,13.639966,-15.691780,13.668974
0,-15.724554,13.639966,-15.724522,13.639966,-15.691780,13.668974
0,-15.724554,13.639966,-15.724553,13.639966,-15.724522,13.639966
0,-15.724522,13.639966,-15.722150,13.639756,-15.722117,13.639756
0,-15.691780,13.668974,-15.722117,13.639756,-15.691583,13.668053
0,-15.719789,13.637240,-15.705149,13.634415,-15.721173,13.639352
0,-15.703303,13.635434,-15.698892,13.635110,-15.693561,13.645561
0,-15.694939,13.636152,-15.694053,13.636941,-15.697007,13.635441
0,-15.694053,13.636941,-15.693087,13.644640,-15.697007,13.635441
0,-15.692984,13.637967,-15.692361,13.643132,-15.694053,13.636941
0,-15.703322,13.635442,-15.693561,13.645561,-15.693439,13.648183
0,-15.703322,13.635442,-15.703303,13.635434,-15.693561,13.645561
0,-15.693439,13.648183,-15.693561,13.645561,-15.693102,13.646855
0,-15.691839,13.642075,-15.692361,13.643132,-15.692984,13.637967
0,-15.691839,13.642075,-15.691629,13.639499,-15.691219,13.641345
0,-15.698892,13.635110,-15.701387,13.634715,-15.700522,13.634496
0,-15.697007,13.635441,-15.693087,13.644640,-15.698892,13.635110
0,-15.701387,13.634715,-15.698892,13.635110,-15.703303,13.635434
0,-15.700522,13.634496,-15.701387,13.634715,-15.700535,13.634491
0,-15.710325,13.632347,-15.707632,13.632871,-15.710357,13.632347
0,-15.709073,13.632129,-15.707632,13.632871,-15.710325,13.632347
0,-15.721173,13.639352,-15.705149,13.634415,-15.703322,13.635442
0,-15.719789,13.637240,-15.710357,13.632347,-15.705149,13.634415
