49,7,4,102,89,
0,-15.186370,14.639646,-15.201736,15.205147,-15.368795,14.761188
0,-15.481399,14.838962,-15.483978,14.840731,-15.484133,14.839445
0,-15.387338,14.779817,-15.375736,14.770765,-15.452658,14.991589
0,-15.180369,15.313529,-15.180835,15.312260,-15.152195,15.307752
0,-14.928791,15.407144,-14.921501,15.451290,-14.922718,15.450353
0,-14.928026,15.405974,-14.917762,15.453877,-14.919022,15.453055
0,-14.898264,15.460252,-14.899587,15.460057,-14.928026,15.405974
0,-14.929592,15.399653,-14.930262,15.398462,-14.920397,15.363128
0,-14.941343,14.681897,-15.201736,15.205147,-15.166100,14.635940
0,-14.523753,15.316333,-14.586578,15.357110,-14.587938,15.356799
0,-15.368795,14.761188,-15.201736,15.205147,-15.372132,14.765847
0,-14.541747,15.367652,-14.543107,15.367341,-14.523753,15.316333
0,-15.139429,15.305134,-15.180195,15.230945,-15.177184,15.227360
0,-15.478331,14.838381,-15.475596,14.837627,-15.483141,14.847656
0,-15.282637,15.262784,-15.265785,15.275573,-15.284836,15.271443
0,-15.389267,15.107949,-15.354481,15.122311,-15.384870,15.111341
0,-15.190093,15.282480,-15.152195,15.307752,-15.189643,15.284003
0,-15.463842,14.993704,-15.452658,14.991589,-15.463800,15.009590
0,-15.181336,15.310859,-15.152195,15.307752,-15.180835,15.312260
0,-15.361509,15.178104,-15.347433,15.134779,-15.356188,15.188249
0,-15.174994,15.224752,-15.139429,15.305134,-15.177184,15.227360
0,-15.100281,15.355332,-15.101081,15.354221,-15.033579,15.380118
0,-15.002720,15.367093,-15.120167,15.325297,-15.120989,15.324262
0,-15.007180,15.368976,-15.106678,15.346435,-15.107478,15.345322
0,-14.928791,15.407144,-14.928026,15.405974,-14.919022,15.453055
0,-14.882015,15.461903,-14.883392,15.461811,-14.873226,15.457469
0,-15.033579,15.380118,-15.090108,15.369479,-15.090684,15.368678
0,-15.263934,15.237247,-15.322943,15.217539,-15.263008,15.236909
0,-14.938811,15.372319,-14.941887,15.375263,-14.942508,15.374164
0,-15.068069,15.394667,-15.073887,15.392034,-15.074687,15.390921
0,-14.941996,15.423334,-14.941947,15.426440,-14.942206,15.424395
0,-14.928026,15.405974,-14.900904,15.459853,-14.902216,15.459640
0,-14.898264,15.460252,-14.868667,15.451835,-14.896936,15.460436
0,-14.899587,15.460057,-14.900904,15.459853,-14.928026,15.405974
0,-14.894264,15.460780,-14.895603,15.460612,-14.868667,15.451835
0,-14.927476,15.404795,-14.868667,15.451835,-14.928026,15.405974
0,-14.927476,15.404795,-14.859443,15.446701,-14.868667,15.451835
0,-14.892921,15.460937,-14.894264,15.460780,-14.868667,15.451835
0,-14.880633,15.461988,-14.873226,15.457469,-14.879248,15.462066
0,-14.813198,15.450689,-14.775685,15.437656,-14.811826,15.451420
0,-14.729547,15.418055,-14.742824,15.421862,-14.728303,15.417444
0,-14.526783,15.371073,-14.528143,15.370763,-14.523017,15.371180
0,-14.523753,15.316333,-14.558066,15.363897,-14.559425,15.363581
0,-14.932293,15.394894,-14.932921,15.393682,-14.923888,15.364871
0,-14.732961,15.139599,-14.708455,15.407493,-14.709353,15.407950
0,-14.802968,14.759392,-14.909471,14.701923,-14.803678,14.758331
0,-14.732961,15.139599,-14.698566,15.402421,-14.699801,15.403057
0,-15.347433,15.134779,-15.211264,15.214513,-15.263008,15.236909
0,-14.648043,15.376013,-14.649275,15.376656,-14.691118,15.139666
0,-14.619650,15.361395,-14.586606,15.177263,-14.617174,15.360146
0,-15.470741,14.836298,-15.468286,14.835724,-15.478253,14.863778
0,-15.470741,14.836298,-15.478253,14.863778,-15.472815,14.837045
0,-15.439452,14.824814,-15.464609,14.878695,-15.449022,14.828015
0,-15.463225,14.899543,-15.460962,14.891408,-15.458753,14.974691
0,-15.444640,14.825862,-15.442185,14.825343,-15.449022,14.828015
0,-15.436804,14.824058,-15.462618,14.885636,-15.464609,14.878695
0,-15.472344,14.868753,-15.478253,14.863778,-15.466919,14.835483
0,-15.431595,14.796037,-15.425836,14.793033,-15.417243,14.794172
0,-15.436769,14.807741,-15.431595,14.796037,-15.417243,14.794172
0,-15.435500,14.820650,-15.435445,14.822189,-15.435521,14.820781
0,-15.435022,14.817653,-15.435404,14.822933,-15.435445,14.822189
0,-15.196143,14.641432,-15.194742,14.641176,-15.368795,14.761188
0,-15.201736,15.205147,-15.168811,14.636436,-15.166100,14.635940
0,-15.194742,14.641176,-15.186370,14.639646,-15.368795,14.761188
0,-15.127357,14.628851,-14.982280,14.656162,-15.127440,14.628866
0,-14.982307,14.656146,-14.982280,14.656162,-15.127357,14.628851
0,-15.199103,14.641973,-15.340131,14.720654,-15.335413,14.715369
0,-15.400274,14.790031,-15.460962,14.891408,-15.405966,14.794335
0,-15.405966,14.794335,-15.460962,14.891408,-15.435404,14.822933
0,-15.425836,14.793033,-15.422897,14.792180,-15.417243,14.794172
0,-15.436029,14.811740,-15.436769,14.807741,-15.417243,14.794172
0,-15.352312,15.137959,-15.361509,15.178104,-15.363039,15.174998
0,-15.348663,15.135569,-15.347433,15.134779,-15.361509,15.178104
0,-14.911197,15.348351,-14.805051,15.117662,-14.795960,15.120168
0,-15.322943,15.217539,-15.356188,15.188249,-15.347433,15.134779
0,-14.966074,15.355925,-14.811909,15.110686,-14.936157,15.349219
0,-15.139429,15.305134,-15.193034,15.259281,-15.183156,15.234472
0,-15.152195,15.307752,-15.185140,15.299197,-15.185597,15.297694
0,-15.152195,15.307752,-15.184217,15.302176,-15.184680,15.300690
0,-15.313494,15.255294,-15.313714,15.255360,-15.322943,15.217539
0,-15.293258,15.248401,-15.313494,15.255294,-15.322943,15.217539
0,-15.273133,15.240756,-15.293258,15.248401,-15.322943,15.217539
0,-15.358215,15.142032,-15.357057,15.141206,-15.363039,15.174998
0,-15.352312,15.137959,-15.351103,15.137159,-15.361509,15.178104
0,-15.375736,14.770765,-15.372132,14.765847,-15.201736,15.205147
0,-15.463773,15.019696,-15.463800,15.009590,-15.452658,14.991589
0,-15.463773,15.019696,-15.452658,14.991589,-15.450037,15.051592
0,-15.450037,15.051592,-15.452658,14.991589,-15.436482,15.064004
0,-15.363039,15.174998,-15.360644,15.143816,-15.360495,15.143703
0,-15.384870,15.111341,-15.354481,15.122311,-15.378400,15.116980
0,-15.134719,15.314664,-15.139429,15.305134,-15.121930,15.323587
0,-15.176559,15.223516,-15.182933,15.218550,-14.804000,15.047783
0,-15.007180,15.368976,-15.111476,15.339761,-15.112275,15.338649
0,-15.107478,15.345322,-15.108277,15.344210,-15.007180,15.368976
0,-15.002720,15.367093,-15.119432,15.326592,-15.120167,15.325297
0,-15.110275,15.341432,-15.110676,15.340874,-15.007180,15.368976
0,-15.109877,15.341986,-15.110275,15.341432,-15.007180,15.368976
0,-15.033579,15.380118,-15.098682,15.357557,-15.099481,15.356444
0,-15.033579,15.380118,-15.090684,15.368678,-15.091431,15.367639
0,-15.033579,15.380118,-15.089884,15.369790,-15.090108,15.369479
0,-15.069054,15.395629,-15.070373,15.396917,-15.071487,15.395369
0,-15.033579,15.380118,-15.087485,15.373127,-15.088285,15.372015
0,-15.033579,15.380118,-15.081886,15.380912,-15.082185,15.380496
0,-15.033579,15.380118,-15.085085,15.376463,-15.085292,15.376176
0,-14.930635,15.443028,-14.930665,15.409505,-14.929580,15.444136
0,-14.929678,15.408322,-14.928791,15.407144,-14.925095,15.448383
0,-14.925095,15.448383,-14.928791,15.407144,-14.923916,15.449383
0,-14.916490,15.454654,-14.917762,15.453877,-14.928026,15.405974
0,-14.891573,15.461087,-14.892921,15.460937,-14.868667,15.451835
0,-14.888864,15.461362,-14.890221,15.461229,-14.868667,15.451835
0,-14.890221,15.461229,-14.891573,15.461087,-14.868667,15.451835
0,-14.904824,15.459183,-14.913921,15.456063,-14.928026,15.405974
0,-14.904824,15.459183,-14.908722,15.458223,-14.910025,15.457773
0,-14.902216,15.459640,-14.903523,15.459417,-14.928026,15.405974
0,-14.904824,15.459183,-14.911327,15.457260,-14.912626,15.456690
0,-14.903523,15.459417,-14.904824,15.459183,-14.928026,15.405974
0,-14.934542,15.438493,-14.932847,15.411877,-14.933615,15.439636
0,-14.938453,15.417751,-14.939908,15.430606,-14.939418,15.418898
0,-14.941947,15.426440,-14.942197,15.425431,-14.942206,15.424395
0,-14.941516,15.427445,-14.941947,15.426440,-14.941996,15.423334
0,-14.938997,15.381461,-14.935142,15.370488,-14.938426,15.382706
0,-14.967508,15.356362,-15.139429,15.305134,-15.174994,15.224752
0,-15.190093,15.282480,-15.190546,15.280960,-15.152195,15.307752
0,-14.934780,15.390036,-14.935393,15.388817,-14.923888,15.364871
0,-14.936614,15.386376,-14.935142,15.370488,-14.923888,15.364871
0,-14.923888,15.364871,-14.935393,15.388817,-14.936004,15.387598
0,-14.920397,15.363128,-14.930262,15.398462,-14.930954,15.397280
0,-14.732961,15.139599,-14.911197,15.348351,-14.767425,15.125829
0,-14.732961,15.139599,-14.747765,15.130465,-14.744337,15.131146
0,-14.705981,15.406230,-14.707218,15.406862,-14.732961,15.139599
0,-14.697331,15.401783,-14.698566,15.402421,-14.732961,15.139599
0,-14.724573,15.415602,-14.745601,15.422284,-14.723331,15.414984
0,-14.749770,15.422893,-14.719606,15.413127,-14.720847,15.413747
0,-14.704745,15.405598,-14.705981,15.406230,-14.732961,15.139599
0,-14.796666,15.458688,-14.810459,15.452149,-14.795274,15.458577
0,-14.908894,15.352817,-14.911197,15.348351,-14.752526,15.423366
0,-14.744222,15.422048,-14.727059,15.416831,-14.728303,15.417444
0,-14.729547,15.418055,-14.730791,15.418664,-14.741412,15.421714
0,-14.796666,15.458688,-14.798052,15.458760,-14.810459,15.452149
0,-14.884766,15.461710,-14.886136,15.461602,-14.873226,15.457469
0,-14.873226,15.457469,-14.883392,15.461811,-14.884766,15.461710
0,-14.873226,15.457469,-14.886136,15.461602,-14.868667,15.451835
0,-14.873226,15.457469,-14.877859,15.462136,-14.879248,15.462066
0,-14.873226,15.457469,-14.880633,15.461988,-14.882015,15.461903
0,-14.793886,15.458467,-14.810459,15.452149,-14.775685,15.437656
0,-14.767736,15.430028,-14.768841,15.430867,-14.832280,15.444268
0,-14.761682,15.426663,-14.762938,15.427274,-14.908894,15.352817
0,-14.755206,15.424074,-14.756520,15.424522,-14.908894,15.352817
0,-14.689927,15.397944,-14.691160,15.398585,-14.732961,15.139599
0,-14.686227,15.396016,-14.687461,15.396660,-14.732961,15.139599
0,-14.696096,15.401145,-14.697331,15.401783,-14.732961,15.139599
0,-14.694862,15.400506,-14.696096,15.401145,-14.732961,15.139599
0,-14.675138,15.390215,-14.676370,15.390861,-14.732961,15.139599
0,-14.671443,15.388276,-14.672674,15.388923,-14.732961,15.139599
0,-14.646811,15.375370,-14.648043,15.376013,-14.691118,15.139666
0,-14.523753,15.316333,-14.530864,15.370141,-14.532225,15.369830
0,-14.523753,15.316333,-14.523017,15.371180,-14.529504,15.370452
0,-14.543107,15.367341,-14.544468,15.367028,-14.523753,15.316333
0,-14.536305,15.368898,-14.523753,15.316333,-14.534945,15.369208
0,-14.644346,15.374086,-14.645578,15.374727,-14.691118,15.139666
0,-14.555346,15.364526,-14.556706,15.364211,-14.523753,15.316333
0,-14.668980,15.386984,-14.670211,15.387630,-14.732961,15.139599
0,-14.638181,15.370885,-14.691118,15.139666,-14.636946,15.370246
0,-14.635713,15.369608,-14.691118,15.139666,-14.634479,15.368972
0,-14.629540,15.366431,-14.630775,15.367065,-14.691118,15.139666
0,-14.628305,15.365799,-14.691118,15.139666,-14.627069,15.365167
0,-14.625834,15.364536,-14.691118,15.139666,-14.624597,15.363905
0,-14.624597,15.363905,-14.691118,15.139666,-14.623361,15.363276
0,-14.617174,15.360146,-14.586606,15.177263,-14.615935,15.359522
0,-14.776607,14.969875,-14.779399,14.983705,-14.776465,14.967105
0,-14.523753,15.316333,-14.500750,15.369644,-14.504415,15.370104
0,-14.586606,15.177263,-14.562248,15.206070,-14.607255,15.355197
0,-14.593381,15.355581,-14.522652,15.279559,-14.523753,15.316333
0,-14.594743,15.355286,-14.523152,15.277858,-14.522652,15.279559
0,-14.589297,15.356489,-14.523753,15.316333,-14.587938,15.356799
0,-14.620887,15.362021,-14.586606,15.177263,-14.619650,15.361395
0,-14.670211,15.387630,-14.671443,15.388276,-14.732961,15.139599
0,-14.640647,15.372163,-14.641880,15.372804,-14.691118,15.139666
0,-14.909471,14.701923,-14.789343,15.012270,-14.804000,15.047783
0,-14.911197,15.348351,-14.917039,15.346464,-14.805051,15.117662
0,-14.787793,15.121677,-14.911197,15.348351,-14.790722,15.121274
0,-14.787793,15.121677,-14.767425,15.125829,-14.911197,15.348351
0,-14.789343,15.012270,-14.909471,14.701923,-14.773910,14.917356
0,-14.791432,14.768518,-14.790157,14.769199,-14.764915,14.850884
0,-14.816004,14.703911,-14.899641,14.690649,-14.895041,14.685373
0,-14.811874,14.728812,-14.904962,14.696752,-14.812054,14.727416
0,-14.812054,14.727416,-14.904962,14.696752,-14.812230,14.726016
0,-14.812230,14.726016,-14.904962,14.696752,-14.812404,14.724613
0,-14.817128,14.698988,-14.816735,14.699893,-14.816004,14.703911
0,-14.889052,14.678503,-14.826210,14.681740,-14.826128,14.681846
0,-14.812578,14.723210,-14.812435,14.724370,-14.904962,14.696752
0,-14.812644,14.722672,-14.812578,14.723210,-14.904962,14.696752
0,-14.766190,14.871510,-14.766212,14.874562,-14.770573,14.898808
0,-14.802188,14.760404,-14.909471,14.701923,-14.802968,14.759392
0,-15.464277,14.834539,-15.472344,14.868753,-15.466919,14.835483
0,-15.483138,14.848567,-15.483156,14.848513,-15.483141,14.847656
0,-15.459142,14.832154,-15.456649,14.830748,-15.452881,14.829246
0,-15.459142,14.832154,-15.452881,14.829246,-15.464609,14.878695
0,-15.468286,14.835724,-15.466919,14.835483,-15.478253,14.863778
0,-15.483138,14.848567,-15.483141,14.847656,-15.475596,14.837627
0,-15.483141,14.847656,-15.481399,14.838962,-15.478331,14.838381
0,-15.475596,14.837627,-15.472815,14.837045,-15.483138,14.848567
0,-15.483978,14.840731,-15.481399,14.838962,-15.483141,14.847656
0,-15.478253,14.863778,-15.483138,14.848567,-15.472815,14.837045
0,-15.461403,14.833315,-15.472344,14.868753,-15.464277,14.834539
0,-15.435404,14.822933,-15.460962,14.891408,-15.436804,14.824058
0,-15.436804,14.824058,-15.460962,14.891408,-15.462618,14.885636
0,-15.396007,14.786799,-15.387338,14.779817,-15.452658,14.991589
0,-15.459142,14.832154,-15.471301,14.870094,-15.461403,14.833315
0,-15.461403,14.833315,-15.471301,14.870094,-15.472344,14.868753
0,-15.459142,14.832154,-15.464609,14.878695,-15.471301,14.870094
0,-15.449022,14.828015,-15.442185,14.825343,-15.439452,14.824814
0,-15.436804,14.824058,-15.464609,14.878695,-15.439452,14.824814
0,-15.452881,14.829246,-15.449022,14.828015,-15.464609,14.878695
0,-15.435500,14.820650,-15.435022,14.817653,-15.435445,14.822189
0,-15.435022,14.817653,-15.411134,14.794844,-15.435404,14.822933
0,-15.435681,14.812688,-15.417243,14.794172,-15.435022,14.817653
0,-15.435845,14.815455,-15.435681,14.812688,-15.435022,14.817653
0,-15.434996,14.799619,-15.436769,14.807741,-15.437358,14.805082
0,-15.434996,14.799619,-15.431595,14.796037,-15.436769,14.807741
0,-15.436769,14.807741,-15.436029,14.811740,-15.436652,14.810037
0,-15.434996,14.799619,-15.437358,14.805082,-15.437436,14.802407
0,-15.434996,14.799619,-15.437436,14.802407,-15.437497,14.800297
0,-15.411134,14.794844,-15.405966,14.794335,-15.435404,14.822933
0,-15.436029,14.811740,-15.417243,14.794172,-15.435681,14.812688
0,-15.417243,14.794172,-15.411134,14.794844,-15.435022,14.817653
0,-15.237397,14.648967,-15.237391,14.648969,-15.252032,14.651638
0,-15.323438,14.701952,-15.268295,14.661173,-15.223387,14.646409
0,-15.268295,14.661173,-15.252032,14.651638,-15.237391,14.648969
0,-15.268295,14.661173,-15.323438,14.701952,-15.298721,14.679006
0,-15.236285,14.648764,-15.268295,14.661173,-15.237391,14.648969
0,-15.268295,14.661173,-15.236285,14.648764,-15.223387,14.646409
0,-14.982307,14.656146,-15.127357,14.628851,-14.998930,14.645691
0,-15.127357,14.628851,-15.094259,14.622788,-14.998930,14.645691
0,-15.094259,14.622788,-15.016240,14.634805,-14.998930,14.645691
0,-15.094259,14.622788,-15.088381,14.621722,-15.016240,14.634805
0,-15.088381,14.621722,-15.022905,14.609703,-15.021106,14.616479
0,-15.088381,14.621722,-15.021106,14.616479,-15.016240,14.634805
0,-15.127440,14.628866,-14.982280,14.656162,-15.166100,14.635940
0,-14.982280,14.656162,-14.941343,14.681897,-15.166100,14.635940
0,-14.868636,14.655080,-14.853657,14.655062,-14.840329,14.664603
0,-14.868636,14.655080,-14.840329,14.664603,-14.889052,14.678503
0,-14.825874,14.682176,-14.819352,14.693872,-14.891511,14.681323
0,-15.298721,14.679006,-15.323438,14.701952,-15.300787,14.680217
0,-14.773910,14.917356,-14.776465,14.967105,-14.789343,15.012270
0,-14.812752,14.721806,-14.904962,14.696752,-14.899641,14.690649
0,-14.812435,14.724370,-14.812404,14.724613,-14.904962,14.696752
0,-14.891511,14.681323,-14.819352,14.693872,-14.891528,14.681343
0,-14.891528,14.681343,-14.819352,14.693872,-14.895041,14.685373
0,-15.223387,14.646409,-15.335413,14.715369,-15.323438,14.701952
0,-15.223387,14.646409,-15.199103,14.641973,-15.335413,14.715369
0,-15.367991,14.757949,-15.362362,14.749490,-15.368795,14.761188
0,-15.368795,14.761188,-15.199103,14.641973,-15.196143,14.641432
0,-15.351976,14.733923,-15.362362,14.749490,-15.352091,14.734052
0,-15.340131,14.720654,-15.362362,14.749490,-15.351976,14.733923
0,-15.354481,15.122311,-15.375736,14.770765,-15.201736,15.205147
0,-15.168811,14.636436,-15.201736,15.205147,-15.186370,14.639646
0,-15.362362,14.749490,-15.340131,14.720654,-15.368795,14.761188
0,-15.340131,14.720654,-15.199103,14.641973,-15.368795,14.761188
0,-15.392272,14.783566,-15.387338,14.779817,-15.396007,14.786799
0,-15.375736,14.770765,-15.387338,14.779817,-15.380669,14.774126
0,-15.397862,14.788204,-15.460962,14.891408,-15.400274,14.790031
0,-15.397862,14.788204,-15.396007,14.786799,-15.460962,14.891408
0,-15.273133,15.240756,-15.322943,15.217539,-15.268361,15.238912
0,-15.268361,15.238912,-15.322943,15.217539,-15.266881,15.238348
0,-15.322943,15.217539,-15.348493,15.206880,-15.356188,15.188249
0,-15.250111,15.253584,-15.265785,15.275573,-15.282637,15.262784
0,-15.266881,15.238348,-15.322943,15.217539,-15.265405,15.237793
0,-15.211264,15.214513,-15.250111,15.253584,-15.262923,15.237084
0,-15.265405,15.237793,-15.322943,15.217539,-15.263934,15.237247
0,-15.211264,15.214513,-15.262923,15.237084,-15.263008,15.236909
0,-15.322943,15.217539,-15.347433,15.134779,-15.263008,15.236909
0,-15.347433,15.134779,-15.354481,15.122311,-15.201736,15.205147
0,-14.909471,14.701923,-15.201736,15.205147,-14.941343,14.681897
0,-15.211264,15.214513,-15.347433,15.134779,-15.207494,15.210807
0,-14.909471,14.701923,-14.804000,15.047783,-15.201736,15.205147
0,-15.201736,15.205147,-14.804000,15.047783,-15.190912,15.212334
0,-15.190912,15.212334,-14.804000,15.047783,-15.182933,15.218550
0,-15.174994,15.224752,-15.176559,15.223516,-14.804000,15.047783
0,-14.966074,15.355925,-15.174994,15.224752,-14.811909,15.110686
0,-15.120989,15.324262,-15.121930,15.323587,-15.139429,15.305134
0,-15.192852,15.273437,-15.193034,15.259281,-15.192383,15.274928
0,-15.183156,15.234472,-15.180195,15.230945,-15.139429,15.305134
0,-15.191919,15.276426,-15.193034,15.259281,-15.191458,15.277931
0,-15.191458,15.277931,-15.193034,15.259281,-15.139429,15.305134
0,-15.191000,15.279443,-15.191458,15.277931,-15.139429,15.305134
0,-15.190546,15.280960,-15.191000,15.279443,-15.152195,15.307752
0,-15.152195,15.307752,-15.186503,15.294673,-15.186634,15.294232
0,-15.152195,15.307752,-15.186051,15.296186,-15.186503,15.294673
0,-15.189643,15.284003,-15.152195,15.307752,-15.189193,15.285529
0,-15.152195,15.307752,-15.188298,15.288582,-15.188745,15.287056
0,-15.152195,15.307752,-15.186634,15.294232,-15.188298,15.288582
0,-15.193324,15.271955,-15.193034,15.259281,-15.192852,15.273437
0,-15.192383,15.274928,-15.193034,15.259281,-15.191919,15.276426
0,-15.193803,15.270483,-15.193034,15.259281,-15.193324,15.271955
0,-15.279304,15.280719,-15.282997,15.278024,-15.284836,15.271443
0,-15.279304,15.280719,-15.284836,15.271443,-15.265785,15.275573
0,-15.270371,15.280730,-15.279304,15.280719,-15.265785,15.275573
0,-15.313749,15.255370,-15.322943,15.217539,-15.313714,15.255360
0,-15.343778,15.217794,-15.348493,15.206880,-15.322943,15.217539
0,-15.363039,15.174998,-15.361614,15.144549,-15.360644,15.143816
0,-15.363039,15.174998,-15.360495,15.143703,-15.359362,15.142864
0,-15.363039,15.174998,-15.359362,15.142864,-15.358215,15.142032
0,-15.356188,15.188249,-15.356402,15.188493,-15.356507,15.188281
0,-15.356188,15.188249,-15.348493,15.206880,-15.356402,15.188493
0,-15.351103,15.137159,-15.349886,15.136362,-15.361509,15.178104
0,-15.349886,15.136362,-15.348663,15.135569,-15.361509,15.178104
0,-15.207494,15.210807,-15.347433,15.134779,-15.201736,15.205147
0,-15.352312,15.137959,-15.363039,15.174998,-15.353513,15.138763
0,-15.368934,15.125228,-15.378400,15.116980,-15.354481,15.122311
0,-15.412837,15.089763,-15.452658,14.991589,-15.354481,15.122311
0,-15.452658,14.991589,-15.375736,14.770765,-15.354481,15.122311
0,-15.357057,15.141206,-15.355886,15.140387,-15.363039,15.174998
0,-15.355886,15.140387,-15.354705,15.139573,-15.363039,15.174998
0,-15.354705,15.139573,-15.353513,15.138763,-15.363039,15.174998
0,-15.466962,14.951929,-15.467498,14.935250,-15.458753,14.974691
0,-15.463846,14.992393,-15.452658,14.991589,-15.463842,14.993704
0,-15.463848,14.991575,-15.452658,14.991589,-15.463846,14.992393
0,-15.460962,14.891408,-15.396007,14.786799,-15.452658,14.991589
0,-15.460962,14.891408,-15.452658,14.991589,-15.458753,14.974691
0,-15.467498,14.935250,-15.463225,14.899543,-15.458753,14.974691
0,-15.463225,14.899543,-15.467884,14.923222,-15.468949,14.910907
0,-15.469069,14.909521,-15.463225,14.899543,-15.468949,14.910907
0,-15.463225,14.899543,-15.467498,14.935250,-15.467884,14.923222
0,-15.463773,15.019696,-15.450037,15.051592,-15.456444,15.045725
0,-15.436482,15.064004,-15.452658,14.991589,-15.412837,15.089763
0,-15.412837,15.089763,-15.354481,15.122311,-15.389267,15.107949
0,-15.365214,15.148000,-15.362718,15.145402,-15.361614,15.144549
0,-15.363039,15.174998,-15.365214,15.148000,-15.361614,15.144549
0,-15.369681,15.161537,-15.372578,15.155665,-15.370634,15.153642
0,-15.363039,15.174998,-15.369681,15.161537,-15.365214,15.148000
0,-15.365214,15.148000,-15.369681,15.161537,-15.370634,15.153642
0,-15.186051,15.296186,-15.152195,15.307752,-15.185597,15.297694
0,-15.185140,15.299197,-15.152195,15.307752,-15.184680,15.300690
0,-15.184217,15.302176,-15.152195,15.307752,-15.183749,15.303653
0,-15.183749,15.303653,-15.152195,15.307752,-15.183277,15.305118
0,-15.182318,15.308015,-15.152195,15.307752,-15.182204,15.308349
0,-15.182204,15.308349,-15.152195,15.307752,-15.181336,15.310859
0,-15.183277,15.305118,-15.152195,15.307752,-15.182800,15.306573
0,-15.182800,15.306573,-15.152195,15.307752,-15.182318,15.308015
0,-15.188745,15.287056,-15.189193,15.285529,-15.152195,15.307752
0,-15.191000,15.279443,-15.139429,15.305134,-15.152195,15.307752
0,-15.174994,15.224752,-14.966074,15.355925,-14.967508,15.356362
0,-15.123024,15.323367,-15.134719,15.314664,-15.121930,15.323587
0,-15.133165,15.317808,-15.134719,15.314664,-15.123024,15.323367
0,-15.118751,15.328051,-15.114674,15.335313,-15.118612,15.328369
0,-15.118612,15.328369,-15.114674,15.335313,-15.118091,15.329572
0,-15.133165,15.317808,-15.128158,15.324624,-15.129530,15.325163
0,-15.133165,15.317808,-15.123024,15.323367,-15.128158,15.324624
0,-14.967508,15.356362,-15.120989,15.324262,-15.139429,15.305134
0,-15.112275,15.338649,-15.113075,15.337536,-15.119432,15.326592
0,-15.109077,15.343098,-15.109877,15.341986,-15.007180,15.368976
0,-15.108277,15.344210,-15.109077,15.343098,-15.007180,15.368976
0,-15.105879,15.347547,-15.106678,15.346435,-15.007180,15.368976
0,-15.101081,15.354221,-15.101880,15.353108,-15.033579,15.380118
0,-15.007180,15.368976,-15.105079,15.348658,-15.105879,15.347547
0,-15.007180,15.368976,-15.104279,15.349771,-15.105079,15.348658
0,-15.033579,15.380118,-15.083486,15.378688,-15.084285,15.377576
0,-15.103480,15.350883,-15.104279,15.349771,-15.007180,15.368976
0,-15.102680,15.351996,-15.103480,15.350883,-15.007180,15.368976
0,-15.101880,15.353108,-15.102680,15.351996,-15.007180,15.368976
0,-15.119432,15.326592,-15.113075,15.337536,-15.119111,15.327278
0,-15.110676,15.340874,-15.111476,15.339761,-15.007180,15.368976
0,-15.116661,15.332403,-15.118091,15.329572,-15.115474,15.334200
0,-15.113075,15.337536,-15.118751,15.328051,-15.119111,15.327278
0,-15.112275,15.338649,-15.119432,15.326592,-15.007180,15.368976
0,-15.118091,15.329572,-15.116661,15.332403,-15.117420,15.331062
0,-15.116661,15.332403,-15.115474,15.334200,-15.116273,15.333088
0,-15.118091,15.329572,-15.114674,15.335313,-15.115474,15.334200
0,-15.113075,15.337536,-15.113875,15.336424,-15.118751,15.328051
0,-15.114674,15.335313,-15.118751,15.328051,-15.113875,15.336424
0,-15.100281,15.355332,-15.033579,15.380118,-15.099481,15.356444
0,-15.033579,15.380118,-15.094683,15.363117,-15.095483,15.362005
0,-15.098682,15.357557,-15.033579,15.380118,-15.095483,15.362005
0,-15.093883,15.364230,-15.094683,15.363117,-15.033579,15.380118
0,-15.033579,15.380118,-15.089084,15.370903,-15.089884,15.369790
0,-15.093083,15.365342,-15.093883,15.364230,-15.033579,15.380118
0,-15.093083,15.365342,-15.033579,15.380118,-15.092284,15.366454
0,-15.091484,15.367566,-15.033579,15.380118,-15.091431,15.367639
0,-15.091484,15.367566,-15.092284,15.366454,-15.033579,15.380118
0,-15.088285,15.372015,-15.089084,15.370903,-15.033579,15.380118
0,-15.033579,15.380118,-15.085885,15.375351,-15.086685,15.374239
0,-15.087485,15.373127,-15.033579,15.380118,-15.086685,15.374239
0,-15.085292,15.376176,-15.085885,15.375351,-15.033579,15.380118
0,-15.033579,15.380118,-15.081086,15.382024,-15.081886,15.380912
0,-15.079486,15.384249,-15.080286,15.383136,-15.033579,15.380118
0,-15.084285,15.377576,-15.085085,15.376463,-15.033579,15.380118
0,-15.033579,15.380118,-15.082185,15.380496,-15.082686,15.379799
0,-15.083486,15.378688,-15.033579,15.380118,-15.082686,15.379799
0,-15.077886,15.386472,-15.078686,15.385361,-15.033579,15.380118
0,-15.076287,15.388697,-15.077086,15.387584,-15.068069,15.394667
0,-15.075486,15.389809,-15.076287,15.388697,-15.068069,15.394667
0,-15.074687,15.390921,-15.075486,15.389809,-15.068069,15.394667
0,-15.073087,15.393145,-15.068069,15.394667,-15.072313,15.394220
0,-15.072313,15.394220,-15.068069,15.394667,-15.071487,15.395369
0,-15.073887,15.392034,-15.068069,15.394667,-15.073524,15.392538
0,-15.073524,15.392538,-15.068069,15.394667,-15.073087,15.393145
0,-15.071487,15.395369,-15.068069,15.394667,-15.069054,15.395629
0,-15.080286,15.383136,-15.081086,15.382024,-15.033579,15.380118
0,-15.077633,15.386825,-15.077886,15.386472,-15.068069,15.394667
0,-15.077633,15.386825,-15.068069,15.394667,-15.077086,15.387584
0,-15.078686,15.385361,-15.079486,15.384249,-15.033579,15.380118
0,-15.068069,15.394667,-15.077886,15.386472,-15.033579,15.380118
0,-15.033579,15.380118,-15.101880,15.353108,-15.007180,15.368976
0,-14.981701,15.360688,-15.002720,15.367093,-15.120989,15.324262
0,-15.007180,15.368976,-15.119432,15.326592,-15.002720,15.367093
0,-14.967508,15.356362,-14.981701,15.360688,-15.120989,15.324262
0,-14.941516,15.427445,-14.941996,15.423334,-14.941589,15.422254
0,-14.933997,15.413063,-14.936282,15.436205,-14.935155,15.414244
0,-14.939418,15.418898,-14.939908,15.430606,-14.940494,15.429530
0,-14.938453,15.417751,-14.939272,15.431701,-14.939908,15.430606
0,-14.941009,15.421152,-14.941516,15.427445,-14.941589,15.422254
0,-14.937406,15.416591,-14.938591,15.432811,-14.939272,15.431701
0,-14.941009,15.421152,-14.941031,15.428475,-14.941516,15.427445
0,-14.940277,15.420033,-14.940494,15.429530,-14.941031,15.428475
0,-14.936299,15.415421,-14.937864,15.433933,-14.938591,15.432811
0,-14.936299,15.415421,-14.937439,15.434558,-14.937864,15.433933
0,-14.935155,15.414244,-14.937094,15.435066,-14.937439,15.434558
0,-14.931660,15.441907,-14.931729,15.410691,-14.930635,15.443028
0,-14.930665,15.409505,-14.929678,15.408322,-14.928496,15.445229
0,-14.935431,15.437348,-14.933997,15.413063,-14.934542,15.438493
0,-14.933615,15.439636,-14.932847,15.411877,-14.932655,15.440775
0,-14.932655,15.440775,-14.932847,15.411877,-14.931729,15.410691
0,-14.907420,15.458610,-14.908722,15.458223,-14.904824,15.459183
0,-14.906120,15.458930,-14.907420,15.458610,-14.904824,15.459183
0,-14.895603,15.460612,-14.896936,15.460436,-14.868667,15.451835
0,-14.928026,15.405974,-14.868667,15.451835,-14.898264,15.460252
0,-14.910025,15.457773,-14.911327,15.457260,-14.904824,15.459183
0,-14.928026,15.405974,-14.913921,15.456063,-14.915210,15.455384
0,-14.904824,15.459183,-14.912626,15.456690,-14.913921,15.456063
0,-14.928496,15.445229,-14.929678,15.408322,-14.927387,15.446303
0,-14.927387,15.446303,-14.929678,15.408322,-14.926252,15.447355
0,-14.928791,15.407144,-14.920269,15.452192,-14.921501,15.451290
0,-14.928791,15.407144,-14.919022,15.453055,-14.920269,15.452192
0,-14.928026,15.405974,-14.915210,15.455384,-14.916490,15.454654
0,-14.911370,15.358658,-14.859443,15.446701,-14.927476,15.404795
0,-14.927485,15.404734,-14.911370,15.358658,-14.927476,15.404795
0,-14.911370,15.358658,-14.928346,15.402133,-14.928973,15.400864
0,-14.911370,15.358658,-14.927684,15.403487,-14.928346,15.402133
0,-14.911370,15.358658,-14.927485,15.404734,-14.927684,15.403487
0,-14.930954,15.397280,-14.931640,15.396095,-14.920397,15.363128
0,-14.928973,15.400864,-14.929592,15.399653,-14.920397,15.363128
0,-14.929580,15.444136,-14.930665,15.409505,-14.928496,15.445229
0,-14.926252,15.447355,-14.929678,15.408322,-14.925095,15.448383
0,-14.923916,15.449383,-14.928791,15.407144,-14.922718,15.450353
0,-14.937406,15.416591,-14.939272,15.431701,-14.938453,15.417751
0,-14.937222,15.385156,-14.937831,15.383934,-14.935142,15.370488
0,-14.936299,15.415421,-14.938591,15.432811,-14.937406,15.416591
0,-14.941031,15.428475,-14.941009,15.421152,-14.940277,15.420033
0,-14.940494,15.429530,-14.940277,15.420033,-14.939418,15.418898
0,-14.935155,15.414244,-14.937439,15.434558,-14.936299,15.415421
0,-14.936282,15.436205,-14.937094,15.435066,-14.935155,15.414244
0,-14.934542,15.438493,-14.933997,15.413063,-14.932847,15.411877
0,-14.935431,15.437348,-14.936282,15.436205,-14.933997,15.413063
0,-14.930635,15.443028,-14.931729,15.410691,-14.930665,15.409505
0,-14.931660,15.441907,-14.932655,15.440775,-14.931729,15.410691
0,-14.936614,15.386376,-14.937222,15.385156,-14.935142,15.370488
0,-14.937831,15.383934,-14.938426,15.382706,-14.935142,15.370488
0,-14.936004,15.387598,-14.936614,15.386376,-14.923888,15.364871
0,-14.939555,15.380208,-14.935142,15.370488,-14.938997,15.381461
0,-14.941887,15.375263,-14.938811,15.372319,-14.941266,15.376474
0,-14.941266,15.376474,-14.938811,15.372319,-14.940678,15.377706
0,-14.939555,15.380208,-14.940111,15.378953,-14.935142,15.370488
0,-14.940678,15.377706,-14.938811,15.372319,-14.940111,15.378953
0,-14.935142,15.370488,-14.940111,15.378953,-14.938811,15.372319
0,-14.934164,15.391253,-14.934780,15.390036,-14.923888,15.364871
0,-14.933544,15.392469,-14.934164,15.391253,-14.923888,15.364871
0,-14.932921,15.393682,-14.933544,15.392469,-14.923888,15.364871
0,-14.932293,15.394894,-14.923888,15.364871,-14.920397,15.363128
0,-14.931640,15.396095,-14.932293,15.394894,-14.920397,15.363128
0,-14.911370,15.358658,-14.928973,15.400864,-14.920397,15.363128
0,-14.936157,15.349219,-14.811909,15.110686,-14.917039,15.346464
0,-14.790722,15.121274,-14.911197,15.348351,-14.795960,15.120168
0,-14.742824,15.421862,-14.744222,15.422048,-14.728303,15.417444
0,-14.734542,15.420447,-14.735854,15.420874,-14.733282,15.419880
0,-14.738593,15.421406,-14.733282,15.419880,-14.737207,15.421183
0,-14.737207,15.421183,-14.733282,15.419880,-14.735854,15.420874
0,-14.733282,15.419880,-14.738593,15.421406,-14.732036,15.419272
0,-14.732036,15.419272,-14.739998,15.421573,-14.741412,15.421714
0,-14.727059,15.416831,-14.744222,15.422048,-14.725816,15.416217
0,-14.725816,15.416217,-14.744222,15.422048,-14.724573,15.415602
0,-14.724573,15.415602,-14.744222,15.422048,-14.745601,15.422284
0,-14.714646,15.410634,-14.752526,15.423366,-14.713407,15.410008
0,-14.752191,15.129362,-14.747765,15.130465,-14.732961,15.139599
0,-14.767425,15.125829,-14.756033,15.128434,-14.732961,15.139599
0,-14.717126,15.411883,-14.751155,15.423109,-14.715886,15.411259
0,-14.715886,15.411259,-14.751155,15.423109,-14.714646,15.410634
0,-14.719606,15.413127,-14.751155,15.423109,-14.718365,15.412505
0,-14.718365,15.412505,-14.751155,15.423109,-14.717126,15.411883
0,-14.746987,15.422499,-14.748378,15.422697,-14.723331,15.414984
0,-14.741412,15.421714,-14.742824,15.421862,-14.729547,15.418055
0,-14.732036,15.419272,-14.741412,15.421714,-14.730791,15.418664
0,-14.739998,15.421573,-14.732036,15.419272,-14.738593,15.421406
0,-14.749770,15.422893,-14.720847,15.413747,-14.722088,15.414367
0,-14.746987,15.422499,-14.723331,15.414984,-14.745601,15.422284
0,-14.752526,15.423366,-14.714646,15.410634,-14.751155,15.423109
0,-14.719606,15.413127,-14.749770,15.422893,-14.751155,15.423109
0,-14.722088,15.414367,-14.723331,15.414984,-14.748378,15.422697
0,-14.749770,15.422893,-14.722088,15.414367,-14.748378,15.422697
0,-14.757827,15.425008,-14.759124,15.425528,-14.908894,15.352817
0,-14.756520,15.424522,-14.757827,15.425008,-14.908894,15.352817
0,-14.753879,15.423681,-14.755206,15.424074,-14.908894,15.352817
0,-14.752526,15.423366,-14.753879,15.423681,-14.908894,15.352817
0,-14.760410,15.426081,-14.761682,15.426663,-14.908894,15.352817
0,-14.759124,15.425528,-14.760410,15.426081,-14.908894,15.352817
0,-14.765397,15.428567,-14.766590,15.429257,-14.908894,15.352817
0,-14.764178,15.427909,-14.765397,15.428567,-14.908894,15.352817
0,-14.762938,15.427274,-14.764178,15.427909,-14.908894,15.352817
0,-14.908894,15.352817,-14.848040,15.444581,-14.911370,15.358658
0,-14.873226,15.457469,-14.877606,15.462147,-14.877859,15.462136
0,-14.911370,15.358658,-14.848040,15.444581,-14.859443,15.446701
0,-14.908894,15.352817,-14.766590,15.429257,-14.767736,15.430028
0,-14.848040,15.444581,-14.908894,15.352817,-14.832280,15.444268
0,-14.821402,15.447297,-14.825333,15.445671,-14.772959,15.434555
0,-14.832280,15.444268,-14.768841,15.430867,-14.825333,15.445671
0,-14.821402,15.447297,-14.775685,15.437656,-14.816595,15.449284
0,-14.775685,15.437656,-14.821402,15.447297,-14.774776,15.436622
0,-14.816595,15.449284,-14.775685,15.437656,-14.813198,15.450689
0,-14.887502,15.461485,-14.868667,15.451835,-14.886136,15.461602
0,-14.887502,15.461485,-14.888864,15.461362,-14.868667,15.451835
0,-14.773872,15.435582,-14.821402,15.447297,-14.772959,15.434555
0,-14.797989,15.458794,-14.798052,15.458760,-14.796666,15.458688
0,-14.795274,15.458577,-14.810459,15.452149,-14.793886,15.458467
0,-14.789743,15.458145,-14.778459,15.449441,-14.788369,15.458040
0,-14.793886,15.458467,-14.778459,15.449441,-14.792501,15.458359
0,-14.792501,15.458359,-14.778459,15.449441,-14.791120,15.458251
0,-14.791120,15.458251,-14.778459,15.449441,-14.789743,15.458145
0,-14.788369,15.458040,-14.778459,15.449441,-14.787000,15.457937
0,-14.787000,15.457937,-14.778459,15.449441,-14.785635,15.457837
0,-14.785635,15.457837,-14.778459,15.449441,-14.784275,15.457738
0,-14.784275,15.457738,-14.778459,15.449441,-14.782918,15.457642
0,-14.778459,15.449441,-14.780220,15.457456,-14.781567,15.457548
0,-14.778459,15.449441,-14.779021,15.457376,-14.780220,15.457456
0,-14.775685,15.437656,-14.810459,15.452149,-14.811826,15.451420
0,-14.774776,15.436622,-14.821402,15.447297,-14.773872,15.435582
0,-14.782918,15.457642,-14.778459,15.449441,-14.781567,15.457548
0,-14.778459,15.449441,-14.793886,15.458467,-14.775685,15.437656
0,-14.825333,15.445671,-14.772779,15.434365,-14.772959,15.434555
0,-14.825333,15.445671,-14.771986,15.433587,-14.772779,15.434365
0,-14.825333,15.445671,-14.770958,15.432665,-14.771986,15.433587
0,-14.825333,15.445671,-14.769912,15.431752,-14.770958,15.432665
0,-14.825333,15.445671,-14.768841,15.430867,-14.769912,15.431752
0,-14.908894,15.352817,-14.767736,15.430028,-14.832280,15.444268
0,-14.692394,15.399225,-14.732961,15.139599,-14.691160,15.398585
0,-14.687461,15.396660,-14.688694,15.397301,-14.732961,15.139599
0,-14.732961,15.139599,-14.688694,15.397301,-14.689927,15.397944
0,-14.684995,15.395374,-14.686227,15.396016,-14.732961,15.139599
0,-14.694862,15.400506,-14.732961,15.139599,-14.693628,15.399866
0,-14.693628,15.399866,-14.732961,15.139599,-14.692394,15.399225
0,-14.702880,15.404641,-14.732961,15.139599,-14.702272,15.404329
0,-14.702272,15.404329,-14.732961,15.139599,-14.701036,15.403693
0,-14.701036,15.403693,-14.732961,15.139599,-14.699801,15.403057
0,-14.710931,15.408753,-14.732961,15.139599,-14.709693,15.408123
0,-14.709693,15.408123,-14.732961,15.139599,-14.709353,15.407950
0,-14.713407,15.410008,-14.732961,15.139599,-14.712169,15.409381
0,-14.712169,15.409381,-14.732961,15.139599,-14.710931,15.408753
0,-14.708455,15.407493,-14.732961,15.139599,-14.707218,15.406862
0,-14.702880,15.404641,-14.702880,15.404641,-14.702272,15.404329
0,-14.704745,15.405598,-14.732961,15.139599,-14.703508,15.404963
0,-14.703508,15.404963,-14.732961,15.139599,-14.702880,15.404641
0,-14.682530,15.394085,-14.732961,15.139599,-14.681298,15.393442
0,-14.681298,15.393442,-14.732961,15.139599,-14.680066,15.392797
0,-14.684995,15.395374,-14.732961,15.139599,-14.683762,15.394730
0,-14.683762,15.394730,-14.732961,15.139599,-14.682530,15.394085
0,-14.680066,15.392797,-14.732961,15.139599,-14.678834,15.392152
0,-14.678834,15.392152,-14.732961,15.139599,-14.677602,15.391506
0,-14.677602,15.391506,-14.732961,15.139599,-14.676370,15.390861
0,-14.672674,15.388923,-14.673906,15.389569,-14.732961,15.139599
0,-14.532225,15.369830,-14.533585,15.369519,-14.523753,15.316333
0,-14.732961,15.139599,-14.673906,15.389569,-14.675138,15.390215
0,-14.667749,15.386337,-14.732961,15.139599,-14.666517,15.385691
0,-14.666517,15.385691,-14.732961,15.139599,-14.665286,15.385045
0,-14.668980,15.386984,-14.732961,15.139599,-14.667749,15.386337
0,-14.665286,15.385045,-14.732961,15.139599,-14.664054,15.384398
0,-14.664054,15.384398,-14.732961,15.139599,-14.662823,15.383752
0,-14.662823,15.383752,-14.732961,15.139599,-14.661592,15.383106
0,-14.661592,15.383106,-14.732961,15.139599,-14.660360,15.382460
0,-14.660360,15.382460,-14.732961,15.139599,-14.659129,15.381814
0,-14.523753,15.316333,-14.516417,15.370906,-14.523017,15.371180
0,-14.523753,15.316333,-14.529504,15.370452,-14.530864,15.370141
0,-14.645578,15.374727,-14.646811,15.375370,-14.691118,15.139666
0,-14.643113,15.373444,-14.644346,15.374086,-14.691118,15.139666
0,-14.523017,15.371180,-14.528143,15.370763,-14.529504,15.370452
0,-14.656666,15.380523,-14.732961,15.139599,-14.655434,15.379878
0,-14.655434,15.379878,-14.732961,15.139599,-14.654203,15.379232
0,-14.656666,15.380523,-14.657897,15.381168,-14.732961,15.139599
0,-14.659129,15.381814,-14.732961,15.139599,-14.657897,15.381168
0,-14.654203,15.379232,-14.732961,15.139599,-14.652971,15.378588
0,-14.652971,15.378588,-14.732961,15.139599,-14.691118,15.139666
0,-14.651739,15.377943,-14.652971,15.378588,-14.691118,15.139666
0,-14.650507,15.377299,-14.651739,15.377943,-14.691118,15.139666
0,-14.649275,15.376656,-14.650507,15.377299,-14.691118,15.139666
0,-14.636946,15.370246,-14.691118,15.139666,-14.635713,15.369608
0,-14.545828,15.366717,-14.547187,15.366404,-14.523753,15.316333
0,-14.640647,15.372163,-14.691118,15.139666,-14.639414,15.371524
0,-14.639414,15.371524,-14.691118,15.139666,-14.638181,15.370885
0,-14.634479,15.368972,-14.691118,15.139666,-14.633244,15.368336
0,-14.551268,15.365467,-14.552627,15.365153,-14.523753,15.316333
0,-14.549908,15.365779,-14.551268,15.365467,-14.523753,15.316333
0,-14.548548,15.366092,-14.549908,15.365779,-14.523753,15.316333
0,-14.547187,15.366404,-14.548548,15.366092,-14.523753,15.316333
0,-14.544468,15.367028,-14.545828,15.366717,-14.523753,15.316333
0,-14.540387,15.367964,-14.541747,15.367652,-14.523753,15.316333
0,-14.539026,15.368275,-14.540387,15.367964,-14.523753,15.316333
0,-14.537666,15.368586,-14.539026,15.368275,-14.523753,15.316333
0,-14.537666,15.368586,-14.523753,15.316333,-14.536305,15.368898
0,-14.523753,15.316333,-14.533585,15.369519,-14.534945,15.369208
0,-14.486635,15.368356,-14.485271,15.370268,-14.488457,15.369888
0,-14.508349,15.370370,-14.523753,15.316333,-14.504415,15.370104
0,-14.523753,15.316333,-14.496387,15.368943,-14.500750,15.369644
0,-14.523753,15.316333,-14.486635,15.368356,-14.496387,15.368943
0,-14.496387,15.368943,-14.486635,15.368356,-14.488457,15.369888
0,-14.553987,15.364839,-14.555346,15.364526,-14.523753,15.316333
0,-14.552627,15.365153,-14.553987,15.364839,-14.523753,15.316333
0,-14.523753,15.316333,-14.556706,15.364211,-14.558066,15.363897
0,-14.585219,15.357425,-14.586578,15.357110,-14.523753,15.316333
0,-14.562697,15.362812,-14.563500,15.362622,-14.523753,15.316333
0,-14.562142,15.362944,-14.562697,15.362812,-14.523753,15.316333
0,-14.560784,15.363264,-14.562142,15.362944,-14.523753,15.316333
0,-14.559425,15.363581,-14.560784,15.363264,-14.523753,15.316333
0,-14.593381,15.355581,-14.523753,15.316333,-14.592019,15.355881
0,-14.508349,15.370370,-14.516417,15.370906,-14.523753,15.316333
0,-14.603129,15.354625,-14.530548,15.252672,-14.600297,15.354691
0,-14.530548,15.252672,-14.523152,15.277858,-14.597495,15.354825
0,-14.539083,15.223602,-14.530548,15.252672,-14.562248,15.206070
0,-14.562248,15.206070,-14.545203,15.213139,-14.539083,15.223602
0,-14.769182,14.781571,-14.764915,14.850884,-14.779651,14.774491
0,-14.566216,15.361974,-14.523753,15.316333,-14.564858,15.362299
0,-14.564858,15.362299,-14.523753,15.316333,-14.563500,15.362622
0,-14.545203,15.213139,-14.541731,15.214579,-14.539083,15.223602
0,-14.579787,15.358707,-14.581145,15.358384,-14.523753,15.316333
0,-14.578429,15.359031,-14.579787,15.358707,-14.523753,15.316333
0,-14.581145,15.358384,-14.581934,15.358197,-14.523753,15.316333
0,-14.523753,15.316333,-14.581934,15.358197,-14.582503,15.358062
0,-14.628305,15.365799,-14.629540,15.366431,-14.691118,15.139666
0,-14.592019,15.355881,-14.523753,15.316333,-14.590658,15.356183
0,-14.590658,15.356183,-14.523753,15.316333,-14.589297,15.356489
0,-14.583861,15.357743,-14.585219,15.357425,-14.523753,15.316333
0,-14.582503,15.358062,-14.583861,15.357743,-14.523753,15.316333
0,-14.577072,15.359357,-14.578429,15.359031,-14.523753,15.316333
0,-14.574358,15.360011,-14.575715,15.359683,-14.523753,15.316333
0,-14.577072,15.359357,-14.523753,15.316333,-14.575715,15.359683
0,-14.573001,15.360338,-14.574358,15.360011,-14.523753,15.316333
0,-14.567573,15.361648,-14.568930,15.361322,-14.523753,15.316333
0,-14.566216,15.361974,-14.567573,15.361648,-14.523753,15.316333
0,-14.523753,15.316333,-14.571644,15.360666,-14.573001,15.360338
0,-14.523753,15.316333,-14.570287,15.360994,-14.571644,15.360666
0,-14.523753,15.316333,-14.568930,15.361322,-14.570287,15.360994
0,-14.596109,15.355009,-14.523152,15.277858,-14.594743,15.355286
0,-14.594743,15.355286,-14.522652,15.279559,-14.593381,15.355581
0,-14.598895,15.354728,-14.530548,15.252672,-14.597495,15.354825
0,-14.597495,15.354825,-14.523152,15.277858,-14.596109,15.355009
0,-14.562248,15.206070,-14.530548,15.252672,-14.604568,15.354610
0,-14.604568,15.354610,-14.530548,15.252672,-14.603129,15.354625
0,-14.562248,15.206070,-14.604568,15.354610,-14.605957,15.354758
0,-14.601697,15.354686,-14.603129,15.354625,-14.600297,15.354691
0,-14.600297,15.354691,-14.530548,15.252672,-14.598895,15.354728
0,-14.622124,15.362648,-14.691118,15.139666,-14.620887,15.362021
0,-14.586606,15.177263,-14.614697,15.358901,-14.615935,15.359522
0,-14.586606,15.177263,-14.613457,15.358281,-14.614697,15.358901
0,-14.627069,15.365167,-14.691118,15.139666,-14.625834,15.364536
0,-14.623361,15.363276,-14.691118,15.139666,-14.622124,15.362648
0,-14.586606,15.177263,-14.612218,15.357662,-14.613457,15.358281
0,-14.586606,15.177263,-14.610978,15.357043,-14.612218,15.357662
0,-14.586606,15.177263,-14.609737,15.356427,-14.610978,15.357043
0,-14.586606,15.177263,-14.691118,15.139666,-14.650793,15.139725
0,-14.593227,15.169432,-14.586606,15.177263,-14.650793,15.139725
0,-14.586606,15.177263,-14.608496,15.355812,-14.609737,15.356427
0,-14.586606,15.177263,-14.607255,15.355197,-14.608496,15.355812
0,-14.562248,15.206070,-14.605957,15.354758,-14.607255,15.355197
0,-14.641880,15.372804,-14.643113,15.373444,-14.691118,15.139666
0,-14.633244,15.368336,-14.691118,15.139666,-14.632010,15.367700
0,-14.732961,15.139599,-14.744337,15.131146,-14.735636,15.134514
0,-14.770916,15.124720,-14.767425,15.125829,-14.779639,15.122799
0,-14.756033,15.128434,-14.752191,15.129362,-14.732961,15.139599
0,-14.733007,15.137128,-14.732961,15.139599,-14.734256,15.135886
0,-14.732961,15.139599,-14.734359,15.135784,-14.734256,15.135886
0,-14.735636,15.134514,-14.734359,15.135784,-14.732961,15.139599
0,-14.735636,15.134514,-14.737879,15.132430,-14.737694,15.132467
0,-14.735636,15.134514,-14.744337,15.131146,-14.737879,15.132430
0,-14.586606,15.177263,-14.620887,15.362021,-14.691118,15.139666
0,-14.691118,15.139666,-14.630775,15.367065,-14.632010,15.367700
0,-14.752526,15.423366,-14.732961,15.139599,-14.713407,15.410008
0,-14.752526,15.423366,-14.911197,15.348351,-14.732961,15.139599
0,-14.609029,15.150736,-14.593227,15.169432,-14.650793,15.139725
0,-14.615187,15.142731,-14.609029,15.150736,-14.650793,15.139725
0,-14.611877,15.143010,-14.609029,15.150736,-14.615187,15.142731
0,-14.609029,15.150736,-14.611877,15.143010,-14.609013,15.150735
0,-14.609013,15.150735,-14.611877,15.143010,-14.608543,15.150701
0,-14.608543,15.150701,-14.611877,15.143010,-14.608250,15.150679
0,-14.608250,15.150679,-14.611877,15.143010,-14.608051,15.150665
0,-14.608051,15.150665,-14.611877,15.143010,-14.607888,15.150653
0,-14.909471,14.701923,-14.807430,14.750127,-14.806985,14.751354
0,-14.909471,14.701923,-14.806512,14.752565,-14.806010,14.753758
0,-14.909471,14.701923,-14.806985,14.751354,-14.806512,14.752565
0,-14.909471,14.701923,-14.807849,14.748883,-14.807430,14.750127
0,-14.909471,14.701923,-14.808242,14.747623,-14.807849,14.748883
0,-14.909471,14.701923,-14.809880,14.741124,-14.809592,14.742448
0,-14.909471,14.701923,-14.809592,14.742448,-14.809286,14.743761
0,-14.909471,14.701923,-14.809286,14.743761,-14.808959,14.745062
0,-14.909471,14.701923,-14.808612,14.746350,-14.808242,14.747623
0,-14.909471,14.701923,-14.808959,14.745062,-14.808612,14.746350
0,-14.909471,14.701923,-14.810649,14.737089,-14.810407,14.738444
0,-14.909471,14.701923,-14.810152,14.739788,-14.809880,14.741124
0,-14.909471,14.701923,-14.810407,14.738444,-14.810152,14.739788
0,-15.174994,15.224752,-14.804000,15.047783,-14.811909,15.110686
0,-14.917039,15.346464,-14.810894,15.112287,-14.805051,15.117662
0,-14.917039,15.346464,-14.811909,15.110686,-14.810894,15.112287
0,-14.816004,14.703911,-14.812752,14.721806,-14.899641,14.690649
0,-14.909471,14.701923,-14.811874,14.728812,-14.811690,14.730206
0,-14.909471,14.701923,-14.904962,14.696752,-14.811874,14.728812
0,-14.909471,14.701923,-14.811499,14.731595,-14.811301,14.732978
0,-14.909471,14.701923,-14.811690,14.730206,-14.811499,14.731595
0,-14.909471,14.701923,-14.811301,14.732978,-14.811094,14.734355
0,-14.909471,14.701923,-14.810877,14.735726,-14.810649,14.737089
0,-14.909471,14.701923,-14.811094,14.734355,-14.810877,14.735726
0,-14.889052,14.678503,-14.835243,14.670036,-14.826210,14.681740
0,-14.891511,14.681323,-14.889052,14.678503,-14.826128,14.681846
0,-14.835243,14.670035,-14.889052,14.678503,-14.839045,14.665929
0,-14.835243,14.670036,-14.889052,14.678503,-14.835243,14.670035
0,-14.848605,14.656058,-14.853657,14.655062,-14.849574,14.655057
0,-14.839045,14.665929,-14.835934,14.669140,-14.835243,14.670035
0,-14.848605,14.656058,-14.847634,14.657060,-14.853657,14.655062
0,-14.847634,14.657060,-14.840329,14.664603,-14.853657,14.655062
0,-14.840329,14.664603,-14.839045,14.665929,-14.889052,14.678503
0,-14.891511,14.681323,-14.826128,14.681846,-14.825921,14.682115
0,-14.891511,14.681323,-14.825921,14.682115,-14.825874,14.682176
0,-14.819352,14.693872,-14.825874,14.682176,-14.821444,14.689060
0,-14.821444,14.689060,-14.825874,14.682176,-14.822582,14.686440
0,-14.812752,14.721806,-14.812644,14.722672,-14.904962,14.696752
0,-14.895041,14.685373,-14.819352,14.693872,-14.816004,14.703911
0,-14.819352,14.693872,-14.817445,14.698258,-14.816004,14.703911
0,-14.817445,14.698258,-14.817128,14.698988,-14.816004,14.703911
0,-14.909471,14.701923,-14.806010,14.753758,-14.805478,14.754932
0,-14.909471,14.701923,-14.805478,14.754932,-14.804914,14.756087
0,-14.909471,14.701923,-14.804316,14.757222,-14.803678,14.758331
0,-14.909471,14.701923,-14.804914,14.756087,-14.804316,14.757222
0,-14.766190,14.871510,-14.802188,14.760404,-14.801341,14.761370
0,-14.766190,14.871510,-14.770573,14.898808,-14.802188,14.760404
0,-14.798442,14.764024,-14.797372,14.764838,-14.764915,14.850884
0,-14.797372,14.764838,-14.796256,14.765621,-14.764915,14.850884
0,-14.764915,14.850884,-14.800930,14.761786,-14.800431,14.762292
0,-14.764915,14.850884,-14.801341,14.761370,-14.800930,14.761786
0,-14.800431,14.762292,-14.799464,14.763176,-14.764915,14.850884
0,-14.799464,14.763176,-14.798442,14.764024,-14.764915,14.850884
0,-14.804000,15.047783,-14.798135,15.037522,-14.798606,15.038798
0,-14.804000,15.047783,-14.799548,15.041352,-14.800019,15.042628
0,-14.804000,15.047783,-14.799078,15.040076,-14.799548,15.041352
0,-14.804000,15.047783,-14.798606,15.038798,-14.799078,15.040076
0,-14.793908,14.767111,-14.792683,14.767823,-14.764915,14.850884
0,-14.792683,14.767823,-14.791432,14.768518,-14.764915,14.850884
0,-14.796256,14.765621,-14.795100,14.766379,-14.764915,14.850884
0,-14.795100,14.766379,-14.794220,14.766919,-14.764915,14.850884
0,-14.794220,14.766919,-14.793908,14.767111,-14.764915,14.850884
0,-14.804000,15.047783,-14.789343,15.012270,-14.798135,15.037522
0,-14.767425,15.125829,-14.787793,15.121677,-14.779639,15.122799
0,-14.790722,15.121274,-14.787939,15.121200,-14.787793,15.121677
0,-14.770916,15.124720,-14.779639,15.122799,-14.772500,15.124220
0,-14.776465,14.967105,-14.779399,14.983705,-14.789343,15.012270
0,-14.779399,14.983705,-14.776607,14.969875,-14.776957,14.976689
0,-14.802188,14.760404,-14.770573,14.898808,-14.909471,14.701923
0,-14.909471,14.701923,-14.770573,14.898808,-14.773910,14.917356
0,-14.764915,14.850884,-14.766190,14.871510,-14.801341,14.761370
0,-14.782268,14.773149,-14.764915,14.850884,-14.783589,14.772490
0,-14.764915,14.850884,-14.780954,14.773815,-14.779651,14.774491
0,-14.764915,14.850884,-14.790157,14.769199,-14.788864,14.769866
0,-14.764915,14.850884,-14.788864,14.769866,-14.787556,14.770527
0,-14.764915,14.850884,-14.786238,14.771183,-14.784914,14.771836
0,-14.764915,14.850884,-14.787556,14.770527,-14.786238,14.771183
0,-14.764915,14.850884,-14.784914,14.771836,-14.783589,14.772490
0,-14.764915,14.850884,-14.782268,14.773149,-14.780954,14.773815
0,-15.282637,15.262784,-15.262923,15.237084,-15.250111,15.253584
