67,4,23,101,60,
0,-15.722343,16.412792,-15.728581,16.405457,-15.721334,16.413437
0,-15.716166,16.429610,-15.716485,16.430139,-15.718837,16.429736
0,-15.806164,16.256726,-15.804871,16.254155,-15.803097,16.252679
0,-15.367928,16.555034,-15.369447,16.553368,-15.338039,16.538118
0,-15.792361,16.285335,-15.793080,16.284781,-15.793293,16.284488
0,-15.742495,16.099841,-15.734722,16.091528,-15.425091,16.151528
0,-15.730719,16.403525,-15.731301,16.404119,-15.741266,16.399176
0,-15.453938,15.916895,-15.449856,15.918975,-15.431681,15.984146
0,-15.385680,16.542442,-15.388384,16.541049,-15.343003,16.513632
0,-15.380310,16.073282,-15.391361,16.090395,-15.386744,16.034420
0,-15.779046,16.366777,-15.780045,16.366041,-15.776044,16.367936
0,-15.401616,16.225253,-15.401439,16.239600,-15.425091,16.151528
0,-15.800144,16.251452,-15.805221,16.261837,-15.803097,16.252679
0,-15.776044,16.367936,-15.772801,16.369041,-15.774616,16.368628
0,-15.762944,16.381860,-15.762228,16.380578,-15.759806,16.386382
0,-15.726731,16.411864,-15.725445,16.413242,-15.726110,16.413430
0,-15.737789,16.406040,-15.740462,16.404512,-15.740316,16.402994
0,-15.610559,16.527262,-15.628243,16.502319,-15.628041,16.501171
0,-15.626358,16.525721,-15.632180,16.511855,-15.612105,16.527319
0,-15.482016,16.581766,-15.432324,16.569286,-15.442549,16.583310
0,-15.479746,16.584184,-15.449205,16.588496,-15.453439,16.590721
0,-15.353659,16.561531,-15.356164,16.561749,-15.358147,16.561280
0,-15.369447,16.553368,-15.372237,16.550649,-15.338039,16.538118
0,-15.360713,16.560411,-15.366243,16.556798,-15.349228,16.560102
0,-15.349228,16.560102,-15.367928,16.555034,-15.338039,16.538118
0,-15.374595,16.399332,-15.537655,16.515992,-15.544732,16.514096
0,-15.429914,16.555105,-15.482016,16.581766,-15.485108,16.580009
0,-15.534103,16.517241,-15.531000,16.517923,-15.533121,16.517528
0,-15.729866,16.403338,-15.402985,16.257822,-15.649568,16.458189
0,-15.518980,16.542733,-15.517049,16.540561,-15.520352,16.545898
0,-15.502496,15.898498,-15.534435,15.921727,-15.521841,15.897145
0,-15.801665,16.272481,-15.801957,16.272031,-15.800144,16.251452
0,-15.807169,16.260031,-15.807315,16.259027,-15.805221,16.261837
0,-15.819978,16.209938,-15.822732,16.208319,-15.822925,16.207631
0,-15.806164,16.256726,-15.805831,16.255480,-15.804871,16.254155
0,-15.792361,16.285335,-15.793293,16.284488,-15.794351,16.283038
0,-15.805221,16.261837,-15.806557,16.261461,-15.807169,16.260031
0,-15.559263,15.961369,-15.423128,16.123466,-15.625446,15.994971
0,-15.796368,16.279102,-15.797138,16.278537,-15.799756,16.275430
0,-15.799756,16.275430,-15.800144,16.251452,-15.796368,16.279102
0,-15.760781,16.374509,-15.785660,16.315960,-15.729866,16.403338
0,-15.785660,16.315960,-15.786701,16.314247,-15.789313,16.307710
0,-15.799756,16.275430,-15.801665,16.272481,-15.800144,16.251452
0,-15.767799,16.373335,-15.770801,16.372502,-15.771751,16.371070
0,-15.762932,16.373760,-15.772801,16.369041,-15.785895,16.342966
0,-15.762944,16.381860,-15.760714,16.386334,-15.762100,16.386284
0,-15.777337,16.367696,-15.778047,16.367332,-15.776044,16.367936
0,-15.759251,16.392920,-15.759914,16.392737,-15.759863,16.391444
0,-15.792604,16.287639,-15.793089,16.291687,-15.792851,16.288461
0,-15.785872,16.337207,-15.786000,16.330085,-15.760781,16.374509
0,-15.786000,16.330085,-15.786132,16.323720,-15.760781,16.374509
0,-15.794486,16.294674,-15.794641,16.300513,-15.795728,16.296369
0,-15.794486,16.294674,-15.793241,16.292283,-15.791452,16.303933
0,-15.786701,16.314247,-15.788458,16.311158,-15.788465,16.310471
0,-15.791452,16.303933,-15.793241,16.292283,-15.793089,16.291687
0,-15.697608,16.442807,-15.699349,16.441779,-15.700703,16.439024
0,-15.782858,16.364647,-15.781196,16.365801,-15.782430,16.365345
0,-15.758947,16.387072,-15.759806,16.386382,-15.759795,16.378698
0,-15.759863,16.391444,-15.758633,16.393058,-15.759251,16.392920
0,-15.760845,16.379290,-15.759795,16.378698,-15.759806,16.386382
0,-15.759362,16.378003,-15.758947,16.387072,-15.759795,16.378698
0,-15.758947,16.387072,-15.756678,16.393480,-15.759243,16.388499
0,-15.758633,16.393058,-15.759863,16.391444,-15.759533,16.390713
0,-15.731301,16.404119,-15.732015,16.404668,-15.741266,16.399176
0,-15.755864,16.393890,-15.756678,16.393480,-15.758947,16.387072
0,-15.732015,16.404668,-15.732825,16.405732,-15.735167,16.405995
0,-15.737789,16.406040,-15.737942,16.407052,-15.738748,16.407049
0,-15.726731,16.411864,-15.726110,16.413430,-15.726784,16.413292
0,-15.721334,16.413437,-15.728581,16.405457,-15.729866,16.403338
0,-15.715348,16.428500,-15.716166,16.429610,-15.719171,16.428813
0,-15.638153,16.466030,-15.633051,16.491000,-15.634507,16.490393
0,-15.612105,16.527319,-15.619410,16.529490,-15.626358,16.525721
0,-15.701621,16.433654,-15.702035,16.433339,-15.721334,16.413437
0,-15.701059,16.434082,-15.649568,16.458189,-15.673715,16.451584
0,-15.702035,16.433339,-15.705950,16.430177,-15.721334,16.413437
0,-15.631271,16.521202,-15.632216,16.518397,-15.627758,16.524906
0,-15.721060,16.417904,-15.721293,16.415046,-15.711528,16.426344
0,-15.708854,16.427691,-15.721334,16.413437,-15.705950,16.430177
0,-15.649568,16.458189,-15.721334,16.413437,-15.729866,16.403338
0,-15.649568,16.458189,-15.701059,16.434082,-15.721334,16.413437
0,-15.712484,16.426531,-15.720397,16.420809,-15.711528,16.426344
0,-15.719547,16.426515,-15.715348,16.428500,-15.719171,16.428813
0,-15.716618,16.430296,-15.717362,16.431169,-15.718129,16.431076
0,-15.511156,16.533896,-15.510685,16.533329,-15.500076,16.573996
0,-15.517049,16.540561,-15.515322,16.539012,-15.520793,16.550030
0,-15.594722,16.528364,-15.601867,16.529415,-15.605899,16.528488
0,-15.487746,16.578419,-15.509332,16.530241,-15.429667,16.553578
0,-15.430214,16.558481,-15.430264,16.558913,-15.482016,16.581766
0,-15.520793,16.550030,-15.515322,16.539012,-15.519846,16.556099
0,-15.517440,16.560881,-15.518292,16.559559,-15.515322,16.539012
0,-15.434186,16.573538,-15.438474,16.579553,-15.432324,16.569286
0,-15.513311,16.536755,-15.511156,16.533896,-15.502158,16.573165
0,-15.491617,16.577103,-15.494060,16.576060,-15.510685,16.533329
0,-15.429667,16.553578,-15.485108,16.580009,-15.486146,16.579383
0,-15.479746,16.584184,-15.453439,16.590721,-15.463040,16.592931
0,-15.453439,16.590721,-15.450285,16.589200,-15.451438,16.589888
0,-15.366243,16.556798,-15.360713,16.560411,-15.363456,16.559098
0,-15.453439,16.590721,-15.449205,16.588496,-15.450285,16.589200
0,-15.479746,16.584184,-15.444844,16.585364,-15.449205,16.588496
0,-15.430447,16.560480,-15.430681,16.562196,-15.482016,16.581766
0,-15.430859,16.564083,-15.431419,16.567050,-15.431643,16.567698
0,-15.351548,16.561042,-15.353659,16.561531,-15.358147,16.561280
0,-15.333308,16.563206,-15.336511,16.550677,-15.333288,16.563220
0,-15.339171,16.560636,-15.342064,16.560124,-15.336511,16.550677
0,-15.338039,16.538118,-15.372237,16.550649,-15.372370,16.550519
0,-15.429667,16.553578,-15.486146,16.579383,-15.487746,16.578419
0,-15.372370,16.550519,-15.375254,16.548328,-15.338039,16.538118
0,-15.526770,16.519300,-15.531000,16.517923,-15.374595,16.399332
0,-15.379128,16.546009,-15.381943,16.544559,-15.343003,16.513632
0,-15.349228,16.560102,-15.338039,16.538118,-15.336511,16.550677
0,-15.402658,16.537559,-15.404915,16.537844,-15.405762,16.537918
0,-15.729866,16.403338,-15.792361,16.285335,-15.402985,16.257822
0,-15.402985,16.257822,-15.374595,16.399332,-15.638153,16.466030
0,-15.364251,16.443487,-15.420363,16.541878,-15.511478,16.526073
0,-15.792361,16.285335,-15.729866,16.403338,-15.785660,16.315960
0,-15.605899,16.528488,-15.610559,16.527262,-15.589252,16.525397
0,-15.612105,16.527319,-15.628243,16.502319,-15.610559,16.527262
0,-15.591292,16.526735,-15.605899,16.528488,-15.589252,16.525397
0,-15.631271,16.521202,-15.627758,16.524906,-15.629185,16.524033
0,-15.627915,16.499769,-15.610559,16.527262,-15.628041,16.501171
0,-15.589252,16.525397,-15.610559,16.527262,-15.627915,16.499769
0,-15.431681,15.984146,-15.423128,16.123466,-15.559263,15.961369
0,-15.622507,15.992030,-15.559263,15.961369,-15.625446,15.994971
0,-15.546635,15.954226,-15.431681,15.984146,-15.559263,15.961369
0,-15.391361,16.090395,-15.423128,16.123466,-15.386744,16.034420
0,-15.423122,16.123464,-15.391361,16.090395,-15.388619,16.109901
0,-15.522601,16.520623,-15.374595,16.399332,-15.520426,16.521334
0,-15.402561,16.212191,-15.401616,16.225253,-15.425091,16.151528
0,-15.374595,16.399332,-15.364251,16.443487,-15.515161,16.523723
0,-15.345214,16.502916,-15.388384,16.541049,-15.390872,16.539646
0,-15.391361,16.090395,-15.423122,16.123464,-15.423128,16.123466
0,-15.816705,16.214328,-15.816711,16.214317,-15.817408,16.212705
0,-15.823197,16.186139,-15.826421,16.186978,-15.826897,16.185274
0,-15.802443,16.163959,-15.816705,16.214328,-15.817408,16.212705
0,-15.826913,16.185214,-15.823197,16.186139,-15.826897,16.185274
0,-15.828997,16.197784,-15.827540,16.197867,-15.831735,16.202317
0,-15.823003,16.197460,-15.819978,16.209938,-15.822925,16.207631
0,-15.823588,16.207167,-15.824972,16.207117,-15.826639,16.205411
0,-15.823588,16.207167,-15.826639,16.205411,-15.823003,16.197460
0,-15.831494,16.199091,-15.828997,16.197784,-15.831735,16.202317
0,-15.832643,16.200969,-15.831494,16.199091,-15.831735,16.202317
0,-15.826639,16.205411,-15.827540,16.197867,-15.825702,16.197702
0,-15.831735,16.202317,-15.827540,16.197867,-15.826639,16.205411
0,-15.823197,16.186139,-15.823003,16.197460,-15.825231,16.191241
0,-15.816711,16.214317,-15.816937,16.214316,-15.817408,16.212705
0,-15.819978,16.209938,-15.823003,16.197460,-15.817408,16.212705
0,-15.823003,16.197460,-15.802443,16.163959,-15.817408,16.212705
0,-15.802443,16.163959,-15.812658,16.222278,-15.816705,16.214328
0,-15.823003,16.197460,-15.822925,16.207631,-15.823588,16.207167
0,-15.819973,16.210905,-15.819978,16.209938,-15.817408,16.212705
0,-15.826639,16.205411,-15.825702,16.197702,-15.823003,16.197460
0,-15.799593,16.160912,-15.812658,16.222278,-15.802443,16.163959
0,-15.825231,16.191241,-15.826421,16.186978,-15.823197,16.186139
0,-15.823197,16.186139,-15.802443,16.163959,-15.823003,16.197460
0,-15.799593,16.160912,-15.799592,16.160911,-15.812658,16.222278
0,-15.812658,16.222278,-15.799592,16.160911,-15.804918,16.237483
0,-15.806164,16.256726,-15.803097,16.252679,-15.805221,16.261837
0,-15.802825,16.241594,-15.772367,16.131795,-15.799711,16.248735
0,-15.796359,16.157455,-15.804918,16.237483,-15.799592,16.160911
0,-15.800144,16.251452,-15.799844,16.248922,-15.799711,16.248735
0,-15.401439,16.239600,-15.402985,16.257822,-15.425091,16.151528
0,-15.734722,16.091528,-15.426565,16.146503,-15.425091,16.151528
0,-15.425091,16.151528,-15.408005,16.186307,-15.402561,16.212191
0,-15.425091,16.151528,-15.422034,16.154780,-15.408005,16.186307
0,-15.799711,16.248735,-15.772367,16.131795,-15.769423,16.128646
0,-15.796359,16.157455,-15.803481,16.240306,-15.804918,16.237483
0,-15.802825,16.241594,-15.796359,16.157455,-15.772367,16.131795
0,-15.802825,16.241594,-15.803481,16.240306,-15.796359,16.157455
0,-15.802825,16.241594,-15.799711,16.248735,-15.801232,16.245692
0,-15.769423,16.128646,-15.742495,16.099841,-15.799711,16.248735
0,-15.792361,16.285335,-15.799711,16.248735,-15.742495,16.099841
0,-15.792361,16.285335,-15.800144,16.251452,-15.799711,16.248735
0,-15.804438,16.253415,-15.803097,16.252679,-15.804871,16.254155
0,-15.804701,16.265009,-15.805036,16.264730,-15.805275,16.263627
0,-15.800144,16.251452,-15.804701,16.265009,-15.805221,16.261837
0,-15.804701,16.265009,-15.805275,16.263627,-15.805221,16.261837
0,-15.807315,16.259027,-15.806164,16.256726,-15.805221,16.261837
0,-15.807312,16.258286,-15.807784,16.257271,-15.806164,16.256726
0,-15.805831,16.255480,-15.805444,16.254659,-15.804871,16.254155
0,-15.807315,16.259027,-15.807312,16.258286,-15.806164,16.256726
0,-15.807415,16.260590,-15.807169,16.260031,-15.806557,16.261461
0,-15.786246,16.358339,-15.785147,16.361330,-15.785904,16.360821
0,-15.784148,16.361885,-15.780045,16.366041,-15.783621,16.363496
0,-15.760781,16.374509,-15.762932,16.373760,-15.785872,16.337207
0,-15.762932,16.373760,-15.766553,16.373249,-15.772801,16.369041
0,-15.760781,16.374509,-15.785719,16.316938,-15.785660,16.315960
0,-15.760781,16.374509,-15.786132,16.323720,-15.785719,16.316938
0,-15.786246,16.358339,-15.784148,16.361885,-15.785147,16.361330
0,-15.786325,16.354029,-15.780045,16.366041,-15.784148,16.361885
0,-15.782858,16.364647,-15.783621,16.363496,-15.780045,16.366041
0,-15.784433,16.362852,-15.784148,16.361885,-15.783621,16.363496
0,-15.782858,16.364647,-15.780045,16.366041,-15.781196,16.365801
0,-15.776044,16.367936,-15.780045,16.366041,-15.786325,16.354029
0,-15.770046,16.373336,-15.770757,16.373189,-15.770801,16.372502
0,-15.771751,16.371070,-15.766553,16.373249,-15.767799,16.373335
0,-15.771751,16.371070,-15.772801,16.369041,-15.766553,16.373249
0,-15.766553,16.373249,-15.763841,16.373946,-15.765890,16.373713
0,-15.770046,16.373336,-15.770801,16.372502,-15.769279,16.373475
0,-15.769279,16.373475,-15.770801,16.372502,-15.767799,16.373335
0,-15.785895,16.342966,-15.772801,16.369041,-15.786243,16.351451
0,-15.785895,16.342966,-15.785872,16.337207,-15.762932,16.373760
0,-15.779046,16.366777,-15.776044,16.367936,-15.778047,16.367332
0,-15.772801,16.369041,-15.773709,16.368948,-15.774616,16.368628
0,-15.772801,16.369041,-15.776044,16.367936,-15.786243,16.351451
0,-15.784148,16.361885,-15.786246,16.358339,-15.786422,16.357057
0,-15.776044,16.367936,-15.786325,16.354029,-15.786243,16.351451
0,-15.784148,16.361885,-15.786422,16.357057,-15.786325,16.354029
0,-15.788465,16.310471,-15.789313,16.307710,-15.786701,16.314247
0,-15.791452,16.303933,-15.793089,16.291687,-15.790216,16.306143
0,-15.792604,16.287639,-15.792361,16.285335,-15.789313,16.307710
0,-15.793022,16.303095,-15.793831,16.301808,-15.791452,16.303933
0,-15.790216,16.306143,-15.789313,16.307710,-15.790078,16.306785
0,-15.742495,16.099841,-15.425091,16.151528,-15.792361,16.285335
0,-15.785660,16.315960,-15.789313,16.307710,-15.792361,16.285335
0,-15.793089,16.291687,-15.792604,16.287639,-15.789313,16.307710
0,-15.792361,16.285335,-15.792604,16.287639,-15.792506,16.286392
0,-15.790216,16.306143,-15.793089,16.291687,-15.789313,16.307710
0,-15.792361,16.285335,-15.796368,16.279102,-15.800144,16.251452
0,-15.792361,16.285335,-15.794351,16.283038,-15.796368,16.279102
0,-15.792851,16.288461,-15.793089,16.291687,-15.793182,16.289336
0,-15.801957,16.272031,-15.804701,16.265009,-15.800144,16.251452
0,-15.798294,16.277689,-15.799756,16.275430,-15.797138,16.278537
0,-15.793831,16.301808,-15.794641,16.300513,-15.794486,16.294674
0,-15.793831,16.301808,-15.794486,16.294674,-15.791452,16.303933
0,-15.793241,16.292283,-15.794486,16.294674,-15.793862,16.293203
0,-15.794641,16.300513,-15.796593,16.297378,-15.795728,16.296369
0,-15.793831,16.301808,-15.794503,16.301254,-15.794641,16.300513
0,-15.765890,16.373713,-15.763841,16.373946,-15.765124,16.374032
0,-15.765149,16.383009,-15.764005,16.382417,-15.763439,16.386188
0,-15.760714,16.386334,-15.762944,16.381860,-15.759806,16.386382
0,-15.761454,16.374317,-15.762932,16.373760,-15.760781,16.374509
0,-15.763841,16.373946,-15.766553,16.373249,-15.762932,16.373760
0,-15.759806,16.386382,-15.762228,16.380578,-15.760845,16.379290
0,-15.729866,16.403338,-15.759878,16.375886,-15.760781,16.374509
0,-15.729866,16.403338,-15.759218,16.377136,-15.759878,16.375886
0,-15.746980,16.394600,-15.758947,16.387072,-15.759362,16.378003
0,-15.761747,16.379793,-15.760845,16.379290,-15.762228,16.380578
0,-15.764005,16.382417,-15.762944,16.381860,-15.762100,16.386284
0,-15.759533,16.390713,-15.759243,16.388499,-15.756678,16.393480
0,-15.748180,16.394966,-15.758947,16.387072,-15.746980,16.394600
0,-15.757960,16.393196,-15.759533,16.390713,-15.756678,16.393480
0,-15.759533,16.390713,-15.759574,16.389285,-15.759243,16.388499
0,-15.764005,16.382417,-15.762100,16.386284,-15.763439,16.386188
0,-15.765678,16.384110,-15.764580,16.386094,-15.765774,16.384806
0,-15.765678,16.384110,-15.765149,16.383009,-15.763439,16.386188
0,-15.764580,16.386094,-15.765678,16.384110,-15.763439,16.386188
0,-15.765774,16.384806,-15.764580,16.386094,-15.765489,16.385955
0,-15.758633,16.393058,-15.759533,16.390713,-15.757960,16.393196
0,-15.758947,16.387072,-15.751327,16.395145,-15.755864,16.393890
0,-15.759218,16.377136,-15.746980,16.394600,-15.759362,16.378003
0,-15.759218,16.377136,-15.745127,16.395158,-15.746980,16.394600
0,-15.741355,16.398073,-15.741595,16.397195,-15.730719,16.403525
0,-15.758947,16.387072,-15.748180,16.394966,-15.751327,16.395145
0,-15.753237,16.395183,-15.754912,16.394861,-15.755864,16.393890
0,-15.752095,16.395187,-15.753237,16.395183,-15.755864,16.393890
0,-15.754099,16.395189,-15.754912,16.394861,-15.753237,16.395183
0,-15.751327,16.395145,-15.752095,16.395187,-15.755864,16.393890
0,-15.749988,16.395330,-15.751327,16.395145,-15.748180,16.394966
0,-15.746980,16.394600,-15.745127,16.395158,-15.745979,16.394929
0,-15.759218,16.377136,-15.729866,16.403338,-15.741595,16.397195
0,-15.741266,16.399176,-15.740985,16.401563,-15.741315,16.399863
0,-15.741266,16.399176,-15.732015,16.404668,-15.740985,16.401563
0,-15.735167,16.405995,-15.733501,16.406281,-15.734120,16.406460
0,-15.740462,16.404512,-15.737789,16.406040,-15.740233,16.405896
0,-15.737314,16.406729,-15.737942,16.407052,-15.737789,16.406040
0,-15.738748,16.407049,-15.739749,16.406720,-15.737789,16.406040
0,-15.740233,16.405896,-15.737789,16.406040,-15.739749,16.406720
0,-15.740316,16.402994,-15.732015,16.404668,-15.736599,16.405854
0,-15.741595,16.397195,-15.729866,16.403338,-15.730719,16.403525
0,-15.742642,16.396504,-15.759218,16.377136,-15.741595,16.397195
0,-15.741266,16.399176,-15.741355,16.398073,-15.730719,16.403525
0,-15.745127,16.395158,-15.742642,16.396504,-15.743643,16.396266
0,-15.744503,16.395856,-15.745127,16.395158,-15.743643,16.396266
0,-15.745127,16.395158,-15.759218,16.377136,-15.742642,16.396504
0,-15.719976,16.423477,-15.720205,16.422238,-15.712484,16.426531
0,-15.714727,16.427861,-15.719543,16.425593,-15.713581,16.426988
0,-15.720397,16.420809,-15.721060,16.417904,-15.711528,16.426344
0,-15.711528,16.426344,-15.721334,16.413437,-15.710574,16.426718
0,-15.719976,16.423477,-15.713581,16.426988,-15.719543,16.425593
0,-15.713581,16.426988,-15.719976,16.423477,-15.712484,16.426531
0,-15.719171,16.428813,-15.716166,16.429610,-15.718837,16.429736
0,-15.718837,16.429736,-15.716618,16.430296,-15.718129,16.431076
0,-15.716485,16.430139,-15.716618,16.430296,-15.718837,16.429736
0,-15.719543,16.425593,-15.714727,16.427861,-15.719547,16.426515
0,-15.715348,16.428500,-15.719547,16.426515,-15.714727,16.427861
0,-15.705138,16.430876,-15.702420,16.433046,-15.702688,16.432922
0,-15.705950,16.430177,-15.702035,16.433339,-15.702420,16.433046
0,-15.701059,16.434082,-15.701621,16.433654,-15.721334,16.413437
0,-15.692766,16.443236,-15.697608,16.442807,-15.700703,16.439024
0,-15.700703,16.439024,-15.701122,16.436075,-15.692766,16.443236
0,-15.700703,16.439024,-15.701307,16.437795,-15.701122,16.436075
0,-15.692766,16.443236,-15.701059,16.434082,-15.673715,16.451584
0,-15.692766,16.443236,-15.701122,16.436075,-15.701059,16.434082
0,-15.704279,16.431837,-15.702688,16.432922,-15.703130,16.432718
0,-15.704279,16.431837,-15.705138,16.430876,-15.702688,16.432922
0,-15.705950,16.430177,-15.702420,16.433046,-15.705138,16.430876
0,-15.707614,16.429214,-15.708854,16.427691,-15.705950,16.430177
0,-15.710574,16.426718,-15.721334,16.413437,-15.708854,16.427691
0,-15.707614,16.429214,-15.708239,16.428660,-15.708854,16.427691
0,-15.720205,16.422238,-15.720397,16.420809,-15.712484,16.426531
0,-15.723486,16.412743,-15.724347,16.412785,-15.726772,16.409929
0,-15.721334,16.413437,-15.721293,16.415046,-15.721431,16.414449
0,-15.721334,16.413437,-15.711528,16.426344,-15.721293,16.415046
0,-15.720397,16.420809,-15.721064,16.418872,-15.721060,16.417904
0,-15.724347,16.412785,-15.725445,16.413242,-15.726731,16.411864
0,-15.726868,16.410715,-15.724347,16.412785,-15.726731,16.411864
0,-15.724347,16.412785,-15.726868,16.410715,-15.726772,16.409929
0,-15.732825,16.405732,-15.733501,16.406281,-15.735167,16.405995
0,-15.740316,16.402994,-15.736599,16.405854,-15.737789,16.406040
0,-15.740316,16.402994,-15.740985,16.401563,-15.732015,16.404668
0,-15.736599,16.405854,-15.732015,16.404668,-15.735167,16.405995
0,-15.728581,16.405457,-15.729384,16.404677,-15.729639,16.403968
0,-15.729866,16.403338,-15.728581,16.405457,-15.729639,16.403968
0,-15.727060,16.409286,-15.728996,16.409363,-15.728488,16.407989
0,-15.722343,16.412792,-15.728345,16.406114,-15.728581,16.405457
0,-15.722343,16.412792,-15.726772,16.409929,-15.727060,16.409286
0,-15.722343,16.412792,-15.723486,16.412743,-15.726772,16.409929
0,-15.728345,16.406114,-15.722343,16.412792,-15.728099,16.406797
0,-15.728099,16.406797,-15.727060,16.409286,-15.728488,16.407989
0,-15.728099,16.406797,-15.722343,16.412792,-15.727060,16.409286
0,-15.631271,16.521202,-15.629185,16.524033,-15.630621,16.522503
0,-15.632216,16.518397,-15.626358,16.525721,-15.627758,16.524906
0,-15.598599,16.529458,-15.601867,16.529415,-15.594722,16.528364
0,-15.626358,16.525721,-15.619410,16.529490,-15.623475,16.528976
0,-15.594722,16.528364,-15.605899,16.528488,-15.591292,16.526735
0,-15.374595,16.399332,-15.515161,16.523723,-15.515611,16.523476
0,-15.364251,16.443487,-15.511493,16.526063,-15.515161,16.523723
0,-15.364251,16.443487,-15.511478,16.526073,-15.511493,16.526063
0,-15.420363,16.541878,-15.509778,16.527677,-15.510155,16.527321
0,-15.511478,16.526073,-15.420363,16.541878,-15.510155,16.527321
0,-15.510089,16.531847,-15.509332,16.530241,-15.510685,16.533329
0,-15.429667,16.553578,-15.429914,16.555105,-15.485108,16.580009
0,-15.426950,16.546311,-15.509329,16.529359,-15.509778,16.527677
0,-15.426950,16.546311,-15.427497,16.547442,-15.428292,16.548913
0,-15.513311,16.536755,-15.512133,16.535072,-15.511156,16.533896
0,-15.515322,16.539012,-15.519751,16.556386,-15.519846,16.556099
0,-15.513311,16.536755,-15.513662,16.565657,-15.515322,16.539012
0,-15.517049,16.540561,-15.520793,16.550030,-15.520352,16.545898
0,-15.626358,16.525721,-15.623475,16.528976,-15.626223,16.527772
0,-15.619410,16.529490,-15.612105,16.527319,-15.613335,16.529126
0,-15.520772,16.552368,-15.520793,16.550030,-15.519846,16.556099
0,-15.515322,16.539012,-15.518292,16.559559,-15.519751,16.556386
0,-15.519751,16.556386,-15.518292,16.559559,-15.519137,16.558245
0,-15.515322,16.539012,-15.513662,16.565657,-15.517440,16.560881
0,-15.478771,16.586723,-15.479746,16.584184,-15.477051,16.588561
0,-15.516024,16.563089,-15.517440,16.560881,-15.513662,16.565657
0,-15.513662,16.565657,-15.513311,16.536755,-15.504596,16.572192
0,-15.510522,16.568835,-15.513662,16.565657,-15.504596,16.572192
0,-15.513311,16.536755,-15.502158,16.573165,-15.504596,16.572192
0,-15.479746,16.584184,-15.465965,16.593082,-15.469493,16.592691
0,-15.510685,16.533329,-15.509332,16.530241,-15.491617,16.577103
0,-15.502158,16.573165,-15.511156,16.533896,-15.500076,16.573996
0,-15.510685,16.533329,-15.496504,16.575086,-15.500076,16.573996
0,-15.510685,16.533329,-15.494060,16.576060,-15.496504,16.575086
0,-15.474708,16.590400,-15.479746,16.584184,-15.469493,16.592691
0,-15.474708,16.590400,-15.469493,16.592691,-15.473494,16.591291
0,-15.474708,16.590400,-15.477051,16.588561,-15.479746,16.584184
0,-15.453439,16.590721,-15.459100,16.592747,-15.463040,16.592931
0,-15.453439,16.590721,-15.457974,16.592581,-15.459100,16.592747
0,-15.479746,16.584184,-15.463040,16.592931,-15.465965,16.593082
0,-15.478771,16.586723,-15.477051,16.588561,-15.477966,16.587844
0,-15.491617,16.577103,-15.509332,16.530241,-15.487746,16.578419
0,-15.482016,16.581766,-15.444455,16.585016,-15.479746,16.584184
0,-15.431295,16.566690,-15.431419,16.567050,-15.430969,16.565174
0,-15.431419,16.567050,-15.430859,16.564083,-15.430969,16.565174
0,-15.431643,16.567698,-15.431419,16.567050,-15.431380,16.567086
0,-15.435100,16.575159,-15.438474,16.579553,-15.434186,16.573538
0,-15.432324,16.569286,-15.430859,16.564083,-15.431643,16.567698
0,-15.479746,16.584184,-15.444455,16.585016,-15.444844,16.585364
0,-15.450285,16.589200,-15.449205,16.588496,-15.449850,16.588940
0,-15.449850,16.588940,-15.449205,16.588496,-15.449697,16.588849
0,-15.482016,16.581766,-15.442549,16.583310,-15.444455,16.585016
0,-15.432324,16.569286,-15.439103,16.580225,-15.442549,16.583310
0,-15.432324,16.569286,-15.438474,16.579553,-15.439103,16.580225
0,-15.350189,16.560512,-15.358147,16.561280,-15.360713,16.560411
0,-15.432324,16.569286,-15.430681,16.562196,-15.430859,16.564083
0,-15.432324,16.569286,-15.482016,16.581766,-15.430681,16.562196
0,-15.335090,16.561992,-15.336511,16.550677,-15.333308,16.563206
0,-15.336668,16.561403,-15.336511,16.550677,-15.335090,16.561992
0,-15.336668,16.561403,-15.339171,16.560636,-15.336511,16.550677
0,-15.350189,16.560512,-15.351548,16.561042,-15.358147,16.561280
0,-15.349228,16.560102,-15.350189,16.560512,-15.360713,16.560411
0,-15.347432,16.559989,-15.349228,16.560102,-15.336511,16.550677
0,-15.345304,16.559835,-15.347432,16.559989,-15.336511,16.550677
0,-15.342064,16.560124,-15.345304,16.559835,-15.336511,16.550677
0,-15.349228,16.560102,-15.366243,16.556798,-15.367928,16.555034
0,-15.381943,16.544559,-15.385680,16.542442,-15.343003,16.513632
0,-15.375254,16.548328,-15.379128,16.546009,-15.343003,16.513632
0,-15.509329,16.529359,-15.426950,16.546311,-15.428292,16.548913
0,-15.509778,16.527677,-15.423794,16.543711,-15.426950,16.546311
0,-15.509778,16.527677,-15.420363,16.541878,-15.423794,16.543711
0,-15.430214,16.558481,-15.482016,16.581766,-15.429914,16.555105
0,-15.430447,16.560480,-15.482016,16.581766,-15.430264,16.558913
0,-15.430054,16.557325,-15.430214,16.558481,-15.429914,16.555105
0,-15.428292,16.548913,-15.428466,16.550344,-15.429667,16.553578
0,-15.509332,16.530241,-15.428292,16.548913,-15.429667,16.553578
0,-15.509329,16.529359,-15.428292,16.548913,-15.509332,16.530241
0,-15.364251,16.443487,-15.413236,16.539332,-15.420363,16.541878
0,-15.364251,16.443487,-15.363122,16.448304,-15.413236,16.539332
0,-15.413236,16.539332,-15.363122,16.448304,-15.411266,16.538884
0,-15.363122,16.448304,-15.357367,16.464685,-15.408382,16.538285
0,-15.406280,16.537963,-15.357367,16.464685,-15.405762,16.537918
0,-15.406280,16.537963,-15.408382,16.538285,-15.357367,16.464685
0,-15.357367,16.464685,-15.402658,16.537559,-15.405762,16.537918
0,-15.357367,16.464685,-15.399332,16.537279,-15.402280,16.537511
0,-15.357367,16.464685,-15.402280,16.537511,-15.402658,16.537559
0,-15.395591,16.538193,-15.397686,16.537764,-15.399332,16.537279
0,-15.345214,16.502916,-15.390872,16.539646,-15.392572,16.538939
0,-15.357367,16.464685,-15.345214,16.502916,-15.399332,16.537279
0,-15.399332,16.537279,-15.345214,16.502916,-15.395591,16.538193
0,-15.374595,16.399332,-15.518173,16.522070,-15.520426,16.521334
0,-15.374595,16.399332,-15.515611,16.523476,-15.518173,16.522070
0,-15.536810,16.516302,-15.537655,16.515992,-15.531000,16.517923
0,-15.526770,16.519300,-15.374595,16.399332,-15.522601,16.520623
0,-15.544732,16.514096,-15.537655,16.515992,-15.541165,16.515158
0,-15.531000,16.517923,-15.534103,16.517241,-15.536810,16.516302
0,-15.534798,16.517039,-15.536810,16.516302,-15.534103,16.517241
0,-15.338039,16.538118,-15.375254,16.548328,-15.343003,16.513632
0,-15.374540,16.399226,-15.360378,16.348888,-15.358870,16.369582
0,-15.345214,16.502916,-15.392572,16.538939,-15.395591,16.538193
0,-15.343003,16.513632,-15.388384,16.541049,-15.345214,16.502916
0,-15.537655,16.515992,-15.374595,16.399332,-15.531000,16.517923
0,-15.402985,16.257822,-15.367319,16.331710,-15.374595,16.399332
0,-15.550480,16.513019,-15.374595,16.399332,-15.544732,16.514096
0,-15.411266,16.538884,-15.363122,16.448304,-15.408382,16.538285
0,-15.568362,16.513516,-15.638153,16.466030,-15.561554,16.512596
0,-15.638153,16.466030,-15.561373,16.512572,-15.561554,16.512596
0,-15.638153,16.466030,-15.553793,16.512499,-15.561373,16.512572
0,-15.638153,16.466030,-15.374595,16.399332,-15.550480,16.513019
0,-15.638153,16.466030,-15.568362,16.513516,-15.572140,16.514626
0,-15.628093,16.497652,-15.579669,16.518671,-15.627915,16.499769
0,-15.575071,16.515526,-15.628387,16.496212,-15.628674,16.495364
0,-15.579669,16.518671,-15.628093,16.497652,-15.628387,16.496212
0,-15.628769,16.495152,-15.629005,16.494627,-15.575071,16.515526
0,-15.572140,16.514626,-15.575071,16.515526,-15.629265,16.494049
0,-15.553793,16.512499,-15.638153,16.466030,-15.550480,16.513019
0,-15.628387,16.496212,-15.575071,16.515526,-15.579669,16.518671
0,-15.627915,16.499769,-15.585418,16.523116,-15.589252,16.525397
0,-15.585418,16.523116,-15.627915,16.499769,-15.579669,16.518671
0,-15.612105,16.527319,-15.630179,16.505801,-15.628243,16.502319
0,-15.629265,16.494049,-15.575071,16.515526,-15.629005,16.494627
0,-15.628674,16.495364,-15.628769,16.495152,-15.575071,16.515526
0,-15.632218,16.491691,-15.633051,16.491000,-15.638153,16.466030
0,-15.638153,16.466030,-15.572140,16.514626,-15.629265,16.494049
0,-15.632216,16.518397,-15.632705,16.514083,-15.632180,16.511855
0,-15.628243,16.502319,-15.630179,16.505801,-15.629165,16.503640
0,-15.612105,16.527319,-15.631468,16.508787,-15.630179,16.505801
0,-15.612105,16.527319,-15.632180,16.511855,-15.631468,16.508787
0,-15.626358,16.525721,-15.632216,16.518397,-15.632180,16.511855
0,-15.641656,16.470152,-15.638153,16.466030,-15.634507,16.490393
0,-15.649568,16.458189,-15.657810,16.457026,-15.673715,16.451584
0,-15.665599,16.455154,-15.657810,16.457026,-15.665527,16.455209
0,-15.699147,16.442670,-15.699349,16.441779,-15.697608,16.442807
0,-15.673715,16.451584,-15.657810,16.457026,-15.665599,16.455154
0,-15.630079,16.493306,-15.632218,16.491691,-15.638153,16.466030
0,-15.645825,16.459501,-15.649568,16.458189,-15.402985,16.257822
0,-15.641656,16.470152,-15.644666,16.485493,-15.649856,16.484232
0,-15.640043,16.487098,-15.644666,16.485493,-15.641656,16.470152
0,-15.634507,16.490393,-15.636638,16.489356,-15.641656,16.470152
0,-15.636638,16.489356,-15.640043,16.487098,-15.641656,16.470152
0,-15.630079,16.493306,-15.638153,16.466030,-15.629265,16.494049
0,-15.642304,16.462172,-15.402985,16.257822,-15.638153,16.466030
0,-15.401451,16.227399,-15.401439,16.239600,-15.401616,16.225253
0,-15.402985,16.257822,-15.642304,16.462172,-15.645825,16.459501
0,-15.400947,16.233936,-15.401439,16.239600,-15.401451,16.227399
0,-15.423128,16.123466,-15.431681,15.984146,-15.386744,16.034420
0,-15.422034,16.154780,-15.415649,16.161572,-15.408005,16.186307
0,-15.376999,16.296119,-15.367319,16.331710,-15.402985,16.257822
0,-15.674174,16.038046,-15.426565,16.146503,-15.734722,16.091528
0,-15.426550,16.139327,-15.426565,16.146503,-15.674174,16.038046
0,-15.792361,16.285335,-15.425091,16.151528,-15.402985,16.257822
0,-15.625446,15.994971,-15.426550,16.139327,-15.674174,16.038046
0,-15.423128,16.123466,-15.426550,16.139327,-15.625446,15.994971
0,-15.453938,15.916895,-15.431681,15.984146,-15.465178,15.912081
0,-15.534435,15.921727,-15.545504,15.901607,-15.539719,15.900560
0,-15.465178,15.912081,-15.531745,15.932975,-15.482261,15.904641
0,-15.534435,15.921727,-15.539719,15.900560,-15.521841,15.897145
0,-15.531745,15.932975,-15.534435,15.921727,-15.502496,15.898498
0,-15.531745,15.932975,-15.502496,15.898498,-15.482261,15.904641
0,-15.431681,15.984146,-15.531745,15.932975,-15.465178,15.912081
0,-15.431681,15.984146,-15.449856,15.918975,-15.414900,15.940049
0,-15.386744,16.034420,-15.431681,15.984146,-15.405004,15.997832
0,-15.546635,15.954226,-15.531745,15.932975,-15.431681,15.984146
0,-15.429621,15.914868,-15.417821,15.909289,-15.414900,15.940049
0,-15.449856,15.918975,-15.429621,15.914868,-15.414900,15.940049
0,-15.380310,16.073282,-15.386744,16.034420,-15.378677,16.068966
0,-15.405004,15.997832,-15.387877,16.015975,-15.386744,16.034420
0,-15.383057,16.080538,-15.391361,16.090395,-15.383051,16.080521
0,-15.388608,16.109879,-15.388610,16.109880,-15.387991,16.108353
0,-15.387438,16.103100,-15.388619,16.109901,-15.391361,16.090395
0,-15.388610,16.109880,-15.387438,16.103100,-15.387991,16.108353
0,-15.388619,16.109901,-15.387438,16.103100,-15.388610,16.109880
0,-15.383702,16.269525,-15.402985,16.257822,-15.392520,16.257554
0,-15.402985,16.257822,-15.383702,16.269525,-15.376999,16.296119
0,-15.392520,16.257554,-15.386602,16.257990,-15.383702,16.269525
0,-15.383702,16.269525,-15.383688,16.269517,-15.376999,16.296119
0,-15.367319,16.331710,-15.374540,16.399226,-15.374595,16.399332
0,-15.367319,16.331710,-15.360378,16.348888,-15.374540,16.399226
0,-15.358816,16.369481,-15.358870,16.369582,-15.360378,16.348888
0,-15.358806,16.369461,-15.358816,16.369481,-15.360378,16.348888
0,-15.387877,16.015975,-15.405004,15.997832,-15.380868,15.998233
0,-15.391361,16.090395,-15.380310,16.073282,-15.383051,16.080521
0,-15.383051,16.080521,-15.380310,16.073282,-15.383047,16.080516
0,-15.378677,16.068966,-15.386744,16.034420,-15.374309,16.054804
0,-15.374309,16.054804,-15.386744,16.034420,-15.374304,16.054788
