32,8,17,105,87,
0,-16.527855,14.552086,-16.512896,14.555481,-16.526803,14.554280
0,-16.603036,14.344848,-16.662587,14.355479,-16.606791,14.342694
0,-16.518292,14.561484,-16.518488,14.561323,-16.517623,14.561547
0,-16.699217,14.409103,-16.699335,14.408250,-16.676854,14.426167
0,-16.687268,14.354228,-16.689216,14.354087,-16.688409,14.354093
0,-16.436683,14.378663,-16.437422,14.380723,-16.445494,14.392712
0,-16.609964,14.450978,-16.610390,14.450780,-16.603887,14.452858
0,-16.528590,14.548366,-16.527855,14.552086,-16.528483,14.550338
0,-16.457554,14.464909,-16.551674,14.491737,-16.551992,14.491440
0,-16.529907,14.543075,-16.508207,14.547396,-16.529873,14.543242
0,-16.561293,14.483396,-16.453834,14.450532,-16.560586,14.484039
0,-16.425336,14.252370,-16.417653,14.245209,-16.416759,14.245704
0,-16.534778,14.522421,-16.532934,14.528802,-16.533468,14.527554
0,-16.480082,14.525817,-16.479356,14.526357,-16.481661,14.527656
0,-16.676854,14.426167,-16.699077,14.410468,-16.699217,14.409103
0,-16.706053,14.385887,-16.706406,14.383462,-16.676107,14.356207
0,-16.625920,14.439016,-16.623433,14.442067,-16.625670,14.439459
0,-16.664279,14.355847,-16.659602,14.425932,-16.660601,14.425878
0,-16.699027,14.413628,-16.683410,14.426582,-16.698463,14.418312
0,-16.626337,14.438277,-16.613799,14.448980,-16.615463,14.448023
0,-16.610390,14.450780,-16.610653,14.450657,-16.603736,14.452885
0,-16.436683,14.378663,-16.437155,14.380147,-16.437156,14.380150
0,-16.548394,14.499156,-16.548426,14.499045,-16.547353,14.500067
0,-16.447321,14.402790,-16.579428,14.467711,-16.574777,14.337703
0,-16.482439,14.514685,-16.539441,14.511119,-16.539843,14.510411
0,-16.455587,14.458267,-16.554457,14.489145,-16.454849,14.455280
0,-16.554423,14.489177,-16.457554,14.464909,-16.553640,14.489906
0,-16.540266,14.509666,-16.540568,14.509136,-16.482439,14.514685
0,-16.534580,14.525097,-16.533468,14.527554,-16.534574,14.525179
0,-16.530762,14.538901,-16.530859,14.538131,-16.530888,14.537655
0,-16.535970,14.519262,-16.536086,14.518390,-16.534778,14.522421
0,-16.508258,14.547904,-16.528600,14.548109,-16.508207,14.547396
0,-16.528936,14.547021,-16.508207,14.547396,-16.528600,14.548109
0,-16.615463,14.448023,-16.621720,14.443660,-16.626337,14.438277
0,-16.512896,14.555481,-16.514533,14.559652,-16.515654,14.560157
0,-16.519009,14.560519,-16.516579,14.560855,-16.517306,14.561426
0,-16.533468,14.527554,-16.534580,14.525097,-16.534710,14.523339
0,-16.498427,14.538011,-16.531102,14.534718,-16.531171,14.534379
0,-16.457554,14.464909,-16.459108,14.471263,-16.551231,14.492149
0,-16.396213,14.349911,-16.394563,14.339125,-16.394949,14.348693
0,-16.480186,14.512298,-16.481318,14.513387,-16.471195,14.495707
0,-16.454849,14.455280,-16.455345,14.457477,-16.455587,14.458267
0,-16.454849,14.455280,-16.554457,14.489145,-16.454333,14.452868
0,-16.577046,14.469853,-16.577106,14.469805,-16.579428,14.467711
0,-16.465510,14.270017,-16.426511,14.352061,-16.468184,14.271419
0,-16.471867,14.273629,-16.468184,14.271419,-16.426511,14.352061
0,-16.461628,14.259135,-16.463102,14.264330,-16.463770,14.262839
0,-16.661996,14.354596,-16.609513,14.341396,-16.662587,14.355479
0,-16.686490,14.354360,-16.698236,14.358352,-16.687268,14.354228
0,-16.659493,14.349926,-16.661337,14.353334,-16.660480,14.351630
0,-16.635381,14.330548,-16.639910,14.332352,-16.637171,14.330903
0,-16.615867,14.338020,-16.642933,14.334165,-16.628326,14.330689
0,-16.623348,14.331732,-16.618094,14.333786,-16.616795,14.336271
0,-16.616795,14.336271,-16.615867,14.338020,-16.623348,14.331732
0,-16.445494,14.392712,-16.437422,14.380723,-16.442291,14.389224
0,-16.453834,14.450532,-16.454333,14.452868,-16.554986,14.488719
0,-16.427086,14.352799,-16.427423,14.356068,-16.436683,14.378663
0,-16.561699,14.319276,-16.554571,14.297549,-16.547531,14.288409
0,-16.627994,14.436639,-16.631686,14.432490,-16.631794,14.432352
0,-16.446806,14.409986,-16.447355,14.426589,-16.446944,14.409220
0,-16.700834,14.401882,-16.705280,14.389102,-16.672084,14.356869
0,-16.660623,14.425881,-16.661392,14.425838,-16.660601,14.425878
0,-16.661392,14.425838,-16.664279,14.355847,-16.660601,14.425878
0,-16.613056,14.339599,-16.661337,14.353334,-16.615867,14.338020
0,-16.664279,14.355847,-16.655095,14.425911,-16.659602,14.425932
0,-16.653693,14.425921,-16.662587,14.355479,-16.649498,14.425679
0,-16.699039,14.415213,-16.699027,14.413628,-16.698463,14.418312
0,-16.699077,14.410468,-16.683410,14.426582,-16.699027,14.413628
0,-16.705280,14.389102,-16.676107,14.356207,-16.672084,14.356869
0,-16.706406,14.383462,-16.706538,14.377767,-16.678509,14.355810
0,-16.664209,14.425689,-16.668768,14.356576,-16.662978,14.425751
0,-16.683410,14.426582,-16.688266,14.427836,-16.697728,14.420392
0,-16.640697,14.427084,-16.662587,14.355479,-16.640149,14.427222
0,-16.640149,14.427222,-16.662587,14.355479,-16.639542,14.427375
0,-16.639025,14.427502,-16.662587,14.355479,-16.638909,14.427534
0,-16.612840,14.449532,-16.613799,14.448980,-16.603736,14.452885
0,-16.621720,14.443660,-16.623433,14.442067,-16.626337,14.438277
0,-16.611297,14.450355,-16.612187,14.449907,-16.612840,14.449532
0,-16.612840,14.449532,-16.603736,14.452885,-16.610653,14.450657
0,-16.638909,14.427534,-16.662587,14.355479,-16.603036,14.344848
0,-16.632264,14.431746,-16.627994,14.436639,-16.631794,14.432352
0,-16.627994,14.436639,-16.632264,14.431746,-16.593594,14.345800
0,-16.609964,14.450978,-16.603887,14.452858,-16.604130,14.452817
0,-16.609202,14.451347,-16.605265,14.452621,-16.605487,14.452582
0,-16.608749,14.451565,-16.605487,14.452582,-16.605795,14.452529
0,-16.608214,14.451822,-16.608749,14.451565,-16.605795,14.452529
0,-16.599348,14.454555,-16.599673,14.454437,-16.589948,14.345115
0,-16.608749,14.451565,-16.609202,14.451347,-16.605487,14.452582
0,-16.604408,14.452769,-16.609964,14.450978,-16.604130,14.452817
0,-16.554457,14.489145,-16.457554,14.464909,-16.554423,14.489177
0,-16.549464,14.495487,-16.544311,14.502979,-16.544372,14.502921
0,-16.551231,14.492149,-16.549852,14.494992,-16.550604,14.494034
0,-16.549464,14.495487,-16.470509,14.494068,-16.544311,14.502979
0,-16.455587,14.458267,-16.457554,14.464909,-16.554457,14.489145
0,-16.481318,14.513387,-16.541073,14.508254,-16.541145,14.508147
0,-16.558575,14.485826,-16.453834,14.450532,-16.554986,14.488719
0,-16.553640,14.489906,-16.554423,14.489177,-16.554423,14.489177
0,-16.561668,14.483055,-16.453834,14.450532,-16.561293,14.483396
0,-16.560152,14.484433,-16.453834,14.450532,-16.558575,14.485826
0,-16.573495,14.473454,-16.575358,14.471572,-16.571075,14.474953
0,-16.581376,14.466306,-16.580290,14.341070,-16.574777,14.337703
0,-16.575996,14.470927,-16.577037,14.469875,-16.577046,14.469853
0,-16.565004,14.480150,-16.565620,14.479642,-16.452473,14.446572
0,-16.567720,14.477907,-16.567763,14.477873,-16.570142,14.475807
0,-16.563047,14.481801,-16.563174,14.481686,-16.453834,14.450532
0,-16.563531,14.481366,-16.453834,14.450532,-16.563174,14.481686
0,-16.544311,14.502979,-16.471195,14.495707,-16.543542,14.504403
0,-16.542524,14.506239,-16.543542,14.504403,-16.541877,14.507139
0,-16.535830,14.520317,-16.535970,14.519262,-16.534778,14.522421
0,-16.541035,14.508315,-16.482439,14.514685,-16.540568,14.509136
0,-16.482439,14.514685,-16.481237,14.518206,-16.481903,14.520786
0,-16.536086,14.518390,-16.496200,14.532850,-16.534778,14.522421
0,-16.539418,14.511182,-16.482439,14.514685,-16.536086,14.518390
0,-16.536086,14.518390,-16.482439,14.514685,-16.496200,14.532850
0,-16.532934,14.528802,-16.496200,14.532850,-16.532464,14.529898
0,-16.496200,14.532850,-16.532934,14.528802,-16.534778,14.522421
0,-16.497740,14.536208,-16.531632,14.532124,-16.531741,14.531588
0,-16.531467,14.532930,-16.497740,14.536208,-16.531319,14.533654
0,-16.531319,14.533654,-16.497740,14.536208,-16.531220,14.534138
0,-16.531171,14.534379,-16.531220,14.534138,-16.497740,14.536208
0,-16.529873,14.543242,-16.508207,14.547396,-16.529415,14.545478
0,-16.508258,14.547904,-16.512896,14.555481,-16.528600,14.548109
0,-16.534574,14.525179,-16.534583,14.525133,-16.534580,14.525097
0,-16.519009,14.560519,-16.517306,14.561426,-16.518488,14.561323
0,-16.524847,14.563586,-16.525606,14.563899,-16.525653,14.563824
0,-16.526655,14.562407,-16.527278,14.559881,-16.524023,14.563175
0,-16.518292,14.561484,-16.517623,14.561547,-16.517635,14.561552
0,-16.519269,14.560101,-16.515654,14.560157,-16.516579,14.560855
0,-16.515654,14.560157,-16.519269,14.560101,-16.512896,14.555481
0,-16.528600,14.548109,-16.512896,14.555481,-16.528590,14.548366
0,-16.484697,14.529739,-16.485835,14.530200,-16.483100,14.522770
0,-16.471195,14.495707,-16.481318,14.513387,-16.541145,14.508147
0,-16.498427,14.538011,-16.507567,14.547141,-16.508207,14.547396
0,-16.512896,14.555481,-16.511955,14.556503,-16.512200,14.558209
0,-16.504229,14.546025,-16.500881,14.543371,-16.501474,14.544620
0,-16.496200,14.532850,-16.482439,14.514685,-16.494679,14.532366
0,-16.473275,14.504346,-16.474642,14.507076,-16.472814,14.502597
0,-16.567010,14.330468,-16.447307,14.400638,-16.574777,14.337703
0,-16.427905,14.362298,-16.428165,14.363223,-16.428422,14.363900
0,-16.397103,14.334555,-16.421396,14.354129,-16.423476,14.352697
0,-16.410930,14.356640,-16.412447,14.356805,-16.413250,14.356800
0,-16.403049,14.355775,-16.404508,14.356678,-16.406202,14.356581
0,-16.429401,14.368461,-16.430490,14.370553,-16.428555,14.364825
0,-16.428422,14.363900,-16.427696,14.359214,-16.427905,14.362298
0,-16.428422,14.363900,-16.433429,14.374732,-16.427696,14.359214
0,-16.577046,14.469853,-16.579428,14.467711,-16.447210,14.406227
0,-16.436683,14.378663,-16.437156,14.380150,-16.437422,14.380723
0,-16.444535,14.422972,-16.442213,14.417354,-16.443366,14.422411
0,-16.567072,14.478444,-16.452473,14.446572,-16.566502,14.478913
0,-16.436683,14.378663,-16.445494,14.392712,-16.561699,14.319276
0,-16.428555,14.364825,-16.431257,14.371660,-16.428422,14.363900
0,-16.501001,14.268635,-16.561699,14.319276,-16.547531,14.288409
0,-16.393414,14.340723,-16.392127,14.342457,-16.393396,14.347087
0,-16.414053,14.356882,-16.415661,14.357220,-16.420011,14.355310
0,-16.441748,14.263799,-16.400607,14.321073,-16.401443,14.322822
0,-16.464387,14.266637,-16.465510,14.270017,-16.464988,14.267789
0,-16.463770,14.262839,-16.463842,14.260940,-16.461628,14.259135
0,-16.635381,14.330548,-16.628326,14.330689,-16.639910,14.332352
0,-16.395893,14.282709,-16.395285,14.287918,-16.440901,14.263723
0,-16.529260,14.269135,-16.518784,14.267501,-16.544017,14.284690
0,-16.425336,14.252370,-16.416759,14.245704,-16.415337,14.246707
0,-16.417653,14.245209,-16.417638,14.245195,-16.416759,14.245704
0,-16.407144,14.257071,-16.425336,14.252370,-16.408244,14.255238
0,-16.406202,14.356581,-16.408967,14.356652,-16.401442,14.354615
0,-16.395614,14.299155,-16.395312,14.295342,-16.395345,14.297683
0,-16.396881,14.310655,-16.400006,14.319784,-16.440901,14.263723
0,-16.398797,14.317793,-16.396881,14.310655,-16.396880,14.310684
0,-16.396881,14.310655,-16.395612,14.299177,-16.396325,14.309184
0,-16.690256,14.354080,-16.689216,14.354087,-16.691102,14.354200
0,-16.657930,14.340626,-16.656886,14.339999,-16.658324,14.341193
0,-16.686490,14.354360,-16.684542,14.354627,-16.698236,14.358352
0,-16.688409,14.354093,-16.687657,14.354098,-16.687268,14.354228
0,-16.683310,14.354889,-16.698236,14.358352,-16.684542,14.354627
0,-16.691102,14.354200,-16.689216,14.354087,-16.695446,14.355970
0,-16.706538,14.377767,-16.698236,14.358352,-16.683310,14.354889
0,-16.654668,14.338875,-16.653945,14.338529,-16.659071,14.345622
0,-16.698236,14.358352,-16.695446,14.355970,-16.687268,14.354228
0,-16.695446,14.355970,-16.689216,14.354087,-16.687268,14.354228
0,-16.692533,14.354507,-16.691102,14.354200,-16.695446,14.355970
0,-16.700714,14.360136,-16.707154,14.373176,-16.707179,14.373036
0,-16.692533,14.354507,-16.695446,14.355970,-16.693213,14.354634
0,-16.698236,14.358352,-16.706538,14.377767,-16.706788,14.375190
0,-16.706538,14.377767,-16.683310,14.354889,-16.682207,14.355087
0,-16.706406,14.383462,-16.678509,14.355810,-16.676107,14.356207
0,-16.706538,14.377767,-16.680844,14.355350,-16.678509,14.355810
0,-16.695446,14.355970,-16.694052,14.354929,-16.693213,14.354634
0,-16.680844,14.355350,-16.706538,14.377767,-16.682207,14.355087
0,-16.643911,14.426568,-16.662587,14.355479,-16.643208,14.426658
0,-16.659493,14.349926,-16.615867,14.338020,-16.661337,14.353334
0,-16.661392,14.425838,-16.662331,14.425787,-16.664279,14.355847
0,-16.662978,14.425751,-16.664208,14.425691,-16.664209,14.425689
0,-16.609513,14.341396,-16.606791,14.342694,-16.662587,14.355479
0,-16.649498,14.425679,-16.652659,14.425928,-16.653693,14.425921
0,-16.645575,14.335156,-16.642933,14.334165,-16.659493,14.349926
0,-16.659071,14.345622,-16.653945,14.338529,-16.659146,14.347015
0,-16.647743,14.335783,-16.659493,14.349926,-16.659222,14.348535
0,-16.654668,14.338875,-16.658799,14.343913,-16.656038,14.339562
0,-16.656886,14.339999,-16.656038,14.339562,-16.658799,14.343913
0,-16.654668,14.338875,-16.659071,14.345622,-16.658799,14.343913
0,-16.653945,14.338529,-16.659222,14.348535,-16.659146,14.347015
0,-16.658799,14.343913,-16.658324,14.341193,-16.656886,14.339999
0,-16.652649,14.337675,-16.649535,14.336412,-16.653945,14.338529
0,-16.649535,14.336412,-16.659222,14.348535,-16.653945,14.338529
0,-16.647743,14.335783,-16.659222,14.348535,-16.649535,14.336412
0,-16.632837,14.330016,-16.628326,14.330689,-16.635381,14.330548
0,-16.645575,14.335156,-16.659493,14.349926,-16.647743,14.335783
0,-16.628326,14.330689,-16.642933,14.334165,-16.639910,14.332352
0,-16.615867,14.338020,-16.659493,14.349926,-16.642933,14.334165
0,-16.623348,14.331732,-16.618465,14.333049,-16.618094,14.333786
0,-16.615867,14.338020,-16.628326,14.330689,-16.623348,14.331732
0,-16.501001,14.268635,-16.547531,14.288409,-16.544017,14.284690
0,-16.536260,14.272492,-16.529260,14.269135,-16.539071,14.275536
0,-16.529260,14.269135,-16.544017,14.284690,-16.539071,14.275536
0,-16.501001,14.268635,-16.482536,14.272152,-16.561699,14.319276
0,-16.567010,14.330468,-16.574777,14.337703,-16.571572,14.334180
0,-16.554571,14.297549,-16.561699,14.319276,-16.559168,14.306365
0,-16.661337,14.353334,-16.613056,14.339599,-16.661996,14.354596
0,-16.580290,14.341070,-16.578304,14.339754,-16.574777,14.337703
0,-16.597476,14.455239,-16.598117,14.455005,-16.589948,14.345115
0,-16.580290,14.341070,-16.594985,14.456126,-16.583525,14.342395
0,-16.594123,14.456836,-16.580290,14.341070,-16.590398,14.459744
0,-16.578304,14.339754,-16.577253,14.339057,-16.574777,14.337703
0,-16.632264,14.431746,-16.632899,14.430928,-16.593594,14.345800
0,-16.635170,14.428655,-16.602084,14.344893,-16.595251,14.345712
0,-16.583525,14.342395,-16.589948,14.345115,-16.586585,14.343247
0,-16.598902,14.454718,-16.599348,14.454555,-16.589948,14.345115
0,-16.595251,14.345712,-16.602084,14.344893,-16.597958,14.345230
0,-16.597958,14.345230,-16.596198,14.345475,-16.595251,14.345712
0,-16.635170,14.428655,-16.603036,14.344848,-16.602084,14.344893
0,-16.635280,14.428622,-16.635580,14.428532,-16.603036,14.344848
0,-16.597958,14.345230,-16.602084,14.344893,-16.600615,14.344903
0,-16.607779,14.342107,-16.606791,14.342694,-16.608705,14.341731
0,-16.605605,14.343321,-16.603036,14.344848,-16.606791,14.342694
0,-16.603036,14.344848,-16.605605,14.343321,-16.604221,14.344104
0,-16.613056,14.339599,-16.609513,14.341396,-16.661996,14.354596
0,-16.606791,14.342694,-16.609513,14.341396,-16.608705,14.341731
0,-16.607896,14.342019,-16.607779,14.342107,-16.608705,14.341731
0,-16.665893,14.425727,-16.672084,14.356869,-16.668768,14.356576
0,-16.664279,14.355847,-16.662978,14.425751,-16.668768,14.356576
0,-16.664279,14.355847,-16.662331,14.425787,-16.662978,14.425751
0,-16.658277,14.425999,-16.659602,14.425932,-16.655095,14.425911
0,-16.657454,14.426040,-16.655095,14.425911,-16.656834,14.426071
0,-16.658277,14.425999,-16.655095,14.425911,-16.657454,14.426040
0,-16.664279,14.355847,-16.662587,14.355479,-16.655095,14.425911
0,-16.655095,14.425911,-16.662587,14.355479,-16.654341,14.425916
0,-16.654341,14.425916,-16.662587,14.355479,-16.653693,14.425921
0,-16.649498,14.425679,-16.652287,14.425931,-16.652659,14.425928
0,-16.649498,14.425679,-16.651757,14.425935,-16.652287,14.425931
0,-16.643911,14.426568,-16.645708,14.426303,-16.662587,14.355479
0,-16.651649,14.425936,-16.651757,14.425935,-16.649498,14.425679
0,-16.662587,14.355479,-16.645708,14.426303,-16.646560,14.426170
0,-16.643208,14.426658,-16.662587,14.355479,-16.642376,14.426765
0,-16.662587,14.355479,-16.646560,14.426170,-16.649498,14.425679
0,-16.636375,14.428294,-16.603036,14.344848,-16.635894,14.428438
0,-16.635894,14.428438,-16.603036,14.344848,-16.635580,14.428532
0,-16.635170,14.428655,-16.635280,14.428622,-16.603036,14.344848
0,-16.635170,14.428655,-16.635215,14.428643,-16.635280,14.428622
0,-16.626337,14.438277,-16.626881,14.437740,-16.593594,14.345800
0,-16.633604,14.430020,-16.595251,14.345712,-16.593594,14.345800
0,-16.632899,14.430928,-16.633604,14.430020,-16.593594,14.345800
0,-16.635170,14.428655,-16.595251,14.345712,-16.633604,14.430020
0,-16.637614,14.427922,-16.603036,14.344848,-16.637294,14.428018
0,-16.637294,14.428018,-16.603036,14.344848,-16.636375,14.428294
0,-16.638909,14.427534,-16.603036,14.344848,-16.638032,14.427797
0,-16.638032,14.427797,-16.603036,14.344848,-16.637614,14.427922
0,-16.642376,14.426765,-16.662587,14.355479,-16.641930,14.426822
0,-16.640697,14.427084,-16.641539,14.426872,-16.662587,14.355479
0,-16.641930,14.426822,-16.662587,14.355479,-16.641539,14.426872
0,-16.639542,14.427375,-16.662587,14.355479,-16.639025,14.427502
0,-16.694532,14.426406,-16.688266,14.427836,-16.691050,14.428047
0,-16.699077,14.410468,-16.676854,14.426167,-16.683410,14.426582
0,-16.688266,14.427836,-16.694532,14.426406,-16.697728,14.420392
0,-16.694532,14.426406,-16.691050,14.428047,-16.692588,14.427805
0,-16.676854,14.426167,-16.673493,14.425862,-16.673853,14.426034
0,-16.671030,14.425628,-16.672084,14.356869,-16.665893,14.425727
0,-16.668389,14.425881,-16.671030,14.425628,-16.668241,14.425872
0,-16.668241,14.425872,-16.671030,14.425628,-16.665893,14.425727
0,-16.665893,14.425727,-16.668768,14.356576,-16.664280,14.425691
0,-16.671030,14.425628,-16.673493,14.425862,-16.699888,14.404740
0,-16.664280,14.425691,-16.668768,14.356576,-16.664209,14.425689
0,-16.705278,14.393289,-16.700834,14.401882,-16.704821,14.395611
0,-16.672084,14.356869,-16.671030,14.425628,-16.700834,14.401882
0,-16.671030,14.425628,-16.699888,14.404740,-16.700834,14.401882
0,-16.671030,14.425628,-16.673341,14.425919,-16.673493,14.425862
0,-16.683410,14.426582,-16.697728,14.420392,-16.698463,14.418312
0,-16.699335,14.408250,-16.673493,14.425862,-16.676854,14.426167
0,-16.699335,14.408250,-16.699888,14.404740,-16.673493,14.425862
0,-16.706893,14.380476,-16.706538,14.377767,-16.706406,14.383462
0,-16.707672,14.370700,-16.705200,14.362807,-16.702569,14.361024
0,-16.700714,14.360136,-16.706788,14.375190,-16.707154,14.373176
0,-16.700714,14.360136,-16.698236,14.358352,-16.706788,14.375190
0,-16.708130,14.364134,-16.705200,14.362807,-16.708275,14.364731
0,-16.707672,14.370700,-16.707874,14.367987,-16.705200,14.362807
0,-16.708275,14.364731,-16.705200,14.362807,-16.707874,14.367987
0,-16.702569,14.361024,-16.707179,14.373036,-16.707672,14.370700
0,-16.702569,14.361024,-16.700714,14.360136,-16.707179,14.373036
0,-16.705428,14.388488,-16.706053,14.385887,-16.676107,14.356207
0,-16.705280,14.389102,-16.705428,14.388488,-16.676107,14.356207
0,-16.705353,14.390886,-16.705280,14.389102,-16.700834,14.401882
0,-16.705278,14.393289,-16.704950,14.395176,-16.705251,14.394153
0,-16.704950,14.395176,-16.705278,14.393289,-16.704821,14.395611
0,-16.705353,14.390886,-16.705361,14.390882,-16.705355,14.390769
0,-16.705280,14.389102,-16.705353,14.390886,-16.705355,14.390769
0,-16.700834,14.401882,-16.705278,14.393289,-16.705353,14.390886
0,-16.629103,14.435579,-16.629754,14.434942,-16.629870,14.434794
0,-16.629103,14.435579,-16.629708,14.435000,-16.629754,14.434942
0,-16.630778,14.433642,-16.629103,14.435579,-16.629870,14.434794
0,-16.593594,14.345800,-16.603736,14.452885,-16.626337,14.438277
0,-16.603736,14.452885,-16.613799,14.448980,-16.626337,14.438277
0,-16.626337,14.438277,-16.623433,14.442067,-16.625920,14.439016
0,-16.630778,14.433642,-16.627994,14.436639,-16.629103,14.435579
0,-16.630778,14.433642,-16.631686,14.432490,-16.627994,14.436639
0,-16.627994,14.436639,-16.593594,14.345800,-16.626881,14.437740
0,-16.623433,14.442067,-16.625306,14.440103,-16.625670,14.439459
0,-16.623433,14.442067,-16.625150,14.440380,-16.625306,14.440103
0,-16.623433,14.442067,-16.625046,14.440564,-16.625150,14.440380
0,-16.615463,14.448023,-16.620154,14.445117,-16.621720,14.443660
0,-16.611297,14.450355,-16.611916,14.450063,-16.612187,14.449907
0,-16.617498,14.447169,-16.620154,14.445117,-16.615463,14.448023
0,-16.607230,14.452281,-16.607382,14.452222,-16.606661,14.452380
0,-16.606661,14.452380,-16.608214,14.451822,-16.606193,14.452460
0,-16.606193,14.452460,-16.608214,14.451822,-16.605795,14.452529
0,-16.609202,14.451347,-16.604845,14.452693,-16.605265,14.452621
0,-16.610390,14.450780,-16.603736,14.452885,-16.603887,14.452858
0,-16.593594,14.345800,-16.589948,14.345115,-16.602000,14.453555
0,-16.603736,14.452885,-16.593594,14.345800,-16.603017,14.453162
0,-16.609202,14.451347,-16.609964,14.450978,-16.604845,14.452693
0,-16.604845,14.452693,-16.609964,14.450978,-16.604408,14.452769
0,-16.607531,14.452151,-16.606661,14.452380,-16.607382,14.452222
0,-16.607382,14.452222,-16.607230,14.452281,-16.607276,14.452273
0,-16.608214,14.451822,-16.606661,14.452380,-16.607531,14.452151
0,-16.610653,14.450657,-16.611297,14.450355,-16.612840,14.449532
0,-16.610144,14.450896,-16.609964,14.450978,-16.609969,14.450978
0,-16.610144,14.450896,-16.610390,14.450780,-16.609964,14.450978
0,-16.603017,14.453162,-16.593594,14.345800,-16.602409,14.453397
0,-16.602409,14.453397,-16.593594,14.345800,-16.602000,14.453555
0,-16.602000,14.453555,-16.589948,14.345115,-16.601266,14.453839
0,-16.601266,14.453839,-16.589948,14.345115,-16.599955,14.454334
0,-16.599955,14.454334,-16.589948,14.345115,-16.599673,14.454437
0,-16.598902,14.454718,-16.589948,14.345115,-16.598117,14.455005
0,-16.600690,14.454061,-16.601266,14.453839,-16.599955,14.454334
0,-16.600464,14.454148,-16.600690,14.454061,-16.599955,14.454334
0,-16.597080,14.455383,-16.597476,14.455239,-16.589948,14.345115
0,-16.596717,14.455516,-16.597080,14.455383,-16.589948,14.345115
0,-16.596306,14.455666,-16.596717,14.455516,-16.589948,14.345115
0,-16.580290,14.341070,-16.594123,14.456836,-16.594985,14.456126
0,-16.591997,14.458587,-16.594123,14.456836,-16.590398,14.459744
0,-16.594985,14.456126,-16.589948,14.345115,-16.583525,14.342395
0,-16.596306,14.455666,-16.589948,14.345115,-16.594985,14.456126
0,-16.596076,14.455750,-16.596306,14.455666,-16.594985,14.456126
0,-16.570142,14.475807,-16.449188,14.433323,-16.567720,14.477907
0,-16.449188,14.433323,-16.570142,14.475807,-16.571075,14.474953
0,-16.567763,14.477873,-16.568864,14.476977,-16.569357,14.476526
0,-16.567072,14.478444,-16.567720,14.477908,-16.567720,14.477907
0,-16.568088,14.477639,-16.568864,14.476977,-16.567763,14.477873
0,-16.449188,14.433323,-16.452473,14.446572,-16.567072,14.478444
0,-16.452473,14.446572,-16.565620,14.479642,-16.566502,14.478913
0,-16.569357,14.476526,-16.568864,14.476977,-16.568872,14.476970
0,-16.570142,14.475807,-16.567763,14.477873,-16.569357,14.476526
0,-16.575358,14.471572,-16.575996,14.470927,-16.571075,14.474953
0,-16.571075,14.474953,-16.577046,14.469853,-16.447146,14.407340
0,-16.571075,14.474953,-16.575996,14.470927,-16.577046,14.469853
0,-16.590398,14.459744,-16.580290,14.341070,-16.588734,14.460949
0,-16.588734,14.460949,-16.580290,14.341070,-16.586728,14.462401
0,-16.586728,14.462401,-16.580290,14.341070,-16.581376,14.466306
0,-16.581376,14.466306,-16.574777,14.337703,-16.579428,14.467711
0,-16.549007,14.497052,-16.549283,14.496107,-16.546442,14.500939
0,-16.548426,14.499045,-16.548394,14.499156,-16.548424,14.499061
0,-16.548492,14.498820,-16.547353,14.500067,-16.548426,14.499045
0,-16.548492,14.498820,-16.548709,14.498076,-16.547353,14.500067
0,-16.547353,14.500067,-16.549007,14.497052,-16.547166,14.500245
0,-16.544548,14.502752,-16.549464,14.495487,-16.544372,14.502921
0,-16.545659,14.501689,-16.549283,14.496107,-16.549464,14.495487
0,-16.547353,14.500067,-16.547166,14.500245,-16.547181,14.500237
0,-16.549283,14.496107,-16.545659,14.501689,-16.546442,14.500939
0,-16.547166,14.500245,-16.549007,14.497052,-16.546442,14.500939
0,-16.545077,14.502246,-16.545659,14.501689,-16.549464,14.495487
0,-16.544548,14.502752,-16.545077,14.502246,-16.549464,14.495487
0,-16.542634,14.506091,-16.543542,14.504403,-16.542524,14.506239
0,-16.543542,14.504403,-16.541284,14.507961,-16.541877,14.507139
0,-16.481318,14.513387,-16.482439,14.514685,-16.541035,14.508315
0,-16.541073,14.508254,-16.481318,14.513387,-16.541035,14.508315
0,-16.542525,14.506242,-16.542524,14.506239,-16.541877,14.507139
0,-16.543542,14.504403,-16.541145,14.508147,-16.541284,14.507961
0,-16.543542,14.504403,-16.471195,14.495707,-16.541145,14.508147
0,-16.536986,14.517019,-16.539006,14.512561,-16.536086,14.518390
0,-16.536986,14.517019,-16.538867,14.513021,-16.539006,14.512561
0,-16.534778,14.522421,-16.533468,14.527554,-16.534710,14.523339
0,-16.496200,14.532850,-16.497740,14.536208,-16.531741,14.531588
0,-16.498427,14.538011,-16.498580,14.538566,-16.499161,14.539563
0,-16.532464,14.529898,-16.496200,14.532850,-16.532320,14.530236
0,-16.532320,14.530236,-16.496200,14.532850,-16.532130,14.530679
0,-16.538226,14.515149,-16.538573,14.513998,-16.536986,14.517019
0,-16.536986,14.517019,-16.538573,14.513998,-16.538867,14.513021
0,-16.539843,14.510411,-16.540266,14.509666,-16.482439,14.514685
0,-16.482439,14.514685,-16.539418,14.511182,-16.539441,14.511119
0,-16.536086,14.518390,-16.539006,14.512561,-16.539418,14.511182
0,-16.539418,14.511182,-16.539006,14.512561,-16.539411,14.511220
0,-16.551231,14.492149,-16.549464,14.495487,-16.549852,14.494992
0,-16.549007,14.497052,-16.547353,14.500067,-16.548709,14.498076
0,-16.551503,14.491896,-16.551283,14.492100,-16.551370,14.492020
0,-16.551370,14.492020,-16.551283,14.492100,-16.551285,14.492099
0,-16.551503,14.491896,-16.551674,14.491737,-16.457554,14.464909
0,-16.552940,14.490558,-16.553640,14.489906,-16.457554,14.464909
0,-16.552622,14.490854,-16.552940,14.490558,-16.457554,14.464909
0,-16.552383,14.491077,-16.552622,14.490854,-16.457554,14.464909
0,-16.457554,14.464909,-16.551992,14.491440,-16.552383,14.491077
0,-16.554803,14.488866,-16.554457,14.489145,-16.554506,14.489110
0,-16.554803,14.488866,-16.454333,14.452868,-16.554457,14.489145
0,-16.559159,14.485336,-16.558643,14.485771,-16.558968,14.485509
0,-16.559440,14.485080,-16.558575,14.485826,-16.558643,14.485771
0,-16.558575,14.485826,-16.554986,14.488719,-16.557292,14.487057
0,-16.554986,14.488719,-16.454333,14.452868,-16.554803,14.488866
0,-16.563785,14.481157,-16.453834,14.450532,-16.563531,14.481366
0,-16.564514,14.480555,-16.453834,14.450532,-16.564117,14.480883
0,-16.564117,14.480883,-16.453834,14.450532,-16.563785,14.481157
0,-16.449188,14.433323,-16.567072,14.478444,-16.567720,14.477907
0,-16.564514,14.480555,-16.565004,14.480150,-16.453834,14.450532
0,-16.563047,14.481801,-16.453834,14.450532,-16.562731,14.482089
0,-16.562731,14.482089,-16.453834,14.450532,-16.562272,14.482506
0,-16.562272,14.482506,-16.453834,14.450532,-16.561915,14.482831
0,-16.561915,14.482831,-16.453834,14.450532,-16.561668,14.483055
0,-16.559737,14.484810,-16.558575,14.485826,-16.559440,14.485080
0,-16.559440,14.485080,-16.558643,14.485771,-16.559159,14.485336
0,-16.560586,14.484039,-16.453834,14.450532,-16.560152,14.484433
0,-16.560152,14.484433,-16.558575,14.485826,-16.559737,14.484810
0,-16.497740,14.536208,-16.531503,14.532754,-16.531632,14.532124
0,-16.497740,14.536208,-16.531467,14.532930,-16.531503,14.532754
0,-16.531050,14.534973,-16.508207,14.547396,-16.531014,14.535572
0,-16.508207,14.547396,-16.531053,14.534951,-16.531102,14.534718
0,-16.531102,14.534718,-16.531053,14.534951,-16.531055,14.534950
0,-16.508207,14.547396,-16.531050,14.534973,-16.531053,14.534951
0,-16.508207,14.547396,-16.530989,14.535983,-16.531014,14.535572
0,-16.530989,14.535983,-16.508207,14.547396,-16.530924,14.537049
0,-16.508207,14.547396,-16.530888,14.537655,-16.530924,14.537049
0,-16.530762,14.538901,-16.530765,14.538900,-16.530833,14.538554
0,-16.530859,14.538131,-16.530762,14.538901,-16.530833,14.538554
0,-16.530253,14.541386,-16.530397,14.540683,-16.508207,14.547396
0,-16.530172,14.541783,-16.530253,14.541386,-16.508207,14.547396
0,-16.508207,14.547396,-16.530536,14.540007,-16.530888,14.537655
0,-16.508207,14.547396,-16.530397,14.540683,-16.530536,14.540007
0,-16.530888,14.537655,-16.530536,14.540007,-16.530762,14.538901
0,-16.508207,14.547396,-16.531102,14.534718,-16.498427,14.538011
0,-16.504229,14.546025,-16.501474,14.544620,-16.502004,14.545242
0,-16.508258,14.547904,-16.508409,14.549196,-16.512896,14.555481
0,-16.508664,14.551829,-16.508720,14.552983,-16.510199,14.554268
0,-16.529415,14.545478,-16.508207,14.547396,-16.528936,14.547021
0,-16.529895,14.543139,-16.529907,14.543075,-16.529873,14.543242
0,-16.529933,14.542955,-16.529956,14.542837,-16.529907,14.543075
0,-16.530096,14.542151,-16.530172,14.541783,-16.508207,14.547396
0,-16.530070,14.542280,-16.530096,14.542151,-16.508207,14.547396
0,-16.529956,14.542837,-16.530070,14.542280,-16.508207,14.547396
0,-16.529907,14.543075,-16.529956,14.542837,-16.508207,14.547396
0,-16.520252,14.559711,-16.526872,14.557543,-16.526803,14.554280
0,-16.520252,14.559711,-16.520451,14.559997,-16.526872,14.557543
0,-16.526803,14.554280,-16.512896,14.555481,-16.520252,14.559711
0,-16.520252,14.559711,-16.512896,14.555481,-16.520200,14.559728
0,-16.520200,14.559728,-16.512896,14.555481,-16.519859,14.559841
0,-16.519859,14.559841,-16.512896,14.555481,-16.519269,14.560101
0,-16.520451,14.559997,-16.522769,14.562543,-16.527101,14.558463
0,-16.522769,14.562543,-16.520451,14.559997,-16.520720,14.560828
0,-16.527101,14.558463,-16.526872,14.557543,-16.520451,14.559997
0,-16.522769,14.562543,-16.524023,14.563175,-16.527278,14.559881
0,-16.527278,14.559881,-16.526655,14.562407,-16.527270,14.561535
0,-16.525653,14.563824,-16.526655,14.562407,-16.524847,14.563586
0,-16.524023,14.563175,-16.524847,14.563586,-16.526655,14.562407
0,-16.527101,14.558463,-16.522769,14.562543,-16.527278,14.559881
0,-16.521120,14.561722,-16.522769,14.562543,-16.520954,14.561467
0,-16.520954,14.561467,-16.522769,14.562543,-16.520720,14.560828
0,-16.516579,14.560855,-16.519009,14.560519,-16.519269,14.560101
0,-16.512896,14.555481,-16.513413,14.559307,-16.514533,14.559652
0,-16.518488,14.561323,-16.517306,14.561426,-16.517623,14.561547
0,-16.511963,14.557812,-16.511955,14.556503,-16.511373,14.556905
0,-16.511933,14.558772,-16.512200,14.558209,-16.511916,14.558772
0,-16.511996,14.558772,-16.512200,14.558209,-16.511933,14.558772
0,-16.513413,14.559307,-16.512896,14.555481,-16.512200,14.558209
0,-16.513413,14.559307,-16.512200,14.558209,-16.511996,14.558772
0,-16.528590,14.548366,-16.512896,14.555481,-16.527855,14.552086
0,-16.508409,14.549196,-16.508664,14.551829,-16.511531,14.554860
0,-16.511200,14.557191,-16.511963,14.557812,-16.511373,14.556905
0,-16.512200,14.558209,-16.511955,14.556503,-16.511963,14.557812
0,-16.508409,14.549196,-16.512435,14.555223,-16.512896,14.555481
0,-16.508720,14.552983,-16.508866,14.553629,-16.510199,14.554268
0,-16.512435,14.555223,-16.508409,14.549196,-16.512055,14.555087
0,-16.512055,14.555087,-16.508409,14.549196,-16.511531,14.554860
0,-16.511531,14.554860,-16.508664,14.551829,-16.510199,14.554268
0,-16.483100,14.522770,-16.482439,14.514685,-16.481903,14.520786
0,-16.494679,14.532366,-16.495301,14.532637,-16.496200,14.532850
0,-16.485835,14.530200,-16.484697,14.529739,-16.485783,14.530218
0,-16.485783,14.530218,-16.484697,14.529739,-16.485542,14.530280
0,-16.490541,14.531489,-16.483100,14.522770,-16.485835,14.530200
0,-16.493159,14.532130,-16.494679,14.532366,-16.483100,14.522770
0,-16.485542,14.530280,-16.485564,14.530294,-16.485783,14.530218
0,-16.490541,14.531489,-16.493159,14.532130,-16.483100,14.522770
0,-16.486235,14.530777,-16.490541,14.531489,-16.485835,14.530200
0,-16.500046,14.541890,-16.500881,14.543371,-16.504229,14.546025
0,-16.499161,14.539563,-16.504229,14.546025,-16.507567,14.547141
0,-16.497740,14.536208,-16.498427,14.538011,-16.531171,14.534379
0,-16.504229,14.546025,-16.499161,14.539563,-16.500046,14.541890
0,-16.507567,14.547141,-16.498427,14.538011,-16.499161,14.539563
0,-16.532034,14.530905,-16.496200,14.532850,-16.531741,14.531588
0,-16.532130,14.530679,-16.496200,14.532850,-16.532034,14.530905
0,-16.495301,14.532637,-16.495609,14.532771,-16.496200,14.532850
0,-16.483100,14.522770,-16.494679,14.532366,-16.482439,14.514685
0,-16.481237,14.518206,-16.481243,14.518827,-16.481903,14.520786
0,-16.484697,14.529739,-16.483100,14.522770,-16.481661,14.527656
0,-16.483100,14.522770,-16.481601,14.524280,-16.481661,14.527656
0,-16.481601,14.524280,-16.480082,14.525817,-16.481661,14.527656
0,-16.477586,14.510124,-16.480186,14.512298,-16.471887,14.498441
0,-16.474642,14.507076,-16.477586,14.510124,-16.472814,14.502597
0,-16.472814,14.502597,-16.477586,14.510124,-16.471887,14.498441
0,-16.551283,14.492100,-16.457554,14.464909,-16.551231,14.492149
0,-16.471887,14.498441,-16.480186,14.512298,-16.471195,14.495707
0,-16.473850,14.506205,-16.474642,14.507076,-16.473275,14.504346
0,-16.460098,14.479331,-16.460881,14.482956,-16.460005,14.477892
0,-16.466191,14.494858,-16.466243,14.494861,-16.467813,14.494304
0,-16.463533,14.493126,-16.466191,14.494858,-16.467813,14.494304
0,-16.463533,14.493126,-16.464781,14.494761,-16.466191,14.494858
0,-16.470060,14.494071,-16.470446,14.494068,-16.462387,14.489847
0,-16.455523,14.458267,-16.455587,14.458267,-16.455345,14.457477
0,-16.455972,14.459973,-16.457554,14.464909,-16.455587,14.458267
0,-16.455527,14.458280,-16.455587,14.458267,-16.455523,14.458267
0,-16.551503,14.491896,-16.457554,14.464909,-16.551283,14.492100
0,-16.462387,14.489847,-16.467813,14.494304,-16.468936,14.494078
0,-16.460881,14.482956,-16.470509,14.494068,-16.460005,14.477892
0,-16.470060,14.494071,-16.462387,14.489847,-16.469996,14.494071
0,-16.469996,14.494071,-16.462387,14.489847,-16.468936,14.494078
0,-16.544311,14.502979,-16.470509,14.494068,-16.471195,14.495707
0,-16.470509,14.494068,-16.459108,14.471263,-16.460005,14.477892
0,-16.470446,14.494068,-16.470509,14.494068,-16.460881,14.482956
0,-16.551231,14.492149,-16.470509,14.494068,-16.549464,14.495487
0,-16.551231,14.492149,-16.459108,14.471263,-16.470509,14.494068
0,-16.463533,14.493126,-16.467813,14.494304,-16.462387,14.489847
0,-16.462387,14.489847,-16.470446,14.494068,-16.460881,14.482956
0,-16.449188,14.433323,-16.450743,14.441158,-16.452473,14.446572
0,-16.397969,14.332262,-16.399703,14.327959,-16.398604,14.330017
0,-16.565004,14.480150,-16.452473,14.446572,-16.453834,14.450532
0,-16.450542,14.440528,-16.450743,14.441158,-16.449306,14.434452
0,-16.445823,14.423873,-16.443414,14.415399,-16.444535,14.422972
0,-16.449306,14.434452,-16.450743,14.441158,-16.449188,14.433323
0,-16.449188,14.433323,-16.447599,14.428178,-16.448083,14.430901
0,-16.442885,14.416341,-16.444535,14.422972,-16.443414,14.415399
0,-16.449188,14.433323,-16.571075,14.474953,-16.447146,14.407340
0,-16.442885,14.416341,-16.442213,14.417354,-16.444535,14.422972
0,-16.447599,14.428178,-16.449188,14.433323,-16.447355,14.426589
0,-16.445823,14.423873,-16.446879,14.425002,-16.444758,14.413443
0,-16.447355,14.426589,-16.449188,14.433323,-16.446944,14.409220
0,-16.443366,14.422411,-16.441245,14.418903,-16.440789,14.420382
0,-16.443366,14.422411,-16.440789,14.420382,-16.441031,14.421857
0,-16.393414,14.340723,-16.394949,14.348693,-16.394563,14.339125
0,-16.408967,14.356652,-16.399834,14.353344,-16.401442,14.354615
0,-16.392246,14.345757,-16.393396,14.347087,-16.392127,14.342457
0,-16.396280,14.336431,-16.398053,14.351683,-16.399834,14.353344
0,-16.391293,14.343630,-16.392127,14.342457,-16.391285,14.343609
0,-16.395517,14.337664,-16.398053,14.351683,-16.396280,14.336431
0,-16.392246,14.345757,-16.392127,14.342457,-16.391725,14.344813
0,-16.392127,14.342457,-16.391293,14.343630,-16.391725,14.344813
0,-16.395517,14.337664,-16.394563,14.339125,-16.396213,14.349911
0,-16.394949,14.348693,-16.393414,14.340723,-16.393396,14.347087
0,-16.423476,14.352697,-16.399703,14.327959,-16.397969,14.332262
0,-16.398053,14.351683,-16.395517,14.337664,-16.396213,14.349911
0,-16.426511,14.352061,-16.401443,14.322822,-16.425307,14.351945
0,-16.397103,14.334555,-16.396280,14.336431,-16.410930,14.356640
0,-16.423476,14.352697,-16.397969,14.332262,-16.397103,14.334555
0,-16.421396,14.354129,-16.397103,14.334555,-16.410930,14.356640
0,-16.403049,14.355775,-16.406202,14.356581,-16.401442,14.354615
0,-16.403839,14.356487,-16.404508,14.356678,-16.403049,14.355775
0,-16.401443,14.322822,-16.465510,14.270017,-16.441748,14.263799
0,-16.423476,14.352697,-16.400898,14.326035,-16.399703,14.327959
0,-16.425307,14.351945,-16.401242,14.324757,-16.400898,14.326035
0,-16.425307,14.351945,-16.400898,14.326035,-16.423476,14.352697
0,-16.421396,14.354129,-16.413696,14.356797,-16.420389,14.354999
0,-16.420389,14.354999,-16.413696,14.356797,-16.420011,14.355310
0,-16.399834,14.353344,-16.408967,14.356652,-16.396280,14.336431
0,-16.420011,14.355310,-16.415661,14.357220,-16.417932,14.356927
0,-16.420011,14.355310,-16.413696,14.356797,-16.414053,14.356882
0,-16.421396,14.354129,-16.410930,14.356640,-16.413250,14.356800
0,-16.413696,14.356797,-16.421396,14.354129,-16.413250,14.356800
0,-16.396280,14.336431,-16.408967,14.356652,-16.410930,14.356640
0,-16.415661,14.357220,-16.416108,14.357392,-16.416554,14.357389
0,-16.415661,14.357220,-16.414053,14.356882,-16.414947,14.357225
0,-16.415661,14.357220,-16.416554,14.357389,-16.417932,14.356927
0,-16.417932,14.356927,-16.416554,14.357389,-16.417353,14.357384
0,-16.443366,14.422411,-16.441719,14.418227,-16.441245,14.418903
0,-16.443366,14.422411,-16.442213,14.417354,-16.441719,14.418227
0,-16.441719,14.418227,-16.441332,14.418705,-16.441245,14.418903
0,-16.447201,14.405718,-16.447188,14.405738,-16.447207,14.405810
0,-16.444086,14.414386,-16.445823,14.423873,-16.444758,14.413443
0,-16.443414,14.415399,-16.445823,14.423873,-16.444086,14.414386
0,-16.446806,14.409986,-16.446879,14.425002,-16.447355,14.426589
0,-16.446312,14.410928,-16.446879,14.425002,-16.446806,14.409986
0,-16.445606,14.412046,-16.446879,14.425002,-16.446312,14.410928
0,-16.444758,14.413443,-16.446879,14.425002,-16.445606,14.412046
0,-16.447078,14.407967,-16.449188,14.433323,-16.447146,14.407340
0,-16.449188,14.433323,-16.447078,14.407967,-16.446944,14.409220
0,-16.447146,14.407340,-16.577046,14.469853,-16.447210,14.406227
0,-16.447210,14.406227,-16.579428,14.467711,-16.447321,14.402790
0,-16.447207,14.405810,-16.447210,14.406227,-16.447321,14.402790
0,-16.447321,14.402790,-16.574777,14.337703,-16.447307,14.400638
0,-16.447207,14.405810,-16.447321,14.402790,-16.447201,14.405718
0,-16.437367,14.380742,-16.439108,14.384498,-16.437422,14.380723
0,-16.445494,14.392712,-16.567010,14.330468,-16.561699,14.319276
0,-16.437422,14.380723,-16.439108,14.384498,-16.442291,14.389224
0,-16.447307,14.400638,-16.567010,14.330468,-16.446706,14.396683
0,-16.446706,14.396683,-16.567010,14.330468,-16.445494,14.392712
0,-16.482536,14.272152,-16.476270,14.274233,-16.561699,14.319276
0,-16.427624,14.357856,-16.427696,14.359214,-16.433429,14.374732
0,-16.427624,14.357856,-16.434770,14.376452,-16.436683,14.378663
0,-16.427624,14.357856,-16.433429,14.374732,-16.434770,14.376452
0,-16.429401,14.368461,-16.428555,14.364825,-16.428759,14.367169
0,-16.430490,14.370553,-16.431257,14.371660,-16.428555,14.364825
0,-16.428422,14.363900,-16.431257,14.371660,-16.433429,14.374732
0,-16.427423,14.356068,-16.427624,14.357856,-16.436683,14.378663
0,-16.561699,14.319276,-16.427086,14.352799,-16.436683,14.378663
0,-16.476270,14.274233,-16.474142,14.274939,-16.561699,14.319276
0,-16.427423,14.356068,-16.427086,14.352799,-16.427155,14.353724
0,-16.474142,14.274939,-16.426511,14.352061,-16.427086,14.352799
0,-16.443355,14.263295,-16.441748,14.263799,-16.465510,14.270017
0,-16.437572,14.259528,-16.435109,14.258633,-16.440135,14.262982
0,-16.440135,14.262982,-16.402453,14.265894,-16.401544,14.267273
0,-16.405852,14.259447,-16.404081,14.262332,-16.430015,14.255145
0,-16.430015,14.255145,-16.402453,14.265894,-16.435109,14.258633
0,-16.455785,14.259501,-16.463277,14.265239,-16.463102,14.264330
0,-16.449100,14.261330,-16.465510,14.270017,-16.463277,14.265239
0,-16.449100,14.261330,-16.443355,14.263295,-16.465510,14.270017
0,-16.474142,14.274939,-16.427086,14.352799,-16.561699,14.319276
0,-16.471867,14.273629,-16.426511,14.352061,-16.474142,14.274939
0,-16.518784,14.267501,-16.501001,14.268635,-16.544017,14.284690
0,-16.465510,14.270017,-16.464387,14.266637,-16.463277,14.265239
0,-16.461628,14.259135,-16.463842,14.260940,-16.463324,14.259372
0,-16.440135,14.262982,-16.439018,14.260511,-16.437572,14.259528
0,-16.458153,14.258990,-16.463102,14.264330,-16.461628,14.259135
0,-16.449100,14.261330,-16.463277,14.265239,-16.455785,14.259501
0,-16.455785,14.259501,-16.463102,14.264330,-16.458153,14.258990
0,-16.430015,14.255145,-16.435109,14.258633,-16.433093,14.256844
0,-16.430015,14.255145,-16.403505,14.263610,-16.402453,14.265894
0,-16.407144,14.257071,-16.405852,14.259447,-16.425336,14.252370
0,-16.404081,14.262332,-16.403505,14.263610,-16.430015,14.255145
0,-16.425336,14.252370,-16.415337,14.246707,-16.413915,14.247656
0,-16.425336,14.252370,-16.413915,14.247656,-16.412064,14.249438
0,-16.425336,14.252370,-16.409245,14.253731,-16.408244,14.255238
0,-16.404081,14.262332,-16.405852,14.259447,-16.404849,14.260637
0,-16.430015,14.255145,-16.425336,14.252370,-16.405852,14.259447
0,-16.425336,14.252370,-16.410623,14.251770,-16.409245,14.253731
0,-16.425336,14.252370,-16.412064,14.249438,-16.410623,14.251770
0,-16.402453,14.265894,-16.440135,14.262982,-16.435109,14.258633
0,-16.399149,14.271111,-16.440901,14.263723,-16.401544,14.267273
0,-16.401544,14.267273,-16.440901,14.263723,-16.440135,14.262982
0,-16.399149,14.271111,-16.401544,14.267273,-16.400064,14.269234
0,-16.398005,14.273486,-16.440901,14.263723,-16.399149,14.271111
0,-16.400006,14.319784,-16.400607,14.321073,-16.440901,14.263723
0,-16.440901,14.263723,-16.395614,14.299155,-16.396881,14.310655
0,-16.395893,14.282709,-16.440901,14.263723,-16.398005,14.273486
0,-16.395672,14.281554,-16.398005,14.273486,-16.396287,14.275955
0,-16.441748,14.263799,-16.440901,14.263723,-16.400607,14.321073
0,-16.398797,14.317793,-16.400006,14.319784,-16.396881,14.310655
0,-16.425307,14.351945,-16.401443,14.322822,-16.401440,14.322848
0,-16.426511,14.352061,-16.465510,14.270017,-16.401443,14.322822
0,-16.425307,14.351945,-16.401440,14.322848,-16.401242,14.324757
0,-16.396820,14.312731,-16.398797,14.317793,-16.396880,14.310684
0,-16.397215,14.315299,-16.398005,14.317102,-16.398797,14.317793
0,-16.396819,14.312725,-16.396820,14.312731,-16.396880,14.310684
0,-16.397215,14.315299,-16.398797,14.317793,-16.396820,14.312731
0,-16.440901,14.263723,-16.395311,14.290653,-16.395242,14.292877
0,-16.396881,14.310655,-16.395614,14.299155,-16.395612,14.299177
0,-16.440901,14.263723,-16.395312,14.295342,-16.395614,14.299155
0,-16.396325,14.309184,-16.395612,14.299177,-16.395292,14.303855
0,-16.395501,14.306459,-16.396325,14.309184,-16.395292,14.303855
0,-16.395292,14.303855,-16.395612,14.299177,-16.395291,14.303839
0,-16.395312,14.295342,-16.440901,14.263723,-16.395242,14.292877
0,-16.395242,14.292877,-16.395311,14.290653,-16.395241,14.292857
0,-16.395285,14.287893,-16.395285,14.287918,-16.395889,14.282723
0,-16.395285,14.287918,-16.395893,14.282709,-16.395889,14.282723
0,-16.395306,14.285280,-16.395285,14.287893,-16.395889,14.282723
0,-16.440901,14.263723,-16.395311,14.290651,-16.395311,14.290653
0,-16.440901,14.263723,-16.395285,14.287918,-16.395311,14.290651
0,-16.395265,14.279908,-16.396287,14.275955,-16.395371,14.277876
0,-16.395265,14.279908,-16.395672,14.281554,-16.396287,14.275955
0,-16.395893,14.282709,-16.398005,14.273486,-16.395672,14.281554
0,-16.395265,14.279908,-16.395371,14.277876,-16.395264,14.279902
