52,0,2,104,49,
0,-16.364132,14.183778,-16.366288,14.183250,-16.366640,14.182304
0,-16.362426,14.237341,-16.363885,14.236131,-16.363426,14.235239
0,-16.357731,14.186487,-16.358434,14.185423,-16.357300,14.186591
0,-16.361051,14.184842,-16.361147,14.185200,-16.362105,14.185544
0,-16.354586,14.187534,-16.356034,14.186722,-16.358171,14.175677
0,-16.277211,14.302141,-16.282173,14.296222,-16.264646,14.295318
0,-16.182369,14.352182,-16.188049,14.346975,-16.190280,14.342795
0,-16.263890,14.179771,-16.305869,14.278614,-16.306045,14.278491
0,-16.181558,14.355540,-16.182417,14.352839,-16.178620,14.357227
0,-16.159321,14.173070,-16.156276,14.172936,-16.153441,14.173886
0,-16.360261,14.222331,-16.361531,14.222487,-16.366218,14.216249
0,-16.378900,14.161747,-16.379872,14.161916,-16.378259,14.155849
0,-16.359322,14.172172,-16.359621,14.171891,-16.353281,14.156119
0,-16.375740,14.167855,-16.372633,14.169786,-16.375749,14.167977
0,-16.357916,14.174606,-16.339599,14.160462,-16.338956,14.160693
0,-16.355847,14.186903,-16.356034,14.186722,-16.355102,14.187326
0,-16.363553,14.179133,-16.363545,14.179122,-16.359971,14.183914
0,-16.356034,14.186722,-16.358334,14.184441,-16.358407,14.184233
0,-16.360324,14.184076,-16.363517,14.183945,-16.363845,14.179442
0,-16.367925,14.202065,-16.367961,14.205635,-16.368320,14.203853
0,-16.364470,14.183947,-16.366288,14.183250,-16.364329,14.183877
0,-16.385531,14.162136,-16.385857,14.161461,-16.385852,14.161440
0,-16.358895,14.222351,-16.357433,14.191911,-16.357639,14.223526
0,-16.358166,14.192513,-16.357624,14.192068,-16.358895,14.222351
0,-16.356175,14.225604,-16.357639,14.223526,-16.355083,14.189519
0,-16.352944,14.252498,-16.353255,14.246479,-16.349073,14.258476
0,-16.350064,14.257781,-16.350877,14.257211,-16.352944,14.252498
0,-16.367437,14.208113,-16.364604,14.197431,-16.364514,14.197325
0,-16.296304,14.156111,-16.276751,14.163421,-16.296847,14.156551
0,-16.320113,14.270401,-16.320858,14.269243,-16.315991,14.273395
0,-16.353911,14.188015,-16.313980,14.160955,-16.276285,14.175668
0,-16.292135,14.291031,-16.264646,14.295318,-16.282173,14.296222
0,-16.242346,14.328557,-16.245602,14.328231,-16.244651,14.325798
0,-16.136680,14.332678,-16.136612,14.324232,-16.136009,14.327012
0,-16.250059,14.310872,-16.248437,14.322808,-16.251727,14.320675
0,-16.174425,14.359637,-16.182369,14.352182,-16.170056,14.361329
0,-16.245602,14.328231,-16.246644,14.327531,-16.244651,14.325798
0,-16.130795,14.338166,-16.141822,14.361473,-16.134820,14.334668
0,-16.182369,14.352182,-16.163603,14.362460,-16.170056,14.361329
0,-16.182369,14.352182,-16.178620,14.357227,-16.182417,14.352839
0,-16.260254,14.297492,-16.252639,14.310127,-16.260268,14.297517
0,-16.105488,14.367761,-16.103350,14.367246,-16.105464,14.367804
0,-16.099052,14.194811,-16.103441,14.195223,-16.096982,14.173280
0,-16.260862,14.298572,-16.260268,14.297517,-16.252639,14.310127
0,-16.276751,14.163421,-16.292462,14.152633,-16.292110,14.152279
0,-16.246179,14.163711,-16.254995,14.164707,-16.252714,14.162504
0,-16.096982,14.173280,-16.088395,14.173509,-16.087979,14.178901
0,-16.132412,14.177018,-16.129680,14.175918,-16.131634,14.186519
0,-16.338177,14.160944,-16.357916,14.174606,-16.338956,14.160693
0,-16.089874,14.193217,-16.087927,14.185394,-16.087774,14.190685
0,-16.256478,14.167174,-16.254995,14.164707,-16.246179,14.163711
0,-16.275498,14.154308,-16.289958,14.149967,-16.289809,14.149797
0,-16.379872,14.161916,-16.381107,14.162921,-16.383410,14.158601
0,-16.383410,14.158601,-16.380150,14.155091,-16.378259,14.155849
0,-16.371491,14.169315,-16.371007,14.157537,-16.371370,14.169351
0,-16.376087,14.171728,-16.376206,14.171496,-16.376185,14.171086
0,-16.371007,14.157537,-16.377219,14.163511,-16.373150,14.157282
0,-16.377219,14.163511,-16.377728,14.162488,-16.373150,14.157282
0,-16.375989,14.165912,-16.371704,14.169311,-16.371832,14.169325
0,-16.371662,14.169306,-16.371704,14.169311,-16.375989,14.165912
0,-16.371491,14.169315,-16.371619,14.169309,-16.375989,14.165912
0,-16.371007,14.157537,-16.371164,14.169413,-16.371370,14.169351
0,-16.366615,14.157585,-16.370887,14.169607,-16.371164,14.169413
0,-16.371491,14.169315,-16.375989,14.165912,-16.371007,14.157537
0,-16.370887,14.169607,-16.364461,14.157427,-16.361139,14.171550
0,-16.355395,14.156087,-16.354869,14.156074,-16.359980,14.171638
0,-16.358114,14.173790,-16.343552,14.158506,-16.342627,14.159040
0,-16.364461,14.157427,-16.370887,14.169607,-16.366615,14.157585
0,-16.370485,14.171250,-16.370730,14.169805,-16.361726,14.172093
0,-16.363443,14.174169,-16.364001,14.174660,-16.370472,14.171324
0,-16.374503,14.172034,-16.375290,14.172227,-16.376185,14.171086
0,-16.358054,14.175486,-16.354586,14.187534,-16.358171,14.175677
0,-16.357932,14.175021,-16.353911,14.188015,-16.358054,14.175486
0,-16.357942,14.174352,-16.339599,14.160462,-16.357916,14.174606
0,-16.359966,14.176253,-16.363261,14.177779,-16.360140,14.176103
0,-16.360363,14.175842,-16.362742,14.175782,-16.361581,14.175076
0,-16.364619,14.179796,-16.364132,14.183778,-16.364859,14.179821
0,-16.363351,14.178762,-16.359531,14.176396,-16.359413,14.183818
0,-16.363717,14.179325,-16.360324,14.184076,-16.363845,14.179442
0,-16.366652,14.176012,-16.370243,14.172833,-16.365601,14.175753
0,-16.364619,14.179796,-16.363934,14.183766,-16.364132,14.183778
0,-16.365601,14.175753,-16.370243,14.172833,-16.365590,14.175748
0,-16.364132,14.183778,-16.366640,14.182304,-16.364864,14.179821
0,-16.364864,14.179821,-16.366640,14.182304,-16.365049,14.179819
0,-16.367083,14.180824,-16.366979,14.180498,-16.366872,14.180348
0,-16.365049,14.179819,-16.366640,14.182304,-16.365417,14.179783
0,-16.367083,14.180824,-16.366974,14.181397,-16.367041,14.181255
0,-16.365621,14.179792,-16.366974,14.181397,-16.365907,14.179836
0,-16.366415,14.197620,-16.368017,14.199859,-16.366712,14.197494
0,-16.368548,14.199117,-16.368581,14.198411,-16.367657,14.197464
0,-16.367961,14.205635,-16.364803,14.197595,-16.367710,14.206828
0,-16.367677,14.201192,-16.364929,14.197672,-16.364803,14.197595
0,-16.364929,14.197672,-16.367677,14.201192,-16.365065,14.197739
0,-16.367936,14.197564,-16.367657,14.197464,-16.368067,14.197645
0,-16.368548,14.199117,-16.367460,14.197427,-16.368017,14.199859
0,-16.363798,14.224971,-16.368514,14.220314,-16.363112,14.222367
0,-16.370075,14.223750,-16.369838,14.222660,-16.369807,14.222605
0,-16.364604,14.197431,-16.367639,14.207162,-16.367710,14.206828
0,-16.370168,14.224181,-16.363798,14.224971,-16.366888,14.228096
0,-16.356210,14.239089,-16.357397,14.233258,-16.356080,14.232479
0,-16.363426,14.235239,-16.363397,14.235202,-16.362426,14.237341
0,-16.367437,14.208113,-16.361131,14.194521,-16.360618,14.194237
0,-16.361531,14.222487,-16.363112,14.222367,-16.366218,14.216249
0,-16.366888,14.228096,-16.365185,14.227656,-16.366074,14.228051
0,-16.370075,14.223750,-16.369807,14.222605,-16.363798,14.224971
0,-16.358895,14.222351,-16.365811,14.213273,-16.359125,14.193248
0,-16.362909,14.234575,-16.361457,14.233814,-16.361118,14.237311
0,-16.363763,14.236883,-16.363800,14.236805,-16.363100,14.237373
0,-16.361965,14.237319,-16.363397,14.235202,-16.362909,14.234575
0,-16.355897,14.242899,-16.355477,14.242204,-16.353255,14.246479
0,-16.354580,14.230346,-16.354093,14.240211,-16.355042,14.231376
0,-16.353256,14.246483,-16.353255,14.246479,-16.352944,14.252498
0,-16.357153,14.191657,-16.357639,14.223526,-16.357433,14.191911
0,-16.358418,14.185653,-16.358207,14.186139,-16.358341,14.185924
0,-16.276285,14.175668,-16.354846,14.227881,-16.353911,14.188015
0,-16.358487,14.184053,-16.356034,14.186722,-16.358407,14.184233
0,-16.355550,14.190052,-16.355083,14.189519,-16.357639,14.223526
0,-16.361147,14.185200,-16.361894,14.185610,-16.362105,14.185544
0,-16.367936,14.197564,-16.367878,14.197534,-16.367864,14.197529
0,-16.358418,14.185653,-16.357731,14.186487,-16.358027,14.186319
0,-16.361147,14.185200,-16.361600,14.185603,-16.361894,14.185610
0,-16.363405,14.178885,-16.363405,14.178885,-16.359752,14.183856
0,-16.359971,14.183914,-16.360077,14.183953,-16.363553,14.179133
0,-16.359154,14.176359,-16.359041,14.183827,-16.359362,14.176399
0,-16.356138,14.243445,-16.356099,14.243234,-16.355897,14.242899
0,-16.350064,14.257781,-16.352944,14.252498,-16.349143,14.258427
0,-16.322265,14.269212,-16.348354,14.260234,-16.349073,14.258476
0,-16.369796,14.226811,-16.370153,14.225709,-16.366888,14.228096
0,-16.232074,14.172251,-16.230823,14.172065,-16.260254,14.297492
0,-16.260952,14.179526,-16.232074,14.172251,-16.260254,14.297492
0,-16.250059,14.310872,-16.250963,14.310821,-16.252639,14.310127
0,-16.349143,14.258427,-16.352944,14.252498,-16.349073,14.258476
0,-16.354093,14.240211,-16.354580,14.230346,-16.321500,14.269120
0,-16.250963,14.310834,-16.250963,14.310821,-16.250907,14.310869
0,-16.238850,14.328474,-16.242346,14.328557,-16.244296,14.325492
0,-16.170056,14.361329,-16.171729,14.360927,-16.174425,14.359637
0,-16.182461,14.352163,-16.183270,14.351998,-16.185368,14.350143
0,-16.250059,14.310872,-16.252639,14.310127,-16.260254,14.297492
0,-16.182369,14.352182,-16.185368,14.350143,-16.188049,14.346975
0,-16.201840,14.323982,-16.260254,14.297492,-16.197114,14.322815
0,-16.193949,14.324856,-16.140083,14.314212,-16.138415,14.319351
0,-16.148071,14.361443,-16.136680,14.332678,-16.134820,14.334668
0,-16.163603,14.362460,-16.165493,14.362425,-16.170056,14.361329
0,-16.229534,14.171873,-16.260254,14.297492,-16.230823,14.172065
0,-16.190280,14.342795,-16.138415,14.319351,-16.182369,14.352182
0,-16.123547,14.360756,-16.113492,14.343838,-16.119762,14.362359
0,-16.088536,14.377469,-16.081690,14.370456,-16.083090,14.377494
0,-16.124166,14.267072,-16.128827,14.276062,-16.127333,14.266472
0,-16.132922,14.285037,-16.140583,14.302880,-16.194878,14.323361
0,-16.165149,14.171655,-16.143685,14.184366,-16.172085,14.171021
0,-16.135335,14.248509,-16.197114,14.322815,-16.260254,14.297492
0,-16.132922,14.285037,-16.194878,14.323361,-16.197114,14.322815
0,-16.172085,14.171021,-16.143685,14.184366,-16.136026,14.225847
0,-16.123957,14.266153,-16.123931,14.266620,-16.124163,14.266229
0,-16.165149,14.171655,-16.161753,14.172266,-16.159321,14.173070
0,-16.216373,14.157089,-16.226586,14.169935,-16.220393,14.159804
0,-16.132412,14.177018,-16.131634,14.186519,-16.134860,14.180479
0,-16.129680,14.175918,-16.128237,14.175337,-16.131634,14.186519
0,-16.139061,14.190295,-16.129634,14.211833,-16.130051,14.214182
0,-16.099052,14.194811,-16.096982,14.173280,-16.088249,14.182946
0,-16.088249,14.182946,-16.096982,14.173280,-16.088375,14.180151
0,-16.134860,14.180479,-16.135948,14.178442,-16.135889,14.178419
0,-16.087800,14.363455,-16.096926,14.373659,-16.100539,14.370103
0,-16.131634,14.186519,-16.128237,14.175337,-16.119413,14.172352
0,-16.088375,14.180151,-16.096982,14.173280,-16.087979,14.178901
0,-16.088395,14.173509,-16.086302,14.173604,-16.087979,14.178901
0,-16.278646,14.145551,-16.278512,14.146221,-16.278983,14.145518
0,-16.165149,14.171655,-16.159321,14.173070,-16.143685,14.184366
0,-16.165494,14.169723,-16.165149,14.171655,-16.166177,14.169322
0,-16.159321,14.173070,-16.146343,14.180959,-16.145010,14.182667
0,-16.148943,14.177624,-16.146343,14.180959,-16.149063,14.177510
0,-16.256478,14.167174,-16.246179,14.163711,-16.257293,14.169776
0,-16.229534,14.171873,-16.135335,14.248509,-16.260254,14.297492
0,-16.321500,14.269120,-16.354493,14.228840,-16.354489,14.228717
0,-16.260952,14.179526,-16.260254,14.297492,-16.261383,14.296933
0,-16.316649,14.161193,-16.353911,14.188015,-16.318145,14.161316
0,-16.252714,14.162504,-16.250707,14.161733,-16.246179,14.163711
0,-16.278699,14.147459,-16.283837,14.145997,-16.283257,14.145842
0,-16.258673,14.177975,-16.240343,14.170646,-16.238612,14.171567
0,-16.356175,14.225604,-16.354378,14.188648,-16.353911,14.188015
0,-16.320858,14.269243,-16.354489,14.228717,-16.276285,14.175668
0,-16.339324,14.160538,-16.338956,14.160693,-16.339599,14.160462
0,-16.338177,14.160944,-16.357932,14.175021,-16.357916,14.174606
0,-16.353911,14.188015,-16.357932,14.175021,-16.337059,14.161246
0,-16.350335,14.156334,-16.350738,14.156289,-16.350507,14.156304
0,-16.341136,14.159820,-16.357998,14.174102,-16.341964,14.159422
0,-16.295814,14.155694,-16.295775,14.155662,-16.276751,14.163421
0,-16.307997,14.160640,-16.307161,14.160557,-16.277080,14.174620
0,-16.289809,14.149797,-16.289704,14.149681,-16.275498,14.154308
0,-16.276751,14.163421,-16.292882,14.153043,-16.292628,14.152795
0,-16.278983,14.145518,-16.278512,14.146221,-16.279288,14.145488
0,-16.192183,14.152128,-16.204844,14.148028,-16.202156,14.144653
0,-16.280739,14.145481,-16.280684,14.145475,-16.280388,14.145478
0,-16.378900,14.161747,-16.376333,14.156500,-16.378186,14.162024
0,-16.278699,14.147459,-16.280739,14.145481,-16.280388,14.145478
0,-16.383410,14.158601,-16.378259,14.155849,-16.379872,14.161916
0,-16.380150,14.155091,-16.380139,14.155080,-16.378259,14.155849
0,-16.385568,14.160243,-16.385531,14.162136,-16.385852,14.161440
0,-16.376333,14.156500,-16.378900,14.161747,-16.378259,14.155849
0,-16.381107,14.162921,-16.383736,14.158773,-16.383410,14.158601
0,-16.385003,14.159523,-16.384484,14.162835,-16.385568,14.160243
0,-16.385003,14.159523,-16.383736,14.158773,-16.384484,14.162835
0,-16.385531,14.162136,-16.385568,14.160243,-16.384484,14.162835
0,-16.384484,14.162835,-16.383736,14.158773,-16.381107,14.162921
0,-16.383426,14.163454,-16.384484,14.162835,-16.381107,14.162921
0,-16.375850,14.169353,-16.373444,14.170639,-16.373837,14.171323
0,-16.368520,14.198201,-16.368383,14.197955,-16.368285,14.197847
0,-16.383426,14.163454,-16.381107,14.162921,-16.382455,14.163595
0,-16.376333,14.156500,-16.377728,14.162488,-16.378186,14.162024
0,-16.376333,14.156500,-16.373150,14.157282,-16.377728,14.162488
0,-16.375989,14.165912,-16.376288,14.165332,-16.371007,14.157537
0,-16.376087,14.171728,-16.376185,14.171086,-16.375290,14.172227
0,-16.373837,14.171323,-16.374503,14.172034,-16.376185,14.171086
0,-16.375628,14.172156,-16.376087,14.171728,-16.375290,14.172227
0,-16.375290,14.172227,-16.374503,14.172034,-16.374937,14.172226
0,-16.361726,14.172093,-16.362016,14.172658,-16.370485,14.171250
0,-16.370485,14.171250,-16.362016,14.172658,-16.363443,14.174169
0,-16.376185,14.171086,-16.375850,14.169353,-16.373837,14.171323
0,-16.375850,14.169353,-16.373236,14.170374,-16.373444,14.170639
0,-16.375850,14.169353,-16.372633,14.169786,-16.373236,14.170374
0,-16.375808,14.166909,-16.371832,14.169325,-16.371997,14.169370
0,-16.376288,14.165332,-16.377219,14.163511,-16.371007,14.157537
0,-16.375749,14.167977,-16.372633,14.169786,-16.375850,14.169353
0,-16.375740,14.167855,-16.372221,14.169491,-16.372633,14.169786
0,-16.375740,14.167855,-16.371997,14.169370,-16.372221,14.169491
0,-16.375989,14.165912,-16.371832,14.169325,-16.375808,14.166909
0,-16.375808,14.166909,-16.371997,14.169370,-16.375740,14.167855
0,-16.371007,14.157537,-16.366615,14.157585,-16.371164,14.169413
0,-16.371619,14.169309,-16.371662,14.169306,-16.375989,14.165912
0,-16.361139,14.171550,-16.364461,14.157427,-16.360824,14.171404
0,-16.355396,14.156083,-16.355395,14.156087,-16.357345,14.156210
0,-16.359743,14.156533,-16.357345,14.156210,-16.360388,14.171473
0,-16.358870,14.172636,-16.350738,14.156289,-16.350335,14.156334
0,-16.358870,14.172636,-16.350335,14.156334,-16.347768,14.156783
0,-16.354869,14.156074,-16.359621,14.171891,-16.359980,14.171638
0,-16.354206,14.156057,-16.353281,14.156119,-16.354869,14.156074
0,-16.359322,14.172172,-16.353281,14.156119,-16.350738,14.156289
0,-16.359621,14.171891,-16.354869,14.156074,-16.353281,14.156119
0,-16.358402,14.173268,-16.347768,14.156783,-16.344082,14.158201
0,-16.344082,14.158201,-16.347768,14.156783,-16.345088,14.157510
0,-16.343552,14.158506,-16.358114,14.173790,-16.358402,14.173268
0,-16.342627,14.159040,-16.341964,14.159422,-16.358114,14.173790
0,-16.337059,14.161246,-16.357932,14.175021,-16.338177,14.160944
0,-16.336687,14.161337,-16.353911,14.188015,-16.337059,14.161246
0,-16.357998,14.174102,-16.358114,14.173790,-16.341964,14.159422
0,-16.357942,14.174352,-16.340106,14.160265,-16.339599,14.160462
0,-16.357942,14.174352,-16.341136,14.159820,-16.340106,14.160265
0,-16.338956,14.160693,-16.338414,14.160849,-16.338177,14.160944
0,-16.364461,14.157427,-16.359743,14.156533,-16.360824,14.171404
0,-16.359743,14.156533,-16.360388,14.171473,-16.360824,14.171404
0,-16.353911,14.188015,-16.336687,14.161337,-16.336519,14.161377
0,-16.353911,14.188015,-16.354586,14.187534,-16.358054,14.175486
0,-16.333314,14.161873,-16.353911,14.188015,-16.333425,14.161862
0,-16.358402,14.173268,-16.344082,14.158201,-16.343552,14.158506
0,-16.357942,14.174352,-16.357998,14.174102,-16.341136,14.159820
0,-16.357345,14.156210,-16.359980,14.171638,-16.360388,14.171473
0,-16.357345,14.156210,-16.355395,14.156087,-16.359980,14.171638
0,-16.358870,14.172636,-16.359322,14.172172,-16.350738,14.156289
0,-16.358870,14.172636,-16.347768,14.156783,-16.358402,14.173268
0,-16.362762,14.173677,-16.363443,14.174169,-16.362016,14.172658
0,-16.360420,14.175724,-16.360363,14.175842,-16.360566,14.175526
0,-16.364001,14.174660,-16.364514,14.175125,-16.370243,14.172833
0,-16.370730,14.169805,-16.361505,14.171830,-16.361726,14.172093
0,-16.370730,14.169805,-16.361331,14.171679,-16.361505,14.171830
0,-16.370730,14.169805,-16.370887,14.169607,-16.361139,14.171550
0,-16.361331,14.171679,-16.370730,14.169805,-16.361139,14.171550
0,-16.364001,14.174660,-16.370243,14.172833,-16.370472,14.171324
0,-16.362201,14.173001,-16.362762,14.173677,-16.362016,14.172658
0,-16.365601,14.175753,-16.365969,14.175885,-16.366652,14.176012
0,-16.366652,14.176012,-16.365969,14.175885,-16.366290,14.175968
0,-16.365058,14.175495,-16.365590,14.175748,-16.370243,14.172833
0,-16.370485,14.171250,-16.363443,14.174169,-16.370472,14.171324
0,-16.361866,14.175110,-16.361581,14.175076,-16.362742,14.175782
0,-16.361295,14.175104,-16.360363,14.175842,-16.361581,14.175076
0,-16.361866,14.175110,-16.362742,14.175782,-16.362221,14.175246
0,-16.362221,14.175246,-16.362742,14.175782,-16.362522,14.175477
0,-16.362742,14.175782,-16.360363,14.175842,-16.363228,14.177010
0,-16.360363,14.175842,-16.360140,14.176103,-16.363228,14.177010
0,-16.360936,14.175233,-16.360363,14.175842,-16.361295,14.175104
0,-16.360775,14.175334,-16.360363,14.175842,-16.360936,14.175233
0,-16.360566,14.175526,-16.360363,14.175842,-16.360775,14.175334
0,-16.360140,14.176103,-16.363261,14.177779,-16.363262,14.177523
0,-16.363247,14.178286,-16.359775,14.176381,-16.363264,14.178427
0,-16.358487,14.184053,-16.358750,14.176205,-16.358561,14.176080
0,-16.358487,14.184053,-16.358709,14.183922,-16.358750,14.176205
0,-16.358318,14.175862,-16.358487,14.184053,-16.358415,14.175956
0,-16.358954,14.176306,-16.359041,14.183827,-16.359154,14.176359
0,-16.358750,14.176205,-16.358709,14.183922,-16.358954,14.176306
0,-16.359362,14.176399,-16.359041,14.183827,-16.359413,14.183818
0,-16.360140,14.176103,-16.363262,14.177523,-16.363228,14.177010
0,-16.363243,14.178022,-16.359775,14.176381,-16.363247,14.178286
0,-16.359966,14.176253,-16.363243,14.178022,-16.363261,14.177779
0,-16.359966,14.176253,-16.359775,14.176381,-16.363243,14.178022
0,-16.358954,14.176306,-16.358709,14.183922,-16.359041,14.183827
0,-16.358561,14.176080,-16.358415,14.175956,-16.358487,14.184053
0,-16.358171,14.175677,-16.358487,14.184053,-16.358318,14.175862
0,-16.363469,14.179004,-16.359971,14.183914,-16.363545,14.179122
0,-16.358320,14.184692,-16.358334,14.184441,-16.356278,14.186625
0,-16.363351,14.178762,-16.359413,14.183818,-16.359752,14.183856
0,-16.363405,14.178885,-16.363351,14.178762,-16.359752,14.183856
0,-16.359531,14.176396,-16.359362,14.176399,-16.359413,14.183818
0,-16.363845,14.179442,-16.363517,14.183945,-16.363742,14.183811
0,-16.359971,14.183914,-16.363469,14.179004,-16.359752,14.183856
0,-16.363469,14.179004,-16.363405,14.178885,-16.359752,14.183856
0,-16.359775,14.176381,-16.359531,14.176396,-16.363351,14.178762
0,-16.359775,14.176381,-16.363288,14.178561,-16.363264,14.178427
0,-16.359775,14.176381,-16.363351,14.178762,-16.363288,14.178561
0,-16.360324,14.184076,-16.363717,14.179325,-16.360077,14.183953
0,-16.363618,14.179217,-16.363553,14.179133,-16.360077,14.183953
0,-16.363742,14.183811,-16.364075,14.179598,-16.363845,14.179442
0,-16.363742,14.183811,-16.363934,14.183766,-16.364208,14.179668
0,-16.364132,14.183778,-16.364864,14.179821,-16.364859,14.179821
0,-16.363618,14.179217,-16.360077,14.183953,-16.363717,14.179325
0,-16.364470,14.183947,-16.366092,14.183775,-16.366288,14.183250
0,-16.364329,14.183877,-16.366288,14.183250,-16.364132,14.183778
0,-16.364671,14.184243,-16.366092,14.183775,-16.364470,14.183947
0,-16.365324,14.184700,-16.365426,14.184699,-16.365688,14.184557
0,-16.366479,14.180058,-16.366974,14.181397,-16.366620,14.180142
0,-16.366282,14.179960,-16.366974,14.181397,-16.366479,14.180058
0,-16.366093,14.179888,-16.366974,14.181397,-16.366282,14.179960
0,-16.365907,14.179836,-16.366974,14.181397,-16.366093,14.179888
0,-16.364462,14.179759,-16.363934,14.183766,-16.364619,14.179796
0,-16.364208,14.179668,-16.363934,14.183766,-16.364462,14.179759
0,-16.364075,14.179598,-16.363742,14.183811,-16.364208,14.179668
0,-16.364514,14.175125,-16.365058,14.175495,-16.370243,14.172833
0,-16.365351,14.175648,-16.365590,14.175748,-16.365058,14.175495
0,-16.367111,14.176056,-16.370086,14.174120,-16.370243,14.172833
0,-16.370042,14.174527,-16.370086,14.174120,-16.367886,14.176226
0,-16.365417,14.179783,-16.366974,14.181397,-16.365621,14.179792
0,-16.365049,14.179819,-16.365417,14.179783,-16.365271,14.179785
0,-16.369920,14.175645,-16.370042,14.174527,-16.368080,14.176286
0,-16.366936,14.176039,-16.367111,14.176056,-16.370243,14.172833
0,-16.367886,14.176226,-16.370086,14.174120,-16.367111,14.176056
0,-16.366652,14.176012,-16.366936,14.176039,-16.370243,14.172833
0,-16.367886,14.176226,-16.368080,14.176286,-16.370042,14.174527
0,-16.368080,14.176286,-16.368588,14.176466,-16.369920,14.175645
0,-16.369427,14.176290,-16.369604,14.176153,-16.369798,14.175907
0,-16.369798,14.175907,-16.369920,14.175645,-16.368588,14.176466
0,-16.369427,14.176290,-16.369798,14.175907,-16.368588,14.176466
0,-16.369427,14.176290,-16.369046,14.176453,-16.369221,14.176398
0,-16.369427,14.176290,-16.368864,14.176479,-16.369046,14.176453
0,-16.367083,14.180824,-16.366620,14.180142,-16.366974,14.181397
0,-16.369427,14.176290,-16.368588,14.176466,-16.368864,14.176479
0,-16.366719,14.180205,-16.366620,14.180142,-16.366872,14.180348
0,-16.367083,14.180824,-16.367041,14.181255,-16.367092,14.181026
0,-16.366974,14.181397,-16.365417,14.179783,-16.366640,14.182304
0,-16.366872,14.180348,-16.366620,14.180142,-16.367083,14.180824
0,-16.367044,14.180641,-16.366979,14.180498,-16.367083,14.180824
0,-16.364926,14.184490,-16.365688,14.184557,-16.366092,14.183775
0,-16.365688,14.184557,-16.365426,14.184699,-16.365571,14.184652
0,-16.364926,14.184490,-16.365091,14.184605,-16.365688,14.184557
0,-16.365688,14.184557,-16.365091,14.184605,-16.365324,14.184700
0,-16.364248,14.196771,-16.364232,14.196705,-16.362609,14.195308
0,-16.364671,14.184243,-16.364926,14.184490,-16.366092,14.183775
0,-16.360324,14.184076,-16.360563,14.184237,-16.363517,14.183945
0,-16.360804,14.184471,-16.362809,14.184741,-16.363134,14.184296
0,-16.361051,14.184842,-16.362437,14.185303,-16.362640,14.185074
0,-16.362809,14.184741,-16.361051,14.184842,-16.362640,14.185074
0,-16.362749,14.184901,-16.362809,14.184741,-16.362640,14.185074
0,-16.362809,14.184741,-16.360804,14.184471,-16.361051,14.184842
0,-16.361330,14.185491,-16.361600,14.185603,-16.361147,14.185200
0,-16.367136,14.197416,-16.366922,14.197442,-16.368017,14.199859
0,-16.362437,14.185303,-16.361051,14.184842,-16.362105,14.185544
0,-16.364514,14.197325,-16.361772,14.194886,-16.361131,14.194521
0,-16.364514,14.197325,-16.364355,14.197077,-16.361772,14.194886
0,-16.364612,14.197437,-16.364604,14.197431,-16.367710,14.206828
0,-16.364514,14.197325,-16.361131,14.194521,-16.367437,14.208113
0,-16.361772,14.194886,-16.364355,14.197077,-16.362609,14.195308
0,-16.364355,14.197077,-16.364251,14.196781,-16.362609,14.195308
0,-16.364251,14.196781,-16.364248,14.196771,-16.362609,14.195308
0,-16.364612,14.197437,-16.367710,14.206828,-16.364803,14.197595
0,-16.365065,14.197739,-16.367677,14.201192,-16.365254,14.197804
0,-16.367677,14.201192,-16.364803,14.197595,-16.367781,14.201542
0,-16.364803,14.197595,-16.367961,14.205635,-16.367925,14.202065
0,-16.368017,14.199859,-16.366415,14.197620,-16.366141,14.197758
0,-16.368017,14.199859,-16.365956,14.197814,-16.365808,14.197840
0,-16.368017,14.199859,-16.366141,14.197758,-16.365956,14.197814
0,-16.368017,14.199859,-16.367460,14.197427,-16.367136,14.197416
0,-16.366922,14.197442,-16.366712,14.197494,-16.368017,14.199859
0,-16.368548,14.199117,-16.367657,14.197464,-16.367460,14.197427
0,-16.367657,14.197464,-16.367651,14.197462,-16.367460,14.197427
0,-16.368067,14.197645,-16.367657,14.197464,-16.368285,14.197847
0,-16.367936,14.197564,-16.367864,14.197529,-16.367657,14.197464
0,-16.368285,14.197847,-16.367657,14.197464,-16.368581,14.198411
0,-16.368581,14.198411,-16.368520,14.198201,-16.368285,14.197847
0,-16.368194,14.197744,-16.368067,14.197645,-16.368285,14.197847
0,-16.367677,14.201192,-16.367664,14.200764,-16.365254,14.197804
0,-16.368581,14.198411,-16.368548,14.199117,-16.368619,14.198750
0,-16.368237,14.202535,-16.367925,14.202065,-16.368372,14.202985
0,-16.367781,14.201542,-16.364803,14.197595,-16.367925,14.202065
0,-16.370075,14.223750,-16.363798,14.224971,-16.370168,14.224181
0,-16.370168,14.224181,-16.366888,14.228096,-16.370153,14.225709
0,-16.369796,14.226811,-16.366888,14.228096,-16.368894,14.227748
0,-16.368894,14.227748,-16.366888,14.228096,-16.367808,14.228184
0,-16.363798,14.224971,-16.369807,14.222605,-16.368514,14.220314
0,-16.368372,14.202985,-16.367925,14.202065,-16.368320,14.203853
0,-16.362426,14.237341,-16.363896,14.236316,-16.363885,14.236131
0,-16.363426,14.235239,-16.363885,14.236131,-16.363881,14.236059
0,-16.363100,14.237373,-16.363800,14.236805,-16.363896,14.236316
0,-16.363788,14.236864,-16.363800,14.236805,-16.363763,14.236883
0,-16.363100,14.237373,-16.363896,14.236316,-16.362426,14.237341
0,-16.363397,14.235202,-16.361965,14.237319,-16.362426,14.237341
0,-16.362909,14.234575,-16.361118,14.237311,-16.361965,14.237319
0,-16.361457,14.233814,-16.360488,14.233695,-16.361118,14.237311
0,-16.366888,14.228096,-16.364412,14.226873,-16.365185,14.227656
0,-16.366888,14.228096,-16.363798,14.224971,-16.364412,14.226873
0,-16.368514,14.220314,-16.366218,14.216249,-16.363112,14.222367
0,-16.360261,14.222331,-16.365833,14.213459,-16.358895,14.222351
0,-16.358895,14.222351,-16.365809,14.213286,-16.365811,14.213273
0,-16.368017,14.199859,-16.365808,14.197840,-16.367664,14.200764
0,-16.367639,14.207162,-16.364604,14.197431,-16.367437,14.208113
0,-16.365811,14.213273,-16.365809,14.213286,-16.365812,14.213278
0,-16.367664,14.200764,-16.365808,14.197840,-16.365651,14.197852
0,-16.367664,14.200764,-16.365451,14.197842,-16.365254,14.197804
0,-16.367664,14.200764,-16.365651,14.197852,-16.365451,14.197842
0,-16.354678,14.189035,-16.356175,14.225604,-16.355083,14.189519
0,-16.354093,14.240211,-16.354529,14.239824,-16.355042,14.231376
0,-16.354529,14.239824,-16.354609,14.239788,-16.356080,14.232479
0,-16.354678,14.189035,-16.354378,14.188648,-16.356175,14.225604
0,-16.360060,14.237540,-16.358883,14.233649,-16.358564,14.238059
0,-16.358564,14.238059,-16.357397,14.233258,-16.356210,14.239089
0,-16.360215,14.237486,-16.361118,14.237311,-16.360488,14.233695
0,-16.360488,14.233695,-16.358883,14.233649,-16.360215,14.237486
0,-16.358564,14.238059,-16.358883,14.233649,-16.357397,14.233258
0,-16.360060,14.237540,-16.360215,14.237486,-16.358883,14.233649
0,-16.356138,14.243445,-16.355897,14.242899,-16.356153,14.243526
0,-16.356297,14.244497,-16.356153,14.243526,-16.356095,14.245053
0,-16.356297,14.244497,-16.356095,14.245053,-16.356311,14.244588
0,-16.353834,14.248000,-16.353830,14.247989,-16.352944,14.252498
0,-16.353255,14.246479,-16.356153,14.243526,-16.355897,14.242899
0,-16.356095,14.245053,-16.355822,14.245642,-16.355888,14.245620
0,-16.356095,14.245053,-16.356153,14.243526,-16.353255,14.246479
0,-16.355226,14.241883,-16.353255,14.246479,-16.355477,14.242204
0,-16.353255,14.246479,-16.355822,14.245642,-16.356095,14.245053
0,-16.353834,14.247968,-16.353256,14.246483,-16.353830,14.247989
0,-16.353255,14.246479,-16.321500,14.269120,-16.322265,14.269212
0,-16.354093,14.240211,-16.321500,14.269120,-16.353255,14.246479
0,-16.353830,14.247989,-16.353256,14.246483,-16.352944,14.252498
0,-16.347155,14.267637,-16.339099,14.271926,-16.342332,14.271908
0,-16.339099,14.271926,-16.347155,14.267637,-16.335522,14.270929
0,-16.349143,14.258427,-16.349216,14.258409,-16.350064,14.257781
0,-16.353255,14.246479,-16.322265,14.269212,-16.349073,14.258476
0,-16.335522,14.270929,-16.347155,14.267637,-16.348354,14.260234
0,-16.354313,14.241085,-16.354265,14.240950,-16.353255,14.246479
0,-16.353255,14.246479,-16.354131,14.240573,-16.354093,14.240211
0,-16.353255,14.246479,-16.354265,14.240950,-16.354131,14.240573
0,-16.355042,14.231376,-16.354529,14.239824,-16.356080,14.232479
0,-16.353255,14.246479,-16.354340,14.241163,-16.354313,14.241085
0,-16.353255,14.246479,-16.355226,14.241883,-16.354340,14.241163
0,-16.356080,14.232479,-16.354609,14.239788,-16.356210,14.239089
0,-16.354572,14.230234,-16.321500,14.269120,-16.354580,14.230346
0,-16.354519,14.229570,-16.321500,14.269120,-16.354572,14.230234
0,-16.354493,14.228840,-16.321500,14.269120,-16.354519,14.229570
0,-16.276285,14.175668,-16.354489,14.228717,-16.354846,14.227881
0,-16.357639,14.223526,-16.356341,14.190885,-16.356294,14.190839
0,-16.357639,14.223526,-16.356294,14.190839,-16.355733,14.190250
0,-16.357639,14.223526,-16.355600,14.190110,-16.355550,14.190052
0,-16.357639,14.223526,-16.355733,14.190250,-16.355600,14.190110
0,-16.356614,14.191147,-16.357639,14.223526,-16.356984,14.191504
0,-16.356341,14.190885,-16.357639,14.223526,-16.356614,14.191147
0,-16.358895,14.222351,-16.357624,14.192068,-16.357433,14.191911
0,-16.357108,14.191616,-16.357639,14.223526,-16.357153,14.191657
0,-16.356984,14.191504,-16.357639,14.223526,-16.357108,14.191616
0,-16.365811,14.213273,-16.367045,14.209951,-16.360618,14.194237
0,-16.365809,14.213286,-16.358895,14.222351,-16.365833,14.213459
0,-16.365811,14.213273,-16.360618,14.194237,-16.360129,14.193928
0,-16.367045,14.209951,-16.367437,14.208113,-16.360618,14.194237
0,-16.365833,14.213459,-16.360261,14.222331,-16.366218,14.216249
0,-16.365811,14.213273,-16.360129,14.193928,-16.359613,14.193580
0,-16.358895,14.222351,-16.359125,14.193248,-16.359099,14.193228
0,-16.365811,14.213273,-16.359613,14.193580,-16.359125,14.193248
0,-16.359099,14.193228,-16.358219,14.192556,-16.358895,14.222351
0,-16.358219,14.192556,-16.358213,14.192552,-16.358895,14.222351
0,-16.358213,14.192552,-16.358166,14.192513,-16.358895,14.222351
0,-16.358418,14.185653,-16.358027,14.186319,-16.358207,14.186139
0,-16.363134,14.184296,-16.360563,14.184237,-16.360804,14.184471
0,-16.363134,14.184296,-16.363517,14.183945,-16.360563,14.184237
0,-16.358418,14.185653,-16.358434,14.185423,-16.357731,14.186487
0,-16.355847,14.186903,-16.355102,14.187326,-16.355310,14.187261
0,-16.358434,14.185423,-16.358320,14.184692,-16.357300,14.186591
0,-16.357300,14.186591,-16.358320,14.184692,-16.356704,14.186653
0,-16.356704,14.186653,-16.358320,14.184692,-16.356278,14.186625
0,-16.358334,14.184441,-16.356034,14.186722,-16.356278,14.186625
0,-16.358487,14.184053,-16.358171,14.175677,-16.356034,14.186722
0,-16.355436,14.187221,-16.355847,14.186903,-16.355310,14.187261
0,-16.355436,14.187221,-16.355579,14.187157,-16.355847,14.186903
0,-16.356175,14.225604,-16.353911,14.188015,-16.354846,14.227881
0,-16.353911,14.188015,-16.336519,14.161377,-16.333425,14.161862
0,-16.355102,14.187326,-16.356034,14.186722,-16.354586,14.187534
0,-16.333105,14.161892,-16.353911,14.188015,-16.333314,14.161873
0,-16.332879,14.271234,-16.348354,14.260234,-16.322265,14.269212
0,-16.354489,14.228717,-16.321428,14.269134,-16.321500,14.269120
0,-16.335522,14.270929,-16.348354,14.260234,-16.332879,14.271234
0,-16.322265,14.269212,-16.321500,14.269120,-16.322057,14.269273
0,-16.354489,14.228717,-16.320858,14.269243,-16.321428,14.269134
0,-16.268024,14.178838,-16.306942,14.277863,-16.309762,14.276295
0,-16.316293,14.273359,-16.320113,14.270401,-16.315991,14.273395
0,-16.318795,14.272799,-16.319264,14.272662,-16.319975,14.271355
0,-16.318795,14.272799,-16.319975,14.271355,-16.320113,14.270401
0,-16.319264,14.272662,-16.319855,14.272234,-16.319975,14.271355
0,-16.318795,14.272799,-16.320113,14.270401,-16.317274,14.273243
0,-16.317274,14.273243,-16.320113,14.270401,-16.316293,14.273359
0,-16.143685,14.184366,-16.139062,14.190295,-16.136026,14.225847
0,-16.136026,14.225847,-16.139061,14.190295,-16.130051,14.214182
0,-16.311373,14.275418,-16.268024,14.178838,-16.309762,14.276295
0,-16.306942,14.277863,-16.268024,14.178838,-16.263890,14.179771
0,-16.320858,14.269243,-16.313094,14.274434,-16.315991,14.273395
0,-16.320858,14.269243,-16.272690,14.177381,-16.313094,14.274434
0,-16.313094,14.274434,-16.268024,14.178838,-16.311373,14.275418
0,-16.311662,14.275269,-16.313094,14.274434,-16.311373,14.275418
0,-16.282173,14.296222,-16.289676,14.292989,-16.292135,14.291031
0,-16.263890,14.179771,-16.306045,14.278491,-16.306942,14.277863
0,-16.286169,14.297489,-16.286639,14.296915,-16.282173,14.296222
0,-16.286639,14.296915,-16.289676,14.292989,-16.282173,14.296222
0,-16.263890,14.179771,-16.264646,14.295318,-16.305869,14.278614
0,-16.260952,14.179526,-16.261383,14.296933,-16.264646,14.295318
0,-16.277967,14.302552,-16.282173,14.296222,-16.277211,14.302141
0,-16.292135,14.291031,-16.292378,14.290838,-16.264646,14.295318
0,-16.300176,14.287959,-16.300944,14.287676,-16.304982,14.281604
0,-16.300944,14.287676,-16.304234,14.285274,-16.304982,14.281604
0,-16.300844,14.287731,-16.300944,14.287676,-16.300176,14.287959
0,-16.292378,14.290838,-16.305869,14.278614,-16.264646,14.295318
0,-16.292378,14.290838,-16.300176,14.287959,-16.305515,14.279305
0,-16.292378,14.290838,-16.305515,14.279305,-16.305869,14.278614
0,-16.300176,14.287959,-16.304982,14.281604,-16.305515,14.279305
0,-16.300944,14.287676,-16.303571,14.286224,-16.304234,14.285274
0,-16.304982,14.281604,-16.304234,14.285274,-16.304896,14.284293
0,-16.304896,14.284293,-16.304234,14.285274,-16.304895,14.284327
0,-16.214365,14.326670,-16.250059,14.310872,-16.214244,14.326654
0,-16.250059,14.310872,-16.214365,14.326670,-16.218141,14.327174
0,-16.224232,14.327279,-16.250059,14.310872,-16.218141,14.327174
0,-16.250059,14.310872,-16.201840,14.323982,-16.214244,14.326654
0,-16.230720,14.327717,-16.244296,14.325492,-16.250059,14.310872
0,-16.250059,14.310872,-16.244296,14.325492,-16.248437,14.322808
0,-16.250963,14.310821,-16.250059,14.310872,-16.250795,14.310897
0,-16.260254,14.297492,-16.201840,14.323982,-16.250059,14.310872
0,-16.250795,14.310897,-16.250907,14.310869,-16.250963,14.310821
0,-16.250059,14.310872,-16.251727,14.320675,-16.252315,14.320263
0,-16.244651,14.325798,-16.246644,14.327531,-16.246768,14.327448
0,-16.244296,14.325492,-16.242346,14.328557,-16.244651,14.325798
0,-16.230720,14.327717,-16.238850,14.328474,-16.244296,14.325492
0,-16.232458,14.328374,-16.238850,14.328474,-16.230720,14.327717
0,-16.230720,14.327717,-16.250059,14.310872,-16.226025,14.327400
0,-16.226025,14.327400,-16.250059,14.310872,-16.224232,14.327279
0,-16.201840,14.323982,-16.206347,14.325652,-16.214244,14.326654
0,-16.201840,14.323982,-16.204343,14.325397,-16.206347,14.325652
0,-16.132917,14.256487,-16.197114,14.322815,-16.135335,14.248509
0,-16.185368,14.350143,-16.182369,14.352182,-16.182461,14.352163
0,-16.138415,14.319351,-16.193322,14.334876,-16.193949,14.324856
0,-16.182417,14.352839,-16.181558,14.355540,-16.182476,14.353650
0,-16.182369,14.352182,-16.177891,14.357646,-16.178620,14.357227
0,-16.150481,14.362395,-16.155321,14.362369,-16.148071,14.361443
0,-16.150481,14.362395,-16.148071,14.361443,-16.147955,14.363158
0,-16.182369,14.352182,-16.174425,14.359637,-16.177891,14.357646
0,-16.155321,14.362369,-16.136680,14.332678,-16.148071,14.361443
0,-16.188049,14.346975,-16.185368,14.350143,-16.186773,14.348900
0,-16.189637,14.344580,-16.190280,14.342795,-16.188049,14.346975
0,-16.193949,14.324856,-16.194878,14.323361,-16.140742,14.306093
0,-16.193949,14.324856,-16.193949,14.324856,-16.140742,14.306093
0,-16.140083,14.314212,-16.139390,14.315705,-16.138415,14.319351
0,-16.190280,14.342795,-16.191988,14.339519,-16.193322,14.334876
0,-16.193949,14.324856,-16.140085,14.313989,-16.140083,14.314212
0,-16.140102,14.311731,-16.193949,14.324856,-16.140742,14.306093
0,-16.137275,14.300335,-16.140583,14.302880,-16.132924,14.285083
0,-16.140742,14.306093,-16.194878,14.323361,-16.140583,14.302880
0,-16.140085,14.313989,-16.193949,14.324856,-16.140102,14.311731
0,-16.182369,14.352182,-16.138415,14.319351,-16.136680,14.332678
0,-16.133296,14.296798,-16.137275,14.300335,-16.132924,14.285083
0,-16.133284,14.298546,-16.133283,14.298695,-16.137275,14.300335
0,-16.182369,14.352182,-16.136680,14.332678,-16.163603,14.362460
0,-16.136680,14.332678,-16.155321,14.362369,-16.163603,14.362460
0,-16.138415,14.319351,-16.190280,14.342795,-16.193322,14.334876
0,-16.136612,14.324232,-16.136680,14.332678,-16.138415,14.319351
0,-16.134820,14.334668,-16.144871,14.361607,-16.148071,14.361443
0,-16.125773,14.335491,-16.130795,14.338166,-16.128375,14.333295
0,-16.141822,14.361473,-16.144871,14.361607,-16.134820,14.334668
0,-16.118728,14.340228,-16.126120,14.360805,-16.130795,14.338166
0,-16.130795,14.338166,-16.137249,14.361346,-16.141822,14.361473
0,-16.130795,14.338166,-16.133438,14.361067,-16.137249,14.361346
0,-16.130795,14.338166,-16.126120,14.360805,-16.133438,14.361067
0,-16.118728,14.340228,-16.130795,14.338166,-16.125773,14.335491
0,-16.118728,14.340228,-16.123814,14.360636,-16.126120,14.360805
0,-16.123814,14.360636,-16.113492,14.343838,-16.123547,14.360756
0,-16.123814,14.360636,-16.118728,14.340228,-16.113492,14.343838
0,-16.105965,14.366914,-16.103350,14.367246,-16.105488,14.367761
0,-16.100909,14.351464,-16.097648,14.355307,-16.105965,14.366914
0,-16.103338,14.367242,-16.094029,14.357559,-16.100539,14.370103
0,-16.083741,14.367987,-16.088536,14.377469,-16.096926,14.373659
0,-16.083741,14.367987,-16.081690,14.370456,-16.088536,14.377469
0,-16.080436,14.371965,-16.080681,14.375105,-16.081690,14.370456
0,-16.087464,14.363830,-16.083741,14.367987,-16.096926,14.373659
0,-16.081690,14.370456,-16.080681,14.375105,-16.083090,14.377494
0,-16.091783,14.358413,-16.087800,14.363455,-16.100539,14.370103
0,-16.087800,14.363455,-16.087464,14.363830,-16.096926,14.373659
0,-16.106878,14.348992,-16.113809,14.363972,-16.119762,14.362359
0,-16.106878,14.348992,-16.100907,14.351457,-16.100909,14.351464
0,-16.105965,14.366914,-16.103338,14.367242,-16.103350,14.367246
0,-16.091783,14.358413,-16.091549,14.358502,-16.087800,14.363455
0,-16.119762,14.362359,-16.113492,14.343838,-16.106878,14.348992
0,-16.113809,14.363972,-16.100909,14.351464,-16.105965,14.366914
0,-16.113809,14.363972,-16.106878,14.348992,-16.100909,14.351464
0,-16.105965,14.366914,-16.097648,14.355307,-16.103338,14.367242
0,-16.097648,14.355307,-16.094029,14.357559,-16.103338,14.367242
0,-16.094029,14.357559,-16.091783,14.358413,-16.100539,14.370103
0,-16.139061,14.190295,-16.136026,14.225847,-16.139062,14.190295
0,-16.124166,14.267072,-16.127333,14.266472,-16.124163,14.266229
0,-16.124166,14.267072,-16.124163,14.266229,-16.123931,14.266620
0,-16.139061,14.190295,-16.124686,14.206124,-16.126957,14.208888
0,-16.127333,14.266472,-16.128827,14.276062,-16.129169,14.264059
0,-16.139034,14.190282,-16.123397,14.203947,-16.124686,14.206124
0,-16.126011,14.208362,-16.126069,14.208460,-16.126957,14.208888
0,-16.128827,14.276062,-16.132885,14.284955,-16.132917,14.256487
0,-16.132924,14.285083,-16.140583,14.302880,-16.132922,14.285037
0,-16.133284,14.298546,-16.137275,14.300335,-16.133296,14.296798
0,-16.132917,14.256487,-16.132922,14.285037,-16.197114,14.322815
0,-16.135164,14.248508,-16.132917,14.256487,-16.135335,14.248509
0,-16.129169,14.264059,-16.128827,14.276062,-16.132917,14.256487
0,-16.132917,14.256487,-16.132885,14.284955,-16.132922,14.285037
0,-16.129485,14.213308,-16.130051,14.214182,-16.129634,14.211833
0,-16.139034,14.190282,-16.122853,14.202636,-16.123397,14.203947
0,-16.124686,14.206124,-16.126011,14.208362,-16.126957,14.208888
0,-16.122853,14.202636,-16.122863,14.203045,-16.122886,14.203085
0,-16.139034,14.190282,-16.124686,14.206124,-16.139061,14.190295
0,-16.123397,14.203947,-16.122853,14.202636,-16.122886,14.203085
0,-16.129634,14.211833,-16.139061,14.190295,-16.126957,14.208888
0,-16.131634,14.186519,-16.122853,14.202636,-16.139034,14.190282
0,-16.121020,14.200865,-16.122853,14.202636,-16.131634,14.186519
0,-16.121020,14.200865,-16.131634,14.186519,-16.118200,14.198906
0,-16.089874,14.193217,-16.099052,14.194811,-16.087927,14.185394
0,-16.103441,14.195223,-16.107439,14.172315,-16.096982,14.173280
0,-16.088174,14.192591,-16.089874,14.193217,-16.088174,14.192589
0,-16.118200,14.198906,-16.131634,14.186519,-16.113903,14.197195
0,-16.103441,14.195223,-16.106302,14.195354,-16.107439,14.172315
0,-16.113903,14.197195,-16.107439,14.172315,-16.106302,14.195354
0,-16.089874,14.193217,-16.087774,14.190685,-16.088174,14.192589
0,-16.088133,14.183831,-16.099052,14.194811,-16.088249,14.182946
0,-16.088375,14.180151,-16.088156,14.182949,-16.088249,14.182946
0,-16.087927,14.185394,-16.099052,14.194811,-16.088133,14.183831
0,-16.107439,14.172315,-16.107438,14.172308,-16.096982,14.173280
0,-16.096982,14.173280,-16.092725,14.171191,-16.088395,14.173509
0,-16.088395,14.173509,-16.090469,14.171140,-16.088392,14.173460
0,-16.197069,14.141813,-16.199738,14.141540,-16.198934,14.141152
0,-16.124900,14.172264,-16.119413,14.172352,-16.128237,14.175337
0,-16.091088,14.171154,-16.090469,14.171140,-16.088395,14.173509
0,-16.119413,14.172352,-16.113903,14.197195,-16.131634,14.186519
0,-16.124903,14.172259,-16.119413,14.172352,-16.124900,14.172264
0,-16.107439,14.172315,-16.113903,14.197195,-16.119413,14.172352
0,-16.090469,14.171140,-16.088310,14.171192,-16.088278,14.171372
0,-16.088331,14.171078,-16.088311,14.171189,-16.090469,14.171140
0,-16.088392,14.173460,-16.090469,14.171140,-16.088278,14.171372
0,-16.088311,14.171189,-16.088310,14.171192,-16.090469,14.171140
0,-16.192183,14.152128,-16.210142,14.152775,-16.207931,14.151008
0,-16.188204,14.157230,-16.211819,14.154116,-16.210142,14.152775
0,-16.096928,14.170938,-16.096123,14.170966,-16.096982,14.173280
0,-16.096123,14.170966,-16.095846,14.170976,-16.096982,14.173280
0,-16.095846,14.170976,-16.092725,14.171191,-16.096982,14.173280
0,-16.092725,14.171191,-16.091088,14.171154,-16.088395,14.173509
0,-16.165149,14.171655,-16.172085,14.171021,-16.168745,14.170133
0,-16.136026,14.225847,-16.135335,14.248509,-16.229534,14.171873
0,-16.166177,14.169322,-16.165149,14.171655,-16.168745,14.170133
0,-16.163678,14.171761,-16.161753,14.172266,-16.165149,14.171655
0,-16.226586,14.169935,-16.184625,14.161805,-16.181043,14.166382
0,-16.173856,14.170846,-16.136026,14.225847,-16.175592,14.170707
0,-16.136026,14.225847,-16.173856,14.170846,-16.172085,14.171021
0,-16.220393,14.159804,-16.224150,14.163694,-16.222804,14.161747
0,-16.216373,14.157089,-16.211819,14.154116,-16.184625,14.161805
0,-16.220393,14.159804,-16.224960,14.165513,-16.224150,14.163694
0,-16.229534,14.171873,-16.175592,14.170707,-16.136026,14.225847
0,-16.226586,14.169935,-16.181043,14.166382,-16.227392,14.170842
0,-16.229534,14.171873,-16.227392,14.170842,-16.175592,14.170707
0,-16.158658,14.172281,-16.156276,14.172936,-16.159321,14.173070
0,-16.145010,14.182667,-16.143685,14.184366,-16.159321,14.173070
0,-16.146343,14.180959,-16.159321,14.173070,-16.149063,14.177510
0,-16.156276,14.172936,-16.158658,14.172281,-16.156627,14.172142
0,-16.135889,14.178419,-16.135440,14.178238,-16.134860,14.180479
0,-16.152528,14.174191,-16.149063,14.177510,-16.153441,14.173886
0,-16.135440,14.178238,-16.132412,14.177018,-16.134860,14.180479
0,-16.149063,14.177510,-16.159321,14.173070,-16.153441,14.173886
0,-16.234285,14.172170,-16.232074,14.172251,-16.260952,14.179526
0,-16.227392,14.170842,-16.177720,14.169264,-16.175592,14.170707
0,-16.220393,14.159804,-16.226586,14.169935,-16.224960,14.165513
0,-16.181043,14.166382,-16.177720,14.169264,-16.227392,14.170842
0,-16.216373,14.157089,-16.184625,14.161805,-16.226586,14.169935
0,-16.258673,14.177975,-16.257860,14.175635,-16.240343,14.170646
0,-16.257293,14.169776,-16.246179,14.163711,-16.241803,14.169074
0,-16.241803,14.169074,-16.257860,14.175635,-16.257293,14.169776
0,-16.241803,14.169074,-16.240343,14.170646,-16.257860,14.175635
0,-16.238612,14.171567,-16.236212,14.172100,-16.258673,14.177975
0,-16.236212,14.172100,-16.234285,14.172170,-16.260952,14.179526
0,-16.260952,14.179526,-16.264646,14.295318,-16.263890,14.179771
0,-16.258673,14.177975,-16.236212,14.172100,-16.260952,14.179526
0,-16.306552,14.160474,-16.277080,14.174620,-16.307161,14.160557
0,-16.272690,14.177381,-16.320858,14.269243,-16.276285,14.175668
0,-16.268024,14.178838,-16.313094,14.274434,-16.272690,14.177381
0,-16.330900,14.161956,-16.353911,14.188015,-16.332130,14.161946
0,-16.329052,14.161884,-16.353911,14.188015,-16.330900,14.161956
0,-16.308710,14.160690,-16.309364,14.160721,-16.308992,14.160699
0,-16.277469,14.172666,-16.297326,14.156929,-16.276751,14.163421
0,-16.327792,14.161831,-16.353911,14.188015,-16.328684,14.161869
0,-16.326810,14.161804,-16.353911,14.188015,-16.327792,14.161831
0,-16.332130,14.161946,-16.353911,14.188015,-16.333105,14.161892
0,-16.328684,14.161869,-16.353911,14.188015,-16.329052,14.161884
0,-16.326045,14.161783,-16.353911,14.188015,-16.326810,14.161804
0,-16.325350,14.161747,-16.353911,14.188015,-16.326045,14.161783
0,-16.322720,14.161611,-16.353911,14.188015,-16.325350,14.161747
0,-16.321213,14.161533,-16.353911,14.188015,-16.322720,14.161611
0,-16.320474,14.161480,-16.353911,14.188015,-16.321213,14.161533
0,-16.309364,14.160721,-16.313980,14.160955,-16.312777,14.160835
0,-16.319135,14.161386,-16.353911,14.188015,-16.320474,14.161480
0,-16.318145,14.161316,-16.353911,14.188015,-16.319135,14.161386
0,-16.313980,14.160955,-16.353911,14.188015,-16.316649,14.161193
0,-16.313980,14.160955,-16.309364,14.160721,-16.276285,14.175668
0,-16.248705,14.161874,-16.246179,14.163711,-16.250707,14.161733
0,-16.276285,14.175668,-16.309364,14.160721,-16.308710,14.160690
0,-16.276285,14.175668,-16.308710,14.160690,-16.277080,14.174620
0,-16.308710,14.160690,-16.307997,14.160640,-16.277080,14.174620
0,-16.296167,14.155994,-16.276751,14.163421,-16.296304,14.156111
0,-16.276751,14.163421,-16.296167,14.155994,-16.295814,14.155694
0,-16.276751,14.163421,-16.295505,14.155442,-16.294556,14.154612
0,-16.276751,14.163421,-16.295775,14.155662,-16.295505,14.155442
0,-16.277469,14.172666,-16.298521,14.157841,-16.298024,14.157468
0,-16.276751,14.163421,-16.297326,14.156929,-16.296847,14.156551
0,-16.277469,14.172666,-16.298024,14.157468,-16.297326,14.156929
0,-16.300403,14.158912,-16.299985,14.158748,-16.277469,14.172666
0,-16.303139,14.159791,-16.277080,14.174620,-16.303256,14.159827
0,-16.277469,14.172666,-16.299487,14.158540,-16.298976,14.158165
0,-16.277469,14.172666,-16.299985,14.158748,-16.299487,14.158540
0,-16.277469,14.172666,-16.298976,14.158165,-16.298521,14.157841
0,-16.304114,14.160037,-16.277080,14.174620,-16.305941,14.160390
0,-16.277080,14.174620,-16.304114,14.160037,-16.303256,14.159827
0,-16.306199,14.160426,-16.277080,14.174620,-16.306552,14.160474
0,-16.305941,14.160390,-16.277080,14.174620,-16.306199,14.160426
0,-16.301323,14.159238,-16.277080,14.174620,-16.303139,14.159791
0,-16.277469,14.172666,-16.277080,14.174620,-16.301323,14.159238
0,-16.300403,14.158912,-16.301147,14.159184,-16.300956,14.159110
0,-16.277469,14.172666,-16.301323,14.159238,-16.301147,14.159184
0,-16.301147,14.159184,-16.300403,14.158912,-16.277469,14.172666
0,-16.276751,14.163421,-16.293085,14.153242,-16.292882,14.153043
0,-16.276751,14.163421,-16.293628,14.153761,-16.293085,14.153242
0,-16.276751,14.163421,-16.294133,14.154228,-16.293923,14.154032
0,-16.276751,14.163421,-16.294556,14.154612,-16.294133,14.154228
0,-16.293628,14.153761,-16.276751,14.163421,-16.293923,14.154032
0,-16.276751,14.163421,-16.292628,14.152795,-16.292462,14.152633
0,-16.291363,14.151507,-16.276751,14.163421,-16.292110,14.152279
0,-16.291134,14.151260,-16.276751,14.163421,-16.291363,14.151507
0,-16.275498,14.154308,-16.276751,14.163421,-16.291134,14.151260
0,-16.275498,14.154308,-16.291134,14.151260,-16.291081,14.151204
0,-16.275498,14.154308,-16.289704,14.149681,-16.288905,14.148837
0,-16.275498,14.154308,-16.291081,14.151204,-16.290813,14.150915
0,-16.275498,14.154308,-16.290813,14.150915,-16.290542,14.150623
0,-16.275498,14.154308,-16.290304,14.150358,-16.289958,14.149967
0,-16.275498,14.154308,-16.290542,14.150623,-16.290304,14.150358
0,-16.275498,14.154308,-16.288905,14.148837,-16.288686,14.148644
0,-16.275498,14.154308,-16.288686,14.148644,-16.288342,14.148354
0,-16.275498,14.154308,-16.288342,14.148354,-16.287804,14.147941
0,-16.275498,14.154308,-16.287804,14.147941,-16.287188,14.147532
0,-16.278699,14.147459,-16.285949,14.146832,-16.285355,14.146549
0,-16.278699,14.147459,-16.281931,14.145593,-16.280739,14.145481
0,-16.278512,14.146221,-16.279398,14.145487,-16.279288,14.145488
0,-16.278699,14.147459,-16.280388,14.145478,-16.279398,14.145487
0,-16.287188,14.147532,-16.286842,14.147308,-16.275498,14.154308
0,-16.285355,14.146549,-16.285949,14.146832,-16.285942,14.146828
0,-16.278699,14.147459,-16.283257,14.145842,-16.283216,14.145831
0,-16.283837,14.145997,-16.283598,14.145856,-16.283257,14.145842
0,-16.278699,14.147459,-16.283216,14.145831,-16.282647,14.145707
0,-16.286842,14.147308,-16.286233,14.146967,-16.285949,14.146832
0,-16.278699,14.147459,-16.285355,14.146549,-16.285182,14.146475
0,-16.275498,14.154308,-16.286842,14.147308,-16.285949,14.146832
0,-16.278699,14.147459,-16.285182,14.146475,-16.284421,14.146183
0,-16.284421,14.146183,-16.284352,14.146156,-16.283837,14.145997
0,-16.278699,14.147459,-16.284421,14.146183,-16.283837,14.145997
0,-16.284352,14.146156,-16.284141,14.146076,-16.283837,14.145997
0,-16.285949,14.146832,-16.278699,14.147459,-16.275498,14.154308
0,-16.275348,14.151311,-16.277732,14.147913,-16.276138,14.149223
0,-16.275498,14.154308,-16.278699,14.147459,-16.275348,14.151311
0,-16.192183,14.152128,-16.207931,14.151008,-16.204844,14.148028
0,-16.199738,14.141540,-16.196010,14.143511,-16.202156,14.144653
0,-16.197733,14.141289,-16.197069,14.141813,-16.198934,14.141152
0,-16.184625,14.161805,-16.211819,14.154116,-16.188204,14.157230
0,-16.196010,14.143511,-16.199738,14.141540,-16.197069,14.141813
0,-16.188204,14.157230,-16.210142,14.152775,-16.192183,14.152128
0,-16.278646,14.145551,-16.278373,14.145578,-16.278385,14.145638
0,-16.275348,14.151311,-16.278699,14.147459,-16.277732,14.147913
0,-16.282647,14.145707,-16.281931,14.145593,-16.278699,14.147459
0,-16.278512,14.146221,-16.278646,14.145551,-16.278385,14.145638
0,-16.278699,14.147459,-16.279398,14.145487,-16.278512,14.146221
0,-16.196010,14.143511,-16.192183,14.152128,-16.202156,14.144653
