120,3,38,25,62,
0,-14.840329,14.664603,-14.847634,14.657060,-14.835962,14.641268
0,-14.737694,15.132467,-14.789343,15.012270,-14.691118,15.139666
0,-14.609013,15.150735,-14.593227,15.169432,-14.609029,15.150736
0,-14.732036,15.419272,-14.730791,15.418664,-14.742376,15.477533
0,-14.651739,15.377943,-14.727218,15.501181,-14.652971,15.378588
0,-14.559425,15.363581,-14.645578,15.374727,-14.644346,15.374086
0,-14.727296,15.500013,-14.670211,15.387630,-14.668980,15.386984
0,-14.442067,15.563297,-14.727558,15.503588,-14.439489,15.518824
0,-14.800196,14.616203,-14.793868,14.612802,-14.822582,14.686440
0,-14.835934,14.669140,-14.839045,14.665929,-14.835962,14.641268
0,-14.732289,14.583081,-14.731500,14.582723,-14.726762,14.583156
0,-14.539083,15.223602,-14.541731,15.214579,-14.356188,15.382207
0,-14.811301,14.732978,-14.782268,14.773149,-14.811094,14.734355
0,-14.803584,14.618334,-14.825921,14.682115,-14.826128,14.681846
0,-14.835243,14.670036,-14.835962,14.641268,-14.826210,14.681740
0,-14.816004,14.703911,-14.816735,14.699893,-14.712387,14.592604
0,-14.783589,14.772490,-14.810877,14.735726,-14.811094,14.734355
0,-14.650285,14.594625,-14.631033,14.587541,-14.622196,14.587117
0,-14.727311,15.502373,-14.727218,15.501181,-14.439489,15.518824
0,-14.649275,15.376656,-14.553987,15.364839,-14.650507,15.377299
0,-14.783589,14.772490,-14.810649,14.737089,-14.810877,14.735726
0,-14.795960,15.120168,-14.811909,15.110686,-14.787939,15.121200
0,-14.798135,15.037522,-14.789343,15.012270,-14.737694,15.132467
0,-14.762505,15.457193,-14.757827,15.425008,-14.756520,15.424522
0,-14.772500,15.124220,-14.804000,15.047783,-14.800019,15.042628
0,-14.774776,15.436622,-14.773872,15.435582,-14.762505,15.457193
0,-14.787793,15.121677,-14.787939,15.121200,-14.779639,15.122799
0,-14.733282,15.419880,-14.745235,15.474452,-14.734542,15.420447
0,-14.742376,15.477533,-14.743317,15.476504,-14.732036,15.419272
0,-14.762505,15.457193,-14.761682,15.426663,-14.760410,15.426081
0,-14.731204,15.511257,-14.736883,15.532794,-14.736903,15.531449
0,-14.704745,15.405598,-14.730351,15.493365,-14.705981,15.406230
0,-14.703508,15.404963,-14.702880,15.404641,-14.729729,15.494455
0,-14.702272,15.404329,-14.729729,15.494455,-14.702880,15.404641
0,-14.646811,15.375370,-14.556706,15.364211,-14.648043,15.376013
0,-14.625834,15.364536,-14.578429,15.359031,-14.627069,15.365167
0,-14.736222,15.554247,-14.442796,15.576824,-14.661700,15.700546
0,-14.403746,15.642136,-14.399789,15.634867,-14.398662,15.640246
0,-14.728435,15.506079,-14.736276,15.553006,-14.736332,15.551657
0,-13.971849,15.495401,-14.019891,15.546569,-13.971849,15.495373
0,-14.024651,15.546857,-14.087771,15.549094,-13.971849,15.495373
0,-13.971849,15.495401,-13.993360,15.545108,-13.994757,15.545179
0,-13.977991,15.544357,-13.979389,15.544424,-13.971849,15.495401
0,-14.623361,15.363276,-14.622124,15.362648,-14.582503,15.358062
0,-13.679023,15.086446,-13.664822,15.094135,-13.606553,15.165457
0,-14.581934,15.358197,-14.581145,15.358384,-14.623361,15.363276
0,-14.812752,14.721806,-14.779651,14.774491,-14.812644,14.722672
0,-13.636727,14.722443,-13.959475,14.577160,-13.881721,14.563425
0,-13.611341,15.104522,-13.607352,15.107021,-13.604132,15.109966
0,-13.626285,15.100085,-13.604132,15.109966,-13.606553,15.165457
0,-13.523968,14.796034,-13.576904,14.735706,-13.525708,14.784530
0,-13.611341,15.104522,-13.626285,15.100085,-13.620781,15.100829
0,-14.245251,15.387891,-13.679023,15.086446,-14.238534,15.391522
0,-13.551091,14.914727,-13.509549,14.881358,-13.505918,14.886387
0,-14.839045,14.665929,-14.840329,14.664603,-14.835962,14.641268
0,-14.848605,14.656058,-14.849574,14.655057,-14.848981,14.654457
0,-14.835962,14.641268,-14.835243,14.670036,-14.835934,14.669140
0,-14.835243,14.670035,-14.835934,14.669140,-14.835243,14.670036
0,-14.803584,14.618334,-14.825874,14.682176,-14.825921,14.682115
0,-14.803584,14.618334,-14.826210,14.681740,-14.820301,14.623324
0,-14.809592,14.742448,-14.787556,14.770527,-14.809286,14.743761
0,-14.791432,14.768518,-14.807849,14.748883,-14.808242,14.747623
0,-14.753428,14.587743,-14.734533,14.582986,-14.712387,14.592604
0,-14.793868,14.612802,-14.819352,14.693872,-14.821444,14.689060
0,-14.725999,14.583155,-14.720452,14.586490,-14.726762,14.583156
0,-14.806985,14.751354,-14.794220,14.766919,-14.806512,14.752565
0,-14.798442,14.764024,-14.799464,14.763176,-14.804914,14.756087
0,-14.805478,14.754932,-14.806010,14.753758,-14.796256,14.765621
0,-14.461133,14.595666,-14.609429,14.583460,-14.487500,14.584325
0,-14.650285,14.594625,-14.622196,14.587117,-14.769182,14.781571
0,-14.766212,14.874562,-14.406923,14.620117,-14.404062,14.621054
0,-14.806512,14.752565,-14.795100,14.766379,-14.806010,14.753758
0,-14.799464,14.763176,-14.800930,14.761786,-14.804316,14.757222
0,-14.809286,14.743761,-14.787556,14.770527,-14.788864,14.769866
0,-14.797372,14.764838,-14.798442,14.764024,-14.804914,14.756087
0,-14.803678,14.758331,-14.802188,14.760404,-14.802968,14.759392
0,-14.804316,14.757222,-14.800930,14.761786,-14.802188,14.760404
0,-14.799464,14.763176,-14.800431,14.762292,-14.800930,14.761786
0,-14.800930,14.761786,-14.801341,14.761370,-14.802188,14.760404
0,-14.620887,15.362021,-14.583861,15.357743,-14.622124,15.362648
0,-14.617174,15.360146,-14.589297,15.356489,-14.587938,15.356799
0,-14.594743,15.355286,-14.593381,15.355581,-14.612218,15.357662
0,-14.598895,15.354728,-14.594743,15.355286,-14.612218,15.357662
0,-14.570287,15.360994,-14.568930,15.361322,-14.634479,15.368972
0,-14.582503,15.358062,-14.581934,15.358197,-14.623361,15.363276
0,-14.562142,15.362944,-14.641880,15.372804,-14.562697,15.362812
0,-14.737694,15.132467,-14.737879,15.132430,-14.798135,15.037522
0,-14.779639,15.122799,-14.804000,15.047783,-14.772500,15.124220
0,-14.756033,15.128434,-14.767425,15.125829,-14.800019,15.042628
0,-14.805051,15.117662,-14.810894,15.112287,-14.795960,15.120168
0,-14.809286,14.743761,-14.788864,14.769866,-14.808959,14.745062
0,-14.770573,14.898808,-14.766212,14.874562,-14.611877,15.143010
0,-14.811909,15.110686,-14.804000,15.047783,-14.787939,15.121200
0,-14.795960,15.120168,-14.810894,15.112287,-14.811909,15.110686
0,-14.759124,15.425528,-14.762505,15.457193,-14.760410,15.426081
0,-14.762505,15.457193,-14.756520,15.424522,-14.755206,15.424074
0,-14.767425,15.125829,-14.770916,15.124720,-14.800019,15.042628
0,-14.742824,15.421862,-14.757370,15.462259,-14.744222,15.422048
0,-14.741412,15.421714,-14.756338,15.463270,-14.742824,15.421862
0,-14.772959,15.434555,-14.772779,15.434365,-14.762505,15.457193
0,-14.748378,15.422697,-14.746987,15.422499,-14.759430,15.460234
0,-14.778459,15.449441,-14.775685,15.437656,-14.769507,15.457234
0,-14.775685,15.437656,-14.762505,15.457193,-14.769507,15.457234
0,-14.745601,15.422284,-14.757370,15.462259,-14.758401,15.461246
0,-14.749188,15.470370,-14.735854,15.420874,-14.748187,15.471388
0,-14.736958,15.526072,-14.735636,15.519316,-14.735015,15.517962
0,-14.442796,15.576824,-14.451945,15.649252,-14.490338,15.690276
0,-14.734322,15.516609,-14.733575,15.515260,-14.736948,15.527416
0,-14.442159,15.564878,-14.736222,15.554247,-14.442071,15.563362
0,-14.736696,15.522878,-14.736166,15.520673,-14.735636,15.519316
0,-14.736222,15.554247,-14.727939,15.504824,-14.442067,15.563297
0,-14.707218,15.406862,-14.705981,15.406230,-14.731000,15.492281
0,-14.737041,15.483767,-14.722088,15.414367,-14.720847,15.413747
0,-14.733097,15.489057,-14.712169,15.409381,-14.732374,15.490128
0,-14.736948,15.527416,-14.735015,15.517962,-14.734322,15.516609
0,-14.656666,15.380523,-14.727218,15.501181,-14.657897,15.381168
0,-14.662930,15.699940,-14.724854,15.638104,-14.731573,15.621362
0,-14.731573,15.621362,-14.747150,15.577213,-14.746994,15.577195
0,-14.720393,15.649434,-14.680982,15.692803,-14.682318,15.692368
0,-14.490338,15.690276,-14.498619,15.696466,-14.442796,15.576824
0,-14.686350,15.691107,-14.709955,15.673210,-14.685002,15.691521
0,-14.675690,15.694623,-14.677005,15.694154,-14.720393,15.649434
0,-14.667941,15.697660,-14.669215,15.697126,-14.724854,15.638104
0,-14.662930,15.699940,-14.664170,15.699349,-14.724854,15.638104
0,-14.663429,15.714368,-14.634002,15.767249,-14.667333,15.745573
0,-14.762505,15.457193,-14.755206,15.424074,-14.753879,15.423681
0,-14.752526,15.423366,-14.762505,15.457193,-14.753879,15.423681
0,-14.703508,15.404963,-14.730351,15.493365,-14.704745,15.405598
0,-14.728303,15.417444,-14.727059,15.416831,-14.740535,15.479599
0,-14.736211,15.484817,-14.719606,15.413127,-14.735402,15.485871
0,-14.730351,15.493365,-14.731000,15.492281,-14.705981,15.406230
0,-14.681298,15.393442,-14.680066,15.392797,-14.727566,15.498871
0,-14.701036,15.403693,-14.729729,15.494455,-14.702272,15.404329
0,-14.727296,15.500013,-14.672674,15.388923,-14.671443,15.388276
0,-14.662823,15.383752,-14.727296,15.500013,-14.664054,15.384398
0,-14.734359,15.135784,-14.735636,15.134514,-14.691118,15.139666
0,-14.727218,15.501181,-14.660360,15.382460,-14.659129,15.381814
0,-14.612218,15.357662,-14.610978,15.357043,-14.600297,15.354691
0,-14.594743,15.355286,-14.598895,15.354728,-14.597495,15.354825
0,-14.607255,15.355197,-14.604568,15.354610,-14.608496,15.355812
0,-14.612218,15.357662,-14.600297,15.354691,-14.598895,15.354728
0,-14.593227,15.169432,-14.611877,15.143010,-14.541731,15.214579
0,-14.401667,15.371747,-14.530548,15.252672,-14.539083,15.223602
0,-14.425976,14.609477,-14.406923,14.620117,-14.461133,14.595666
0,-14.573001,15.360338,-14.632010,15.367700,-14.630775,15.367065
0,-14.568930,15.361322,-14.567573,15.361648,-14.635713,15.369608
0,-14.615935,15.359522,-14.589297,15.356489,-14.617174,15.360146
0,-14.587938,15.356799,-14.586578,15.357110,-14.617174,15.360146
0,-14.582503,15.358062,-14.622124,15.362648,-14.583861,15.357743
0,-14.562697,15.362812,-14.641880,15.372804,-14.640647,15.372163
0,-14.552627,15.365153,-14.650507,15.377299,-14.553987,15.364839
0,-14.727218,15.501181,-14.650507,15.377299,-14.552627,15.365153
0,-14.543107,15.367341,-14.541747,15.367652,-14.438746,15.506008
0,-14.494722,15.714683,-14.503268,15.756498,-14.496033,15.708556
0,-14.498619,15.696466,-14.621001,15.775701,-14.661700,15.700546
0,-14.536305,15.368898,-14.534945,15.369208,-14.443334,15.457423
0,-14.555346,15.364526,-14.553987,15.364839,-14.649275,15.376656
0,-14.416282,15.649026,-14.403746,15.642136,-14.406315,15.647451
0,-14.408152,15.618697,-14.451945,15.649252,-14.410613,15.603708
0,-14.183139,15.457352,-14.110810,15.549907,-14.174767,15.515039
0,-14.522652,15.279559,-14.401667,15.371747,-14.486635,15.368356
0,-14.183139,15.457352,-14.181920,15.452638,-14.110810,15.549907
0,-14.012912,15.546159,-13.971849,15.495401,-14.011516,15.546080
0,-14.011516,15.546080,-13.971849,15.495401,-14.010120,15.546001
0,-13.877156,15.482902,-13.910431,15.488228,-13.679023,15.086446
0,-13.975197,15.544227,-13.976594,15.544292,-13.971849,15.495401
0,-13.973799,15.544162,-13.975197,15.544227,-13.971849,15.495401
0,-13.818364,15.473479,-13.679023,15.086446,-13.606553,15.165457
0,-13.492275,14.907684,-13.490158,14.912857,-13.551091,14.914727
0,-14.401667,15.371747,-14.485271,15.370268,-14.486635,15.368356
0,-13.971849,15.495401,-13.990566,15.544967,-13.991964,15.545038
0,-14.254700,15.382785,-14.278104,14.584990,-14.076919,14.565513
0,-13.818364,15.473479,-13.877156,15.482902,-13.679023,15.086446
0,-13.971849,15.495401,-14.008723,15.545924,-14.010120,15.546001
0,-14.185078,15.464848,-14.201074,15.473996,-14.197593,15.464894
0,-13.641332,15.098224,-13.638912,15.098363,-13.637440,15.098643
0,-13.667850,15.486741,-13.712246,15.498439,-13.637346,15.465794
0,-13.518048,14.833109,-13.517929,14.824648,-13.517049,14.829650
0,-13.518599,14.855837,-13.551091,14.914727,-13.518703,14.854211
0,-13.523478,14.803813,-13.576904,14.735706,-13.523675,14.800795
0,-13.518472,14.837631,-13.523478,14.803813,-13.522218,14.807430
0,-13.525708,14.784530,-13.576904,14.735706,-13.528759,14.772897
0,-13.564066,14.618399,-13.636838,14.407572,-13.616589,14.407109
0,-13.576904,14.735706,-13.553271,14.742017,-13.530021,14.769045
0,-13.584644,15.137467,-13.585640,15.133144,-13.584924,15.135815
0,-13.616940,15.100607,-13.614801,15.101895,-13.620781,15.100829
0,-13.525708,14.784530,-13.528759,14.772897,-13.527635,14.775690
0,-13.809445,14.451327,-13.696643,14.408928,-13.564066,14.618399
0,-13.585640,15.133144,-13.606553,15.165457,-13.588099,15.127293
0,-13.606553,15.165457,-13.598392,15.114206,-13.590948,15.122737
0,-13.590948,15.122737,-13.588956,15.125726,-13.606553,15.165457
0,-13.598392,15.114206,-13.606553,15.165457,-13.604132,15.109966
0,-13.604132,15.109966,-13.600245,15.112599,-13.598392,15.114206
0,-14.609429,14.583460,-14.571731,14.574456,-14.487500,14.584325
0,-13.671102,15.073843,-13.631913,15.043716,-13.653295,15.067759
0,-13.611341,15.104522,-13.614801,15.101895,-13.612718,15.103094
0,-13.628333,15.099854,-13.626285,15.100085,-13.630278,15.099847
0,-13.620781,15.100829,-13.614801,15.101895,-13.611341,15.104522
0,-13.604132,15.109966,-13.626285,15.100085,-13.611341,15.104522
0,-14.732289,14.583081,-14.712387,14.592604,-14.734533,14.582986
0,-14.547910,14.561400,-14.548348,14.560428,-14.545988,14.560934
0,-14.597921,14.574778,-14.594804,14.574180,-14.598237,14.578657
0,-14.589444,14.574487,-14.591831,14.574175,-14.589583,14.574171
0,-14.589444,14.574487,-14.586788,14.574502,-14.598237,14.578657
0,-14.589444,14.574487,-14.598237,14.578657,-14.591831,14.574175
0,-14.594801,14.574180,-14.591831,14.574175,-14.598237,14.578657
0,-14.186783,14.540964,-14.185099,14.540395,-14.076919,14.565513
0,-14.746022,14.582913,-14.753428,14.587743,-14.746185,14.582910
0,-14.511047,14.562488,-14.501051,14.577229,-14.512972,14.562697
0,-14.272675,14.581730,-14.219393,14.551542,-14.218834,14.551359
0,-14.218834,14.551359,-14.076919,14.565513,-14.272675,14.581730
0,-14.518968,14.563233,-14.501051,14.577229,-14.522815,14.562805
0,-14.764915,14.850884,-14.769182,14.781571,-14.461133,14.595666
0,-14.565008,14.571552,-14.559375,14.567976,-14.501051,14.577229
0,-14.076919,14.565513,-14.278104,14.584990,-14.272675,14.581730
0,-14.128198,14.521704,-14.120236,14.519049,-14.076919,14.565513
0,-14.076919,14.565513,-14.120236,14.519049,-14.117614,14.518199
0,-14.076919,14.565513,-14.135283,14.523926,-14.128198,14.521704
0,-13.756448,14.410270,-13.726545,14.409602,-13.809445,14.451327
0,-13.726545,14.409602,-13.696643,14.408928,-13.809445,14.451327
0,-14.835962,14.641268,-14.820301,14.623324,-14.826210,14.681740
0,-14.847634,14.657060,-14.848605,14.656058,-14.848981,14.654457
0,-14.848981,14.654457,-14.835962,14.641268,-14.847634,14.657060
0,-14.803584,14.618334,-14.826128,14.681846,-14.826210,14.681740
0,-14.793868,14.612802,-14.821444,14.689060,-14.822582,14.686440
0,-14.793868,14.612802,-14.817445,14.698258,-14.819352,14.693872
0,-14.803584,14.618334,-14.822582,14.686440,-14.825874,14.682176
0,-14.803584,14.618334,-14.800196,14.616203,-14.822582,14.686440
0,-14.816004,14.703911,-14.712387,14.592604,-14.695090,14.595261
0,-14.812644,14.722672,-14.779651,14.774491,-14.812578,14.723210
0,-14.812578,14.723210,-14.779651,14.774491,-14.812435,14.724370
0,-14.812435,14.724370,-14.779651,14.774491,-14.812404,14.724613
0,-14.811874,14.728812,-14.779651,14.774491,-14.780954,14.773815
0,-14.811690,14.730206,-14.780954,14.773815,-14.811499,14.731595
0,-14.812404,14.724613,-14.779651,14.774491,-14.812230,14.726016
0,-14.812230,14.726016,-14.779651,14.774491,-14.812054,14.727416
0,-14.812054,14.727416,-14.779651,14.774491,-14.811874,14.728812
0,-14.791432,14.768518,-14.792683,14.767823,-14.807849,14.748883
0,-14.807849,14.748883,-14.792683,14.767823,-14.807430,14.750127
0,-14.807430,14.750127,-14.792683,14.767823,-14.806985,14.751354
0,-14.804914,14.756087,-14.805478,14.754932,-14.797372,14.764838
0,-14.804316,14.757222,-14.804914,14.756087,-14.799464,14.763176
0,-14.796256,14.765621,-14.797372,14.764838,-14.805478,14.754932
0,-14.803678,14.758331,-14.804316,14.757222,-14.802188,14.760404
0,-14.790157,14.769199,-14.808612,14.746350,-14.808959,14.745062
0,-14.790157,14.769199,-14.808242,14.747623,-14.808612,14.746350
0,-14.810407,14.738444,-14.786238,14.771183,-14.810152,14.739788
0,-14.810152,14.739788,-14.786238,14.771183,-14.809880,14.741124
0,-14.809880,14.741124,-14.787556,14.770527,-14.809592,14.742448
0,-14.811499,14.731595,-14.782268,14.773149,-14.811301,14.732978
0,-14.782268,14.773149,-14.783589,14.772490,-14.811094,14.734355
0,-14.784914,14.771836,-14.810407,14.738444,-14.810649,14.737089
0,-14.784914,14.771836,-14.786238,14.771183,-14.810407,14.738444
0,-14.817445,14.698258,-14.788549,14.609580,-14.817128,14.698988
0,-14.776076,14.602152,-14.712387,14.592604,-14.816735,14.699893
0,-14.741964,14.582994,-14.753428,14.587743,-14.746022,14.582913
0,-14.734533,14.582986,-14.753428,14.587743,-14.741964,14.582994
0,-14.726762,14.583156,-14.720452,14.586490,-14.732289,14.583081
0,-14.812752,14.721806,-14.816004,14.703911,-14.695090,14.595261
0,-14.650285,14.594625,-14.644184,14.581282,-14.635886,14.582223
0,-14.695090,14.595261,-14.677405,14.593898,-14.769182,14.781571
0,-14.720452,14.586490,-14.725999,14.583155,-14.722048,14.582894
0,-14.712387,14.592604,-14.732289,14.583081,-14.720452,14.586490
0,-14.586788,14.574502,-14.586041,14.574506,-14.598237,14.578657
0,-14.597852,14.574367,-14.594804,14.574180,-14.597921,14.574778
0,-14.597887,14.574368,-14.597852,14.574367,-14.597921,14.574778
0,-14.594804,14.574180,-14.594801,14.574180,-14.598237,14.578657
0,-14.650285,14.594625,-14.635886,14.582223,-14.631033,14.587541
0,-14.598237,14.578657,-14.576283,14.574560,-14.609429,14.583460
0,-14.650285,14.594625,-14.648101,14.582878,-14.644184,14.581282
0,-14.764339,14.594724,-14.712387,14.592604,-14.769841,14.598393
0,-14.753428,14.587743,-14.712387,14.592604,-14.764339,14.594724
0,-14.812752,14.721806,-14.695090,14.595261,-14.769182,14.781571
0,-14.677405,14.593898,-14.651286,14.594598,-14.769182,14.781571
0,-14.651286,14.594598,-14.650285,14.594625,-14.769182,14.781571
0,-14.780954,14.773815,-14.811690,14.730206,-14.811874,14.728812
0,-14.712387,14.592604,-14.776076,14.602152,-14.769841,14.598393
0,-14.816735,14.699893,-14.817128,14.698988,-14.788549,14.609580
0,-14.784914,14.771836,-14.810649,14.737089,-14.783589,14.772490
0,-14.776076,14.602152,-14.816735,14.699893,-14.782221,14.605732
0,-14.782268,14.773149,-14.811499,14.731595,-14.780954,14.773815
0,-14.786238,14.771183,-14.787556,14.770527,-14.809880,14.741124
0,-14.790157,14.769199,-14.791432,14.768518,-14.808242,14.747623
0,-14.788864,14.769866,-14.790157,14.769199,-14.808959,14.745062
0,-14.782221,14.605732,-14.816735,14.699893,-14.788549,14.609580
0,-14.795100,14.766379,-14.796256,14.765621,-14.806010,14.753758
0,-14.794220,14.766919,-14.795100,14.766379,-14.806512,14.752565
0,-14.788549,14.609580,-14.817445,14.698258,-14.793868,14.612802
0,-14.793908,14.767111,-14.794220,14.766919,-14.806985,14.751354
0,-14.792683,14.767823,-14.793908,14.767111,-14.806985,14.751354
0,-14.615187,15.142731,-14.776465,14.967105,-14.611877,15.143010
0,-14.610978,15.357043,-14.601697,15.354686,-14.600297,15.354691
0,-14.609737,15.356427,-14.601697,15.354686,-14.610978,15.357043
0,-14.608496,15.355812,-14.601697,15.354686,-14.609737,15.356427
0,-14.608543,15.150701,-14.593227,15.169432,-14.609013,15.150735
0,-14.608250,15.150679,-14.593227,15.169432,-14.608543,15.150701
0,-14.608051,15.150665,-14.593227,15.169432,-14.608250,15.150679
0,-14.607888,15.150653,-14.593227,15.169432,-14.608051,15.150665
0,-14.611877,15.143010,-14.593227,15.169432,-14.607888,15.150653
0,-14.605957,15.354758,-14.604568,15.354610,-14.607255,15.355197
0,-14.604568,15.354610,-14.603129,15.354625,-14.608496,15.355812
0,-14.603129,15.354625,-14.601697,15.354686,-14.608496,15.355812
0,-14.594743,15.355286,-14.597495,15.354825,-14.596109,15.355009
0,-14.585219,15.357425,-14.620887,15.362021,-14.619650,15.361395
0,-14.583861,15.357743,-14.620887,15.362021,-14.585219,15.357425
0,-14.592019,15.355881,-14.614697,15.358901,-14.613457,15.358281
0,-14.590658,15.356183,-14.614697,15.358901,-14.592019,15.355881
0,-14.586578,15.357110,-14.585219,15.357425,-14.619650,15.361395
0,-14.613457,15.358281,-14.593381,15.355581,-14.592019,15.355881
0,-14.612218,15.357662,-14.593381,15.355581,-14.613457,15.358281
0,-14.581145,15.358384,-14.579787,15.358707,-14.624597,15.363905
0,-14.579787,15.358707,-14.578429,15.359031,-14.625834,15.364536
0,-14.578429,15.359031,-14.577072,15.359357,-14.627069,15.365167
0,-14.615935,15.359522,-14.590658,15.356183,-14.589297,15.356489
0,-14.614697,15.358901,-14.590658,15.356183,-14.615935,15.359522
0,-14.579787,15.358707,-14.625834,15.364536,-14.624597,15.363905
0,-14.581145,15.358384,-14.624597,15.363905,-14.623361,15.363276
0,-14.617174,15.360146,-14.586578,15.357110,-14.619650,15.361395
0,-14.635713,15.369608,-14.567573,15.361648,-14.636946,15.370246
0,-14.571644,15.360666,-14.633244,15.368336,-14.632010,15.367700
0,-14.571644,15.360666,-14.570287,15.360994,-14.633244,15.368336
0,-14.575715,15.359683,-14.574358,15.360011,-14.629540,15.366431
0,-14.627069,15.365167,-14.577072,15.359357,-14.628305,15.365799
0,-14.564858,15.362299,-14.563500,15.362622,-14.639414,15.371524
0,-14.564858,15.362299,-14.639414,15.371524,-14.638181,15.370885
0,-14.566216,15.361974,-14.638181,15.370885,-14.636946,15.370246
0,-14.643113,15.373444,-14.560784,15.363264,-14.644346,15.374086
0,-14.562142,15.362944,-14.560784,15.363264,-14.643113,15.373444
0,-14.562142,15.362944,-14.643113,15.373444,-14.641880,15.372804
0,-14.664054,15.384398,-14.727296,15.500013,-14.665286,15.385045
0,-14.666517,15.385691,-14.727296,15.500013,-14.667749,15.386337
0,-14.667749,15.386337,-14.727296,15.500013,-14.668980,15.386984
0,-14.665286,15.385045,-14.727296,15.500013,-14.666517,15.385691
0,-14.661592,15.383106,-14.727296,15.500013,-14.662823,15.383752
0,-14.727218,15.501181,-14.661592,15.383106,-14.660360,15.382460
0,-14.727218,15.501181,-14.727296,15.500013,-14.661592,15.383106
0,-14.727218,15.501181,-14.659129,15.381814,-14.657897,15.381168
0,-14.727218,15.501181,-14.655434,15.379878,-14.654203,15.379232
0,-14.727218,15.501181,-14.656666,15.380523,-14.655434,15.379878
0,-14.727218,15.501181,-14.654203,15.379232,-14.652971,15.378588
0,-14.727218,15.501181,-14.651739,15.377943,-14.650507,15.377299
0,-14.779399,14.983705,-14.650793,15.139725,-14.691118,15.139666
0,-14.776957,14.976689,-14.615187,15.142731,-14.650793,15.139725
0,-14.556706,15.364211,-14.555346,15.364526,-14.648043,15.376013
0,-14.558066,15.363897,-14.646811,15.375370,-14.645578,15.374727
0,-14.744337,15.131146,-14.798135,15.037522,-14.737879,15.132430
0,-14.735636,15.134514,-14.737694,15.132467,-14.691118,15.139666
0,-14.734256,15.135886,-14.734359,15.135784,-14.691118,15.139666
0,-14.733007,15.137128,-14.734256,15.135886,-14.691118,15.139666
0,-14.733007,15.137128,-14.691118,15.139666,-14.732961,15.139599
0,-14.776465,14.967105,-14.773910,14.917356,-14.611877,15.143010
0,-14.766212,14.874562,-14.766190,14.871510,-14.764915,14.850884
0,-14.769182,14.781571,-14.622196,14.587117,-14.609429,14.583460
0,-14.779651,14.774491,-14.812752,14.721806,-14.769182,14.781571
0,-14.406923,14.620117,-14.766212,14.874562,-14.764915,14.850884
0,-14.406923,14.620117,-14.764915,14.850884,-14.461133,14.595666
0,-14.770573,14.898808,-14.611877,15.143010,-14.773910,14.917356
0,-14.752191,15.129362,-14.798606,15.038798,-14.747765,15.130465
0,-14.650793,15.139725,-14.779399,14.983705,-14.776957,14.976689
0,-14.691118,15.139666,-14.789343,15.012270,-14.779399,14.983705
0,-14.615187,15.142731,-14.776607,14.969875,-14.776465,14.967105
0,-14.615187,15.142731,-14.776957,14.976689,-14.776607,14.969875
0,-14.752191,15.129362,-14.800019,15.042628,-14.799548,15.041352
0,-14.770916,15.124720,-14.772500,15.124220,-14.800019,15.042628
0,-14.752191,15.129362,-14.799548,15.041352,-14.799078,15.040076
0,-14.752191,15.129362,-14.799078,15.040076,-14.798606,15.038798
0,-14.747765,15.130465,-14.798606,15.038798,-14.798135,15.037522
0,-14.752191,15.129362,-14.756033,15.128434,-14.800019,15.042628
0,-14.747765,15.130465,-14.798135,15.037522,-14.744337,15.131146
0,-14.795960,15.120168,-14.787939,15.121200,-14.790722,15.121274
0,-14.787939,15.121200,-14.804000,15.047783,-14.779639,15.122799
0,-14.762505,15.457193,-14.764178,15.427909,-14.762938,15.427274
0,-14.761682,15.426663,-14.762505,15.457193,-14.762938,15.427274
0,-14.762505,15.457193,-14.767736,15.430028,-14.766590,15.429257
0,-14.762505,15.457193,-14.766590,15.429257,-14.765397,15.428567
0,-14.762505,15.457193,-14.765397,15.428567,-14.764178,15.427909
0,-14.762505,15.457193,-14.759124,15.425528,-14.757827,15.425008
0,-14.752526,15.423366,-14.751155,15.423109,-14.762505,15.457193
0,-14.759430,15.460234,-14.746987,15.422499,-14.758401,15.461246
0,-14.751155,15.423109,-14.761484,15.458208,-14.762505,15.457193
0,-14.739998,15.421573,-14.755308,15.464283,-14.741412,15.421714
0,-14.738593,15.421406,-14.754279,15.465297,-14.739998,15.421573
0,-14.748187,15.471388,-14.735854,15.420874,-14.734542,15.420447
0,-14.746209,15.473429,-14.734542,15.420447,-14.745235,15.474452
0,-14.751155,15.423109,-14.749770,15.422893,-14.761484,15.458208
0,-14.745601,15.422284,-14.758401,15.461246,-14.746987,15.422499
0,-14.744222,15.422048,-14.757370,15.462259,-14.745601,15.422284
0,-14.749770,15.422893,-14.748378,15.422697,-14.761484,15.458208
0,-14.762505,15.457193,-14.768841,15.430867,-14.767736,15.430028
0,-14.748378,15.422697,-14.760459,15.459221,-14.761484,15.458208
0,-14.748378,15.422697,-14.759430,15.460234,-14.760459,15.459221
0,-14.742824,15.421862,-14.756338,15.463270,-14.757370,15.462259
0,-14.752229,15.467323,-14.737207,15.421183,-14.751209,15.468338
0,-14.741412,15.421714,-14.755308,15.464283,-14.756338,15.463270
0,-14.737207,15.421183,-14.735854,15.420874,-14.750196,15.469354
0,-14.751209,15.468338,-14.737207,15.421183,-14.750196,15.469354
0,-14.739998,15.421573,-14.754279,15.465297,-14.755308,15.464283
0,-14.738593,15.421406,-14.753252,15.466309,-14.754279,15.465297
0,-14.738593,15.421406,-14.737207,15.421183,-14.752229,15.467323
0,-14.753252,15.466309,-14.738593,15.421406,-14.752229,15.467323
0,-14.772959,15.434555,-14.762505,15.457193,-14.773872,15.435582
0,-14.762505,15.457193,-14.772779,15.434365,-14.771986,15.433587
0,-14.762505,15.457193,-14.771986,15.433587,-14.770958,15.432665
0,-14.762505,15.457193,-14.770958,15.432665,-14.769912,15.431752
0,-14.762505,15.457193,-14.769912,15.431752,-14.768841,15.430867
0,-14.775685,15.437656,-14.774776,15.436622,-14.762505,15.457193
0,-14.778459,15.449441,-14.769507,15.457234,-14.777027,15.457278
0,-14.778459,15.449441,-14.778951,15.457372,-14.779021,15.457376
0,-14.778459,15.449441,-14.778951,15.457372,-14.778951,15.457372
0,-14.778459,15.449441,-14.778877,15.457367,-14.778951,15.457372
0,-14.778459,15.449441,-14.777540,15.457281,-14.778877,15.457367
0,-14.778459,15.449441,-14.777027,15.457278,-14.777540,15.457281
0,-14.750196,15.469354,-14.735854,15.420874,-14.749188,15.470370
0,-14.748187,15.471388,-14.734542,15.420447,-14.747194,15.472407
0,-14.747194,15.472407,-14.734542,15.420447,-14.746209,15.473429
0,-14.733282,15.419880,-14.744270,15.475477,-14.745235,15.474452
0,-14.729547,15.418055,-14.741449,15.478565,-14.730791,15.418664
0,-14.724573,15.415602,-14.723331,15.414984,-14.737889,15.482721
0,-14.719606,15.413127,-14.718365,15.412505,-14.735402,15.485871
0,-14.736950,15.524729,-14.736696,15.522878,-14.736958,15.526072
0,-14.730791,15.418664,-14.741449,15.478565,-14.742376,15.477533
0,-14.729547,15.418055,-14.728303,15.417444,-14.741449,15.478565
0,-14.741449,15.478565,-14.728303,15.417444,-14.740535,15.479599
0,-14.725816,15.416217,-14.738755,15.481677,-14.739637,15.480637
0,-14.724573,15.415602,-14.737889,15.482721,-14.738755,15.481677
0,-14.736950,15.524729,-14.736805,15.523380,-14.736696,15.522878
0,-14.736958,15.526072,-14.736696,15.522878,-14.735636,15.519316
0,-14.736222,15.554247,-14.731573,15.621362,-14.746994,15.577195
0,-14.736948,15.527416,-14.736958,15.526072,-14.735015,15.517962
0,-14.730432,15.509942,-14.736806,15.536831,-14.736834,15.535485
0,-14.730432,15.509942,-14.729701,15.508639,-14.736806,15.536831
0,-14.736921,15.530105,-14.736936,15.528760,-14.732794,15.513918
0,-14.731204,15.511257,-14.736860,15.534140,-14.736883,15.532794
0,-14.731204,15.511257,-14.730432,15.509942,-14.736860,15.534140
0,-14.729029,15.507351,-14.736666,15.542219,-14.736705,15.540871
0,-14.729029,15.507351,-14.736626,15.543566,-14.736666,15.542219
0,-14.729029,15.507351,-14.736583,15.544914,-14.736626,15.543566
0,-14.729029,15.507351,-14.728435,15.506079,-14.736583,15.544914
0,-14.736583,15.544914,-14.728435,15.506079,-14.736537,15.546262
0,-14.736387,15.550308,-14.728435,15.506079,-14.736332,15.551657
0,-14.736222,15.554247,-14.746994,15.577195,-14.752099,15.558962
0,-14.727939,15.504824,-14.736222,15.554247,-14.736276,15.553006
0,-14.662930,15.699940,-14.731573,15.621362,-14.736222,15.554247
0,-14.736489,15.547610,-14.736537,15.546262,-14.728435,15.506079
0,-14.736387,15.550308,-14.736439,15.548958,-14.728435,15.506079
0,-14.736741,15.539524,-14.729029,15.507351,-14.736705,15.540871
0,-14.736769,15.522878,-14.736587,15.522029,-14.736696,15.522878
0,-14.736587,15.522029,-14.736166,15.520673,-14.736696,15.522878
0,-14.736770,15.522878,-14.736587,15.522029,-14.736769,15.522878
0,-14.736775,15.538178,-14.729701,15.508639,-14.736741,15.539524
0,-14.736936,15.528760,-14.736948,15.527416,-14.733575,15.515260
0,-14.736936,15.528760,-14.733575,15.515260,-14.732794,15.513918
0,-14.735402,15.485871,-14.718365,15.412505,-14.717126,15.411883
0,-14.729701,15.508639,-14.729029,15.507351,-14.736741,15.539524
0,-14.731674,15.491202,-14.709693,15.408123,-14.709353,15.407950
0,-14.729729,15.494455,-14.730351,15.493365,-14.703508,15.404963
0,-14.694862,15.400506,-14.693628,15.399866,-14.728032,15.497755
0,-14.698566,15.402421,-14.729135,15.495549,-14.699801,15.403057
0,-14.728032,15.497755,-14.728569,15.496649,-14.696096,15.401145
0,-14.727558,15.503588,-14.727311,15.502373,-14.439489,15.518824
0,-14.682530,15.394085,-14.681298,15.393442,-14.727566,15.498871
0,-14.694862,15.400506,-14.728032,15.497755,-14.696096,15.401145
0,-14.727558,15.503588,-14.442067,15.563297,-14.727939,15.504824
0,-14.683762,15.394730,-14.727566,15.498871,-14.684995,15.395374
0,-14.736921,15.530105,-14.731998,15.512582,-14.736903,15.531449
0,-14.736860,15.534140,-14.730432,15.509942,-14.736834,15.535485
0,-14.736921,15.530105,-14.732794,15.513918,-14.731998,15.512582
0,-14.736903,15.531449,-14.731998,15.512582,-14.731204,15.511257
0,-14.671784,15.696091,-14.673079,15.695590,-14.720893,15.647975
0,-14.683658,15.691941,-14.685002,15.691521,-14.709955,15.673210
0,-14.720893,15.647975,-14.675690,15.694623,-14.720393,15.649434
0,-14.736806,15.536831,-14.729701,15.508639,-14.736775,15.538178
0,-14.736276,15.553006,-14.728435,15.506079,-14.727939,15.504824
0,-14.736439,15.548958,-14.736489,15.547610,-14.728435,15.506079
0,-14.669215,15.697126,-14.721544,15.646351,-14.724854,15.638104
0,-14.721544,15.646351,-14.671784,15.696091,-14.720893,15.647975
0,-14.670496,15.696602,-14.671784,15.696091,-14.721544,15.646351
0,-14.669215,15.697126,-14.670496,15.696602,-14.721544,15.646351
0,-14.666675,15.698210,-14.667941,15.697660,-14.724854,15.638104
0,-14.709955,15.673210,-14.715553,15.663555,-14.683658,15.691941
0,-14.663429,15.714368,-14.661700,15.700546,-14.634002,15.767249
0,-14.665418,15.698772,-14.666675,15.698210,-14.724854,15.638104
0,-14.664170,15.699349,-14.665418,15.698772,-14.724854,15.638104
0,-14.634002,15.767249,-14.661700,15.700546,-14.621001,15.775701
0,-14.662930,15.699940,-14.736222,15.554247,-14.661700,15.700546
0,-14.674381,15.695102,-14.675690,15.694623,-14.720893,15.647975
0,-14.673079,15.695590,-14.674381,15.695102,-14.720893,15.647975
0,-14.679651,15.693245,-14.680982,15.692803,-14.720393,15.649434
0,-14.678325,15.693695,-14.679651,15.693245,-14.720393,15.649434
0,-14.677005,15.694154,-14.678325,15.693695,-14.720393,15.649434
0,-14.686350,15.691107,-14.704627,15.680030,-14.709955,15.673210
0,-14.687702,15.690699,-14.704627,15.680030,-14.686350,15.691107
0,-14.682318,15.692368,-14.683658,15.691941,-14.715553,15.663555
0,-14.720393,15.649434,-14.682318,15.692368,-14.715553,15.663555
0,-14.710931,15.408753,-14.709693,15.408123,-14.732374,15.490128
0,-14.731674,15.491202,-14.709353,15.407950,-14.708455,15.407493
0,-14.731674,15.491202,-14.708455,15.407493,-14.731000,15.492281
0,-14.708455,15.407493,-14.707218,15.406862,-14.731000,15.492281
0,-14.702880,15.404641,-14.702880,15.404641,-14.703508,15.404963
0,-14.734612,15.486929,-14.717126,15.411883,-14.715886,15.411259
0,-14.712169,15.409381,-14.710931,15.408753,-14.732374,15.490128
0,-14.734612,15.486929,-14.735402,15.485871,-14.717126,15.411883
0,-14.733843,15.487991,-14.734612,15.486929,-14.715886,15.411259
0,-14.733843,15.487991,-14.714646,15.410634,-14.713407,15.410008
0,-14.733843,15.487991,-14.715886,15.411259,-14.714646,15.410634
0,-14.732374,15.490128,-14.709693,15.408123,-14.731674,15.491202
0,-14.727059,15.416831,-14.739637,15.480637,-14.740535,15.479599
0,-14.744270,15.475477,-14.733282,15.419880,-14.743317,15.476504
0,-14.713407,15.410008,-14.733097,15.489057,-14.733843,15.487991
0,-14.713407,15.410008,-14.712169,15.409381,-14.733097,15.489057
0,-14.733282,15.419880,-14.732036,15.419272,-14.743317,15.476504
0,-14.725816,15.416217,-14.739637,15.480637,-14.727059,15.416831
0,-14.724573,15.415602,-14.738755,15.481677,-14.725816,15.416217
0,-14.737889,15.482721,-14.723331,15.414984,-14.722088,15.414367
0,-14.737889,15.482721,-14.722088,15.414367,-14.737041,15.483767
0,-14.737041,15.483767,-14.720847,15.413747,-14.736211,15.484817
0,-14.720847,15.413747,-14.719606,15.413127,-14.736211,15.484817
0,-14.728569,15.496649,-14.697331,15.401783,-14.696096,15.401145
0,-14.693628,15.399866,-14.692394,15.399225,-14.728032,15.497755
0,-14.701036,15.403693,-14.729135,15.495549,-14.729729,15.494455
0,-14.699801,15.403057,-14.729135,15.495549,-14.701036,15.403693
0,-14.728569,15.496649,-14.698566,15.402421,-14.697331,15.401783
0,-14.728569,15.496649,-14.729135,15.495549,-14.698566,15.402421
0,-14.692394,15.399225,-14.691160,15.398585,-14.728032,15.497755
0,-14.691160,15.398585,-14.727566,15.498871,-14.728032,15.497755
0,-14.689927,15.397944,-14.727566,15.498871,-14.691160,15.398585
0,-14.688694,15.397301,-14.727566,15.498871,-14.689927,15.397944
0,-14.687461,15.396660,-14.727566,15.498871,-14.688694,15.397301
0,-14.680066,15.392797,-14.678834,15.392152,-14.727566,15.498871
0,-14.678834,15.392152,-14.727296,15.500013,-14.727566,15.498871
0,-14.686227,15.396016,-14.727566,15.498871,-14.687461,15.396660
0,-14.727566,15.498871,-14.686227,15.396016,-14.684995,15.395374
0,-14.682530,15.394085,-14.727566,15.498871,-14.683762,15.394730
0,-14.677602,15.391506,-14.727296,15.500013,-14.678834,15.392152
0,-14.727296,15.500013,-14.677602,15.391506,-14.676370,15.390861
0,-14.727296,15.500013,-14.675138,15.390215,-14.673906,15.389569
0,-14.727296,15.500013,-14.676370,15.390861,-14.675138,15.390215
0,-14.727296,15.500013,-14.673906,15.389569,-14.672674,15.388923
0,-14.727296,15.500013,-14.671443,15.388276,-14.670211,15.387630
0,-14.577072,15.359357,-14.575715,15.359683,-14.628305,15.365799
0,-14.575715,15.359683,-14.629540,15.366431,-14.628305,15.365799
0,-14.574358,15.360011,-14.630775,15.367065,-14.629540,15.366431
0,-14.573001,15.360338,-14.630775,15.367065,-14.574358,15.360011
0,-14.571644,15.360666,-14.632010,15.367700,-14.573001,15.360338
0,-14.567573,15.361648,-14.566216,15.361974,-14.636946,15.370246
0,-14.564858,15.362299,-14.638181,15.370885,-14.566216,15.361974
0,-14.640647,15.372163,-14.563500,15.362622,-14.562697,15.362812
0,-14.640647,15.372163,-14.639414,15.371524,-14.563500,15.362622
0,-14.633244,15.368336,-14.570287,15.360994,-14.634479,15.368972
0,-14.634479,15.368972,-14.568930,15.361322,-14.635713,15.369608
0,-14.586606,15.177263,-14.593227,15.169432,-14.541731,15.214579
0,-14.356188,15.382207,-14.401667,15.371747,-14.539083,15.223602
0,-14.562248,15.206070,-14.586606,15.177263,-14.545203,15.213139
0,-14.254700,15.382785,-14.541731,15.214579,-14.390265,14.623815
0,-14.545203,15.213139,-14.586606,15.177263,-14.541731,15.214579
0,-14.401667,15.371747,-14.523152,15.277858,-14.530548,15.252672
0,-14.486635,15.368356,-14.523753,15.316333,-14.522652,15.279559
0,-14.401667,15.371747,-14.522652,15.279559,-14.523152,15.277858
0,-14.644346,15.374086,-14.560784,15.363264,-14.559425,15.363581
0,-14.645578,15.374727,-14.559425,15.363581,-14.558066,15.363897
0,-14.646811,15.375370,-14.558066,15.363897,-14.556706,15.364211
0,-14.540387,15.367964,-14.539026,15.368275,-14.438466,15.501174
0,-14.438466,15.501174,-14.537666,15.368586,-14.443334,15.457423
0,-14.537666,15.368586,-14.536305,15.368898,-14.443334,15.457423
0,-14.442772,15.446227,-14.508349,15.370370,-14.504415,15.370104
0,-14.504415,15.370104,-14.500750,15.369644,-14.488457,15.369888
0,-14.442772,15.446227,-14.488457,15.369888,-14.485271,15.370268
0,-14.500750,15.369644,-14.496387,15.368943,-14.488457,15.369888
0,-14.533585,15.369519,-14.443334,15.457423,-14.534945,15.369208
0,-14.532225,15.369830,-14.443334,15.457423,-14.533585,15.369519
0,-14.530864,15.370141,-14.443334,15.457423,-14.532225,15.369830
0,-14.545828,15.366717,-14.544468,15.367028,-14.438746,15.506008
0,-14.541747,15.367652,-14.540387,15.367964,-14.438746,15.506008
0,-14.548548,15.366092,-14.547187,15.366404,-14.438746,15.506008
0,-14.547187,15.366404,-14.545828,15.366717,-14.438746,15.506008
0,-14.438746,15.506008,-14.544468,15.367028,-14.543107,15.367341
0,-14.648043,15.376013,-14.555346,15.364526,-14.649275,15.376656
0,-14.727218,15.501181,-14.552627,15.365153,-14.551268,15.365467
0,-14.727218,15.501181,-14.551268,15.365467,-14.439489,15.518824
0,-14.551268,15.365467,-14.549908,15.365779,-14.439489,15.518824
0,-14.549908,15.365779,-14.548548,15.366092,-14.439489,15.518824
0,-14.529504,15.370452,-14.443334,15.457423,-14.530864,15.370141
0,-14.529504,15.370452,-14.528143,15.370763,-14.443334,15.457423
0,-14.523017,15.371180,-14.516417,15.370906,-14.442772,15.446227
0,-14.516417,15.370906,-14.508349,15.370370,-14.442772,15.446227
0,-14.442772,15.446227,-14.504415,15.370104,-14.488457,15.369888
0,-14.465233,15.677611,-14.451945,15.649252,-14.453651,15.659594
0,-14.442796,15.576824,-14.410613,15.603708,-14.451945,15.649252
0,-14.438466,15.501174,-14.539026,15.368275,-14.537666,15.368586
0,-14.528143,15.370763,-14.526783,15.371073,-14.443334,15.457423
0,-14.526783,15.371073,-14.523017,15.371180,-14.443334,15.457423
0,-14.454093,15.662274,-14.465233,15.677611,-14.453651,15.659594
0,-14.621001,15.775701,-14.503268,15.756498,-14.595395,15.792344
0,-14.503268,15.756498,-14.499897,15.777930,-14.573342,15.806672
0,-14.503268,15.756498,-14.573342,15.806672,-14.595395,15.792344
0,-14.499897,15.777930,-14.533166,15.832764,-14.573342,15.806672
0,-14.573342,15.806672,-14.533166,15.832764,-14.533302,15.832989
0,-14.499897,15.777930,-14.495955,15.783855,-14.533166,15.832764
0,-14.451945,15.649252,-14.465233,15.677611,-14.490338,15.690276
0,-14.503268,15.756498,-14.621001,15.775701,-14.496033,15.708556
0,-14.621001,15.775701,-14.498619,15.696466,-14.496033,15.708556
0,-14.661700,15.700546,-14.442796,15.576824,-14.498619,15.696466
0,-14.468139,15.681612,-14.490338,15.690276,-14.465233,15.677611
0,-14.408190,15.605718,-14.410613,15.603708,-14.408203,15.605425
0,-14.410613,15.603708,-14.442796,15.576824,-14.416753,15.576857
0,-14.406999,15.648867,-14.416282,15.649026,-14.406315,15.647451
0,-14.408152,15.618697,-14.410613,15.603708,-14.408190,15.605718
0,-14.416282,15.649026,-14.408152,15.618697,-14.403746,15.642136
0,-14.416282,15.649026,-14.451945,15.649252,-14.408152,15.618697
0,-14.416282,15.649026,-14.406999,15.648867,-14.407048,15.648967
0,-14.408152,15.618697,-14.405125,15.618557,-14.399789,15.634867
0,-14.405125,15.618557,-14.403617,15.618487,-14.399789,15.634867
0,-14.408152,15.618697,-14.399789,15.634867,-14.403746,15.642136
0,-14.207123,15.484958,-14.213462,15.502060,-14.214571,15.491983
0,-14.439489,15.518824,-14.548548,15.366092,-14.438746,15.506008
0,-14.442159,15.564878,-14.442592,15.572345,-14.736222,15.554247
0,-14.442796,15.576824,-14.736222,15.554247,-14.442592,15.572345
0,-14.442071,15.563362,-14.736222,15.554247,-14.442067,15.563297
0,-14.443334,15.457423,-14.523017,15.371180,-14.442772,15.446227
0,-14.438466,15.501174,-14.443334,15.457423,-14.440362,15.462152
0,-14.438746,15.506008,-14.540387,15.367964,-14.438466,15.501174
0,-14.442772,15.446227,-14.485271,15.370268,-14.405592,15.378455
0,-14.405592,15.378455,-14.485271,15.370268,-14.401667,15.371747
0,-14.442772,15.446227,-14.405592,15.378455,-14.398900,15.394408
0,-13.971849,15.495401,-14.007327,15.545846,-14.008723,15.545924
0,-13.971849,15.495401,-14.005930,15.545769,-14.007327,15.545846
0,-13.971849,15.495401,-14.004534,15.545694,-14.005930,15.545769
0,-13.971849,15.495401,-14.003137,15.545618,-14.004534,15.545694
0,-13.971849,15.495401,-14.001741,15.545543,-14.003137,15.545618
0,-14.015704,15.546321,-13.971849,15.495401,-14.014308,15.546240
0,-14.014308,15.546240,-13.971849,15.495401,-14.012912,15.546159
0,-14.022683,15.546739,-13.971849,15.495373,-14.022528,15.546729
0,-14.022528,15.546729,-13.971849,15.495373,-14.021287,15.546653
0,-14.021287,15.546653,-13.971849,15.495373,-14.019891,15.546569
0,-14.019891,15.546569,-13.971849,15.495401,-14.018495,15.546485
0,-14.018495,15.546485,-13.971849,15.495401,-14.017100,15.546403
0,-14.017100,15.546403,-13.971849,15.495401,-14.015704,15.546321
0,-14.181920,15.452638,-14.096644,15.549407,-14.110810,15.549907
0,-14.174767,15.515039,-14.197840,15.510914,-14.200316,15.478537
0,-14.024651,15.546857,-14.024078,15.546824,-14.024506,15.546851
0,-14.024593,15.546855,-14.024651,15.546857,-14.024506,15.546851
0,-14.024543,15.546853,-14.024593,15.546855,-14.024506,15.546851
0,-14.024078,15.546824,-14.024651,15.546857,-13.971849,15.495373
0,-14.022683,15.546739,-14.024078,15.546824,-13.971849,15.495373
0,-13.971849,15.495401,-13.996154,15.545251,-13.997551,15.545323
0,-13.971849,15.495401,-13.995932,15.545240,-13.996154,15.545251
0,-13.971849,15.495401,-14.000344,15.545469,-14.001741,15.545543
0,-13.971849,15.495401,-13.998948,15.545396,-14.000344,15.545469
0,-13.971849,15.495401,-13.997551,15.545323,-13.998948,15.545396
0,-13.971849,15.495401,-13.995234,15.545204,-13.995932,15.545240
0,-13.971849,15.495401,-13.994757,15.545179,-13.995234,15.545204
0,-13.971849,15.495401,-13.991964,15.545038,-13.993360,15.545108
0,-13.971849,15.495401,-13.989169,15.544897,-13.990566,15.544967
0,-13.971849,15.495401,-13.987772,15.544828,-13.989169,15.544897
0,-13.971849,15.495401,-13.980786,15.544490,-13.982183,15.544556
0,-13.983581,15.544624,-13.971849,15.495401,-13.982183,15.544556
0,-13.971849,15.495401,-13.986375,15.544760,-13.987772,15.544828
0,-13.971849,15.495401,-13.984978,15.544691,-13.986375,15.544760
0,-13.971849,15.495401,-13.983581,15.544624,-13.984978,15.544691
0,-13.979389,15.544424,-13.980786,15.544490,-13.971849,15.495401
0,-13.968209,15.543905,-13.969606,15.543969,-13.971849,15.495401
0,-13.971849,15.495401,-13.972402,15.544098,-13.973799,15.544162
0,-13.971849,15.495401,-13.972143,15.544086,-13.972402,15.544098
0,-13.971849,15.495401,-13.971004,15.544033,-13.972143,15.544086
0,-13.971849,15.495401,-13.969606,15.543969,-13.971004,15.544033
0,-13.805908,15.523084,-13.818364,15.473479,-13.712246,15.498439
0,-13.976594,15.544292,-13.977991,15.544357,-13.971849,15.495401
0,-13.712246,15.498439,-13.818364,15.473479,-13.637346,15.465794
0,-13.667850,15.486741,-13.637346,15.465794,-13.661183,15.484984
0,-13.971849,15.495373,-13.971843,15.495400,-13.971849,15.495401
0,-14.185078,15.464848,-14.174767,15.515039,-14.200316,15.478537
0,-14.213462,15.502060,-14.197840,15.510914,-14.212783,15.508241
0,-14.110810,15.549907,-14.177478,15.530582,-14.174767,15.515039
0,-14.110810,15.549907,-14.181280,15.552376,-14.177478,15.530582
0,-14.207123,15.484958,-14.197840,15.510914,-14.213462,15.502060
0,-14.200316,15.478537,-14.197840,15.510914,-14.207123,15.484958
0,-14.197593,15.464894,-14.201074,15.473996,-14.201108,15.464907
0,-14.198347,15.413232,-13.971849,15.495373,-14.196336,15.418058
0,-13.679023,15.086446,-13.910431,15.488228,-13.971849,15.495373
0,-13.679023,15.086446,-14.198347,15.413232,-14.201587,15.411483
0,-13.679023,15.086446,-13.971849,15.495373,-14.198347,15.413232
0,-13.971849,15.495373,-14.192345,15.427632,-14.196336,15.418058
0,-13.679023,15.086446,-14.227035,15.397735,-14.238534,15.391522
0,-13.679023,15.086446,-14.210740,15.406539,-14.227035,15.397735
0,-13.679023,15.086446,-14.201587,15.411483,-14.210740,15.406539
0,-14.356188,15.382207,-14.541731,15.214579,-14.278827,15.383214
0,-14.278827,15.383214,-14.541731,15.214579,-14.273084,15.383112
0,-14.273084,15.383112,-14.541731,15.214579,-14.264136,15.382953
0,-14.541731,15.214579,-14.254700,15.382785,-14.264136,15.382953
0,-14.054663,14.567725,-14.054232,14.567768,-14.254700,15.382785
0,-14.254700,15.382785,-13.679023,15.086446,-14.245251,15.387891
0,-13.971849,15.495373,-14.188011,15.438029,-14.192345,15.427632
0,-13.971849,15.495373,-14.184084,15.447448,-14.188011,15.438029
0,-13.971849,15.495373,-14.087771,15.549094,-14.181920,15.452638
0,-14.201074,15.473996,-14.185078,15.464848,-14.200316,15.478537
0,-14.183139,15.457352,-14.174767,15.515039,-14.185078,15.464848
0,-13.971849,15.495373,-14.181920,15.452638,-14.184084,15.447448
0,-14.087771,15.549094,-14.096644,15.549407,-14.181920,15.452638
0,-13.818364,15.473479,-13.627559,15.457912,-13.637346,15.465794
0,-13.818364,15.473479,-13.585298,15.215589,-13.627559,15.457912
0,-13.580482,15.220548,-13.557362,15.401358,-13.627559,15.457912
0,-13.580482,15.220548,-13.471804,15.332360,-13.557362,15.401358
0,-13.585298,15.215589,-13.818364,15.473479,-13.606553,15.165457
0,-13.584644,15.137467,-13.583882,15.138664,-13.606553,15.165457
0,-13.581290,15.219716,-13.627559,15.457912,-13.585298,15.215589
0,-13.606553,15.165457,-13.580993,15.146222,-13.580427,15.148849
0,-13.580482,15.220548,-13.627559,15.457912,-13.581290,15.219716
0,-13.523934,14.794063,-13.523968,14.796034,-13.524487,14.790695
0,-13.489739,14.912844,-13.490158,14.912857,-13.489947,14.912242
0,-13.489947,14.912242,-13.490158,14.912857,-13.492275,14.907684
0,-13.502891,14.891303,-13.551091,14.914727,-13.505918,14.886387
0,-13.523478,14.803813,-13.518472,14.837631,-13.551091,14.914727
0,-13.502891,14.891303,-13.499501,14.896334,-13.551091,14.914727
0,-13.499501,14.896334,-13.499162,14.896825,-13.551091,14.914727
0,-13.499162,14.896825,-13.495530,14.902074,-13.551091,14.914727
0,-13.495530,14.902074,-13.492275,14.907684,-13.551091,14.914727
0,-13.509549,14.881358,-13.551091,14.914727,-13.511620,14.876219
0,-13.517666,14.848310,-13.518703,14.854211,-13.518141,14.839834
0,-13.517393,14.845876,-13.517666,14.848310,-13.517610,14.844133
0,-13.511620,14.876219,-13.551091,14.914727,-13.514387,14.869811
0,-13.517929,14.824648,-13.517010,14.827209,-13.517049,14.829650
0,-13.518472,14.837631,-13.522218,14.807430,-13.519482,14.816279
0,-13.514387,14.869811,-13.551091,14.914727,-13.516118,14.865375
0,-13.517666,14.848310,-13.518141,14.839834,-13.517610,14.844133
0,-13.518089,14.853058,-13.518703,14.854211,-13.517666,14.848310
0,-13.523675,14.800795,-13.576904,14.735706,-13.523968,14.796034
0,-13.523675,14.800795,-13.523968,14.796034,-13.523648,14.799286
0,-13.524487,14.790695,-13.523968,14.796034,-13.525708,14.784530
0,-13.525708,14.784530,-13.524570,14.788029,-13.524487,14.790695
0,-13.519482,14.816279,-13.518254,14.821975,-13.518048,14.833109
0,-13.530021,14.769045,-13.541397,14.748599,-13.529937,14.763486
0,-13.529937,14.763486,-13.541397,14.748599,-13.537621,14.750618
0,-13.528759,14.772897,-13.576904,14.735706,-13.530021,14.769045
0,-13.526246,14.780582,-13.525708,14.784530,-13.527635,14.775690
0,-13.526246,14.780582,-13.527635,14.775690,-13.527493,14.776043
0,-13.522895,14.804867,-13.522218,14.807430,-13.523478,14.803813
0,-13.519482,14.816279,-13.518048,14.833109,-13.518472,14.837631
0,-13.518254,14.821975,-13.517929,14.824648,-13.518048,14.833109
0,-13.518703,14.854211,-13.551091,14.914727,-13.518472,14.837631
0,-13.556734,14.986797,-13.564580,14.992481,-13.551091,14.914727
0,-13.517847,14.861174,-13.516118,14.865375,-13.551091,14.914727
0,-13.517610,14.844133,-13.518141,14.839834,-13.517814,14.841577
0,-13.518703,14.854211,-13.518472,14.837631,-13.518141,14.839834
0,-13.523478,14.803813,-13.551091,14.914727,-13.636727,14.722443
0,-13.518403,14.858737,-13.517847,14.861174,-13.551091,14.914727
0,-13.518403,14.858737,-13.551091,14.914727,-13.518599,14.855837
0,-13.606553,15.165457,-13.581511,15.143920,-13.580993,15.146222
0,-13.579713,15.152649,-13.580427,15.148849,-13.579809,15.150734
0,-13.579713,15.152649,-13.606553,15.165457,-13.580427,15.148849
0,-13.606553,15.165457,-13.588956,15.125726,-13.588099,15.127293
0,-13.588099,15.127293,-13.586209,15.130192,-13.585640,15.133144
0,-13.585640,15.133144,-13.584644,15.137467,-13.606553,15.165457
0,-13.583882,15.138664,-13.581511,15.143920,-13.606553,15.165457
0,-13.583882,15.138664,-13.582272,15.141430,-13.581511,15.143920
0,-13.595116,15.117114,-13.590948,15.122737,-13.598392,15.114206
0,-13.590948,15.122737,-13.589859,15.124204,-13.588956,15.125726
0,-13.591890,15.120980,-13.595116,15.117114,-13.592605,15.119738
0,-13.595116,15.117114,-13.593602,15.118126,-13.592605,15.119738
0,-13.595116,15.117114,-13.598392,15.114206,-13.596497,15.115134
0,-13.595116,15.117114,-13.591890,15.120980,-13.590948,15.122737
0,-13.623914,15.099953,-13.620781,15.100829,-13.626285,15.100085
0,-13.618784,15.100193,-13.616940,15.100607,-13.620781,15.100829
0,-13.604132,15.109966,-13.607352,15.107021,-13.605409,15.108310
0,-13.611341,15.104522,-13.609392,15.105215,-13.607352,15.107021
0,-13.604132,15.109966,-13.601994,15.111119,-13.600245,15.112599
0,-13.647262,15.097663,-13.641332,15.098224,-13.606553,15.165457
0,-13.635063,15.099343,-13.641332,15.098224,-13.637440,15.098643
0,-13.664822,15.094135,-13.651296,15.096692,-13.649682,15.097388
0,-13.647262,15.097663,-13.645605,15.097716,-13.641332,15.098224
0,-13.645605,15.097716,-13.643613,15.097858,-13.641332,15.098224
0,-14.054232,14.567768,-14.052910,14.567899,-14.254700,15.382785
0,-13.564066,14.618399,-13.854633,14.521428,-13.809445,14.451327
0,-14.254700,15.382785,-14.052910,14.567899,-13.679023,15.086446
0,-13.636727,14.722443,-13.551091,14.914727,-13.623373,15.032304
0,-13.606553,15.165457,-13.649682,15.097388,-13.647262,15.097663
0,-13.606553,15.165457,-13.664822,15.094135,-13.649682,15.097388
0,-13.653295,15.067759,-13.635683,15.052027,-13.639801,15.061102
0,-13.577397,15.007508,-13.551091,14.914727,-13.564580,14.992481
0,-13.606553,15.165457,-13.641332,15.098224,-13.635063,15.099343
0,-13.653295,15.067759,-13.631913,15.043716,-13.635683,15.052027
0,-13.671102,15.073843,-13.959475,14.577160,-13.636727,14.722443
0,-13.606553,15.165457,-13.635063,15.099343,-13.632121,15.099669
0,-13.606553,15.165457,-13.630278,15.099847,-13.626285,15.100085
0,-13.606553,15.165457,-13.632121,15.099669,-13.630278,15.099847
0,-13.577397,15.007508,-13.623373,15.032304,-13.551091,14.914727
0,-13.631913,15.043716,-13.671102,15.073843,-13.623373,15.032304
0,-13.577397,15.007508,-13.600658,15.024991,-13.623373,15.032304
0,-13.587144,15.021918,-13.600658,15.024991,-13.577397,15.007508
0,-14.254700,15.382785,-14.390265,14.623815,-14.278104,14.584990
0,-14.541731,15.214579,-14.611877,15.143010,-14.390265,14.623815
0,-14.296998,14.588448,-14.390265,14.623815,-14.382596,14.618807
0,-14.296998,14.588448,-14.382596,14.618807,-14.366264,14.601114
0,-14.278104,14.584990,-14.390265,14.623815,-14.296998,14.588448
0,-14.400183,14.622325,-14.766212,14.874562,-14.404062,14.621054
0,-14.396669,14.623475,-14.766212,14.874562,-14.400183,14.622325
0,-14.611877,15.143010,-14.766212,14.874562,-14.396669,14.623475
0,-14.611877,15.143010,-14.396669,14.623475,-14.391944,14.623726
0,-14.611877,15.143010,-14.391192,14.623766,-14.390265,14.623815
0,-14.611877,15.143010,-14.391944,14.623726,-14.391192,14.623766
0,-14.425976,14.609477,-14.461133,14.595666,-14.445205,14.600973
0,-14.769182,14.781571,-14.609429,14.583460,-14.461133,14.595666
0,-14.487500,14.584325,-14.501051,14.577229,-14.496658,14.578823
0,-14.559375,14.567976,-14.541330,14.561971,-14.535877,14.561960
0,-14.461133,14.595666,-14.487500,14.584325,-14.478346,14.587689
0,-14.571731,14.574456,-14.501051,14.577229,-14.487500,14.584325
0,-14.609429,14.583460,-14.576283,14.574560,-14.571731,14.574456
0,-14.598237,14.578657,-14.586041,14.574506,-14.576283,14.574560
0,-14.571731,14.574456,-14.565008,14.571552,-14.501051,14.577229
0,-14.559375,14.567976,-14.553742,14.564496,-14.541334,14.561971
0,-14.518964,14.563233,-14.518968,14.563233,-14.518966,14.563232
0,-14.501051,14.577229,-14.559375,14.567976,-14.531583,14.562300
0,-14.501051,14.577229,-14.518964,14.563233,-14.512972,14.562697
0,-14.501051,14.577229,-14.518968,14.563233,-14.518964,14.563233
0,-14.527020,14.562813,-14.501051,14.577229,-14.531583,14.562300
0,-14.527016,14.562813,-14.501051,14.577229,-14.527020,14.562813
0,-14.522815,14.562805,-14.501051,14.577229,-14.527016,14.562813
0,-14.541334,14.561971,-14.548588,14.561760,-14.545988,14.560934
0,-14.548588,14.561760,-14.547910,14.561400,-14.545988,14.560934
0,-14.559375,14.567976,-14.541334,14.561971,-14.541330,14.561971
0,-14.553742,14.564496,-14.548588,14.561760,-14.541334,14.561971
0,-14.531583,14.562300,-14.559375,14.567976,-14.535877,14.561960
0,-14.194770,14.543522,-14.220547,14.548343,-14.221318,14.546986
0,-14.225261,14.553452,-14.272675,14.581730,-14.226021,14.553700
0,-14.221842,14.552346,-14.272675,14.581730,-14.225261,14.553452
0,-14.219393,14.551542,-14.272675,14.581730,-14.221842,14.552346
0,-14.076919,14.565513,-14.218834,14.551359,-14.194770,14.543522
0,-14.076919,14.565513,-14.194770,14.543522,-14.193808,14.543211
0,-14.218834,14.551359,-14.220547,14.548343,-14.194770,14.543522
0,-14.076919,14.565513,-14.193808,14.543211,-14.191579,14.542491
0,-14.076919,14.565513,-14.191579,14.542491,-14.189487,14.541820
0,-14.189487,14.541820,-14.187463,14.541166,-14.186783,14.540964
0,-14.189487,14.541820,-14.186783,14.540964,-14.076919,14.565513
0,-13.696643,14.408928,-13.666740,14.408252,-13.564066,14.618399
0,-13.854633,14.521428,-13.564066,14.618399,-13.606365,14.682074
0,-13.559138,14.638251,-13.558388,14.640777,-13.571159,14.645115
0,-13.756448,14.410270,-13.809445,14.451327,-13.775546,14.410695
0,-13.809445,14.451327,-13.783380,14.410869,-13.775546,14.410695
0,-14.076919,14.565513,-14.142312,14.526309,-14.135283,14.523926
0,-14.155163,14.530587,-14.076919,14.565513,-14.161753,14.532700
0,-14.150110,14.528855,-14.076919,14.565513,-14.155163,14.530587
0,-14.076919,14.565513,-14.182480,14.539540,-14.179895,14.538685
0,-14.076919,14.565513,-14.185099,14.540395,-14.182480,14.539540
0,-14.076919,14.565513,-14.179895,14.538685,-14.178313,14.538182
0,-14.076919,14.565513,-14.167410,14.534648,-14.161753,14.532700
0,-14.076919,14.565513,-14.178313,14.538182,-14.167410,14.534648
0,-13.679023,15.086446,-14.052910,14.567899,-13.959475,14.577160
0,-13.679023,15.086446,-13.959475,14.577160,-13.671102,15.073843
0,-13.523478,14.803813,-13.636727,14.722443,-13.576904,14.735706
0,-13.881721,14.563425,-13.854633,14.521428,-13.638986,14.704818
0,-14.142312,14.526309,-14.076919,14.565513,-14.150110,14.528855
0,-14.076919,14.565513,-14.054663,14.567725,-14.254700,15.382785
0,-13.636727,14.722443,-13.881721,14.563425,-13.638986,14.704818
0,-13.564066,14.618399,-13.587686,14.664024,-13.606365,14.682074
0,-13.564066,14.618399,-13.571159,14.645115,-13.587686,14.664024
0,-13.671102,15.073843,-13.636727,14.722443,-13.623373,15.032304
0,-13.854633,14.521428,-13.606365,14.682074,-13.638986,14.704818
0,-13.541397,14.748599,-13.530021,14.769045,-13.553271,14.742017
0,-13.533040,14.755091,-13.529937,14.763486,-13.537621,14.750618
0,-13.531754,14.757080,-13.529937,14.763486,-13.533040,14.755091
0,-13.542809,14.747179,-13.553271,14.742017,-13.543697,14.745395
0,-13.541397,14.748599,-13.553271,14.742017,-13.542809,14.747179
0,-13.534907,14.752400,-13.533040,14.755091,-13.537621,14.750618
0,-13.564066,14.618399,-13.616589,14.407109,-13.557997,14.409127
0,-13.559527,14.635596,-13.571159,14.645115,-13.559559,14.633508
0,-13.559138,14.638251,-13.571159,14.645115,-13.559527,14.635596
0,-13.559559,14.633508,-13.571159,14.645115,-13.559249,14.629809
0,-13.571159,14.645115,-13.564066,14.618399,-13.559249,14.629809
0,-13.666740,14.408252,-13.636838,14.407572,-13.564066,14.618399
0,-13.559249,14.629809,-13.564066,14.618399,-13.558725,14.624708
0,-13.564066,14.618399,-13.557997,14.409127,-13.556829,14.409167
0,-13.564066,14.618399,-13.557900,14.618471,-13.558725,14.624708
0,-13.971849,15.495401,-13.966812,15.543842,-13.968209,15.543905
0,-13.971849,15.495401,-13.965414,15.543779,-13.966812,15.543842
0,-13.971849,15.495401,-13.964016,15.543716,-13.965414,15.543779
0,-13.971849,15.495401,-13.962618,15.543653,-13.964016,15.543716
0,-13.971849,15.495401,-13.961221,15.543591,-13.962618,15.543653
0,-13.971849,15.495401,-13.960259,15.543547,-13.961221,15.543591
