43,7,43,56,61,
0,-16.673822,15.532444,-16.674795,15.531039,-16.689152,15.433262
0,-16.683712,15.518162,-16.691146,15.437892,-16.681572,15.521252
0,-16.692249,15.268489,-16.720947,15.372566,-16.713645,15.289222
0,-16.707300,15.279591,-16.704838,15.276790,-16.708055,15.282026
0,-16.513523,15.283868,-16.512441,15.280973,-16.512342,15.282764
0,-16.554023,15.226443,-16.635192,15.224905,-16.633801,15.222618
0,-16.543149,15.247591,-16.538980,15.255242,-16.635192,15.224905
0,-16.569151,15.196253,-16.615179,15.194266,-16.570541,15.194013
0,-16.675979,15.256058,-16.674465,15.254090,-16.661204,15.240955
0,-16.438894,15.382865,-16.436268,15.385276,-16.653933,15.561703
0,-16.679401,15.524388,-16.689152,15.433262,-16.678253,15.526046
0,-16.686672,15.264961,-16.682836,15.262532,-16.720947,15.372566
0,-16.626311,15.605831,-16.628176,15.602835,-16.628935,15.601542
0,-16.485477,15.642151,-16.637841,15.586970,-16.643094,15.579136
0,-16.646864,15.574399,-16.648989,15.570956,-16.643094,15.579136
0,-16.662645,15.548830,-16.664055,15.546545,-16.440655,15.381031
0,-16.580780,15.649652,-16.604978,15.641642,-16.608792,15.636523
0,-16.474392,15.648073,-16.447216,15.654168,-16.455609,15.658921
0,-16.462650,15.660289,-16.466091,15.659798,-16.474392,15.648073
0,-16.418225,15.630316,-16.418765,15.629633,-16.415628,15.628214
0,-16.636667,15.588809,-16.507118,15.646609,-16.632524,15.595482
0,-16.396615,15.427023,-16.394153,15.429662,-16.485477,15.642151
0,-16.440948,15.380352,-16.440655,15.381031,-16.469085,15.343385
0,-16.336889,15.559461,-16.338400,15.561025,-16.332223,15.551320
0,-16.461753,15.349850,-16.459429,15.351773,-16.440951,15.380345
0,-16.440087,15.381657,-16.438894,15.382865,-16.653933,15.561703
0,-16.451524,15.359074,-16.450863,15.359069,-16.440722,15.378947
0,-16.631230,15.217841,-16.620039,15.201860,-16.557452,15.219066
0,-16.434393,15.370412,-16.432078,15.367954,-16.431177,15.369883
0,-16.688634,15.430275,-16.470889,15.341728,-16.469085,15.343385
0,-16.667771,15.245688,-16.668974,15.246564,-16.668732,15.246107
0,-16.667771,15.245688,-16.666937,15.245325,-16.670065,15.248628
0,-16.537122,15.258650,-16.653597,15.235690,-16.635192,15.224905
0,-16.547614,15.239568,-16.543149,15.247591,-16.635192,15.224905
0,-16.619531,15.144712,-16.619295,15.148722,-16.621142,15.146468
0,-16.619531,15.144712,-16.617312,15.144728,-16.619295,15.148722
0,-16.631480,15.210438,-16.632015,15.209111,-16.629343,15.205474
0,-16.632145,15.208360,-16.631999,15.207082,-16.630717,15.205724
0,-16.612143,15.182391,-16.594356,15.170265,-16.589153,15.175101
0,-16.702439,15.274010,-16.692249,15.268489,-16.704838,15.276790
0,-16.653597,15.235690,-16.675979,15.256058,-16.661204,15.240955
0,-16.701191,15.447115,-16.706197,15.485656,-16.708239,15.482702
0,-16.720947,15.372566,-16.727703,15.354890,-16.713645,15.289222
0,-16.719751,15.458206,-16.720831,15.464927,-16.722217,15.462968
0,-16.701191,15.447115,-16.708239,15.482702,-16.709835,15.480475
0,-16.727703,15.354890,-16.728501,15.352319,-16.713645,15.289222
0,-16.724727,15.364529,-16.720947,15.372566,-16.723127,15.369304
0,-16.715534,15.290328,-16.713645,15.289222,-16.716291,15.291096
0,-16.724727,15.364529,-16.727418,15.357739,-16.727703,15.354890
0,-16.718738,15.380373,-16.720947,15.372566,-16.715520,15.386617
0,-16.509598,15.297407,-16.512438,15.293510,-16.511063,15.295255
0,-16.688347,15.425912,-16.473629,15.339297,-16.688634,15.430275
0,-16.716579,15.456604,-16.720831,15.464927,-16.719751,15.458206
0,-16.703655,15.489333,-16.706197,15.485656,-16.695837,15.442981
0,-16.716579,15.456604,-16.714538,15.454361,-16.710235,15.452477
0,-16.699907,15.494756,-16.695837,15.442981,-16.697260,15.498585
0,-16.697260,15.498585,-16.695837,15.442981,-16.691146,15.437892
0,-16.686836,15.513650,-16.688283,15.511560,-16.691146,15.437892
0,-16.691333,15.507156,-16.691146,15.437892,-16.689537,15.509749
0,-16.440655,15.381031,-16.664055,15.546545,-16.665870,15.543925
0,-16.675573,15.529915,-16.689152,15.433262,-16.674795,15.531039
0,-16.681572,15.521252,-16.689152,15.433262,-16.680448,15.522875
0,-16.631491,15.597524,-16.632524,15.595482,-16.630233,15.599548
0,-16.581116,15.654034,-16.573052,15.661939,-16.574579,15.661963
0,-16.631077,15.598272,-16.631491,15.597524,-16.630233,15.599548
0,-16.581556,15.659775,-16.581116,15.654034,-16.580904,15.660550
0,-16.619613,15.616861,-16.622446,15.612367,-16.623272,15.610734
0,-16.580780,15.649652,-16.557909,15.659117,-16.562865,15.659987
0,-16.430449,15.389815,-16.643094,15.579136,-16.436268,15.385276
0,-16.615471,15.623806,-16.618372,15.619040,-16.580780,15.649652
0,-16.655922,15.559723,-16.656894,15.558149,-16.653933,15.561703
0,-16.653600,15.563487,-16.653933,15.561703,-16.652602,15.565102
0,-16.651076,15.567576,-16.653933,15.561703,-16.648989,15.570956
0,-16.401324,15.621861,-16.340245,15.565072,-16.398081,15.621216
0,-16.384999,15.440338,-16.381634,15.445100,-16.394153,15.429662
0,-16.442127,15.648590,-16.447216,15.654168,-16.474392,15.648073
0,-16.580780,15.649652,-16.545732,15.655740,-16.547467,15.656223
0,-16.580780,15.649652,-16.573052,15.661939,-16.581116,15.654034
0,-16.466091,15.659798,-16.462650,15.660289,-16.463022,15.660361
0,-16.580904,15.660550,-16.581116,15.654034,-16.578384,15.661794
0,-16.578384,15.661794,-16.581116,15.654034,-16.577176,15.661962
0,-16.474392,15.648073,-16.476316,15.644302,-16.442127,15.648590
0,-16.455609,15.658921,-16.447216,15.654168,-16.450707,15.657059
0,-16.340245,15.565072,-16.340226,15.566429,-16.396963,15.620994
0,-16.340245,15.565072,-16.396963,15.620994,-16.398081,15.621216
0,-16.334147,15.556302,-16.334860,15.558149,-16.336889,15.559461
0,-16.340226,15.566429,-16.343119,15.588204,-16.362708,15.611601
0,-16.340245,15.565072,-16.401324,15.621861,-16.366938,15.460114
0,-16.332223,15.551320,-16.341421,15.487203,-16.320692,15.507359
0,-16.320692,15.507359,-16.313152,15.522515,-16.315498,15.526608
0,-16.336889,15.559461,-16.332223,15.551320,-16.334147,15.556302
0,-16.320692,15.507359,-16.318574,15.534509,-16.332223,15.551320
0,-16.320692,15.507359,-16.317511,15.531786,-16.317908,15.532805
0,-16.318574,15.534509,-16.320692,15.507359,-16.317908,15.532805
0,-16.353964,15.468714,-16.349041,15.479686,-16.358575,15.464956
0,-16.322198,15.503737,-16.322373,15.499549,-16.321253,15.501018
0,-16.363409,15.462036,-16.349041,15.479686,-16.366938,15.460114
0,-16.430449,15.389815,-16.404969,15.414907,-16.398342,15.425078
0,-16.432078,15.367954,-16.431914,15.368037,-16.431177,15.369883
0,-16.417521,15.400170,-16.410896,15.406703,-16.404969,15.414907
0,-16.443572,15.358195,-16.439728,15.361645,-16.450863,15.359069
0,-16.456355,15.354533,-16.440951,15.380345,-16.459429,15.351773
0,-16.513958,15.291175,-16.513673,15.291721,-16.515751,15.288047
0,-16.512868,15.279461,-16.512441,15.280973,-16.514056,15.284206
0,-16.531654,15.267156,-16.682836,15.262532,-16.675979,15.256058
0,-16.525330,15.268777,-16.523750,15.268631,-16.522475,15.268767
0,-16.618865,15.200449,-16.615179,15.194266,-16.569151,15.196253
0,-16.513673,15.291721,-16.512438,15.293510,-16.690751,15.416693
0,-16.509598,15.297407,-16.690751,15.416693,-16.512438,15.293510
0,-16.506047,15.302176,-16.504350,15.304519,-16.502030,15.308286
0,-16.490060,15.320813,-16.497391,15.313333,-16.494122,15.315850
0,-16.688883,15.421973,-16.690751,15.416693,-16.500702,15.310030
0,-16.479072,15.333151,-16.475053,15.337832,-16.688347,15.425912
0,-16.491524,15.318561,-16.490060,15.320813,-16.494122,15.315850
0,-16.483236,15.328062,-16.480354,15.331407,-16.479072,15.333151
0,-16.631999,15.207082,-16.631446,15.206027,-16.630717,15.205724
0,-16.631230,15.217841,-16.556628,15.220808,-16.633801,15.222618
0,-16.633801,15.222618,-16.635192,15.224905,-16.634059,15.222818
0,-16.538980,15.255242,-16.537122,15.258650,-16.635192,15.224905
0,-16.635192,15.224905,-16.634730,15.223337,-16.634059,15.222818
0,-16.641015,15.227340,-16.653597,15.235690,-16.651049,15.233432
0,-16.664207,15.243118,-16.661204,15.240955,-16.670065,15.248628
0,-16.655307,15.236534,-16.653597,15.235690,-16.661204,15.240955
0,-16.667771,15.245688,-16.670065,15.248628,-16.668974,15.246564
0,-16.666937,15.245325,-16.664207,15.243118,-16.670065,15.248628
0,-16.641015,15.227340,-16.635192,15.224905,-16.653597,15.235690
0,-16.640440,15.226991,-16.635192,15.224905,-16.641015,15.227340
0,-16.631312,15.212247,-16.626609,15.205337,-16.631230,15.217841
0,-16.632145,15.208360,-16.630717,15.205724,-16.629343,15.205474
0,-16.632015,15.209111,-16.632145,15.208360,-16.629343,15.205474
0,-16.631480,15.210438,-16.629079,15.205427,-16.626609,15.205337
0,-16.557452,15.219066,-16.556628,15.220808,-16.631230,15.217841
0,-16.613306,15.189076,-16.613206,15.188504,-16.583091,15.180937
0,-16.631480,15.210438,-16.629343,15.205474,-16.629079,15.205427
0,-16.615179,15.194266,-16.614541,15.191680,-16.613306,15.189076
0,-16.631312,15.212247,-16.631480,15.210438,-16.626609,15.205337
0,-16.562518,15.208419,-16.620039,15.201860,-16.618865,15.200449
0,-16.631230,15.217841,-16.626609,15.205337,-16.620039,15.201860
0,-16.619531,15.144712,-16.621142,15.146468,-16.621044,15.145348
0,-16.617312,15.144728,-16.613062,15.147795,-16.619295,15.148722
0,-16.613062,15.147795,-16.616611,15.151672,-16.619295,15.148722
0,-16.613062,15.147795,-16.610347,15.151081,-16.616611,15.151672
0,-16.600813,15.158922,-16.613990,15.162077,-16.614147,15.156296
0,-16.613990,15.162077,-16.600813,15.158922,-16.613353,15.165969
0,-16.612932,15.169211,-16.613353,15.165969,-16.597801,15.164303
0,-16.610347,15.151081,-16.614147,15.156296,-16.616611,15.151672
0,-16.613353,15.165969,-16.600813,15.158922,-16.597801,15.164303
0,-16.600813,15.158922,-16.614147,15.156296,-16.610347,15.151081
0,-16.612306,15.174615,-16.612932,15.169211,-16.597801,15.164303
0,-16.612306,15.174615,-16.597801,15.164303,-16.594356,15.170265
0,-16.612114,15.178504,-16.612306,15.174615,-16.594356,15.170265
0,-16.612143,15.182391,-16.612114,15.178504,-16.594356,15.170265
0,-16.583091,15.180937,-16.613206,15.188504,-16.589153,15.175101
0,-16.573925,15.189862,-16.615179,15.194266,-16.577024,15.186059
0,-16.577024,15.186059,-16.615179,15.194266,-16.580999,15.182704
0,-16.517316,15.271341,-16.514479,15.274325,-16.515561,15.284921
0,-16.513241,15.278265,-16.514479,15.274325,-16.513480,15.276573
0,-16.620039,15.201860,-16.562518,15.208419,-16.561925,15.209610
0,-16.618865,15.200449,-16.569151,15.196253,-16.566227,15.200966
0,-16.618865,15.200449,-16.566227,15.200966,-16.562518,15.208419
0,-16.582766,15.181212,-16.613306,15.189076,-16.583091,15.180937
0,-16.613206,15.188504,-16.612143,15.182391,-16.589153,15.175101
0,-16.580999,15.182704,-16.613306,15.189076,-16.582766,15.181212
0,-16.615179,15.194266,-16.613306,15.189076,-16.580999,15.182704
0,-16.570541,15.194013,-16.615179,15.194266,-16.573925,15.189862
0,-16.692249,15.268489,-16.702439,15.274010,-16.693658,15.268794
0,-16.693658,15.268794,-16.702439,15.274010,-16.702187,15.273718
0,-16.687830,15.265470,-16.691612,15.267756,-16.690736,15.266747
0,-16.691612,15.267756,-16.687830,15.265470,-16.692249,15.268489
0,-16.707485,15.396348,-16.697326,15.408564,-16.703330,15.402137
0,-16.537122,15.258650,-16.675979,15.256058,-16.653597,15.235690
0,-16.673044,15.252157,-16.661204,15.240955,-16.674465,15.254090
0,-16.670065,15.248628,-16.661204,15.240955,-16.673044,15.252157
0,-16.684402,15.262854,-16.682836,15.262532,-16.686672,15.264961
0,-16.681086,15.260285,-16.675979,15.256058,-16.682836,15.262532
0,-16.692249,15.268489,-16.686672,15.264961,-16.720947,15.372566
0,-16.692249,15.268489,-16.687830,15.265470,-16.686672,15.264961
0,-16.703330,15.402137,-16.697326,15.408564,-16.699549,15.406820
0,-16.703142,15.402961,-16.703330,15.402137,-16.699549,15.406820
0,-16.682836,15.262532,-16.515751,15.288047,-16.697326,15.408564
0,-16.688819,15.427797,-16.688347,15.425912,-16.688634,15.430275
0,-16.688883,15.421973,-16.500702,15.310030,-16.688674,15.422565
0,-16.707485,15.396348,-16.682836,15.262532,-16.697326,15.408564
0,-16.696082,15.269318,-16.702187,15.273718,-16.701002,15.272209
0,-16.696082,15.269318,-16.693658,15.268794,-16.702187,15.273718
0,-16.692249,15.268489,-16.708055,15.282026,-16.704838,15.276790
0,-16.692249,15.268489,-16.710881,15.285507,-16.708055,15.282026
0,-16.708055,15.282026,-16.710856,15.285473,-16.709379,15.283489
0,-16.682836,15.262532,-16.707485,15.396348,-16.720947,15.372566
0,-16.707485,15.396348,-16.712738,15.390470,-16.720947,15.372566
0,-16.712738,15.390470,-16.715520,15.386617,-16.720947,15.372566
0,-16.727418,15.357739,-16.724727,15.364529,-16.725300,15.363984
0,-16.727703,15.354890,-16.720947,15.372566,-16.724727,15.364529
0,-16.713645,15.289222,-16.728501,15.352319,-16.716291,15.291096
0,-16.710881,15.285507,-16.692249,15.268489,-16.713645,15.289222
0,-16.710856,15.285473,-16.708055,15.282026,-16.710881,15.285507
0,-16.716291,15.291096,-16.715548,15.290329,-16.715534,15.290328
0,-16.728501,15.352319,-16.733694,15.340573,-16.733788,15.339469
0,-16.740059,15.315182,-16.742269,15.309951,-16.729559,15.294528
0,-16.740513,15.299073,-16.741550,15.299536,-16.741318,15.299314
0,-16.718981,15.291792,-16.740059,15.315182,-16.729559,15.294528
0,-16.740070,15.298695,-16.742269,15.309951,-16.740513,15.299073
0,-16.729559,15.294528,-16.742269,15.309951,-16.740070,15.298695
0,-16.741455,15.299355,-16.741318,15.299314,-16.741550,15.299536
0,-16.741550,15.299536,-16.740513,15.299073,-16.743168,15.302613
0,-16.743168,15.302613,-16.740513,15.299073,-16.742269,15.309951
0,-16.716291,15.291096,-16.738029,15.324136,-16.718981,15.291792
0,-16.718981,15.291792,-16.738029,15.324136,-16.740059,15.315182
0,-16.740059,15.315182,-16.738029,15.324136,-16.740052,15.316610
0,-16.738029,15.324136,-16.733788,15.339469,-16.737278,15.331345
0,-16.716291,15.291096,-16.733788,15.339469,-16.738029,15.324136
0,-16.716291,15.291096,-16.728501,15.352319,-16.733788,15.339469
0,-16.691146,15.437892,-16.689152,15.433262,-16.681572,15.521252
0,-16.724409,15.459867,-16.719751,15.458206,-16.722217,15.462968
0,-16.720831,15.464927,-16.716579,15.456604,-16.717742,15.469296
0,-16.701191,15.447115,-16.695837,15.442981,-16.706197,15.485656
0,-16.694541,15.502519,-16.691146,15.437892,-16.693217,15.504435
0,-16.689152,15.433262,-16.691146,15.437892,-16.690145,15.434829
0,-16.716120,15.471589,-16.716579,15.456604,-16.710235,15.452477
0,-16.709835,15.480475,-16.710653,15.479319,-16.701191,15.447115
0,-16.716120,15.471589,-16.717742,15.469296,-16.716579,15.456604
0,-16.701524,15.492418,-16.703371,15.489744,-16.695837,15.442981
0,-16.703655,15.489333,-16.695837,15.442981,-16.703371,15.489744
0,-16.699907,15.494756,-16.701524,15.492418,-16.695837,15.442981
0,-16.693217,15.504435,-16.691146,15.437892,-16.691333,15.507156
0,-16.697260,15.498585,-16.691146,15.437892,-16.695631,15.500943
0,-16.695631,15.500943,-16.691146,15.437892,-16.694541,15.502519
0,-16.701191,15.447115,-16.712204,15.477126,-16.710235,15.452477
0,-16.701191,15.447115,-16.710653,15.479319,-16.712204,15.477126
0,-16.713661,15.475065,-16.714604,15.473733,-16.710235,15.452477
0,-16.710235,15.452477,-16.714604,15.473733,-16.716120,15.471589
0,-16.712204,15.477126,-16.713661,15.475065,-16.710235,15.452477
0,-16.689537,15.509749,-16.691146,15.437892,-16.688283,15.511560
0,-16.684555,15.516946,-16.685745,15.515227,-16.691146,15.437892
0,-16.680448,15.522875,-16.689152,15.433262,-16.679401,15.524388
0,-16.691146,15.437892,-16.685745,15.515227,-16.686836,15.513650
0,-16.684555,15.516946,-16.691146,15.437892,-16.683712,15.518162
0,-16.675573,15.529915,-16.677248,15.527497,-16.689152,15.433262
0,-16.678253,15.526046,-16.689152,15.433262,-16.677248,15.527497
0,-16.672234,15.534737,-16.673131,15.533442,-16.689152,15.433262
0,-16.440655,15.381031,-16.665870,15.543925,-16.667294,15.541870
0,-16.689152,15.433262,-16.673131,15.533442,-16.673822,15.532444
0,-16.671490,15.535810,-16.672234,15.534737,-16.689152,15.433262
0,-16.653933,15.561703,-16.661476,15.550724,-16.440087,15.381657
0,-16.653933,15.561703,-16.656894,15.558149,-16.658121,15.556162
0,-16.661476,15.550724,-16.662645,15.548830,-16.440087,15.381657
0,-16.658121,15.556162,-16.659487,15.553947,-16.653933,15.561703
0,-16.660122,15.552919,-16.661476,15.550724,-16.653933,15.561703
0,-16.659487,15.553947,-16.660122,15.552919,-16.653933,15.561703
0,-16.667294,15.541870,-16.689152,15.433262,-16.440655,15.381031
0,-16.667294,15.541870,-16.668699,15.539840,-16.689152,15.433262
0,-16.668823,15.539662,-16.689152,15.433262,-16.668699,15.539840
0,-16.671490,15.535810,-16.689152,15.433262,-16.670915,15.536641
0,-16.670915,15.536641,-16.689152,15.433262,-16.669642,15.538480
0,-16.669642,15.538480,-16.689152,15.433262,-16.668823,15.539662
0,-16.623272,15.610734,-16.519360,15.649131,-16.527735,15.651426
0,-16.615471,15.623806,-16.617098,15.622608,-16.618372,15.619040
0,-16.536256,15.653197,-16.619613,15.616861,-16.623272,15.610734
0,-16.621204,15.614613,-16.622446,15.612367,-16.619613,15.616861
0,-16.615078,15.625877,-16.615471,15.623806,-16.612226,15.629184
0,-16.618372,15.619040,-16.619613,15.616861,-16.580780,15.649652
0,-16.610685,15.633242,-16.612226,15.629184,-16.609529,15.635246
0,-16.609529,15.635246,-16.612226,15.629184,-16.580780,15.649652
0,-16.604249,15.644397,-16.604978,15.641642,-16.599051,15.649314
0,-16.608792,15.636523,-16.609529,15.635246,-16.580780,15.649652
0,-16.608792,15.636523,-16.604978,15.641642,-16.607810,15.638225
0,-16.607810,15.638225,-16.604978,15.641642,-16.606607,15.640309
0,-16.580904,15.660550,-16.578384,15.661794,-16.580248,15.661088
0,-16.580248,15.661088,-16.578384,15.661794,-16.579427,15.661627
0,-16.577176,15.661962,-16.581116,15.654034,-16.576961,15.661964
0,-16.576351,15.661968,-16.581116,15.654034,-16.575361,15.661975
0,-16.576961,15.661964,-16.581116,15.654034,-16.576351,15.661968
0,-16.575361,15.661975,-16.581116,15.654034,-16.574579,15.661963
0,-16.580780,15.649652,-16.562865,15.659987,-16.573052,15.661939
0,-16.604249,15.644397,-16.599051,15.649314,-16.601164,15.649275
0,-16.604978,15.641642,-16.580780,15.649652,-16.599051,15.649314
0,-16.612226,15.629184,-16.615471,15.623806,-16.580780,15.649652
0,-16.601579,15.649267,-16.604249,15.644397,-16.601437,15.649270
0,-16.604249,15.644397,-16.601164,15.649275,-16.601437,15.649270
0,-16.626311,15.605831,-16.519360,15.649131,-16.623272,15.610734
0,-16.625345,15.607465,-16.626311,15.605831,-16.623272,15.610734
0,-16.628935,15.601542,-16.629556,15.600520,-16.519360,15.649131
0,-16.625044,15.609740,-16.625345,15.607465,-16.623272,15.610734
0,-16.627349,15.604468,-16.628176,15.602835,-16.626311,15.605831
0,-16.629556,15.600520,-16.630040,15.599839,-16.630233,15.599548
0,-16.626311,15.605831,-16.628935,15.601542,-16.519360,15.649131
0,-16.629556,15.600520,-16.632524,15.595482,-16.519360,15.649131
0,-16.629556,15.600520,-16.630233,15.599548,-16.632524,15.595482
0,-16.632044,15.596706,-16.632524,15.595482,-16.631491,15.597524
0,-16.635082,15.591735,-16.636518,15.591158,-16.636256,15.589964
0,-16.648989,15.570956,-16.653933,15.561703,-16.643094,15.579136
0,-16.641820,15.582569,-16.643094,15.579136,-16.639020,15.585741
0,-16.653933,15.561703,-16.436268,15.385276,-16.643094,15.579136
0,-16.652602,15.565102,-16.653933,15.561703,-16.651076,15.567576
0,-16.639020,15.585741,-16.643094,15.579136,-16.637841,15.586970
0,-16.636667,15.588809,-16.637357,15.587652,-16.507118,15.646609
0,-16.485477,15.642151,-16.643094,15.579136,-16.430449,15.389815
0,-16.635082,15.591735,-16.636667,15.588809,-16.632524,15.595482
0,-16.635082,15.591735,-16.636256,15.589964,-16.636667,15.588809
0,-16.634668,15.592484,-16.633286,15.594663,-16.633912,15.594116
0,-16.634668,15.592484,-16.632524,15.595482,-16.633286,15.594663
0,-16.635082,15.591735,-16.632524,15.595482,-16.634668,15.592484
0,-16.637841,15.586970,-16.485477,15.642151,-16.637357,15.587652
0,-16.476316,15.644302,-16.437317,15.639825,-16.439305,15.644413
0,-16.394153,15.429662,-16.381634,15.445100,-16.485477,15.642151
0,-16.398342,15.425078,-16.485477,15.642151,-16.430449,15.389815
0,-16.396615,15.427023,-16.485477,15.642151,-16.398342,15.425078
0,-16.396615,15.427023,-16.398342,15.425078,-16.396564,15.426985
0,-16.387514,15.436781,-16.384999,15.440338,-16.394153,15.429662
0,-16.419528,15.628549,-16.415628,15.628214,-16.418765,15.629633
0,-16.366938,15.460114,-16.349041,15.479686,-16.340245,15.565072
0,-16.428592,15.630273,-16.375043,15.452698,-16.374175,15.453698
0,-16.428592,15.630273,-16.374175,15.453698,-16.419764,15.627796
0,-16.358575,15.464956,-16.363409,15.462036,-16.359121,15.464370
0,-16.358575,15.464956,-16.349041,15.479686,-16.363409,15.462036
0,-16.362708,15.611601,-16.369580,15.615554,-16.340226,15.566429
0,-16.350473,15.471559,-16.349018,15.476222,-16.353964,15.468714
0,-16.374554,15.618813,-16.381186,15.620289,-16.369580,15.615554
0,-16.396963,15.620994,-16.369580,15.615554,-16.381186,15.620289
0,-16.362708,15.611601,-16.367348,15.615179,-16.369405,15.615524
0,-16.369580,15.615554,-16.362708,15.611601,-16.369405,15.615524
0,-16.401324,15.621861,-16.419764,15.627796,-16.374175,15.453698
0,-16.401324,15.621861,-16.374175,15.453698,-16.366938,15.460114
0,-16.401324,15.621861,-16.406003,15.623939,-16.419764,15.627796
0,-16.415628,15.628214,-16.419764,15.627796,-16.406003,15.623939
0,-16.381634,15.445100,-16.375043,15.452698,-16.432370,15.631331
0,-16.415628,15.628214,-16.419624,15.628242,-16.419764,15.627796
0,-16.637357,15.587652,-16.485477,15.642151,-16.502419,15.645641
0,-16.436173,15.635907,-16.437317,15.639825,-16.476316,15.644302
0,-16.442127,15.648590,-16.476316,15.644302,-16.439305,15.644413
0,-16.434750,15.632263,-16.381634,15.445100,-16.432370,15.631331
0,-16.462650,15.660289,-16.474392,15.648073,-16.455609,15.658921
0,-16.479463,15.642381,-16.434750,15.632263,-16.476316,15.644302
0,-16.632524,15.595482,-16.507118,15.646609,-16.519360,15.649131
0,-16.637357,15.587652,-16.502419,15.645641,-16.507118,15.646609
0,-16.580780,15.649652,-16.547467,15.656223,-16.549837,15.656882
0,-16.580780,15.649652,-16.555816,15.658546,-16.557909,15.659117
0,-16.580780,15.649652,-16.549837,15.656882,-16.555816,15.658546
0,-16.580780,15.649652,-16.536256,15.653197,-16.545732,15.655740
0,-16.580780,15.649652,-16.619613,15.616861,-16.536256,15.653197
0,-16.536256,15.653197,-16.623272,15.610734,-16.527735,15.651426
0,-16.527735,15.651426,-16.519360,15.649131,-16.524437,15.650741
0,-16.468601,15.659106,-16.473726,15.653116,-16.466091,15.659798
0,-16.466091,15.659798,-16.473726,15.653116,-16.474392,15.648073
0,-16.473726,15.653116,-16.468601,15.659106,-16.470965,15.657737
0,-16.444385,15.651823,-16.447216,15.654168,-16.442127,15.648590
0,-16.435870,15.635131,-16.436173,15.635907,-16.476316,15.644302
0,-16.485477,15.642151,-16.381634,15.445100,-16.434750,15.632263
0,-16.419528,15.628549,-16.419624,15.628242,-16.415628,15.628214
0,-16.434750,15.632263,-16.435870,15.635131,-16.476316,15.644302
0,-16.485477,15.642151,-16.434750,15.632263,-16.479463,15.642381
0,-16.375043,15.452698,-16.428592,15.630273,-16.432370,15.631331
0,-16.340226,15.566429,-16.369580,15.615554,-16.396963,15.620994
0,-16.343119,15.588204,-16.355125,15.606542,-16.362708,15.611601
0,-16.339993,15.593800,-16.340466,15.595587,-16.342686,15.590594
0,-16.340042,15.579762,-16.343119,15.588204,-16.340226,15.566429
0,-16.342865,15.589607,-16.342686,15.590594,-16.348473,15.601915
0,-16.342686,15.590594,-16.348078,15.601703,-16.348473,15.601915
0,-16.348473,15.601915,-16.343119,15.588204,-16.342865,15.589607
0,-16.355125,15.606542,-16.343119,15.588204,-16.351595,15.604086
0,-16.351595,15.604086,-16.343119,15.588204,-16.348473,15.601915
0,-16.348078,15.601703,-16.342686,15.590594,-16.343640,15.599319
0,-16.343640,15.599319,-16.342686,15.590594,-16.340466,15.595587
0,-16.340918,15.597294,-16.343640,15.599319,-16.340466,15.595587
0,-16.338400,15.561025,-16.349041,15.479686,-16.345018,15.485310
0,-16.340245,15.565072,-16.349041,15.479686,-16.338400,15.561025
0,-16.324539,15.549229,-16.325184,15.551591,-16.332223,15.551320
0,-16.324296,15.548339,-16.324539,15.549229,-16.332223,15.551320
0,-16.318574,15.534509,-16.322976,15.544848,-16.332223,15.551320
0,-16.322976,15.544848,-16.323642,15.546609,-16.332223,15.551320
0,-16.332223,15.551320,-16.323642,15.546609,-16.324296,15.548339
0,-16.320692,15.507359,-16.317241,15.531095,-16.317511,15.531786
0,-16.320692,15.507359,-16.315676,15.527067,-16.317241,15.531095
0,-16.320692,15.507359,-16.315498,15.526608,-16.315676,15.527067
0,-16.312025,15.520864,-16.313152,15.522515,-16.314522,15.510208
0,-16.310289,15.513608,-16.311100,15.519511,-16.314522,15.510208
0,-16.311100,15.519511,-16.312025,15.520864,-16.314522,15.510208
0,-16.308030,15.516939,-16.311100,15.519511,-16.310289,15.513608
0,-16.314522,15.510208,-16.313152,15.522515,-16.320692,15.507359
0,-16.322198,15.503737,-16.321253,15.501018,-16.321230,15.501047
0,-16.320692,15.507359,-16.341421,15.487203,-16.322216,15.503788
0,-16.322216,15.503788,-16.322373,15.499549,-16.322198,15.503737
0,-16.326501,15.494140,-16.322373,15.499549,-16.322216,15.503788
0,-16.338400,15.561025,-16.345018,15.485310,-16.345017,15.485311
0,-16.348885,15.475558,-16.350473,15.471559,-16.348360,15.473296
0,-16.349041,15.479686,-16.353964,15.468714,-16.349040,15.479593
0,-16.349040,15.479593,-16.353964,15.468714,-16.349018,15.476222
0,-16.349018,15.476222,-16.350473,15.471559,-16.349018,15.476130
0,-16.349018,15.476130,-16.350473,15.471559,-16.348885,15.475558
0,-16.332223,15.551320,-16.345017,15.485311,-16.341421,15.487203
0,-16.332223,15.551320,-16.338400,15.561025,-16.345017,15.485311
0,-16.336664,15.488046,-16.330272,15.491534,-16.341421,15.487203
0,-16.330272,15.491534,-16.322216,15.503788,-16.341421,15.487203
0,-16.329937,15.491766,-16.322216,15.503788,-16.330272,15.491534
0,-16.326501,15.494140,-16.322216,15.503788,-16.329937,15.491766
0,-16.410896,15.406703,-16.417521,15.400170,-16.411858,15.405371
0,-16.411858,15.405371,-16.417521,15.400170,-16.411930,15.405273
0,-16.434393,15.370412,-16.434839,15.373474,-16.436062,15.375186
0,-16.440722,15.378947,-16.450863,15.359069,-16.438608,15.363532
0,-16.422636,15.393066,-16.417521,15.400170,-16.430449,15.389815
0,-16.404969,15.414907,-16.430449,15.389815,-16.417521,15.400170
0,-16.431347,15.368326,-16.431177,15.369883,-16.431914,15.368037
0,-16.435177,15.366375,-16.432078,15.367954,-16.434393,15.370412
0,-16.434839,15.373474,-16.434393,15.370412,-16.434345,15.370862
0,-16.434588,15.373122,-16.434345,15.370862,-16.434123,15.372275
0,-16.434588,15.373122,-16.434839,15.373474,-16.434345,15.370862
0,-16.438608,15.363532,-16.436062,15.375186,-16.440501,15.378799
0,-16.436062,15.375186,-16.436165,15.365872,-16.434393,15.370412
0,-16.436165,15.365872,-16.435177,15.366375,-16.434393,15.370412
0,-16.438608,15.363532,-16.440501,15.378799,-16.440722,15.378947
0,-16.440926,15.359644,-16.440251,15.360013,-16.439728,15.361645
0,-16.436165,15.365872,-16.436062,15.375186,-16.438608,15.363532
0,-16.436062,15.375186,-16.437501,15.377353,-16.438591,15.378116
0,-16.436062,15.375186,-16.438591,15.378116,-16.439658,15.378539
0,-16.439658,15.378539,-16.438591,15.378116,-16.439106,15.378360
0,-16.439106,15.378360,-16.438591,15.378116,-16.438817,15.378265
0,-16.688634,15.430275,-16.440655,15.381031,-16.689152,15.433262
0,-16.440655,15.381031,-16.440087,15.381657,-16.662645,15.548830
0,-16.440951,15.380345,-16.465872,15.346090,-16.461753,15.349850
0,-16.436062,15.375186,-16.439658,15.378539,-16.440501,15.378799
0,-16.440926,15.359644,-16.440365,15.359654,-16.440251,15.360013
0,-16.443572,15.358195,-16.440926,15.359644,-16.439728,15.361645
0,-16.469085,15.343385,-16.440655,15.381031,-16.688634,15.430275
0,-16.469085,15.343385,-16.465872,15.346090,-16.440948,15.380352
0,-16.440951,15.380345,-16.440948,15.380352,-16.465872,15.346090
0,-16.452562,15.358200,-16.441089,15.379681,-16.440951,15.380345
0,-16.452562,15.358200,-16.440951,15.380345,-16.456355,15.354533
0,-16.441017,15.379353,-16.441089,15.379681,-16.451524,15.359074
0,-16.443572,15.358195,-16.450863,15.359069,-16.448311,15.357694
0,-16.439728,15.361645,-16.438608,15.363532,-16.450863,15.359069
0,-16.440722,15.378947,-16.441017,15.379353,-16.451524,15.359074
0,-16.465872,15.346090,-16.464065,15.347648,-16.461753,15.349850
0,-16.475852,15.336137,-16.475053,15.337832,-16.477942,15.334116
0,-16.688347,15.425912,-16.688674,15.422565,-16.479072,15.333151
0,-16.688634,15.430275,-16.473629,15.339297,-16.470889,15.341728
0,-16.688347,15.425912,-16.475053,15.337832,-16.473629,15.339297
0,-16.475053,15.337832,-16.479072,15.333151,-16.477942,15.334116
0,-16.479072,15.333151,-16.488916,15.322366,-16.484467,15.326725
0,-16.488916,15.322366,-16.479072,15.333151,-16.688674,15.422565
0,-16.453801,15.356872,-16.456355,15.354533,-16.454605,15.355954
0,-16.453801,15.356872,-16.452562,15.358200,-16.456355,15.354533
0,-16.452080,15.358606,-16.441089,15.379681,-16.452562,15.358200
0,-16.451524,15.359074,-16.441089,15.379681,-16.452080,15.358606
0,-16.443572,15.358195,-16.448311,15.357694,-16.447600,15.357221
0,-16.447600,15.357221,-16.445835,15.356046,-16.443572,15.358195
0,-16.515751,15.288047,-16.514564,15.290016,-16.513958,15.291175
0,-16.513523,15.283868,-16.514056,15.284206,-16.512441,15.280973
0,-16.529027,15.268052,-16.516370,15.286117,-16.531654,15.267156
0,-16.514328,15.284378,-16.515561,15.284921,-16.512868,15.279461
0,-16.525330,15.268777,-16.520200,15.269550,-16.515561,15.284921
0,-16.531654,15.267156,-16.516226,15.286805,-16.515751,15.288047
0,-16.515752,15.272626,-16.514479,15.274325,-16.517316,15.271341
0,-16.531654,15.267156,-16.516370,15.286117,-16.516226,15.286805
0,-16.525330,15.268777,-16.515561,15.284921,-16.516370,15.286117
0,-16.525330,15.268777,-16.522475,15.268767,-16.520200,15.269550
0,-16.517316,15.271341,-16.515561,15.284921,-16.520200,15.269550
0,-16.517316,15.271341,-16.520200,15.269550,-16.518640,15.270329
0,-16.635192,15.224905,-16.551595,15.231693,-16.549618,15.235969
0,-16.549618,15.235969,-16.547614,15.239568,-16.635192,15.224905
0,-16.620039,15.201860,-16.561925,15.209610,-16.557452,15.219066
0,-16.635192,15.224905,-16.554023,15.226443,-16.551595,15.231693
0,-16.633801,15.222618,-16.556628,15.220808,-16.554023,15.226443
0,-16.531654,15.267156,-16.675979,15.256058,-16.537122,15.258650
0,-16.515751,15.288047,-16.682836,15.262532,-16.531654,15.267156
0,-16.528780,15.268137,-16.516370,15.286117,-16.529027,15.268052
0,-16.525330,15.268777,-16.525073,15.268722,-16.523750,15.268631
0,-16.525584,15.268713,-16.516370,15.286117,-16.528780,15.268137
0,-16.525330,15.268777,-16.516370,15.286117,-16.525584,15.268713
0,-16.515561,15.284921,-16.513241,15.278265,-16.512868,15.279461
0,-16.515561,15.284921,-16.514479,15.274325,-16.513241,15.278265
0,-16.512348,15.283596,-16.513523,15.283868,-16.512342,15.282764
0,-16.514056,15.284206,-16.514328,15.284378,-16.512868,15.279461
0,-16.697326,15.408564,-16.515751,15.288047,-16.513673,15.291721
0,-16.502030,15.308286,-16.504350,15.304519,-16.502978,15.306635
0,-16.697326,15.408564,-16.513673,15.291721,-16.690751,15.416693
0,-16.507661,15.300068,-16.690751,15.416693,-16.509598,15.297407
0,-16.488916,15.322366,-16.497391,15.313333,-16.490060,15.320813
0,-16.486084,15.324988,-16.488916,15.322366,-16.487267,15.323651
0,-16.688674,15.422565,-16.497391,15.313333,-16.488916,15.322366
0,-16.484467,15.326725,-16.483236,15.328062,-16.479072,15.333151
0,-16.481729,15.329617,-16.480354,15.331407,-16.483236,15.328062
0,-16.484467,15.326725,-16.488916,15.322366,-16.486084,15.324988
0,-16.494122,15.315850,-16.497391,15.313333,-16.495399,15.314747
0,-16.502030,15.308286,-16.500702,15.310030,-16.690751,15.416693
0,-16.498955,15.311858,-16.688674,15.422565,-16.500702,15.310030
0,-16.497391,15.313333,-16.688674,15.422565,-16.498955,15.311858
0,-16.507661,15.300068,-16.506047,15.302176,-16.502030,15.308286
0,-16.507661,15.300068,-16.502030,15.308286,-16.690751,15.416693
