12,5,18,14,33,
0,-16.945228,14.603543,-16.944850,14.602765,-16.941733,14.598594
0,-16.937997,14.592689,-16.937900,14.592557,-16.938002,14.592710
0,-16.935166,14.588272,-16.934935,14.587660,-16.933774,14.585303
0,-16.955418,14.617206,-16.954874,14.616454,-16.895425,14.735731
0,-16.947530,14.607646,-16.947471,14.607580,-16.947469,14.607580
0,-16.964846,14.717364,-16.923092,14.738850,-16.926522,14.739334
0,-16.957498,14.619316,-16.956188,14.618047,-16.957534,14.619370
0,-16.913508,14.553730,-16.875924,14.529929,-16.913545,14.554007
0,-16.914049,14.540806,-16.892625,14.526775,-16.913682,14.542846
0,-16.860245,14.758457,-16.834795,14.761552,-16.835668,14.763718
0,-16.935166,14.588272,-16.924629,14.574903,-16.924514,14.574795
0,-16.913105,14.546058,-16.889135,14.528370,-16.913037,14.546438
0,-16.931487,14.581972,-16.935166,14.588272,-16.932188,14.582889
0,-16.924884,14.575143,-16.924629,14.574903,-16.935166,14.588272
0,-16.951052,14.611641,-16.950643,14.611185,-16.954199,14.615520
0,-16.901040,14.735813,-16.904176,14.736167,-16.906266,14.736278
0,-16.954874,14.616454,-16.950643,14.611185,-16.895425,14.735731
0,-16.946628,14.606428,-16.946412,14.605987,-16.941546,14.598415
0,-16.982774,14.708702,-16.996559,14.698228,-16.984720,14.640376
0,-16.959722,14.622332,-16.958548,14.620860,-16.955809,14.617757
0,-16.802275,14.605756,-16.941011,14.597641,-16.940971,14.597583
0,-16.940735,14.597241,-16.940557,14.596972,-16.802275,14.605756
0,-16.835763,14.763954,-16.857031,14.767390,-16.835668,14.763718
0,-16.837484,14.768221,-16.849188,14.771788,-16.837245,14.767628
0,-16.841069,14.774569,-16.841063,14.774572,-16.841064,14.774572
0,-16.839948,14.773560,-16.841671,14.774276,-16.842893,14.773681
0,-16.837484,14.768221,-16.837905,14.769265,-16.847124,14.772796
0,-16.837077,14.767211,-16.837245,14.767628,-16.849188,14.771788
0,-16.847124,14.772796,-16.837905,14.769265,-16.845824,14.773241
0,-16.857031,14.767390,-16.835763,14.763954,-16.856373,14.768112
0,-16.849188,14.771788,-16.837484,14.768221,-16.847124,14.772796
0,-16.940971,14.597583,-16.940807,14.597345,-16.802275,14.605756
0,-16.836567,14.522525,-16.837695,14.515563,-16.837386,14.515892
0,-16.829733,14.757734,-16.864445,14.742337,-16.826577,14.757571
0,-16.870763,14.737329,-16.873107,14.736549,-16.874799,14.735899
0,-16.775502,14.720153,-16.775372,14.721202,-16.778981,14.731088
0,-16.820605,14.761127,-16.814513,14.762806,-16.820416,14.761771
0,-16.875924,14.529929,-16.870718,14.529692,-16.914772,14.561694
0,-16.875924,14.529929,-16.913975,14.557291,-16.913906,14.556768
0,-16.896998,14.521957,-16.896968,14.522458,-16.898390,14.518105
0,-16.747938,14.660142,-16.758849,14.637024,-16.747461,14.640950
0,-16.744701,14.657085,-16.742561,14.646969,-16.742500,14.655746
0,-16.915113,14.525271,-16.915095,14.525214,-16.915208,14.525594
0,-16.896889,14.523779,-16.912888,14.520166,-16.896901,14.523582
0,-16.916142,14.530533,-16.915675,14.527184,-16.916116,14.531035
0,-16.916101,14.531374,-16.916116,14.531035,-16.896889,14.523779
0,-16.896181,14.524277,-16.895872,14.524494,-16.914377,14.540095
0,-16.915396,14.537787,-16.915309,14.538078,-16.915388,14.537855
0,-16.915986,14.533050,-16.916030,14.532699,-16.916037,14.532564
0,-16.913390,14.552825,-16.889135,14.528370,-16.875924,14.529929
0,-16.913245,14.551298,-16.913203,14.550451,-16.913242,14.551552
0,-16.913906,14.556768,-16.913886,14.556626,-16.875924,14.529929
0,-16.806734,14.572274,-16.812696,14.550975,-16.803842,14.563318
0,-16.875924,14.529929,-16.889135,14.528370,-16.884494,14.527776
0,-16.919716,14.569123,-16.919525,14.568895,-16.809093,14.593968
0,-16.811170,14.585284,-16.915960,14.563534,-16.915677,14.563098
0,-16.919181,14.568489,-16.919092,14.568383,-16.809093,14.593968
0,-16.920353,14.569875,-16.920089,14.569562,-16.809093,14.593968
0,-16.920882,14.570500,-16.920634,14.570207,-16.809093,14.593968
0,-16.923671,14.573798,-16.923622,14.573742,-16.923792,14.573941
0,-16.922093,14.571932,-16.921795,14.571580,-16.809093,14.593968
0,-16.922755,14.572714,-16.922606,14.572538,-16.809093,14.593968
0,-16.927136,14.577225,-16.926723,14.576874,-16.928481,14.578486
0,-16.927136,14.577225,-16.928481,14.578486,-16.927491,14.577490
0,-16.924514,14.574795,-16.935678,14.589127,-16.935166,14.588272
0,-16.923284,14.573340,-16.923187,14.573226,-16.809093,14.593968
0,-16.757290,14.671171,-16.759116,14.673019,-16.767312,14.635705
0,-16.933774,14.585303,-16.934935,14.587660,-16.934795,14.587287
0,-16.933774,14.585303,-16.934795,14.587287,-16.934563,14.586672
0,-16.925901,14.576101,-16.935166,14.588272,-16.926723,14.576874
0,-16.935678,14.589127,-16.935678,14.589109,-16.935166,14.588272
0,-16.987776,14.641633,-16.984720,14.640376,-16.990313,14.643021
0,-16.899212,14.735828,-16.901040,14.735813,-16.955809,14.617757
0,-16.954199,14.615520,-16.953847,14.615033,-16.951346,14.611972
0,-16.908553,14.736600,-16.965192,14.629019,-16.906266,14.736278
0,-16.955835,14.617783,-16.958548,14.620860,-16.957534,14.619370
0,-16.975296,14.712507,-16.978239,14.637078,-16.975468,14.635502
0,-16.975468,14.635502,-16.973545,14.634208,-16.971484,14.633096
0,-16.984720,14.640376,-16.978239,14.637078,-16.982774,14.708702
0,-17.006810,14.650633,-17.028977,14.659604,-17.028971,14.658083
0,-16.973137,14.739201,-16.973972,14.746115,-16.980532,14.746993
0,-17.029818,14.667225,-17.022666,14.684149,-17.030188,14.670579
0,-16.989196,14.706397,-16.993222,14.703986,-16.994129,14.702577
0,-16.997552,14.697225,-16.998315,14.696405,-16.984720,14.640376
0,-16.963150,14.747785,-16.973972,14.746115,-16.973137,14.739201
0,-16.948659,14.742908,-16.950404,14.742875,-16.963115,14.728566
0,-16.994129,14.702577,-16.995888,14.700059,-16.996559,14.698228
0,-16.963547,14.722394,-16.964210,14.719276,-16.936235,14.740703
0,-16.966074,14.731757,-16.958142,14.742072,-16.973137,14.739201
0,-16.944176,14.601376,-16.944082,14.601184,-16.943271,14.600067
0,-16.941546,14.598415,-16.946837,14.606859,-16.946698,14.606572
0,-16.941546,14.598415,-16.946412,14.605987,-16.946139,14.605422
0,-16.944850,14.602765,-16.944703,14.602462,-16.942024,14.598873
0,-16.966456,14.716495,-16.969008,14.715362,-16.967954,14.631698
0,-16.939473,14.742195,-16.940639,14.742261,-16.939507,14.741810
0,-16.963547,14.722394,-16.939369,14.741145,-16.963477,14.725006
0,-16.919343,14.738710,-16.921457,14.739352,-16.921702,14.738654
0,-16.942894,14.599707,-16.944176,14.601376,-16.943271,14.600067
0,-16.941546,14.598415,-16.941472,14.598308,-16.941386,14.598185
0,-16.936807,14.590898,-16.936592,14.590602,-16.937900,14.592557
0,-16.941415,14.598226,-16.941396,14.598199,-16.941386,14.598185
0,-16.941386,14.598185,-16.941180,14.597885,-16.802275,14.605756
0,-16.941101,14.597771,-16.802275,14.605756,-16.941180,14.597885
0,-16.808782,14.594505,-16.940127,14.596243,-16.939676,14.595480
0,-16.809093,14.593968,-16.808782,14.594505,-16.936592,14.590602
0,-16.935678,14.589127,-16.924514,14.574795,-16.809093,14.593968
0,-16.938050,14.592785,-16.938002,14.592710,-16.937900,14.592557
0,-16.955418,14.617206,-16.895425,14.735731,-16.955809,14.617757
0,-16.859259,14.764782,-16.860180,14.760572,-16.857031,14.767390
0,-16.955809,14.617757,-16.895425,14.735731,-16.899212,14.735828
0,-16.950643,14.611185,-16.950091,14.610555,-16.893467,14.735747
0,-16.947164,14.607231,-16.893467,14.735747,-16.947469,14.607580
0,-16.812827,14.761057,-16.821042,14.759637,-16.821162,14.759225
0,-16.861464,14.751082,-16.861624,14.749111,-16.833436,14.757926
0,-16.797603,14.746084,-16.777481,14.709916,-16.795864,14.744787
0,-16.895425,14.735731,-16.897385,14.735843,-16.899212,14.735828
0,-16.884851,14.735817,-16.893467,14.735747,-16.946837,14.606859
0,-16.860689,14.754884,-16.861464,14.751082,-16.833436,14.757926
0,-16.860245,14.758457,-16.835668,14.763718,-16.857031,14.767390
0,-16.852291,14.772608,-16.852585,14.772280,-16.849188,14.771788
0,-16.940639,14.742261,-16.943708,14.742742,-16.939369,14.741145
0,-16.835763,14.763954,-16.849188,14.771788,-16.856373,14.768112
0,-16.856373,14.768112,-16.849188,14.771788,-16.855767,14.768771
0,-16.835763,14.763954,-16.836064,14.764701,-16.849188,14.771788
0,-16.841671,14.774276,-16.839948,14.773560,-16.841069,14.774569
0,-16.839948,14.773560,-16.840459,14.774570,-16.840653,14.774600
0,-16.840653,14.774600,-16.841063,14.774572,-16.841069,14.774569
0,-16.837077,14.767211,-16.849188,14.771788,-16.836952,14.766901
0,-16.836952,14.766901,-16.849188,14.771788,-16.836484,14.765742
0,-16.836484,14.765742,-16.849188,14.771788,-16.836064,14.764701
0,-16.840459,14.774570,-16.840533,14.774589,-16.840653,14.774600
0,-16.821042,14.759637,-16.812827,14.761057,-16.820867,14.760232
0,-16.822391,14.758849,-16.804112,14.752739,-16.821162,14.759225
0,-16.816018,14.763924,-16.817486,14.764848,-16.820041,14.763051
0,-16.801728,14.749694,-16.825792,14.757810,-16.826577,14.757571
0,-16.776930,14.714050,-16.776393,14.716567,-16.783951,14.734936
0,-16.791553,14.741133,-16.793799,14.743257,-16.795864,14.744787
0,-16.804112,14.752739,-16.807009,14.756060,-16.821162,14.759225
0,-16.787240,14.737207,-16.776930,14.714050,-16.785830,14.736278
0,-16.777073,14.707669,-16.866220,14.740416,-16.868424,14.738619
0,-16.767312,14.635705,-16.755697,14.669285,-16.757290,14.671171
0,-16.798499,14.612283,-16.870763,14.737329,-16.874799,14.735899
0,-16.747938,14.660142,-16.749249,14.661569,-16.758849,14.637024
0,-16.774715,14.700899,-16.775730,14.703523,-16.870763,14.737329
0,-16.744701,14.657085,-16.744279,14.644778,-16.742561,14.646969
0,-16.776501,14.727583,-16.777340,14.729203,-16.778981,14.731088
0,-16.836567,14.522525,-16.835167,14.518256,-16.833691,14.520310
0,-16.924208,14.574433,-16.924011,14.574200,-16.809093,14.593968
0,-16.747461,14.640950,-16.745611,14.642952,-16.746393,14.658527
0,-16.771870,14.695065,-16.772385,14.696344,-16.773930,14.699016
0,-16.775372,14.721202,-16.775207,14.723815,-16.776501,14.727583
0,-16.935678,14.589127,-16.809093,14.593968,-16.936592,14.590602
0,-16.836567,14.522525,-16.836427,14.529508,-16.858547,14.516111
0,-16.817976,14.543118,-16.812696,14.550975,-16.836272,14.537245
0,-16.913049,14.546743,-16.913037,14.546438,-16.889135,14.528370
0,-16.915986,14.533050,-16.916037,14.532564,-16.916052,14.532275
0,-16.915796,14.534577,-16.896889,14.523779,-16.915680,14.535506
0,-16.914783,14.539215,-16.915620,14.535986,-16.914377,14.540095
0,-16.896915,14.523346,-16.896901,14.523582,-16.912888,14.520166
0,-16.894816,14.525235,-16.894580,14.525401,-16.914049,14.540806
0,-16.896931,14.523078,-16.912888,14.520166,-16.896936,14.522994
0,-16.861216,14.518051,-16.836427,14.529508,-16.865012,14.523431
0,-16.908967,14.513944,-16.906762,14.513103,-16.898872,14.517008
0,-16.908967,14.513944,-16.912888,14.520166,-16.911640,14.516163
0,-16.904318,14.512680,-16.902189,14.513122,-16.901240,14.513898
0,-16.842798,14.510555,-16.842094,14.511170,-16.851475,14.510329
0,-16.839511,14.513631,-16.836567,14.522525,-16.853862,14.512822
0,-16.858547,14.516111,-16.836427,14.529508,-16.861216,14.518051
0,-16.844932,14.508681,-16.848283,14.507968,-16.846410,14.506853
0,-16.842094,14.511170,-16.853862,14.512822,-16.851475,14.510329
0,-16.840599,14.512473,-16.840412,14.512664,-16.840412,14.512673
0,-16.745611,14.642952,-16.744279,14.644778,-16.746393,14.658527
0,-16.838849,14.514335,-16.838519,14.514685,-16.836567,14.522525
0,-16.838295,14.514924,-16.836567,14.522525,-16.838519,14.514685
0,-16.838059,14.515176,-16.836567,14.522525,-16.838295,14.514924
0,-16.915675,14.527184,-16.916142,14.530533,-16.915972,14.528195
0,-16.915972,14.528195,-16.916196,14.529479,-16.916219,14.529039
0,-16.916198,14.529476,-16.916219,14.529039,-16.916196,14.529479
0,-16.811170,14.585284,-16.915677,14.563098,-16.915218,14.562385
0,-16.916171,14.529977,-16.916192,14.529559,-16.915972,14.528195
0,-16.916196,14.529479,-16.915972,14.528195,-16.916192,14.529559
0,-16.811170,14.585284,-16.916556,14.564457,-16.916200,14.563905
0,-16.811170,14.585284,-16.916200,14.563905,-16.915960,14.563534
0,-16.811170,14.585284,-16.918682,14.567748,-16.918461,14.567406
0,-16.811170,14.585284,-16.918891,14.568072,-16.918733,14.567827
0,-16.811170,14.585284,-16.918733,14.567827,-16.918682,14.567748
0,-16.811170,14.585284,-16.918461,14.567406,-16.917983,14.566666
0,-16.811170,14.585284,-16.917983,14.566666,-16.917647,14.566147
0,-16.811170,14.585284,-16.917647,14.566147,-16.917103,14.565304
0,-16.811170,14.585284,-16.917103,14.565304,-16.916556,14.564457
0,-16.896889,14.523779,-16.915986,14.533050,-16.916052,14.532275
0,-16.916076,14.531804,-16.896889,14.523779,-16.916052,14.532275
0,-16.915749,14.563207,-16.915677,14.563098,-16.915960,14.563534
0,-16.811170,14.585284,-16.915218,14.562385,-16.914772,14.561694
0,-16.868555,14.529594,-16.914772,14.561694,-16.870718,14.529692
0,-16.915796,14.534577,-16.915882,14.533889,-16.896889,14.523779
0,-16.915986,14.533050,-16.896889,14.523779,-16.915882,14.533889
0,-16.896889,14.523779,-16.916085,14.531621,-16.916101,14.531374
0,-16.896889,14.523779,-16.916080,14.531712,-16.916085,14.531621
0,-16.896889,14.523779,-16.916076,14.531804,-16.916080,14.531712
0,-16.916107,14.531273,-16.916116,14.531035,-16.916101,14.531374
0,-16.916171,14.529977,-16.915972,14.528195,-16.916142,14.530533
0,-16.896889,14.523779,-16.916116,14.531035,-16.915675,14.527184
0,-16.896889,14.523779,-16.915675,14.527184,-16.915371,14.526151
0,-16.896699,14.523913,-16.896181,14.524277,-16.915680,14.535506
0,-16.915436,14.537466,-16.915518,14.536809,-16.915174,14.538369
0,-16.915620,14.535986,-16.896181,14.524277,-16.914377,14.540095
0,-16.915396,14.537787,-16.915403,14.537730,-16.915309,14.538078
0,-16.915379,14.537926,-16.915388,14.537855,-16.915309,14.538078
0,-16.915222,14.538262,-16.915436,14.537466,-16.915174,14.538369
0,-16.915222,14.538262,-16.915425,14.537558,-16.915436,14.537466
0,-16.915396,14.537786,-16.915403,14.537730,-16.915396,14.537787
0,-16.896889,14.523779,-16.915314,14.525957,-16.915208,14.525594
0,-16.915095,14.525214,-16.896889,14.523779,-16.915208,14.525594
0,-16.912888,14.520166,-16.915095,14.525214,-16.913959,14.521639
0,-16.912888,14.520166,-16.896889,14.523779,-16.915095,14.525214
0,-16.915403,14.537730,-16.915222,14.538262,-16.915309,14.538078
0,-16.915403,14.537730,-16.915425,14.537558,-16.915222,14.538262
0,-16.915222,14.538262,-16.915174,14.538369,-16.915210,14.538291
0,-16.915396,14.537787,-16.915396,14.537787,-16.915388,14.537855
0,-16.896889,14.523779,-16.915371,14.526151,-16.915314,14.525957
0,-16.913390,14.552825,-16.875924,14.529929,-16.913433,14.553157
0,-16.913270,14.551905,-16.889135,14.528370,-16.913390,14.552825
0,-16.913242,14.551552,-16.889135,14.528370,-16.913270,14.551905
0,-16.875924,14.529929,-16.913886,14.556626,-16.913682,14.555057
0,-16.913433,14.553157,-16.875924,14.529929,-16.913508,14.553730
0,-16.875924,14.529929,-16.878444,14.528139,-16.876321,14.529078
0,-16.913886,14.556626,-16.913887,14.556625,-16.913682,14.555057
0,-16.875924,14.529929,-16.914075,14.557907,-16.914005,14.557524
0,-16.875924,14.529929,-16.914005,14.557524,-16.913975,14.557291
0,-16.915518,14.536809,-16.915620,14.535986,-16.914783,14.539215
0,-16.894299,14.525599,-16.894091,14.525745,-16.914049,14.540806
0,-16.915518,14.536809,-16.914783,14.539215,-16.915174,14.538369
0,-16.914470,14.560055,-16.914387,14.559600,-16.875924,14.529929
0,-16.867474,14.529545,-16.811170,14.585284,-16.914772,14.561694
0,-16.914772,14.561694,-16.914470,14.560055,-16.875924,14.529929
0,-16.809093,14.593968,-16.922483,14.572393,-16.922386,14.572279
0,-16.922386,14.572279,-16.922093,14.571932,-16.809093,14.593968
0,-16.922606,14.572538,-16.922483,14.572393,-16.809093,14.593968
0,-16.921795,14.571580,-16.921444,14.571165,-16.809093,14.593968
0,-16.921444,14.571165,-16.921080,14.570734,-16.809093,14.593968
0,-16.921080,14.570734,-16.920882,14.570500,-16.809093,14.593968
0,-16.920634,14.570207,-16.920496,14.570044,-16.809093,14.593968
0,-16.919525,14.568895,-16.919283,14.568609,-16.809093,14.593968
0,-16.919716,14.569123,-16.919704,14.569106,-16.919703,14.569106
0,-16.919181,14.568489,-16.809093,14.593968,-16.919283,14.568609
0,-16.919716,14.569123,-16.919703,14.569106,-16.919525,14.568895
0,-16.919971,14.569422,-16.919716,14.569123,-16.809093,14.593968
0,-16.919716,14.569123,-16.919971,14.569422,-16.919837,14.569265
0,-16.920496,14.570044,-16.920353,14.569875,-16.809093,14.593968
0,-16.920089,14.569562,-16.919971,14.569422,-16.809093,14.593968
0,-16.923296,14.573355,-16.923284,14.573340,-16.809093,14.593968
0,-16.923187,14.573226,-16.922941,14.572934,-16.809093,14.593968
0,-16.922941,14.572934,-16.922755,14.572714,-16.809093,14.593968
0,-16.809093,14.593968,-16.923921,14.574094,-16.923622,14.573742
0,-16.923384,14.573459,-16.923296,14.573355,-16.923622,14.573742
0,-16.923384,14.573459,-16.923622,14.573742,-16.923465,14.573554
0,-16.925138,14.575382,-16.925094,14.575341,-16.925094,14.575341
0,-16.924011,14.574200,-16.923921,14.574094,-16.809093,14.593968
0,-16.809093,14.593968,-16.923622,14.573742,-16.923296,14.573355
0,-16.923792,14.573941,-16.923622,14.573742,-16.923921,14.574094
0,-16.935166,14.588272,-16.925094,14.575341,-16.924884,14.575143
0,-16.935166,14.588272,-16.925428,14.575655,-16.925249,14.575487
0,-16.935166,14.588272,-16.925138,14.575382,-16.925094,14.575341
0,-16.935166,14.588272,-16.925249,14.575487,-16.925138,14.575382
0,-16.936073,14.589754,-16.935816,14.589335,-16.935678,14.589127
0,-16.936073,14.589754,-16.935678,14.589127,-16.936592,14.590602
0,-16.935678,14.589127,-16.935816,14.589335,-16.935729,14.589200
0,-16.933774,14.585303,-16.934563,14.586672,-16.934505,14.586519
0,-16.932188,14.582889,-16.935166,14.588272,-16.933774,14.585303
0,-16.932188,14.582889,-16.933774,14.585303,-16.932824,14.583723
0,-16.926723,14.576874,-16.931033,14.581377,-16.928481,14.578486
0,-16.925428,14.575655,-16.925901,14.576101,-16.925485,14.575706
0,-16.935166,14.588272,-16.931487,14.581972,-16.926723,14.576874
0,-16.925428,14.575655,-16.935166,14.588272,-16.925901,14.576101
0,-16.930662,14.580890,-16.929968,14.579981,-16.928481,14.578486
0,-16.927136,14.577225,-16.927491,14.577490,-16.927153,14.577219
0,-16.931033,14.581377,-16.926723,14.576874,-16.931487,14.581972
0,-16.931033,14.581377,-16.930662,14.580890,-16.928481,14.578486
0,-16.936807,14.590898,-16.937900,14.592557,-16.937233,14.591507
0,-16.937233,14.591507,-16.937900,14.592557,-16.937237,14.591506
0,-16.936592,14.590602,-16.939577,14.595312,-16.938962,14.594271
0,-16.942894,14.599707,-16.942321,14.599158,-16.944519,14.602083
0,-16.938962,14.594271,-16.938731,14.593879,-16.937900,14.592557
0,-16.785647,14.621336,-16.771279,14.634312,-16.768445,14.687779
0,-16.938962,14.594271,-16.937900,14.592557,-16.936592,14.590602
0,-16.938731,14.593879,-16.938050,14.592785,-16.937900,14.592557
0,-16.938409,14.593345,-16.938050,14.592785,-16.938731,14.593879
0,-16.808782,14.594505,-16.939676,14.595480,-16.939577,14.595312
0,-16.808782,14.594505,-16.939577,14.595312,-16.936592,14.590602
0,-16.941011,14.597641,-16.802275,14.605756,-16.941101,14.597771
0,-16.940807,14.597345,-16.940735,14.597241,-16.802275,14.605756
0,-16.965192,14.629019,-16.963644,14.627135,-16.906266,14.736278
0,-16.969008,14.715362,-16.975468,14.635502,-16.967954,14.631698
0,-16.975468,14.635502,-16.971484,14.633096,-16.967954,14.631698
0,-16.963644,14.627135,-16.959722,14.622332,-16.901040,14.735813
0,-16.963644,14.627135,-16.961641,14.624177,-16.959722,14.622332
0,-16.957347,14.618913,-16.957498,14.619316,-16.957731,14.619200
0,-16.955835,14.617783,-16.957534,14.619370,-16.956188,14.618047
0,-16.958548,14.620860,-16.957547,14.619364,-16.957534,14.619370
0,-16.955809,14.617757,-16.958548,14.620860,-16.955835,14.617783
0,-16.955809,14.617757,-16.955715,14.617617,-16.955418,14.617206
0,-16.957498,14.619316,-16.957149,14.618769,-16.956806,14.618509
0,-16.956188,14.618047,-16.957498,14.619316,-16.956806,14.618509
0,-16.957149,14.618769,-16.957498,14.619316,-16.957347,14.618913
0,-16.990313,14.643021,-16.984720,14.640376,-16.998315,14.696405
0,-16.978239,14.637078,-16.984720,14.640376,-16.980737,14.638150
0,-16.975296,14.712507,-16.975468,14.635502,-16.969008,14.715362
0,-16.998935,14.696174,-16.998959,14.646653,-16.998315,14.696405
0,-16.996330,14.645445,-16.998315,14.696405,-16.998959,14.646653
0,-16.990313,14.643021,-16.998315,14.696405,-16.992428,14.643997
0,-17.029260,14.662170,-17.029033,14.660114,-17.006810,14.650633
0,-17.022666,14.684149,-17.030662,14.675634,-17.030188,14.670579
0,-17.029033,14.660114,-17.028977,14.659604,-17.006810,14.650633
0,-16.992428,14.643997,-16.998315,14.696405,-16.996330,14.645445
0,-16.994504,14.644612,-16.992428,14.643997,-16.996330,14.645445
0,-16.998959,14.646653,-16.998935,14.696174,-17.006810,14.650633
0,-17.029818,14.667225,-17.029260,14.662170,-17.006810,14.650633
0,-17.022666,14.684149,-17.029818,14.667225,-17.006810,14.650633
0,-17.030996,14.679201,-17.030662,14.675634,-17.022666,14.684149
0,-17.022666,14.684149,-17.006810,14.650633,-17.008003,14.691812
0,-17.008003,14.691812,-17.006810,14.650633,-16.998935,14.696174
0,-16.987401,14.707072,-16.994129,14.702577,-16.996559,14.698228
0,-16.996559,14.698228,-16.997552,14.697225,-16.984720,14.640376
0,-16.987401,14.707072,-16.996559,14.698228,-16.982774,14.708702
0,-16.987401,14.707072,-16.989196,14.706397,-16.994129,14.702577
0,-16.991280,14.705864,-16.993222,14.703986,-16.989196,14.706397
0,-16.984897,14.708350,-16.987401,14.707072,-16.982774,14.708702
0,-16.982774,14.708702,-16.978239,14.637078,-16.978235,14.711009
0,-16.982774,14.708702,-16.978235,14.711009,-16.980409,14.710060
0,-16.978239,14.637078,-16.976509,14.711889,-16.978235,14.711009
0,-16.963115,14.728566,-16.950404,14.742875,-16.953456,14.742999
0,-16.973972,14.746115,-16.963150,14.747785,-16.964154,14.748865
0,-16.963115,14.728566,-16.963186,14.727711,-16.946114,14.742938
0,-16.958142,14.742072,-16.963816,14.729378,-16.963115,14.728566
0,-16.973137,14.739201,-16.958142,14.742072,-16.963150,14.747785
0,-16.966074,14.731757,-16.963816,14.729378,-16.958142,14.742072
0,-16.958142,14.742072,-16.963115,14.728566,-16.953456,14.742999
0,-16.926522,14.739334,-16.928884,14.739667,-16.964846,14.717364
0,-16.934060,14.740397,-16.936235,14.740703,-16.964210,14.719276
0,-16.938456,14.741017,-16.939369,14.741145,-16.963547,14.722394
0,-16.978239,14.637078,-16.975296,14.712507,-16.976509,14.711889
0,-16.969008,14.715362,-16.972505,14.713959,-16.975296,14.712507
0,-16.965192,14.629019,-16.964846,14.717364,-16.967954,14.631698
0,-16.967954,14.631698,-16.964846,14.717364,-16.966456,14.716495
0,-16.921702,14.738654,-16.923092,14.738850,-16.964846,14.717364
0,-16.949212,14.609558,-16.948090,14.608283,-16.893467,14.735747
0,-16.893467,14.735747,-16.947164,14.607231,-16.946837,14.606859
0,-16.948090,14.608283,-16.947574,14.607696,-16.947469,14.607580
0,-16.947574,14.607696,-16.947530,14.607646,-16.947469,14.607580
0,-16.950091,14.610555,-16.949212,14.609558,-16.893467,14.735747
0,-16.950865,14.611428,-16.950756,14.611305,-16.950643,14.611185
0,-16.951346,14.611972,-16.951052,14.611641,-16.954199,14.615520
0,-16.951977,14.612685,-16.953847,14.615033,-16.953650,14.614761
0,-16.951977,14.612685,-16.951346,14.611972,-16.953847,14.615033
0,-16.954199,14.615520,-16.950643,14.611185,-16.954874,14.616454
0,-16.955735,14.742857,-16.958142,14.742072,-16.953456,14.742999
0,-16.953650,14.614761,-16.952914,14.613743,-16.952442,14.613210
0,-16.953650,14.614761,-16.952343,14.613100,-16.951977,14.612685
0,-16.953650,14.614761,-16.952442,14.613210,-16.952343,14.613100
0,-16.950865,14.611428,-16.950643,14.611185,-16.951052,14.611641
0,-16.948659,14.742908,-16.963115,14.728566,-16.946114,14.742938
0,-16.946114,14.742938,-16.939369,14.741145,-16.943708,14.742742
0,-16.939369,14.741145,-16.939507,14.741810,-16.940639,14.742261
0,-16.963186,14.727711,-16.939369,14.741145,-16.946114,14.742938
0,-16.963186,14.727711,-16.963477,14.725006,-16.939369,14.741145
0,-16.938456,14.741017,-16.963547,14.722394,-16.936235,14.740703
0,-16.964210,14.719276,-16.964846,14.717364,-16.928884,14.739667
0,-16.964210,14.719276,-16.932386,14.740161,-16.934060,14.740397
0,-16.964210,14.719276,-16.928884,14.739667,-16.932386,14.740161
0,-16.917081,14.738220,-16.921702,14.738654,-16.964846,14.717364
0,-16.917081,14.738220,-16.919343,14.738710,-16.921702,14.738654
0,-16.910665,14.737125,-16.913401,14.737825,-16.917081,14.738220
0,-16.917081,14.738220,-16.913401,14.737825,-16.915382,14.738161
0,-16.942321,14.599158,-16.944703,14.602462,-16.944519,14.602083
0,-16.942321,14.599158,-16.942024,14.598873,-16.944703,14.602462
0,-16.944519,14.602083,-16.944257,14.601543,-16.942894,14.599707
0,-16.942024,14.598873,-16.941850,14.598707,-16.944850,14.602765
0,-16.941472,14.598308,-16.941447,14.598272,-16.941386,14.598185
0,-16.941552,14.598421,-16.941733,14.598594,-16.941624,14.598489
0,-16.941546,14.598415,-16.945228,14.603543,-16.941552,14.598421
0,-16.946412,14.605987,-16.946628,14.606428,-16.946483,14.606130
0,-16.948090,14.608283,-16.947469,14.607580,-16.893467,14.735747
0,-16.946628,14.606428,-16.941546,14.598415,-16.946698,14.606572
0,-16.884851,14.735817,-16.887203,14.736052,-16.889161,14.736036
0,-16.946412,14.605987,-16.946428,14.606017,-16.946429,14.606016
0,-16.946412,14.605987,-16.946483,14.606130,-16.946428,14.606017
0,-16.945601,14.604313,-16.945394,14.603886,-16.941546,14.598415
0,-16.946412,14.605987,-16.946412,14.605983,-16.946139,14.605422
0,-16.943397,14.600188,-16.943271,14.600067,-16.944082,14.601184
0,-16.943774,14.600549,-16.943397,14.600188,-16.944082,14.601184
0,-16.944176,14.601376,-16.942894,14.599707,-16.944257,14.601543
0,-16.944850,14.602765,-16.941850,14.598707,-16.941733,14.598594
0,-16.941552,14.598421,-16.945228,14.603543,-16.941733,14.598594
0,-16.941546,14.598415,-16.945394,14.603886,-16.945228,14.603543
0,-16.946139,14.605422,-16.945846,14.604818,-16.941546,14.598415
0,-16.941385,14.598182,-16.941289,14.598043,-16.941386,14.598185
0,-16.945846,14.604818,-16.945601,14.604313,-16.941546,14.598415
0,-16.946837,14.606859,-16.941546,14.598415,-16.802275,14.605756
0,-16.941447,14.598272,-16.941415,14.598226,-16.941386,14.598185
0,-16.941546,14.598415,-16.941386,14.598185,-16.802275,14.605756
0,-16.941289,14.598043,-16.941180,14.597885,-16.941386,14.598185
0,-16.963644,14.627135,-16.901040,14.735813,-16.906266,14.736278
0,-16.964846,14.717364,-16.910665,14.737125,-16.917081,14.738220
0,-16.964846,14.717364,-16.908553,14.736600,-16.910665,14.737125
0,-16.964846,14.717364,-16.965192,14.629019,-16.908553,14.736600
0,-16.893467,14.735747,-16.895425,14.735731,-16.950643,14.611185
0,-16.877539,14.735750,-16.884851,14.735817,-16.946837,14.606859
0,-16.877539,14.735750,-16.880022,14.735984,-16.884851,14.735817
0,-16.955809,14.617757,-16.901040,14.735813,-16.959722,14.622332
0,-16.889161,14.736036,-16.893467,14.735747,-16.884851,14.735817
0,-16.889161,14.736036,-16.891251,14.736147,-16.893467,14.735747
0,-16.882503,14.736091,-16.884851,14.735817,-16.880022,14.735984
0,-16.877539,14.735750,-16.946837,14.606859,-16.802275,14.605756
0,-16.874799,14.735899,-16.877539,14.735750,-16.798499,14.612283
0,-16.797603,14.746084,-16.866220,14.740416,-16.777481,14.709916
0,-16.797603,14.746084,-16.864445,14.742337,-16.866220,14.740416
0,-16.868424,14.738619,-16.870763,14.737329,-16.775730,14.703523
0,-16.776612,14.705783,-16.868424,14.738619,-16.775730,14.703523
0,-16.797603,14.746084,-16.826577,14.757571,-16.864445,14.742337
0,-16.797603,14.746084,-16.801728,14.749694,-16.826577,14.757571
0,-16.824803,14.758113,-16.804112,14.752739,-16.824216,14.758292
0,-16.801728,14.749694,-16.824803,14.758113,-16.825792,14.757810
0,-16.801728,14.749694,-16.804112,14.752739,-16.824803,14.758113
0,-16.860344,14.756902,-16.833436,14.757926,-16.834392,14.760521
0,-16.831908,14.757847,-16.833436,14.757926,-16.864445,14.742337
0,-16.829733,14.757734,-16.831908,14.757847,-16.864445,14.742337
0,-16.833436,14.757926,-16.862630,14.745126,-16.864445,14.742337
0,-16.833436,14.757926,-16.862096,14.746675,-16.862630,14.745126
0,-16.833436,14.757926,-16.861624,14.749111,-16.862096,14.746675
0,-16.861359,14.752917,-16.861464,14.751082,-16.860689,14.754884
0,-16.833436,14.757926,-16.860344,14.756902,-16.860689,14.754884
0,-16.834795,14.761552,-16.860245,14.758457,-16.860344,14.756902
0,-16.859259,14.764782,-16.860120,14.762317,-16.860180,14.760572
0,-16.859259,14.764782,-16.859834,14.763693,-16.860120,14.762317
0,-16.849188,14.771788,-16.854451,14.770200,-16.855767,14.768771
0,-16.849188,14.771788,-16.852585,14.772280,-16.853402,14.771369
0,-16.854451,14.770200,-16.849188,14.771788,-16.853402,14.771369
0,-16.859259,14.764782,-16.857031,14.767390,-16.858066,14.766473
0,-16.860180,14.760572,-16.860245,14.758457,-16.857031,14.767390
0,-16.857031,14.767390,-16.856373,14.768112,-16.857017,14.767413
0,-16.850467,14.773035,-16.852291,14.772608,-16.849188,14.771788
0,-16.849188,14.771788,-16.849190,14.771872,-16.850467,14.773035
0,-16.849188,14.771788,-16.847124,14.772796,-16.848334,14.772381
0,-16.849210,14.773329,-16.850467,14.773035,-16.849190,14.771872
0,-16.839948,14.773560,-16.840653,14.774600,-16.841069,14.774569
0,-16.844432,14.773450,-16.838625,14.770942,-16.843078,14.773653
0,-16.843078,14.773653,-16.839002,14.771688,-16.842893,14.773681
0,-16.840970,14.774617,-16.841063,14.774572,-16.840653,14.774600
0,-16.840653,14.774600,-16.840951,14.774627,-16.840970,14.774617
0,-16.839002,14.771688,-16.839948,14.773560,-16.842893,14.773681
0,-16.838625,14.770942,-16.839002,14.771688,-16.843078,14.773653
0,-16.845824,14.773241,-16.837905,14.769265,-16.844432,14.773450
0,-16.838407,14.770512,-16.838625,14.770942,-16.844432,14.773450
0,-16.837905,14.769265,-16.838407,14.770512,-16.844432,14.773450
0,-16.834795,14.761552,-16.860344,14.756902,-16.834530,14.760895
0,-16.834530,14.760895,-16.860344,14.756902,-16.834392,14.760521
0,-16.820867,14.760232,-16.814513,14.762806,-16.820605,14.761127
0,-16.816018,14.763924,-16.820289,14.762204,-16.820416,14.761771
0,-16.804112,14.752739,-16.823322,14.758565,-16.824216,14.758292
0,-16.777481,14.709916,-16.791553,14.741133,-16.795864,14.744787
0,-16.788924,14.738776,-16.791553,14.741133,-16.777481,14.709916
0,-16.797603,14.746084,-16.800084,14.748532,-16.801728,14.749694
0,-16.808790,14.758043,-16.810855,14.759618,-16.821162,14.759225
0,-16.807009,14.756060,-16.804112,14.752739,-16.805326,14.754763
0,-16.822391,14.758849,-16.823322,14.758565,-16.804112,14.752739
0,-16.816018,14.763924,-16.820041,14.763051,-16.820289,14.762204
0,-16.817845,14.764944,-16.819367,14.765353,-16.820041,14.763051
0,-16.814513,14.762806,-16.816018,14.763924,-16.820416,14.761771
0,-16.817486,14.764848,-16.817845,14.764944,-16.820041,14.763051
0,-16.820867,14.760232,-16.812827,14.761057,-16.814513,14.762806
0,-16.821162,14.759225,-16.810855,14.759618,-16.812827,14.761057
0,-16.808790,14.758043,-16.821162,14.759225,-16.807009,14.756060
0,-16.775509,14.720101,-16.778981,14.731088,-16.776393,14.716567
0,-16.776930,14.714050,-16.787240,14.737207,-16.777481,14.709916
0,-16.788924,14.738776,-16.777481,14.709916,-16.787240,14.737207
0,-16.776930,14.714050,-16.783951,14.734936,-16.785830,14.736278
0,-16.776393,14.716567,-16.781936,14.733632,-16.783951,14.734936
0,-16.778981,14.731088,-16.781936,14.733632,-16.776393,14.716567
0,-16.775062,14.725371,-16.776501,14.727583,-16.775207,14.723815
0,-16.778981,14.731088,-16.775372,14.721202,-16.776501,14.727583
0,-16.775509,14.720101,-16.775502,14.720153,-16.778981,14.731088
0,-16.777135,14.711889,-16.776930,14.714050,-16.777481,14.709916
0,-16.777481,14.709916,-16.866220,14.740416,-16.777073,14.707669
0,-16.775721,14.718398,-16.775509,14.720101,-16.776393,14.716567
0,-16.798499,14.612283,-16.773930,14.699016,-16.870763,14.737329
0,-16.760972,14.676385,-16.762515,14.678922,-16.763685,14.680079
0,-16.771279,14.634312,-16.759955,14.674495,-16.763685,14.680079
0,-16.763685,14.680079,-16.764852,14.682194,-16.771279,14.634312
0,-16.766436,14.684869,-16.764852,14.682194,-16.765964,14.684129
0,-16.764852,14.682194,-16.766436,14.684869,-16.771279,14.634312
0,-16.768445,14.687779,-16.766436,14.684869,-16.767083,14.685883
0,-16.771419,14.693947,-16.771870,14.695065,-16.773930,14.699016
0,-16.777073,14.707669,-16.868424,14.738619,-16.776612,14.705783
0,-16.773930,14.699016,-16.774715,14.700899,-16.870763,14.737329
0,-16.790362,14.618015,-16.771419,14.693947,-16.773930,14.699016
0,-16.769504,14.690220,-16.769965,14.692106,-16.771419,14.693947
0,-16.768445,14.687779,-16.769504,14.690220,-16.771419,14.693947
0,-16.766436,14.684869,-16.768445,14.687779,-16.771279,14.634312
0,-16.759116,14.673019,-16.771279,14.634312,-16.768597,14.635254
0,-16.760972,14.676385,-16.763685,14.680079,-16.759955,14.674495
0,-16.771279,14.634312,-16.759116,14.673019,-16.759955,14.674495
0,-16.768597,14.635254,-16.767312,14.635705,-16.759116,14.673019
0,-16.767312,14.635705,-16.752806,14.665311,-16.755697,14.669285
0,-16.754058,14.667480,-16.755697,14.669285,-16.752806,14.665311
0,-16.751028,14.663553,-16.752806,14.665311,-16.761838,14.636558
0,-16.742561,14.646969,-16.740519,14.649344,-16.742500,14.655746
0,-16.738859,14.650847,-16.737328,14.653272,-16.739395,14.653979
0,-16.740519,14.649344,-16.738859,14.650847,-16.740951,14.654772
0,-16.749249,14.661569,-16.751028,14.663553,-16.758849,14.637024
0,-16.746393,14.658527,-16.744279,14.644778,-16.744701,14.657085
0,-16.742500,14.655746,-16.740519,14.649344,-16.740951,14.654772
0,-16.738859,14.650847,-16.739395,14.653979,-16.740951,14.654772
0,-16.746393,14.658527,-16.747938,14.660142,-16.747461,14.640950
0,-16.801429,14.568296,-16.802385,14.569012,-16.803842,14.563318
0,-16.747461,14.640950,-16.758849,14.637024,-16.749646,14.639080
0,-16.758849,14.637024,-16.755742,14.636862,-16.749646,14.639080
0,-16.755742,14.636862,-16.753248,14.636732,-16.751360,14.637486
0,-16.751842,14.636659,-16.751360,14.637486,-16.753248,14.636732
0,-16.749646,14.639080,-16.755742,14.636862,-16.751360,14.637486
0,-16.758849,14.637024,-16.751028,14.663553,-16.761838,14.636558
0,-16.765970,14.635914,-16.752806,14.665311,-16.767312,14.635705
0,-16.761838,14.636558,-16.752806,14.665311,-16.765970,14.635914
0,-16.775712,14.622148,-16.772731,14.622392,-16.772833,14.625356
0,-16.798499,14.612283,-16.877539,14.735750,-16.802275,14.605756
0,-16.785647,14.621336,-16.768445,14.687779,-16.790362,14.618015
0,-16.924514,14.574795,-16.924208,14.574433,-16.809093,14.593968
0,-16.800445,14.567583,-16.801429,14.568296,-16.803842,14.563318
0,-16.836272,14.537245,-16.811170,14.585284,-16.867474,14.529545
0,-16.812696,14.550975,-16.806734,14.572274,-16.809720,14.575790
0,-16.803842,14.563318,-16.802385,14.569012,-16.806734,14.572274
0,-16.919092,14.568383,-16.918891,14.568072,-16.811170,14.585284
0,-16.940557,14.596972,-16.808782,14.594505,-16.802275,14.605756
0,-16.940557,14.596972,-16.940127,14.596243,-16.808782,14.594505
0,-16.768445,14.687779,-16.771419,14.693947,-16.790362,14.618015
0,-16.790362,14.618015,-16.773930,14.699016,-16.798499,14.612283
0,-16.785647,14.621336,-16.771431,14.633869,-16.771279,14.634312
0,-16.772957,14.628982,-16.772971,14.629385,-16.782085,14.621627
0,-16.771866,14.632603,-16.771431,14.633869,-16.785647,14.621336
0,-16.772886,14.626901,-16.782085,14.621627,-16.775712,14.622148
0,-16.772886,14.626901,-16.772957,14.628982,-16.782085,14.621627
0,-16.772971,14.629385,-16.785647,14.621336,-16.782085,14.621627
0,-16.772886,14.626901,-16.775712,14.622148,-16.772833,14.625356
0,-16.771866,14.632603,-16.785647,14.621336,-16.772971,14.629385
0,-16.868555,14.529594,-16.867474,14.529545,-16.914772,14.561694
0,-16.809093,14.593968,-16.919092,14.568383,-16.811170,14.585284
0,-16.809720,14.575790,-16.836272,14.537245,-16.812696,14.550975
0,-16.811170,14.585284,-16.836272,14.537245,-16.810601,14.581560
0,-16.836272,14.537245,-16.809720,14.575790,-16.810601,14.581560
0,-16.866351,14.526757,-16.836272,14.537245,-16.867474,14.529545
0,-16.836272,14.537245,-16.820812,14.539077,-16.817976,14.543118
0,-16.832665,14.522057,-16.836567,14.522525,-16.833691,14.520310
0,-16.913203,14.550451,-16.913117,14.548384,-16.889135,14.528370
0,-16.913117,14.548384,-16.913049,14.546743,-16.889135,14.528370
0,-16.913242,14.551552,-16.913203,14.550451,-16.889135,14.528370
0,-16.913682,14.542846,-16.892625,14.526775,-16.892603,14.526785
0,-16.884494,14.527776,-16.882722,14.527736,-16.875924,14.529929
0,-16.913682,14.555057,-16.913545,14.554007,-16.875924,14.529929
0,-16.914075,14.557907,-16.875924,14.529929,-16.914387,14.559600
0,-16.914049,14.540806,-16.893332,14.526278,-16.893125,14.526424
0,-16.914049,14.540806,-16.893487,14.526169,-16.893332,14.526278
0,-16.895260,14.524923,-16.895063,14.525062,-16.914049,14.540806
0,-16.894580,14.525401,-16.894299,14.525599,-16.914049,14.540806
0,-16.914049,14.540806,-16.894091,14.525745,-16.893927,14.525861
0,-16.914049,14.540806,-16.893698,14.526021,-16.893487,14.526169
0,-16.914049,14.540806,-16.893927,14.525861,-16.893698,14.526021
0,-16.914049,14.540806,-16.892981,14.526525,-16.892625,14.526775
0,-16.914049,14.540806,-16.893125,14.526424,-16.892981,14.526525
0,-16.913105,14.546058,-16.892603,14.526785,-16.889135,14.528370
0,-16.913105,14.546058,-16.913682,14.542846,-16.892603,14.526785
0,-16.882722,14.527736,-16.881276,14.527703,-16.875924,14.529929
0,-16.875924,14.529929,-16.879511,14.527975,-16.878444,14.528139
0,-16.875924,14.529929,-16.881276,14.527703,-16.879511,14.527975
0,-16.836427,14.529508,-16.836272,14.537245,-16.866351,14.526757
0,-16.836427,14.529508,-16.866351,14.526757,-16.865911,14.525663
0,-16.861216,14.518051,-16.865012,14.523431,-16.864803,14.522912
0,-16.861216,14.518051,-16.864372,14.521842,-16.864057,14.521060
0,-16.861216,14.518051,-16.864803,14.522912,-16.864372,14.521842
0,-16.836427,14.529508,-16.865911,14.525663,-16.865563,14.524800
0,-16.836427,14.529508,-16.865344,14.524257,-16.865012,14.523431
0,-16.836427,14.529508,-16.865563,14.524800,-16.865344,14.524257
0,-16.914377,14.540095,-16.895555,14.524716,-16.914049,14.540806
0,-16.914049,14.540806,-16.895063,14.525062,-16.894816,14.525235
0,-16.914377,14.540095,-16.895690,14.524622,-16.895555,14.524716
0,-16.914377,14.540095,-16.895872,14.524494,-16.895690,14.524622
0,-16.914049,14.540806,-16.895555,14.524716,-16.895260,14.524923
0,-16.896889,14.523779,-16.896699,14.523913,-16.915680,14.535506
0,-16.915680,14.535506,-16.896181,14.524277,-16.915620,14.535986
0,-16.896968,14.522458,-16.912888,14.520166,-16.898390,14.518105
0,-16.896936,14.522994,-16.912888,14.520166,-16.896968,14.522458
0,-16.896915,14.523346,-16.912888,14.520166,-16.896931,14.523078
0,-16.912888,14.520166,-16.908967,14.513944,-16.898872,14.517008
0,-16.861216,14.518051,-16.860047,14.516903,-16.858547,14.516111
0,-16.911640,14.516163,-16.912888,14.520166,-16.912705,14.518188
0,-16.906762,14.513103,-16.900054,14.515218,-16.898872,14.517008
0,-16.904318,14.512680,-16.901240,14.513898,-16.906762,14.513103
0,-16.903093,14.512582,-16.902189,14.513122,-16.904318,14.512680
0,-16.906762,14.513103,-16.901240,14.513898,-16.900054,14.515218
0,-16.898390,14.518105,-16.912888,14.520166,-16.898872,14.517008
0,-16.897097,14.520292,-16.898390,14.518105,-16.897100,14.520249
0,-16.897099,14.520251,-16.897097,14.520292,-16.897100,14.520249
0,-16.897090,14.520420,-16.898390,14.518105,-16.897097,14.520292
0,-16.897083,14.520530,-16.897052,14.521057,-16.898390,14.518105
0,-16.897020,14.521582,-16.898390,14.518105,-16.897052,14.521057
0,-16.898390,14.518105,-16.897020,14.521582,-16.896998,14.521957
0,-16.897083,14.520530,-16.898390,14.518105,-16.897090,14.520420
0,-16.844932,14.508681,-16.849530,14.508891,-16.848283,14.507968
0,-16.842870,14.510492,-16.851475,14.510329,-16.849530,14.508891
0,-16.842870,14.510492,-16.849530,14.508891,-16.844932,14.508681
0,-16.842804,14.510551,-16.851475,14.510329,-16.842870,14.510492
0,-16.840760,14.512333,-16.853862,14.512822,-16.841287,14.511873
0,-16.840599,14.512473,-16.840412,14.512673,-16.840760,14.512333
0,-16.842798,14.510555,-16.851475,14.510329,-16.842804,14.510551
0,-16.841287,14.511873,-16.853862,14.512822,-16.842094,14.511170
0,-16.863561,14.519830,-16.863333,14.519263,-16.861216,14.518051
0,-16.863772,14.520353,-16.861216,14.518051,-16.864057,14.521060
0,-16.863561,14.519830,-16.861216,14.518051,-16.863772,14.520353
0,-16.856110,14.514259,-16.836567,14.522525,-16.858547,14.516111
0,-16.836567,14.522525,-16.856110,14.514259,-16.853862,14.512822
0,-16.835372,14.518038,-16.835245,14.518172,-16.836567,14.522525
0,-16.837069,14.516230,-16.836567,14.522525,-16.837386,14.515892
0,-16.835873,14.517504,-16.835593,14.517802,-16.836567,14.522525
0,-16.836345,14.517001,-16.835873,14.517504,-16.836567,14.522525
0,-16.835593,14.517802,-16.835372,14.518038,-16.836567,14.522525
0,-16.835167,14.518256,-16.836567,14.522525,-16.835245,14.518172
0,-16.836762,14.516557,-16.836567,14.522525,-16.837069,14.516230
0,-16.836345,14.517001,-16.836567,14.522525,-16.836762,14.516557
0,-16.838509,14.514689,-16.838295,14.514924,-16.838519,14.514685
0,-16.838063,14.515166,-16.838059,14.515176,-16.838295,14.514924
0,-16.837695,14.515563,-16.836567,14.522525,-16.838059,14.515176
0,-16.840760,14.512333,-16.840412,14.512673,-16.853862,14.512822
0,-16.840412,14.512673,-16.839511,14.513631,-16.853862,14.512822
0,-16.839511,14.513631,-16.838849,14.514335,-16.836567,14.522525
