91,1,24,81,7,
0,-15.978569,12.878701,-15.977739,12.871040,-15.975730,12.883454
0,-16.002714,12.814238,-15.996120,12.829922,-15.997479,12.829027
0,-15.939729,12.659460,-15.938926,12.659853,-15.942796,12.658588
0,-16.003993,12.762009,-16.005677,12.761205,-16.002571,12.762368
0,-15.772629,12.891384,-15.817877,12.937477,-15.820967,12.937316
0,-15.943086,12.657917,-15.942796,12.658588,-15.949996,12.655501
0,-16.006808,12.760666,-16.013371,12.722044,-16.005677,12.761205
0,-15.955757,12.658638,-15.952828,12.657069,-15.942796,12.658588
0,-16.011129,12.717268,-15.928851,12.681968,-15.996473,12.764908
0,-15.994707,12.799998,-15.992692,12.795891,-15.986294,12.836480
0,-15.921449,12.676515,-15.916877,12.679067,-15.924671,12.678346
0,-15.928851,12.681968,-16.011305,12.715623,-15.957901,12.658726
0,-15.826068,12.937603,-15.831171,12.938648,-15.872098,12.931239
0,-15.772629,12.891384,-15.761514,12.919574,-15.784171,12.932124
0,-15.777996,12.934264,-15.767427,12.933047,-15.776454,12.935330
0,-15.777996,12.934264,-15.784171,12.932124,-15.765557,12.927899
0,-15.917772,12.905850,-15.892699,12.929205,-15.894283,12.930348
0,-15.923326,12.676916,-15.921449,12.676515,-15.924671,12.678346
0,-15.952586,12.888678,-15.954348,12.890394,-15.956253,12.891176
0,-15.941365,12.653761,-15.941418,12.655005,-15.944719,12.651452
0,-15.733318,12.788291,-15.736288,12.772083,-15.730990,12.784231
0,-16.017615,12.658993,-16.017072,12.657129,-16.014047,12.656136
0,-15.970689,12.649500,-15.957901,12.658726,-15.971607,12.649585
0,-16.019746,12.692429,-16.021278,12.685390,-15.998457,12.656530
0,-15.971607,12.649585,-15.994371,12.654398,-15.991854,12.652566
0,-15.954106,12.647161,-15.954428,12.654911,-15.958087,12.656237
0,-15.941365,12.653761,-15.944719,12.651452,-15.942477,12.651365
0,-15.958087,12.656237,-15.965018,12.646595,-15.958922,12.644990
0,-15.948040,12.653641,-15.946670,12.652020,-15.941418,12.655005
0,-16.012298,12.712539,-15.957901,12.658726,-16.011305,12.715623
0,-15.994371,12.654398,-15.971607,12.649585,-15.957901,12.658726
0,-15.958087,12.656237,-15.958922,12.644990,-15.954106,12.647161
0,-16.019824,12.729948,-16.015023,12.723623,-16.021810,12.739126
0,-15.996473,12.764908,-15.911054,12.693993,-15.898040,12.708468
0,-16.010763,12.758435,-16.015023,12.723623,-16.013371,12.722044
0,-16.017916,12.697842,-16.018428,12.695893,-16.017337,12.699376
0,-15.998457,12.656530,-15.997105,12.655943,-16.015053,12.703745
0,-16.021278,12.685390,-16.019746,12.692429,-16.020082,12.691511
0,-15.998457,12.656530,-16.021278,12.685390,-16.021304,12.679696
0,-16.008203,12.656780,-16.021321,12.671849,-16.020674,12.668359
0,-16.008203,12.656780,-15.998457,12.656530,-16.021528,12.674767
0,-16.018444,12.695831,-16.019746,12.692429,-15.998457,12.656530
0,-16.005677,12.761205,-16.013371,12.722044,-16.002571,12.762368
0,-16.001990,12.812108,-16.001924,12.811961,-16.002416,12.813229
0,-16.002571,12.762368,-16.013371,12.722044,-15.998223,12.763466
0,-15.996395,12.765103,-15.996473,12.764908,-15.898040,12.708468
0,-15.996120,12.829922,-16.002416,12.813229,-16.001924,12.811961
0,-15.991417,12.832155,-15.992780,12.831509,-16.001924,12.811961
0,-15.993625,12.831108,-16.001924,12.811961,-15.992780,12.831509
0,-16.002526,12.824304,-16.002582,12.823874,-16.002462,12.824457
0,-16.002895,12.821475,-15.997479,12.829027,-15.999326,12.827951
0,-16.002895,12.821475,-16.002714,12.814238,-15.997479,12.829027
0,-15.967137,12.886902,-15.970648,12.886746,-15.973473,12.885354
0,-15.975730,12.883454,-15.977514,12.881239,-15.978569,12.878701
0,-15.975498,12.883707,-15.975730,12.883454,-15.973473,12.885354
0,-15.967137,12.886902,-15.975730,12.883454,-15.977739,12.871040
0,-15.994663,12.769437,-15.898040,12.708468,-15.991630,12.779280
0,-15.972178,12.886358,-15.972328,12.886237,-15.972158,12.886289
0,-15.973273,12.885542,-15.973473,12.885354,-15.972158,12.886289
0,-15.973473,12.885354,-15.975730,12.883454,-15.967137,12.886902
0,-15.972158,12.886289,-15.972328,12.886237,-15.973273,12.885542
0,-15.973153,12.858223,-15.943343,12.881822,-15.945760,12.882531
0,-15.975469,12.865915,-15.967137,12.886902,-15.977613,12.870498
0,-15.974133,12.860896,-15.948765,12.884099,-15.975469,12.865915
0,-15.945760,12.882531,-15.948765,12.884099,-15.974133,12.860896
0,-15.973153,12.858223,-15.939976,12.881260,-15.943343,12.881822
0,-15.805096,12.748485,-15.780649,12.845841,-15.917785,12.886449
0,-15.916154,12.903631,-15.891116,12.928637,-15.892699,12.929205
0,-15.870258,12.935337,-15.843098,12.946795,-15.862119,12.950219
0,-15.896747,12.931833,-15.894283,12.930348,-15.895516,12.931263
0,-15.904375,12.936801,-15.927476,12.918662,-15.923869,12.912575
0,-15.978569,12.878701,-15.977514,12.881239,-15.978470,12.879151
0,-15.840305,12.943318,-15.843098,12.946795,-15.870258,12.935337
0,-15.862119,12.950219,-15.866437,12.947779,-15.870582,12.939732
0,-15.862119,12.950219,-15.845269,12.948910,-15.854561,12.952849
0,-15.840305,12.943318,-15.870258,12.935337,-15.870560,12.933366
0,-15.793445,12.932551,-15.794839,12.933759,-15.804124,12.937672
0,-15.847135,12.952390,-15.849146,12.952990,-15.845269,12.948910
0,-15.788034,12.931961,-15.772629,12.891384,-15.786992,12.932005
0,-15.788034,12.931961,-15.790662,12.932256,-15.772629,12.891384
0,-15.794839,12.933759,-15.798711,12.936476,-15.804124,12.937672
0,-15.753063,12.893532,-15.752640,12.898336,-15.772629,12.891384
0,-15.758388,12.841240,-15.780649,12.845841,-15.758230,12.840865
0,-15.740075,12.766761,-15.736135,12.792949,-15.746782,12.759996
0,-15.736135,12.792949,-15.736288,12.772083,-15.733318,12.788291
0,-15.744471,12.809433,-15.746558,12.814451,-15.789769,12.757287
0,-15.739329,12.801553,-15.789769,12.757287,-15.771763,12.751168
0,-15.780649,12.845841,-15.756028,12.835634,-15.756381,12.836474
0,-15.739329,12.801553,-15.744471,12.809433,-15.789769,12.757287
0,-15.771763,12.751168,-15.789769,12.757287,-15.780576,12.752478
0,-15.830989,12.705814,-15.804178,12.735712,-15.833593,12.705561
0,-15.991758,12.794029,-15.986294,12.836480,-15.992692,12.795891
0,-15.812061,12.711848,-15.808760,12.713846,-15.805355,12.717918
0,-15.736135,12.792949,-15.739329,12.801553,-15.746782,12.759996
0,-15.942796,12.658588,-15.952828,12.657069,-15.949996,12.655501
0,-15.955757,12.658638,-15.932907,12.668377,-15.929258,12.680005
0,-15.931902,12.650971,-15.927811,12.651416,-15.932833,12.652451
0,-15.925730,12.655347,-15.924241,12.661237,-15.935099,12.659094
0,-15.805096,12.748485,-15.803795,12.749256,-15.801010,12.751368
0,-15.878470,12.704347,-15.878481,12.707338,-15.880598,12.703084
0,-15.878481,12.707338,-15.890010,12.711725,-15.889760,12.710051
0,-15.880598,12.703084,-15.878481,12.707338,-15.882549,12.703377
0,-15.805096,12.748485,-15.920753,12.884878,-15.890317,12.712621
0,-15.878832,12.703269,-15.878470,12.704347,-15.880598,12.703084
0,-15.833593,12.705561,-15.804178,12.735712,-15.804097,12.739165
0,-16.019930,12.665204,-16.008203,12.656780,-16.020674,12.668359
0,-16.018798,12.662338,-16.017916,12.661001,-16.008203,12.656780
0,-16.019930,12.665204,-16.018798,12.662338,-16.008203,12.656780
0,-16.017072,12.657129,-16.016894,12.655167,-16.015944,12.655124
0,-16.014047,12.656136,-16.017916,12.661001,-16.017615,12.658993
0,-16.010444,12.656771,-16.008203,12.656780,-16.017916,12.661001
0,-16.016894,12.655167,-16.017072,12.657129,-16.016918,12.655168
0,-16.014047,12.656136,-16.017072,12.657129,-16.015944,12.655124
0,-16.014047,12.656136,-16.010444,12.656771,-16.017916,12.661001
0,-15.997105,12.655943,-15.957901,12.658726,-16.015053,12.703745
0,-15.994371,12.654398,-15.957901,12.658726,-15.997105,12.655943
0,-15.971607,12.649585,-15.991854,12.652566,-15.983271,12.647196
0,-15.970689,12.649500,-15.966636,12.649125,-15.957901,12.658726
0,-15.965018,12.646595,-15.962184,12.644261,-15.958922,12.644990
0,-15.983271,12.647196,-15.991854,12.652566,-15.983417,12.647167
0,-15.965018,12.646595,-15.963843,12.644972,-15.962184,12.644261
0,-15.954106,12.647161,-15.951143,12.649468,-15.954428,12.654911
0,-15.951143,12.649468,-15.950368,12.650762,-15.950372,12.651911
0,-15.952037,12.654010,-15.951143,12.649468,-15.950372,12.651911
0,-15.931902,12.650971,-15.930095,12.649686,-15.927811,12.651416
0,-15.941418,12.655005,-15.946670,12.652020,-15.944719,12.651452
0,-15.942477,12.651365,-15.941748,12.651846,-15.941365,12.653761
0,-15.942796,12.658588,-15.938926,12.659853,-15.932907,12.668377
0,-15.932833,12.652451,-15.927811,12.651416,-15.925730,12.655347
0,-15.933146,12.667061,-15.936276,12.661147,-15.931681,12.666348
0,-15.935099,12.659094,-15.932833,12.652451,-15.925730,12.655347
0,-15.932907,12.668377,-15.938926,12.659853,-15.933146,12.667061
0,-15.941418,12.655005,-15.943086,12.657917,-15.948040,12.653641
0,-15.949996,12.655501,-15.948040,12.653641,-15.943086,12.657917
0,-15.954428,12.654911,-15.951143,12.649468,-15.952037,12.654010
0,-15.966636,12.649125,-15.958087,12.656237,-15.957901,12.658726
0,-15.966636,12.649125,-15.965018,12.646595,-15.958087,12.656237
0,-16.018428,12.695893,-16.015053,12.703745,-16.017337,12.699376
0,-16.015495,12.703185,-16.015543,12.703124,-16.017337,12.699376
0,-16.017337,12.699376,-16.015543,12.703124,-16.016422,12.702011
0,-16.015053,12.703745,-16.015495,12.703185,-16.017337,12.699376
0,-16.014003,12.707936,-16.013205,12.710801,-16.013706,12.709731
0,-15.935099,12.659094,-15.931681,12.666348,-15.936276,12.661147
0,-15.926148,12.668999,-15.928340,12.668692,-15.924987,12.668046
0,-15.928851,12.681968,-15.915717,12.688664,-15.911054,12.693993
0,-15.930110,12.673136,-15.932907,12.668377,-15.930723,12.670777
0,-15.938926,12.659853,-15.936276,12.661147,-15.933146,12.667061
0,-15.942796,12.658588,-15.932907,12.668377,-15.955757,12.658638
0,-16.013371,12.722044,-16.012025,12.720375,-15.998223,12.763466
0,-16.014003,12.707936,-16.012298,12.712539,-16.013205,12.710801
0,-16.012298,12.712539,-16.011305,12.715623,-16.011847,12.714126
0,-16.012025,12.720375,-16.011409,12.718882,-15.998223,12.763466
0,-16.014003,12.707936,-15.957901,12.658726,-16.012298,12.712539
0,-16.015053,12.703745,-15.957901,12.658726,-16.014003,12.707936
0,-16.016396,12.724425,-16.015023,12.723623,-16.017469,12.726129
0,-16.021810,12.739126,-16.015023,12.723623,-16.010763,12.758435
0,-16.015023,12.723623,-16.019824,12.729948,-16.017469,12.726129
0,-16.019824,12.729948,-16.019230,12.727558,-16.017469,12.726129
0,-16.018735,12.695421,-16.019746,12.692429,-16.018444,12.695831
0,-16.015053,12.703745,-16.018428,12.695893,-16.018444,12.695831
0,-16.015053,12.703745,-16.018444,12.695831,-15.998457,12.656530
0,-16.018735,12.695421,-16.019365,12.694535,-16.019746,12.692429
0,-16.020325,12.690848,-16.021278,12.685390,-16.020082,12.691511
0,-15.998457,12.656530,-16.021304,12.679696,-16.021441,12.677590
0,-16.020674,12.668359,-16.021321,12.671849,-16.021316,12.670653
0,-16.008203,12.656780,-16.021528,12.674767,-16.021321,12.671849
0,-16.021304,12.679696,-16.021278,12.685390,-16.021703,12.682087
0,-15.998457,12.656530,-16.021441,12.677590,-16.021528,12.674767
0,-16.020806,12.731762,-16.019824,12.729948,-16.021810,12.739126
0,-16.020325,12.690848,-16.020997,12.688453,-16.021278,12.685390
0,-16.021810,12.739126,-16.020619,12.750965,-16.022916,12.747352
0,-16.022916,12.747352,-16.022025,12.749833,-16.022728,12.749266
0,-16.022916,12.747352,-16.020619,12.750965,-16.022025,12.749833
0,-16.021810,12.739126,-16.014207,12.756372,-16.015866,12.755053
0,-16.020619,12.750965,-16.021810,12.739126,-16.017924,12.753415
0,-16.017924,12.753415,-16.021810,12.739126,-16.015866,12.755053
0,-16.014207,12.756372,-16.021810,12.739126,-16.010763,12.758435
0,-16.010763,12.758435,-16.013371,12.722044,-16.009437,12.759228
0,-16.009437,12.759228,-16.013371,12.722044,-16.006808,12.760666
0,-15.998223,12.763466,-16.011409,12.718882,-15.998123,12.763549
0,-16.007934,12.760128,-16.009437,12.759228,-16.006808,12.760666
0,-15.990303,12.833078,-15.994707,12.799998,-15.986294,12.836480
0,-15.989754,12.790584,-15.986294,12.836480,-15.991758,12.794029
0,-15.929733,12.881009,-15.977204,12.845613,-15.989754,12.790584
0,-15.894939,12.710333,-15.890317,12.712621,-15.989386,12.786107
0,-15.992692,12.795891,-15.994707,12.799998,-15.993821,12.797849
0,-15.998967,12.805020,-16.001924,12.811961,-16.000918,12.808382
0,-15.996473,12.764908,-16.011409,12.718882,-16.011129,12.717268
0,-15.998123,12.763549,-16.011409,12.718882,-15.996551,12.764845
0,-15.998967,12.805020,-15.991417,12.832155,-16.001924,12.811961
0,-15.996551,12.764845,-16.011409,12.718882,-15.996473,12.764908
0,-16.003119,12.815692,-16.002714,12.814238,-16.003355,12.818339
0,-15.996120,12.829922,-16.002714,12.814238,-16.002416,12.813229
0,-16.003119,12.815692,-16.003109,12.815573,-16.002714,12.814238
0,-16.002416,12.813229,-16.002279,12.812763,-16.001990,12.812108
0,-16.003355,12.818339,-16.002714,12.814238,-16.002895,12.821475
0,-16.002895,12.821475,-16.003306,12.819533,-16.003355,12.818339
0,-16.003415,12.819017,-16.003355,12.818339,-16.003306,12.819533
0,-15.999919,12.827606,-16.002582,12.823874,-15.999326,12.827951
0,-15.999326,12.827951,-16.002582,12.823874,-16.002895,12.821475
0,-16.001400,12.809274,-16.001357,12.809195,-16.001651,12.810128
0,-15.996120,12.829922,-16.001924,12.811961,-15.993625,12.831108
0,-16.002462,12.824457,-16.002582,12.823874,-15.999919,12.827606
0,-16.002462,12.824457,-15.999919,12.827606,-16.001541,12.826662
0,-16.001357,12.809195,-16.000918,12.808382,-16.001651,12.810128
0,-16.001400,12.809274,-16.001651,12.810128,-16.001570,12.809589
0,-16.001924,12.811961,-16.001651,12.810128,-16.000918,12.808382
0,-15.994707,12.799998,-15.998967,12.805020,-15.997790,12.802857
0,-15.994707,12.799998,-15.991417,12.832155,-15.998967,12.805020
0,-15.978235,12.880220,-15.978470,12.879151,-15.977514,12.881239
0,-15.973473,12.885354,-15.970648,12.886746,-15.972158,12.886289
0,-15.952586,12.888678,-15.958229,12.891313,-15.964510,12.888634
0,-15.911707,12.940967,-15.929259,12.925905,-15.910065,12.940169
0,-15.964510,12.888634,-15.958229,12.891313,-15.961300,12.890871
0,-15.958229,12.891313,-15.952586,12.888678,-15.956253,12.891176
0,-15.967137,12.886902,-15.948765,12.884099,-15.950235,12.885887
0,-15.911707,12.940967,-15.929789,12.930783,-15.929259,12.925905
0,-15.901559,12.935146,-15.923869,12.912575,-15.920271,12.908999
0,-15.964510,12.888634,-15.967137,12.886902,-15.950235,12.885887
0,-15.967137,12.886902,-15.975469,12.865915,-15.948765,12.884099
0,-15.964510,12.888634,-15.950235,12.885887,-15.952586,12.888678
0,-15.973171,12.858101,-15.939976,12.881260,-15.973153,12.858223
0,-15.973171,12.858101,-15.939463,12.881190,-15.939976,12.881260
0,-15.939463,12.881190,-15.973171,12.858101,-15.974104,12.853504
0,-15.973153,12.858223,-15.945760,12.882531,-15.973481,12.859001
0,-15.974104,12.853504,-15.936609,12.880841,-15.939463,12.881190
0,-15.973177,12.858117,-15.973171,12.858101,-15.973153,12.858223
0,-15.974104,12.853504,-15.932732,12.880855,-15.936609,12.880841
0,-15.977739,12.871040,-15.977613,12.870498,-15.967137,12.886902
0,-15.979046,12.876677,-15.977739,12.871040,-15.978569,12.878701
0,-15.975469,12.865915,-15.977613,12.870498,-15.977232,12.868631
0,-15.973481,12.859001,-15.945760,12.882531,-15.974133,12.860896
0,-15.990566,12.832911,-15.991417,12.832155,-15.990303,12.833078
0,-15.990303,12.833078,-15.991417,12.832155,-15.994707,12.799998
0,-15.991630,12.779280,-15.898040,12.708468,-15.989386,12.786107
0,-15.890317,12.712621,-15.989754,12.790584,-15.989386,12.786107
0,-15.989754,12.790584,-15.980700,12.841753,-15.986294,12.836480
0,-15.975525,12.850154,-15.932732,12.880855,-15.974104,12.853504
0,-15.980700,12.841753,-15.989754,12.790584,-15.979476,12.842906
0,-15.977204,12.845613,-15.929733,12.881009,-15.932732,12.880855
0,-15.975525,12.850154,-15.977204,12.845613,-15.932732,12.880855
0,-15.979476,12.842906,-15.989754,12.790584,-15.977204,12.845613
0,-15.989754,12.790584,-15.926664,12.881881,-15.929733,12.881009
0,-15.890317,12.712621,-15.924912,12.882677,-15.926664,12.881881
0,-15.890317,12.712621,-15.920753,12.884878,-15.924912,12.882677
0,-15.914426,12.891221,-15.915806,12.888274,-15.780649,12.845841
0,-15.805096,12.748485,-15.917785,12.886449,-15.920753,12.884878
0,-15.870596,12.943673,-15.870582,12.939732,-15.866437,12.947779
0,-15.780649,12.845841,-15.915806,12.888274,-15.917785,12.886449
0,-15.870582,12.939732,-15.870258,12.935337,-15.862119,12.950219
0,-15.913563,12.895171,-15.914426,12.891221,-15.877830,12.928739
0,-15.891116,12.928637,-15.913503,12.898832,-15.888598,12.928243
0,-15.891116,12.928637,-15.916154,12.903631,-15.913503,12.898832
0,-15.892699,12.929205,-15.917772,12.905850,-15.916154,12.903631
0,-15.913503,12.898832,-15.913563,12.895171,-15.885027,12.928141
0,-15.906896,12.938056,-15.928515,12.922534,-15.928041,12.920767
0,-15.913503,12.898832,-15.885027,12.928141,-15.888598,12.928243
0,-15.914426,12.891221,-15.780649,12.845841,-15.877830,12.928739
0,-15.913563,12.895171,-15.877830,12.928739,-15.885027,12.928141
0,-15.780649,12.845841,-15.826068,12.937603,-15.872098,12.931239
0,-15.780649,12.845841,-15.872098,12.931239,-15.877830,12.928739
0,-15.837360,12.940902,-15.837585,12.941086,-15.870560,12.933366
0,-15.929259,12.925905,-15.928515,12.922534,-15.906896,12.938056
0,-15.906896,12.938056,-15.928041,12.920767,-15.927476,12.918662
0,-15.923869,12.912575,-15.927476,12.918662,-15.926147,12.915366
0,-15.927983,12.937105,-15.929789,12.930783,-15.922986,12.941265
0,-15.904375,12.936801,-15.906896,12.938056,-15.927476,12.918662
0,-15.910065,12.940169,-15.929259,12.925905,-15.906896,12.938056
0,-15.901559,12.935146,-15.904375,12.936801,-15.923869,12.912575
0,-15.927983,12.937105,-15.922986,12.941265,-15.925506,12.939985
0,-15.929789,12.930783,-15.911707,12.940967,-15.922986,12.941265
0,-15.920101,12.942731,-15.922986,12.941265,-15.915225,12.942677
0,-15.920101,12.942731,-15.915225,12.942677,-15.917249,12.943100
0,-15.922986,12.941265,-15.911707,12.940967,-15.915225,12.942677
0,-15.845269,12.948910,-15.849146,12.952990,-15.854561,12.952849
0,-15.862119,12.950219,-15.854561,12.952849,-15.855791,12.952817
0,-15.920271,12.908999,-15.898449,12.932975,-15.901559,12.935146
0,-15.920271,12.908999,-15.917772,12.905850,-15.896747,12.931833
0,-15.920271,12.908999,-15.896747,12.931833,-15.898449,12.932975
0,-15.917772,12.905850,-15.894283,12.930348,-15.896747,12.931833
0,-15.837360,12.940902,-15.870560,12.933366,-15.872098,12.931239
0,-15.837585,12.941086,-15.840305,12.943318,-15.870560,12.933366
0,-15.772629,12.891384,-15.826068,12.937603,-15.780649,12.845841
0,-15.826068,12.937603,-15.772629,12.891384,-15.820967,12.937316
0,-15.798711,12.936476,-15.801188,12.937681,-15.804124,12.937672
0,-15.772629,12.891384,-15.790662,12.932256,-15.793445,12.932551
0,-15.831171,12.938648,-15.837360,12.940902,-15.872098,12.931239
0,-15.862119,12.950219,-15.843098,12.946795,-15.845269,12.948910
0,-15.772629,12.891384,-15.814323,12.937640,-15.817877,12.937477
0,-15.793445,12.932551,-15.804124,12.937672,-15.814323,12.937640
0,-15.776454,12.935330,-15.767427,12.933047,-15.774912,12.936244
0,-15.774912,12.936244,-15.767427,12.933047,-15.772593,12.938965
0,-15.777996,12.934264,-15.765557,12.927899,-15.767427,12.933047
0,-15.784171,12.932124,-15.761514,12.919574,-15.765557,12.927899
0,-15.765557,12.927899,-15.761514,12.919574,-15.762764,12.924269
0,-15.784171,12.932124,-15.786992,12.932005,-15.772629,12.891384
0,-15.761514,12.919574,-15.772629,12.891384,-15.756637,12.912947
0,-15.756637,12.912947,-15.772629,12.891384,-15.752640,12.898336
0,-15.752640,12.898336,-15.753063,12.893532,-15.752549,12.898003
0,-15.780649,12.845841,-15.749623,12.820423,-15.756028,12.835634
0,-15.780649,12.845841,-15.789769,12.757287,-15.749623,12.820423
0,-15.749623,12.820423,-15.789769,12.757287,-15.746558,12.814451
0,-15.739329,12.801553,-15.736135,12.792949,-15.737367,12.797491
0,-15.732291,12.774437,-15.729499,12.774306,-15.728774,12.776342
0,-15.752549,12.898003,-15.753063,12.893532,-15.752486,12.897772
0,-15.753063,12.893532,-15.772629,12.891384,-15.753615,12.890589
0,-15.793445,12.932551,-15.814323,12.937640,-15.772629,12.891384
0,-15.758388,12.841240,-15.759936,12.844916,-15.780649,12.845841
0,-15.758230,12.840865,-15.780649,12.845841,-15.756381,12.836474
0,-15.730990,12.784231,-15.736288,12.772083,-15.734264,12.773275
0,-15.736288,12.772083,-15.736135,12.792949,-15.740075,12.766761
0,-15.780576,12.752478,-15.789769,12.757287,-15.785078,12.753713
0,-15.740075,12.766761,-15.746782,12.759996,-15.742697,12.763165
0,-15.734264,12.773275,-15.732291,12.774437,-15.730990,12.784231
0,-15.732291,12.774437,-15.729025,12.778853,-15.730990,12.784231
0,-15.732291,12.774437,-15.728774,12.776342,-15.729025,12.778853
0,-15.795469,12.756265,-15.805096,12.748485,-15.801010,12.751368
0,-15.780649,12.845841,-15.805096,12.748485,-15.795469,12.756265
0,-15.780649,12.845841,-15.791670,12.757281,-15.789769,12.757287
0,-15.780649,12.845841,-15.795469,12.756265,-15.791670,12.757281
0,-15.778345,12.751866,-15.771763,12.751168,-15.780576,12.752478
0,-15.746782,12.759996,-15.739329,12.801553,-15.771763,12.751168
0,-15.746782,12.759996,-15.765327,12.750900,-15.757724,12.751209
0,-15.804312,12.731693,-15.802815,12.725687,-15.802535,12.727974
0,-15.765327,12.750900,-15.746782,12.759996,-15.771763,12.751168
0,-15.760939,12.750482,-15.757724,12.751209,-15.765327,12.750900
0,-15.815360,12.707654,-15.812061,12.711848,-15.817348,12.706943
0,-15.804312,12.731693,-15.805355,12.717918,-15.803177,12.722733
0,-15.804312,12.731693,-15.803177,12.722733,-15.802815,12.725687
0,-15.804097,12.739165,-15.805096,12.748485,-15.833593,12.705561
0,-15.812061,12.711848,-15.805355,12.717918,-15.804312,12.731693
0,-15.801010,12.751368,-15.803795,12.749256,-15.803636,12.749350
0,-15.870746,12.707901,-15.805096,12.748485,-15.890317,12.712621
0,-15.805096,12.748485,-15.836880,12.704762,-15.833593,12.705561
0,-15.805096,12.748485,-15.804097,12.739165,-15.804049,12.741167
0,-15.805096,12.748485,-15.870746,12.707901,-15.836880,12.704762
0,-15.878481,12.707338,-15.870746,12.707901,-15.890317,12.712621
0,-15.889693,12.708197,-15.888163,12.706289,-15.889760,12.710051
0,-15.888163,12.706289,-15.878481,12.707338,-15.889760,12.710051
0,-15.878481,12.707338,-15.890317,12.712621,-15.890010,12.711725
0,-15.926664,12.881881,-15.989754,12.790584,-15.890317,12.712621
0,-15.894939,12.710333,-15.891391,12.711843,-15.890317,12.712621
0,-15.996395,12.765103,-15.898040,12.708468,-15.994663,12.769437
0,-15.898040,12.708468,-15.894939,12.710333,-15.989386,12.786107
0,-15.894939,12.710333,-15.892140,12.711299,-15.891391,12.711843
0,-15.830989,12.705814,-15.820727,12.705735,-15.812061,12.711848
0,-15.908361,12.696187,-15.907150,12.697174,-15.898040,12.708468
0,-15.885233,12.704504,-15.882549,12.703377,-15.878481,12.707338
0,-15.885233,12.704504,-15.878481,12.707338,-15.888163,12.706289
0,-15.862742,12.701050,-15.870746,12.707901,-15.869580,12.705513
0,-15.846595,12.702542,-15.839724,12.702563,-15.836880,12.704762
0,-15.804312,12.731693,-15.804178,12.735712,-15.830989,12.705814
0,-15.804312,12.731693,-15.830989,12.705814,-15.812061,12.711848
0,-15.812061,12.711848,-15.815360,12.707654,-15.813681,12.708377
0,-15.812061,12.711848,-15.818214,12.706634,-15.817348,12.706943
0,-15.812061,12.711848,-15.820727,12.705735,-15.818214,12.706634
0,-15.916877,12.679067,-15.921449,12.676515,-15.917822,12.677557
0,-15.924241,12.661237,-15.931681,12.666348,-15.935099,12.659094
0,-15.924241,12.661237,-15.930283,12.667011,-15.931681,12.666348
0,-15.911054,12.693993,-15.908361,12.696187,-15.898040,12.708468
0,-16.011305,12.715623,-15.928851,12.681968,-16.011129,12.717268
0,-15.915865,12.682133,-15.926188,12.679992,-15.924671,12.678346
0,-15.955757,12.658638,-15.929258,12.680005,-15.957901,12.658726
0,-15.927682,12.682211,-15.915717,12.688664,-15.928851,12.681968
0,-15.957901,12.658726,-15.929258,12.680005,-15.928851,12.681968
0,-15.932907,12.668377,-15.930110,12.673136,-15.929258,12.680005
0,-15.915865,12.682133,-15.924671,12.678346,-15.916200,12.680505
0,-15.924671,12.678346,-15.916877,12.679067,-15.916200,12.680505
0,-15.924987,12.668046,-15.928340,12.668692,-15.930283,12.667011
0,-15.923694,12.664163,-15.930283,12.667011,-15.924241,12.661237
0,-15.924987,12.668046,-15.930283,12.667011,-15.923817,12.665850
0,-15.924987,12.668046,-15.923817,12.665850,-15.923887,12.666794
0,-15.918672,12.676764,-15.917822,12.677557,-15.919548,12.676522
0,-15.923817,12.665850,-15.930283,12.667011,-15.923694,12.664163
0,-15.919548,12.676522,-15.917822,12.677557,-15.921449,12.676515
0,-15.927094,12.681376,-15.926188,12.679992,-15.915865,12.682133
0,-15.927094,12.681376,-15.915865,12.682133,-15.915717,12.688664
0,-15.927094,12.681376,-15.915717,12.688664,-15.927682,12.682211
0,-15.913166,12.689332,-15.912587,12.690913,-15.915717,12.688664
0,-15.915717,12.688664,-15.911156,12.693788,-15.911054,12.693993
0,-15.915717,12.688664,-15.912587,12.690913,-15.911156,12.693788
0,-15.928851,12.681968,-15.911054,12.693993,-15.996473,12.764908
0,-15.898040,12.708468,-15.907150,12.697174,-15.899136,12.706449
0,-15.907150,12.697174,-15.900642,12.703675,-15.899136,12.706449
0,-15.907150,12.697174,-15.900942,12.702179,-15.900642,12.703675
0,-15.830989,12.705814,-15.824539,12.704293,-15.820727,12.705735
0,-15.836880,12.704762,-15.870746,12.707901,-15.846595,12.702542
0,-15.862742,12.701050,-15.857442,12.701067,-15.870746,12.707901
0,-15.862742,12.701050,-15.869580,12.705513,-15.867742,12.702528
0,-15.862742,12.701050,-15.867742,12.702528,-15.866765,12.701694
0,-15.870746,12.707901,-15.853425,12.701977,-15.846595,12.702542
0,-15.870746,12.707901,-15.857442,12.701067,-15.853425,12.701977
