47,7,4,24,14,
0,-15.598143,15.525826,-15.624112,15.588151,-15.599258,15.526643
0,-15.607266,15.532114,-15.626456,15.565779,-15.608457,15.532818
0,-15.574310,15.853486,-15.570834,15.867019,-15.574099,15.859389
0,-15.490213,15.429592,-15.488998,15.430262,-15.509158,15.430708
0,-15.497349,15.427043,-15.493812,15.427491,-15.492614,15.428193
0,-15.622502,15.713562,-15.623622,15.592041,-15.563007,15.789430
0,-15.506762,15.429278,-15.490213,15.429592,-15.507977,15.429980
0,-15.544452,15.476092,-15.464116,15.439181,-15.462770,15.439550
0,-15.622423,15.543573,-15.612189,15.534664,-15.625448,15.551962
0,-15.604930,15.530626,-15.624817,15.582882,-15.626472,15.570932
0,-15.608457,15.532818,-15.625945,15.556646,-15.609676,15.533476
0,-15.487766,15.430898,-15.511456,15.432245,-15.488998,15.430262
0,-15.202715,15.972272,-15.208775,15.987951,-15.318033,16.032375
0,-15.567922,15.870963,-15.570834,15.867019,-15.574310,15.853486
0,-15.195843,15.964311,-15.202715,15.972272,-15.194545,15.962518
0,-15.405004,15.997832,-15.431681,15.984146,-15.414900,15.940049
0,-15.194274,15.962144,-15.194545,15.962518,-15.202715,15.972272
0,-15.129572,15.945039,-15.145642,15.686597,-14.949303,15.775559
0,-14.919963,15.722023,-14.934104,15.700116,-14.934063,15.700137
0,-15.411260,15.436489,-15.248755,15.477853,-15.412495,15.437131
0,-15.505510,15.428645,-15.504221,15.428124,-15.502894,15.427752
0,-15.230320,15.498172,-15.163143,15.639952,-15.426810,15.442580
0,-15.483966,15.432611,-15.515936,15.435505,-15.485243,15.432057
0,-15.514821,15.434683,-15.486511,15.431488,-15.485243,15.432057
0,-15.509158,15.430708,-15.488998,15.430262,-15.510315,15.431463
0,-15.491416,15.428897,-15.490213,15.429592,-15.500151,15.427305
0,-15.488998,15.430262,-15.510504,15.431592,-15.510315,15.431463
0,-15.517054,15.436319,-15.483966,15.432611,-15.518172,15.437134
0,-15.524829,15.442087,-15.523716,15.441267,-15.536845,15.458651
0,-15.451893,15.442038,-15.450509,15.442248,-15.547915,15.481099
0,-15.562971,15.499869,-15.432358,15.443137,-15.430953,15.443088
0,-15.562971,15.499869,-15.430953,15.443088,-15.563007,15.789430
0,-15.202715,15.972272,-15.380868,15.998233,-15.417821,15.909289
0,-15.422775,15.441467,-15.238735,15.488898,-15.232077,15.496236
0,-15.560462,15.497374,-15.436566,15.443189,-15.435876,15.443180
0,-15.482680,15.433150,-15.518172,15.437134,-15.483966,15.432611
0,-15.528210,15.444491,-15.527073,15.443703,-15.533482,15.450255
0,-15.468144,15.438029,-15.466804,15.438421,-15.541419,15.470245
0,-15.453272,15.441805,-15.547915,15.481099,-15.454644,15.441543
0,-15.520393,15.438783,-15.519284,15.437956,-15.481386,15.433669
0,-15.613467,15.535224,-15.619613,15.539799,-15.614746,15.535781
0,-15.612189,15.534664,-15.619613,15.539799,-15.613467,15.535224
0,-15.621310,15.541668,-15.619613,15.539799,-15.622423,15.543573
0,-15.626460,15.567143,-15.606091,15.531382,-15.626472,15.570932
0,-15.616019,15.536349,-15.614746,15.535781,-15.619613,15.539799
0,-15.624817,15.582882,-15.626247,15.576554,-15.626472,15.570932
0,-15.663361,15.618894,-15.663091,15.618478,-15.655903,15.631512
0,-15.663361,15.618894,-15.663463,15.618721,-15.663091,15.618478
0,-15.623622,15.592041,-15.631998,15.690061,-15.642549,15.668429
0,-15.604930,15.530626,-15.626472,15.570932,-15.606091,15.531382
0,-15.575156,15.509880,-15.623622,15.592041,-15.594872,15.523277
0,-15.611075,15.741831,-15.622502,15.713562,-15.604489,15.751876
0,-15.429621,15.914868,-15.453938,15.916895,-15.465178,15.912081
0,-15.559050,15.884112,-15.521841,15.897145,-15.555839,15.888259
0,-15.600381,15.527451,-15.624817,15.582882,-15.601508,15.528259
0,-15.611075,15.741831,-15.604489,15.751876,-15.609032,15.746886
0,-15.601577,15.517314,-15.600586,15.506049,-15.594872,15.523277
0,-15.597044,15.524988,-15.623622,15.592041,-15.624112,15.588151
0,-15.595955,15.524136,-15.623622,15.592041,-15.597044,15.524988
0,-15.417821,15.909289,-15.145642,15.686597,-15.194274,15.962144
0,-15.066094,15.968906,-15.068688,15.968702,-15.129572,15.945039
0,-15.129572,15.945039,-15.139294,15.945985,-15.145642,15.686597
0,-15.380868,15.998233,-15.349841,16.029901,-15.387877,16.015975
0,-15.238008,16.022347,-15.222660,16.008969,-15.230089,16.018050
0,-15.271185,16.038199,-15.318033,16.032375,-15.238008,16.022347
0,-15.380868,15.998233,-15.202715,15.972272,-15.318033,16.032375
0,-15.318033,16.032375,-15.208775,15.987951,-15.238008,16.022347
0,-15.238008,16.022347,-15.208775,15.987951,-15.222660,16.008969
0,-15.066094,15.968906,-15.129572,15.945039,-14.934509,15.831703
0,-15.183296,15.501354,-15.179676,15.506377,-15.191646,15.500588
0,-14.935708,15.998924,-14.922172,15.967177,-14.923154,15.988735
0,-15.064106,15.969062,-14.934509,15.831703,-14.933093,15.837073
0,-14.944546,15.769831,-14.950734,15.691711,-14.926061,15.743183
0,-15.048932,15.654484,-15.048383,15.653236,-15.031986,15.661414
0,-15.048044,15.652464,-15.048383,15.653236,-15.048044,15.652464
0,-14.944546,15.769831,-14.999442,15.687596,-14.955024,15.689542
0,-14.949303,15.775559,-15.145642,15.686597,-15.083417,15.670865
0,-15.425456,15.442261,-15.425135,15.442172,-15.230320,15.498172
0,-15.230320,15.498172,-15.168223,15.594926,-15.163143,15.639952
0,-15.228817,15.498511,-15.175246,15.549187,-15.230320,15.498172
0,-15.175246,15.549187,-15.172354,15.559907,-15.230320,15.498172
0,-15.179136,15.519071,-15.200780,15.500580,-15.191646,15.500588
0,-15.421451,15.441005,-15.238735,15.488898,-15.422775,15.441467
0,-15.421451,15.441005,-15.241647,15.485689,-15.238735,15.488898
0,-15.417564,15.439459,-15.248755,15.477853,-15.418847,15.439994
0,-15.415011,15.438338,-15.248755,15.477853,-15.416285,15.438908
0,-15.412495,15.437131,-15.248755,15.477853,-15.413746,15.437746
0,-15.410045,15.435818,-15.248755,15.477853,-15.410700,15.436180
0,-15.408853,15.435116,-15.248786,15.477803,-15.410045,15.435818
0,-15.405419,15.432797,-15.404314,15.431964,-15.259499,15.460288
0,-15.378871,15.408923,-15.390127,15.418894,-15.389239,15.417848
0,-15.248755,15.477853,-15.241647,15.485689,-15.420141,15.440512
0,-15.373194,15.404914,-15.279831,15.428203,-15.378871,15.408923
0,-15.348048,15.372949,-15.314572,15.374239,-15.352245,15.381808
0,-15.488998,15.430262,-15.511456,15.432245,-15.510504,15.431592
0,-15.490213,15.429592,-15.509158,15.430708,-15.507977,15.429980
0,-15.505510,15.428645,-15.502894,15.427752,-15.501534,15.427490
0,-15.517054,15.436319,-15.515936,15.435505,-15.483966,15.432611
0,-15.514821,15.434683,-15.485243,15.432057,-15.515936,15.435505
0,-15.514821,15.434683,-15.513705,15.433861,-15.486511,15.431488
0,-15.487766,15.430898,-15.513705,15.433861,-15.512585,15.433047
0,-15.506762,15.429278,-15.505510,15.428645,-15.501534,15.427490
0,-15.506762,15.429278,-15.501534,15.427490,-15.490213,15.429592
0,-15.497349,15.427043,-15.492614,15.428193,-15.498753,15.427164
0,-15.501534,15.427490,-15.500151,15.427305,-15.490213,15.429592
0,-15.500151,15.427305,-15.498753,15.427164,-15.491416,15.428897
0,-15.495019,15.426803,-15.493812,15.427491,-15.497349,15.427043
0,-15.492614,15.428193,-15.491416,15.428897,-15.498753,15.427164
0,-15.487766,15.430898,-15.512585,15.433047,-15.511456,15.432245
0,-15.486511,15.431488,-15.513705,15.433861,-15.487766,15.430898
0,-15.518172,15.437134,-15.482680,15.433150,-15.519284,15.437956
0,-15.482680,15.433150,-15.481386,15.433669,-15.519284,15.437956
0,-15.481386,15.433669,-15.521499,15.439612,-15.520393,15.438783
0,-15.522607,15.440440,-15.521499,15.439612,-15.480085,15.434170
0,-15.480085,15.434170,-15.521499,15.439612,-15.481386,15.433669
0,-15.480085,15.434170,-15.538819,15.464816,-15.522607,15.440440
0,-15.541419,15.470245,-15.470819,15.437227,-15.469483,15.437631
0,-15.469483,15.437631,-15.468144,15.438029,-15.541419,15.470245
0,-15.541419,15.470245,-15.465461,15.438805,-15.464116,15.439181
0,-15.544452,15.476092,-15.462770,15.439550,-15.461421,15.439909
0,-15.541419,15.470245,-15.538819,15.464816,-15.470819,15.437227
0,-15.470819,15.437227,-15.538819,15.464816,-15.472152,15.436816
0,-15.476138,15.435551,-15.474812,15.435977,-15.538819,15.464816
0,-15.522607,15.440440,-15.538819,15.464816,-15.536845,15.458651
0,-15.472152,15.436816,-15.538819,15.464816,-15.473483,15.436398
0,-15.473483,15.436398,-15.538819,15.464816,-15.474812,15.435977
0,-15.477460,15.435112,-15.476138,15.435551,-15.538819,15.464816
0,-15.477460,15.435112,-15.538819,15.464816,-15.478776,15.434651
0,-15.478776,15.434651,-15.538819,15.464816,-15.480085,15.434170
0,-15.544452,15.476092,-15.461421,15.439909,-15.460070,15.440260
0,-15.457364,15.440931,-15.544452,15.476092,-15.458718,15.440600
0,-15.456008,15.441250,-15.544452,15.476092,-15.457364,15.440931
0,-15.449121,15.442435,-15.552675,15.487778,-15.450509,15.442248
0,-15.454644,15.441543,-15.544452,15.476092,-15.456008,15.441250
0,-15.450509,15.442248,-15.552675,15.487778,-15.547915,15.481099
0,-15.442165,15.443110,-15.560462,15.497374,-15.443560,15.443025
0,-15.440767,15.443165,-15.560462,15.497374,-15.442165,15.443110
0,-15.560462,15.497374,-15.552675,15.487778,-15.443560,15.443025
0,-15.560462,15.497374,-15.440767,15.443165,-15.439367,15.443191
0,-15.443560,15.443025,-15.552675,15.487778,-15.444950,15.442901
0,-15.444950,15.442901,-15.552675,15.487778,-15.446340,15.442759
0,-15.447731,15.442605,-15.552675,15.487778,-15.449121,15.442435
0,-15.523716,15.441267,-15.522607,15.440440,-15.536845,15.458651
0,-15.446340,15.442759,-15.552675,15.487778,-15.447731,15.442605
0,-15.465461,15.438805,-15.541419,15.470245,-15.466804,15.438421
0,-15.536845,15.458651,-15.525947,15.442900,-15.524829,15.442087
0,-15.527073,15.443703,-15.525947,15.442900,-15.536845,15.458651
0,-15.527073,15.443703,-15.536845,15.458651,-15.535342,15.453954
0,-15.527073,15.443703,-15.535342,15.453954,-15.533482,15.450255
0,-15.529365,15.445255,-15.528210,15.444491,-15.533482,15.450255
0,-15.530534,15.445999,-15.529365,15.445255,-15.533482,15.450255
0,-15.530534,15.445999,-15.533482,15.450255,-15.531710,15.446732
0,-15.451893,15.442038,-15.547915,15.481099,-15.453272,15.441805
0,-15.547915,15.481099,-15.544452,15.476092,-15.454644,15.441543
0,-15.544452,15.476092,-15.460070,15.440260,-15.458718,15.440600
0,-15.541419,15.470245,-15.464116,15.439181,-15.544452,15.476092
0,-15.555890,15.491130,-15.552675,15.487778,-15.560462,15.497374
0,-15.556637,15.491909,-15.555890,15.491130,-15.560462,15.497374
0,-15.592571,15.497070,-15.591346,15.495889,-15.575233,15.509907
0,-15.560462,15.497374,-15.432358,15.443137,-15.562971,15.499869
0,-15.622423,15.543573,-15.619613,15.539799,-15.612189,15.534664
0,-15.626460,15.567143,-15.626456,15.565779,-15.607266,15.532114
0,-15.626460,15.567143,-15.607266,15.532114,-15.606091,15.531382
0,-15.603780,15.529850,-15.624817,15.582882,-15.604930,15.530626
0,-15.602640,15.529060,-15.624817,15.582882,-15.603780,15.529850
0,-15.600586,15.506049,-15.594096,15.498540,-15.575233,15.509907
0,-15.601508,15.528259,-15.624817,15.582882,-15.602640,15.529060
0,-15.603336,15.513021,-15.600586,15.506049,-15.601577,15.517314
0,-15.618400,15.538163,-15.616019,15.536349,-15.619613,15.539799
0,-15.612189,15.534664,-15.610923,15.534086,-15.625448,15.551962
0,-15.610923,15.534086,-15.625945,15.556646,-15.625448,15.551962
0,-15.609676,15.533476,-15.625945,15.556646,-15.610923,15.534086
0,-15.616946,15.536761,-15.616019,15.536349,-15.618400,15.538163
0,-15.624956,15.548919,-15.623495,15.545409,-15.625448,15.551962
0,-15.622423,15.543573,-15.625448,15.551962,-15.623495,15.545409
0,-15.655903,15.631512,-15.663091,15.618478,-15.655351,15.614084
0,-15.623622,15.592041,-15.622502,15.713562,-15.623512,15.711063
0,-15.655903,15.631512,-15.655351,15.614084,-15.645369,15.608416
0,-15.645369,15.608416,-15.644487,15.663073,-15.655903,15.631512
0,-15.644487,15.663073,-15.623622,15.592041,-15.642549,15.668429
0,-15.645369,15.608416,-15.623622,15.592041,-15.644487,15.663073
0,-15.623622,15.592041,-15.623512,15.711063,-15.631998,15.690061
0,-15.609032,15.746886,-15.604489,15.751876,-15.607697,15.750188
0,-15.604489,15.751876,-15.622502,15.713562,-15.602111,15.755035
0,-15.567810,15.504045,-15.563007,15.789430,-15.623622,15.592041
0,-15.599258,15.526643,-15.624112,15.588151,-15.624817,15.582882
0,-15.598143,15.525826,-15.597044,15.524988,-15.624112,15.588151
0,-15.608457,15.532818,-15.626456,15.565779,-15.626449,15.563377
0,-15.608457,15.532818,-15.626449,15.563377,-15.625945,15.556646
0,-15.626449,15.563377,-15.626443,15.561329,-15.625945,15.556646
0,-15.597087,15.769442,-15.602111,15.755035,-15.563007,15.789430
0,-15.570834,15.867019,-15.573962,15.862777,-15.574099,15.859389
0,-15.574310,15.853486,-15.572630,15.841449,-15.567922,15.870963
0,-15.564709,15.826724,-15.572237,15.838632,-15.571801,15.835508
0,-15.572237,15.838632,-15.564709,15.826724,-15.572630,15.841449
0,-15.572630,15.841449,-15.564709,15.826724,-15.567922,15.870963
0,-15.559050,15.884112,-15.562023,15.879706,-15.521841,15.897145
0,-15.567922,15.870963,-15.564709,15.826724,-15.563164,15.878016
0,-15.562023,15.879706,-15.563164,15.878016,-15.521841,15.897145
0,-15.482261,15.904641,-15.502496,15.898498,-15.555086,15.813945
0,-15.465178,15.912081,-15.482261,15.904641,-15.417821,15.909289
0,-15.417821,15.909289,-15.563007,15.789430,-15.163143,15.639952
0,-15.555839,15.888259,-15.521841,15.897145,-15.554772,15.889637
0,-15.539719,15.900560,-15.545504,15.901607,-15.552158,15.893013
0,-15.521841,15.897145,-15.552158,15.893013,-15.554772,15.889637
0,-15.539719,15.900560,-15.552158,15.893013,-15.521841,15.897145
0,-15.482261,15.904641,-15.555086,15.813945,-15.417821,15.909289
0,-15.602111,15.755035,-15.622502,15.713562,-15.563007,15.789430
0,-15.417821,15.909289,-15.555086,15.813945,-15.563007,15.789430
0,-15.564709,15.826724,-15.521841,15.897145,-15.563164,15.878016
0,-15.563007,15.789430,-15.555086,15.813945,-15.559994,15.801424
0,-15.559994,15.801424,-15.555086,15.813945,-15.558734,15.805211
0,-15.502496,15.898498,-15.521841,15.897145,-15.555086,15.813945
0,-15.571777,15.835335,-15.564709,15.826724,-15.571801,15.835508
0,-15.555086,15.813945,-15.521841,15.897145,-15.564709,15.826724
0,-15.597087,15.769442,-15.574845,15.792422,-15.593880,15.785087
0,-15.590096,15.796275,-15.593880,15.785087,-15.574845,15.792422
0,-15.594096,15.498540,-15.592571,15.497070,-15.575233,15.509907
0,-15.599258,15.526643,-15.624817,15.582882,-15.600381,15.527451
0,-15.601577,15.517314,-15.599981,15.520788,-15.600197,15.520683
0,-15.574845,15.792422,-15.597087,15.769442,-15.563007,15.789430
0,-15.601577,15.517314,-15.594872,15.523277,-15.599981,15.520788
0,-15.575233,15.509907,-15.575156,15.509880,-15.594872,15.523277
0,-15.594872,15.523277,-15.623622,15.592041,-15.595955,15.524136
0,-15.600586,15.506049,-15.575233,15.509907,-15.594872,15.523277
0,-15.567810,15.504045,-15.623622,15.592041,-15.575156,15.509880
0,-15.572561,15.506959,-15.567810,15.504045,-15.575156,15.509880
0,-15.562971,15.499869,-15.563007,15.789430,-15.567810,15.504045
0,-15.179136,15.519071,-15.208502,15.500123,-15.200780,15.500580
0,-15.177057,15.530207,-15.176802,15.537293,-15.208502,15.500123
0,-15.179676,15.506377,-15.179662,15.506397,-15.179136,15.519071
0,-15.179662,15.506397,-15.179647,15.506418,-15.179136,15.519071
0,-15.179136,15.519071,-15.177057,15.530207,-15.208502,15.500123
0,-15.179676,15.506377,-15.179136,15.519071,-15.191646,15.500588
0,-15.228817,15.498511,-15.226093,15.499037,-15.175246,15.549187
0,-15.083417,15.670865,-14.999442,15.687596,-14.949303,15.775559
0,-15.145642,15.686597,-15.141291,15.946179,-15.193868,15.962022
0,-15.145642,15.686597,-15.139294,15.945985,-15.141291,15.946179
0,-14.934509,15.831703,-15.129572,15.945039,-14.949303,15.775559
0,-15.068688,15.968702,-15.073884,15.968294,-15.129572,15.945039
0,-15.052928,15.663149,-15.002297,15.685519,-15.083417,15.670865
0,-15.417821,15.909289,-15.163143,15.639952,-15.145642,15.686597
0,-15.563007,15.789430,-15.426810,15.442580,-15.163143,15.639952
0,-15.168223,15.594926,-15.230320,15.498172,-15.172354,15.559907
0,-15.227915,15.498664,-15.226093,15.499037,-15.228817,15.498511
0,-15.449856,15.918975,-15.453938,15.916895,-15.429621,15.914868
0,-15.202715,15.972272,-15.417821,15.909289,-15.194274,15.962144
0,-15.429621,15.914868,-15.465178,15.912081,-15.417821,15.909289
0,-15.349841,16.029901,-15.386744,16.034420,-15.387877,16.015975
0,-15.414900,15.940049,-15.380868,15.998233,-15.405004,15.997832
0,-15.414900,15.940049,-15.417821,15.909289,-15.380868,15.998233
0,-15.271185,16.038199,-15.238008,16.022347,-15.241706,16.026572
0,-15.349841,16.029901,-15.374304,16.054788,-15.386744,16.034420
0,-15.374304,16.054788,-15.349841,16.029901,-15.374309,16.054804
0,-15.349841,16.029901,-15.380868,15.998233,-15.318033,16.032375
0,-15.283289,16.048059,-15.318033,16.032375,-15.271185,16.038199
0,-15.208775,15.987951,-15.215980,16.006584,-15.222660,16.008969
0,-15.099704,15.965776,-15.099714,15.965798,-15.103606,15.963138
0,-15.099704,15.965776,-15.099713,15.965809,-15.099714,15.965798
0,-15.073884,15.968294,-15.099704,15.965776,-15.103606,15.963138
0,-15.073884,15.968294,-15.103606,15.963138,-15.105731,15.961685
0,-15.145642,15.686597,-15.193868,15.962022,-15.194274,15.962144
0,-15.073884,15.968294,-15.109777,15.958920,-15.129572,15.945039
0,-15.073884,15.968294,-15.105731,15.961685,-15.109777,15.958920
0,-14.949303,15.775559,-14.999442,15.687596,-14.944546,15.769831
0,-15.066094,15.968906,-14.934509,15.831703,-15.064106,15.969062
0,-14.970547,15.976384,-14.976625,15.975910,-14.922542,15.936781
0,-14.944546,15.769831,-14.926061,15.743183,-14.927981,15.749548
0,-15.064106,15.969062,-14.933093,15.837073,-15.014239,15.972970
0,-14.970547,15.976384,-14.922172,15.967177,-14.935708,15.998924
0,-15.014239,15.972970,-14.933093,15.837073,-14.922542,15.936781
0,-14.976625,15.975910,-15.014239,15.972970,-14.922542,15.936781
0,-14.935708,15.998924,-14.923154,15.988735,-14.934275,15.999851
0,-14.970547,15.976384,-14.922542,15.936781,-14.922172,15.967177
0,-14.922740,15.843500,-14.906521,15.853567,-14.922542,15.936781
0,-14.922172,15.967177,-14.911387,15.976970,-14.923154,15.988735
0,-14.901791,15.856625,-14.906521,15.853567,-14.901764,15.856519
0,-14.901791,15.856625,-14.922542,15.936781,-14.906521,15.853567
0,-14.933093,15.837073,-14.922740,15.843500,-14.922542,15.936781
0,-14.927935,15.749492,-14.927981,15.749548,-14.926061,15.743183
0,-14.927851,15.749389,-14.927935,15.749492,-14.926061,15.743183
0,-14.927850,15.749388,-14.927851,15.749389,-14.926061,15.743183
0,-14.950734,15.691711,-14.934104,15.700116,-14.926061,15.743183
0,-14.919963,15.722023,-14.934063,15.700137,-14.933934,15.700202
0,-14.926061,15.743183,-14.934104,15.700116,-14.919963,15.722023
0,-14.944546,15.769831,-14.955024,15.689542,-14.950734,15.691711
0,-14.999442,15.687596,-15.083417,15.670865,-15.002297,15.685519
0,-15.052795,15.662876,-15.031986,15.661414,-15.052928,15.663149
0,-15.052589,15.662454,-15.031986,15.661414,-15.052795,15.662876
0,-15.052331,15.661923,-15.031986,15.661414,-15.052589,15.662454
0,-15.051746,15.660693,-15.031986,15.661414,-15.052331,15.661923
0,-15.031986,15.661414,-15.051746,15.660693,-15.051170,15.659457
0,-15.031986,15.661414,-15.051170,15.659457,-15.050601,15.658217
0,-15.031986,15.661414,-15.050040,15.656975,-15.049484,15.655730
0,-15.031986,15.661414,-15.050601,15.658217,-15.050040,15.656975
0,-15.049484,15.655730,-15.048932,15.654484,-15.031986,15.661414
0,-15.002297,15.685519,-15.052928,15.663149,-15.031986,15.661414
0,-15.031986,15.661414,-15.048044,15.652464,-15.048042,15.652459
0,-15.031986,15.661414,-15.048383,15.653236,-15.048044,15.652464
0,-15.229428,15.498354,-15.228817,15.498511,-15.230320,15.498172
0,-15.226093,15.499037,-15.176802,15.537293,-15.175246,15.549187
0,-15.213828,15.499808,-15.176802,15.537293,-15.226093,15.499037
0,-15.208502,15.500123,-15.176802,15.537293,-15.213828,15.499808
0,-15.392926,15.421919,-15.279831,15.428203,-15.272221,15.440110
0,-15.378871,15.408923,-15.279831,15.428203,-15.391037,15.419921
0,-15.406968,15.433892,-15.406543,15.433604,-15.259499,15.460288
0,-15.410045,15.435818,-15.248786,15.477803,-15.248755,15.477853
0,-15.407687,15.434378,-15.259499,15.460288,-15.248786,15.477803
0,-15.263372,15.453954,-15.402147,15.430234,-15.401083,15.429348
0,-15.263372,15.453954,-15.401083,15.429348,-15.400028,15.428455
0,-15.260918,15.457967,-15.259499,15.460288,-15.404314,15.431964
0,-15.263372,15.453954,-15.403224,15.431107,-15.402147,15.430234
0,-15.260918,15.457967,-15.404314,15.431964,-15.403224,15.431107
0,-15.403224,15.431107,-15.263372,15.453954,-15.260918,15.457967
0,-15.406543,15.433604,-15.405419,15.432797,-15.259499,15.460288
0,-15.400028,15.428455,-15.398980,15.427558,-15.263372,15.453954
0,-15.392926,15.421919,-15.391971,15.420928,-15.279831,15.428203
0,-15.563007,15.789430,-15.430953,15.443088,-15.429557,15.442991
0,-15.563007,15.789430,-15.429557,15.442991,-15.428174,15.442828
0,-15.563007,15.789430,-15.427968,15.442790,-15.426810,15.442580
0,-15.563007,15.789430,-15.428174,15.442828,-15.427968,15.442790
0,-15.230320,15.498172,-15.426810,15.442580,-15.425456,15.442261
0,-15.560462,15.497374,-15.437484,15.443194,-15.436566,15.443189
0,-15.560462,15.497374,-15.437966,15.443197,-15.437484,15.443194
0,-15.560462,15.497374,-15.439367,15.443191,-15.437966,15.443197
0,-15.560462,15.497374,-15.435876,15.443180,-15.435168,15.443170
0,-15.560462,15.497374,-15.433765,15.443158,-15.432358,15.443137
0,-15.560462,15.497374,-15.435168,15.443170,-15.433765,15.443158
0,-15.424110,15.441889,-15.230320,15.498172,-15.425135,15.442172
0,-15.232077,15.496236,-15.424110,15.441889,-15.422775,15.441467
0,-15.232077,15.496236,-15.230320,15.498172,-15.424110,15.441889
0,-15.420141,15.440512,-15.241647,15.485689,-15.421451,15.441005
0,-15.418847,15.439994,-15.248755,15.477853,-15.420141,15.440512
0,-15.413746,15.437746,-15.248755,15.477853,-15.415011,15.438338
0,-15.416285,15.438908,-15.248755,15.477853,-15.417564,15.439459
0,-15.410700,15.436180,-15.248755,15.477853,-15.411260,15.436489
0,-15.407687,15.434378,-15.248786,15.477803,-15.408853,15.435116
0,-15.406968,15.433892,-15.259499,15.460288,-15.407687,15.434378
0,-15.391037,15.419921,-15.279831,15.428203,-15.391971,15.420928
0,-15.390127,15.418894,-15.378871,15.408923,-15.391037,15.419921
0,-15.383462,15.412165,-15.389239,15.417848,-15.388368,15.416787
0,-15.383462,15.412165,-15.388368,15.416787,-15.387509,15.415716
0,-15.272221,15.440110,-15.397941,15.426653,-15.396911,15.425732
0,-15.272221,15.440110,-15.398980,15.427558,-15.397941,15.426653
0,-15.272221,15.440110,-15.263372,15.453954,-15.398980,15.427558
0,-15.272221,15.440110,-15.395893,15.424801,-15.394888,15.423854
0,-15.272221,15.440110,-15.396911,15.425732,-15.395893,15.424801
0,-15.394888,15.423854,-15.393898,15.422893,-15.272221,15.440110
0,-15.393898,15.422893,-15.392926,15.421919,-15.272221,15.440110
0,-15.383462,15.412165,-15.387509,15.415716,-15.386657,15.414638
0,-15.383462,15.412165,-15.386657,15.414638,-15.386269,15.414146
0,-15.378871,15.408923,-15.389239,15.417848,-15.383462,15.412165
0,-15.360479,15.396521,-15.279831,15.428203,-15.373194,15.404914
0,-15.298076,15.401529,-15.279831,15.428203,-15.360479,15.396521
0,-15.359456,15.395699,-15.357709,15.394297,-15.298076,15.401529
0,-15.299977,15.398750,-15.298076,15.401529,-15.357709,15.394297
0,-15.307562,15.386013,-15.307275,15.386495,-15.355356,15.389617
0,-15.299977,15.398750,-15.357709,15.394297,-15.356770,15.392875
0,-15.314572,15.374239,-15.307562,15.386013,-15.352245,15.381808
0,-15.314572,15.374239,-15.344332,15.365329,-15.324491,15.360686
0,-15.340147,15.359925,-15.337796,15.357623,-15.325896,15.359991
0,-15.337796,15.357623,-15.335407,15.355285,-15.335275,15.355349
0,-15.337796,15.357623,-15.335275,15.355349,-15.325896,15.359991
0,-15.348048,15.372949,-15.344332,15.365329,-15.314572,15.374239
0,-15.344304,15.365293,-15.325844,15.360016,-15.325386,15.360239
0,-15.325896,15.359991,-15.344304,15.365293,-15.340147,15.359925
0,-15.325896,15.359991,-15.325844,15.360016,-15.344304,15.365293
0,-15.321999,15.361920,-15.321869,15.361983,-15.314572,15.374239
0,-15.355356,15.389617,-15.352245,15.381808,-15.307562,15.386013
0,-15.356770,15.392875,-15.307275,15.386495,-15.299977,15.398750
0,-15.356770,15.392875,-15.355356,15.389617,-15.307275,15.386495
0,-15.359456,15.395699,-15.298076,15.401529,-15.360479,15.396521
0,-15.314572,15.374239,-15.322361,15.361740,-15.321999,15.361920
0,-15.324491,15.360686,-15.344332,15.365329,-15.344318,15.365311
0,-15.324491,15.360686,-15.344318,15.365311,-15.344304,15.365293
0,-15.325386,15.360239,-15.324491,15.360686,-15.344304,15.365293
0,-15.322361,15.361740,-15.314572,15.374239,-15.324491,15.360686
