63,12,1,34,76,
0,-14.994649,13.801992,-14.998461,13.804383,-14.997337,13.802912
0,-14.916200,14.028840,-14.910098,14.043209,-14.915903,14.030186
0,-14.920168,14.011361,-14.920495,14.010030,-14.829716,14.060537
0,-14.852001,14.157599,-14.852566,14.170037,-14.854063,14.170016
0,-14.856423,14.143487,-14.856911,14.147793,-14.871122,14.145495
0,-14.848895,14.090730,-14.878417,14.104598,-14.879424,14.103744
0,-14.843423,14.154244,-14.832333,14.144652,-14.824296,14.155174
0,-14.595855,13.956404,-14.610395,13.986035,-14.598503,13.950005
0,-14.991776,13.801672,-14.954124,13.799153,-14.948187,13.800811
0,-14.901596,13.796160,-14.903906,13.796989,-14.902961,13.796529
0,-15.057597,13.895688,-15.036934,13.906085,-15.038567,13.906416
0,-15.021539,13.907538,-14.948187,13.800811,-14.946302,13.800858
0,-15.069603,13.880368,-15.062307,13.891697,-15.069289,13.884063
0,-15.055518,13.901626,-15.046485,13.907570,-15.047931,13.907592
0,-14.904767,14.085167,-14.897329,14.094026,-14.904227,14.086331
0,-14.932447,13.800400,-14.929148,13.800217,-14.952783,13.960740
0,-14.952783,13.960740,-14.898579,13.795608,-14.897731,13.795378
0,-14.927654,13.987017,-14.827334,14.060299,-14.927173,13.988232
0,-14.922953,14.000830,-14.923333,13.999539,-14.828556,14.060333
0,-14.893545,14.096159,-14.906182,14.081549,-14.906591,14.080303
0,-14.908769,14.071150,-14.843589,14.079637,-14.908519,14.072498
0,-14.849049,14.093439,-14.878417,14.104598,-14.848971,14.092085
0,-14.897329,14.094026,-14.904767,14.085167,-14.896114,14.094766
0,-14.903650,14.087471,-14.898485,14.093249,-14.899572,14.092428
0,-14.855564,14.169997,-14.857067,14.169981,-14.852001,14.157599
0,-14.590418,14.062870,-14.591286,14.069508,-14.643515,14.102876
0,-14.846435,14.085251,-14.888132,14.098759,-14.845700,14.083912
0,-14.903032,14.088587,-14.903650,14.087471,-14.901500,14.090631
0,-14.611241,13.986767,-14.665448,14.097736,-14.666823,14.097390
0,-14.831684,14.171861,-14.833332,14.171433,-14.828111,14.169786
0,-14.824676,14.158215,-14.843423,14.154244,-14.824448,14.156677
0,-14.825325,14.161325,-14.843423,14.154244,-14.824972,14.159769
0,-14.739770,14.077442,-14.663145,13.900047,-14.738865,14.077687
0,-14.662698,14.098420,-14.587831,14.043615,-14.589267,14.053663
0,-14.825325,14.161325,-14.825726,14.162867,-14.838215,14.167665
0,-14.677840,14.094538,-14.611241,13.986767,-14.676461,14.094903
0,-14.829446,14.145298,-14.824262,14.152337,-14.830832,14.144938
0,-14.591286,14.069508,-14.591289,14.072266,-14.592102,14.074338
0,-14.819672,14.060979,-14.820955,14.060849,-14.796128,13.810194
0,-14.704208,13.854858,-14.701564,13.860197,-14.700950,13.862030
0,-14.817101,14.061257,-14.818387,14.061115,-14.694294,13.879071
0,-14.910098,14.043209,-14.916200,14.028840,-14.916496,14.027493
0,-14.749881,13.812969,-14.744072,13.813991,-14.709189,13.843623
0,-14.928404,13.985992,-14.952783,13.960740,-14.804587,13.807839
0,-14.730301,13.815226,-14.716055,13.826960,-14.736196,13.814538
0,-14.749730,13.812981,-14.744072,13.813991,-14.749881,13.812969
0,-14.741137,14.077073,-14.663145,13.900047,-14.739770,14.077442
0,-14.961993,13.796895,-14.978108,13.797258,-14.964725,13.796296
0,-14.890660,13.792800,-14.888492,13.792339,-14.893300,13.793720
0,-14.937396,13.800676,-14.932447,13.800400,-14.952783,13.960740
0,-14.911804,13.798239,-14.920853,13.799113,-14.915055,13.798239
0,-14.903906,13.796989,-14.908718,13.797522,-14.906780,13.797173
0,-14.893300,13.793720,-14.888492,13.792339,-14.897731,13.795378
0,-14.827872,13.779347,-14.849991,13.776921,-14.829299,13.778205
0,-14.717472,13.823184,-14.723887,13.816236,-14.718558,13.820837
0,-14.857959,13.780697,-14.819907,13.788186,-14.860409,13.782033
0,-14.837074,13.769689,-14.832926,13.770333,-14.839101,13.770934
0,-14.835644,13.768113,-14.835612,13.768078,-14.834764,13.769044
0,-14.874316,13.788020,-14.878553,13.789064,-14.878551,13.789062
0,-14.827872,13.779347,-14.829299,13.778205,-14.827885,13.779309
0,-14.817362,13.791361,-14.815760,13.793570,-14.860409,13.782033
0,-15.021539,13.907538,-14.946302,13.800858,-14.998522,13.940472
0,-14.974262,13.956417,-14.998522,13.940472,-14.952783,13.960740
0,-14.960607,13.979710,-14.952783,13.960740,-14.936946,13.983050
0,-14.962657,13.960321,-14.974262,13.956417,-14.952783,13.960740
0,-14.936946,13.983050,-14.952783,13.960740,-14.935447,13.983262
0,-14.923721,13.998251,-14.924118,13.996972,-14.828556,14.060333
0,-14.929546,13.985242,-14.952783,13.960740,-14.928404,13.985992
0,-15.008803,13.930617,-15.022541,13.917302,-15.022154,13.915667
0,-15.021539,13.907538,-15.021950,13.906644,-14.948187,13.800811
0,-15.021950,13.906644,-15.022572,13.905934,-14.998461,13.804383
0,-15.030654,13.904931,-15.032161,13.905162,-15.051181,13.865700
0,-15.051181,13.865700,-15.060004,13.892601,-15.061124,13.892095
0,-15.065195,13.890374,-15.067400,13.888373,-15.069289,13.884063
0,-15.059055,13.893389,-15.060004,13.892601,-15.051181,13.865700
0,-15.035313,13.905755,-15.057597,13.895688,-15.058263,13.894436
0,-14.923333,13.999539,-14.923721,13.998251,-14.828556,14.060333
0,-14.921860,14.004744,-14.922217,14.003434,-14.829716,14.060537
0,-14.921509,14.006058,-14.921860,14.004744,-14.829716,14.060537
0,-14.918594,14.018060,-14.830817,14.060897,-14.918289,14.019406
0,-14.916496,14.027493,-14.916793,14.026146,-14.910098,14.043209
0,-14.910098,14.043209,-14.914702,14.035551,-14.915005,14.034213
0,-14.831864,14.061403,-14.918289,14.019406,-14.830817,14.060897
0,-14.910098,14.043209,-14.914397,14.036886,-14.914702,14.035551
0,-14.910098,14.043209,-14.915605,14.031531,-14.915903,14.030186
0,-14.910875,14.055905,-14.911055,14.054509,-14.910098,14.043209
0,-14.911241,14.053114,-14.910098,14.043209,-14.911055,14.054509
0,-14.910526,14.058704,-14.910699,14.057303,-14.839445,14.070880
0,-14.909003,14.069794,-14.842904,14.078163,-14.843589,14.079637
0,-14.907658,14.076466,-14.907965,14.075156,-14.889495,14.098117
0,-14.894849,14.095475,-14.905272,14.083982,-14.905743,14.082775
0,-14.885445,14.100067,-14.886779,14.099407,-14.848789,14.088876
0,-14.904227,14.086331,-14.898485,14.093249,-14.903650,14.087471
0,-14.900581,14.091557,-14.901500,14.090631,-14.903650,14.087471
0,-14.902320,14.089642,-14.903032,14.088587,-14.901500,14.090631
0,-14.900581,14.091557,-14.903650,14.087471,-14.899572,14.092428
0,-14.852529,14.117848,-14.873446,14.117635,-14.873540,14.116239
0,-14.873886,14.147780,-14.872875,14.147779,-14.870796,14.159240
0,-14.870796,14.159240,-14.856906,14.155449,-14.868851,14.163545
0,-14.826633,14.165842,-14.838215,14.167665,-14.826166,14.164378
0,-14.851074,14.170063,-14.852566,14.170037,-14.852001,14.157599
0,-14.833926,14.144422,-14.832333,14.144652,-14.843423,14.154244
0,-14.843272,14.166541,-14.846117,14.157834,-14.838215,14.167665
0,-14.873679,14.114869,-14.852053,14.114933,-14.852297,14.116394
0,-14.856677,14.129851,-14.856918,14.135832,-14.871998,14.135183
0,-14.897329,14.094026,-14.898485,14.093249,-14.904227,14.086331
0,-14.873343,14.121927,-14.853128,14.122144,-14.853286,14.123548
0,-14.837288,14.144072,-14.835586,14.144235,-14.843423,14.154244
0,-14.849129,14.094793,-14.849219,14.096152,-14.877500,14.105507
0,-14.888132,14.098759,-14.846435,14.085251,-14.847192,14.086532
0,-14.849219,14.096152,-14.849337,14.097531,-14.877500,14.105507
0,-14.912076,14.047586,-14.910098,14.043209,-14.911850,14.048958
0,-14.909223,14.068428,-14.909431,14.067054,-14.842222,14.076680
0,-14.910098,14.043209,-14.914089,14.038217,-14.914397,14.036886
0,-14.838719,14.069515,-14.910699,14.057303,-14.910098,14.043209
0,-14.691886,13.883629,-14.788331,14.065798,-14.789656,14.065539
0,-14.691886,13.883629,-14.764234,14.071132,-14.765583,14.070805
0,-14.750680,14.074546,-14.678956,13.890528,-14.749319,14.074901
0,-14.682023,13.888689,-14.678956,13.890528,-14.756114,14.073149
0,-14.749319,14.074901,-14.678956,13.890528,-14.747958,14.075258
0,-14.843423,14.154244,-14.825325,14.161325,-14.838215,14.167665
0,-14.825726,14.162867,-14.826166,14.164378,-14.838215,14.167665
0,-14.698527,14.088907,-14.699907,14.088523,-14.611241,13.986767
0,-14.746595,14.075617,-14.667251,13.897426,-14.745232,14.075978
0,-14.743867,14.076342,-14.667251,13.897426,-14.663145,13.900047
0,-14.738865,14.077687,-14.663145,13.900047,-14.738403,14.077812
0,-14.824262,14.152337,-14.824231,14.153722,-14.830832,14.144938
0,-14.737035,14.078183,-14.663145,13.900047,-14.651628,13.907683
0,-14.673706,14.095623,-14.675084,14.095264,-14.611241,13.986767
0,-14.661324,14.098759,-14.662698,14.098420,-14.589267,14.053663
0,-14.589267,14.053663,-14.590128,14.059143,-14.654462,14.100407
0,-14.653780,14.100566,-14.590128,14.059143,-14.653091,14.100727
0,-14.629894,14.105557,-14.592102,14.074338,-14.628525,14.105729
0,-14.624395,14.106056,-14.592102,14.074338,-14.623012,14.106108
0,-14.590128,14.059143,-14.646248,14.102280,-14.647615,14.101977
0,-14.639422,14.103743,-14.640786,14.103458,-14.591286,14.069508
0,-14.613266,14.105929,-14.592066,14.076844,-14.611868,14.105851
0,-14.590530,14.067617,-14.591286,14.069508,-14.590418,14.062870
0,-14.591999,14.095949,-14.589131,14.078309,-14.584958,14.081651
0,-14.586912,14.034364,-14.587831,14.043615,-14.607755,13.989436
0,-14.694389,14.090054,-14.695768,14.089672,-14.611241,13.986767
0,-14.662698,14.098420,-14.664073,14.098079,-14.587831,14.043615
0,-14.737035,14.078183,-14.651628,13.907683,-14.735666,14.078557
0,-14.716444,14.083893,-14.611241,13.986767,-14.715067,14.084279
0,-14.824676,14.158215,-14.824972,14.159769,-14.843423,14.154244
0,-14.611241,13.986767,-14.709557,14.085824,-14.710935,14.085438
0,-14.623012,14.106108,-14.592102,14.074338,-14.592066,14.076844
0,-14.585182,14.093732,-14.591999,14.095949,-14.583114,14.084758
0,-14.609795,14.105723,-14.592066,14.076844,-14.591999,14.095949
0,-14.661324,14.098759,-14.589267,14.053663,-14.659951,14.099093
0,-14.584948,14.019206,-14.585286,14.022064,-14.598565,13.995416
0,-14.584827,14.016827,-14.598565,13.995416,-14.596329,13.996503
0,-14.589267,14.053663,-14.654462,14.100407,-14.655833,14.100083
0,-14.658578,14.099426,-14.589267,14.053663,-14.657205,14.099756
0,-14.691886,13.883629,-14.789656,14.065539,-14.790980,14.065285
0,-14.815813,14.061407,-14.817101,14.061257,-14.693209,13.881124
0,-14.693209,13.881124,-14.691886,13.883629,-14.815813,14.061407
0,-14.618579,13.928608,-14.610400,13.986040,-14.611241,13.986767
0,-14.595950,13.996664,-14.594367,13.997314,-14.584747,14.012660
0,-14.586912,14.034364,-14.587308,14.040811,-14.587831,14.043615
0,-14.607521,13.985879,-14.587858,13.978732,-14.587747,13.979055
0,-14.610395,13.986035,-14.595855,13.956404,-14.594483,13.959949
0,-14.584509,14.011140,-14.591843,13.998407,-14.588190,14.000720
0,-14.716055,13.826960,-14.714498,13.830412,-14.736196,13.814538
0,-14.754022,13.812615,-14.706852,13.848780,-14.759303,13.811974
0,-14.744072,13.813991,-14.736196,13.814538,-14.713460,13.833082
0,-14.730301,13.815226,-14.717472,13.823184,-14.716055,13.826960
0,-14.730301,13.815226,-14.723887,13.816236,-14.717472,13.823184
0,-14.611241,13.986767,-14.622544,13.926310,-14.618579,13.928608
0,-14.837074,13.769689,-14.834764,13.769044,-14.832926,13.770333
0,-14.874316,13.788020,-14.808076,13.804617,-14.806473,13.806413
0,-14.831420,13.776502,-14.839101,13.770934,-14.832926,13.770333
0,-14.866538,13.784382,-14.809253,13.802961,-14.872053,13.787145
0,-14.784530,13.810879,-14.779155,13.810923,-14.775665,13.811152
0,-14.796128,13.810194,-14.820955,14.060849,-14.822235,14.060726
0,-14.744072,13.813991,-14.713460,13.833082,-14.712092,13.836581
0,-14.714498,13.830412,-14.713460,13.833082,-14.736196,13.814538
0,-14.734297,14.078932,-14.735666,14.078557,-14.651628,13.907683
0,-14.678956,13.890528,-14.670887,13.893929,-14.667251,13.897426
0,-14.618579,13.928608,-14.612300,13.931182,-14.609042,13.933481
0,-14.651628,13.907683,-14.648890,13.909293,-14.611241,13.986767
0,-14.598503,13.950005,-14.609042,13.933481,-14.599214,13.947288
0,-14.598503,13.950005,-14.618579,13.928608,-14.609042,13.933481
0,-14.604276,13.937450,-14.603328,13.938219,-14.601342,13.941211
0,-14.609042,13.933481,-14.600538,13.943604,-14.599214,13.947288
0,-14.605311,13.936609,-14.604276,13.937450,-14.600538,13.943604
0,-14.994649,13.801992,-14.991776,13.801672,-14.998461,13.804383
0,-14.989088,13.800476,-14.986591,13.799740,-14.991776,13.801672
0,-14.986591,13.799740,-14.954124,13.799153,-14.991776,13.801672
0,-14.983245,13.798776,-14.980841,13.798224,-14.986591,13.799740
0,-14.997337,13.802912,-14.998461,13.804383,-14.998934,13.803669
0,-14.991776,13.801672,-15.021950,13.906644,-14.998461,13.804383
0,-14.998461,13.804383,-15.034158,13.834698,-15.030301,13.827162
0,-15.028323,13.821010,-15.026266,13.814617,-15.016254,13.811056
0,-15.051181,13.865700,-15.069445,13.876366,-15.068813,13.871286
0,-15.051181,13.865700,-15.068813,13.871286,-15.068530,13.870127
0,-15.051181,13.865700,-15.069603,13.880368,-15.069445,13.876366
0,-15.062307,13.891697,-15.063531,13.891367,-15.065195,13.890374
0,-15.062307,13.891697,-15.065195,13.890374,-15.069289,13.884063
0,-15.054980,13.903065,-15.055518,13.901626,-15.047931,13.907592
0,-15.023375,13.905402,-15.024316,13.905025,-15.046575,13.852208
0,-15.032161,13.905162,-15.033718,13.905442,-15.051181,13.865700
0,-15.023375,13.905402,-15.046575,13.852208,-15.034158,13.834698
0,-15.016254,13.811056,-15.030301,13.827162,-15.028323,13.821010
0,-15.016254,13.811056,-14.998461,13.804383,-15.030301,13.827162
0,-14.980841,13.798224,-14.961993,13.796895,-14.956574,13.798508
0,-14.948187,13.800811,-14.954124,13.799153,-14.951061,13.799890
0,-15.021950,13.906644,-14.991776,13.801672,-14.948187,13.800811
0,-14.940648,13.800721,-14.946302,13.800858,-14.943381,13.800674
0,-14.952783,13.960740,-14.998522,13.940472,-14.946302,13.800858
0,-14.946302,13.800858,-14.940648,13.800721,-14.952783,13.960740
0,-14.940648,13.800721,-14.937396,13.800676,-14.952783,13.960740
0,-14.937396,13.800676,-14.935228,13.800124,-14.932447,13.800400
0,-14.952783,13.960740,-14.926368,13.799895,-14.920853,13.799113
0,-14.952783,13.960740,-14.929148,13.800217,-14.926368,13.799895
0,-14.956574,13.798508,-14.954124,13.799153,-14.980841,13.798224
0,-14.954124,13.799153,-14.986591,13.799740,-14.980841,13.798224
0,-14.976458,13.796154,-14.973441,13.795833,-14.978108,13.797258
0,-14.973441,13.795833,-14.967316,13.795512,-14.964725,13.796296
0,-14.970520,13.795098,-14.967316,13.795512,-14.973441,13.795833
0,-14.980841,13.798224,-14.978108,13.797258,-14.961993,13.796895
0,-14.978108,13.797258,-14.973441,13.795833,-14.964725,13.796296
0,-14.956574,13.798508,-14.961993,13.796895,-14.959118,13.797586
0,-14.866538,13.784382,-14.872053,13.787145,-14.869507,13.785533
0,-14.863615,13.783185,-14.863203,13.783037,-14.866538,13.784382
0,-14.808076,13.804617,-14.874316,13.788020,-14.872053,13.787145
0,-14.806473,13.806413,-14.804587,13.807839,-14.882788,13.790959
0,-14.810668,13.800428,-14.809253,13.802961,-14.812412,13.797943
0,-14.860409,13.782033,-14.815760,13.793570,-14.813780,13.796240
0,-14.819907,13.788186,-14.857959,13.780697,-14.853245,13.778394
0,-14.853245,13.778394,-14.857959,13.780697,-14.856214,13.779683
0,-14.831420,13.776502,-14.841034,13.772084,-14.839101,13.770934
0,-14.831420,13.776502,-14.842590,13.772776,-14.841034,13.772084
0,-14.835644,13.768113,-14.834764,13.769044,-14.837074,13.769689
0,-14.830995,13.772542,-14.830853,13.773187,-14.832926,13.770333
0,-14.830853,13.773187,-14.831420,13.776502,-14.832926,13.770333
0,-14.846927,13.775539,-14.829299,13.778205,-14.849991,13.776921
0,-14.831420,13.776502,-14.846927,13.775539,-14.844569,13.773696
0,-14.831420,13.776502,-14.829299,13.778205,-14.846927,13.775539
0,-14.842590,13.772776,-14.831420,13.776502,-14.844569,13.773696
0,-14.885474,13.791511,-14.882788,13.790959,-14.888492,13.792339
0,-14.804587,13.807839,-14.897731,13.795378,-14.882788,13.790959
0,-14.874316,13.788020,-14.882788,13.790959,-14.880807,13.790129
0,-14.874316,13.788020,-14.880807,13.790129,-14.878553,13.789064
0,-14.877803,13.788665,-14.878551,13.789062,-14.878566,13.789026
0,-14.877803,13.788665,-14.874316,13.788020,-14.878551,13.789062
0,-14.886512,13.791604,-14.885474,13.791511,-14.888492,13.792339
0,-14.896788,13.794411,-14.893300,13.793720,-14.897731,13.795378
0,-14.952783,13.960740,-14.903906,13.796989,-14.898579,13.795608
0,-14.952783,13.960740,-14.911804,13.798239,-14.903906,13.796989
0,-14.898579,13.795608,-14.903906,13.796989,-14.901596,13.796160
0,-14.882788,13.790959,-14.897731,13.795378,-14.888492,13.792339
0,-14.804587,13.807839,-14.952783,13.960740,-14.897731,13.795378
0,-14.908718,13.797522,-14.910437,13.797780,-14.908792,13.797484
0,-14.911804,13.798239,-14.915055,13.798239,-14.912699,13.797917
0,-14.903906,13.796989,-14.911804,13.798239,-14.908718,13.797522
0,-14.926368,13.799895,-14.923823,13.799481,-14.920853,13.799113
0,-14.920853,13.799113,-14.918402,13.798560,-14.915055,13.798239
0,-14.908718,13.797522,-14.911804,13.798239,-14.910437,13.797780
0,-14.952783,13.960740,-14.920853,13.799113,-14.911804,13.798239
0,-15.021316,13.908596,-15.021539,13.907538,-15.008803,13.930617
0,-15.021256,13.909799,-15.021316,13.908596,-15.008803,13.930617
0,-15.008803,13.930617,-15.021526,13.912560,-15.021334,13.911126
0,-15.021334,13.911126,-15.021256,13.909799,-15.008803,13.930617
0,-14.935447,13.983262,-14.952783,13.960740,-14.932489,13.984223
0,-15.021539,13.907538,-15.005528,13.933817,-15.008803,13.930617
0,-15.021539,13.907538,-14.998522,13.940472,-15.005528,13.933817
0,-14.934031,13.983779,-14.935447,13.983262,-14.932489,13.984223
0,-14.932489,13.984223,-14.952783,13.960740,-14.930951,13.984682
0,-14.930951,13.984682,-14.952783,13.960740,-14.929546,13.985242
0,-14.802282,13.809370,-14.927654,13.987017,-14.928404,13.985992
0,-14.827334,14.060299,-14.925364,13.993177,-14.925800,13.991927
0,-14.828556,14.060333,-14.829716,14.060537,-14.922581,14.002130
0,-14.927654,13.987017,-14.826064,14.060393,-14.827334,14.060299
0,-14.827334,14.060299,-14.926246,13.990686,-14.926704,13.989454
0,-14.827334,14.060299,-14.925800,13.991927,-14.926246,13.990686
0,-14.919527,14.014033,-14.830817,14.060897,-14.919213,14.015373
0,-14.919213,14.015373,-14.830817,14.060897,-14.918902,14.016715
0,-14.918902,14.016715,-14.830817,14.060897,-14.918594,14.018060
0,-14.831864,14.061403,-14.917987,14.020753,-14.918289,14.019406
0,-14.831864,14.061403,-14.917090,14.024798,-14.917388,14.023448
0,-14.916793,14.026146,-14.917090,14.024798,-14.831864,14.061403
0,-14.831864,14.061403,-14.917687,14.022100,-14.917987,14.020753
0,-14.831864,14.061403,-14.917388,14.023448,-14.917687,14.022100
0,-14.919845,14.012696,-14.920168,14.011361,-14.830817,14.060897
0,-14.919527,14.014033,-14.919845,14.012696,-14.830817,14.060897
0,-14.920828,14.008702,-14.921166,14.007379,-14.829716,14.060537
0,-14.920495,14.010030,-14.920828,14.008702,-14.829716,14.060537
0,-14.828556,14.060333,-14.924939,13.994434,-14.925364,13.993177
0,-14.828556,14.060333,-14.924523,13.995700,-14.924939,13.994434
0,-14.828556,14.060333,-14.924118,13.996972,-14.924523,13.995700
0,-14.922581,14.002130,-14.922953,14.000830,-14.828556,14.060333
0,-14.922217,14.003434,-14.922581,14.002130,-14.829716,14.060537
0,-14.921166,14.007379,-14.921509,14.006058,-14.829716,14.060537
0,-15.008803,13.930617,-15.023337,13.920637,-15.022944,13.918965
0,-15.022541,13.917302,-15.008803,13.930617,-15.022944,13.918965
0,-15.023697,13.922298,-15.008803,13.930617,-15.023999,13.923929
0,-15.023337,13.920637,-15.008803,13.930617,-15.023697,13.922298
0,-15.056015,13.900114,-15.056505,13.898582,-15.043417,13.907271
0,-15.043417,13.907271,-15.056505,13.898582,-15.041821,13.907025
0,-15.041821,13.907025,-15.056505,13.898582,-15.057022,13.897089
0,-15.008803,13.930617,-15.021808,13.914080,-15.021526,13.912560
0,-15.008803,13.930617,-15.022154,13.915667,-15.021808,13.914080
0,-15.046575,13.852208,-15.024316,13.905025,-15.051181,13.865700
0,-15.034158,13.834698,-15.022572,13.905934,-15.023375,13.905402
0,-15.034158,13.834698,-14.998461,13.804383,-15.022572,13.905934
0,-15.025382,13.904788,-15.026562,13.904675,-15.051181,13.865700
0,-15.024316,13.905025,-15.025382,13.904788,-15.051181,13.865700
0,-15.027842,13.904671,-15.029210,13.904761,-15.051181,13.865700
0,-15.026562,13.904675,-15.027842,13.904671,-15.051181,13.865700
0,-15.038567,13.906416,-15.040200,13.906734,-15.057022,13.897089
0,-15.033718,13.905442,-15.035313,13.905755,-15.051181,13.865700
0,-15.029210,13.904761,-15.030654,13.904931,-15.051181,13.865700
0,-15.056015,13.900114,-15.043417,13.907271,-15.044976,13.907457
0,-15.036934,13.906085,-15.057597,13.895688,-15.035313,13.905755
0,-15.038567,13.906416,-15.057022,13.897089,-15.057597,13.895688
0,-15.040200,13.906734,-15.041821,13.907025,-15.057022,13.897089
0,-15.061124,13.892095,-15.062307,13.891697,-15.069603,13.880368
0,-15.051181,13.865700,-15.061124,13.892095,-15.069603,13.880368
0,-15.058263,13.894436,-15.059055,13.893389,-15.051181,13.865700
0,-15.035313,13.905755,-15.058263,13.894436,-15.051181,13.865700
0,-15.055518,13.901626,-15.056015,13.900114,-15.046485,13.907570
0,-15.054369,13.904374,-15.050585,13.907306,-15.053652,13.905498
0,-15.051768,13.906966,-15.052796,13.906380,-15.053652,13.905498
0,-15.054369,13.904374,-15.054980,13.903065,-15.049301,13.907508
0,-15.056015,13.900114,-15.044976,13.907457,-15.046485,13.907570
0,-15.053652,13.905498,-15.050585,13.907306,-15.051768,13.906966
0,-15.054369,13.904374,-15.049301,13.907508,-15.050585,13.907306
0,-15.054980,13.903065,-15.047931,13.907592,-15.049301,13.907508
0,-14.910098,14.043209,-14.915305,14.032873,-14.915605,14.031531
0,-14.910098,14.043209,-14.915005,14.034213,-14.915305,14.032873
0,-14.911850,14.048958,-14.910098,14.043209,-14.911636,14.050338
0,-14.911636,14.050338,-14.910098,14.043209,-14.911434,14.051724
0,-14.913997,14.038607,-14.914089,14.038217,-14.910098,14.043209
0,-14.911434,14.051724,-14.910098,14.043209,-14.911241,14.053114
0,-14.910699,14.057303,-14.910875,14.055905,-14.910098,14.043209
0,-14.909818,14.064287,-14.910001,14.062896,-14.840851,14.073734
0,-14.913777,14.039545,-14.913997,14.038607,-14.910098,14.043209
0,-14.909629,14.065674,-14.909818,14.064287,-14.841539,14.075200
0,-14.910353,14.060103,-14.910526,14.058704,-14.840154,14.072290
0,-14.842222,14.076680,-14.909629,14.065674,-14.841539,14.075200
0,-14.910178,14.061500,-14.910353,14.060103,-14.840154,14.072290
0,-14.910001,14.062896,-14.910178,14.061500,-14.840851,14.073734
0,-14.906973,14.079040,-14.892211,14.096823,-14.906591,14.080303
0,-14.905743,14.082775,-14.906182,14.081549,-14.893545,14.096159
0,-14.905272,14.083982,-14.896114,14.094766,-14.904767,14.085167
0,-14.894849,14.095475,-14.896114,14.094766,-14.905272,14.083982
0,-14.893545,14.096159,-14.894849,14.095475,-14.905743,14.082775
0,-14.890858,14.097473,-14.906973,14.079040,-14.907327,14.077761
0,-14.890858,14.097473,-14.892211,14.096823,-14.906973,14.079040
0,-14.844983,14.082522,-14.889495,14.098117,-14.907965,14.075156
0,-14.890858,14.097473,-14.907327,14.077761,-14.907658,14.076466
0,-14.842904,14.078163,-14.909003,14.069794,-14.909223,14.068428
0,-14.909003,14.069794,-14.843589,14.079637,-14.908769,14.071150
0,-14.843589,14.079637,-14.844280,14.081093,-14.908519,14.072498
0,-14.844983,14.082522,-14.907965,14.075156,-14.908252,14.073832
0,-14.892211,14.096823,-14.893545,14.096159,-14.906591,14.080303
0,-14.890858,14.097473,-14.907658,14.076466,-14.889495,14.098117
0,-14.889495,14.098117,-14.845700,14.083912,-14.888132,14.098759
0,-14.884142,14.100743,-14.885445,14.100067,-14.848789,14.088876
0,-14.888132,14.098759,-14.847192,14.086532,-14.848789,14.088876
0,-14.886779,14.099407,-14.888132,14.098759,-14.848789,14.088876
0,-14.880509,14.102937,-14.881664,14.102173,-14.848789,14.088876
0,-14.876681,14.106475,-14.877500,14.105507,-14.849337,14.097531
0,-14.849484,14.098928,-14.876681,14.106475,-14.849337,14.097531
0,-14.851802,14.113465,-14.852053,14.114933,-14.873872,14.113531
0,-14.876681,14.106475,-14.849654,14.100341,-14.875971,14.107509
0,-14.876681,14.106475,-14.849484,14.098928,-14.849654,14.100341
0,-14.850523,14.106117,-14.874868,14.109763,-14.875370,14.108606
0,-14.851026,14.109051,-14.874458,14.110974,-14.874868,14.109763
0,-14.851285,14.110523,-14.874129,14.112232,-14.874458,14.110974
0,-14.873281,14.127697,-14.856677,14.129851,-14.873219,14.129111
0,-14.873219,14.129111,-14.856677,14.129851,-14.873119,14.130503
0,-14.856906,14.155449,-14.872875,14.147779,-14.871122,14.145495
0,-14.873119,14.130503,-14.856677,14.129851,-14.872945,14.132083
0,-14.861584,14.169940,-14.856906,14.155449,-14.860078,14.169954
0,-14.872945,14.132083,-14.856677,14.129851,-14.872573,14.133562
0,-14.871122,14.145495,-14.871488,14.136758,-14.856423,14.143487
0,-14.856906,14.155449,-14.871122,14.145495,-14.856911,14.147793
0,-14.856677,14.129851,-14.873331,14.124824,-14.873337,14.123376
0,-14.856677,14.129851,-14.873316,14.126266,-14.873331,14.124824
0,-14.856677,14.129851,-14.873343,14.121927,-14.853286,14.123548
0,-14.856677,14.129851,-14.873337,14.123376,-14.873343,14.121927
0,-14.873872,14.113531,-14.852053,14.114933,-14.873679,14.114869
0,-14.873446,14.117635,-14.852747,14.119292,-14.873388,14.119052
0,-14.873388,14.119052,-14.852948,14.120725,-14.873356,14.120485
0,-14.873356,14.120485,-14.853128,14.122144,-14.873343,14.121927
0,-14.853128,14.122144,-14.873356,14.120485,-14.852948,14.120725
0,-14.852948,14.120725,-14.873388,14.119052,-14.852747,14.119292
0,-14.873446,14.117635,-14.852529,14.117848,-14.852747,14.119292
0,-14.873540,14.116239,-14.852297,14.116394,-14.852529,14.117848
0,-14.873540,14.116239,-14.873679,14.114869,-14.852297,14.116394
0,-14.871998,14.135183,-14.872573,14.133562,-14.856677,14.129851
0,-14.871488,14.136758,-14.856918,14.135832,-14.856423,14.143487
0,-14.871488,14.136758,-14.871998,14.135183,-14.856918,14.135832
0,-14.873316,14.126266,-14.856677,14.129851,-14.873281,14.127697
0,-14.870125,14.166120,-14.868851,14.163545,-14.868990,14.167463
0,-14.870796,14.159240,-14.872875,14.147779,-14.856906,14.155449
0,-14.868851,14.163545,-14.866211,14.168746,-14.868990,14.167463
0,-14.868851,14.163545,-14.863089,14.169925,-14.866211,14.168746
0,-14.868851,14.163545,-14.861584,14.169940,-14.863089,14.169925
0,-14.854063,14.170016,-14.855564,14.169997,-14.852001,14.157599
0,-14.868851,14.163545,-14.856906,14.155449,-14.861584,14.169940
0,-14.858572,14.169968,-14.860078,14.169954,-14.856906,14.155449
0,-14.857067,14.169981,-14.856906,14.155449,-14.852001,14.157599
0,-14.857067,14.169981,-14.858572,14.169968,-14.856906,14.155449
0,-14.851074,14.170063,-14.852001,14.157599,-14.849588,14.170092
0,-14.849588,14.170092,-14.852001,14.157599,-14.846117,14.157834
0,-14.838215,14.167665,-14.833332,14.171433,-14.836525,14.170700
0,-14.826633,14.165842,-14.827120,14.167242,-14.838215,14.167665
0,-14.835299,14.171524,-14.836525,14.170700,-14.833332,14.171433
0,-14.831684,14.171861,-14.828595,14.170899,-14.830238,14.172047
0,-14.830238,14.172047,-14.828595,14.170899,-14.829170,14.171777
0,-14.831684,14.171861,-14.828111,14.169786,-14.828595,14.170899
0,-14.837288,14.144072,-14.843423,14.154244,-14.839009,14.143920
0,-14.824653,14.149831,-14.828201,14.145747,-14.825032,14.148744
0,-14.846117,14.157834,-14.849025,14.170105,-14.849588,14.170092
0,-14.838215,14.167665,-14.846117,14.157834,-14.843423,14.154244
0,-14.843272,14.166541,-14.849025,14.170105,-14.846117,14.157834
0,-14.833926,14.144422,-14.843423,14.154244,-14.835586,14.144235
0,-14.832333,14.144652,-14.824231,14.153722,-14.824296,14.155174
0,-14.824231,14.153722,-14.832333,14.144652,-14.830832,14.144938
0,-14.824400,14.151034,-14.824262,14.152337,-14.829446,14.145298
0,-14.877500,14.105507,-14.878417,14.104598,-14.849049,14.093439
0,-14.879424,14.103744,-14.880509,14.102937,-14.848789,14.088876
0,-14.878417,14.104598,-14.848895,14.090730,-14.848971,14.092085
0,-14.881664,14.102173,-14.882878,14.101443,-14.848789,14.088876
0,-14.879424,14.103744,-14.848789,14.088876,-14.848895,14.090730
0,-14.882878,14.101443,-14.884142,14.100743,-14.848789,14.088876
0,-14.848789,14.088876,-14.847192,14.086532,-14.847975,14.087745
0,-14.849049,14.093439,-14.849129,14.094793,-14.877500,14.105507
0,-14.875370,14.108606,-14.875971,14.107509,-14.850058,14.103207
0,-14.874458,14.110974,-14.851026,14.109051,-14.851285,14.110523
0,-14.874868,14.109763,-14.850771,14.107582,-14.851026,14.109051
0,-14.874129,14.112232,-14.851545,14.111995,-14.873872,14.113531
0,-14.873872,14.113531,-14.851545,14.111995,-14.851802,14.113465
0,-14.874129,14.112232,-14.851285,14.110523,-14.851545,14.111995
0,-14.874868,14.109763,-14.850523,14.106117,-14.850771,14.107582
0,-14.875370,14.108606,-14.850284,14.104658,-14.850523,14.106117
0,-14.875370,14.108606,-14.850058,14.103207,-14.850284,14.104658
0,-14.875971,14.107509,-14.849847,14.101769,-14.850058,14.103207
0,-14.875971,14.107509,-14.849654,14.100341,-14.849847,14.101769
0,-14.844280,14.081093,-14.908252,14.073832,-14.908519,14.072498
0,-14.909223,14.068428,-14.842222,14.076680,-14.842904,14.078163
0,-14.909431,14.067054,-14.909629,14.065674,-14.842222,14.076680
0,-14.845700,14.083912,-14.889495,14.098117,-14.844983,14.082522
0,-14.844983,14.082522,-14.908252,14.073832,-14.844280,14.081093
0,-14.909818,14.064287,-14.840851,14.073734,-14.841539,14.075200
0,-14.910178,14.061500,-14.840154,14.072290,-14.840851,14.073734
0,-14.910526,14.058704,-14.839445,14.070880,-14.840154,14.072290
0,-14.910699,14.057303,-14.838719,14.069515,-14.839445,14.070880
0,-14.910098,14.043209,-14.837973,14.068202,-14.838719,14.069515
0,-14.910098,14.043209,-14.834711,14.063704,-14.835577,14.064695
0,-14.910098,14.043209,-14.837204,14.066955,-14.837973,14.068202
0,-14.910098,14.043209,-14.836406,14.065782,-14.837204,14.066955
0,-14.910098,14.043209,-14.835577,14.064695,-14.836406,14.065782
0,-14.910098,14.043209,-14.833807,14.062817,-14.834711,14.063704
0,-14.910098,14.043209,-14.832859,14.062046,-14.833807,14.062817
0,-14.910098,14.043209,-14.916793,14.026146,-14.831864,14.061403
0,-14.832859,14.062046,-14.910098,14.043209,-14.831864,14.061403
0,-14.830817,14.060897,-14.920168,14.011361,-14.829716,14.060537
0,-14.827334,14.060299,-14.828556,14.060333,-14.925364,13.993177
0,-14.691886,13.883629,-14.790980,14.065285,-14.792303,14.065035
0,-14.691886,13.883629,-14.787004,14.066060,-14.788331,14.065798
0,-14.691886,13.883629,-14.785675,14.066328,-14.787004,14.066060
0,-14.691886,13.883629,-14.785211,14.066423,-14.785675,14.066328
0,-14.691886,13.883629,-14.780347,14.067440,-14.781681,14.067155
0,-14.691886,13.883629,-14.784345,14.066600,-14.785211,14.066423
0,-14.691886,13.883629,-14.783014,14.066876,-14.784345,14.066600
0,-14.691886,13.883629,-14.781681,14.067155,-14.783014,14.066876
0,-14.691886,13.883629,-14.779011,14.067728,-14.780347,14.067440
0,-14.691886,13.883629,-14.778929,14.067746,-14.779011,14.067728
0,-14.691886,13.883629,-14.777674,14.068019,-14.778929,14.067746
0,-14.691886,13.883629,-14.776336,14.068314,-14.777674,14.068019
0,-14.691886,13.883629,-14.769625,14.069846,-14.770969,14.069533
0,-14.691886,13.883629,-14.774996,14.068614,-14.776336,14.068314
0,-14.691886,13.883629,-14.773655,14.068916,-14.774996,14.068614
0,-14.691886,13.883629,-14.772313,14.069223,-14.773655,14.068916
0,-14.691886,13.883629,-14.770969,14.069533,-14.772313,14.069223
0,-14.747958,14.075258,-14.667251,13.897426,-14.746595,14.075617
0,-14.745232,14.075978,-14.667251,13.897426,-14.743867,14.076342
0,-14.743867,14.076342,-14.663145,13.900047,-14.742503,14.076706
0,-14.742503,14.076706,-14.663145,13.900047,-14.741137,14.077073
0,-14.734297,14.078932,-14.651628,13.907683,-14.732927,14.079307
0,-14.732927,14.079307,-14.611241,13.986767,-14.731859,14.079601
0,-14.738403,14.077812,-14.663145,13.900047,-14.737035,14.078183
0,-14.663145,13.900047,-14.654979,13.905107,-14.651628,13.907683
0,-14.682023,13.888689,-14.757469,14.072806,-14.683719,13.887722
0,-14.682023,13.888689,-14.756114,14.073149,-14.757469,14.072806
0,-14.678956,13.890528,-14.753399,14.073842,-14.754757,14.073495
0,-14.691860,13.883640,-14.683719,13.887722,-14.757469,14.072806
0,-14.691860,13.883640,-14.687026,13.885837,-14.683719,13.887722
0,-14.691886,13.883629,-14.768279,14.070162,-14.769625,14.069846
0,-14.691886,13.883629,-14.766931,14.070483,-14.768279,14.070162
0,-14.691886,13.883629,-14.765583,14.070805,-14.766931,14.070483
0,-14.691886,13.883629,-14.762883,14.071460,-14.764234,14.071132
0,-14.691886,13.883629,-14.761531,14.071792,-14.762883,14.071460
0,-14.691886,13.883629,-14.760178,14.072128,-14.761531,14.071792
0,-14.691886,13.883629,-14.758824,14.072466,-14.760178,14.072128
0,-14.691886,13.883629,-14.757469,14.072806,-14.758824,14.072466
0,-14.731859,14.079601,-14.611241,13.986767,-14.731556,14.079684
0,-14.731556,14.079684,-14.611241,13.986767,-14.730185,14.080062
0,-14.730185,14.080062,-14.611241,13.986767,-14.728813,14.080443
0,-14.728813,14.080443,-14.611241,13.986767,-14.727441,14.080822
0,-14.727441,14.080822,-14.611241,13.986767,-14.726067,14.081204
0,-14.828201,14.145747,-14.827119,14.146301,-14.825032,14.148744
0,-14.824400,14.151034,-14.828201,14.145747,-14.824653,14.149831
0,-14.825032,14.148744,-14.827119,14.146301,-14.825545,14.147788
0,-14.827119,14.146301,-14.826227,14.146976,-14.825545,14.147788
0,-14.833332,14.171433,-14.838215,14.167665,-14.827120,14.167242
0,-14.833332,14.171433,-14.827615,14.168562,-14.828111,14.169786
0,-14.833332,14.171433,-14.827120,14.167242,-14.827615,14.168562
0,-14.843423,14.154244,-14.824296,14.155174,-14.824448,14.156677
0,-14.824400,14.151034,-14.829446,14.145298,-14.828201,14.145747
0,-14.611241,13.986767,-14.705423,14.086983,-14.706801,14.086597
0,-14.611241,13.986767,-14.704044,14.087369,-14.705423,14.086983
0,-14.611241,13.986767,-14.702665,14.087754,-14.704044,14.087369
0,-14.611241,13.986767,-14.701286,14.088139,-14.702665,14.087754
0,-14.693009,14.090435,-14.694389,14.090054,-14.611241,13.986767
0,-14.607755,13.989436,-14.587831,14.043615,-14.611241,13.986767
0,-14.611241,13.986767,-14.699907,14.088523,-14.701286,14.088139
0,-14.698527,14.088907,-14.611241,13.986767,-14.697148,14.089290
0,-14.697148,14.089290,-14.611241,13.986767,-14.695768,14.089672
0,-14.611241,13.986767,-14.708180,14.086211,-14.709557,14.085824
0,-14.611241,13.986767,-14.706801,14.086597,-14.708180,14.086211
0,-14.611241,13.986767,-14.713690,14.084665,-14.715067,14.084279
0,-14.611241,13.986767,-14.712313,14.085051,-14.713690,14.084665
0,-14.611241,13.986767,-14.710935,14.085438,-14.712313,14.085051
0,-14.726067,14.081204,-14.611241,13.986767,-14.724694,14.081586
0,-14.611241,13.986767,-14.720571,14.082737,-14.721946,14.082353
0,-14.723320,14.081969,-14.724694,14.081586,-14.611241,13.986767
0,-14.720571,14.082737,-14.611241,13.986767,-14.719195,14.083122
0,-14.716444,14.083893,-14.717820,14.083507,-14.611241,13.986767
0,-14.719195,14.083122,-14.611241,13.986767,-14.717820,14.083507
0,-14.653091,14.100727,-14.590128,14.059143,-14.651721,14.101045
0,-14.590128,14.059143,-14.648983,14.101669,-14.650352,14.101358
0,-14.590128,14.059143,-14.647615,14.101977,-14.648983,14.101669
0,-14.590418,14.062870,-14.644881,14.102580,-14.646248,14.102280
0,-14.640786,14.103458,-14.642150,14.103169,-14.591286,14.069508
0,-14.639422,14.103743,-14.591286,14.069508,-14.638060,14.104023
0,-14.590418,14.062870,-14.643515,14.102876,-14.644881,14.102580
0,-14.642150,14.103169,-14.643515,14.102876,-14.591286,14.069508
0,-14.638060,14.104023,-14.592102,14.074338,-14.636698,14.104300
0,-14.636698,14.104300,-14.592102,14.074338,-14.635337,14.104573
0,-14.635337,14.104573,-14.592102,14.074338,-14.633977,14.104841
0,-14.633977,14.104841,-14.592102,14.074338,-14.632619,14.105106
0,-14.627152,14.105868,-14.592102,14.074338,-14.625775,14.105976
0,-14.625775,14.105976,-14.592102,14.074338,-14.624395,14.106056
0,-14.632619,14.105106,-14.592102,14.074338,-14.631259,14.105350
0,-14.631259,14.105350,-14.592102,14.074338,-14.629894,14.105557
0,-14.628525,14.105729,-14.592102,14.074338,-14.627152,14.105868
0,-14.623012,14.106108,-14.592066,14.076844,-14.621626,14.106137
0,-14.617455,14.106101,-14.618848,14.106132,-14.592066,14.076844
0,-14.620238,14.106144,-14.592066,14.076844,-14.618848,14.106132
0,-14.621626,14.106137,-14.592066,14.076844,-14.620238,14.106144
0,-14.609795,14.105723,-14.591999,14.095949,-14.591959,14.097603
0,-14.589131,14.078309,-14.591999,14.095949,-14.592066,14.076844
0,-14.589949,14.107564,-14.589743,14.108471,-14.600351,14.108889
0,-14.609795,14.105723,-14.591959,14.097603,-14.608076,14.106868
0,-14.591163,14.102123,-14.590697,14.103641,-14.600351,14.108889
0,-14.616060,14.106056,-14.592066,14.076844,-14.614664,14.105998
0,-14.614664,14.105998,-14.592066,14.076844,-14.613266,14.105929
0,-14.616060,14.106056,-14.617455,14.106101,-14.592066,14.076844
0,-14.611868,14.105851,-14.592066,14.076844,-14.610469,14.105766
0,-14.610469,14.105766,-14.592066,14.076844,-14.609795,14.105723
0,-14.604275,14.108118,-14.591959,14.097603,-14.600351,14.108889
0,-14.600351,14.108889,-14.590655,14.105813,-14.589949,14.107564
0,-14.600351,14.108889,-14.590697,14.103641,-14.590655,14.105813
0,-14.654462,14.100407,-14.590128,14.059143,-14.653780,14.100566
0,-14.600351,14.108889,-14.591341,14.100145,-14.591163,14.102123
0,-14.600351,14.108889,-14.591959,14.097603,-14.591341,14.100145
0,-14.604275,14.108118,-14.608076,14.106868,-14.591959,14.097603
0,-14.591959,14.097603,-14.591399,14.099492,-14.591341,14.100145
0,-14.587831,14.043615,-14.665448,14.097736,-14.611241,13.986767
0,-14.588789,14.051682,-14.587831,14.043615,-14.587882,14.046201
0,-14.589267,14.053663,-14.658578,14.099426,-14.659951,14.099093
0,-14.655833,14.100083,-14.657205,14.099756,-14.589267,14.053663
0,-14.664073,14.098079,-14.665448,14.097736,-14.587831,14.043615
0,-14.668199,14.097041,-14.669575,14.096690,-14.611241,13.986767
0,-14.666823,14.097390,-14.668199,14.097041,-14.611241,13.986767
0,-14.672328,14.095981,-14.673706,14.095623,-14.611241,13.986767
0,-14.675084,14.095264,-14.676461,14.094903,-14.611241,13.986767
0,-14.681975,14.093437,-14.683354,14.093066,-14.611241,13.986767
0,-14.670952,14.096336,-14.672328,14.095981,-14.611241,13.986767
0,-14.669575,14.096690,-14.670952,14.096336,-14.611241,13.986767
0,-14.680597,14.093806,-14.681975,14.093437,-14.611241,13.986767
0,-14.679217,14.094173,-14.680597,14.093806,-14.611241,13.986767
0,-14.611241,13.986767,-14.684733,14.092695,-14.686112,14.092322
0,-14.611241,13.986767,-14.683354,14.093066,-14.684733,14.092695
0,-14.611241,13.986767,-14.691630,14.090814,-14.693009,14.090435
0,-14.611241,13.986767,-14.690251,14.091193,-14.691630,14.090814
0,-14.611241,13.986767,-14.688871,14.091570,-14.690251,14.091193
0,-14.611241,13.986767,-14.687491,14.091946,-14.688871,14.091570
0,-14.611241,13.986767,-14.686112,14.092322,-14.687491,14.091946
0,-14.638060,14.104023,-14.591286,14.069508,-14.592102,14.074338
0,-14.677840,14.094538,-14.679217,14.094173,-14.611241,13.986767
0,-14.583114,14.084758,-14.591999,14.095949,-14.584958,14.081651
0,-14.583114,14.084758,-14.583224,14.092054,-14.585182,14.093732
0,-14.583224,14.092054,-14.583114,14.084758,-14.581391,14.088822
0,-14.601213,13.994129,-14.586287,14.026894,-14.602115,13.993690
0,-14.584948,14.019206,-14.598565,13.995416,-14.584892,14.018100
0,-14.585286,14.022064,-14.585716,14.024913,-14.586287,14.026894
0,-14.586196,14.030673,-14.586912,14.034364,-14.586287,14.026894
0,-14.584892,14.018100,-14.598565,13.995416,-14.584827,14.016827
0,-14.584827,14.016827,-14.584785,14.015421,-14.584796,14.016213
0,-14.584785,14.015421,-14.584827,14.016827,-14.596329,13.996503
0,-14.584776,14.014735,-14.596329,13.996503,-14.584770,14.014335
0,-14.591843,13.998407,-14.584509,14.011140,-14.584747,14.012660
0,-14.584169,14.009720,-14.584309,14.004904,-14.583320,14.007919
0,-14.583320,14.007919,-14.584309,14.004904,-14.582887,14.006635
0,-14.590651,13.969847,-14.607521,13.985879,-14.591308,13.968335
0,-14.584747,14.012660,-14.594367,13.997314,-14.591843,13.998407
0,-14.596329,13.996503,-14.584766,14.014046,-14.584770,14.014335
0,-14.584766,14.014046,-14.595950,13.996664,-14.584765,14.013962
0,-14.584766,14.014046,-14.596329,13.996503,-14.595950,13.996664
0,-14.584765,14.013950,-14.584765,14.013962,-14.595950,13.996664
0,-14.587747,13.979055,-14.587054,13.981081,-14.607521,13.985879
0,-14.588190,14.000720,-14.586273,14.002659,-14.584509,14.011140
0,-14.586273,14.002659,-14.584169,14.009720,-14.584509,14.011140
0,-14.586737,14.039011,-14.587308,14.040811,-14.586912,14.034364
0,-14.606874,13.990109,-14.586912,14.034364,-14.607755,13.989436
0,-14.584309,14.004904,-14.584169,14.009720,-14.586273,14.002659
0,-14.588789,14.051682,-14.587882,14.046201,-14.588173,14.049375
0,-14.590418,14.062870,-14.590128,14.059143,-14.589901,14.061676
0,-14.590128,14.059143,-14.650352,14.101358,-14.651721,14.101045
0,-14.589267,14.053663,-14.587831,14.043615,-14.588789,14.051682
0,-14.691886,13.883629,-14.793623,14.064790,-14.794942,14.064549
0,-14.691886,13.883629,-14.792303,14.065035,-14.793623,14.064790
0,-14.691886,13.883629,-14.796260,14.064314,-14.797576,14.064083
0,-14.691886,13.883629,-14.794942,14.064549,-14.796260,14.064314
0,-14.691886,13.883629,-14.802822,14.063211,-14.804130,14.063005
0,-14.691886,13.883629,-14.801513,14.063421,-14.802822,14.063211
0,-14.691886,13.883629,-14.800203,14.063637,-14.801513,14.063421
0,-14.691886,13.883629,-14.798890,14.063857,-14.800203,14.063637
0,-14.691886,13.883629,-14.797576,14.064083,-14.798890,14.063857
0,-14.691886,13.883629,-14.805435,14.062805,-14.806739,14.062610
0,-14.691886,13.883629,-14.804130,14.063005,-14.805435,14.062805
0,-14.691886,13.883629,-14.808041,14.062421,-14.809341,14.062238
0,-14.691886,13.883629,-14.806739,14.062610,-14.808041,14.062421
0,-14.818387,14.061115,-14.819672,14.060979,-14.694294,13.879071
0,-14.691886,13.883629,-14.813230,14.061721,-14.814522,14.061561
0,-14.691886,13.883629,-14.811935,14.061888,-14.813230,14.061721
0,-14.691886,13.883629,-14.810639,14.062061,-14.811935,14.061888
0,-14.691886,13.883629,-14.809341,14.062238,-14.810639,14.062061
0,-14.801573,13.809467,-14.801518,13.809475,-14.927654,13.987017
0,-14.796128,13.810194,-14.793415,13.810442,-14.694294,13.879071
0,-14.823513,14.060608,-14.927654,13.987017,-14.796128,13.810194
0,-14.824789,14.060497,-14.826064,14.060393,-14.927654,13.987017
0,-14.823513,14.060608,-14.824789,14.060497,-14.927654,13.987017
0,-14.927173,13.988232,-14.827334,14.060299,-14.926704,13.989454
0,-14.723320,14.081969,-14.611241,13.986767,-14.721946,14.082353
0,-14.592212,13.966256,-14.607521,13.985879,-14.593394,13.962987
0,-14.593394,13.962987,-14.607521,13.985879,-14.610395,13.986035
0,-14.588947,13.976109,-14.587858,13.978732,-14.607521,13.985879
0,-14.602115,13.993690,-14.586912,14.034364,-14.606874,13.990109
0,-14.586287,14.026894,-14.586912,14.034364,-14.602115,13.993690
0,-14.585286,14.022064,-14.601213,13.994129,-14.598565,13.995416
0,-14.585286,14.022064,-14.586287,14.026894,-14.601213,13.994129
0,-14.584785,14.015421,-14.596329,13.996503,-14.584776,14.014735
0,-14.584765,14.013950,-14.595950,13.996664,-14.584747,14.012660
0,-14.588214,14.000695,-14.591843,13.998407,-14.589365,13.999458
0,-14.588214,14.000695,-14.588190,14.000720,-14.591843,13.998407
0,-14.589418,14.057207,-14.590128,14.059143,-14.589267,14.053663
0,-14.590418,14.062870,-14.646248,14.102280,-14.590128,14.059143
0,-14.589988,13.972378,-14.588947,13.976109,-14.607521,13.985879
0,-14.590651,13.969847,-14.589988,13.972378,-14.607521,13.985879
0,-14.710487,13.839849,-14.709466,13.842817,-14.712092,13.836581
0,-14.709189,13.843623,-14.709047,13.843936,-14.754022,13.812615
0,-14.709189,13.843623,-14.744072,13.813991,-14.709466,13.842817
0,-14.709466,13.842817,-14.744072,13.813991,-14.712092,13.836581
0,-14.723887,13.816236,-14.720114,13.817385,-14.718558,13.820837
0,-14.764255,13.811653,-14.759303,13.811974,-14.706852,13.848780
0,-14.754022,13.812615,-14.709047,13.843936,-14.706852,13.848780
0,-14.749881,13.812969,-14.709189,13.843623,-14.754022,13.812615
0,-14.706852,13.848780,-14.704208,13.854858,-14.764255,13.811653
0,-14.694294,13.879071,-14.819672,14.060979,-14.796128,13.810194
0,-14.699912,13.865123,-14.697259,13.871416,-14.784530,13.810879
0,-14.694294,13.879071,-14.793415,13.810442,-14.790612,13.810698
0,-14.704208,13.854858,-14.770619,13.811473,-14.764255,13.811653
0,-14.704208,13.854858,-14.700950,13.862030,-14.699912,13.865123
0,-14.863203,13.783037,-14.860409,13.782033,-14.813780,13.796240
0,-14.812412,13.797943,-14.809253,13.802961,-14.813780,13.796240
0,-14.860409,13.782033,-14.819907,13.788186,-14.817362,13.791361
0,-14.853245,13.778394,-14.849991,13.776921,-14.819907,13.788186
0,-14.823301,13.782938,-14.827872,13.779347,-14.825798,13.780681
0,-14.819907,13.788186,-14.849991,13.776921,-14.827872,13.779347
0,-14.823301,13.782938,-14.819907,13.788186,-14.827872,13.779347
0,-14.821274,13.784963,-14.819907,13.788186,-14.823301,13.782938
0,-14.809253,13.802961,-14.863203,13.783037,-14.813780,13.796240
0,-14.872053,13.787145,-14.809253,13.802961,-14.808076,13.804617
0,-14.866538,13.784382,-14.863203,13.783037,-14.809253,13.802961
0,-14.874316,13.788020,-14.806473,13.806413,-14.882788,13.790959
0,-14.927654,13.987017,-14.799287,13.809781,-14.796128,13.810194
0,-14.823513,14.060608,-14.796128,13.810194,-14.822235,14.060726
0,-14.927654,13.987017,-14.802282,13.809370,-14.801573,13.809467
0,-14.928404,13.985992,-14.804587,13.807839,-14.802282,13.809370
0,-14.927654,13.987017,-14.801485,13.809479,-14.799287,13.809781
0,-14.927654,13.987017,-14.801518,13.809475,-14.801485,13.809479
0,-14.770619,13.811473,-14.704208,13.854858,-14.699912,13.865123
0,-14.770619,13.811473,-14.699912,13.865123,-14.775665,13.811152
0,-14.699912,13.865123,-14.784530,13.810879,-14.775665,13.811152
0,-14.697259,13.871416,-14.694294,13.879071,-14.784530,13.810879
0,-14.694294,13.879071,-14.693209,13.881124,-14.817101,14.061257
0,-14.691886,13.883629,-14.814522,14.061561,-14.815813,14.061407
0,-14.691860,13.883640,-14.757469,14.072806,-14.691886,13.883629
0,-14.784530,13.810879,-14.694294,13.879071,-14.790612,13.810698
0,-14.752040,14.074193,-14.753399,14.073842,-14.678956,13.890528
0,-14.756114,14.073149,-14.678956,13.890528,-14.754757,14.073495
0,-14.678956,13.890528,-14.750680,14.074546,-14.752040,14.074193
0,-14.667251,13.897426,-14.747958,14.075258,-14.678956,13.890528
0,-14.732927,14.079307,-14.651628,13.907683,-14.611241,13.986767
0,-14.670887,13.893929,-14.678956,13.890528,-14.675040,13.891307
0,-14.654979,13.905107,-14.663145,13.900047,-14.658661,13.902393
0,-14.609042,13.933481,-14.605311,13.936609,-14.600538,13.943604
0,-14.591322,13.968303,-14.607521,13.985879,-14.592212,13.966256
0,-14.591308,13.968335,-14.607521,13.985879,-14.591322,13.968303
0,-14.604276,13.937450,-14.601342,13.941211,-14.600538,13.943604
0,-14.595855,13.956404,-14.598503,13.950005,-14.597180,13.952168
0,-14.610395,13.986035,-14.618579,13.928608,-14.598503,13.950005
0,-14.610395,13.986035,-14.594483,13.959949,-14.593394,13.962987
0,-14.611241,13.986767,-14.630854,13.921113,-14.622544,13.926310
0,-14.610400,13.986040,-14.618579,13.928608,-14.610395,13.986035
0,-14.622544,13.926310,-14.630854,13.921113,-14.625094,13.924240
0,-14.642233,13.913662,-14.648890,13.909293,-14.645160,13.911085
0,-14.630854,13.921113,-14.637938,13.916605,-14.633783,13.918812
0,-14.611241,13.986767,-14.648890,13.909293,-14.642233,13.913662
0,-14.611241,13.986767,-14.642233,13.913662,-14.641397,13.914234
0,-14.611241,13.986767,-14.637938,13.916605,-14.630854,13.921113
0,-14.611241,13.986767,-14.641397,13.914234,-14.637938,13.916605
0,-14.585828,13.984699,-14.607521,13.985879,-14.585837,13.984670
0,-14.586190,13.983606,-14.607521,13.985879,-14.586249,13.983428
0,-14.585837,13.984670,-14.607521,13.985879,-14.586190,13.983606
0,-14.586249,13.983428,-14.607521,13.985879,-14.587054,13.981081
