82,2,25,3,19,
0,-15.095264,12.789865,-15.111295,12.780213,-15.109876,12.779713
0,-15.080918,12.810493,-15.058627,12.817205,-15.114281,12.834071
0,-15.115745,13.043407,-15.117604,13.042729,-15.155935,12.995409
0,-15.126773,13.040979,-15.121227,13.042067,-15.122258,13.041932
0,-15.114281,12.834071,-15.113690,12.821438,-15.080918,12.810493
0,-15.124217,12.804018,-15.125481,12.802196,-15.125871,12.800952
0,-15.100216,12.776805,-15.098881,12.780326,-15.101552,12.777128
0,-14.996015,13.060376,-14.996847,13.060118,-14.995200,13.060424
0,-15.093211,13.048472,-15.137922,12.926695,-15.130312,12.918445
0,-15.115052,12.814260,-15.080918,12.810493,-15.114663,12.815983
0,-15.155935,12.995409,-15.144436,12.933882,-15.137922,12.926695
0,-15.115745,13.043407,-15.107055,13.045726,-15.113582,13.044196
0,-15.114951,12.867005,-15.114906,12.864768,-15.029465,12.841716
0,-15.113582,13.044196,-15.107055,13.045726,-15.112118,13.044729
0,-15.056161,13.056948,-15.062858,13.055354,-15.054919,13.057172
0,-15.053343,13.057456,-15.111671,12.897721,-15.052961,13.057525
0,-15.022947,13.059710,-15.013120,13.060133,-15.013938,13.060151
0,-14.938708,12.937815,-14.938708,12.937816,-15.111671,12.897721
0,-15.022947,13.059710,-15.049922,13.058181,-15.050725,13.058007
0,-15.008954,13.060221,-15.009104,13.060213,-15.000967,13.059956
0,-14.965454,13.050026,-14.951058,13.036626,-14.953742,13.040933
0,-14.980654,13.060468,-14.982527,13.060290,-14.980652,13.060462
0,-14.980654,13.060468,-14.980654,13.060468,-14.980652,13.060462
0,-14.978144,13.053138,-14.986097,13.059964,-14.991696,13.060019
0,-14.933503,12.958802,-14.932984,12.960568,-14.931477,12.969746
0,-14.920326,12.888744,-14.920230,12.889305,-14.920523,12.891250
0,-15.054269,12.820414,-15.114906,12.864768,-15.114281,12.834071
0,-14.919128,12.888662,-14.919147,12.888682,-14.920076,12.888811
0,-14.918364,12.887618,-14.918755,12.888257,-14.918336,12.887453
0,-15.126710,12.785283,-15.127694,12.789670,-15.128063,12.789371
0,-15.080918,12.810493,-15.115052,12.814260,-15.095264,12.789865
0,-15.116149,12.812194,-15.116171,12.812153,-15.095264,12.789865
0,-15.125670,12.793265,-15.119434,12.807776,-15.126102,12.797591
0,-15.095264,12.789865,-15.119434,12.807776,-15.114143,12.781232
0,-15.098881,12.780326,-15.107057,12.778756,-15.106892,12.778703
0,-15.030020,12.823520,-15.029465,12.841716,-15.034111,12.823358
0,-15.050529,12.822347,-15.049089,12.823086,-15.114906,12.864768
0,-15.095264,12.789865,-15.114143,12.781232,-15.112718,12.780720
0,-15.095264,12.789865,-15.111992,12.780461,-15.111295,12.780213
0,-15.049089,12.823086,-15.029465,12.841716,-15.114906,12.864768
0,-15.047676,12.823274,-15.029465,12.841716,-15.049089,12.823086
0,-15.116171,12.812153,-15.117391,12.809856,-15.095264,12.789865
0,-15.158929,12.990737,-15.161355,12.986707,-15.160821,12.961013
0,-15.103303,13.046473,-15.104565,13.046152,-15.137922,12.926695
0,-15.152491,12.942436,-15.158380,12.950842,-15.157234,12.947125
0,-15.152491,12.942436,-15.158684,12.954013,-15.158380,12.950842
0,-15.160821,12.961013,-15.158777,12.955892,-15.155935,12.995409
0,-15.155755,13.001310,-15.155684,13.001037,-15.156005,13.002919
0,-15.172870,13.023686,-15.174262,13.030091,-15.179343,13.027888
0,-15.169501,13.020961,-15.164778,13.029316,-15.171112,13.022395
0,-15.160821,12.961013,-15.159354,12.956994,-15.158777,12.955892
0,-15.103303,13.046473,-15.137922,12.926695,-15.096431,13.047924
0,-15.134417,13.038340,-15.137912,13.036759,-15.140438,13.035040
0,-15.158287,12.950172,-15.157878,12.948513,-15.157234,12.947125
0,-15.169501,13.020961,-15.166865,13.019383,-15.164778,13.029316
0,-15.155468,13.000207,-15.127923,13.040662,-15.131642,13.039419
0,-15.166865,13.019383,-15.159239,13.028067,-15.164778,13.029316
0,-15.170904,13.029925,-15.172578,13.030092,-15.172870,13.023686
0,-15.096431,13.047924,-15.099925,13.047330,-15.101775,13.046860
0,-15.107055,13.045726,-15.115745,13.043407,-15.155935,12.995409
0,-15.111671,12.897721,-15.111621,12.897545,-15.029465,12.841716
0,-15.057416,13.056721,-15.062858,13.055354,-15.056161,13.056948
0,-15.036878,13.060095,-15.040232,13.060229,-15.040737,13.060141
0,-15.054083,13.057323,-15.054919,13.057172,-15.062858,13.055354
0,-15.052957,13.057526,-15.111671,12.897721,-14.938626,12.940077
0,-15.131642,13.039419,-15.127923,13.040662,-15.128453,13.040516
0,-15.155935,12.995409,-15.118398,13.042439,-15.155791,12.996890
0,-15.119637,13.042276,-15.120402,13.042176,-15.155468,13.000207
0,-15.129571,13.040208,-15.129812,13.040142,-15.130085,13.040034
0,-15.129571,13.040208,-15.130085,13.040034,-15.130478,13.039879
0,-15.124760,13.041533,-15.125793,13.041249,-15.123484,13.041771
0,-14.934490,13.007690,-14.934090,13.000381,-14.934103,13.003401
0,-14.928580,12.981718,-14.928528,12.982753,-14.928776,12.980598
0,-14.992432,12.852766,-14.938708,12.937815,-15.111671,12.897721
0,-15.014908,13.060173,-15.017762,13.060119,-15.013938,13.060151
0,-14.965454,13.050026,-14.954827,13.042423,-14.957401,13.045958
0,-14.982527,13.060290,-14.983892,13.060516,-14.986097,13.059964
0,-14.999325,13.060381,-15.000967,13.059956,-14.997748,13.059838
0,-15.012248,13.060113,-14.933903,12.996281,-15.011625,13.060098
0,-15.009104,13.060213,-15.009378,13.060198,-15.000967,13.059956
0,-14.986097,13.059964,-14.987931,13.060615,-14.991696,13.060019
0,-15.041930,13.059934,-15.036878,13.060095,-15.041413,13.060024
0,-14.937531,12.944405,-14.937427,12.944721,-14.936392,12.948351
0,-15.036878,13.060095,-15.039733,13.060315,-15.040147,13.060243
0,-15.036878,13.060095,-15.037449,13.060325,-15.039011,13.060440
0,-14.995200,13.060424,-14.996847,13.060118,-14.994743,13.060371
0,-14.933903,12.996281,-15.012248,13.060113,-15.022947,13.059710
0,-14.938017,13.023274,-14.934921,13.012478,-14.935524,13.017699
0,-14.934052,13.002831,-14.934103,13.003401,-14.934063,13.002088
0,-14.941787,13.028489,-14.951058,13.036626,-14.934682,13.009822
0,-14.934090,13.000381,-14.934063,13.002088,-14.934103,13.003401
0,-14.934090,13.000381,-14.934490,13.007690,-14.951058,13.036626
0,-14.930190,12.989603,-14.932357,12.990815,-14.928660,12.986519
0,-14.931277,12.967008,-14.932984,12.960568,-14.931268,12.964311
0,-15.022947,13.059710,-15.025770,13.060198,-15.029446,13.060164
0,-14.931277,12.967008,-14.931321,12.967394,-14.932984,12.960568
0,-14.932357,12.990815,-14.932881,12.992368,-14.931477,12.969746
0,-14.929724,12.974773,-14.929710,12.975267,-14.931477,12.969746
0,-14.918755,12.888257,-14.920076,12.888811,-14.920326,12.888744
0,-14.920071,12.888813,-14.919147,12.888682,-14.919156,12.888693
0,-14.918755,12.888257,-14.919128,12.888662,-14.920076,12.888811
0,-14.917155,12.895731,-14.916233,12.896445,-14.915781,12.897919
0,-14.920523,12.891250,-14.919731,12.892244,-14.919771,12.904755
0,-14.916612,12.895714,-14.916589,12.895714,-14.916491,12.895885
0,-14.934380,12.934452,-14.934531,12.934593,-14.934819,12.934807
0,-14.935208,12.935094,-14.931858,12.929443,-14.934819,12.934807
0,-14.931322,12.963700,-14.931268,12.964311,-14.931322,12.963700
0,-14.918336,12.887453,-14.918755,12.888257,-14.918317,12.887057
0,-14.920091,12.889915,-14.919527,12.890395,-14.919884,12.890906
0,-14.942274,12.863397,-14.950105,12.866878,-14.943964,12.863411
0,-14.987254,12.854102,-14.977798,12.859422,-14.992432,12.852766
0,-14.920523,12.891250,-14.920473,12.891303,-14.919731,12.892244
0,-14.938708,12.937815,-14.992432,12.852766,-14.965845,12.868260
0,-15.111671,12.897721,-15.029465,12.841716,-14.992432,12.852766
0,-14.924652,12.874274,-14.950105,12.866878,-14.938423,12.863681
0,-14.920326,12.888744,-14.920523,12.891250,-14.954098,12.870186
0,-14.918811,12.883610,-14.920326,12.888744,-14.920280,12.880811
0,-14.923234,12.876505,-14.923002,12.877177,-14.924652,12.874274
0,-14.918811,12.883610,-14.919967,12.881120,-14.919486,12.881709
0,-15.125360,12.784933,-15.127032,12.790356,-15.127694,12.789670
0,-15.129396,12.787845,-15.130340,12.787024,-15.128679,12.785318
0,-15.126710,12.785283,-15.129396,12.787845,-15.128679,12.785318
0,-15.131442,12.785366,-15.131751,12.786300,-15.132992,12.785767
0,-15.131442,12.785366,-15.130060,12.785342,-15.130340,12.787024
0,-15.131442,12.785366,-15.130340,12.787024,-15.131751,12.786300
0,-15.130060,12.785342,-15.128679,12.785318,-15.130340,12.787024
0,-15.126710,12.785283,-15.128063,12.789371,-15.128590,12.788942
0,-15.129396,12.787845,-15.126710,12.785283,-15.128889,12.788535
0,-15.128590,12.788942,-15.128889,12.788535,-15.126710,12.785283
0,-15.125670,12.793265,-15.115567,12.781742,-15.119434,12.807776
0,-15.126102,12.797591,-15.126022,12.794854,-15.125670,12.793265
0,-15.125871,12.800952,-15.126102,12.797591,-15.122923,12.805136
0,-15.125871,12.800952,-15.122923,12.805136,-15.124217,12.804018
0,-15.127032,12.790356,-15.123994,12.784548,-15.126976,12.790470
0,-15.116989,12.782248,-15.115567,12.781742,-15.125670,12.793265
0,-15.126710,12.785283,-15.125360,12.784933,-15.127694,12.789670
0,-15.126976,12.790470,-15.126985,12.790460,-15.127032,12.790356
0,-15.125360,12.784933,-15.123994,12.784548,-15.127032,12.790356
0,-15.123994,12.784548,-15.122614,12.784133,-15.126976,12.790470
0,-15.122614,12.784133,-15.125670,12.793265,-15.126976,12.790470
0,-15.108462,12.779226,-15.107934,12.779050,-15.095264,12.789865
0,-15.109876,12.779713,-15.108462,12.779226,-15.095264,12.789865
0,-15.107934,12.779050,-15.098881,12.780326,-15.095264,12.789865
0,-15.107057,12.778756,-15.098881,12.780326,-15.107934,12.779050
0,-15.106509,12.778579,-15.098881,12.780326,-15.106892,12.778703
0,-15.102245,12.777312,-15.098881,12.780326,-15.102907,12.777488
0,-15.101552,12.777128,-15.098881,12.780326,-15.102245,12.777312
0,-15.102907,12.777488,-15.098881,12.780326,-15.104277,12.777882
0,-15.105661,12.778306,-15.098881,12.780326,-15.106509,12.778579
0,-15.104277,12.777882,-15.098881,12.780326,-15.105661,12.778306
0,-15.095264,12.789865,-15.117391,12.809856,-15.119434,12.807776
0,-15.115052,12.814260,-15.116149,12.812194,-15.095264,12.789865
0,-15.080918,12.810493,-15.071461,12.804784,-15.067341,12.807044
0,-15.067341,12.807044,-15.065979,12.808114,-15.080918,12.810493
0,-15.067341,12.807044,-15.070336,12.804105,-15.070335,12.804104
0,-15.067341,12.807044,-15.071461,12.804784,-15.070336,12.804105
0,-15.118407,12.782743,-15.125670,12.793265,-15.119219,12.783021
0,-15.118407,12.782743,-15.116989,12.782248,-15.125670,12.793265
0,-15.111992,12.780461,-15.095264,12.789865,-15.112718,12.780720
0,-15.119219,12.783021,-15.125670,12.793265,-15.119818,12.783226
0,-15.121221,12.783690,-15.125670,12.793265,-15.122614,12.784133
0,-15.119818,12.783226,-15.125670,12.793265,-15.121221,12.783690
0,-15.062712,12.813195,-15.080918,12.810493,-15.062794,12.813066
0,-15.113690,12.821438,-15.114663,12.815983,-15.080918,12.810493
0,-15.058627,12.817205,-15.080918,12.810493,-15.062712,12.813195
0,-15.080918,12.810493,-15.063258,12.812346,-15.062794,12.813066
0,-15.080918,12.810493,-15.065979,12.808114,-15.063258,12.812346
0,-15.054269,12.820414,-15.114281,12.834071,-15.058627,12.817205
0,-15.054269,12.820414,-15.051061,12.822073,-15.114906,12.864768
0,-15.051061,12.822073,-15.050529,12.822347,-15.114906,12.864768
0,-15.046849,12.823384,-15.029465,12.841716,-15.047676,12.823274
0,-15.045007,12.823624,-15.041194,12.824961,-15.046849,12.823384
0,-15.034111,12.823358,-15.029465,12.841716,-15.037652,12.824160
0,-15.029465,12.841716,-15.112767,12.889736,-15.114951,12.867005
0,-15.041194,12.824961,-15.029465,12.841716,-15.046849,12.823384
0,-14.997607,12.849558,-14.992432,12.852766,-15.029465,12.841716
0,-15.112037,12.894880,-15.029465,12.841716,-15.111621,12.897545
0,-15.037652,12.824160,-15.029465,12.841716,-15.041194,12.824961
0,-15.062858,13.055354,-15.064924,13.055209,-15.070080,13.054123
0,-15.112767,12.889736,-15.029465,12.841716,-15.112037,12.894880
0,-15.062858,13.055354,-15.111671,12.897721,-15.054083,13.057323
0,-15.115568,12.881719,-15.115564,12.874661,-15.112767,12.889736
0,-15.112767,12.889736,-15.115564,12.874661,-15.114951,12.867005
0,-15.154829,12.943099,-15.152491,12.942436,-15.155897,12.944490
0,-15.151049,12.941181,-15.149207,12.939148,-15.158625,12.955364
0,-15.149207,12.939148,-15.144436,12.933882,-15.155935,12.995409
0,-15.093211,13.048472,-15.094665,13.048224,-15.137922,12.926695
0,-15.062858,13.055354,-15.114445,12.900784,-15.111671,12.897721
0,-15.124795,12.912208,-15.114445,12.900784,-15.078242,13.051588
0,-15.126102,12.797591,-15.119434,12.807776,-15.122923,12.805136
0,-15.115567,12.781742,-15.114143,12.781232,-15.119434,12.807776
0,-15.119434,12.807776,-15.117391,12.809856,-15.118266,12.809123
0,-15.062858,13.055354,-15.070080,13.054123,-15.078242,13.051588
0,-15.137922,12.926695,-15.130390,12.918384,-15.130312,12.918445
0,-15.130390,12.918382,-15.125615,12.913115,-15.130311,12.918444
0,-15.152491,12.942436,-15.157234,12.947125,-15.156867,12.946201
0,-15.152491,12.942436,-15.156867,12.946201,-15.155897,12.944490
0,-15.158380,12.950842,-15.158287,12.950172,-15.157234,12.947125
0,-15.158684,12.954013,-15.158717,12.953269,-15.158380,12.950842
0,-15.161355,12.986707,-15.162342,12.964155,-15.160821,12.961013
0,-15.158625,12.955364,-15.149207,12.939148,-15.158777,12.955892
0,-15.152491,12.942436,-15.158625,12.955364,-15.158684,12.954013
0,-15.152491,12.942436,-15.151049,12.941181,-15.158625,12.955364
0,-15.162737,12.984048,-15.164115,12.981941,-15.165022,12.979876
0,-15.162342,12.964155,-15.162737,12.984048,-15.165022,12.979876
0,-15.163538,12.965484,-15.166830,12.971374,-15.165640,12.967819
0,-15.163538,12.965484,-15.166842,12.975473,-15.166830,12.971374
0,-15.163538,12.965484,-15.162342,12.964155,-15.165022,12.979876
0,-15.166830,12.971374,-15.166058,12.968467,-15.165640,12.967819
0,-15.163538,12.965484,-15.165022,12.979876,-15.166842,12.975473
0,-15.161355,12.986707,-15.162737,12.984048,-15.162342,12.964155
0,-15.160821,12.961013,-15.155935,12.995409,-15.158929,12.990737
0,-15.158777,12.955892,-15.149207,12.939148,-15.155935,12.995409
0,-15.118398,13.042439,-15.155600,12.998853,-15.155791,12.996890
0,-15.118398,13.042439,-15.155468,13.000207,-15.155600,12.998853
0,-15.118398,13.042439,-15.119637,13.042276,-15.155468,13.000207
0,-15.155684,13.001037,-15.155468,13.000207,-15.156005,13.002919
0,-15.143102,13.032543,-15.156559,13.006555,-15.156199,13.004348
0,-15.155468,13.000207,-15.143102,13.032543,-15.156005,13.002919
0,-15.159541,13.014651,-15.154065,13.027789,-15.159239,13.028067
0,-15.157196,13.009915,-15.154065,13.027789,-15.159541,13.014651
0,-15.143102,13.032543,-15.156666,13.007119,-15.156559,13.006555
0,-15.164778,13.029316,-15.170904,13.029925,-15.171112,13.022395
0,-15.172578,13.030092,-15.174262,13.030091,-15.172870,13.023686
0,-15.159541,13.014651,-15.159239,13.028067,-15.166865,13.019383
0,-15.171112,13.022395,-15.170904,13.029925,-15.171174,13.022440
0,-15.171609,13.022760,-15.170904,13.029925,-15.172870,13.023686
0,-15.171174,13.022440,-15.170904,13.029925,-15.171609,13.022760
0,-15.157196,13.009915,-15.145915,13.031655,-15.154065,13.027789
0,-15.157196,13.009915,-15.156666,13.007119,-15.143102,13.032543
0,-15.143102,13.032543,-15.156199,13.004348,-15.156005,13.002919
0,-15.140438,13.035040,-15.143102,13.032543,-15.134417,13.038340
0,-15.145915,13.031655,-15.157196,13.009915,-15.143102,13.032543
0,-15.137912,13.036759,-15.134417,13.038340,-15.135431,13.037972
0,-15.143102,13.032543,-15.133882,13.038534,-15.134417,13.038340
0,-15.126773,13.040979,-15.155468,13.000207,-15.121227,13.042067
0,-15.133882,13.038534,-15.143102,13.032543,-15.133824,13.038557
0,-15.131642,13.039419,-15.143102,13.032543,-15.155468,13.000207
0,-15.133824,13.038557,-15.143102,13.032543,-15.132985,13.038888
0,-15.132985,13.038888,-15.143102,13.032543,-15.131642,13.039419
0,-15.125793,13.041249,-15.122258,13.041932,-15.123484,13.041771
0,-15.124273,13.041667,-15.124760,13.041533,-15.123484,13.041771
0,-15.126773,13.040979,-15.122258,13.041932,-15.126513,13.041051
0,-15.120402,13.042176,-15.121227,13.042067,-15.155468,13.000207
0,-15.126513,13.041051,-15.122258,13.041932,-15.125793,13.041249
0,-15.128867,13.040402,-15.130478,13.039879,-15.130605,13.039828
0,-15.127923,13.040662,-15.155468,13.000207,-15.126773,13.040979
0,-15.130605,13.039828,-15.131642,13.039419,-15.128453,13.040516
0,-15.129571,13.040208,-15.130478,13.039879,-15.128867,13.040402
0,-15.128867,13.040402,-15.130605,13.039828,-15.128453,13.040516
0,-14.937994,12.943000,-15.052553,13.057613,-15.052957,13.057526
0,-15.050725,13.058007,-15.051630,13.057812,-15.022947,13.059710
0,-15.049922,13.058181,-15.032170,13.060139,-15.033228,13.060129
0,-15.041930,13.059934,-15.048590,13.058468,-15.036878,13.060095
0,-15.048853,13.058411,-15.049922,13.058181,-15.033228,13.060129
0,-15.044135,13.059916,-15.048590,13.058468,-15.041930,13.059934
0,-15.041413,13.060024,-15.036878,13.060095,-15.040737,13.060141
0,-15.040232,13.060229,-15.036878,13.060095,-15.040147,13.060243
0,-15.039733,13.060315,-15.036878,13.060095,-15.039298,13.060391
0,-15.036878,13.060095,-15.039011,13.060440,-15.039298,13.060391
0,-15.037449,13.060325,-15.038449,13.060538,-15.039011,13.060440
0,-15.033228,13.060129,-15.048590,13.058468,-15.048853,13.058411
0,-15.037449,13.060325,-15.038121,13.060595,-15.038449,13.060538
0,-15.029446,13.060164,-15.032074,13.060140,-15.022947,13.059710
0,-15.032170,13.060139,-15.049922,13.058181,-15.022947,13.059710
0,-15.032074,13.060140,-15.032170,13.060139,-15.022947,13.059710
0,-15.034084,13.060121,-15.048590,13.058468,-15.033228,13.060129
0,-15.035907,13.060104,-15.048590,13.058468,-15.034853,13.060114
0,-15.034853,13.060114,-15.048590,13.058468,-15.034084,13.060121
0,-15.036878,13.060095,-15.048590,13.058468,-15.036292,13.060101
0,-15.036292,13.060101,-15.048590,13.058468,-15.035907,13.060104
0,-14.931477,12.969746,-14.932881,12.992368,-14.933503,12.958802
0,-15.052957,13.057526,-14.938471,12.940792,-14.937994,12.943000
0,-15.052961,13.057525,-15.111671,12.897721,-15.052957,13.057526
0,-15.078242,13.051588,-15.070080,13.054123,-15.075624,13.053126
0,-15.060276,13.056286,-15.062858,13.055354,-15.057416,13.056721
0,-15.054083,13.057323,-15.111671,12.897721,-15.053343,13.057456
0,-15.124795,12.912208,-15.078242,13.051588,-15.083454,13.050274
0,-15.070080,13.054123,-15.064924,13.055209,-15.067452,13.055055
0,-15.125615,12.913115,-15.124795,12.912208,-15.083454,13.050274
0,-15.083454,13.050274,-15.078242,13.051588,-15.080917,13.051208
0,-15.114445,12.900784,-15.062858,13.055354,-15.078242,13.051588
0,-15.101775,13.046860,-15.103303,13.046473,-15.096431,13.047924
0,-15.104565,13.046152,-15.155935,12.995409,-15.137922,12.926695
0,-15.155935,12.995409,-15.117604,13.042729,-15.118398,13.042439
0,-15.107055,13.045726,-15.155935,12.995409,-15.104565,13.046152
0,-15.094665,13.048224,-15.096431,13.047924,-15.137922,12.926695
0,-15.130311,12.918444,-15.083454,13.050274,-15.086266,13.049749
0,-15.086266,13.049749,-15.093211,13.048472,-15.130312,12.918445
0,-15.125615,12.913115,-15.083454,13.050274,-15.130311,12.918444
0,-15.093211,13.048472,-15.086266,13.049749,-15.090159,13.049359
0,-15.130311,12.918444,-15.086266,13.049749,-15.130312,12.918445
0,-14.963353,12.870102,-14.938708,12.937815,-14.965845,12.868260
0,-14.946666,13.036146,-14.951058,13.036626,-14.944470,13.034710
0,-14.944470,13.034710,-14.951058,13.036626,-14.941787,13.028489
0,-15.051630,13.057812,-15.052553,13.057613,-14.937994,12.943000
0,-15.111671,12.897721,-14.938708,12.937816,-14.938700,12.938039
0,-15.052957,13.057526,-14.938626,12.940077,-14.938471,12.940792
0,-15.111671,12.897721,-14.938700,12.938039,-14.938626,12.940077
0,-15.051630,13.057812,-14.937994,12.943000,-15.022947,13.059710
0,-14.930364,12.922905,-14.930854,12.927022,-14.931858,12.929443
0,-14.931858,12.929443,-14.937927,12.936770,-14.937928,12.936770
0,-14.941787,13.028489,-14.934921,13.012478,-14.938017,13.023274
0,-14.937994,12.943000,-14.937531,12.944405,-14.936392,12.948351
0,-14.978144,13.053138,-14.933903,12.996281,-14.951058,13.036626
0,-14.948618,13.036864,-14.951058,13.036626,-14.946666,13.036146
0,-14.978527,13.054257,-14.986097,13.059964,-14.978144,13.053138
0,-14.982527,13.060290,-14.986097,13.059964,-14.978527,13.054257
0,-14.965454,13.050026,-14.978144,13.053138,-14.951058,13.036626
0,-14.954827,13.042423,-14.965454,13.050026,-14.953742,13.040933
0,-14.997748,13.059838,-15.000967,13.059956,-14.978144,13.053138
0,-14.960573,13.048829,-14.965454,13.050026,-14.957401,13.045958
0,-14.980652,13.060462,-14.982527,13.060290,-14.978527,13.054257
0,-15.013938,13.060151,-15.017762,13.060119,-15.022947,13.059710
0,-14.991696,13.060019,-14.997748,13.059838,-14.978144,13.053138
0,-14.991696,13.060019,-14.992844,13.060152,-14.997748,13.059838
0,-15.022947,13.059710,-15.019342,13.060046,-15.020318,13.060000
0,-14.933903,12.996281,-15.022947,13.059710,-14.933503,12.958802
0,-14.978144,13.053138,-15.000967,13.059956,-15.010141,13.060155
0,-15.022947,13.059710,-15.017762,13.060119,-15.019342,13.060046
0,-15.022947,13.059710,-15.012248,13.060113,-15.013120,13.060133
0,-15.011297,13.060091,-14.978144,13.053138,-15.010141,13.060155
0,-15.014908,13.060173,-15.016767,13.060166,-15.017762,13.060119
0,-15.014908,13.060173,-15.016048,13.060199,-15.016767,13.060166
0,-15.009611,13.060185,-15.000967,13.059956,-15.009378,13.060198
0,-15.010141,13.060155,-15.000967,13.059956,-15.009826,13.060173
0,-15.009826,13.060173,-15.000967,13.059956,-15.009611,13.060185
0,-14.996015,13.060376,-14.995200,13.060424,-14.995682,13.060480
0,-14.996847,13.060118,-14.997748,13.059838,-14.994743,13.060371
0,-15.006741,13.060344,-15.008461,13.060249,-15.000967,13.059956
0,-15.004868,13.060860,-15.006741,13.060344,-15.000967,13.059956
0,-15.008461,13.060249,-15.008954,13.060221,-15.000967,13.059956
0,-14.997748,13.059838,-14.992844,13.060152,-14.994743,13.060371
0,-14.929699,12.975738,-14.931477,12.969746,-14.929710,12.975267
0,-15.011297,13.060091,-15.011625,13.060098,-14.933903,12.996281
0,-15.011297,13.060091,-14.933903,12.996281,-14.978144,13.053138
0,-14.933606,12.999340,-14.934090,13.000381,-14.933903,12.996281
0,-14.934682,13.009822,-14.951058,13.036626,-14.934490,13.007690
0,-14.938017,13.023274,-14.935524,13.017699,-14.936085,13.020602
0,-14.928604,12.988134,-14.929644,12.989098,-14.928660,12.986519
0,-14.934921,13.012478,-14.941787,13.028489,-14.934682,13.009822
0,-14.933903,12.996281,-14.934090,13.000381,-14.951058,13.036626
0,-14.933903,12.996281,-14.933450,12.999002,-14.933606,12.999340
0,-14.930190,12.989603,-14.928660,12.986519,-14.929644,12.989098
0,-14.928660,12.986519,-14.932357,12.990815,-14.928581,12.986063
0,-14.928581,12.986063,-14.932357,12.990815,-14.928469,12.984720
0,-14.928581,12.986063,-14.928469,12.984720,-14.928489,12.985506
0,-14.932357,12.990815,-14.928455,12.984169,-14.928469,12.984720
0,-14.932357,12.990815,-14.928528,12.982753,-14.928455,12.984169
0,-14.932357,12.990815,-14.928776,12.980598,-14.928528,12.982753
0,-14.929156,12.978428,-14.929699,12.975738,-14.929144,12.977951
0,-14.932357,12.990815,-14.931477,12.969746,-14.929699,12.975738
0,-14.932357,12.990815,-14.929156,12.978428,-14.928776,12.980598
0,-14.932357,12.990815,-14.929699,12.975738,-14.929156,12.978428
0,-14.929699,12.975738,-14.929136,12.977644,-14.929144,12.977951
0,-14.931138,12.965781,-14.931277,12.967008,-14.931268,12.964311
0,-14.931268,12.964311,-14.932984,12.960568,-14.931322,12.963700
0,-14.933903,12.996281,-14.933503,12.958802,-14.932881,12.992368
0,-14.932984,12.960568,-14.931321,12.967394,-14.931477,12.969746
0,-14.937994,12.943000,-14.936392,12.948351,-15.022947,13.059710
0,-14.933654,12.957609,-14.935784,12.950438,-14.934665,12.953168
0,-14.935784,12.950438,-14.934763,12.952864,-14.934665,12.953168
0,-14.935784,12.950438,-14.933503,12.958802,-15.022947,13.059710
0,-14.933654,12.957609,-14.934665,12.953168,-14.933740,12.956951
0,-14.934665,12.953168,-14.934284,12.954310,-14.933740,12.956951
0,-15.022947,13.059710,-14.936392,12.948351,-14.935964,12.949817
0,-14.937427,12.944721,-14.936613,12.947392,-14.936392,12.948351
0,-14.931858,12.929443,-14.937258,12.936408,-14.937927,12.936770
0,-14.937427,12.944721,-14.936857,12.946351,-14.936613,12.947392
0,-14.935772,12.935516,-14.936211,12.935843,-14.937258,12.936408
0,-14.937258,12.936408,-14.931858,12.929443,-14.935772,12.935516
0,-14.935772,12.935516,-14.931858,12.929443,-14.935208,12.935094
0,-15.022947,13.059710,-14.935964,12.949817,-14.935784,12.950438
0,-14.933654,12.957609,-14.933503,12.958802,-14.935784,12.950438
0,-14.934665,12.953168,-14.934763,12.952864,-14.934710,12.953023
0,-14.932520,12.931880,-14.934380,12.934452,-14.934819,12.934807
0,-14.934380,12.934452,-14.932520,12.931880,-14.933712,12.933828
0,-14.920473,12.891303,-14.920090,12.891704,-14.919863,12.892025
0,-14.917948,12.894893,-14.919771,12.904755,-14.919731,12.892244
0,-14.916233,12.896445,-14.916039,12.896707,-14.915781,12.897919
0,-14.915781,12.897919,-14.913976,12.898298,-14.915472,12.901895
0,-14.917155,12.895731,-14.916338,12.896218,-14.916233,12.896445
0,-14.917155,12.895731,-14.916491,12.895885,-14.916338,12.896218
0,-14.917948,12.894893,-14.917748,12.894851,-14.917155,12.895731
0,-14.915472,12.901895,-14.915944,12.903031,-14.919771,12.904755
0,-14.915781,12.897919,-14.915472,12.901895,-14.919771,12.904755
0,-14.917155,12.895731,-14.916612,12.895714,-14.916491,12.895885
0,-14.920473,12.891303,-14.919863,12.892025,-14.919731,12.892244
0,-14.917155,12.895731,-14.919771,12.904755,-14.917948,12.894893
0,-14.919731,12.892244,-14.919059,12.892152,-14.918254,12.893731
0,-14.915781,12.897919,-14.919771,12.904755,-14.917155,12.895731
0,-14.919731,12.892244,-14.918254,12.893731,-14.917948,12.894893
0,-14.917155,12.895731,-14.917748,12.894851,-14.917671,12.894836
0,-14.927328,12.917970,-14.920910,12.908934,-14.926797,12.917542
0,-14.920910,12.908934,-14.925550,12.916535,-14.926797,12.917542
0,-14.915944,12.903031,-14.918919,12.904940,-14.919771,12.904755
0,-14.915944,12.903031,-14.918580,12.905031,-14.918919,12.904940
0,-14.919771,12.904755,-14.920099,12.905959,-14.920523,12.891250
0,-14.922268,12.913921,-14.925550,12.916535,-14.921948,12.912747
0,-14.932239,12.931419,-14.932240,12.931421,-14.932160,12.931009
0,-14.963353,12.870102,-14.937928,12.936770,-14.938708,12.937815
0,-14.956195,12.870141,-14.927328,12.917970,-14.930364,12.922905
0,-14.920523,12.891250,-14.920099,12.905959,-14.927328,12.917970
0,-14.931858,12.929443,-14.932520,12.931880,-14.934819,12.934807
0,-14.932520,12.931880,-14.932160,12.931009,-14.932240,12.931421
0,-14.930364,12.922905,-14.931858,12.929443,-14.937928,12.936770
0,-14.932160,12.931009,-14.932520,12.931880,-14.931858,12.929443
0,-14.963353,12.870102,-14.930364,12.922905,-14.937928,12.936770
0,-14.921492,12.911071,-14.925550,12.916535,-14.921317,12.910428
0,-14.921948,12.912747,-14.925550,12.916535,-14.921492,12.911071
0,-14.921317,12.910428,-14.925550,12.916535,-14.921083,12.909569
0,-14.921083,12.909569,-14.925550,12.916535,-14.920910,12.908934
0,-14.954098,12.870186,-14.920523,12.891250,-14.927328,12.917970
0,-14.954098,12.870186,-14.954098,12.870186,-14.922944,12.877346
0,-14.920230,12.889305,-14.920214,12.889375,-14.920523,12.891250
0,-14.920523,12.891250,-14.920214,12.889375,-14.920091,12.889915
0,-14.920910,12.908934,-14.927328,12.917970,-14.920099,12.905959
0,-14.920090,12.891704,-14.919998,12.891801,-14.919863,12.892025
0,-14.920523,12.891250,-14.920091,12.889915,-14.920220,12.891132
0,-14.920091,12.889915,-14.919884,12.890906,-14.920220,12.891132
0,-14.919527,12.890395,-14.919417,12.890639,-14.919884,12.890906
0,-14.923002,12.877177,-14.922944,12.877346,-14.924652,12.874274
0,-14.931993,12.864157,-14.931035,12.864228,-14.924652,12.874274
0,-14.936843,12.863798,-14.933853,12.864019,-14.924652,12.874274
0,-14.945940,12.863426,-14.943964,12.863411,-14.950105,12.866878
0,-14.933853,12.864019,-14.931993,12.864157,-14.924652,12.874274
0,-14.950105,12.866878,-14.924652,12.874274,-14.954098,12.870186
0,-14.956195,12.870141,-14.954190,12.870184,-14.927328,12.917970
0,-14.954098,12.870186,-14.927328,12.917970,-14.954190,12.870184
0,-14.954098,12.870186,-14.924652,12.874274,-14.922944,12.877346
0,-14.961891,12.870024,-14.930364,12.922905,-14.963353,12.870102
0,-14.956195,12.870141,-14.930364,12.922905,-14.961891,12.870024
0,-14.977798,12.859422,-14.965845,12.868260,-14.992432,12.852766
0,-15.002511,12.844478,-14.997607,12.849558,-15.029465,12.841716
0,-15.006870,12.840469,-15.029465,12.841716,-15.008285,12.838802
0,-15.005235,12.842607,-15.029465,12.841716,-15.006870,12.840469
0,-15.002511,12.844478,-15.029465,12.841716,-15.005235,12.842607
0,-14.977718,12.854636,-14.977798,12.859422,-14.987254,12.854102
0,-14.974293,12.854521,-14.974291,12.854521,-14.977798,12.859422
0,-14.974293,12.854521,-14.977798,12.859422,-14.977718,12.854636
0,-14.924652,12.874274,-14.938423,12.863681,-14.936843,12.863798
0,-14.938423,12.863681,-14.950105,12.866878,-14.942274,12.863397
0,-14.921400,12.879756,-14.922944,12.877346,-14.922069,12.878512
0,-14.920326,12.888744,-14.954098,12.870186,-14.922944,12.877346
0,-14.919486,12.881709,-14.919967,12.881120,-14.919463,12.881612
0,-14.920326,12.888744,-14.921400,12.879756,-14.920280,12.880811
0,-14.920326,12.888744,-14.922944,12.877346,-14.921400,12.879756
0,-14.918811,12.883610,-14.920280,12.880811,-14.919967,12.881120
0,-14.920071,12.888813,-14.920076,12.888811,-14.919147,12.888682
0,-14.920326,12.888744,-14.918317,12.887057,-14.918755,12.888257
0,-14.920326,12.888744,-14.920252,12.889010,-14.920246,12.889089
0,-14.920326,12.888744,-14.920246,12.889089,-14.920230,12.889305
0,-14.918811,12.883610,-14.918370,12.884983,-14.920326,12.888744
0,-14.918392,12.887781,-14.918755,12.888257,-14.918364,12.887618
0,-14.918423,12.887931,-14.918426,12.887946,-14.918755,12.888257
0,-14.919555,12.889118,-14.920071,12.888813,-14.919156,12.888693
0,-14.918423,12.887931,-14.918755,12.888257,-14.918392,12.887781
0,-14.918336,12.887453,-14.918317,12.887057,-14.918300,12.887247
0,-14.920326,12.888744,-14.918355,12.886641,-14.918317,12.887057
0,-14.920326,12.888744,-14.918370,12.884983,-14.918361,12.885954
0,-14.919215,12.882048,-14.918811,12.883610,-14.919486,12.881709
0,-14.918974,12.882360,-14.918491,12.883005,-14.918811,12.883610
0,-14.918355,12.886641,-14.920326,12.888744,-14.918361,12.885954
0,-14.919101,12.882195,-14.918811,12.883610,-14.919215,12.882048
0,-14.918974,12.882360,-14.918811,12.883610,-14.919101,12.882195
