81,2,28,99,45,
0,-14.052574,12.829760,-14.056704,12.833603,-14.059879,12.831939
0,-14.284580,12.768207,-14.295224,12.766601,-14.294828,12.760126
0,-14.295073,12.718105,-14.300945,12.718487,-14.302770,12.715084
0,-14.239392,12.801313,-14.201362,12.808510,-14.238584,12.801953
0,-14.232151,12.675185,-14.293804,12.718139,-14.303919,12.713293
0,-13.646178,12.696383,-13.650133,12.698935,-13.652982,12.674761
0,-14.144684,12.802093,-14.150728,12.803914,-14.167218,12.677325
0,-14.034739,12.839743,-14.039626,12.836651,-14.042809,12.833074
0,-13.724579,12.798004,-13.727241,12.799060,-13.721848,12.794917
0,-14.174493,12.677578,-14.150728,12.803914,-14.175645,12.808106
0,-13.764989,12.819723,-13.753527,12.812210,-13.762979,12.819372
0,-13.663808,12.727221,-13.662821,12.724123,-13.662943,12.725363
0,-14.067453,12.827660,-14.070875,12.825280,-14.062819,12.827646
0,-13.791998,12.836015,-13.879423,12.674296,-13.791619,12.835416
0,-14.333349,12.700267,-14.335136,12.700193,-14.335550,12.692616
0,-14.329212,12.683772,-14.325965,12.705004,-14.332226,12.687315
0,-14.114067,12.813708,-14.107888,12.675824,-14.089320,12.675608
0,-14.315834,12.711239,-14.322890,12.706638,-14.314007,12.710665
0,-14.270178,12.790161,-14.270089,12.777446,-14.257679,12.793547
0,-14.174493,12.677578,-14.175645,12.808106,-14.179365,12.677748
0,-14.123088,12.814212,-14.123300,12.814504,-14.144027,12.805925
0,-14.323020,12.707611,-14.322529,12.713615,-14.324091,12.708546
0,-14.287982,12.746326,-14.287998,12.744986,-14.284397,12.735103
0,-14.217345,12.678824,-14.216759,12.678815,-14.268685,12.772671
0,-14.234027,12.805699,-14.238193,12.803290,-14.238584,12.801953
0,-14.178611,12.811788,-14.179169,12.812256,-14.180631,12.811948
0,-14.212893,12.815610,-14.202292,12.809398,-14.205061,12.813865
0,-14.234980,12.828595,-14.236110,12.828468,-14.236542,12.827733
0,-14.113737,12.815291,-14.113567,12.816097,-14.113568,12.816097
0,-14.218979,12.833749,-14.214976,12.838193,-14.219578,12.834727
0,-14.241045,12.800683,-14.245628,12.798833,-14.248752,12.797015
0,-14.184043,12.813786,-14.182233,12.815662,-14.184134,12.817948
0,-14.170239,12.811932,-14.169965,12.811282,-14.161768,12.816467
0,-14.145668,12.802472,-14.150728,12.803914,-14.144684,12.802093
0,-14.154880,12.806733,-14.159974,12.813212,-14.170351,12.810454
0,-13.965210,12.870975,-13.966107,12.870102,-13.899188,12.891405
0,-14.010880,12.675049,-13.998839,12.674347,-14.015710,12.843021
0,-13.960476,12.875582,-13.965210,12.870975,-13.899188,12.891405
0,-14.080150,12.822203,-14.087473,12.819597,-14.059701,12.675263
0,-13.955018,12.898526,-13.956031,12.889200,-13.932749,12.903799
0,-13.907154,12.893833,-13.909313,12.895030,-13.915688,12.896219
0,-13.834148,12.896935,-13.826024,12.891963,-13.826128,12.892100
0,-13.801495,12.856093,-13.801285,12.857566,-13.804635,12.860438
0,-13.808550,12.862572,-13.864115,12.897872,-13.887830,12.895379
0,-13.899188,12.891405,-13.899189,12.891405,-13.960476,12.875582
0,-13.795276,12.847449,-13.792004,12.838646,-13.794047,12.846847
0,-13.993490,12.851549,-13.982015,12.855333,-13.988844,12.854881
0,-14.132713,12.827515,-14.134691,12.827324,-14.135788,12.826135
0,-14.051831,12.832628,-14.056704,12.833603,-14.052219,12.831131
0,-13.773190,12.825159,-13.774239,12.826131,-13.771157,12.822681
0,-14.313209,12.710659,-14.314007,12.710665,-14.322890,12.706638
0,-14.324091,12.708546,-14.324955,12.711096,-14.324739,12.709384
0,-14.326465,12.681086,-14.313209,12.710659,-14.323748,12.705676
0,-14.315834,12.711239,-14.317979,12.712785,-14.323020,12.707611
0,-14.322529,12.713615,-14.323020,12.707611,-14.320411,12.713872
0,-14.189849,12.678113,-14.201362,12.808510,-14.205204,12.678646
0,-14.232151,12.675185,-14.303919,12.713293,-14.326101,12.676492
0,-14.308107,12.721147,-14.312804,12.721471,-14.308482,12.717082
0,-14.269878,12.771204,-14.225357,12.678941,-14.268685,12.772671
0,-14.313357,12.714127,-14.308268,12.715139,-14.313712,12.715933
0,-14.300902,12.751077,-14.299687,12.750511,-14.299632,12.755227
0,-14.323748,12.705676,-14.313209,12.710659,-14.322890,12.706638
0,-14.295073,12.718105,-14.297035,12.719234,-14.300945,12.718487
0,-14.287641,12.739204,-14.286484,12.737575,-14.288127,12.741937
0,-14.232151,12.675185,-14.292765,12.718591,-14.293804,12.718139
0,-14.216759,12.678815,-14.205204,12.678646,-14.239392,12.801313
0,-13.667981,12.730704,-13.662256,12.720929,-13.662821,12.724123
0,-14.288442,12.726729,-14.292221,12.720943,-14.292143,12.719555
0,-14.287998,12.744986,-14.288127,12.741937,-14.286484,12.737575
0,-14.288193,12.740227,-14.287641,12.739204,-14.288127,12.741937
0,-14.292143,12.719555,-14.232151,12.675185,-14.229042,12.678995
0,-14.270178,12.790161,-14.257679,12.793547,-14.266133,12.794326
0,-14.255370,12.793985,-14.248752,12.797015,-14.251479,12.797044
0,-14.150728,12.803914,-14.152271,12.804717,-14.175645,12.808106
0,-14.232608,12.806378,-14.233134,12.805689,-14.201362,12.808510
0,-14.272755,12.786811,-14.272677,12.785376,-14.272371,12.787547
0,-14.271716,12.779034,-14.270089,12.777446,-14.272515,12.783110
0,-14.269735,12.775501,-14.268577,12.773871,-14.269720,12.776840
0,-14.273419,12.769898,-14.274461,12.769215,-14.269878,12.771204
0,-14.277440,12.767720,-14.287982,12.746326,-14.276731,12.768128
0,-14.324955,12.711096,-14.322529,12.713615,-14.323945,12.713166
0,-14.299687,12.750511,-14.298466,12.750406,-14.299632,12.755227
0,-14.287982,12.746326,-14.284397,12.735103,-14.274461,12.769215
0,-14.274461,12.769215,-14.284397,12.735103,-14.269878,12.771204
0,-14.240649,12.810390,-14.241508,12.809335,-14.241336,12.807993
0,-14.234684,12.809867,-14.237978,12.813599,-14.238325,12.812030
0,-14.184134,12.817948,-14.185872,12.818012,-14.184043,12.813786
0,-14.213782,12.819919,-14.213761,12.821676,-14.221514,12.830215
0,-14.232841,12.810588,-14.231995,12.810579,-14.237437,12.815581
0,-14.207665,12.816296,-14.212085,12.816342,-14.212893,12.815610
0,-14.207665,12.816296,-14.212893,12.815610,-14.205061,12.813865
0,-14.232608,12.806378,-14.202292,12.809398,-14.212893,12.815610
0,-14.222073,12.830683,-14.225577,12.832522,-14.229036,12.830179
0,-14.224581,12.833206,-14.225577,12.832522,-14.223177,12.832729
0,-14.233524,12.828442,-14.237366,12.825567,-14.237045,12.820848
0,-14.220800,12.834832,-14.219087,12.840593,-14.224740,12.839726
0,-14.219782,12.841525,-14.220667,12.842273,-14.221372,12.842281
0,-14.224740,12.839726,-14.219087,12.840593,-14.222979,12.841511
0,-14.219087,12.840593,-14.219782,12.841525,-14.222979,12.841511
0,-14.219578,12.834727,-14.218387,12.840170,-14.220800,12.834832
0,-14.218387,12.840170,-14.219087,12.840593,-14.220800,12.834832
0,-14.219578,12.834727,-14.216140,12.839269,-14.217357,12.839744
0,-14.047946,12.834001,-14.045733,12.834161,-14.047187,12.835720
0,-14.042809,12.833074,-14.050139,12.829034,-14.050141,12.829033
0,-14.044277,12.832599,-14.044366,12.832694,-14.048378,12.833024
0,-13.955735,12.901878,-13.955243,12.899582,-13.954018,12.904263
0,-14.032051,12.841408,-14.026439,12.842583,-14.030327,12.845707
0,-14.050141,12.829033,-14.010880,12.675049,-14.042809,12.833074
0,-14.044366,12.832694,-14.045733,12.834161,-14.048378,12.833024
0,-14.020589,12.842083,-14.034739,12.839743,-14.042809,12.833074
0,-14.143113,12.819104,-14.144443,12.818088,-14.144647,12.816841
0,-14.070749,12.675393,-14.087473,12.819597,-14.086849,12.675580
0,-14.161768,12.816467,-14.162410,12.817815,-14.165600,12.818495
0,-14.182053,12.815013,-14.182233,12.815662,-14.183054,12.813868
0,-14.184043,12.813786,-14.185872,12.818012,-14.186488,12.813858
0,-14.161768,12.816467,-14.165600,12.818495,-14.170239,12.811932
0,-14.188819,12.815360,-14.187381,12.813866,-14.186488,12.813858
0,-14.152271,12.804717,-14.154880,12.806733,-14.175645,12.808106
0,-14.087473,12.819597,-14.104548,12.816543,-14.086849,12.675580
0,-14.010354,12.845027,-14.015710,12.843021,-13.980495,12.674395
0,-14.001792,12.848232,-13.980495,12.674395,-13.960281,12.674379
0,-13.918484,12.899314,-13.917796,12.897687,-13.917678,12.899571
0,-13.855139,12.899486,-13.858314,12.898561,-13.837710,12.897864
0,-13.822577,12.885863,-13.825532,12.891338,-13.834148,12.896935
0,-14.001792,12.848232,-13.960281,12.674379,-13.993490,12.851549
0,-13.822577,12.885863,-13.822972,12.888089,-13.825532,12.891338
0,-13.905757,12.893407,-13.960476,12.875582,-13.904900,12.893145
0,-13.903858,12.674324,-13.899638,12.674319,-13.975172,12.859373
0,-13.956765,12.891113,-13.956031,12.889200,-13.955608,12.897664
0,-13.917796,12.897687,-13.921431,12.898356,-13.916916,12.896426
0,-13.929978,12.901658,-13.956031,12.889200,-13.956174,12.886373
0,-13.955018,12.898526,-13.933333,12.904250,-13.942381,12.907884
0,-13.864115,12.897872,-13.878097,12.897715,-13.886069,12.895912
0,-13.955243,12.899582,-13.955018,12.898526,-13.954018,12.904263
0,-13.924103,12.900920,-13.924105,12.900920,-13.923704,12.898975
0,-13.838531,12.898551,-13.839351,12.898983,-13.837710,12.897864
0,-13.869224,12.900106,-13.876535,12.898613,-13.867271,12.898390
0,-13.840513,12.899488,-13.840514,12.899487,-13.840513,12.899487
0,-13.810098,12.866849,-13.811412,12.868984,-13.810020,12.866564
0,-13.800685,12.850087,-13.807956,12.861547,-13.899188,12.891405
0,-13.810020,12.866564,-13.811412,12.868984,-13.809550,12.864835
0,-13.811980,12.869875,-13.809334,12.864077,-13.811587,12.869268
0,-13.800925,12.859689,-13.802138,12.860300,-13.801031,12.858767
0,-13.804635,12.860438,-13.807956,12.861547,-13.801752,12.854250
0,-13.801752,12.854250,-13.807956,12.861547,-13.800685,12.850088
0,-13.792487,12.837825,-13.792004,12.838646,-13.795276,12.847449
0,-13.800685,12.850088,-13.807956,12.861547,-13.800685,12.850087
0,-13.781356,12.831668,-13.788649,12.833106,-13.779697,12.830424
0,-13.879423,12.674296,-13.899188,12.891405,-13.899638,12.674319
0,-13.791998,12.836015,-13.899188,12.891405,-13.879423,12.674296
0,-13.788649,12.833106,-13.771157,12.822681,-13.777845,12.828598
0,-13.790938,12.834337,-13.791619,12.835416,-13.879423,12.674296
0,-13.777169,12.828173,-13.774239,12.826131,-13.774905,12.826749
0,-13.777169,12.828173,-13.771157,12.822681,-13.774239,12.826131
0,-13.655701,12.706765,-13.657865,12.707519,-13.658230,12.707546
0,-13.788649,12.833106,-13.832459,12.674817,-13.821659,12.674462
0,-13.762979,12.819372,-13.761197,12.818899,-13.761795,12.819165
0,-13.804585,12.674937,-13.750512,12.808977,-13.767748,12.820830
0,-13.690753,12.767208,-13.692253,12.767649,-13.688538,12.764593
0,-13.830352,12.674509,-13.821659,12.674462,-13.832459,12.674817
0,-13.721848,12.794917,-13.721870,12.796300,-13.722747,12.796924
0,-13.654503,12.706310,-13.655701,12.706765,-13.653182,12.702575
0,-13.674832,12.750267,-13.675559,12.752124,-13.676985,12.754174
0,-13.668480,12.732090,-13.712157,12.674497,-13.707085,12.674409
0,-13.654503,12.706310,-13.654957,12.706571,-13.655701,12.706765
0,-13.669495,12.745801,-13.669933,12.746123,-13.668367,12.739648
0,-13.662276,12.722592,-13.662821,12.724123,-13.662256,12.720929
0,-13.703026,12.782810,-13.704523,12.783613,-13.693093,12.770709
0,-13.684933,12.763292,-13.676985,12.754174,-13.677439,12.755469
0,-13.684933,12.763292,-13.677439,12.755469,-13.680583,12.760435
0,-13.684933,12.763292,-13.681022,12.760876,-13.681342,12.761218
0,-13.753527,12.812210,-13.758623,12.817595,-13.762979,12.819372
0,-13.729480,12.799919,-13.735190,12.801997,-13.721109,12.793747
0,-13.762979,12.819372,-13.758623,12.817595,-13.759975,12.818352
0,-13.735190,12.801997,-13.731450,12.801166,-13.731995,12.801575
0,-13.834148,12.896935,-13.827762,12.894256,-13.828149,12.894766
0,-13.721109,12.793747,-13.735190,12.801997,-13.741008,12.802829
0,-13.703026,12.782810,-13.693093,12.770709,-13.693579,12.773017
0,-13.693579,12.773017,-13.694292,12.775841,-13.703026,12.782810
0,-13.770064,12.822087,-13.804585,12.674937,-13.767748,12.820830
0,-13.718134,12.791581,-13.744955,12.674599,-13.692253,12.767649
0,-13.688538,12.764593,-13.692253,12.767649,-13.721411,12.674596
0,-13.899638,12.674319,-13.899188,12.891405,-13.975172,12.859373
0,-13.658230,12.707546,-13.659065,12.711474,-13.687766,12.674658
0,-13.960281,12.674379,-13.940066,12.674360,-13.982015,12.855333
0,-13.857985,12.674644,-13.790938,12.834337,-13.868705,12.674471
0,-14.005873,12.846704,-14.010354,12.845027,-13.980495,12.674395
0,-13.982015,12.855333,-13.993490,12.851549,-13.960281,12.674379
0,-13.667981,12.730704,-13.707085,12.674409,-13.696274,12.674519
0,-13.975172,12.859373,-13.982015,12.855333,-13.919852,12.674340
0,-13.879423,12.674296,-13.868705,12.674471,-13.790938,12.834337
0,-13.788649,12.833106,-13.821659,12.674462,-13.771157,12.822681
0,-13.687766,12.674658,-13.659065,12.711474,-13.661921,12.718432
0,-13.809854,12.674509,-13.806990,12.674650,-13.804585,12.674937
0,-13.681513,12.674699,-13.658230,12.707546,-13.687766,12.674658
0,-13.643389,12.694543,-13.645389,12.695909,-13.652982,12.674761
0,-13.651998,12.700119,-13.658230,12.707546,-13.667247,12.674731
0,-13.651437,12.699646,-13.651998,12.700119,-13.667247,12.674731
0,-13.652452,12.701234,-13.653182,12.702575,-13.651998,12.700119
0,-13.651437,12.699646,-13.667247,12.674731,-13.652982,12.674761
0,-13.664445,12.728707,-13.666297,12.730398,-13.667191,12.730185
0,-13.639071,12.694466,-13.642071,12.694699,-13.634589,12.692138
0,-13.630739,12.688944,-13.638715,12.674791,-13.625510,12.687009
0,-13.638715,12.674791,-13.620156,12.674903,-13.623979,12.685880
0,-14.323748,12.705676,-14.325965,12.705004,-14.329212,12.683772
0,-14.313209,12.710659,-14.326465,12.681086,-14.326125,12.680391
0,-14.323748,12.705676,-14.329212,12.683772,-14.326465,12.681086
0,-14.332226,12.687315,-14.331506,12.701220,-14.335550,12.692616
0,-14.331506,12.701220,-14.333349,12.700267,-14.335550,12.692616
0,-14.335136,12.700193,-14.336721,12.701318,-14.337838,12.698046
0,-14.335136,12.700193,-14.337838,12.698046,-14.335550,12.692616
0,-14.337838,12.698046,-14.336721,12.701318,-14.338078,12.701793
0,-14.336721,12.701318,-14.337929,12.702533,-14.338078,12.701793
0,-14.332226,12.687315,-14.328375,12.703825,-14.331506,12.701220
0,-14.331506,12.701220,-14.328375,12.703825,-14.330078,12.702780
0,-14.332226,12.687315,-14.325965,12.705004,-14.328375,12.703825
0,-14.324955,12.711096,-14.324091,12.708546,-14.322529,12.713615
0,-14.290379,12.725871,-14.292389,12.722748,-14.292221,12.720943
0,-14.323020,12.707611,-14.317979,12.712785,-14.320411,12.713872
0,-14.322890,12.706638,-14.315834,12.711239,-14.323020,12.707611
0,-14.313712,12.715933,-14.308482,12.717082,-14.312804,12.721471
0,-14.308107,12.721147,-14.311568,12.722707,-14.312804,12.721471
0,-14.311568,12.722707,-14.308107,12.721147,-14.309543,12.722964
0,-14.301778,12.752520,-14.300902,12.751077,-14.299632,12.755227
0,-14.309543,12.722964,-14.308107,12.721147,-14.308468,12.722444
0,-14.293804,12.718139,-14.302971,12.713930,-14.303919,12.713293
0,-14.292389,12.722748,-14.290379,12.725871,-14.292084,12.724732
0,-14.312630,12.711993,-14.307484,12.713791,-14.308268,12.715139
0,-14.302417,12.717207,-14.302770,12.715084,-14.300945,12.718487
0,-14.308268,12.715139,-14.313357,12.714127,-14.312630,12.711993
0,-14.308482,12.717082,-14.313712,12.715933,-14.308268,12.715139
0,-14.305802,12.712987,-14.313209,12.710659,-14.326125,12.680391
0,-14.305802,12.712987,-14.307484,12.713791,-14.312544,12.711206
0,-14.312544,12.711206,-14.307484,12.713791,-14.312630,12.711993
0,-14.313209,12.710659,-14.305802,12.712987,-14.312544,12.711206
0,-14.303919,12.713293,-14.305802,12.712987,-14.326125,12.680391
0,-14.326101,12.676492,-14.303919,12.713293,-14.326125,12.680391
0,-14.283950,12.733065,-14.284160,12.731171,-14.229042,12.678995
0,-14.283950,12.733065,-14.229042,12.678995,-14.269878,12.771204
0,-14.225357,12.678941,-14.217345,12.678824,-14.268685,12.772671
0,-14.174493,12.677578,-14.167218,12.677325,-14.150728,12.803914
0,-14.167218,12.677325,-14.159138,12.677043,-14.144684,12.802093
0,-14.159138,12.677043,-14.142055,12.676637,-14.144684,12.802093
0,-14.142055,12.676637,-14.124972,12.676231,-14.144684,12.802093
0,-14.124972,12.676231,-14.143836,12.802269,-14.144684,12.802093
0,-14.086849,12.675580,-14.104548,12.816543,-14.086988,12.675581
0,-14.066890,12.675348,-14.087473,12.819597,-14.070749,12.675393
0,-14.059701,12.675263,-14.087473,12.819597,-14.066890,12.675348
0,-14.052181,12.675175,-14.080150,12.822203,-14.059701,12.675263
0,-14.114067,12.813708,-14.107965,12.815600,-14.109762,12.815759
0,-14.086988,12.675581,-14.107965,12.815600,-14.089320,12.675608
0,-14.120327,12.676120,-14.143836,12.802269,-14.124972,12.676231
0,-14.119724,12.676106,-14.143836,12.802269,-14.120327,12.676120
0,-14.107888,12.675824,-14.143836,12.802269,-14.119724,12.676106
0,-14.287159,12.727827,-14.288442,12.726729,-14.292143,12.719555
0,-14.292143,12.719555,-14.292765,12.718591,-14.232151,12.675185
0,-14.269878,12.771204,-14.229042,12.678995,-14.225357,12.678941
0,-14.284160,12.731171,-14.286589,12.728422,-14.229042,12.678995
0,-14.285301,12.730073,-14.286589,12.728422,-14.284160,12.731171
0,-14.284397,12.735103,-14.283950,12.733065,-14.269878,12.771204
0,-14.277440,12.767720,-14.288806,12.748183,-14.287982,12.746326
0,-14.284397,12.735103,-14.287998,12.744986,-14.286484,12.737575
0,-14.294245,12.757762,-14.290981,12.751210,-14.283690,12.767967
0,-14.296817,12.754737,-14.299632,12.755227,-14.298466,12.750406
0,-14.290379,12.725871,-14.292221,12.720943,-14.288442,12.726729
0,-14.297035,12.719234,-14.299101,12.719393,-14.300945,12.718487
0,-14.286589,12.728422,-14.292143,12.719555,-14.229042,12.678995
0,-14.286589,12.728422,-14.287159,12.727827,-14.292143,12.719555
0,-14.302971,12.713930,-14.295073,12.718105,-14.302770,12.715084
0,-14.295073,12.718105,-14.302971,12.713930,-14.293804,12.718139
0,-14.294603,12.751108,-14.295736,12.754818,-14.296817,12.754737
0,-14.292200,12.751547,-14.294785,12.755687,-14.295736,12.754818
0,-14.268685,12.772671,-14.255370,12.793985,-14.268577,12.773871
0,-14.269596,12.791726,-14.266133,12.794326,-14.268063,12.794114
0,-14.269299,12.792925,-14.269596,12.791726,-14.268063,12.794114
0,-14.251479,12.797044,-14.254640,12.796151,-14.255329,12.794106
0,-14.263161,12.795174,-14.260906,12.795058,-14.262359,12.795443
0,-14.263161,12.795174,-14.266133,12.794326,-14.257679,12.793547
0,-14.263161,12.795174,-14.257679,12.793547,-14.260906,12.795058
0,-14.269720,12.776840,-14.268577,12.773871,-14.257679,12.793547
0,-14.268577,12.773871,-14.256266,12.793763,-14.257679,12.793547
0,-14.268577,12.773871,-14.255370,12.793985,-14.256266,12.793763
0,-14.268685,12.772671,-14.248752,12.797015,-14.255370,12.793985
0,-14.254412,12.799569,-14.254759,12.798093,-14.252124,12.798159
0,-14.253218,12.801221,-14.254412,12.799569,-14.251674,12.800467
0,-14.254759,12.798093,-14.254640,12.796151,-14.252086,12.797419
0,-14.252124,12.798159,-14.254759,12.798093,-14.252086,12.797419
0,-14.254640,12.796151,-14.251479,12.797044,-14.252086,12.797419
0,-14.255329,12.794106,-14.255370,12.793985,-14.251479,12.797044
0,-14.268685,12.772671,-14.241045,12.800683,-14.248752,12.797015
0,-14.268685,12.772671,-14.216759,12.678815,-14.239392,12.801313
0,-14.239392,12.801313,-14.241045,12.800683,-14.268685,12.772671
0,-14.251674,12.800467,-14.254412,12.799569,-14.252124,12.798159
0,-14.252463,12.801445,-14.253218,12.801221,-14.251674,12.800467
0,-14.252463,12.801445,-14.251674,12.800467,-14.251806,12.801254
0,-14.235107,12.805894,-14.236286,12.805536,-14.234027,12.805699
0,-14.154880,12.806733,-14.174653,12.808604,-14.175645,12.808106
0,-14.147585,12.803373,-14.150728,12.803914,-14.145668,12.802472
0,-14.123088,12.814212,-14.143640,12.802915,-14.143836,12.802269
0,-14.123300,12.814504,-14.136629,12.822629,-14.144519,12.808826
0,-14.180631,12.811948,-14.177050,12.808628,-14.178611,12.811788
0,-14.176303,12.808158,-14.179365,12.677748,-14.175645,12.808106
0,-14.143640,12.802915,-14.123088,12.814212,-14.144027,12.805925
0,-14.236286,12.805536,-14.238193,12.803290,-14.234027,12.805699
0,-14.232073,12.807944,-14.232608,12.806378,-14.212893,12.815610
0,-14.234684,12.809867,-14.238325,12.812030,-14.239326,12.810885
0,-14.237424,12.804761,-14.238193,12.803290,-14.236286,12.805536
0,-14.233134,12.805689,-14.238584,12.801953,-14.201362,12.808510
0,-14.233134,12.805689,-14.234027,12.805699,-14.238584,12.801953
0,-14.239987,12.806731,-14.241336,12.807993,-14.240832,12.806924
0,-14.201362,12.808510,-14.239392,12.801313,-14.205204,12.678646
0,-14.238954,12.806628,-14.239326,12.810885,-14.239987,12.806731
0,-14.237535,12.807353,-14.239326,12.810885,-14.238954,12.806628
0,-14.270178,12.790161,-14.272502,12.784312,-14.270089,12.777446
0,-14.268063,12.794114,-14.268962,12.793661,-14.269299,12.792925
0,-14.271894,12.788190,-14.272677,12.785376,-14.272502,12.784312
0,-14.266133,12.794326,-14.269793,12.790988,-14.270178,12.790161
0,-14.266133,12.794326,-14.269596,12.791726,-14.269793,12.790988
0,-14.272766,12.781772,-14.272515,12.783110,-14.272758,12.782419
0,-14.272502,12.784312,-14.272515,12.783110,-14.270089,12.777446
0,-14.271894,12.788190,-14.272502,12.784312,-14.270178,12.790161
0,-14.272371,12.787547,-14.272677,12.785376,-14.271894,12.788190
0,-14.272178,12.779778,-14.272515,12.783110,-14.272766,12.781772
0,-14.271716,12.779034,-14.272515,12.783110,-14.272178,12.779778
0,-14.268577,12.773871,-14.269735,12.775501,-14.269276,12.774479
0,-14.270089,12.777446,-14.269720,12.776840,-14.257679,12.793547
0,-14.289958,12.750321,-14.288806,12.748183,-14.278429,12.767544
0,-14.278429,12.767544,-14.288806,12.748183,-14.277440,12.767720
0,-14.290981,12.751210,-14.294785,12.755687,-14.292200,12.751547
0,-14.289958,12.750321,-14.278429,12.767544,-14.280917,12.767847
0,-14.283690,12.767967,-14.289958,12.750321,-14.280917,12.767847
0,-14.276731,12.768128,-14.287982,12.746326,-14.274461,12.769215
0,-14.284580,12.768207,-14.294828,12.760126,-14.294245,12.757762
0,-14.295736,12.754818,-14.294603,12.751108,-14.292200,12.751547
0,-14.290981,12.751210,-14.294245,12.757762,-14.294785,12.755687
0,-14.289958,12.750321,-14.283690,12.767967,-14.290981,12.751210
0,-14.284580,12.768207,-14.294245,12.757762,-14.283690,12.767967
0,-14.294603,12.751108,-14.296817,12.754737,-14.298466,12.750406
0,-14.301778,12.752520,-14.299632,12.755227,-14.301228,12.755473
0,-14.301778,12.752520,-14.301228,12.755473,-14.302073,12.755215
0,-14.286217,12.773079,-14.288368,12.774070,-14.284903,12.768765
0,-14.295224,12.766601,-14.284903,12.768765,-14.294112,12.769318
0,-14.295224,12.766601,-14.294112,12.769318,-14.294924,12.768217
0,-14.284903,12.768765,-14.295224,12.766601,-14.284580,12.768207
0,-14.284903,12.768765,-14.288368,12.774070,-14.291670,12.773178
0,-14.286217,12.773079,-14.287002,12.774334,-14.288368,12.774070
0,-14.284903,12.768765,-14.291670,12.773178,-14.294112,12.769318
0,-14.291670,12.773178,-14.288368,12.774070,-14.289779,12.774084
0,-14.291670,12.773178,-14.289779,12.774084,-14.290911,12.773772
0,-14.241336,12.807993,-14.239987,12.806731,-14.240649,12.810390
0,-14.240649,12.810390,-14.239987,12.806731,-14.239326,12.810885
0,-14.238316,12.812771,-14.238325,12.812030,-14.237978,12.813599
0,-14.239326,12.810885,-14.237535,12.807353,-14.234684,12.809867
0,-14.233785,12.810366,-14.237978,12.813599,-14.234684,12.809867
0,-14.232841,12.810588,-14.237498,12.814427,-14.233785,12.810366
0,-14.212893,12.815610,-14.213920,12.816221,-14.232073,12.807944
0,-14.232073,12.807944,-14.213920,12.816221,-14.231630,12.809605
0,-14.232608,12.806378,-14.201362,12.808510,-14.202292,12.809398
0,-14.189849,12.678113,-14.179365,12.677748,-14.176303,12.808158
0,-14.189849,12.678113,-14.176303,12.808158,-14.201362,12.808510
0,-14.196061,12.811458,-14.196952,12.811653,-14.199604,12.810063
0,-14.200466,12.808731,-14.196061,12.811458,-14.199604,12.810063
0,-14.180631,12.811948,-14.182526,12.810812,-14.177050,12.808628
0,-14.199604,12.810063,-14.196952,12.811653,-14.199441,12.811911
0,-14.186759,12.810717,-14.196061,12.811458,-14.200466,12.808731
0,-14.195067,12.812050,-14.192784,12.814107,-14.194348,12.813106
0,-14.195067,12.812050,-14.186759,12.810717,-14.187596,12.811557
0,-14.200466,12.808731,-14.184599,12.810417,-14.186759,12.810717
0,-14.190240,12.814543,-14.187960,12.812578,-14.187381,12.813866
0,-14.192784,12.814107,-14.187596,12.811557,-14.187960,12.812578
0,-14.184043,12.813786,-14.183054,12.813868,-14.182233,12.815662
0,-14.182345,12.814230,-14.182053,12.815013,-14.183054,12.813868
0,-14.193730,12.813654,-14.194348,12.813106,-14.192784,12.814107
0,-14.192784,12.814107,-14.187960,12.812578,-14.190240,12.814543
0,-14.185872,12.818012,-14.188819,12.815360,-14.186488,12.813858
0,-14.190240,12.814543,-14.187381,12.813866,-14.188819,12.815360
0,-14.196952,12.811653,-14.198538,12.812687,-14.199441,12.811911
0,-14.195067,12.812050,-14.187596,12.811557,-14.192784,12.814107
0,-14.198538,12.812687,-14.199152,12.812555,-14.199441,12.811911
0,-14.196061,12.811458,-14.186759,12.810717,-14.195067,12.812050
0,-14.233785,12.810366,-14.237498,12.814427,-14.237978,12.813599
0,-14.232841,12.810588,-14.237437,12.815581,-14.237498,12.814427
0,-14.231630,12.809605,-14.213920,12.816221,-14.231995,12.810579
0,-14.209773,12.817011,-14.212085,12.816342,-14.207665,12.816296
0,-14.231995,12.810579,-14.237420,12.817015,-14.237437,12.815581
0,-14.236929,12.818766,-14.231995,12.810579,-14.230553,12.829152
0,-14.233524,12.828442,-14.236542,12.827733,-14.237366,12.825567
0,-14.231995,12.810579,-14.236929,12.818766,-14.237420,12.817015
0,-14.236929,12.818766,-14.230553,12.829152,-14.231972,12.828472
0,-14.222073,12.830683,-14.223177,12.832729,-14.225577,12.832522
0,-14.213782,12.819919,-14.231995,12.810579,-14.213908,12.817238
0,-14.236542,12.827733,-14.233524,12.828442,-14.234980,12.828595
0,-14.237045,12.820848,-14.231972,12.828472,-14.233524,12.828442
0,-14.237045,12.820848,-14.236929,12.818766,-14.231972,12.828472
0,-14.224277,12.835098,-14.225010,12.836770,-14.224930,12.835613
0,-14.220800,12.834832,-14.224740,12.839726,-14.225010,12.836770
0,-14.224740,12.839726,-14.222979,12.841511,-14.223973,12.840921
0,-14.219782,12.841525,-14.221372,12.842281,-14.222979,12.841511
0,-14.220800,12.834832,-14.225010,12.836770,-14.224277,12.835098
0,-14.230553,12.829152,-14.221514,12.830215,-14.229036,12.830179
0,-14.229036,12.830179,-14.221514,12.830215,-14.222073,12.830683
0,-14.230553,12.829152,-14.231995,12.810579,-14.213782,12.819919
0,-14.211233,12.832606,-14.210140,12.829591,-14.209839,12.831205
0,-14.218991,12.832732,-14.212461,12.828181,-14.211233,12.832606
0,-14.218991,12.832732,-14.220191,12.830710,-14.213648,12.827223
0,-14.217357,12.839744,-14.218387,12.840170,-14.219578,12.834727
0,-14.219578,12.834727,-14.214976,12.838193,-14.216140,12.839269
0,-14.218979,12.833749,-14.213505,12.835312,-14.214976,12.838193
0,-14.218979,12.833749,-14.218991,12.832732,-14.213505,12.835312
0,-14.213505,12.835312,-14.218991,12.832732,-14.211233,12.832606
0,-14.211233,12.832606,-14.212461,12.828181,-14.210140,12.829591
0,-14.220856,12.830162,-14.213899,12.825885,-14.220191,12.830710
0,-14.209839,12.831205,-14.210140,12.829591,-14.209662,12.830279
0,-14.220856,12.830162,-14.221514,12.830215,-14.213761,12.821676
0,-14.213899,12.825885,-14.220856,12.830162,-14.213761,12.821676
0,-14.218991,12.832732,-14.213648,12.827223,-14.212461,12.828181
0,-14.220191,12.830710,-14.213899,12.825885,-14.213648,12.827223
0,-14.221514,12.830215,-14.230553,12.829152,-14.213782,12.819919
0,-14.231995,12.810579,-14.213920,12.816221,-14.213908,12.817238
0,-14.212085,12.816342,-14.209773,12.817011,-14.211137,12.816979
0,-14.167523,12.818886,-14.169304,12.819412,-14.171636,12.817079
0,-14.185068,12.818420,-14.185872,12.818012,-14.184134,12.817948
0,-14.171636,12.817079,-14.169304,12.819412,-14.171706,12.819067
0,-14.145213,12.812918,-14.143113,12.819104,-14.144647,12.816841
0,-14.107965,12.815600,-14.104548,12.816543,-14.106102,12.819224
0,-14.103032,12.818694,-14.104548,12.816543,-14.099270,12.818904
0,-14.169304,12.819412,-14.170190,12.820023,-14.171706,12.819067
0,-14.171706,12.819067,-14.170190,12.820023,-14.171226,12.819896
0,-14.143113,12.819104,-14.136629,12.822629,-14.139174,12.822194
0,-14.123300,12.814504,-14.130607,12.824288,-14.136629,12.822629
0,-14.130607,12.824288,-14.132713,12.827515,-14.135788,12.826135
0,-14.136003,12.823917,-14.136198,12.823272,-14.130607,12.824288
0,-14.135788,12.826135,-14.136003,12.823917,-14.130607,12.824288
0,-14.136629,12.822629,-14.130607,12.824288,-14.136198,12.823272
0,-14.115422,12.815046,-14.117608,12.814191,-14.114068,12.813709
0,-14.087473,12.819597,-14.092096,12.822005,-14.094048,12.821533
0,-14.086245,12.821985,-14.087473,12.819597,-14.080150,12.822203
0,-14.062819,12.827646,-14.052574,12.829760,-14.062818,12.827648
0,-14.062818,12.827648,-14.052574,12.829760,-14.061496,12.829578
0,-14.052219,12.831131,-14.056704,12.833603,-14.052574,12.829760
0,-14.052574,12.829760,-14.059879,12.831939,-14.061496,12.829578
0,-14.037663,12.839993,-14.039626,12.836651,-14.034739,12.839743
0,-14.050139,12.829034,-14.044277,12.832599,-14.048378,12.833024
0,-14.048378,12.833024,-14.045733,12.834161,-14.047946,12.834001
0,-14.015710,12.843021,-14.042809,12.833074,-14.010880,12.675049
0,-14.044277,12.832599,-14.050139,12.829034,-14.042809,12.833074
0,-14.050139,12.829034,-14.050140,12.829034,-14.050141,12.829033
0,-14.062819,12.827646,-14.050141,12.829033,-14.051380,12.829404
0,-14.062819,12.827646,-14.051380,12.829404,-14.052574,12.829760
0,-14.052181,12.675175,-14.070875,12.825280,-14.080150,12.822203
0,-14.072645,12.825055,-14.074529,12.824814,-14.079123,12.822680
0,-14.080150,12.822203,-14.070875,12.825280,-14.079123,12.822680
0,-14.079123,12.822680,-14.070875,12.825280,-14.072645,12.825055
0,-14.052181,12.675175,-14.050141,12.829033,-14.070875,12.825280
0,-14.070875,12.825280,-14.050141,12.829033,-14.062819,12.827646
0,-14.103032,12.818694,-14.099270,12.818904,-14.101853,12.820364
0,-14.104548,12.816543,-14.098449,12.818439,-14.099270,12.818904
0,-14.098447,12.818438,-14.098448,12.818439,-14.098449,12.818439
0,-14.104548,12.816543,-14.098447,12.818438,-14.098449,12.818439
0,-14.087473,12.819597,-14.094048,12.821533,-14.098447,12.818438
0,-14.113737,12.815291,-14.114067,12.813708,-14.112031,12.815961
0,-14.113737,12.815291,-14.112031,12.815961,-14.113567,12.816097
0,-14.086988,12.675581,-14.104548,12.816543,-14.107965,12.815600
0,-14.087473,12.819597,-14.098447,12.818438,-14.104548,12.816543
0,-14.163154,12.818470,-14.165600,12.818495,-14.162410,12.817815
0,-14.171791,12.815924,-14.170239,12.811932,-14.167523,12.818886
0,-14.171791,12.815924,-14.167523,12.818886,-14.171636,12.817079
0,-14.169965,12.811282,-14.170351,12.810454,-14.159974,12.813212
0,-14.145213,12.812918,-14.136629,12.822629,-14.143113,12.819104
0,-14.174653,12.808604,-14.154880,12.806733,-14.170351,12.810454
0,-14.167523,12.818886,-14.170239,12.811932,-14.165600,12.818495
0,-14.171791,12.815924,-14.172509,12.814776,-14.171547,12.812639
0,-14.172509,12.814776,-14.173788,12.814004,-14.173045,12.813210
0,-14.171791,12.815924,-14.171547,12.812639,-14.170239,12.811932
0,-14.172509,12.814776,-14.173045,12.813210,-14.171547,12.812639
0,-14.184599,12.810417,-14.177050,12.808628,-14.182526,12.810812
0,-14.184599,12.810417,-14.200466,12.808731,-14.176303,12.808158
0,-14.184599,12.810417,-14.176303,12.808158,-14.177050,12.808628
0,-14.200466,12.808731,-14.201362,12.808510,-14.176303,12.808158
0,-14.174653,12.808604,-14.170351,12.810454,-14.171673,12.810051
0,-14.173845,12.809288,-14.171673,12.810051,-14.173040,12.809789
0,-14.173845,12.809288,-14.174653,12.808604,-14.171673,12.810051
0,-14.161768,12.816467,-14.169965,12.811282,-14.159974,12.813212
0,-14.144027,12.805925,-14.123300,12.814504,-14.144519,12.808826
0,-14.144519,12.808826,-14.136629,12.822629,-14.145213,12.812918
0,-14.119239,12.813573,-14.123088,12.814212,-14.143836,12.802269
0,-14.107888,12.675824,-14.114067,12.813708,-14.143836,12.802269
0,-14.115767,12.815387,-14.117608,12.814191,-14.115422,12.815046
0,-14.109762,12.815759,-14.112031,12.815961,-14.114067,12.813708
0,-14.118698,12.813483,-14.143836,12.802269,-14.114067,12.813708
0,-14.118698,12.813483,-14.118698,12.813483,-14.114067,12.813708
0,-14.119239,12.813573,-14.143836,12.802269,-14.118698,12.813483
0,-14.117608,12.814191,-14.118698,12.813483,-14.114067,12.813708
0,-14.117608,12.814191,-14.114067,12.813708,-14.114068,12.813709
0,-14.089320,12.675608,-14.107965,12.815600,-14.114067,12.813708
0,-14.034739,12.839743,-14.026439,12.842583,-14.032051,12.841408
0,-14.026439,12.842583,-14.026915,12.845455,-14.030327,12.845707
0,-14.015710,12.843021,-13.998839,12.674347,-13.980495,12.674395
0,-14.005873,12.846704,-13.980495,12.674395,-14.001792,12.848232
0,-14.026439,12.842583,-14.034739,12.839743,-14.024528,12.842420
0,-14.024528,12.842420,-14.034739,12.839743,-14.020589,12.842083
0,-14.020589,12.842083,-14.042809,12.833074,-14.015710,12.843021
0,-13.919852,12.674340,-13.982015,12.855333,-13.940066,12.674360
0,-13.899188,12.891405,-13.966107,12.870102,-13.975172,12.859373
0,-13.975172,12.859373,-13.966107,12.870102,-13.971005,12.864859
0,-13.956297,12.883938,-13.960476,12.875582,-13.916914,12.896425
0,-13.864115,12.897872,-13.867271,12.898390,-13.878097,12.897715
0,-13.807956,12.861547,-13.808550,12.862572,-13.899188,12.891405
0,-13.956297,12.883938,-13.958255,12.882032,-13.960476,12.875582
0,-13.956297,12.883938,-13.923704,12.898974,-13.928710,12.901131
0,-13.899189,12.891405,-13.899192,12.891406,-13.960476,12.875582
0,-13.903685,12.892761,-13.904900,12.893145,-13.960476,12.875582
0,-13.899192,12.891406,-13.903685,12.892761,-13.960476,12.875582
0,-13.887830,12.895379,-13.896247,12.892829,-13.897745,12.892107
0,-13.897745,12.892107,-13.896247,12.892829,-13.896300,12.892806
0,-13.887830,12.895379,-13.891796,12.894880,-13.896247,12.892829
0,-13.899188,12.891405,-13.887830,12.895379,-13.897745,12.892107
0,-13.809283,12.863909,-13.809287,12.863916,-13.864115,12.897872
0,-13.887830,12.895379,-13.864115,12.897872,-13.886069,12.895912
0,-13.960476,12.875582,-13.905757,12.893407,-13.907154,12.893833
0,-13.891796,12.894880,-13.893161,12.895138,-13.894293,12.894293
0,-13.896247,12.892829,-13.891796,12.894880,-13.894293,12.894293
0,-13.914220,12.896295,-13.909313,12.895030,-13.911398,12.895900
0,-13.912497,12.896172,-13.914220,12.896295,-13.911398,12.895900
0,-13.911398,12.895900,-13.909313,12.895030,-13.910469,12.895668
0,-13.960476,12.875582,-13.907154,12.893833,-13.915688,12.896219
0,-13.956765,12.891113,-13.955608,12.897664,-13.957961,12.894231
0,-13.914220,12.896295,-13.915688,12.896219,-13.909313,12.895030
0,-13.916453,12.896347,-13.960476,12.875582,-13.915688,12.896219
0,-13.916916,12.896426,-13.921431,12.898356,-13.922244,12.898089
0,-13.916914,12.896425,-13.960476,12.875582,-13.916453,12.896347
0,-13.955608,12.897664,-13.956031,12.889200,-13.955018,12.898526
0,-13.928710,12.901131,-13.923704,12.898974,-13.923704,12.898975
0,-13.928710,12.901131,-13.929978,12.901658,-13.956297,12.883938
0,-13.922244,12.898089,-13.916914,12.896425,-13.916916,12.896426
0,-13.956297,12.883938,-13.922244,12.898089,-13.923704,12.898974
0,-13.956297,12.883938,-13.916914,12.896425,-13.922244,12.898089
0,-13.956031,12.889200,-13.929978,12.901658,-13.932749,12.903799
0,-13.956174,12.886373,-13.956297,12.883938,-13.929978,12.901658
0,-13.924105,12.900920,-13.925603,12.901406,-13.923704,12.898975
0,-13.923704,12.898975,-13.925603,12.901406,-13.928710,12.901131
0,-13.954459,12.906929,-13.954018,12.904263,-13.942381,12.907884
0,-13.956324,12.911795,-13.956323,12.911793,-13.942381,12.907884
0,-13.956323,12.911793,-13.954969,12.910008,-13.942381,12.907884
0,-13.954018,12.904263,-13.955018,12.898526,-13.942381,12.907884
0,-13.956324,12.911795,-13.942381,12.907884,-13.956325,12.911796
0,-13.954969,12.910008,-13.954459,12.906929,-13.942381,12.907884
0,-13.933333,12.904250,-13.933560,12.905408,-13.942381,12.907884
0,-13.933333,12.904250,-13.955018,12.898526,-13.932749,12.903799
0,-13.861976,12.898769,-13.858314,12.898561,-13.861056,12.899393
0,-13.851961,12.901394,-13.847091,12.902258,-13.849710,12.902293
0,-13.858314,12.898561,-13.860470,12.899790,-13.861056,12.899393
0,-13.849710,12.902293,-13.847091,12.902258,-13.848896,12.902617
0,-13.855139,12.899486,-13.837710,12.897864,-13.843049,12.900306
0,-13.854170,12.900069,-13.843049,12.900306,-13.851961,12.901394
0,-13.851961,12.901394,-13.843049,12.900306,-13.847091,12.902258
0,-13.854170,12.900069,-13.855139,12.899486,-13.843049,12.900306
0,-13.862800,12.898425,-13.858314,12.898561,-13.861976,12.898769
0,-13.864115,12.897872,-13.858314,12.898561,-13.862800,12.898425
0,-13.822577,12.885863,-13.822577,12.885863,-13.825532,12.891338
0,-13.917796,12.897687,-13.918484,12.899314,-13.919464,12.899001
0,-13.870856,12.901111,-13.876535,12.898613,-13.869224,12.900106
0,-13.878097,12.897715,-13.883392,12.896790,-13.886069,12.895912
0,-13.921431,12.898356,-13.917796,12.897687,-13.919464,12.899001
0,-13.916916,12.896426,-13.916914,12.896425,-13.916915,12.896426
0,-13.878097,12.897715,-13.881070,12.897628,-13.883392,12.896790
0,-13.876535,12.898613,-13.878097,12.897715,-13.867271,12.898390
0,-13.811412,12.868984,-13.811587,12.869268,-13.809334,12.864077
0,-13.822972,12.888089,-13.822972,12.888089,-13.822577,12.885863
0,-13.858314,12.898561,-13.822577,12.885863,-13.837710,12.897864
0,-13.825532,12.891338,-13.825816,12.891698,-13.834148,12.896935
0,-13.833105,12.897103,-13.828149,12.894766,-13.830757,12.896839
0,-13.834148,12.896935,-13.825816,12.891698,-13.826024,12.891963
0,-13.831971,12.897179,-13.833105,12.897103,-13.830757,12.896839
0,-13.826128,12.892100,-13.827762,12.894256,-13.834148,12.896935
0,-13.839351,12.898983,-13.840514,12.899487,-13.837710,12.897864
0,-13.843049,12.900306,-13.837710,12.897864,-13.840514,12.899487
0,-13.839351,12.898983,-13.840513,12.899487,-13.840514,12.899487
0,-13.840513,12.899488,-13.840513,12.899487,-13.840512,12.899487
0,-13.838531,12.898551,-13.837710,12.897864,-13.838214,12.898382
0,-13.837710,12.897864,-13.822577,12.885863,-13.835454,12.897330
0,-13.833105,12.897103,-13.834148,12.896935,-13.828149,12.894766
0,-13.835454,12.897330,-13.822577,12.885863,-13.834148,12.896935
0,-13.817734,12.879006,-13.820177,12.882878,-13.822577,12.885863
0,-13.820176,12.882877,-13.820177,12.882878,-13.820177,12.882878
0,-13.817734,12.879006,-13.822577,12.885863,-13.858314,12.898561
0,-13.820177,12.882878,-13.821605,12.884791,-13.822577,12.885863
0,-13.820177,12.882878,-13.817734,12.879006,-13.820176,12.882877
0,-13.817734,12.879006,-13.817857,12.880344,-13.818462,12.880862
0,-13.820176,12.882877,-13.817734,12.879006,-13.818462,12.880862
0,-13.858314,12.898561,-13.864115,12.897872,-13.815338,12.875089
0,-13.817734,12.879006,-13.816306,12.877002,-13.816533,12.877644
0,-13.817734,12.879006,-13.858314,12.898561,-13.815338,12.875089
0,-13.816306,12.877002,-13.817734,12.879006,-13.815338,12.875089
0,-13.814195,12.873185,-13.864115,12.897872,-13.809287,12.863916
0,-13.814195,12.873185,-13.815338,12.875089,-13.864115,12.897872
0,-13.811980,12.869875,-13.814195,12.873185,-13.809287,12.863916
0,-13.811980,12.869875,-13.812849,12.871317,-13.814195,12.873185
0,-13.809550,12.864835,-13.811412,12.868984,-13.809334,12.864077
0,-13.809334,12.864077,-13.811980,12.869875,-13.809287,12.863916
0,-13.808550,12.862572,-13.809283,12.863909,-13.864115,12.897872
0,-13.899188,12.891405,-13.808550,12.862572,-13.887830,12.895379
0,-13.801706,12.854584,-13.804635,12.860438,-13.801752,12.854250
0,-13.801201,12.857965,-13.801196,12.857988,-13.803649,12.860370
0,-13.793119,12.846318,-13.790254,12.842399,-13.791540,12.845320
0,-13.790134,12.844432,-13.791540,12.845320,-13.790055,12.843510
0,-13.800685,12.850087,-13.797701,12.848541,-13.799001,12.849554
0,-13.796640,12.847992,-13.792487,12.837825,-13.795276,12.847449
0,-13.791998,12.836015,-13.792487,12.837825,-13.800685,12.850087
0,-13.800685,12.850087,-13.797367,12.848281,-13.797701,12.848541
0,-13.797367,12.848281,-13.792487,12.837825,-13.796640,12.847992
0,-13.800925,12.859689,-13.801031,12.858767,-13.800925,12.859689
0,-13.802138,12.860300,-13.803649,12.860370,-13.801196,12.857988
0,-13.801031,12.858767,-13.802138,12.860300,-13.801196,12.857988
0,-13.801495,12.856093,-13.804635,12.860438,-13.801706,12.854584
0,-13.801285,12.857566,-13.803649,12.860370,-13.804635,12.860438
0,-13.801201,12.857965,-13.803649,12.860370,-13.801285,12.857566
0,-13.790203,12.842684,-13.791540,12.845320,-13.790254,12.842399
0,-13.790055,12.843510,-13.791540,12.845320,-13.790203,12.842684
0,-13.791511,12.839116,-13.793119,12.846318,-13.792004,12.838646
0,-13.790254,12.842399,-13.791005,12.839599,-13.790280,12.840744
0,-13.797367,12.848281,-13.800685,12.850087,-13.792487,12.837825
0,-13.793119,12.846318,-13.794047,12.846847,-13.792004,12.838646
0,-13.800685,12.850087,-13.899188,12.891405,-13.791998,12.836015
0,-13.790254,12.842399,-13.791511,12.839116,-13.791005,12.839599
0,-13.790254,12.842399,-13.793119,12.846318,-13.791511,12.839116
0,-13.778763,12.829503,-13.788649,12.833106,-13.777845,12.828598
0,-13.790938,12.834337,-13.832459,12.674817,-13.788649,12.833106
0,-13.788649,12.833106,-13.781356,12.831668,-13.782029,12.832172
0,-13.788649,12.833106,-13.778763,12.829503,-13.779697,12.830424
0,-13.788649,12.833106,-13.782029,12.832172,-13.786333,12.833710
0,-13.782029,12.832172,-13.783331,12.833344,-13.784924,12.833695
0,-13.786333,12.833710,-13.782029,12.832172,-13.784924,12.833695
0,-13.777845,12.828598,-13.771157,12.822681,-13.777169,12.828173
0,-13.771157,12.822681,-13.809854,12.674509,-13.804585,12.674937
0,-13.753527,12.812210,-13.754347,12.813665,-13.758623,12.817595
0,-13.762979,12.819372,-13.759975,12.818352,-13.761197,12.818899
0,-13.684933,12.763292,-13.688538,12.764593,-13.676985,12.754174
0,-13.668269,12.733698,-13.667909,12.735586,-13.667926,12.737385
0,-13.668480,12.732090,-13.668269,12.733698,-13.673119,12.748396
0,-13.679812,12.759659,-13.677955,12.756817,-13.678202,12.757462
0,-13.680583,12.760435,-13.677439,12.755469,-13.677955,12.756817
0,-13.674832,12.750267,-13.668480,12.732090,-13.673770,12.749095
0,-13.673770,12.749095,-13.668480,12.732090,-13.673119,12.748396
0,-13.668367,12.739648,-13.672057,12.747360,-13.673119,12.748396
0,-13.673119,12.748396,-13.668269,12.733698,-13.668367,12.739648
0,-13.668367,12.739648,-13.669933,12.746123,-13.670706,12.746693
0,-13.670706,12.746693,-13.672057,12.747360,-13.668367,12.739648
0,-13.667859,12.745223,-13.667085,12.743266,-13.667023,12.744695
0,-13.688538,12.764593,-13.668480,12.732090,-13.674832,12.750267
0,-13.667085,12.743266,-13.667859,12.745223,-13.667384,12.742725
0,-13.659065,12.711474,-13.658230,12.707546,-13.658668,12.709944
0,-13.667969,12.734755,-13.667909,12.735586,-13.668269,12.733698
0,-13.668367,12.739648,-13.668269,12.733698,-13.667926,12.737385
0,-13.667859,12.745223,-13.669495,12.745801,-13.667384,12.742725
0,-13.667384,12.742725,-13.669495,12.745801,-13.668367,12.739648
0,-13.684933,12.763292,-13.680939,12.760793,-13.681022,12.760876
0,-13.680939,12.760793,-13.684933,12.763292,-13.680583,12.760435
0,-13.680583,12.760435,-13.677955,12.756817,-13.679812,12.759659
0,-13.684933,12.763292,-13.686008,12.763812,-13.688538,12.764593
0,-13.688538,12.764593,-13.674832,12.750267,-13.676985,12.754174
0,-13.682597,12.762557,-13.684933,12.763292,-13.681342,12.761218
0,-13.692253,12.767649,-13.744955,12.674599,-13.721411,12.674596
0,-13.703026,12.782810,-13.694292,12.775841,-13.697235,12.780413
0,-13.694635,12.777212,-13.694780,12.777788,-13.695796,12.779004
0,-13.694292,12.775841,-13.694635,12.777212,-13.695796,12.779004
0,-13.697235,12.780413,-13.694292,12.775841,-13.695796,12.779004
0,-13.701429,12.782906,-13.697235,12.780413,-13.699404,12.782837
0,-13.701902,12.782831,-13.703026,12.782810,-13.697235,12.780413
0,-13.704523,12.783613,-13.710088,12.788866,-13.714288,12.790730
0,-13.701429,12.782906,-13.701902,12.782831,-13.697235,12.780413
0,-13.701429,12.782906,-13.699404,12.782837,-13.700574,12.783042
0,-13.735190,12.801997,-13.738992,12.802774,-13.741008,12.802829
0,-13.730371,12.800355,-13.735190,12.801997,-13.729480,12.799919
0,-13.729480,12.799919,-13.721109,12.793747,-13.728413,12.799397
0,-13.728413,12.799397,-13.721848,12.794917,-13.727241,12.799060
0,-13.741008,12.802829,-13.762911,12.674781,-13.718134,12.791581
0,-13.731450,12.801166,-13.735190,12.801997,-13.730371,12.800355
0,-13.737065,12.802720,-13.738992,12.802774,-13.735190,12.801997
0,-13.742171,12.804182,-13.743991,12.805041,-13.741008,12.802829
0,-13.767748,12.820830,-13.750512,12.808977,-13.764989,12.819723
0,-13.764989,12.819723,-13.750512,12.808977,-13.753527,12.812210
0,-13.754347,12.813665,-13.756153,12.816074,-13.758623,12.817595
0,-13.754347,12.813665,-13.754861,12.814576,-13.756153,12.816074
0,-13.753527,12.812210,-13.750512,12.808977,-13.752821,12.811537
0,-13.804585,12.674937,-13.770064,12.822087,-13.771157,12.822681
0,-13.751585,12.810359,-13.752821,12.811537,-13.750512,12.808977
0,-13.751115,12.809911,-13.751585,12.810359,-13.750512,12.808977
0,-13.748840,12.808029,-13.750512,12.808977,-13.748175,12.807423
0,-13.743991,12.805041,-13.746887,12.806248,-13.741008,12.802829
0,-13.748175,12.807423,-13.750512,12.808977,-13.746887,12.806248
0,-13.723458,12.797429,-13.721848,12.794917,-13.722747,12.796924
0,-13.723458,12.797429,-13.724579,12.798004,-13.721848,12.794917
0,-13.725690,12.798615,-13.727241,12.799060,-13.724579,12.798004
0,-13.721109,12.793747,-13.721848,12.794917,-13.728413,12.799397
0,-13.747272,12.674623,-13.718134,12.791581,-13.749839,12.674649
0,-13.741008,12.802829,-13.718134,12.791581,-13.721109,12.793747
0,-13.705254,12.784737,-13.708021,12.787499,-13.704523,12.783613
0,-13.721109,12.793747,-13.718134,12.791581,-13.720373,12.793280
0,-13.720373,12.793280,-13.718134,12.791581,-13.719244,12.792563
0,-13.714288,12.790730,-13.710088,12.788866,-13.713006,12.790840
0,-13.714288,12.790730,-13.718134,12.791581,-13.704523,12.783613
0,-13.714288,12.790730,-13.717093,12.791702,-13.718134,12.791581
0,-13.713006,12.790840,-13.710088,12.788866,-13.711090,12.791004
0,-13.707802,12.787354,-13.708021,12.787499,-13.705254,12.784737
0,-13.708021,12.787499,-13.710088,12.788866,-13.704523,12.783613
0,-13.692253,12.767649,-13.704523,12.783613,-13.718134,12.791581
0,-13.692253,12.767649,-13.693093,12.770709,-13.704523,12.783613
0,-13.704523,12.783613,-13.703026,12.782810,-13.703540,12.783183
0,-13.659065,12.711474,-13.659675,12.714623,-13.660313,12.715874
0,-13.661848,12.720004,-13.662256,12.720929,-13.661921,12.718432
0,-13.661921,12.718432,-13.659065,12.711474,-13.661043,12.717134
0,-13.659072,12.713825,-13.659675,12.714623,-13.659039,12.713038
0,-13.687766,12.674658,-13.661921,12.718432,-13.696274,12.674519
0,-13.663808,12.727221,-13.664445,12.728707,-13.667191,12.730185
0,-13.667981,12.730704,-13.662821,12.724123,-13.667191,12.730185
0,-13.664445,12.728707,-13.665633,12.730476,-13.666297,12.730398
0,-13.721411,12.674596,-13.712157,12.674497,-13.668480,12.732090
0,-13.667981,12.730704,-13.661921,12.718432,-13.662256,12.720929
0,-13.668480,12.732090,-13.667981,12.730704,-13.668115,12.731437
0,-13.696274,12.674519,-13.661921,12.718432,-13.667981,12.730704
0,-14.052181,12.675175,-14.033611,12.674956,-14.050141,12.829033
0,-14.033611,12.674956,-14.022245,12.675003,-14.050141,12.829033
0,-14.022245,12.675003,-14.010880,12.675049,-14.050141,12.829033
0,-13.662821,12.724123,-13.663808,12.727221,-13.667191,12.730185
0,-13.832459,12.674817,-13.790938,12.834337,-13.834669,12.674809
0,-13.847266,12.674818,-13.790938,12.834337,-13.857985,12.674644
0,-13.834669,12.674809,-13.790938,12.834337,-13.847266,12.674818
0,-13.919852,12.674340,-13.903858,12.674324,-13.975172,12.859373
0,-13.821659,12.674462,-13.809854,12.674509,-13.771157,12.822681
0,-13.741008,12.802829,-13.746887,12.806248,-13.780675,12.674865
0,-13.718134,12.791581,-13.762911,12.674781,-13.749839,12.674649
0,-13.741008,12.802829,-13.768352,12.674835,-13.762911,12.674781
0,-13.746887,12.806248,-13.750512,12.808977,-13.793075,12.674894
0,-13.793075,12.674894,-13.750512,12.808977,-13.804585,12.674937
0,-13.741008,12.802829,-13.780675,12.674865,-13.768352,12.674835
0,-13.746887,12.806248,-13.793075,12.674894,-13.780675,12.674865
0,-13.744955,12.674599,-13.718134,12.791581,-13.747272,12.674623
0,-13.667247,12.674731,-13.658230,12.707546,-13.681513,12.674699
0,-13.688538,12.764593,-13.721411,12.674596,-13.668480,12.732090
0,-13.667981,12.730704,-13.668480,12.732090,-13.707085,12.674409
0,-13.642071,12.694699,-13.643389,12.694543,-13.638715,12.674791
0,-13.638715,12.674791,-13.643389,12.694543,-13.652982,12.674761
0,-13.638715,12.674791,-13.634589,12.692138,-13.642071,12.694699
0,-13.642071,12.694699,-13.639071,12.694466,-13.640570,12.694727
0,-13.645389,12.695909,-13.646178,12.696383,-13.652982,12.674761
0,-13.646448,12.697052,-13.647967,12.698298,-13.646178,12.696383
0,-13.653243,12.704971,-13.653469,12.705714,-13.654503,12.706310
0,-13.646178,12.696383,-13.647967,12.698298,-13.650133,12.698935
0,-13.646448,12.697052,-13.646815,12.697959,-13.647967,12.698298
0,-13.659039,12.713038,-13.659675,12.714623,-13.659065,12.711474
0,-13.651998,12.700119,-13.653182,12.702575,-13.658230,12.707546
0,-13.661043,12.717134,-13.659065,12.711474,-13.660313,12.715874
0,-13.655701,12.706765,-13.656683,12.707430,-13.657865,12.707519
0,-13.653182,12.702575,-13.655701,12.706765,-13.658230,12.707546
0,-13.653243,12.704971,-13.654503,12.706310,-13.653182,12.702575
0,-13.650133,12.698935,-13.651437,12.699646,-13.652982,12.674761
0,-13.634589,12.692138,-13.638715,12.674791,-13.630739,12.688944
0,-13.628255,12.688533,-13.630739,12.688944,-13.625510,12.687009
0,-13.634589,12.692138,-13.637479,12.694124,-13.639071,12.694466
0,-13.632393,12.691322,-13.633422,12.691797,-13.630739,12.688944
0,-13.630739,12.688944,-13.633422,12.691797,-13.634589,12.692138
0,-13.628255,12.688533,-13.629055,12.688772,-13.630739,12.688944
0,-13.626767,12.687911,-13.628255,12.688533,-13.625510,12.687009
0,-13.625510,12.687009,-13.638715,12.674791,-13.623979,12.685880
0,-13.623979,12.685880,-13.620156,12.674903,-13.622630,12.684987
0,-13.617857,12.680532,-13.620156,12.674903,-13.616369,12.679675
0,-13.622630,12.684987,-13.620872,12.683161,-13.621659,12.684141
0,-13.622630,12.684987,-13.620156,12.674903,-13.620872,12.683161
0,-13.620872,12.683161,-13.620156,12.674903,-13.619570,12.682078
0,-13.619570,12.682078,-13.620156,12.674903,-13.617857,12.680532
0,-13.616369,12.679675,-13.620156,12.674903,-13.614417,12.678083
0,-13.620156,12.674903,-13.613537,12.677328,-13.614417,12.678083
0,-13.613537,12.677328,-13.620156,12.674903,-13.612051,12.676199
0,-13.613537,12.677328,-13.612051,12.676199,-13.612553,12.676988
0,-13.620156,12.674903,-13.611221,12.674956,-13.612051,12.676199
0,-14.104548,12.816543,-14.106001,12.819421,-14.106102,12.819224
