97,13,22,51,54,
0,-16.393854,12.565995,-16.393851,12.565993,-16.393845,12.565987
0,-16.626970,12.651303,-16.595766,12.641428,-16.590104,12.644675
0,-16.543270,12.635008,-16.540098,12.633033,-16.384761,12.712660
0,-16.435259,12.865913,-16.436153,12.869779,-16.462662,12.880717
0,-16.306993,12.850385,-16.308524,12.851872,-16.304358,12.830514
0,-16.376095,12.678169,-16.375665,12.678723,-16.372832,12.688077
0,-16.350975,12.600935,-16.393408,12.565583,-16.393203,12.565392
0,-16.352566,12.674231,-16.351243,12.674771,-16.354899,12.681831
0,-16.517257,12.616784,-16.503473,12.607937,-16.482632,12.601262
0,-16.347811,12.643624,-16.373589,12.674385,-16.355508,12.622764
0,-16.412432,12.571381,-16.409563,12.570827,-16.356759,12.619005
0,-16.462352,12.598913,-16.384634,12.711421,-16.384635,12.711422
0,-16.351244,12.603004,-16.355651,12.616741,-16.396965,12.568217
0,-16.350975,12.600935,-16.393739,12.565889,-16.393695,12.565848
0,-16.350975,12.600935,-16.393747,12.565896,-16.393739,12.565889
0,-16.523222,12.894446,-16.570265,12.855179,-16.571487,12.847879
0,-16.585350,12.646231,-16.603059,12.734070,-16.635991,12.679652
0,-16.503473,12.607937,-16.483655,12.601434,-16.482632,12.601262
0,-16.605119,12.635096,-16.595766,12.641428,-16.622156,12.642269
0,-16.635991,12.679652,-16.603059,12.734070,-16.636588,12.682137
0,-16.635991,12.679652,-16.634797,12.674690,-16.585350,12.646231
0,-16.590104,12.644675,-16.632011,12.663107,-16.630331,12.658032
0,-16.626970,12.651303,-16.626477,12.650315,-16.595766,12.641428
0,-16.574840,12.878540,-16.574575,12.869849,-16.540118,12.896688
0,-16.479552,12.904861,-16.476697,12.896017,-16.474943,12.897788
0,-16.480855,12.904747,-16.476697,12.896017,-16.479552,12.904861
0,-16.571487,12.847879,-16.477291,12.880552,-16.523222,12.894446
0,-16.435259,12.865913,-16.464121,12.880274,-16.468778,12.878856
0,-16.471265,12.878607,-16.475095,12.879887,-16.574387,12.840047
0,-16.374781,12.697605,-16.376420,12.704602,-16.379499,12.706963
0,-16.347955,12.669327,-16.344057,12.649348,-16.342927,12.649796
0,-16.356695,12.620841,-16.355508,12.622764,-16.373589,12.674385
0,-16.304730,12.822526,-16.304806,12.824135,-16.305256,12.825839
0,-16.304961,12.827029,-16.324879,12.861242,-16.305256,12.825839
0,-16.309593,12.852756,-16.312947,12.854723,-16.308524,12.851872
0,-16.349561,12.608608,-16.349691,12.610533,-16.350896,12.612290
0,-16.347071,12.621921,-16.346618,12.619707,-16.340821,12.616635
0,-16.340897,12.588514,-16.345197,12.594829,-16.341623,12.586682
0,-16.356695,12.620841,-16.448203,12.594570,-16.444480,12.590889
0,-16.337862,12.617527,-16.333138,12.620941,-16.338796,12.630777
0,-16.389866,12.562471,-16.345760,12.577578,-16.350975,12.600935
0,-16.389229,12.561868,-16.348663,12.569151,-16.389344,12.561982
0,-16.385595,12.558282,-16.384859,12.557639,-16.382008,12.555774
0,-16.348663,12.569151,-16.388740,12.561383,-16.349512,12.567371
0,-16.352822,12.560949,-16.350979,12.564294,-16.370190,12.552236
0,-16.393868,12.566008,-16.393870,12.566010,-16.393870,12.566010
0,-16.438695,12.583830,-16.434377,12.579964,-16.439665,12.585222
0,-16.356759,12.619005,-16.409563,12.570827,-16.403863,12.569724
0,-16.403863,12.569724,-16.401293,12.569227,-16.356759,12.619005
0,-16.393860,12.566001,-16.350975,12.600935,-16.393868,12.566008
0,-16.342672,12.585177,-16.345197,12.594829,-16.342839,12.584922
0,-16.350975,12.600935,-16.393827,12.565970,-16.393820,12.565963
0,-16.350975,12.600935,-16.393811,12.565955,-16.393802,12.565947
0,-16.393408,12.565583,-16.350975,12.600935,-16.393577,12.565739
0,-16.389625,12.562261,-16.389596,12.562233,-16.348663,12.569151
0,-16.385981,12.558646,-16.385595,12.558282,-16.382008,12.555774
0,-16.385595,12.558282,-16.385981,12.558646,-16.385863,12.558529
0,-16.372872,12.551986,-16.376337,12.552922,-16.374567,12.552153
0,-16.428147,12.575116,-16.423895,12.573810,-16.432520,12.578332
0,-16.390576,12.563056,-16.350975,12.600935,-16.391084,12.563474
0,-16.389695,12.562331,-16.345760,12.577578,-16.389704,12.562337
0,-16.391084,12.563474,-16.350975,12.600935,-16.392077,12.564351
0,-16.391084,12.563474,-16.392077,12.564351,-16.391380,12.563719
0,-16.462352,12.598913,-16.457857,12.598264,-16.376095,12.678169
0,-16.618893,12.636120,-16.605119,12.635096,-16.622156,12.642269
0,-16.455000,12.597908,-16.451553,12.597010,-16.375916,12.677393
0,-16.422284,12.573413,-16.432520,12.578332,-16.423895,12.573810
0,-16.517257,12.616784,-16.482632,12.601262,-16.476873,12.600368
0,-16.457857,12.598264,-16.455000,12.597908,-16.376095,12.678169
0,-16.375665,12.678723,-16.372794,12.686097,-16.372832,12.688077
0,-16.353343,12.624177,-16.346984,12.640310,-16.347676,12.642386
0,-16.344057,12.649348,-16.347955,12.669327,-16.349364,12.669239
0,-16.376095,12.678169,-16.384634,12.711421,-16.462352,12.598913
0,-16.587407,12.762972,-16.384198,12.713992,-16.431390,12.859764
0,-16.366069,12.682054,-16.362300,12.684876,-16.365022,12.684157
0,-16.637781,12.690294,-16.603059,12.734070,-16.610155,12.732677
0,-16.384634,12.711421,-16.384634,12.711421,-16.384635,12.711422
0,-16.595347,12.740327,-16.596390,12.739282,-16.597250,12.737729
0,-16.624085,12.645967,-16.622156,12.642269,-16.595766,12.641428
0,-16.637781,12.690294,-16.610155,12.732677,-16.638395,12.698316
0,-16.637781,12.690294,-16.638395,12.698316,-16.638291,12.693783
0,-16.636324,12.715364,-16.637371,12.712312,-16.634983,12.717829
0,-16.638450,12.700725,-16.638395,12.698316,-16.610155,12.732677
0,-16.610155,12.732677,-16.622579,12.728768,-16.638450,12.700725
0,-16.567589,12.645503,-16.597250,12.737729,-16.599761,12.735459
0,-16.580426,12.827386,-16.586187,12.799600,-16.471265,12.878607
0,-16.632128,12.721704,-16.634983,12.717829,-16.637886,12.709633
0,-16.586710,12.786991,-16.471265,12.878607,-16.586341,12.795479
0,-16.567589,12.645503,-16.595347,12.740327,-16.597250,12.737729
0,-16.592527,12.745122,-16.595347,12.740327,-16.559228,12.642480
0,-16.471265,12.878607,-16.586187,12.799600,-16.586341,12.795479
0,-16.574387,12.840047,-16.577579,12.834541,-16.580426,12.827386
0,-16.546790,12.899557,-16.541188,12.897433,-16.543099,12.898463
0,-16.540118,12.896688,-16.570265,12.855179,-16.523222,12.894446
0,-16.574387,12.840047,-16.580426,12.827386,-16.471265,12.878607
0,-16.572776,12.885795,-16.574840,12.878540,-16.540118,12.896688
0,-16.560282,12.900341,-16.553747,12.902062,-16.556133,12.902453
0,-16.565781,12.894705,-16.572776,12.885795,-16.540118,12.896688
0,-16.562751,12.897474,-16.548708,12.899852,-16.550390,12.900421
0,-16.550390,12.900421,-16.552020,12.901401,-16.561044,12.899292
0,-16.553747,12.902062,-16.561044,12.899292,-16.552020,12.901401
0,-16.479283,12.882686,-16.479833,12.883428,-16.523222,12.894446
0,-16.521752,12.895852,-16.502951,12.904421,-16.518898,12.899540
0,-16.512266,12.905758,-16.518326,12.900406,-16.509504,12.905362
0,-16.487851,12.904857,-16.480365,12.890823,-16.479451,12.892925
0,-16.474029,12.899844,-16.474943,12.897788,-16.474133,12.898927
0,-16.458071,12.895997,-16.458643,12.896373,-16.463207,12.886508
0,-16.436511,12.871298,-16.462662,12.880717,-16.436153,12.869779
0,-16.463207,12.886508,-16.458643,12.896373,-16.464728,12.897311
0,-16.493105,12.904593,-16.496153,12.904532,-16.480807,12.888991
0,-16.586710,12.786991,-16.431390,12.859764,-16.471265,12.878607
0,-16.460584,12.882119,-16.444411,12.890107,-16.447914,12.891392
0,-16.362342,12.737630,-16.358340,12.740272,-16.357905,12.741549
0,-16.589144,12.754412,-16.590746,12.749467,-16.543270,12.635008
0,-16.427047,12.858201,-16.375168,12.723342,-16.374124,12.724533
0,-16.391815,12.872186,-16.399743,12.867774,-16.387167,12.868644
0,-16.379977,12.865971,-16.380578,12.866551,-16.382738,12.867638
0,-16.375023,12.696454,-16.375024,12.696456,-16.376095,12.678169
0,-16.372832,12.688077,-16.375023,12.696454,-16.376095,12.678169
0,-16.375023,12.696454,-16.375024,12.696456,-16.375023,12.696454
0,-16.366888,12.731920,-16.372716,12.724748,-16.366476,12.730629
0,-16.587283,12.776840,-16.587407,12.762972,-16.431390,12.859764
0,-16.384198,12.713992,-16.379371,12.718827,-16.427047,12.858201
0,-16.372716,12.724748,-16.371405,12.724095,-16.366476,12.730629
0,-16.367289,12.722460,-16.365215,12.723818,-16.368413,12.722654
0,-16.347719,12.682238,-16.348416,12.683347,-16.351281,12.683640
0,-16.357905,12.741549,-16.357751,12.743666,-16.362342,12.737630
0,-16.400412,12.866725,-16.379977,12.865971,-16.387167,12.868644
0,-16.348222,12.756462,-16.339943,12.752715,-16.348595,12.757427
0,-16.355609,12.876695,-16.356988,12.879236,-16.359098,12.879122
0,-16.336066,12.867293,-16.339904,12.867979,-16.334572,12.866632
0,-16.319059,12.765267,-16.348595,12.757427,-16.336840,12.753527
0,-16.335899,12.753342,-16.334360,12.753142,-16.332804,12.753131
0,-16.312947,12.854723,-16.313637,12.855925,-16.314613,12.856671
0,-16.332987,12.865788,-16.334572,12.866632,-16.339904,12.867979
0,-16.324879,12.861242,-16.326420,12.861810,-16.327634,12.862192
0,-16.306019,12.849409,-16.306993,12.850385,-16.304358,12.830514
0,-16.302113,12.834254,-16.306019,12.849409,-16.303259,12.832339
0,-16.300273,12.839103,-16.306019,12.849409,-16.301272,12.836359
0,-16.295942,12.807727,-16.295267,12.805193,-16.294736,12.806611
0,-16.310854,12.783276,-16.309446,12.787440,-16.349251,12.757803
0,-16.309446,12.787440,-16.307318,12.793158,-16.349251,12.757803
0,-16.322383,12.757494,-16.331078,12.752525,-16.322885,12.754605
0,-16.322105,12.758128,-16.331734,12.752893,-16.322383,12.757494
0,-16.331078,12.752525,-16.329634,12.751131,-16.322885,12.754605
0,-16.297105,12.808567,-16.297047,12.801402,-16.296087,12.803273
0,-16.330076,12.655448,-16.327622,12.658047,-16.331097,12.664277
0,-16.327003,12.659424,-16.327223,12.661078,-16.327622,12.658047
0,-16.341928,12.671672,-16.336467,12.668092,-16.340613,12.672031
0,-16.336726,12.670252,-16.337379,12.671731,-16.339344,12.672291
0,-16.325191,12.749783,-16.324006,12.750943,-16.327057,12.749734
0,-16.363947,12.689850,-16.366387,12.689820,-16.365409,12.689490
0,-16.368383,12.692829,-16.367501,12.691532,-16.361625,12.693008
0,-16.363984,12.684795,-16.365022,12.684157,-16.362300,12.684876
0,-16.367501,12.691532,-16.366387,12.689820,-16.363947,12.689850
0,-16.372290,12.683078,-16.372794,12.686097,-16.374729,12.679270
0,-16.350307,12.675228,-16.349170,12.676228,-16.353631,12.682371
0,-16.353631,12.682371,-16.349170,12.676228,-16.348118,12.679253
0,-16.339821,12.631342,-16.348088,12.624502,-16.347485,12.623582
0,-16.393873,12.566012,-16.350975,12.600935,-16.395622,12.567260
0,-16.345874,12.618283,-16.344801,12.617348,-16.346618,12.619707
0,-16.370190,12.552236,-16.376337,12.552922,-16.372872,12.551986
0,-16.362779,12.552925,-16.361471,12.553591,-16.370190,12.552236
0,-16.338796,12.630777,-16.347485,12.623582,-16.347071,12.621921
0,-16.389122,12.561762,-16.389003,12.561644,-16.348663,12.569151
0,-16.349113,12.625111,-16.344943,12.637446,-16.350899,12.625120
0,-16.333822,12.664073,-16.330076,12.655448,-16.331097,12.664277
0,-16.355508,12.622764,-16.347676,12.642386,-16.347811,12.643624
0,-16.338796,12.630777,-16.339821,12.631342,-16.347485,12.623582
0,-16.333574,12.651887,-16.330076,12.655448,-16.333822,12.664073
0,-16.342672,12.585177,-16.342008,12.586129,-16.345197,12.594829
0,-16.344551,12.580875,-16.345231,12.578769,-16.344748,12.579913
0,-16.341094,12.587781,-16.340897,12.588514,-16.341623,12.586682
0,-16.393868,12.566008,-16.393866,12.566006,-16.393860,12.566001
0,-16.350975,12.600935,-16.393820,12.565963,-16.393817,12.565961
0,-16.350975,12.600935,-16.393845,12.565987,-16.393842,12.565984
0,-16.393854,12.565995,-16.350975,12.600935,-16.393860,12.566001
0,-16.393845,12.565987,-16.350975,12.600935,-16.393854,12.565995
0,-16.393868,12.566008,-16.393868,12.566008,-16.350975,12.600935
0,-16.401293,12.569227,-16.396965,12.568217,-16.356759,12.619005
0,-16.396965,12.568217,-16.355651,12.616741,-16.356759,12.619005
0,-16.418049,12.572368,-16.412432,12.571381,-16.441236,12.587356
0,-16.395622,12.567260,-16.350975,12.600935,-16.396965,12.568217
0,-16.393870,12.566010,-16.393868,12.566008,-16.393873,12.566012
0,-16.393872,12.566011,-16.393873,12.566012,-16.393872,12.566012
0,-16.393870,12.566010,-16.393873,12.566012,-16.393872,12.566011
0,-16.350975,12.600935,-16.393835,12.565978,-16.393827,12.565970
0,-16.350975,12.600935,-16.393842,12.565984,-16.393836,12.565979
0,-16.350975,12.600935,-16.393836,12.565979,-16.393835,12.565978
0,-16.350975,12.600935,-16.393817,12.565961,-16.393811,12.565955
0,-16.393747,12.565896,-16.350975,12.600935,-16.393777,12.565923
0,-16.393777,12.565923,-16.350975,12.600935,-16.393802,12.565947
0,-16.351244,12.603004,-16.350281,12.605576,-16.354020,12.614571
0,-16.350975,12.600935,-16.393130,12.565325,-16.392077,12.564351
0,-16.393666,12.565821,-16.350975,12.600935,-16.393695,12.565848
0,-16.393603,12.565763,-16.350975,12.600935,-16.393666,12.565821
0,-16.350975,12.600935,-16.393203,12.565392,-16.393130,12.565325
0,-16.392077,12.564351,-16.391548,12.563861,-16.391380,12.563719
0,-16.391548,12.563861,-16.391506,12.563822,-16.391380,12.563719
0,-16.385595,12.558282,-16.385847,12.558514,-16.385713,12.558385
0,-16.349512,12.567371,-16.386749,12.559408,-16.350979,12.564294
0,-16.385847,12.558514,-16.385595,12.558282,-16.385863,12.558529
0,-16.382008,12.555774,-16.386749,12.559408,-16.385981,12.558646
0,-16.370190,12.552236,-16.350979,12.564294,-16.380215,12.554790
0,-16.384580,12.557395,-16.382008,12.555774,-16.384859,12.557639
0,-16.384078,12.556957,-16.382008,12.555774,-16.384580,12.557395
0,-16.384026,12.556912,-16.382008,12.555774,-16.384078,12.556957
0,-16.370190,12.552236,-16.355283,12.557828,-16.352822,12.560949
0,-16.427635,12.574827,-16.423895,12.573810,-16.428092,12.575085
0,-16.370190,12.552236,-16.380215,12.554790,-16.378855,12.554043
0,-16.370190,12.552236,-16.378855,12.554043,-16.378626,12.553917
0,-16.376337,12.552922,-16.370190,12.552236,-16.378626,12.553917
0,-16.383941,12.556837,-16.383936,12.556833,-16.382008,12.555774
0,-16.383936,12.556833,-16.383934,12.556832,-16.382008,12.555774
0,-16.384026,12.556912,-16.383964,12.556858,-16.382008,12.555774
0,-16.383964,12.556858,-16.383941,12.556837,-16.382008,12.555774
0,-16.388621,12.561265,-16.387957,12.560606,-16.349512,12.567371
0,-16.349512,12.567371,-16.387510,12.560163,-16.386749,12.559408
0,-16.350979,12.564294,-16.386749,12.559408,-16.382008,12.555774
0,-16.350979,12.564294,-16.382008,12.555774,-16.380215,12.554790
0,-16.388870,12.561512,-16.388740,12.561383,-16.348663,12.569151
0,-16.388740,12.561383,-16.388621,12.561265,-16.349512,12.567371
0,-16.389122,12.561762,-16.348663,12.569151,-16.389203,12.561842
0,-16.389203,12.561842,-16.348663,12.569151,-16.389229,12.561868
0,-16.348663,12.569151,-16.389003,12.561644,-16.388870,12.561512
0,-16.389662,12.562298,-16.389625,12.562261,-16.348663,12.569151
0,-16.389596,12.562233,-16.389506,12.562143,-16.348663,12.569151
0,-16.389506,12.562143,-16.389451,12.562089,-16.348663,12.569151
0,-16.389451,12.562089,-16.389344,12.561982,-16.348663,12.569151
0,-16.389748,12.562374,-16.345760,12.577578,-16.389795,12.562413
0,-16.389704,12.562337,-16.345760,12.577578,-16.389748,12.562374
0,-16.344551,12.580875,-16.345687,12.577742,-16.345231,12.578769
0,-16.389795,12.562413,-16.345760,12.577578,-16.389866,12.562471
0,-16.444480,12.590889,-16.441236,12.587356,-16.356695,12.620841
0,-16.376095,12.678169,-16.455000,12.597908,-16.375916,12.677393
0,-16.448203,12.594570,-16.375263,12.676047,-16.451553,12.597010
0,-16.441236,12.587356,-16.356759,12.619005,-16.356695,12.620841
0,-16.434377,12.579964,-16.420507,12.572974,-16.441236,12.587356
0,-16.436657,12.581599,-16.435077,12.580386,-16.434377,12.579964
0,-16.436657,12.581599,-16.434377,12.579964,-16.438695,12.583830
0,-16.434377,12.579964,-16.441236,12.587356,-16.439665,12.585222
0,-16.418049,12.572368,-16.441236,12.587356,-16.420507,12.572974
0,-16.423895,12.573810,-16.428147,12.575116,-16.428092,12.575085
0,-16.432520,12.578332,-16.430291,12.576329,-16.428147,12.575116
0,-16.434377,12.579964,-16.422284,12.573413,-16.420507,12.572974
0,-16.432520,12.578332,-16.422284,12.573413,-16.434377,12.579964
0,-16.376095,12.678169,-16.383937,12.710168,-16.384634,12.711421
0,-16.375024,12.696456,-16.374781,12.697605,-16.379499,12.706963
0,-16.375024,12.696456,-16.379499,12.706963,-16.383937,12.710168
0,-16.368413,12.722654,-16.365215,12.723818,-16.364822,12.726118
0,-16.379371,12.718827,-16.375168,12.723342,-16.427047,12.858201
0,-16.366219,12.734265,-16.374124,12.724533,-16.366930,12.732752
0,-16.591803,12.746888,-16.547394,12.636939,-16.590746,12.749467
0,-16.540098,12.633033,-16.536051,12.630513,-16.384761,12.712660
0,-16.517257,12.616784,-16.514116,12.614296,-16.503473,12.607937
0,-16.476873,12.600368,-16.482632,12.601262,-16.479403,12.600673
0,-16.384635,12.711422,-16.517257,12.616784,-16.476873,12.600368
0,-16.384635,12.711422,-16.476873,12.600368,-16.462352,12.598913
0,-16.493516,12.603723,-16.492130,12.603256,-16.486795,12.601963
0,-16.493516,12.603723,-16.486795,12.601963,-16.483655,12.601434
0,-16.492130,12.603256,-16.488483,12.602248,-16.486795,12.601963
0,-16.503473,12.607937,-16.498904,12.605540,-16.493516,12.603723
0,-16.503473,12.607937,-16.493516,12.603723,-16.483655,12.601434
0,-16.637371,12.712312,-16.637886,12.709633,-16.634983,12.717829
0,-16.576669,12.646779,-16.599761,12.735459,-16.580374,12.646775
0,-16.585350,12.646231,-16.634797,12.674690,-16.634502,12.673462
0,-16.580374,12.646775,-16.603059,12.734070,-16.585350,12.646231
0,-16.559228,12.642480,-16.595347,12.740327,-16.567589,12.645503
0,-16.589144,12.754412,-16.384761,12.712660,-16.588218,12.757586
0,-16.519981,12.618669,-16.384635,12.711422,-16.521445,12.619681
0,-16.517257,12.616784,-16.384635,12.711422,-16.519981,12.618669
0,-16.510841,12.611700,-16.503473,12.607937,-16.514116,12.614296
0,-16.536051,12.630513,-16.384635,12.711422,-16.384761,12.712660
0,-16.521445,12.619681,-16.384635,12.711422,-16.536051,12.630513
0,-16.613824,12.627928,-16.605119,12.635096,-16.618893,12.636120
0,-16.547394,12.636939,-16.543270,12.635008,-16.590746,12.749467
0,-16.626477,12.650315,-16.624085,12.645967,-16.595766,12.641428
0,-16.590104,12.644675,-16.632277,12.664213,-16.632011,12.663107
0,-16.590104,12.644675,-16.630331,12.658032,-16.626970,12.651303
0,-16.636588,12.682137,-16.603059,12.734070,-16.637781,12.690294
0,-16.590104,12.644675,-16.634502,12.673462,-16.632277,12.664213
0,-16.590104,12.644675,-16.585350,12.646231,-16.634502,12.673462
0,-16.618289,12.730789,-16.622579,12.728768,-16.610155,12.732677
0,-16.638450,12.700725,-16.622579,12.728768,-16.637886,12.709633
0,-16.585800,12.809968,-16.586187,12.799600,-16.580426,12.827386
0,-16.612783,12.732430,-16.618289,12.730789,-16.610155,12.732677
0,-16.632128,12.721704,-16.637886,12.709633,-16.622579,12.728768
0,-16.629803,12.724251,-16.632128,12.721704,-16.622579,12.728768
0,-16.580374,12.646775,-16.599761,12.735459,-16.603059,12.734070
0,-16.576669,12.646779,-16.567589,12.645503,-16.599761,12.735459
0,-16.592527,12.745122,-16.595052,12.741564,-16.595347,12.740327
0,-16.547394,12.636939,-16.592527,12.745122,-16.559228,12.642480
0,-16.384198,12.713992,-16.587407,12.762972,-16.384761,12.712660
0,-16.588218,12.757586,-16.384761,12.712660,-16.587407,12.762972
0,-16.547394,12.636939,-16.591803,12.746888,-16.592527,12.745122
0,-16.384761,12.712660,-16.589144,12.754412,-16.543270,12.635008
0,-16.587648,12.771119,-16.587407,12.762972,-16.587283,12.776840
0,-16.587283,12.776840,-16.431390,12.859764,-16.586710,12.786991
0,-16.584163,12.818049,-16.585800,12.809968,-16.580426,12.827386
0,-16.477291,12.880552,-16.571687,12.846687,-16.574387,12.840047
0,-16.477291,12.880552,-16.571487,12.847879,-16.571687,12.846687
0,-16.477291,12.880552,-16.574387,12.840047,-16.475095,12.879887
0,-16.478265,12.894152,-16.481899,12.904655,-16.479451,12.892925
0,-16.481175,12.885414,-16.521752,12.895852,-16.523222,12.894446
0,-16.480346,12.884120,-16.523222,12.894446,-16.479833,12.883428
0,-16.479283,12.882686,-16.523222,12.894446,-16.477291,12.880552
0,-16.476460,12.904690,-16.479552,12.904861,-16.474029,12.899844
0,-16.476460,12.904690,-16.474029,12.899844,-16.475481,12.904220
0,-16.481899,12.904655,-16.484710,12.904824,-16.479451,12.892925
0,-16.484710,12.904824,-16.487851,12.904857,-16.479451,12.892925
0,-16.476697,12.896017,-16.480855,12.904747,-16.481899,12.904655
0,-16.564788,12.895568,-16.565781,12.894705,-16.548708,12.899852
0,-16.523222,12.894446,-16.480346,12.884120,-16.481175,12.885414
0,-16.496153,12.904532,-16.497444,12.904428,-16.480807,12.888991
0,-16.502951,12.904421,-16.521752,12.895852,-16.481175,12.885414
0,-16.540118,12.896688,-16.571996,12.862206,-16.570265,12.855179
0,-16.540118,12.896688,-16.574575,12.869849,-16.571996,12.862206
0,-16.570274,12.890571,-16.572776,12.885795,-16.565781,12.894705
0,-16.540118,12.896688,-16.546790,12.899557,-16.548708,12.899852
0,-16.543099,12.898463,-16.544403,12.899211,-16.546790,12.899557
0,-16.540118,12.896688,-16.548708,12.899852,-16.565781,12.894705
0,-16.560282,12.900341,-16.561044,12.899292,-16.553747,12.902062
0,-16.561992,12.898292,-16.550390,12.900421,-16.561044,12.899292
0,-16.540118,12.896688,-16.541188,12.897433,-16.546790,12.899557
0,-16.564029,12.896293,-16.564788,12.895568,-16.548708,12.899852
0,-16.518898,12.899540,-16.502951,12.904421,-16.503887,12.904705
0,-16.559852,12.901116,-16.560282,12.900341,-16.559141,12.901796
0,-16.564029,12.896293,-16.548708,12.899852,-16.562751,12.897474
0,-16.560282,12.900341,-16.557823,12.902334,-16.559141,12.901796
0,-16.560282,12.900341,-16.557072,12.902419,-16.557823,12.902334
0,-16.560282,12.900341,-16.556133,12.902453,-16.557072,12.902419
0,-16.518326,12.900406,-16.518898,12.899540,-16.509504,12.905362
0,-16.514422,12.905781,-16.517396,12.903931,-16.517695,12.902327
0,-16.554774,12.902394,-16.556133,12.902453,-16.553747,12.902062
0,-16.562751,12.897474,-16.550390,12.900421,-16.561992,12.898292
0,-16.512266,12.905758,-16.517695,12.902327,-16.518326,12.900406
0,-16.518898,12.899540,-16.506271,12.905236,-16.509504,12.905362
0,-16.517695,12.902327,-16.512266,12.905758,-16.514422,12.905781
0,-16.518898,12.899540,-16.503887,12.904705,-16.506271,12.905236
0,-16.493105,12.904593,-16.480807,12.888991,-16.480365,12.890823
0,-16.476697,12.896017,-16.481899,12.904655,-16.478265,12.894152
0,-16.474943,12.897788,-16.474029,12.899844,-16.479552,12.904861
0,-16.497444,12.904428,-16.481175,12.885414,-16.480807,12.888991
0,-16.487851,12.904857,-16.493105,12.904593,-16.480365,12.890823
0,-16.502951,12.904421,-16.481175,12.885414,-16.501546,12.904405
0,-16.499156,12.904289,-16.481175,12.885414,-16.497444,12.904428
0,-16.501546,12.904405,-16.481175,12.885414,-16.500796,12.904397
0,-16.500796,12.904397,-16.481175,12.885414,-16.499156,12.904289
0,-16.474029,12.899844,-16.473850,12.903240,-16.475481,12.904220
0,-16.472929,12.901760,-16.473850,12.903240,-16.474029,12.899844
0,-16.469765,12.878590,-16.471265,12.878607,-16.431390,12.859764
0,-16.433657,12.862452,-16.469765,12.878590,-16.431390,12.859764
0,-16.433657,12.862452,-16.468778,12.878856,-16.469765,12.878590
0,-16.460584,12.882119,-16.447914,12.891392,-16.451234,12.892300
0,-16.455479,12.894136,-16.457014,12.895301,-16.462554,12.886133
0,-16.464121,12.880274,-16.465624,12.879968,-16.468778,12.878856
0,-16.457014,12.895301,-16.463207,12.886508,-16.462554,12.886133
0,-16.464049,12.886654,-16.464728,12.897311,-16.469191,12.892264
0,-16.470122,12.888601,-16.469053,12.887809,-16.470106,12.890024
0,-16.473109,12.902497,-16.473850,12.903240,-16.472929,12.901760
0,-16.470106,12.890024,-16.469053,12.887809,-16.467463,12.887471
0,-16.460972,12.897639,-16.462889,12.898210,-16.464728,12.897311
0,-16.469191,12.892264,-16.467463,12.887471,-16.464049,12.886654
0,-16.469191,12.892264,-16.470106,12.890024,-16.467463,12.887471
0,-16.464728,12.897311,-16.464049,12.886654,-16.463207,12.886508
0,-16.457014,12.895301,-16.458071,12.895997,-16.463207,12.886508
0,-16.461178,12.883455,-16.453011,12.892639,-16.462554,12.886133
0,-16.458643,12.896373,-16.460972,12.897639,-16.464728,12.897311
0,-16.453011,12.892639,-16.455479,12.894136,-16.462554,12.886133
0,-16.461178,12.883455,-16.460584,12.882119,-16.453011,12.892639
0,-16.461178,12.883455,-16.460952,12.882719,-16.460584,12.882119
0,-16.443011,12.889594,-16.444411,12.890107,-16.435546,12.877945
0,-16.460584,12.882119,-16.451234,12.892300,-16.453011,12.892639
0,-16.439787,12.888504,-16.435546,12.877945,-16.438021,12.887245
0,-16.438021,12.887245,-16.435546,12.877945,-16.435440,12.883223
0,-16.439787,12.888504,-16.443011,12.889594,-16.435546,12.877945
0,-16.460584,12.882119,-16.435546,12.877945,-16.444411,12.890107
0,-16.436511,12.871298,-16.460584,12.882119,-16.462662,12.880717
0,-16.436511,12.871298,-16.435546,12.877945,-16.460584,12.882119
0,-16.436671,12.886357,-16.438021,12.887245,-16.435440,12.883223
0,-16.435929,12.885661,-16.436671,12.886357,-16.435440,12.883223
0,-16.387167,12.868644,-16.379977,12.865971,-16.382738,12.867638
0,-16.351610,12.756209,-16.349251,12.757803,-16.378621,12.865779
0,-16.376880,12.865951,-16.305256,12.825839,-16.351137,12.869896
0,-16.305256,12.825839,-16.376880,12.865951,-16.304730,12.822526
0,-16.351610,12.756209,-16.379977,12.865971,-16.402763,12.866108
0,-16.399357,12.868733,-16.399743,12.867774,-16.391815,12.872186
0,-16.398037,12.873539,-16.391815,12.872186,-16.392176,12.873521
0,-16.398582,12.870928,-16.399357,12.868733,-16.391815,12.872186
0,-16.398423,12.872534,-16.391815,12.872186,-16.398037,12.873539
0,-16.392176,12.873521,-16.393979,12.875744,-16.398037,12.873539
0,-16.401709,12.866384,-16.402763,12.866108,-16.379977,12.865971
0,-16.398423,12.872534,-16.398582,12.870928,-16.391815,12.872186
0,-16.413380,12.864297,-16.424352,12.860146,-16.425212,12.858778
0,-16.351610,12.756209,-16.405583,12.865542,-16.425212,12.858778
0,-16.400412,12.866725,-16.401709,12.866384,-16.379977,12.865971
0,-16.399743,12.867774,-16.400412,12.866725,-16.387167,12.868644
0,-16.468778,12.878856,-16.433657,12.862452,-16.434343,12.863975
0,-16.422357,12.866599,-16.422786,12.865869,-16.421134,12.866999
0,-16.464121,12.880274,-16.435259,12.865913,-16.462662,12.880717
0,-16.423656,12.863720,-16.423997,12.862576,-16.423771,12.861839
0,-16.468778,12.878856,-16.434343,12.863975,-16.435259,12.865913
0,-16.384198,12.713992,-16.429991,12.859060,-16.431390,12.859764
0,-16.384198,12.713992,-16.427047,12.858201,-16.429991,12.859060
0,-16.429055,12.858866,-16.429991,12.859060,-16.427047,12.858201
0,-16.354825,12.752929,-16.425212,12.858778,-16.427047,12.858201
0,-16.427047,12.858201,-16.356571,12.750461,-16.354825,12.752929
0,-16.417503,12.864663,-16.423771,12.861839,-16.424352,12.860146
0,-16.423656,12.863720,-16.423771,12.861839,-16.417503,12.864663
0,-16.422786,12.865869,-16.423656,12.863720,-16.417503,12.864663
0,-16.421134,12.866999,-16.422786,12.865869,-16.417503,12.864663
0,-16.409526,12.865080,-16.425212,12.858778,-16.405583,12.865542
0,-16.351610,12.756209,-16.402763,12.866108,-16.405583,12.865542
0,-16.409526,12.865080,-16.413380,12.864297,-16.425212,12.858778
0,-16.417503,12.864663,-16.424352,12.860146,-16.413380,12.864297
0,-16.366219,12.734265,-16.357631,12.747156,-16.356571,12.750461
0,-16.366888,12.731920,-16.373416,12.724753,-16.372716,12.724748
0,-16.371405,12.724095,-16.364822,12.726118,-16.365407,12.728836
0,-16.368413,12.722654,-16.364822,12.726118,-16.371405,12.724095
0,-16.367033,12.698927,-16.368918,12.696730,-16.361739,12.697049
0,-16.366295,12.722637,-16.365215,12.723818,-16.367289,12.722460
0,-16.373416,12.724753,-16.366930,12.732752,-16.374124,12.724533
0,-16.366930,12.732752,-16.373416,12.724753,-16.366888,12.731920
0,-16.361739,12.697049,-16.368383,12.692829,-16.361625,12.693008
0,-16.371405,12.724095,-16.365407,12.728836,-16.366476,12.730629
0,-16.362342,12.737630,-16.357631,12.747156,-16.366219,12.734265
0,-16.427047,12.858201,-16.366219,12.734265,-16.356571,12.750461
0,-16.427047,12.858201,-16.374124,12.724533,-16.366219,12.734265
0,-16.357631,12.747156,-16.362342,12.737630,-16.357751,12.743666
0,-16.344829,12.752438,-16.341494,12.752274,-16.348222,12.756462
0,-16.339943,12.752715,-16.339424,12.752863,-16.348595,12.757427
0,-16.339424,12.752863,-16.337594,12.753442,-16.348595,12.757427
0,-16.335899,12.753342,-16.332804,12.753131,-16.320843,12.761015
0,-16.322383,12.757494,-16.331734,12.752893,-16.331078,12.752525
0,-16.336066,12.867293,-16.338541,12.868101,-16.339904,12.867979
0,-16.332987,12.865788,-16.339904,12.867979,-16.331264,12.864667
0,-16.351137,12.869896,-16.305256,12.825839,-16.328193,12.862519
0,-16.336840,12.753527,-16.348595,12.757427,-16.337594,12.753442
0,-16.320843,12.761015,-16.320625,12.761480,-16.335899,12.753342
0,-16.317587,12.769302,-16.349251,12.757803,-16.348595,12.757427
0,-16.304730,12.822526,-16.376880,12.865951,-16.349251,12.757803
0,-16.339943,12.752715,-16.348222,12.756462,-16.341494,12.752274
0,-16.348222,12.756462,-16.347120,12.753701,-16.344829,12.752438
0,-16.351610,12.756209,-16.425212,12.858778,-16.354825,12.752929
0,-16.378621,12.865779,-16.379977,12.865971,-16.351610,12.756209
0,-16.352447,12.870186,-16.374521,12.867636,-16.376880,12.865951
0,-16.317187,12.770472,-16.317037,12.770909,-16.349251,12.757803
0,-16.376880,12.865951,-16.378621,12.865779,-16.349251,12.757803
0,-16.352447,12.870186,-16.353334,12.870609,-16.374521,12.867636
0,-16.365580,12.884055,-16.359660,12.883260,-16.363315,12.886056
0,-16.354124,12.871215,-16.366409,12.873907,-16.369850,12.871177
0,-16.359660,12.883260,-16.359602,12.884362,-16.363315,12.886056
0,-16.366409,12.873907,-16.355766,12.875275,-16.366303,12.874740
0,-16.366303,12.874740,-16.359098,12.879122,-16.366624,12.876166
0,-16.359684,12.881287,-16.365580,12.884055,-16.367383,12.881813
0,-16.367593,12.878051,-16.366624,12.876166,-16.359277,12.879951
0,-16.366624,12.876166,-16.359098,12.879122,-16.359277,12.879951
0,-16.367916,12.879758,-16.367593,12.878051,-16.359684,12.881287
0,-16.367383,12.881813,-16.367916,12.879758,-16.359684,12.881287
0,-16.363315,12.886056,-16.359602,12.884362,-16.359952,12.886616
0,-16.363315,12.886056,-16.361069,12.887361,-16.361911,12.888225
0,-16.361069,12.887361,-16.363315,12.886056,-16.359952,12.886616
0,-16.359277,12.879951,-16.359684,12.881287,-16.367593,12.878051
0,-16.359660,12.883260,-16.365580,12.884055,-16.359684,12.881287
0,-16.355766,12.875275,-16.355609,12.876695,-16.359098,12.879122
0,-16.359098,12.879122,-16.366303,12.874740,-16.355766,12.875275
0,-16.355685,12.878304,-16.356988,12.879236,-16.355609,12.876695
0,-16.355766,12.875275,-16.366409,12.873907,-16.355542,12.874354
0,-16.355542,12.874354,-16.366409,12.873907,-16.355141,12.872511
0,-16.353334,12.870609,-16.369850,12.871177,-16.374521,12.867636
0,-16.345738,12.870432,-16.347838,12.871329,-16.351137,12.869896
0,-16.342460,12.869937,-16.345738,12.870432,-16.341020,12.868772
0,-16.347838,12.871329,-16.350513,12.871220,-16.351137,12.869896
0,-16.355141,12.872511,-16.366409,12.873907,-16.354124,12.871215
0,-16.354124,12.871215,-16.369850,12.871177,-16.353334,12.870609
0,-16.339904,12.867979,-16.351137,12.869896,-16.328193,12.862519
0,-16.352447,12.870186,-16.376880,12.865951,-16.351137,12.869896
0,-16.345738,12.870432,-16.351137,12.869896,-16.339904,12.867979
0,-16.331264,12.864667,-16.339904,12.867979,-16.330149,12.863782
0,-16.341020,12.868772,-16.345738,12.870432,-16.339904,12.867979
0,-16.304961,12.827029,-16.304358,12.830514,-16.324879,12.861242
0,-16.315728,12.857556,-16.312947,12.854723,-16.314613,12.856671
0,-16.303259,12.832339,-16.306019,12.849409,-16.304358,12.830514
0,-16.301272,12.836359,-16.306019,12.849409,-16.301339,12.836175
0,-16.309593,12.852756,-16.310243,12.853269,-16.312947,12.854723
0,-16.312947,12.854723,-16.310243,12.853269,-16.311080,12.853876
0,-16.312947,12.854723,-16.321279,12.860236,-16.324879,12.861242
0,-16.304358,12.830514,-16.312947,12.854723,-16.324879,12.861242
0,-16.316703,12.858440,-16.318099,12.859511,-16.321279,12.860236
0,-16.339904,12.867979,-16.328193,12.862519,-16.330149,12.863782
0,-16.305256,12.825839,-16.327634,12.862192,-16.328193,12.862519
0,-16.305256,12.825839,-16.324879,12.861242,-16.327634,12.862192
0,-16.316703,12.858440,-16.321279,12.860236,-16.315728,12.857556
0,-16.315728,12.857556,-16.321279,12.860236,-16.312947,12.854723
0,-16.308524,12.851872,-16.312947,12.854723,-16.304358,12.830514
0,-16.301339,12.836175,-16.306019,12.849409,-16.302113,12.834254
0,-16.299150,12.842992,-16.303221,12.847999,-16.300273,12.839103
0,-16.300273,12.839103,-16.303221,12.847999,-16.303920,12.848330
0,-16.303920,12.848330,-16.306019,12.849409,-16.300273,12.839103
0,-16.299150,12.842992,-16.301726,12.847432,-16.303221,12.847999
0,-16.299150,12.842992,-16.299860,12.846582,-16.301726,12.847432
0,-16.298552,12.846155,-16.299150,12.842992,-16.297335,12.845911
0,-16.298552,12.846155,-16.299860,12.846582,-16.299150,12.842992
0,-16.302580,12.817862,-16.298387,12.811246,-16.298739,12.817451
0,-16.298387,12.811246,-16.304734,12.797585,-16.297979,12.810000
0,-16.298387,12.811246,-16.302580,12.817862,-16.304734,12.797585
0,-16.302580,12.817862,-16.303384,12.821270,-16.304730,12.822526
0,-16.302113,12.834254,-16.303259,12.832339,-16.302353,12.833660
0,-16.297979,12.810000,-16.304734,12.797585,-16.297105,12.808567
0,-16.297105,12.808567,-16.295267,12.805193,-16.295942,12.807727
0,-16.297105,12.808567,-16.296087,12.803273,-16.295267,12.805193
0,-16.297105,12.808567,-16.304734,12.797585,-16.300125,12.798634
0,-16.302580,12.817862,-16.304730,12.822526,-16.306686,12.795126
0,-16.297105,12.808567,-16.300125,12.798634,-16.297047,12.801402
0,-16.309446,12.787440,-16.308146,12.790457,-16.307318,12.793158
0,-16.307318,12.793158,-16.306686,12.795126,-16.349251,12.757803
0,-16.306686,12.795126,-16.304730,12.822526,-16.349251,12.757803
0,-16.305539,12.796571,-16.302580,12.817862,-16.306686,12.795126
0,-16.304734,12.797585,-16.302580,12.817862,-16.305539,12.796571
0,-16.312975,12.778293,-16.310854,12.783276,-16.349251,12.757803
0,-16.308774,12.788764,-16.308146,12.790457,-16.309446,12.787440
0,-16.315808,12.772399,-16.313797,12.776096,-16.317037,12.770909
0,-16.312975,12.778293,-16.349251,12.757803,-16.317037,12.770909
0,-16.314470,12.774542,-16.313797,12.776096,-16.315808,12.772399
0,-16.313797,12.776096,-16.312975,12.778293,-16.317037,12.770909
0,-16.322105,12.758128,-16.332804,12.753131,-16.331734,12.752893
0,-16.320843,12.761015,-16.332804,12.753131,-16.322105,12.758128
0,-16.323643,12.752130,-16.329634,12.751131,-16.328653,12.750250
0,-16.322885,12.754605,-16.329634,12.751131,-16.323643,12.752130
0,-16.327057,12.749734,-16.323643,12.752130,-16.328653,12.750250
0,-16.324006,12.750943,-16.323643,12.752130,-16.327057,12.749734
0,-16.320625,12.761480,-16.336840,12.753527,-16.335899,12.753342
0,-16.319882,12.763071,-16.336840,12.753527,-16.320625,12.761480
0,-16.319162,12.764993,-16.336840,12.753527,-16.319882,12.763071
0,-16.319059,12.765267,-16.336840,12.753527,-16.319162,12.764993
0,-16.319059,12.765267,-16.318309,12.767195,-16.348595,12.757427
0,-16.317587,12.769302,-16.317187,12.770472,-16.349251,12.757803
0,-16.319059,12.765267,-16.318676,12.766137,-16.318309,12.767195
0,-16.348595,12.757427,-16.318309,12.767195,-16.317587,12.769302
0,-16.318676,12.766137,-16.318656,12.766183,-16.318309,12.767195
0,-16.337379,12.671731,-16.338267,12.672332,-16.339344,12.672291
0,-16.340613,12.672031,-16.336726,12.670252,-16.339344,12.672291
0,-16.335962,12.666657,-16.343295,12.670761,-16.345418,12.669991
0,-16.343295,12.670761,-16.336467,12.668092,-16.341928,12.671672
0,-16.327622,12.658047,-16.327223,12.661078,-16.331097,12.664277
0,-16.331097,12.664277,-16.327223,12.661078,-16.329318,12.663852
0,-16.329318,12.663852,-16.327223,12.661078,-16.328052,12.662882
0,-16.345418,12.669991,-16.334894,12.664863,-16.335962,12.666657
0,-16.337903,12.650219,-16.333574,12.651887,-16.333822,12.664073
0,-16.334894,12.664863,-16.337903,12.650219,-16.333822,12.664073
0,-16.342927,12.649796,-16.341381,12.649831,-16.334894,12.664863
0,-16.340613,12.672031,-16.336467,12.668092,-16.336726,12.670252
0,-16.343295,12.670761,-16.335962,12.666657,-16.336467,12.668092
0,-16.351243,12.674771,-16.350307,12.675228,-16.353631,12.682371
0,-16.351281,12.683640,-16.352595,12.683145,-16.348118,12.679253
0,-16.345708,12.647804,-16.345149,12.648574,-16.350434,12.669712
0,-16.350434,12.669712,-16.345149,12.648574,-16.349364,12.669239
0,-16.371940,12.674421,-16.352163,12.671105,-16.353191,12.672212
0,-16.353510,12.673412,-16.369490,12.676052,-16.353191,12.672212
0,-16.371940,12.674421,-16.347279,12.645643,-16.352163,12.671105
0,-16.357856,12.681988,-16.353510,12.673412,-16.356363,12.681706
0,-16.353510,12.673412,-16.352566,12.674231,-16.356363,12.681706
0,-16.356363,12.681706,-16.352566,12.674231,-16.354899,12.681831
0,-16.352595,12.683145,-16.353631,12.682371,-16.348118,12.679253
0,-16.354899,12.681831,-16.351243,12.674771,-16.353631,12.682371
0,-16.351281,12.683640,-16.348118,12.679253,-16.347719,12.682238
0,-16.348416,12.683347,-16.349773,12.684090,-16.351281,12.683640
0,-16.368918,12.696730,-16.368383,12.692829,-16.361739,12.697049
0,-16.362709,12.699492,-16.367033,12.698927,-16.361739,12.697049
0,-16.362709,12.699492,-16.364580,12.700514,-16.365327,12.700377
0,-16.361625,12.693008,-16.367501,12.691532,-16.362296,12.691124
0,-16.365327,12.700377,-16.367033,12.698927,-16.362709,12.699492
0,-16.365327,12.700377,-16.366220,12.700071,-16.367033,12.698927
0,-16.374781,12.697605,-16.374621,12.700454,-16.376420,12.704602
0,-16.372832,12.688077,-16.374604,12.695715,-16.375023,12.696454
0,-16.376420,12.704602,-16.374621,12.700454,-16.375074,12.702431
0,-16.370406,12.692430,-16.371794,12.695422,-16.372062,12.690459
0,-16.372062,12.690459,-16.371794,12.695422,-16.374604,12.695715
0,-16.369091,12.692735,-16.368918,12.696730,-16.371794,12.695422
0,-16.369091,12.692735,-16.371794,12.695422,-16.370406,12.692430
0,-16.368383,12.692829,-16.368918,12.696730,-16.369091,12.692735
0,-16.372647,12.680999,-16.372290,12.683078,-16.374729,12.679270
0,-16.372062,12.690459,-16.374604,12.695715,-16.372832,12.688077
0,-16.375024,12.696456,-16.383937,12.710168,-16.376095,12.678169
0,-16.374729,12.679270,-16.372794,12.686097,-16.375665,12.678723
0,-16.451553,12.597010,-16.375915,12.677391,-16.375916,12.677393
0,-16.375916,12.677393,-16.375915,12.677391,-16.375915,12.677391
0,-16.451553,12.597010,-16.375263,12.676047,-16.375915,12.677391
0,-16.448203,12.594570,-16.373589,12.674385,-16.375263,12.676047
0,-16.347279,12.645643,-16.345708,12.647804,-16.350434,12.669712
0,-16.347811,12.643624,-16.371940,12.674421,-16.373589,12.674385
0,-16.367544,12.678846,-16.357856,12.681988,-16.359731,12.683108
0,-16.373589,12.674385,-16.371940,12.674421,-16.373588,12.674385
0,-16.353510,12.673412,-16.357856,12.681988,-16.367544,12.678846
0,-16.367544,12.678846,-16.369490,12.676052,-16.353510,12.673412
0,-16.371940,12.674421,-16.353191,12.672212,-16.369490,12.676052
0,-16.372290,12.683078,-16.372647,12.680999,-16.372213,12.682420
0,-16.367501,12.691532,-16.363947,12.689850,-16.362296,12.691124
0,-16.362300,12.684876,-16.366069,12.682054,-16.359731,12.683108
0,-16.359731,12.683108,-16.366069,12.682054,-16.367544,12.678846
0,-16.349364,12.669239,-16.345149,12.648574,-16.344057,12.649348
0,-16.352163,12.671105,-16.347279,12.645643,-16.350434,12.669712
0,-16.349113,12.625111,-16.348088,12.624502,-16.342523,12.634113
0,-16.344801,12.617348,-16.343307,12.616740,-16.346618,12.619707
0,-16.337862,12.617527,-16.347071,12.621921,-16.340821,12.616635
0,-16.355508,12.622764,-16.353343,12.624177,-16.347676,12.642386
0,-16.350899,12.625120,-16.344943,12.637446,-16.346984,12.640310
0,-16.350899,12.625120,-16.346984,12.640310,-16.353343,12.624177
0,-16.347811,12.643624,-16.347279,12.645643,-16.371940,12.674421
0,-16.412432,12.571381,-16.356759,12.619005,-16.441236,12.587356
0,-16.448203,12.594570,-16.356695,12.620841,-16.373589,12.674385
0,-16.393868,12.566008,-16.350975,12.600935,-16.393873,12.566012
0,-16.350281,12.605576,-16.350896,12.612290,-16.354020,12.614571
0,-16.350896,12.612290,-16.350281,12.605576,-16.349561,12.608608
0,-16.354020,12.614571,-16.355651,12.616741,-16.351244,12.603004
0,-16.387510,12.560163,-16.349512,12.567371,-16.387957,12.560606
0,-16.393577,12.565739,-16.350975,12.600935,-16.393603,12.565763
0,-16.350979,12.564294,-16.352822,12.560949,-16.351969,12.562243
0,-16.355283,12.557828,-16.353961,12.559222,-16.352822,12.560949
0,-16.361471,12.553591,-16.359315,12.554687,-16.370190,12.552236
0,-16.359315,12.554687,-16.355283,12.557828,-16.370190,12.552236
0,-16.357279,12.555723,-16.355283,12.557828,-16.359315,12.554687
0,-16.389662,12.562298,-16.348663,12.569151,-16.389695,12.562331
0,-16.345760,12.577578,-16.345687,12.577742,-16.350975,12.600935
0,-16.396965,12.568217,-16.350975,12.600935,-16.351244,12.603004
0,-16.390576,12.563056,-16.389866,12.562471,-16.350975,12.600935
0,-16.345687,12.577742,-16.347859,12.597609,-16.350975,12.600935
0,-16.343918,12.582846,-16.345197,12.594829,-16.347859,12.597609
0,-16.342008,12.586129,-16.341623,12.586682,-16.345197,12.594829
0,-16.348663,12.569151,-16.345760,12.577578,-16.389695,12.562331
0,-16.343918,12.582846,-16.343583,12.583440,-16.343150,12.584448
0,-16.345687,12.577742,-16.344551,12.580875,-16.347859,12.597609
0,-16.344551,12.580875,-16.344306,12.581701,-16.347859,12.597609
0,-16.340320,12.589616,-16.340099,12.590087,-16.345197,12.594829
0,-16.340099,12.590087,-16.339699,12.590937,-16.345197,12.594829
0,-16.344306,12.581701,-16.343918,12.582846,-16.347859,12.597609
0,-16.345197,12.594829,-16.343150,12.584448,-16.342839,12.584922
0,-16.345197,12.594829,-16.343918,12.582846,-16.343150,12.584448
0,-16.346618,12.619707,-16.343307,12.616740,-16.340821,12.616635
0,-16.344943,12.637446,-16.349113,12.625111,-16.342523,12.634113
0,-16.345418,12.669991,-16.347955,12.669327,-16.342927,12.649796
0,-16.345418,12.669991,-16.342927,12.649796,-16.334894,12.664863
0,-16.334894,12.664863,-16.341381,12.649831,-16.337903,12.650219
0,-16.340323,12.589611,-16.345197,12.594829,-16.340897,12.588514
0,-16.340320,12.589616,-16.345197,12.594829,-16.340323,12.589611
0,-16.342523,12.634113,-16.348088,12.624502,-16.339821,12.631342
0,-16.333574,12.651887,-16.337903,12.650219,-16.335979,12.650527
0,-16.333574,12.651887,-16.335979,12.650527,-16.334619,12.650977
0,-16.329826,12.625009,-16.328959,12.628313,-16.334373,12.631984
0,-16.334373,12.631984,-16.329923,12.631355,-16.332682,12.632526
0,-16.332682,12.632526,-16.329923,12.631355,-16.331273,12.632424
0,-16.334373,12.631984,-16.328959,12.628313,-16.329923,12.631355
0,-16.328959,12.628313,-16.329043,12.630293,-16.329923,12.631355
0,-16.337862,12.617527,-16.338796,12.630777,-16.347071,12.621921
0,-16.334373,12.631984,-16.337203,12.630767,-16.329826,12.625009
0,-16.333138,12.620941,-16.337203,12.630767,-16.338796,12.630777
0,-16.329826,12.625009,-16.337203,12.630767,-16.333138,12.620941
0,-16.327057,12.749734,-16.325069,12.749783,-16.325191,12.749783
