78,2,36,17,32,
0,-14.973982,13.309495,-14.969328,13.302748,-14.945357,13.286322
0,-14.994820,13.327451,-14.973982,13.309495,-14.912839,13.452224
0,-14.904554,13.449411,-14.973982,13.309495,-14.898482,13.447705
0,-14.998984,13.328510,-15.006303,13.326275,-14.999951,13.325079
0,-15.139516,13.391442,-15.114601,13.370530,-15.106011,13.368314
0,-15.139793,13.375699,-15.128005,13.373986,-15.139516,13.391442
0,-14.980767,13.482442,-15.052194,13.343054,-15.042416,13.339506
0,-14.918628,13.454389,-14.994820,13.327451,-14.912839,13.452224
0,-14.937004,13.281296,-14.898883,13.256991,-14.891895,13.257339
0,-14.796194,13.415537,-14.742182,13.387321,-14.743219,13.388638
0,-14.778964,13.415152,-14.747834,13.394820,-14.752907,13.403796
0,-14.493432,13.277034,-14.500647,13.281751,-14.506172,13.267526
0,-14.705488,13.360628,-14.713933,13.365542,-14.775012,13.225154
0,-14.923459,13.259726,-14.937004,13.281296,-14.931549,13.262086
0,-14.510205,13.259821,-14.513945,13.242332,-14.509919,13.248813
0,-14.487905,13.303531,-14.485578,13.295296,-14.483412,13.302947
0,-14.617105,13.339246,-14.621380,13.339103,-14.668665,13.182510
0,-14.945357,13.286322,-14.898482,13.447705,-14.973982,13.309495
0,-14.940393,13.268819,-14.937004,13.281296,-14.947648,13.276183
0,-14.938035,13.266631,-14.937004,13.281296,-14.938691,13.267091
0,-14.898883,13.256991,-14.937004,13.281296,-14.907616,13.257316
0,-15.083668,13.354036,-15.077294,13.350979,-15.069468,13.349320
0,-14.998984,13.328510,-15.006872,13.330517,-15.006303,13.326275
0,-14.940847,13.463283,-14.953557,13.469318,-14.998984,13.328510
0,-14.953557,13.469318,-14.962079,13.473417,-15.009314,13.331138
0,-15.222121,13.426661,-15.227443,13.418283,-15.216904,13.398452
0,-15.069468,13.349320,-15.052194,13.343054,-14.994797,13.490132
0,-15.029646,13.336036,-15.026324,13.335262,-14.973800,13.478805
0,-15.240439,13.406640,-15.240635,13.406465,-15.235414,13.404848
0,-15.211453,13.460033,-15.215350,13.445699,-15.148825,13.391619
0,-15.189853,13.531834,-15.195635,13.528483,-15.199758,13.509424
0,-15.049885,13.535481,-15.055700,13.541461,-15.182093,13.535718
0,-15.100054,13.363842,-15.069468,13.349320,-15.001734,13.494459
0,-15.052194,13.343054,-14.980767,13.482442,-14.994797,13.490132
0,-15.026324,13.335262,-15.016819,13.333047,-14.973800,13.478805
0,-15.182093,13.535718,-15.139516,13.391442,-15.049885,13.535481
0,-14.937004,13.281296,-14.830699,13.428138,-14.878196,13.446175
0,-14.796194,13.415537,-14.803113,13.416234,-14.832842,13.245371
0,-14.617105,13.339246,-14.668665,13.182510,-14.519102,13.221873
0,-14.646884,13.340967,-14.654362,13.340496,-14.688965,13.194019
0,-14.937004,13.281296,-14.891895,13.257339,-14.886769,13.257594
0,-14.881022,13.257880,-14.937004,13.281296,-14.886769,13.257594
0,-14.807168,13.418051,-14.811468,13.419700,-14.803113,13.416234
0,-14.487905,13.303531,-14.493278,13.304116,-14.485578,13.295296
0,-14.496989,13.305480,-14.497705,13.287247,-14.493278,13.304116
0,-14.532837,13.324708,-14.536601,13.327776,-14.510205,13.259821
0,-14.536601,13.327776,-14.598620,13.344302,-14.604963,13.342134
0,-14.493278,13.304116,-14.497705,13.287247,-14.485578,13.295296
0,-14.729210,13.374431,-14.742182,13.387321,-14.814070,13.241769
0,-14.519102,13.221873,-14.513945,13.242332,-14.617105,13.339246
0,-14.573960,13.140459,-14.539338,13.180085,-14.631262,13.142657
0,-14.796194,13.415537,-14.832842,13.245371,-14.742182,13.387321
0,-14.832842,13.245371,-14.803113,13.416234,-14.855736,13.250469
0,-14.705488,13.360628,-14.754717,13.218885,-14.743118,13.216437
0,-14.743219,13.388638,-14.747834,13.394820,-14.784520,13.414927
0,-14.573960,13.140459,-14.631262,13.142657,-14.626448,13.140192
0,-14.573960,13.140459,-14.626448,13.140192,-14.622392,13.138136
0,-14.668665,13.182510,-14.658020,13.164130,-14.643188,13.150730
0,-14.577988,13.136677,-14.587814,13.130510,-14.581160,13.132033
0,-14.539338,13.180085,-14.519102,13.221873,-14.668665,13.182510
0,-14.577988,13.136677,-14.590934,13.129799,-14.587814,13.130510
0,-14.962079,13.473417,-14.967774,13.476042,-15.016819,13.333047
0,-14.967774,13.476042,-14.973800,13.478805,-15.016819,13.333047
0,-15.037693,13.338261,-14.980767,13.482442,-15.042416,13.339506
0,-15.029646,13.336036,-14.973800,13.478805,-15.037693,13.338261
0,-14.969328,13.302748,-14.972645,13.298237,-14.967516,13.292710
0,-14.963045,13.294432,-14.969328,13.302748,-14.963260,13.294349
0,-14.969328,13.302748,-14.967516,13.292710,-14.963260,13.294349
0,-14.945357,13.286322,-14.969328,13.302748,-14.963045,13.294432
0,-14.907616,13.257316,-14.937004,13.281296,-14.910358,13.257624
0,-14.881022,13.257880,-14.822790,13.423573,-14.830699,13.428138
0,-14.865873,13.253441,-14.822790,13.423573,-14.881022,13.257880
0,-14.803113,13.416234,-14.811468,13.419700,-14.865873,13.253441
0,-14.865873,13.253441,-14.855736,13.250469,-14.803113,13.416234
0,-14.923459,13.259726,-14.918117,13.258493,-14.937004,13.281296
0,-14.918117,13.258493,-14.910358,13.257624,-14.937004,13.281296
0,-14.954461,13.284157,-14.945357,13.286322,-14.963045,13.294432
0,-14.937004,13.281296,-14.889587,13.446825,-14.945357,13.286322
0,-14.938691,13.267091,-14.937004,13.281296,-14.940393,13.268819
0,-14.931549,13.262086,-14.937004,13.281296,-14.938035,13.266631
0,-15.139516,13.391442,-15.128005,13.373986,-15.114601,13.370530
0,-15.092873,13.358450,-15.083668,13.354036,-15.100054,13.363842
0,-15.012249,13.501254,-15.106011,13.368314,-15.100054,13.363842
0,-15.069468,13.349320,-15.100054,13.363842,-15.083668,13.354036
0,-15.001734,13.494459,-15.069468,13.349320,-14.994797,13.490132
0,-15.206847,13.476968,-15.148825,13.391619,-15.139516,13.391442
0,-15.183301,13.386214,-15.219309,13.433247,-15.187378,13.386849
0,-15.022415,13.508973,-15.031965,13.517525,-15.139516,13.391442
0,-15.055700,13.541461,-15.059565,13.545435,-15.170464,13.546841
0,-15.148825,13.391619,-15.171811,13.383457,-15.162830,13.379947
0,-15.148825,13.391619,-15.183301,13.386214,-15.178741,13.384742
0,-15.155805,13.379653,-15.148825,13.391619,-15.162830,13.379947
0,-15.149999,13.376666,-15.148825,13.391619,-15.155805,13.379653
0,-15.219309,13.433247,-15.222121,13.426661,-15.208356,13.394568
0,-15.187378,13.386849,-15.200105,13.390986,-15.190938,13.387404
0,-15.219309,13.433247,-15.183301,13.386214,-15.215350,13.445699
0,-15.183301,13.386214,-15.148825,13.391619,-15.215350,13.445699
0,-15.178741,13.384742,-15.171811,13.383457,-15.148825,13.391619
0,-15.175403,13.383666,-15.171811,13.383457,-15.178741,13.384742
0,-15.227443,13.418283,-15.235414,13.404848,-15.221496,13.400538
0,-15.227443,13.418283,-15.240439,13.406640,-15.235414,13.404848
0,-15.222121,13.426661,-15.216904,13.398452,-15.208356,13.394568
0,-15.227443,13.418283,-15.221496,13.400538,-15.216904,13.398452
0,-15.200105,13.390986,-15.219309,13.433247,-15.208356,13.394568
0,-15.187378,13.386849,-15.219309,13.433247,-15.200105,13.390986
0,-15.209936,13.465611,-15.211453,13.460033,-15.148825,13.391619
0,-15.206847,13.476968,-15.209936,13.465611,-15.148825,13.391619
0,-15.204035,13.489652,-15.206847,13.476968,-15.139516,13.391442
0,-15.189853,13.531834,-15.199758,13.509424,-15.185168,13.533148
0,-15.182093,13.535718,-15.199758,13.509424,-15.204035,13.489652
0,-15.170464,13.546841,-15.178429,13.539632,-15.055700,13.541461
0,-15.182093,13.535718,-15.055700,13.541461,-15.178429,13.539632
0,-15.040531,13.525754,-15.049885,13.535481,-15.139516,13.391442
0,-15.199758,13.509424,-15.182093,13.535718,-15.185168,13.533148
0,-15.204035,13.489652,-15.139516,13.391442,-15.182093,13.535718
0,-15.170464,13.546841,-15.175638,13.542614,-15.178429,13.539632
0,-15.066859,13.554151,-15.170464,13.546841,-15.059565,13.545435
0,-15.075126,13.565578,-15.081120,13.578653,-15.117295,13.588770
0,-15.142725,13.571399,-15.117295,13.588770,-15.139800,13.581439
0,-15.142725,13.571399,-15.075126,13.565578,-15.117295,13.588770
0,-15.117295,13.588770,-15.081120,13.578653,-15.111768,13.590570
0,-15.081120,13.578653,-15.086995,13.595695,-15.100561,13.594220
0,-15.088919,13.598615,-15.100561,13.594220,-15.086995,13.595695
0,-15.111768,13.590570,-15.081120,13.578653,-15.100561,13.594220
0,-15.072961,13.562586,-15.075126,13.565578,-15.142725,13.571399
0,-15.066859,13.554151,-15.072961,13.562586,-15.142725,13.571399
0,-15.170464,13.546841,-15.066859,13.554151,-15.142725,13.571399
0,-14.980767,13.482442,-14.987218,13.486955,-14.994797,13.490132
0,-15.012249,13.501254,-15.100054,13.363842,-15.001734,13.494459
0,-15.037693,13.338261,-14.973800,13.478805,-14.980767,13.482442
0,-15.016819,13.333047,-15.009314,13.331138,-14.962079,13.473417
0,-15.031965,13.517525,-15.040531,13.525754,-15.139516,13.391442
0,-15.106011,13.368314,-15.022415,13.508973,-15.139516,13.391442
0,-15.012249,13.501254,-15.022415,13.508973,-15.106011,13.368314
0,-15.006872,13.330517,-14.953557,13.469318,-15.009314,13.331138
0,-14.998984,13.328510,-14.953557,13.469318,-15.006872,13.330517
0,-14.994820,13.327451,-14.940847,13.463283,-14.998984,13.328510
0,-14.926537,13.457202,-14.940847,13.463283,-14.994820,13.327451
0,-14.947156,13.466968,-14.953557,13.469318,-14.940847,13.463283
0,-14.923883,13.456258,-14.926537,13.457202,-14.994820,13.327451
0,-14.937176,13.462500,-14.940847,13.463283,-14.926537,13.457202
0,-14.945357,13.286322,-14.893635,13.447196,-14.898482,13.447705
0,-14.945357,13.286322,-14.889587,13.446825,-14.893635,13.447196
0,-14.937004,13.281296,-14.885479,13.446591,-14.889587,13.446825
0,-14.848777,13.444867,-14.851557,13.446203,-14.856168,13.445930
0,-14.918628,13.454389,-14.923883,13.456258,-14.994820,13.327451
0,-14.912839,13.452224,-14.973982,13.309495,-14.904554,13.449411
0,-14.937004,13.281296,-14.878196,13.446175,-14.885479,13.446591
0,-14.830699,13.428138,-14.872642,13.445941,-14.878196,13.446175
0,-14.838090,13.434315,-14.867700,13.445616,-14.872642,13.445941
0,-14.838090,13.434315,-14.862193,13.445105,-14.867700,13.445616
0,-14.838090,13.434315,-14.848777,13.444867,-14.856168,13.445930
0,-14.862193,13.445105,-14.838090,13.434315,-14.859793,13.445427
0,-14.859793,13.445427,-14.838090,13.434315,-14.856168,13.445930
0,-14.761241,13.220900,-14.705488,13.360628,-14.775012,13.225154
0,-14.761241,13.220900,-14.754717,13.218885,-14.705488,13.360628
0,-14.698690,13.357757,-14.743118,13.216437,-14.683836,13.350466
0,-14.654362,13.340496,-14.658789,13.340950,-14.702081,13.200842
0,-14.639089,13.342419,-14.646884,13.340967,-14.635067,13.340992
0,-14.652345,13.341943,-14.654362,13.340496,-14.646884,13.340967
0,-14.799864,13.234734,-14.729210,13.374431,-14.814070,13.241769
0,-14.786134,13.228589,-14.713933,13.365542,-14.729210,13.374431
0,-14.799864,13.234734,-14.786134,13.228589,-14.729210,13.374431
0,-14.770820,13.415605,-14.754391,13.406422,-14.767196,13.416337
0,-14.770820,13.415605,-14.752907,13.403796,-14.754391,13.406422
0,-14.790734,13.415624,-14.796194,13.415537,-14.784520,13.414927
0,-14.784520,13.414927,-14.796194,13.415537,-14.743219,13.388638
0,-14.784520,13.414927,-14.747834,13.394820,-14.778964,13.415152
0,-14.778964,13.415152,-14.752907,13.403796,-14.770820,13.415605
0,-14.872642,13.445941,-14.830699,13.428138,-14.838090,13.434315
0,-14.937004,13.281296,-14.881022,13.257880,-14.830699,13.428138
0,-14.822790,13.423573,-14.865873,13.253441,-14.811468,13.419700
0,-14.767196,13.416337,-14.754391,13.406422,-14.756745,13.412089
0,-14.763524,13.417209,-14.767196,13.416337,-14.757137,13.412912
0,-14.763524,13.417209,-14.759004,13.416927,-14.759428,13.417665
0,-14.763524,13.417209,-14.757733,13.414163,-14.759004,13.416927
0,-14.757733,13.414163,-14.763524,13.417209,-14.757137,13.412912
0,-14.757137,13.412912,-14.767196,13.416337,-14.756745,13.412089
0,-14.646884,13.340967,-14.688965,13.194019,-14.635067,13.340992
0,-14.621380,13.339103,-14.629418,13.340660,-14.635067,13.340992
0,-14.635067,13.340992,-14.688965,13.194019,-14.621380,13.339103
0,-14.646884,13.340967,-14.639089,13.342419,-14.643668,13.343322
0,-14.536601,13.327776,-14.604963,13.342134,-14.510205,13.259821
0,-14.551427,13.348260,-14.583077,13.351153,-14.543206,13.337466
0,-14.560716,13.362930,-14.583077,13.351153,-14.551427,13.348260
0,-14.588535,13.348024,-14.594952,13.346240,-14.598620,13.344302
0,-14.536601,13.327776,-14.588535,13.348024,-14.598620,13.344302
0,-14.583077,13.351153,-14.588535,13.348024,-14.543206,13.337466
0,-14.536501,13.328166,-14.537260,13.330112,-14.536601,13.327776
0,-14.543206,13.337466,-14.588535,13.348024,-14.536601,13.327776
0,-14.506172,13.267526,-14.514551,13.309464,-14.522633,13.314115
0,-14.537260,13.330112,-14.543206,13.337466,-14.536601,13.327776
0,-14.624285,13.341296,-14.629418,13.340660,-14.621380,13.339103
0,-14.604963,13.342134,-14.612827,13.340436,-14.513945,13.242332
0,-14.513945,13.242332,-14.612827,13.340436,-14.617105,13.339246
0,-14.604963,13.342134,-14.608702,13.341626,-14.612827,13.340436
0,-14.522633,13.314115,-14.532837,13.324708,-14.510205,13.259821
0,-14.506172,13.267526,-14.522633,13.314115,-14.510204,13.259823
0,-14.506312,13.306608,-14.514551,13.309464,-14.500647,13.281751
0,-14.496989,13.305480,-14.506312,13.306608,-14.497705,13.287247
0,-14.497705,13.287247,-14.489113,13.286595,-14.485578,13.295296
0,-14.506172,13.267526,-14.500647,13.281751,-14.514551,13.309464
0,-14.497705,13.287247,-14.506312,13.306608,-14.500647,13.281751
0,-14.539338,13.180085,-14.573960,13.140459,-14.565716,13.141003
0,-14.497705,13.287247,-14.490363,13.283829,-14.489113,13.286595
0,-14.505892,13.255297,-14.510205,13.259821,-14.507315,13.253006
0,-14.507315,13.253006,-14.510205,13.259821,-14.509919,13.248813
0,-14.500025,13.265390,-14.493432,13.277034,-14.506172,13.267526
0,-14.504164,13.258078,-14.510205,13.259821,-14.505892,13.255297
0,-14.668665,13.182510,-14.621380,13.339103,-14.688965,13.194019
0,-14.688965,13.194019,-14.679286,13.187152,-14.668665,13.182510
0,-14.527463,13.186121,-14.519102,13.221873,-14.539338,13.180085
0,-14.522633,13.314115,-14.510205,13.259821,-14.510204,13.259823
0,-14.604963,13.342134,-14.513945,13.242332,-14.510205,13.259821
0,-14.510205,13.259821,-14.510204,13.259823,-14.510204,13.259823
0,-14.786134,13.228589,-14.778644,13.226276,-14.713933,13.365542
0,-14.775012,13.225154,-14.713933,13.365542,-14.778644,13.226276
0,-14.705488,13.360628,-14.743118,13.216437,-14.698690,13.357757
0,-14.743118,13.216437,-14.734083,13.212772,-14.683836,13.350466
0,-14.814070,13.241769,-14.742182,13.387321,-14.832842,13.245371
0,-14.805098,13.220731,-14.794478,13.217613,-14.799864,13.234734
0,-14.799864,13.234734,-14.794478,13.217613,-14.786134,13.228589
0,-14.734083,13.212772,-14.716879,13.205793,-14.683836,13.350466
0,-14.716879,13.205793,-14.658789,13.340950,-14.683836,13.350466
0,-14.708460,13.202976,-14.658789,13.340950,-14.716879,13.205793
0,-14.702081,13.200842,-14.658789,13.340950,-14.708460,13.202976
0,-14.688965,13.194019,-14.654362,13.340496,-14.702081,13.200842
0,-14.631262,13.142657,-14.539338,13.180085,-14.643188,13.150730
0,-14.630826,13.142409,-14.626448,13.140192,-14.631262,13.142657
0,-14.631266,13.142646,-14.630826,13.142409,-14.631262,13.142657
0,-14.679286,13.187152,-14.673784,13.183248,-14.668665,13.182510
0,-14.658020,13.164130,-14.668665,13.182510,-14.666921,13.172172
0,-14.631262,13.142657,-14.643188,13.150730,-14.639334,13.147247
0,-14.539338,13.180085,-14.668665,13.182510,-14.643188,13.150730
0,-14.616100,13.134947,-14.573960,13.140459,-14.622392,13.138136
0,-14.610144,13.132081,-14.573960,13.140459,-14.616100,13.134947
0,-14.577987,13.136678,-14.573960,13.140459,-14.610144,13.132081
0,-14.577987,13.136678,-14.610144,13.132081,-14.590934,13.129799
0,-14.610144,13.132081,-14.606160,13.130164,-14.590934,13.129799
0,-14.606160,13.130164,-14.597766,13.128237,-14.590934,13.129799
0,-14.577139,13.134374,-14.581160,13.132033,-14.577138,13.134372
0,-14.577139,13.134374,-14.577988,13.136677,-14.581160,13.132033
0,-14.577987,13.136678,-14.590934,13.129799,-14.577988,13.136677
0,-14.570978,13.137948,-14.565716,13.141003,-14.573960,13.140459
0,-14.519102,13.221873,-14.527463,13.186121,-14.521697,13.192023
0,-14.539338,13.180085,-14.565716,13.141003,-14.532076,13.168317
0,-14.527463,13.186121,-14.527462,13.186121,-14.521697,13.192023
0,-14.527462,13.186121,-14.523794,13.186117,-14.521697,13.192023
0,-14.532076,13.168317,-14.565716,13.141003,-14.532075,13.168316
0,-14.527462,13.186121,-14.523795,13.186112,-14.523794,13.186117
