18,5,18,85,73,
0,-16.921151,14.796700,-16.921841,14.797146,-16.925926,14.797708
0,-16.917969,14.794779,-16.918204,14.794993,-16.918930,14.795544
0,-16.936877,14.757323,-16.940377,14.756887,-16.939792,14.756891
0,-16.960960,14.786582,-16.971548,14.774592,-16.958998,14.758658
0,-16.932375,14.758142,-16.932234,14.758835,-16.936877,14.757323
0,-16.911465,14.767139,-16.911165,14.767202,-16.911916,14.767062
0,-16.928093,14.797434,-16.916826,14.793813,-16.927900,14.797459
0,-16.917969,14.794779,-16.919820,14.796078,-16.921151,14.796700
0,-16.894574,14.774563,-16.894773,14.774732,-16.896750,14.772546
0,-16.904332,14.772539,-16.910161,14.767247,-16.904378,14.772069
0,-16.905555,14.767004,-16.904218,14.768649,-16.906408,14.767009
0,-16.908074,14.786082,-16.911916,14.767062,-16.906937,14.785134
0,-16.905555,14.767004,-16.906408,14.767009,-16.905868,14.766916
0,-16.907665,14.767207,-16.904306,14.770282,-16.904349,14.771363
0,-16.973687,14.776232,-16.973877,14.781560,-16.974607,14.780604
0,-16.938847,14.756899,-16.936877,14.757323,-16.939775,14.756892
0,-16.925875,14.756779,-16.925486,14.756742,-16.930964,14.758905
0,-16.971548,14.774592,-16.973215,14.782426,-16.973034,14.775731
0,-16.972185,14.784010,-16.972329,14.783586,-16.971962,14.784326
0,-16.972773,14.783005,-16.971548,14.774592,-16.972329,14.783586
0,-16.972329,14.783586,-16.971548,14.774592,-16.967790,14.785976
0,-16.973877,14.781560,-16.973034,14.775731,-16.973787,14.781678
0,-16.973099,14.782578,-16.973215,14.782426,-16.971548,14.774592
0,-16.973787,14.781678,-16.973034,14.775731,-16.973215,14.782426
0,-16.971962,14.784326,-16.972329,14.783586,-16.971836,14.784505
0,-16.968386,14.785966,-16.972329,14.783586,-16.968062,14.785971
0,-16.967208,14.785997,-16.971548,14.774592,-16.965606,14.786052
0,-16.951661,14.757161,-16.945162,14.757223,-16.953011,14.789576
0,-16.956828,14.792703,-16.958254,14.790223,-16.955695,14.792916
0,-16.936883,14.757227,-16.936877,14.757323,-16.936877,14.757323
0,-16.935025,14.796727,-16.935251,14.796690,-16.937063,14.796153
0,-16.953011,14.789576,-16.953805,14.793272,-16.955020,14.793043
0,-16.957534,14.792570,-16.958489,14.791907,-16.958254,14.790223
0,-16.957224,14.758296,-16.951661,14.757161,-16.957883,14.787573
0,-16.945157,14.757223,-16.941346,14.756878,-16.948133,14.791569
0,-16.904193,14.773048,-16.904027,14.773512,-16.911165,14.767202
0,-16.906937,14.785134,-16.903563,14.775069,-16.903486,14.775392
0,-16.911916,14.767062,-16.911165,14.767202,-16.903769,14.774357
0,-16.916303,14.793351,-16.916826,14.793813,-16.928093,14.797434
0,-16.902905,14.775104,-16.900755,14.779880,-16.903486,14.775392
0,-16.918930,14.795544,-16.919820,14.796078,-16.917969,14.794779
0,-16.913292,14.766757,-16.913482,14.790818,-16.914546,14.765669
0,-16.911165,14.767202,-16.904027,14.773512,-16.903769,14.774357
0,-16.906261,14.784553,-16.906937,14.785134,-16.903486,14.775392
0,-16.905217,14.783657,-16.906261,14.784553,-16.903486,14.775392
0,-16.914350,14.791698,-16.915606,14.792737,-16.913482,14.790818
0,-16.903486,14.775392,-16.901535,14.780548,-16.901574,14.780581
0,-16.909572,14.767240,-16.904378,14.772069,-16.910161,14.767247
0,-16.898817,14.773290,-16.898101,14.773002,-16.894773,14.774732
0,-16.905218,14.767117,-16.904218,14.768649,-16.905555,14.767004
0,-16.908994,14.767110,-16.908153,14.767117,-16.909254,14.767169
0,-16.914057,14.765591,-16.913551,14.766315,-16.914540,14.765668
0,-16.913292,14.766757,-16.911916,14.767062,-16.908074,14.786082
0,-16.909254,14.767169,-16.907665,14.767207,-16.909572,14.767240
0,-16.915236,14.763715,-16.914746,14.764314,-16.914525,14.765164
0,-16.915236,14.763715,-16.914954,14.763947,-16.914746,14.764314
0,-16.932218,14.758917,-16.948059,14.791599,-16.936877,14.757323
0,-16.914545,14.765669,-16.914540,14.765668,-16.914545,14.765669
0,-16.913292,14.766757,-16.914546,14.765669,-16.914545,14.765669
0,-16.914545,14.765645,-16.915236,14.763715,-16.914525,14.765164
0,-16.958998,14.758658,-16.971548,14.774592,-16.971053,14.768006
0,-16.942990,14.756865,-16.945157,14.757223,-16.945165,14.756852
0,-16.951672,14.757135,-16.951661,14.757135,-16.951661,14.757161
0,-16.957883,14.787573,-16.951661,14.757161,-16.953011,14.789576
0,-16.951661,14.757135,-16.945162,14.757223,-16.951661,14.757161
0,-16.945162,14.757223,-16.945157,14.757223,-16.951517,14.790182
0,-16.941346,14.756878,-16.940377,14.756887,-16.948059,14.791599
0,-16.939792,14.756891,-16.939775,14.756892,-16.936877,14.757323
0,-16.936883,14.757227,-16.936877,14.757323,-16.938847,14.756899
0,-16.942862,14.756866,-16.945157,14.757223,-16.942990,14.756865
0,-16.942862,14.756866,-16.941346,14.756878,-16.945157,14.757223
0,-16.936888,14.757142,-16.938847,14.756899,-16.936903,14.756916
0,-16.936883,14.757227,-16.938847,14.756899,-16.936888,14.757142
0,-16.938317,14.795628,-16.930964,14.758905,-16.932955,14.796888
0,-16.927204,14.756904,-16.930964,14.758905,-16.929191,14.757091
0,-16.925731,14.756741,-16.925875,14.756779,-16.925874,14.756740
0,-16.925486,14.756742,-16.915236,14.763715,-16.930964,14.758905
0,-16.929191,14.757091,-16.930964,14.758905,-16.929253,14.757097
0,-16.932234,14.758835,-16.932218,14.758917,-16.936877,14.757323
0,-16.935025,14.796727,-16.937063,14.796153,-16.934798,14.796759
0,-16.925875,14.756779,-16.930964,14.758905,-16.927204,14.756904
0,-16.915236,14.763715,-16.914546,14.765669,-16.930964,14.758905
0,-16.948059,14.791599,-16.940377,14.756887,-16.936877,14.757323
0,-16.968978,14.785955,-16.972329,14.783586,-16.968386,14.785966
0,-16.967208,14.785997,-16.967790,14.785976,-16.971548,14.774592
0,-16.968062,14.785971,-16.972329,14.783586,-16.967790,14.785976
0,-16.971548,14.774592,-16.964763,14.786081,-16.965606,14.786052
0,-16.971548,14.774592,-16.964634,14.786088,-16.964763,14.786081
0,-16.934798,14.796759,-16.937063,14.796153,-16.932955,14.796888
0,-16.971548,14.774592,-16.962732,14.786266,-16.962878,14.786246
0,-16.963152,14.786211,-16.971548,14.774592,-16.962878,14.786246
0,-16.971548,14.774592,-16.962313,14.786327,-16.962732,14.786266
0,-16.971548,14.774592,-16.963995,14.786122,-16.964634,14.786088
0,-16.971548,14.774592,-16.963839,14.786137,-16.963995,14.786122
0,-16.971548,14.774592,-16.963573,14.786163,-16.963839,14.786137
0,-16.971548,14.774592,-16.963249,14.786200,-16.963573,14.786163
0,-16.971548,14.774592,-16.963152,14.786211,-16.963249,14.786200
0,-16.971836,14.784505,-16.972329,14.783586,-16.968978,14.785955
0,-16.971286,14.785282,-16.971836,14.784505,-16.968978,14.785955
0,-16.972773,14.783005,-16.973099,14.782578,-16.971548,14.774592
0,-16.965314,14.755622,-16.971053,14.768006,-16.970084,14.755093
0,-16.965314,14.755622,-16.958998,14.758658,-16.971053,14.768006
0,-16.973687,14.776232,-16.973034,14.775731,-16.973877,14.781560
0,-16.976216,14.778498,-16.973687,14.776232,-16.976017,14.778759
0,-16.976374,14.778292,-16.973687,14.776232,-16.976216,14.778498
0,-16.976017,14.778759,-16.973687,14.776232,-16.975350,14.779631
0,-16.975350,14.779631,-16.973687,14.776232,-16.975057,14.780015
0,-16.975057,14.780015,-16.973687,14.776232,-16.974607,14.780604
0,-16.971548,14.774592,-16.961896,14.786396,-16.962313,14.786327
0,-16.971548,14.774592,-16.961479,14.786472,-16.961896,14.786396
0,-16.971548,14.774592,-16.961232,14.786521,-16.961479,14.786472
0,-16.971548,14.774592,-16.961064,14.786555,-16.961232,14.786521
0,-16.971548,14.774592,-16.960960,14.786582,-16.961064,14.786555
0,-16.958998,14.758658,-16.960659,14.786660,-16.960960,14.786582
0,-16.958998,14.758658,-16.960256,14.786771,-16.960659,14.786660
0,-16.959059,14.787143,-16.957224,14.758296,-16.958803,14.787232
0,-16.958803,14.787232,-16.957224,14.758296,-16.958665,14.787280
0,-16.958665,14.787280,-16.957224,14.758296,-16.958273,14.787424
0,-16.958998,14.758658,-16.959855,14.786888,-16.960256,14.786771
0,-16.958998,14.758658,-16.957224,14.758296,-16.959456,14.787013
0,-16.958998,14.758658,-16.959456,14.787013,-16.959855,14.786888
0,-16.957224,14.758296,-16.959275,14.787072,-16.959456,14.787013
0,-16.957224,14.758296,-16.959059,14.787143,-16.959275,14.787072
0,-16.955695,14.792916,-16.958254,14.790223,-16.953011,14.789576
0,-16.958254,14.790223,-16.958010,14.788481,-16.953011,14.789576
0,-16.958010,14.788481,-16.957883,14.787573,-16.953011,14.789576
0,-16.958273,14.787424,-16.957224,14.758296,-16.957883,14.787573
0,-16.958552,14.792354,-16.958489,14.791907,-16.958334,14.792401
0,-16.958334,14.792401,-16.958489,14.791907,-16.957642,14.792550
0,-16.957534,14.792570,-16.958254,14.790223,-16.956828,14.792703
0,-16.955695,14.792916,-16.953011,14.789576,-16.955020,14.793043
0,-16.953805,14.793272,-16.953011,14.789576,-16.953311,14.793364
0,-16.957642,14.792550,-16.958489,14.791907,-16.957534,14.792570
0,-16.945162,14.757223,-16.951517,14.790182,-16.953011,14.789576
0,-16.945157,14.757223,-16.948133,14.791569,-16.951517,14.790182
0,-16.932218,14.758917,-16.930964,14.758905,-16.938317,14.795628
0,-16.937063,14.796153,-16.935476,14.796648,-16.935699,14.796600
0,-16.936143,14.796487,-16.937063,14.796153,-16.935922,14.796546
0,-16.935922,14.796546,-16.937063,14.796153,-16.935699,14.796600
0,-16.935251,14.796690,-16.935476,14.796648,-16.937063,14.796153
0,-16.934798,14.796759,-16.932955,14.796888,-16.933845,14.796868
0,-16.914546,14.765669,-16.915606,14.792737,-16.931993,14.797007
0,-16.914546,14.765669,-16.913482,14.790818,-16.915606,14.792737
0,-16.927900,14.797459,-16.917963,14.794773,-16.927420,14.797519
0,-16.922640,14.797572,-16.925926,14.797708,-16.921841,14.797146
0,-16.927420,14.797519,-16.917963,14.794773,-16.921151,14.796700
0,-16.932955,14.796888,-16.930964,14.758905,-16.931993,14.797007
0,-16.932952,14.796893,-16.931993,14.797007,-16.933008,14.796939
0,-16.932952,14.796893,-16.932955,14.796888,-16.931993,14.797007
0,-16.932218,14.758917,-16.939602,14.795108,-16.940450,14.794769
0,-16.932218,14.758917,-16.938317,14.795628,-16.939602,14.795108
0,-16.932955,14.796888,-16.937063,14.796153,-16.938317,14.795628
0,-16.943282,14.793552,-16.941474,14.794359,-16.942237,14.794049
0,-16.932218,14.758917,-16.940450,14.794769,-16.941474,14.794359
0,-16.941346,14.756878,-16.948059,14.791599,-16.948133,14.791569
0,-16.932218,14.758917,-16.944480,14.793096,-16.948059,14.791599
0,-16.932218,14.758917,-16.943840,14.793338,-16.944480,14.793096
0,-16.932218,14.758917,-16.943377,14.793513,-16.943840,14.793338
0,-16.943282,14.793552,-16.942237,14.794049,-16.942854,14.793773
0,-16.932218,14.758917,-16.943303,14.793541,-16.943377,14.793513
0,-16.932218,14.758917,-16.941474,14.794359,-16.943303,14.793541
0,-16.943303,14.793541,-16.941474,14.794359,-16.943282,14.793552
0,-16.912128,14.766996,-16.911916,14.767062,-16.913292,14.766757
0,-16.908862,14.786770,-16.913292,14.766757,-16.908074,14.786082
0,-16.911916,14.767062,-16.903769,14.774357,-16.906937,14.785134
0,-16.904349,14.771363,-16.904378,14.772069,-16.909572,14.767240
0,-16.910688,14.767243,-16.904332,14.772539,-16.904290,14.772777
0,-16.910688,14.767243,-16.904290,14.772777,-16.911165,14.767202
0,-16.908864,14.786771,-16.909723,14.787551,-16.913292,14.766757
0,-16.913292,14.766757,-16.909723,14.787551,-16.911581,14.789134
0,-16.908862,14.786770,-16.908864,14.786771,-16.913292,14.766757
0,-16.913292,14.766757,-16.912879,14.790267,-16.913482,14.790818
0,-16.913292,14.766757,-16.912654,14.790061,-16.912879,14.790267
0,-16.913292,14.766757,-16.912592,14.790004,-16.912654,14.790061
0,-16.927420,14.797519,-16.921151,14.796700,-16.925926,14.797708
0,-16.931993,14.797007,-16.915606,14.792737,-16.928093,14.797434
0,-16.924004,14.798022,-16.925926,14.797708,-16.923998,14.798021
0,-16.923998,14.798021,-16.925926,14.797708,-16.922640,14.797572
0,-16.921151,14.796700,-16.917963,14.794773,-16.917969,14.794779
0,-16.927900,14.797459,-16.916826,14.793813,-16.917963,14.794773
0,-16.915606,14.792737,-16.916303,14.793351,-16.928093,14.797434
0,-16.913482,14.790818,-16.913427,14.790882,-16.914350,14.791698
0,-16.903151,14.781907,-16.905217,14.783657,-16.903486,14.775392
0,-16.899724,14.773664,-16.899042,14.773381,-16.894773,14.774732
0,-16.903149,14.781911,-16.903151,14.781907,-16.902539,14.781396
0,-16.894773,14.774732,-16.899042,14.773381,-16.898817,14.773290
0,-16.902539,14.781396,-16.903151,14.781907,-16.903486,14.775392
0,-16.903486,14.775392,-16.901609,14.780611,-16.902539,14.781396
0,-16.903486,14.775392,-16.901574,14.780581,-16.901609,14.780611
0,-16.903486,14.775392,-16.901296,14.780346,-16.901535,14.780548
0,-16.903486,14.775392,-16.901090,14.780172,-16.901296,14.780346
0,-16.903486,14.775392,-16.900990,14.780081,-16.901090,14.780172
0,-16.901090,14.780172,-16.900990,14.780081,-16.901040,14.780130
0,-16.936877,14.757323,-16.932535,14.757376,-16.932375,14.758142
0,-16.901040,14.780130,-16.900990,14.780081,-16.900989,14.780088
0,-16.902049,14.774679,-16.901442,14.774378,-16.900755,14.779880
0,-16.900990,14.780081,-16.903486,14.775392,-16.900989,14.780081
0,-16.900989,14.780081,-16.903486,14.775392,-16.900755,14.779880
0,-16.896750,14.772546,-16.894773,14.774732,-16.897750,14.772884
0,-16.900755,14.779880,-16.899724,14.773664,-16.894773,14.774732
0,-16.891114,14.771618,-16.894574,14.774563,-16.894772,14.771889
0,-16.903563,14.775069,-16.906937,14.785134,-16.903769,14.774357
0,-16.903563,14.775069,-16.903769,14.774357,-16.903600,14.774912
0,-16.902905,14.775104,-16.902049,14.774679,-16.900755,14.779880
0,-16.904290,14.772777,-16.904193,14.773048,-16.911165,14.767202
0,-16.901442,14.774378,-16.900579,14.774019,-16.900755,14.779880
0,-16.900579,14.774019,-16.899724,14.773664,-16.900755,14.779880
0,-16.894773,14.774732,-16.898101,14.773002,-16.897750,14.772884
0,-16.894574,14.774563,-16.896750,14.772546,-16.894810,14.771892
0,-16.894574,14.774563,-16.894810,14.771892,-16.894780,14.771890
0,-16.894574,14.774563,-16.894780,14.771890,-16.894775,14.771889
0,-16.894574,14.774563,-16.894775,14.771889,-16.894772,14.771889
0,-16.891114,14.771618,-16.894772,14.771889,-16.891083,14.771591
0,-16.905161,14.767123,-16.904194,14.768190,-16.905218,14.767117
0,-16.891083,14.771591,-16.894772,14.771889,-16.891082,14.771591
0,-16.904179,14.767394,-16.904180,14.767462,-16.904480,14.767367
0,-16.904480,14.767367,-16.904194,14.768190,-16.904667,14.767268
0,-16.904180,14.767462,-16.904194,14.768190,-16.904480,14.767367
0,-16.907665,14.767207,-16.904349,14.771363,-16.909572,14.767240
0,-16.906408,14.767009,-16.904218,14.768649,-16.906773,14.767116
0,-16.906773,14.767116,-16.904218,14.768649,-16.904306,14.770282
0,-16.909254,14.767169,-16.908153,14.767117,-16.907665,14.767207
0,-16.907263,14.767185,-16.904306,14.770282,-16.907665,14.767207
0,-16.906773,14.767116,-16.904306,14.770282,-16.907263,14.767185
0,-16.910621,14.767243,-16.904332,14.772539,-16.910688,14.767243
0,-16.910161,14.767247,-16.904332,14.772539,-16.910621,14.767243
0,-16.908629,14.767015,-16.908153,14.767117,-16.908994,14.767110
0,-16.905868,14.766916,-16.906408,14.767009,-16.906069,14.766915
0,-16.904194,14.768190,-16.904218,14.768649,-16.905218,14.767117
0,-16.904667,14.767268,-16.905161,14.767123,-16.904854,14.767157
0,-16.904667,14.767268,-16.904194,14.768190,-16.905161,14.767123
0,-16.914545,14.765645,-16.914546,14.765669,-16.915236,14.763715
0,-16.930964,14.758905,-16.914546,14.765669,-16.931993,14.797007
0,-16.914546,14.765669,-16.914546,14.765669,-16.914545,14.765645
0,-16.923907,14.756748,-16.915236,14.763715,-16.925486,14.756742
0,-16.914973,14.763906,-16.914954,14.763947,-16.915236,14.763715
0,-16.914954,14.763947,-16.914857,14.763989,-16.914746,14.764314
0,-16.925486,14.756742,-16.925875,14.756779,-16.925731,14.756741
0,-16.915235,14.763563,-16.915236,14.763715,-16.920713,14.756759
0,-16.920713,14.756759,-16.915236,14.763715,-16.923907,14.756748
0,-16.914412,14.760316,-16.920713,14.756759,-16.914266,14.756837
0,-16.915229,14.762670,-16.915235,14.763563,-16.920713,14.756759
0,-16.914412,14.760316,-16.914651,14.761730,-16.915229,14.762670
0,-16.920713,14.756759,-16.914412,14.760316,-16.915229,14.762670
0,-16.914413,14.761234,-16.914413,14.761342,-16.914651,14.761730
0,-16.914413,14.761234,-16.914651,14.761730,-16.914412,14.760316
0,-16.913551,14.766315,-16.914057,14.765591,-16.913612,14.765923
0,-16.914746,14.764314,-16.914517,14.764979,-16.914525,14.765164
0,-16.912128,14.766996,-16.913292,14.766757,-16.912241,14.766961
0,-16.911581,14.789134,-16.912592,14.790004,-16.913292,14.766757
0,-16.913292,14.766757,-16.912667,14.766848,-16.912241,14.766961
0,-16.913292,14.766757,-16.913042,14.766747,-16.912667,14.766848
0,-16.913612,14.765923,-16.914057,14.765591,-16.913591,14.765721
0,-16.913551,14.766315,-16.914545,14.765669,-16.914540,14.765668
0,-16.913292,14.766757,-16.914545,14.765669,-16.913551,14.766315
0,-16.912667,14.766848,-16.913042,14.766747,-16.912879,14.766761
0,-16.900990,14.780081,-16.900989,14.780089,-16.900989,14.780088
