10,5,18,52,84,
0,-17.168675,14.886614,-17.167274,14.885947,-17.167274,14.885947
1,-17.159999,14.893349,-17.159999,14.893349,-17.159998,14.893350
2,-17.132219,14.798502,-17.059219,14.832667,-17.136901,14.808901
2,-17.139593,14.815999,-17.138649,14.812783,-17.136901,14.808901
2,-17.112285,14.749129,-17.124121,14.758242,-17.119657,14.751410
2,-17.016287,14.825418,-17.020253,14.828863,-17.059219,14.832667
2,-17.154430,14.865078,-17.135733,14.905979,-17.155339,14.872343
2,-17.059219,14.832667,-17.139593,14.815999,-17.136901,14.808901
2,-17.120201,14.923775,-17.080390,14.916081,-17.120114,14.923981
2,-17.119888,14.924510,-17.120114,14.923981,-17.080390,14.916081
2,-17.126147,14.913155,-17.126236,14.913049,-17.127011,14.911956
2,-16.976374,14.778292,-17.016287,14.825418,-16.980532,14.746993
2,-17.125629,14.717543,-17.124668,14.719264,-17.126464,14.718369
2,-17.118604,14.713604,-17.117724,14.713645,-17.120026,14.715122
2,-17.116932,14.720019,-17.124668,14.719264,-17.121706,14.716916
2,-17.117724,14.713645,-17.116932,14.720019,-17.120026,14.715122
2,-17.066070,14.682513,-17.110279,14.736312,-17.110240,14.732326
2,-16.980532,14.746993,-17.110279,14.736312,-17.056792,14.681237
2,-17.155339,14.872343,-17.135733,14.905979,-17.137537,14.905149
2,-16.980532,14.746993,-17.111517,14.742950,-17.110279,14.736312
2,-17.124364,14.757062,-17.124471,14.755451,-17.123580,14.753819
2,-17.148636,14.899962,-17.149953,14.899272,-17.151267,14.898243
2,-17.152373,14.897420,-17.154037,14.896523,-17.155513,14.889196
2,-17.140589,14.903765,-17.142675,14.903271,-17.145935,14.901750
2,-17.145935,14.901750,-17.147323,14.901127,-17.148636,14.899962
2,-17.119425,14.927274,-17.119481,14.925918,-17.118694,14.930873
2,-17.139409,14.904250,-17.140589,14.903765,-17.155339,14.872343
2,-17.029276,14.837482,-17.032153,14.839196,-17.056432,14.834457
2,-17.125421,14.914082,-17.125179,14.914447,-17.125286,14.914286
2,-17.125421,14.914082,-17.077534,14.911878,-17.080390,14.916081
2,-17.124206,14.915880,-17.124297,14.915744,-17.122511,14.917896
2,-17.124063,14.916094,-17.124206,14.915880,-17.122511,14.917896
2,-17.122063,14.919050,-17.122511,14.917896,-17.121585,14.920071
2,-17.116993,14.935158,-17.117682,14.934339,-17.118289,14.932300
2,-17.115222,14.939308,-17.115837,14.938083,-17.099918,14.945307
2,-17.109325,14.949325,-17.110770,14.947346,-17.099918,14.945307
2,-17.120646,14.922749,-17.121015,14.921812,-17.120586,14.922886
2,-17.120586,14.922886,-17.080390,14.916081,-17.120421,14.923263
2,-17.120421,14.923263,-17.080390,14.916081,-17.120354,14.923417
2,-17.089040,14.937029,-17.080817,14.922275,-17.080930,14.923911
2,-17.089040,14.937029,-17.119618,14.925144,-17.080817,14.922275
2,-17.129909,14.909015,-17.132130,14.908113,-17.134071,14.907011
2,-17.069028,14.903704,-17.077534,14.911878,-17.128801,14.909771
2,-17.039694,14.842261,-17.047553,14.841147,-17.037184,14.841587
2,-17.016287,14.825418,-17.112285,14.749129,-16.980532,14.746993
2,-17.055506,14.873284,-17.069028,14.903704,-17.055986,14.867053
2,-17.080390,14.916081,-17.121585,14.920071,-17.122511,14.917896
2,-17.069028,14.903704,-17.128801,14.909771,-17.055986,14.867053
2,-17.033955,14.840572,-17.037184,14.841587,-17.032153,14.839196
2,-17.058899,14.843045,-17.142836,14.827047,-17.059219,14.832667
2,-16.976216,14.778498,-16.979789,14.796309,-16.976374,14.778292
2,-16.973024,14.791803,-16.974051,14.792775,-16.972185,14.784010
2,-16.972185,14.784010,-16.972773,14.783005,-16.972329,14.783586
2,-16.973024,14.791803,-16.971286,14.785282,-16.971231,14.785359
2,-16.973024,14.791803,-16.971231,14.785359,-16.970767,14.786016
2,-16.970767,14.786016,-16.970335,14.786626,-16.971858,14.791218
2,-16.973215,14.782426,-16.974579,14.793275,-16.973787,14.781678
2,-16.966074,14.731757,-16.969008,14.715362,-16.963477,14.725006
2,-16.973137,14.739201,-16.972505,14.713959,-16.966074,14.731757
2,-17.053931,14.680665,-17.022666,14.684149,-17.056792,14.681237
2,-16.970084,14.755093,-16.971053,14.768006,-16.980532,14.746993
2,-16.971053,14.768006,-16.976374,14.778292,-16.980532,14.746993
2,-16.980771,14.798413,-16.981508,14.800280,-17.013058,14.824402
2,-16.973787,14.781678,-16.977418,14.795149,-16.973877,14.781560
2,-16.979789,14.796309,-16.980771,14.798413,-16.976374,14.778292
2,-16.980532,14.746993,-17.056792,14.681237,-17.022666,14.684149
2,-16.995888,14.700059,-17.008003,14.691812,-16.998935,14.696174
2,-16.973137,14.739201,-16.980532,14.746993,-16.984897,14.708350
2,-16.993222,14.703986,-17.008003,14.691812,-16.994129,14.702577
2,-16.972505,14.713959,-16.973137,14.739201,-16.975296,14.712507
2,-17.125629,14.717543,-17.126464,14.718369,-17.125727,14.717546
2,-17.123554,14.717487,-17.124668,14.719264,-17.125629,14.717543
2,-17.121706,14.716916,-17.124668,14.719264,-17.123554,14.717487
2,-17.122638,14.752852,-17.124364,14.757062,-17.123580,14.753819
2,-17.124121,14.758242,-17.112285,14.749129,-17.125526,14.763517
2,-17.122638,14.752852,-17.119657,14.751410,-17.124121,14.758242
2,-17.122362,14.752570,-17.119657,14.751410,-17.122638,14.752852
2,-17.121914,14.752113,-17.119657,14.751410,-17.122362,14.752570
2,-17.121907,14.752105,-17.119657,14.751410,-17.121914,14.752113
2,-17.122638,14.752852,-17.124121,14.758242,-17.124364,14.757062
2,-17.131859,14.796716,-17.059219,14.832667,-17.132124,14.798051
2,-17.120026,14.715122,-17.116932,14.720019,-17.121706,14.716916
2,-17.117724,14.713645,-17.116509,14.713701,-17.116932,14.720019
2,-17.116509,14.713701,-17.114807,14.712887,-17.116932,14.720019
2,-17.114807,14.712887,-17.111019,14.711077,-17.114196,14.722474
2,-17.105842,14.702173,-17.103860,14.700009,-17.108891,14.708203
2,-17.109583,14.709138,-17.112046,14.724403,-17.110211,14.709986
2,-17.108891,14.708203,-17.110767,14.728411,-17.112046,14.724403
2,-17.097692,14.694390,-17.098758,14.694865,-17.098718,14.694826
2,-17.110240,14.732326,-17.110219,14.730126,-17.066070,14.682513
2,-17.095510,14.694295,-17.101312,14.697305,-17.096555,14.694611
2,-17.108891,14.708203,-17.110219,14.730126,-17.110767,14.728411
2,-17.114807,14.712887,-17.114196,14.722474,-17.116932,14.720019
2,-17.111517,14.742950,-16.980532,14.746993,-17.112285,14.749129
2,-17.111019,14.711077,-17.112046,14.724403,-17.114196,14.722474
2,-17.111019,14.711077,-17.110211,14.709986,-17.112046,14.724403
2,-17.112046,14.724403,-17.109583,14.709138,-17.108891,14.708203
2,-17.132661,14.797866,-17.131859,14.796716,-17.132124,14.798051
2,-17.129178,14.783939,-17.059219,14.832667,-17.131859,14.796716
2,-17.127476,14.775785,-17.125663,14.772525,-17.129178,14.783939
2,-17.112285,14.749129,-17.125663,14.772525,-17.125526,14.763517
2,-17.112285,14.749129,-17.016287,14.825418,-17.059219,14.832667
2,-17.124340,14.757424,-17.124364,14.757062,-17.124121,14.758242
2,-17.135733,14.905979,-17.154430,14.865078,-17.129909,14.909015
2,-17.132124,14.798051,-17.059219,14.832667,-17.132219,14.798502
2,-17.142836,14.827047,-17.141201,14.821477,-17.059219,14.832667
2,-17.144620,14.902575,-17.145935,14.901750,-17.142675,14.903271
2,-17.155513,14.889196,-17.155339,14.872343,-17.140589,14.903765
2,-17.141201,14.821477,-17.139593,14.815999,-17.059219,14.832667
2,-17.139409,14.904250,-17.155339,14.872343,-17.137537,14.905149
2,-17.134071,14.907011,-17.135733,14.905979,-17.129909,14.909015
2,-17.148636,14.899962,-17.151267,14.898243,-17.155513,14.889196
2,-17.140589,14.903765,-17.145935,14.901750,-17.155513,14.889196
2,-17.155513,14.889196,-17.145935,14.901750,-17.148636,14.899962
2,-17.151267,14.898243,-17.152373,14.897420,-17.155513,14.889196
2,-17.154430,14.865078,-17.151497,14.841622,-17.057163,14.856995
2,-17.154037,14.896523,-17.155919,14.889572,-17.155513,14.889196
2,-17.142836,14.827047,-17.058094,14.849278,-17.151497,14.841622
2,-17.057163,14.856995,-17.129909,14.909015,-17.154430,14.865078
2,-17.156829,14.890415,-17.157710,14.894523,-17.159998,14.893350
2,-17.155919,14.889572,-17.154037,14.896523,-17.155977,14.895353
2,-17.156829,14.890415,-17.155977,14.895353,-17.157710,14.894523
2,-17.156829,14.890415,-17.155919,14.889572,-17.155977,14.895353
2,-17.128801,14.909771,-17.129909,14.909015,-17.055986,14.867053
2,-17.127560,14.911070,-17.128801,14.909771,-17.077534,14.911878
2,-17.125723,14.913691,-17.125935,14.913423,-17.127560,14.911070
2,-17.126064,14.913260,-17.126147,14.913155,-17.127560,14.911070
2,-17.126236,14.913049,-17.126447,14.912793,-17.127011,14.911956
2,-17.127011,14.911956,-17.126447,14.912793,-17.126649,14.912540
2,-17.125935,14.913423,-17.126064,14.913260,-17.127560,14.911070
2,-17.077534,14.911878,-17.125723,14.913691,-17.127560,14.911070
2,-17.125508,14.913965,-17.125723,14.913691,-17.077534,14.911878
2,-17.126236,14.913049,-17.126283,14.912998,-17.126447,14.912793
2,-17.126236,14.913049,-17.126281,14.913007,-17.126283,14.912998
2,-17.126236,14.913049,-17.126147,14.913155,-17.126236,14.913052
2,-17.127560,14.911070,-17.126147,14.913155,-17.127011,14.911956
2,-17.125421,14.914082,-17.125508,14.913965,-17.077534,14.911878
2,-17.125421,14.914082,-17.125286,14.914286,-17.125371,14.914161
2,-17.125179,14.914447,-17.125421,14.914082,-17.080390,14.916081
2,-17.125058,14.914626,-17.125179,14.914447,-17.080390,14.916081
2,-17.124921,14.914829,-17.125058,14.914626,-17.080390,14.916081
2,-17.124833,14.914958,-17.124921,14.914829,-17.122511,14.917896
2,-17.124656,14.915219,-17.124833,14.914958,-17.122511,14.917896
2,-17.123563,14.916831,-17.123694,14.916638,-17.122511,14.917896
2,-17.123317,14.917196,-17.123563,14.916831,-17.122511,14.917896
2,-17.122511,14.917896,-17.124921,14.914829,-17.080390,14.916081
2,-17.124366,14.915644,-17.124656,14.915219,-17.122511,14.917896
2,-17.124297,14.915744,-17.124366,14.915644,-17.122511,14.917896
2,-17.122511,14.917896,-17.123851,14.916410,-17.124063,14.916094
2,-17.123851,14.916410,-17.122511,14.917896,-17.123694,14.916638
2,-17.119481,14.925918,-17.119618,14.925144,-17.089040,14.937029
2,-17.118694,14.930873,-17.119481,14.925918,-17.089040,14.937029
2,-17.118289,14.932300,-17.118694,14.930873,-17.116993,14.935158
2,-17.089040,14.937029,-17.116993,14.935158,-17.118694,14.930873
2,-17.089040,14.937029,-17.116381,14.936655,-17.116993,14.935158
2,-17.114814,14.940397,-17.115222,14.939308,-17.099918,14.945307
2,-17.115837,14.938083,-17.116381,14.936655,-17.099918,14.945307
2,-17.112141,14.945030,-17.112964,14.943667,-17.099918,14.945307
2,-17.111317,14.946257,-17.112141,14.945030,-17.099918,14.945307
2,-17.114200,14.941758,-17.114814,14.940397,-17.113582,14.942712
2,-17.099918,14.945307,-17.112964,14.943667,-17.113582,14.942712
2,-17.113582,14.942712,-17.114814,14.940397,-17.099918,14.945307
2,-17.119721,14.924903,-17.080390,14.916081,-17.119618,14.925144
2,-17.119236,14.929309,-17.119425,14.927274,-17.118694,14.930873
2,-17.121015,14.921812,-17.121585,14.920071,-17.080390,14.916081
2,-17.120646,14.922749,-17.120780,14.922444,-17.121015,14.921812
2,-17.120354,14.923417,-17.080390,14.916081,-17.120201,14.923775
2,-17.119888,14.924510,-17.080390,14.916081,-17.119721,14.924903
2,-17.122908,14.917795,-17.122511,14.917896,-17.122772,14.917995
2,-17.122908,14.917795,-17.123317,14.917196,-17.122511,14.917896
2,-17.120964,14.922024,-17.121016,14.921818,-17.121015,14.921812
2,-17.121385,14.921021,-17.121585,14.920071,-17.121015,14.921812
2,-17.120586,14.922886,-17.121015,14.921812,-17.080390,14.916081
2,-17.120916,14.922134,-17.120964,14.922024,-17.121015,14.921812
2,-17.120780,14.922444,-17.120916,14.922134,-17.121015,14.921812
2,-17.029276,14.837482,-17.056432,14.834457,-17.026753,14.835417
2,-17.026753,14.835417,-17.056432,14.834457,-17.022058,14.830587
2,-17.013058,14.824402,-17.016287,14.825418,-16.976374,14.778292
2,-17.022058,14.830587,-17.059219,14.832667,-17.020253,14.828863
2,-17.013058,14.824402,-16.981508,14.800280,-16.981969,14.801448
2,-17.020253,14.828863,-17.016287,14.825418,-17.018452,14.827487
2,-16.976374,14.778292,-16.980771,14.798413,-17.013058,14.824402
2,-17.008987,14.824382,-17.013058,14.824402,-16.981969,14.801448
2,-16.983511,14.808846,-17.008987,14.824382,-16.981969,14.801448
2,-17.037184,14.841587,-17.047553,14.841147,-17.052885,14.837621
2,-16.990422,14.824340,-17.003458,14.828357,-17.008987,14.824382
2,-17.026753,14.835417,-17.022058,14.830587,-17.024230,14.833351
2,-17.125663,14.772525,-17.059219,14.832667,-17.129178,14.783939
2,-17.125663,14.772525,-17.112285,14.749129,-17.059219,14.832667
2,-17.022058,14.830587,-17.056432,14.834457,-17.059219,14.832667
2,-17.032153,14.839196,-17.037184,14.841587,-17.052885,14.837621
2,-17.056432,14.834457,-17.032153,14.839196,-17.052885,14.837621
2,-17.089040,14.937029,-17.080930,14.923911,-17.082267,14.930531
2,-17.080817,14.922275,-17.119618,14.925144,-17.080390,14.916081
2,-17.110770,14.947346,-17.109325,14.949325,-17.110154,14.948572
2,-17.110770,14.947346,-17.111317,14.946257,-17.099918,14.945307
2,-17.108430,14.950418,-17.109325,14.949325,-17.099918,14.945307
2,-17.108430,14.950418,-17.099918,14.945307,-17.107809,14.951649
2,-17.116381,14.936655,-17.089040,14.937029,-17.099918,14.945307
2,-17.055506,14.873284,-17.060796,14.895203,-17.069028,14.903704
2,-17.055986,14.867053,-17.129909,14.909015,-17.057163,14.856995
2,-17.058094,14.849278,-17.142836,14.827047,-17.058899,14.843045
2,-17.057163,14.856995,-17.151497,14.841622,-17.058094,14.849278
2,-17.042568,14.843628,-17.047553,14.841147,-17.039694,14.842261
2,-17.008987,14.824382,-16.987294,14.819454,-16.990422,14.824340
2,-17.008987,14.824382,-16.984969,14.812934,-16.987294,14.819454
2,-17.008987,14.824382,-16.983555,14.808970,-16.984969,14.812934
2,-16.990422,14.824340,-16.993154,14.828608,-17.003458,14.828357
2,-17.003458,14.828357,-16.993154,14.828608,-16.998981,14.831573
2,-17.008987,14.824382,-16.983511,14.808846,-16.983555,14.808970
2,-16.975350,14.779631,-16.979789,14.796309,-16.976017,14.778759
2,-16.973877,14.781560,-16.977418,14.795149,-16.974607,14.780604
2,-16.975057,14.780015,-16.977418,14.795149,-16.979789,14.796309
2,-16.973787,14.781678,-16.974579,14.793275,-16.977418,14.795149
2,-16.977418,14.795149,-16.974579,14.793275,-16.975966,14.794438
2,-16.973215,14.782426,-16.974143,14.792863,-16.974579,14.793275
2,-16.973024,14.791803,-16.970767,14.786016,-16.971858,14.791218
2,-16.971319,14.790910,-16.970335,14.786626,-16.970084,14.789408
2,-16.971231,14.790860,-16.970084,14.789408,-16.970153,14.790244
2,-16.971053,14.768006,-16.973687,14.776232,-16.976374,14.778292
2,-16.973024,14.791803,-16.972185,14.784010,-16.971962,14.784326
2,-16.974051,14.792775,-16.974143,14.792863,-16.973215,14.782426
2,-16.973024,14.791803,-16.971836,14.784505,-16.971286,14.785282
2,-16.973024,14.791803,-16.971962,14.784326,-16.971836,14.784505
2,-16.970335,14.786626,-16.971319,14.790910,-16.971858,14.791218
2,-16.970084,14.789408,-16.971231,14.790860,-16.971319,14.790910
2,-16.976017,14.778759,-16.979789,14.796309,-16.976216,14.778498
2,-16.975057,14.780015,-16.979789,14.796309,-16.975350,14.779631
2,-16.974607,14.780604,-16.977418,14.795149,-16.975057,14.780015
2,-16.973099,14.782578,-16.974051,14.792775,-16.973215,14.782426
2,-16.972185,14.784010,-16.974051,14.792775,-16.973099,14.782578
2,-16.972185,14.784010,-16.973099,14.782578,-16.972773,14.783005
2,-16.972505,14.713959,-16.969008,14.715362,-16.966074,14.731757
2,-16.984897,14.708350,-16.980532,14.746993,-16.991280,14.705864
2,-16.963816,14.729378,-16.963477,14.725006,-16.963186,14.727711
2,-16.963816,14.729378,-16.966074,14.731757,-16.963477,14.725006
2,-16.963816,14.729378,-16.963186,14.727711,-16.963115,14.728566
2,-16.964210,14.719276,-16.963547,14.722394,-16.969008,14.715362
2,-16.969008,14.715362,-16.963547,14.722394,-16.963477,14.725006
2,-16.964210,14.719276,-16.969008,14.715362,-16.966456,14.716495
2,-16.964210,14.719276,-16.966456,14.716495,-16.964846,14.717364
2,-16.964154,14.748865,-16.970084,14.755093,-16.973972,14.746115
2,-16.971053,14.768006,-16.973034,14.775731,-16.973687,14.776232
2,-16.971548,14.774592,-16.973034,14.775731,-16.971053,14.768006
2,-16.997552,14.697225,-16.995888,14.700059,-16.998935,14.696174
2,-16.973137,14.739201,-16.976509,14.711889,-16.975296,14.712507
2,-16.973137,14.739201,-16.978235,14.711009,-16.976509,14.711889
2,-16.970084,14.755093,-16.980532,14.746993,-16.973972,14.746115
2,-17.103860,14.700009,-17.101312,14.697305,-17.095510,14.694295
2,-16.973137,14.739201,-16.984897,14.708350,-16.980409,14.710060
2,-16.973137,14.739201,-16.980409,14.710060,-16.978235,14.711009
2,-16.984897,14.708350,-16.982774,14.708702,-16.980409,14.710060
2,-17.109228,14.704597,-17.109160,14.705705,-17.109281,14.704622
2,-17.109160,14.705705,-17.105842,14.702173,-17.108891,14.708203
2,-17.109160,14.705705,-17.109228,14.704597,-17.105842,14.702173
2,-16.998315,14.696405,-16.997552,14.697225,-16.998935,14.696174
2,-16.994129,14.702577,-17.008003,14.691812,-16.995888,14.700059
2,-16.993222,14.703986,-16.980532,14.746993,-17.008003,14.691812
2,-16.991280,14.705864,-16.980532,14.746993,-16.993222,14.703986
2,-16.991280,14.705864,-16.989196,14.706397,-16.987401,14.707072
2,-16.984897,14.708350,-16.991280,14.705864,-16.987401,14.707072
2,-17.097692,14.694390,-17.098718,14.694826,-17.098502,14.694547
2,-17.098767,14.694873,-17.096555,14.694611,-17.101312,14.697305
2,-17.097692,14.694390,-17.098502,14.694547,-17.098223,14.694186
2,-17.095510,14.694295,-17.108891,14.708203,-17.103860,14.700009
2,-17.098758,14.694865,-17.098767,14.694873,-17.098760,14.694864
2,-17.098758,14.694865,-17.097692,14.694390,-17.098767,14.694873
2,-17.098041,14.693951,-17.097692,14.694390,-17.098123,14.694057
2,-17.097976,14.693866,-17.097692,14.694390,-17.098041,14.693951
2,-17.097976,14.693866,-17.098041,14.693951,-17.098041,14.693948
2,-17.098123,14.694057,-17.097692,14.694390,-17.098223,14.694186
2,-17.096555,14.694611,-17.098767,14.694873,-17.097692,14.694390
2,-17.066070,14.682513,-17.095510,14.694295,-17.094717,14.693499
2,-17.110219,14.730126,-17.108891,14.708203,-17.095510,14.694295
2,-17.093088,14.691601,-17.091148,14.689214,-17.079880,14.684411
2,-17.110279,14.736312,-17.066070,14.682513,-17.056792,14.681237
2,-17.110219,14.730126,-17.095510,14.694295,-17.066070,14.682513
2,-17.044369,14.679519,-17.031160,14.680943,-17.022666,14.684149
2,-17.066070,14.682513,-17.094717,14.693499,-17.079880,14.684411
2,-17.094717,14.693499,-17.093088,14.691601,-17.079880,14.684411
2,-17.092189,14.690136,-17.092284,14.689796,-17.091148,14.689214
2,-17.093088,14.691601,-17.092189,14.690136,-17.091148,14.689214
2,-16.997552,14.697225,-16.996559,14.698228,-16.995888,14.700059
2,-17.044573,14.678793,-17.044369,14.679519,-17.053931,14.680665
2,-17.053931,14.680665,-17.044369,14.679519,-17.022666,14.684149
2,-16.980532,14.746993,-17.022666,14.684149,-17.008003,14.691812
2,-17.031160,14.680943,-17.030996,14.679201,-17.022666,14.684149
