0,9,31,107,18,
0,-17.454560,14.728215,-17.458429,14.749932,-17.455427,14.728348
0,-17.450082,14.762519,-17.449779,14.762985,-17.449862,14.762869
0,-17.428880,14.755447,-17.444140,14.766714,-17.451084,14.760419
0,-17.429870,14.763235,-17.428747,14.763762,-17.428694,14.763808
0,-17.462421,14.729323,-17.461609,14.729209,-17.464510,14.747215
0,-17.439933,14.733737,-17.447266,14.727222,-17.439993,14.732651
0,-17.469364,14.744365,-17.470071,14.743429,-17.466359,14.746472
0,-17.428880,14.755447,-17.428888,14.756404,-17.444140,14.766714
0,-17.445228,14.766609,-17.445948,14.766386,-17.444933,14.766591
0,-17.449057,14.763769,-17.447947,14.765799,-17.448263,14.765724
0,-17.428979,14.757884,-17.444140,14.766714,-17.428888,14.756404
0,-17.429024,14.763546,-17.428747,14.763762,-17.429870,14.763235
0,-17.431684,14.770985,-17.428528,14.763953,-17.428102,14.764258
0,-17.428153,14.751399,-17.430612,14.743503,-17.428152,14.751396
0,-17.440117,14.730804,-17.440002,14.732487,-17.446580,14.727119
0,-17.440483,14.725464,-17.440481,14.725463,-17.440432,14.726010
0,-17.440121,14.730749,-17.444061,14.726767,-17.443793,14.726732
0,-17.458463,14.749916,-17.458465,14.749915,-17.456456,14.728506
0,-17.457242,14.728624,-17.458670,14.749837,-17.460666,14.749030
0,-17.439628,14.737790,-17.457014,14.750703,-17.457818,14.750219
0,-17.439749,14.736766,-17.439741,14.736838,-17.450991,14.727732
0,-17.446586,14.727120,-17.446580,14.727119,-17.440002,14.732487
0,-17.471347,14.740719,-17.471601,14.740039,-17.467546,14.730965
0,-17.462421,14.729323,-17.464510,14.747215,-17.462861,14.729385
0,-17.461609,14.729209,-17.461024,14.729127,-17.463275,14.747748
0,-17.472833,14.736630,-17.473217,14.735349,-17.471185,14.732277
0,-17.472739,14.731466,-17.472380,14.731690,-17.473293,14.732052
0,-17.471929,14.739141,-17.472368,14.737832,-17.469228,14.731583
0,-17.472833,14.736630,-17.471185,14.732277,-17.470333,14.732006
0,-17.467430,14.745956,-17.466359,14.746472,-17.466771,14.746303
0,-17.460152,14.729004,-17.459776,14.728955,-17.462812,14.747966
0,-17.455427,14.728348,-17.458429,14.749932,-17.458442,14.749926
0,-17.454560,14.728215,-17.454217,14.728162,-17.457818,14.750219
0,-17.439534,14.738221,-17.439374,14.738840,-17.457014,14.750703
0,-17.438788,14.740008,-17.438537,14.740417,-17.454878,14.752185
0,-17.451996,14.758392,-17.452180,14.757995,-17.436306,14.742211
0,-17.428876,14.754633,-17.428880,14.755447,-17.451421,14.759668
0,-17.445948,14.766386,-17.447013,14.766067,-17.449057,14.763769
0,-17.447479,14.765956,-17.449057,14.763769,-17.447013,14.766067
0,-17.448050,14.765805,-17.448263,14.765724,-17.447947,14.765799
0,-17.449057,14.763769,-17.449779,14.762985,-17.450082,14.762519
0,-17.450082,14.762519,-17.449862,14.762869,-17.449947,14.762750
0,-17.449174,14.765513,-17.449057,14.763769,-17.448682,14.765640
0,-17.429158,14.759068,-17.442804,14.767187,-17.428979,14.757884
0,-17.429024,14.763546,-17.428962,14.763587,-17.428747,14.763762
0,-17.443480,14.767002,-17.443781,14.766904,-17.444140,14.766714
0,-17.428876,14.754633,-17.451514,14.759457,-17.451602,14.759258
0,-17.443480,14.767002,-17.444140,14.766714,-17.443304,14.767060
0,-17.444140,14.766714,-17.428979,14.757884,-17.442804,14.767187
0,-17.442804,14.767187,-17.429284,14.759774,-17.429302,14.759873
0,-17.428970,14.757829,-17.428979,14.757884,-17.428964,14.757778
0,-17.423751,14.767072,-17.423291,14.767350,-17.427760,14.772225
0,-17.420874,14.768833,-17.420313,14.769167,-17.421308,14.774738
0,-17.422836,14.767637,-17.422704,14.767721,-17.427760,14.772225
0,-17.422704,14.767721,-17.422060,14.768127,-17.427760,14.772225
0,-17.429893,14.763230,-17.428694,14.763808,-17.428528,14.763953
0,-17.431684,14.770985,-17.428102,14.764258,-17.427261,14.764893
0,-17.431684,14.770985,-17.427019,14.765082,-17.428935,14.771847
0,-17.428935,14.771847,-17.425929,14.765746,-17.427820,14.772196
0,-17.425867,14.747916,-17.426021,14.748135,-17.427027,14.744345
0,-17.427027,14.744345,-17.425745,14.747703,-17.425867,14.747916
0,-17.426244,14.744529,-17.426246,14.744529,-17.426245,14.744529
0,-17.425504,14.747284,-17.425745,14.747703,-17.427027,14.744345
0,-17.428654,14.752845,-17.428655,14.752848,-17.434393,14.742679
0,-17.428153,14.751399,-17.428157,14.751405,-17.430612,14.743503
0,-17.440351,14.727348,-17.440298,14.728131,-17.442147,14.726500
0,-17.426246,14.744529,-17.426246,14.744529,-17.426246,14.744529
0,-17.440477,14.725459,-17.440432,14.726010,-17.440479,14.725460
0,-17.434090,14.742736,-17.428163,14.751417,-17.428196,14.751502
0,-17.434393,14.742679,-17.428594,14.752634,-17.428653,14.752842
0,-17.452617,14.757057,-17.452907,14.756433,-17.436312,14.742208
0,-17.436306,14.742211,-17.436310,14.742209,-17.436309,14.742210
0,-17.462861,14.729385,-17.464479,14.729779,-17.464394,14.729745
0,-17.464394,14.729745,-17.464241,14.729685,-17.462861,14.729385
0,-17.464241,14.729685,-17.464182,14.729661,-17.462861,14.729385
0,-17.464182,14.729661,-17.463724,14.729506,-17.462861,14.729385
0,-17.473293,14.732052,-17.473019,14.731354,-17.472739,14.731466
0,-17.472380,14.731690,-17.472304,14.731737,-17.473293,14.732052
0,-17.465870,14.746659,-17.470071,14.743429,-17.465878,14.730330
0,-17.462861,14.729385,-17.464510,14.747215,-17.464479,14.729779
0,-17.464479,14.729779,-17.464510,14.747215,-17.465354,14.730124
0,-17.465354,14.730124,-17.465584,14.746792,-17.465870,14.746659
0,-17.460221,14.729014,-17.463275,14.747748,-17.461024,14.729127
0,-17.460152,14.729004,-17.463176,14.747794,-17.460221,14.729014
0,-17.458546,14.749884,-17.458670,14.749837,-17.456456,14.728506
0,-17.457730,14.728686,-17.457245,14.728625,-17.460666,14.749030
0,-17.457245,14.728625,-17.457242,14.728624,-17.460666,14.749030
0,-17.456456,14.728506,-17.458670,14.749837,-17.457242,14.728624
0,-17.455427,14.728348,-17.458463,14.749916,-17.456456,14.728506
0,-17.446580,14.727119,-17.444767,14.726866,-17.440117,14.730804
0,-17.444767,14.726866,-17.440121,14.730749,-17.440117,14.730804
0,-17.444347,14.726807,-17.440121,14.730749,-17.444767,14.726866
0,-17.444189,14.726785,-17.440121,14.730749,-17.444347,14.726807
0,-17.444189,14.726785,-17.440121,14.730749,-17.444189,14.726785
0,-17.444061,14.726767,-17.440121,14.730749,-17.444189,14.726785
0,-17.440298,14.728131,-17.443320,14.726671,-17.443171,14.726652
0,-17.440121,14.730749,-17.443793,14.726732,-17.443320,14.726671
0,-17.440298,14.728131,-17.443171,14.726652,-17.443107,14.726643
0,-17.447964,14.727328,-17.439927,14.733831,-17.448822,14.727442
0,-17.439628,14.737790,-17.439567,14.738092,-17.457014,14.750703
0,-17.447958,14.727327,-17.447266,14.727222,-17.439933,14.733737
0,-17.440002,14.732487,-17.446752,14.727145,-17.446586,14.727120
0,-17.446586,14.727120,-17.446580,14.727119,-17.446586,14.727120
0,-17.454217,14.728162,-17.453788,14.728105,-17.457818,14.750219
0,-17.453788,14.728105,-17.439628,14.737790,-17.457818,14.750219
0,-17.448822,14.727442,-17.439927,14.733831,-17.439859,14.735055
0,-17.449434,14.727524,-17.439854,14.735146,-17.439833,14.735523
0,-17.471347,14.740719,-17.467546,14.730965,-17.465878,14.730330
0,-17.471167,14.741286,-17.465878,14.730330,-17.470071,14.743429
0,-17.472408,14.737710,-17.470333,14.732006,-17.469228,14.731583
0,-17.472408,14.737710,-17.472801,14.736713,-17.470333,14.732006
0,-17.470517,14.742758,-17.471167,14.741286,-17.470152,14.743318
0,-17.470152,14.743318,-17.471167,14.741286,-17.470071,14.743429
0,-17.470071,14.743429,-17.469364,14.744365,-17.470022,14.743514
0,-17.471867,14.739327,-17.471929,14.739141,-17.467546,14.730965
0,-17.467430,14.745956,-17.468396,14.745298,-17.469364,14.744365
0,-17.467341,14.746012,-17.467430,14.745956,-17.466771,14.746303
0,-17.470071,14.743429,-17.465870,14.746659,-17.466359,14.746472
0,-17.465878,14.730330,-17.465354,14.730124,-17.465870,14.746659
0,-17.465870,14.746659,-17.465584,14.746792,-17.465777,14.746729
0,-17.470022,14.743514,-17.469364,14.744365,-17.469856,14.743801
0,-17.469364,14.744365,-17.466359,14.746472,-17.467430,14.745956
0,-17.468789,14.744987,-17.469364,14.744365,-17.468396,14.745298
0,-17.468095,14.745536,-17.468396,14.745298,-17.467430,14.745956
0,-17.472368,14.737832,-17.472408,14.737710,-17.469228,14.731583
0,-17.471867,14.739327,-17.467546,14.730965,-17.471601,14.740039
0,-17.471167,14.741286,-17.471347,14.740719,-17.465878,14.730330
0,-17.471167,14.741286,-17.471230,14.741118,-17.471347,14.740719
0,-17.467546,14.730965,-17.471929,14.739141,-17.469228,14.731583
0,-17.471559,14.732221,-17.473418,14.733603,-17.471627,14.732178
0,-17.471410,14.732275,-17.473418,14.733603,-17.471559,14.732221
0,-17.473340,14.734487,-17.471410,14.732275,-17.471185,14.732277
0,-17.473340,14.734487,-17.473418,14.733603,-17.471410,14.732275
0,-17.473134,14.731310,-17.473019,14.731354,-17.473293,14.732052
0,-17.473134,14.731310,-17.473293,14.732052,-17.473134,14.731309
0,-17.472304,14.731737,-17.473388,14.732667,-17.473293,14.732052
0,-17.471627,14.732178,-17.473388,14.732667,-17.472304,14.731737
0,-17.471627,14.732178,-17.473418,14.733603,-17.473388,14.732667
0,-17.471559,14.732221,-17.473418,14.733603,-17.473418,14.733603
0,-17.471185,14.732277,-17.473217,14.735349,-17.473340,14.734487
0,-17.472833,14.736630,-17.470333,14.732006,-17.472801,14.736713
0,-17.465354,14.730124,-17.464510,14.747215,-17.465584,14.746792
0,-17.459776,14.728955,-17.458172,14.728743,-17.462812,14.747966
0,-17.461609,14.729209,-17.463275,14.747748,-17.464510,14.747215
0,-17.458172,14.728743,-17.457730,14.728686,-17.461682,14.748534
0,-17.463275,14.747748,-17.460221,14.729014,-17.463176,14.747794
0,-17.463176,14.747794,-17.460152,14.729004,-17.462812,14.747966
0,-17.462812,14.747966,-17.458172,14.728743,-17.461682,14.748534
0,-17.462589,14.748093,-17.462812,14.747966,-17.461682,14.748534
0,-17.462588,14.748093,-17.462589,14.748093,-17.461682,14.748534
0,-17.461682,14.748534,-17.457730,14.728686,-17.460666,14.749030
0,-17.458463,14.749916,-17.455427,14.728348,-17.458442,14.749926
0,-17.454560,14.728215,-17.457818,14.750219,-17.458429,14.749932
0,-17.453788,14.728105,-17.452378,14.727917,-17.439628,14.737790
0,-17.457014,14.750703,-17.439374,14.738840,-17.456314,14.751166
0,-17.438422,14.740615,-17.438418,14.740619,-17.454714,14.752493
0,-17.456314,14.751166,-17.439374,14.738840,-17.456300,14.751176
0,-17.460666,14.749030,-17.458670,14.749837,-17.459206,14.749743
0,-17.458670,14.749837,-17.458997,14.749844,-17.459206,14.749743
0,-17.458465,14.749915,-17.458546,14.749884,-17.456456,14.728506
0,-17.456293,14.751181,-17.456300,14.751176,-17.439374,14.738840
0,-17.456293,14.751181,-17.439374,14.738840,-17.456289,14.751183
0,-17.439374,14.738840,-17.439115,14.739416,-17.454878,14.752185
0,-17.456286,14.751186,-17.439374,14.738840,-17.455611,14.751665
0,-17.439115,14.739416,-17.438788,14.740008,-17.454878,14.752185
0,-17.438537,14.740417,-17.438422,14.740615,-17.454878,14.752185
0,-17.454878,14.752185,-17.438422,14.740615,-17.454866,14.752199
0,-17.438416,14.740620,-17.438416,14.740620,-17.438416,14.740620
0,-17.454714,14.752493,-17.454861,14.752206,-17.438422,14.740615
0,-17.436310,14.742209,-17.436306,14.742211,-17.452617,14.757057
0,-17.452383,14.757559,-17.452617,14.757057,-17.436306,14.742211
0,-17.452180,14.757995,-17.452383,14.757559,-17.436306,14.742211
0,-17.428874,14.754249,-17.451996,14.758392,-17.436306,14.742211
0,-17.453283,14.755627,-17.437417,14.741577,-17.453071,14.756082
0,-17.453478,14.755207,-17.437417,14.741577,-17.453283,14.755627
0,-17.437545,14.741487,-17.453819,14.754493,-17.453975,14.754143
0,-17.453819,14.754493,-17.453478,14.755207,-17.453539,14.755119
0,-17.437545,14.741487,-17.437417,14.741577,-17.453478,14.755207
0,-17.448616,14.765648,-17.448263,14.765724,-17.448572,14.765706
0,-17.449057,14.763769,-17.448616,14.765648,-17.448682,14.765640
0,-17.449057,14.763769,-17.448263,14.765724,-17.448616,14.765648
0,-17.449057,14.763769,-17.447690,14.765880,-17.447947,14.765799
0,-17.449057,14.763769,-17.447479,14.765956,-17.447690,14.765880
0,-17.447479,14.765956,-17.447013,14.766067,-17.447322,14.766013
0,-17.444140,14.766714,-17.444354,14.766790,-17.444772,14.766640
0,-17.443304,14.767060,-17.442804,14.767187,-17.443194,14.767154
0,-17.444140,14.766714,-17.443781,14.766904,-17.444031,14.766901
0,-17.450496,14.761678,-17.449057,14.763769,-17.450452,14.761774
0,-17.444933,14.766591,-17.445948,14.766386,-17.449057,14.763769
0,-17.444140,14.766714,-17.444933,14.766591,-17.449057,14.763769
0,-17.444354,14.766790,-17.444692,14.766708,-17.444772,14.766640
0,-17.444933,14.766591,-17.444140,14.766714,-17.444772,14.766640
0,-17.449057,14.763769,-17.450417,14.761851,-17.450452,14.761774
0,-17.449664,14.763147,-17.449700,14.763093,-17.449375,14.763488
0,-17.449569,14.763280,-17.449664,14.763147,-17.449375,14.763488
0,-17.449057,14.763769,-17.449305,14.765493,-17.449311,14.765495
0,-17.449057,14.763769,-17.449174,14.765513,-17.449305,14.765493
0,-17.449375,14.763488,-17.449057,14.763769,-17.449171,14.763681
0,-17.449057,14.763769,-17.450346,14.762005,-17.450417,14.761851
0,-17.449057,14.763769,-17.450082,14.762519,-17.450346,14.762005
0,-17.449057,14.763769,-17.449700,14.763093,-17.449779,14.762985
0,-17.449057,14.763769,-17.449375,14.763488,-17.449700,14.763093
0,-17.451872,14.758664,-17.451996,14.758392,-17.428874,14.754249
0,-17.451696,14.759049,-17.451872,14.758664,-17.428874,14.754249
0,-17.428874,14.754249,-17.451664,14.759121,-17.451696,14.759049
0,-17.428874,14.754249,-17.451602,14.759258,-17.451664,14.759121
0,-17.428876,14.754628,-17.428876,14.754633,-17.451602,14.759258
0,-17.451602,14.759258,-17.451514,14.759457,-17.451557,14.759361
0,-17.428876,14.754633,-17.451421,14.759668,-17.451514,14.759457
0,-17.450545,14.761570,-17.449057,14.763769,-17.450496,14.761678
0,-17.428880,14.755447,-17.451084,14.760419,-17.451421,14.759668
0,-17.444140,14.766714,-17.450545,14.761570,-17.451084,14.760419
0,-17.444140,14.766714,-17.449057,14.763769,-17.450545,14.761570
0,-17.428964,14.757778,-17.428979,14.757884,-17.428888,14.756404
0,-17.428876,14.754628,-17.451602,14.759258,-17.428876,14.754623
0,-17.428876,14.754633,-17.428876,14.754634,-17.428880,14.755447
0,-17.428876,14.754623,-17.451602,14.759258,-17.428874,14.754249
0,-17.428876,14.754620,-17.428876,14.754623,-17.428874,14.754249
0,-17.428874,14.754249,-17.436306,14.742211,-17.428849,14.753798
0,-17.428849,14.753798,-17.436306,14.742211,-17.428755,14.753239
0,-17.428755,14.753239,-17.436306,14.742211,-17.434393,14.742679
0,-17.428964,14.757778,-17.428888,14.756404,-17.428904,14.757290
0,-17.428904,14.757290,-17.428888,14.756404,-17.428847,14.756951
0,-17.428847,14.756951,-17.428888,14.756404,-17.428814,14.756636
0,-17.440424,14.767898,-17.440684,14.767831,-17.429473,14.760830
0,-17.429473,14.760830,-17.440684,14.767831,-17.429302,14.759873
0,-17.429302,14.759873,-17.440684,14.767831,-17.442804,14.767187
0,-17.429284,14.759774,-17.442804,14.767187,-17.429158,14.759068
0,-17.442336,14.767408,-17.442804,14.767187,-17.440684,14.767831
0,-17.443304,14.767060,-17.444140,14.766714,-17.442804,14.767187
0,-17.442336,14.767408,-17.442635,14.767282,-17.442804,14.767187
0,-17.442336,14.767410,-17.442635,14.767282,-17.442336,14.767409
0,-17.442336,14.767409,-17.442635,14.767282,-17.442336,14.767408
0,-17.429727,14.762174,-17.438004,14.768688,-17.440424,14.767898
0,-17.429893,14.763230,-17.437215,14.768927,-17.438004,14.768688
0,-17.429893,14.763230,-17.434580,14.769720,-17.437215,14.768927
0,-17.429893,14.763230,-17.428528,14.763953,-17.433577,14.770044
0,-17.431684,14.770985,-17.433577,14.770044,-17.428528,14.763953
0,-17.434580,14.769720,-17.429893,14.763230,-17.433577,14.770044
0,-17.429158,14.763379,-17.429024,14.763546,-17.429870,14.763235
0,-17.428694,14.763808,-17.429893,14.763230,-17.429870,14.763235
0,-17.438004,14.768688,-17.429892,14.763227,-17.429893,14.763230
0,-17.438004,14.768688,-17.429727,14.762174,-17.429892,14.763227
0,-17.440424,14.767898,-17.429473,14.760830,-17.429550,14.761264
0,-17.429727,14.762174,-17.440424,14.767898,-17.429550,14.761264
0,-17.424634,14.766536,-17.424632,14.766537,-17.427760,14.772225
0,-17.424632,14.766537,-17.424630,14.766538,-17.427760,14.772225
0,-17.424630,14.766538,-17.423751,14.767072,-17.427760,14.772225
0,-17.423291,14.767350,-17.422836,14.767637,-17.427760,14.772225
0,-17.427820,14.772196,-17.424634,14.766536,-17.427760,14.772225
0,-17.427760,14.772225,-17.422060,14.768127,-17.421308,14.774738
0,-17.422060,14.768127,-17.420874,14.768833,-17.421308,14.774738
0,-17.420313,14.769167,-17.420275,14.769191,-17.421308,14.774738
0,-17.425428,14.747127,-17.425504,14.747284,-17.427027,14.744345
0,-17.421308,14.774738,-17.418583,14.774597,-17.419070,14.775775
0,-17.421308,14.774738,-17.418767,14.770127,-17.418583,14.774597
0,-17.418023,14.770585,-17.417057,14.771175,-17.417400,14.771955
0,-17.421308,14.774738,-17.420275,14.769191,-17.420263,14.769198
0,-17.421308,14.774738,-17.420263,14.769198,-17.418767,14.770127
0,-17.418583,14.774597,-17.418767,14.770127,-17.417400,14.771955
0,-17.418767,14.770127,-17.418023,14.770585,-17.417400,14.771955
0,-17.431684,14.770985,-17.427261,14.764893,-17.427019,14.765082
0,-17.428935,14.771847,-17.426721,14.765278,-17.425929,14.765746
0,-17.428935,14.771847,-17.427019,14.765082,-17.426721,14.765278
0,-17.425929,14.765746,-17.424634,14.766536,-17.427820,14.772196
0,-17.428696,14.752997,-17.428755,14.753239,-17.428695,14.752993
0,-17.428655,14.752848,-17.428695,14.752993,-17.434393,14.742679
0,-17.428653,14.752842,-17.428654,14.752845,-17.434393,14.742679
0,-17.434393,14.742679,-17.428498,14.752291,-17.428594,14.752634
0,-17.428498,14.752291,-17.428594,14.752634,-17.428498,14.752291
0,-17.434393,14.742679,-17.428497,14.752289,-17.428498,14.752291
0,-17.434156,14.742724,-17.434090,14.742736,-17.428497,14.752289
0,-17.428497,14.752289,-17.434090,14.742736,-17.428442,14.752141
0,-17.428442,14.752141,-17.434090,14.742736,-17.428196,14.751502
0,-17.430612,14.743503,-17.428157,14.751405,-17.428163,14.751417
0,-17.430612,14.743503,-17.428163,14.751417,-17.434090,14.742736
0,-17.427531,14.750300,-17.427818,14.750806,-17.430612,14.743503
0,-17.427450,14.750182,-17.427531,14.750300,-17.430612,14.743503
0,-17.426486,14.748798,-17.427258,14.749908,-17.429213,14.743832
0,-17.425428,14.747127,-17.426246,14.744529,-17.425220,14.746670
0,-17.426244,14.744529,-17.425220,14.746670,-17.426246,14.744529
0,-17.424720,14.745497,-17.424616,14.744974,-17.424652,14.745364
0,-17.424616,14.744974,-17.424508,14.745006,-17.424652,14.745364
0,-17.424616,14.744974,-17.424508,14.745006,-17.424508,14.745006
0,-17.424616,14.744974,-17.424508,14.745006,-17.424508,14.745006
0,-17.424508,14.745006,-17.424508,14.745006,-17.424508,14.745006
0,-17.424508,14.745006,-17.424616,14.744974,-17.424508,14.745005
0,-17.424508,14.745005,-17.424616,14.744974,-17.424506,14.745003
0,-17.426244,14.744529,-17.424953,14.745953,-17.425084,14.746347
0,-17.440298,14.728131,-17.440121,14.730749,-17.443320,14.726671
0,-17.426244,14.744529,-17.424720,14.745497,-17.424953,14.745953
0,-17.424616,14.744974,-17.424720,14.745497,-17.426244,14.744529
0,-17.426244,14.744529,-17.425084,14.746347,-17.425116,14.746442
0,-17.425428,14.747127,-17.425501,14.747279,-17.425504,14.747284
0,-17.425220,14.746670,-17.426244,14.744529,-17.425116,14.746442
0,-17.425428,14.747127,-17.427027,14.744345,-17.426246,14.744529
0,-17.426021,14.748135,-17.426486,14.748798,-17.427027,14.744345
0,-17.427027,14.744345,-17.426486,14.748798,-17.429213,14.743832
0,-17.425220,14.746670,-17.426246,14.744529,-17.426246,14.744529
0,-17.428152,14.751396,-17.430612,14.743503,-17.428150,14.751394
0,-17.427818,14.750806,-17.428150,14.751394,-17.430612,14.743503
0,-17.427450,14.750182,-17.430612,14.743503,-17.429213,14.743832
0,-17.429213,14.743832,-17.427258,14.749908,-17.427450,14.750182
0,-17.438416,14.740620,-17.438415,14.740621,-17.438416,14.740620
0,-17.438415,14.740621,-17.438099,14.740935,-17.454714,14.752493
0,-17.438099,14.740935,-17.437545,14.741487,-17.454714,14.752493
0,-17.437545,14.741487,-17.453975,14.754143,-17.454714,14.752493
0,-17.453478,14.755207,-17.453819,14.754493,-17.437545,14.741487
0,-17.452907,14.756433,-17.437417,14.741577,-17.436312,14.742208
0,-17.452907,14.756433,-17.453071,14.756082,-17.437417,14.741577
0,-17.428497,14.752289,-17.434393,14.742679,-17.434156,14.742724
0,-17.428695,14.752993,-17.428755,14.753239,-17.434393,14.742679
0,-17.452617,14.757057,-17.436312,14.742208,-17.436311,14.742208
0,-17.436311,14.742208,-17.436310,14.742209,-17.452617,14.757057
0,-17.440479,14.725460,-17.440432,14.726010,-17.440481,14.725463
0,-17.442147,14.726500,-17.440298,14.728131,-17.442226,14.726519
0,-17.439993,14.732651,-17.446752,14.727145,-17.440002,14.732487
0,-17.447266,14.727222,-17.446752,14.727145,-17.439993,14.732651
0,-17.440298,14.728131,-17.442881,14.726611,-17.442589,14.726570
0,-17.440298,14.728131,-17.443107,14.726643,-17.442881,14.726611
0,-17.442283,14.726527,-17.440298,14.728131,-17.442589,14.726570
0,-17.442226,14.726519,-17.440298,14.728131,-17.442283,14.726527
0,-17.440351,14.727348,-17.442147,14.726500,-17.442094,14.726481
0,-17.440351,14.727348,-17.442094,14.726481,-17.441721,14.726345
0,-17.440351,14.727348,-17.441721,14.726345,-17.441600,14.726301
0,-17.440351,14.727348,-17.441600,14.726301,-17.441093,14.725940
0,-17.440432,14.726010,-17.440758,14.725679,-17.440484,14.725465
0,-17.440432,14.726010,-17.441093,14.725940,-17.440758,14.725679
0,-17.440484,14.725465,-17.440483,14.725464,-17.440432,14.726010
0,-17.440432,14.726010,-17.440351,14.727348,-17.441093,14.725940
0,-17.439927,14.733831,-17.447958,14.727327,-17.439933,14.733737
0,-17.447964,14.727328,-17.447958,14.727327,-17.439927,14.733831
0,-17.439854,14.735146,-17.448822,14.727442,-17.439859,14.735055
0,-17.449434,14.727524,-17.448822,14.727442,-17.439854,14.735146
0,-17.449788,14.727571,-17.449434,14.727524,-17.439833,14.735523
0,-17.449788,14.727571,-17.439833,14.735523,-17.439802,14.735988
0,-17.449788,14.727571,-17.439802,14.735988,-17.450991,14.727732
0,-17.439802,14.735988,-17.439749,14.736766,-17.450991,14.727732
0,-17.455332,14.751863,-17.439374,14.738840,-17.454878,14.752185
0,-17.454866,14.752199,-17.438422,14.740615,-17.454861,14.752206
0,-17.454714,14.752493,-17.438416,14.740620,-17.438415,14.740621
0,-17.454714,14.752493,-17.438418,14.740619,-17.438416,14.740620
0,-17.455611,14.751665,-17.439374,14.738840,-17.455332,14.751863
0,-17.456289,14.751183,-17.439374,14.738840,-17.456286,14.751186
0,-17.450991,14.727732,-17.439741,14.736838,-17.452378,14.727917
0,-17.439741,14.736838,-17.439628,14.737790,-17.452378,14.727917
0,-17.439567,14.738092,-17.439534,14.738221,-17.457014,14.750703
