87,1,0,57,9,
0,-15.307339,12.852657,-15.312960,12.854414,-15.315634,12.854572
0,-15.176433,12.814183,-15.183627,12.816033,-15.172896,12.812212
0,-15.307339,12.852657,-15.308126,12.853051,-15.312960,12.854414
0,-15.530624,12.791041,-15.534667,12.789071,-15.536994,12.782798
0,-15.455121,12.805245,-15.418701,12.713920,-15.403210,12.719304
0,-15.455379,12.720852,-15.448955,12.717356,-15.418701,12.713920
0,-15.473598,12.796120,-15.477100,12.794296,-15.462823,12.724904
0,-15.384245,12.822462,-15.382870,12.816196,-15.381525,12.829835
0,-15.369476,12.843155,-15.375978,12.837762,-15.378313,12.833883
0,-15.246113,12.833228,-15.251059,12.842076,-15.267375,12.853524
0,-15.332469,12.855539,-15.338612,12.854095,-15.322519,12.854977
0,-15.267375,12.853524,-15.267467,12.853636,-15.289495,12.856769
0,-15.246113,12.833228,-15.248025,12.838956,-15.248557,12.839626
0,-15.141704,12.761675,-15.167268,12.743783,-15.145113,12.755337
0,-15.266045,12.762567,-15.230018,12.805308,-15.231084,12.805367
0,-15.270826,12.766486,-15.267315,12.765341,-15.235567,12.808862
0,-15.293896,12.732870,-15.292142,12.733255,-15.289690,12.736240
0,-15.127694,12.789670,-15.131582,12.797511,-15.128063,12.789371
0,-15.131582,12.797511,-15.126022,12.794854,-15.130393,12.797876
0,-15.477870,12.723557,-15.542549,12.755845,-15.518131,12.712650
0,-15.544205,12.721346,-15.543641,12.719309,-15.543262,12.718401
0,-15.526838,12.708729,-15.542024,12.715436,-15.540075,12.712321
0,-15.448955,12.717356,-15.428959,12.711212,-15.418701,12.713920
0,-15.455121,12.805245,-15.455379,12.720852,-15.418701,12.713920
0,-15.431466,12.710550,-15.428959,12.711212,-15.448955,12.717356
0,-15.338612,12.854095,-15.340758,12.853512,-15.322519,12.854977
0,-15.305167,12.733135,-15.305146,12.733134,-15.284070,12.748015
0,-15.518131,12.712650,-15.544144,12.749525,-15.546608,12.738897
0,-15.518131,12.712650,-15.543636,12.751177,-15.544144,12.749525
0,-15.477870,12.723557,-15.477503,12.723590,-15.487670,12.790693
0,-15.348031,12.734233,-15.383588,12.807294,-15.348298,12.734239
0,-15.388606,12.804990,-15.390167,12.805083,-15.377996,12.728766
0,-15.543636,12.751177,-15.518131,12.712650,-15.543347,12.752613
0,-15.541363,12.762206,-15.477870,12.723557,-15.494885,12.790393
0,-15.494885,12.790393,-15.477870,12.723557,-15.487670,12.790693
0,-15.539596,12.768390,-15.497423,12.791441,-15.504500,12.795303
0,-15.468098,12.798676,-15.471898,12.797004,-15.462823,12.724904
0,-15.462823,12.724904,-15.482303,12.791703,-15.477503,12.723590
0,-15.468098,12.798676,-15.462823,12.724904,-15.465000,12.799945
0,-15.438258,12.828256,-15.441822,12.825494,-15.435273,12.828261
0,-15.360995,12.846468,-15.369476,12.843155,-15.378313,12.833883
0,-15.315634,12.854572,-15.322519,12.854977,-15.307339,12.852657
0,-15.277161,12.763417,-15.307339,12.852657,-15.322519,12.854977
0,-15.308374,12.853176,-15.312960,12.854414,-15.308126,12.853051
0,-15.443455,12.822104,-15.445439,12.819057,-15.422510,12.824320
0,-15.392980,12.723052,-15.391910,12.723456,-15.396312,12.805888
0,-15.448962,12.813343,-15.449406,12.812619,-15.450682,12.809559
0,-15.450682,12.809559,-15.407980,12.812974,-15.413254,12.817502
0,-15.383588,12.807294,-15.354041,12.733762,-15.351120,12.734005
0,-15.246421,12.836936,-15.248025,12.838956,-15.246113,12.833228
0,-15.267315,12.765341,-15.231084,12.805367,-15.233066,12.806083
0,-15.291981,12.856192,-15.303830,12.854240,-15.307339,12.852657
0,-15.298683,12.856363,-15.300686,12.856182,-15.303830,12.854240
0,-15.289495,12.856769,-15.267467,12.853636,-15.284695,12.859152
0,-15.253942,12.846239,-15.255715,12.848966,-15.256715,12.849252
0,-15.251835,12.843150,-15.252829,12.844526,-15.267375,12.853524
0,-15.207580,12.815417,-15.213553,12.815292,-15.227917,12.807553
0,-15.194536,12.815068,-15.196504,12.814995,-15.182649,12.738949
0,-15.145663,12.805863,-15.148239,12.807469,-15.152978,12.807179
0,-15.182649,12.738949,-15.197828,12.814946,-15.183497,12.738656
0,-15.223819,12.812100,-15.225009,12.811634,-15.226958,12.809479
0,-15.131751,12.786300,-15.135697,12.798045,-15.132992,12.785767
0,-15.133182,12.797970,-15.135697,12.798045,-15.131751,12.786300
0,-15.137619,12.779447,-15.137657,12.780460,-15.158829,12.806200
0,-15.130393,12.797876,-15.126022,12.794854,-15.127116,12.797533
0,-15.235567,12.808862,-15.239656,12.814631,-15.270826,12.766486
0,-15.267375,12.853524,-15.251059,12.842076,-15.251835,12.843150
0,-15.137657,12.780460,-15.137601,12.780996,-15.158829,12.806200
0,-15.182649,12.738949,-15.172896,12.812212,-15.194536,12.815068
0,-15.298381,12.732961,-15.285233,12.744938,-15.301003,12.733028
0,-15.284070,12.748015,-15.306826,12.733178,-15.305528,12.733144
0,-15.274336,12.765813,-15.307339,12.852657,-15.277161,12.763417
0,-15.264657,12.741036,-15.262801,12.737783,-15.243389,12.731547
0,-15.136116,12.774420,-15.136382,12.776124,-15.137944,12.768319
0,-15.194455,12.732387,-15.205976,12.730421,-15.201174,12.730268
0,-15.526838,12.708729,-15.543262,12.718401,-15.542225,12.715916
0,-15.543262,12.718401,-15.518131,12.712650,-15.544205,12.721346
0,-15.544533,12.722531,-15.518131,12.712650,-15.544853,12.723686
0,-15.546007,12.731362,-15.545925,12.727558,-15.544853,12.723686
0,-15.518131,12.712650,-15.544533,12.722531,-15.544205,12.721346
0,-15.526838,12.708729,-15.518131,12.712650,-15.543262,12.718401
0,-15.486563,12.790919,-15.487670,12.790693,-15.477503,12.723590
0,-15.473598,12.796120,-15.462823,12.724904,-15.471898,12.797004
0,-15.462823,12.724904,-15.455379,12.720852,-15.459972,12.801906
0,-15.526838,12.708729,-15.540075,12.712321,-15.539028,12.710648
0,-15.526838,12.708729,-15.542225,12.715916,-15.542024,12.715436
0,-15.539028,12.710648,-15.537049,12.707424,-15.526838,12.708729
0,-15.477870,12.723557,-15.518131,12.712650,-15.513470,12.709821
0,-15.546007,12.731362,-15.544853,12.723686,-15.518131,12.712650
0,-15.431466,12.710550,-15.448955,12.717356,-15.448512,12.715024
0,-15.448512,12.715024,-15.447322,12.707091,-15.431466,12.710550
0,-15.402851,12.809419,-15.455121,12.805245,-15.403210,12.719304
0,-15.392980,12.723052,-15.396312,12.805888,-15.403210,12.719304
0,-15.396312,12.805888,-15.391910,12.723456,-15.382555,12.726991
0,-15.298381,12.732961,-15.289690,12.736240,-15.285233,12.744938
0,-15.293896,12.732870,-15.289690,12.736240,-15.298381,12.732961
0,-15.388606,12.804990,-15.377996,12.728766,-15.368183,12.732586
0,-15.390167,12.805083,-15.382555,12.726991,-15.377996,12.728766
0,-15.383588,12.807294,-15.351120,12.734005,-15.348664,12.734209
0,-15.285233,12.744938,-15.284070,12.748015,-15.305124,12.733134
0,-15.305124,12.733134,-15.284070,12.748015,-15.305146,12.733134
0,-15.301003,12.733028,-15.285233,12.744938,-15.305124,12.733134
0,-15.541363,12.762206,-15.541483,12.761831,-15.542549,12.755845
0,-15.484356,12.791369,-15.486563,12.790919,-15.477503,12.723590
0,-15.280274,12.757193,-15.348031,12.734233,-15.306826,12.733178
0,-15.382226,12.809785,-15.322519,12.854977,-15.340758,12.853512
0,-15.289690,12.736240,-15.292142,12.733255,-15.290778,12.734117
0,-15.306826,12.733178,-15.284070,12.748015,-15.282860,12.751216
0,-15.305528,12.733144,-15.305167,12.733135,-15.284070,12.748015
0,-15.306826,12.733178,-15.282860,12.751216,-15.281830,12.753938
0,-15.465000,12.799945,-15.462823,12.724904,-15.459972,12.801906
0,-15.504500,12.795303,-15.530624,12.791041,-15.537527,12.781505
0,-15.504500,12.795303,-15.497423,12.791441,-15.499181,12.792825
0,-15.539596,12.768390,-15.539885,12.766810,-15.497423,12.791441
0,-15.482303,12.791703,-15.484356,12.791369,-15.477503,12.723590
0,-15.477100,12.794296,-15.482303,12.791703,-15.462823,12.724904
0,-15.504500,12.795303,-15.508162,12.797737,-15.526147,12.794974
0,-15.526147,12.794974,-15.508162,12.797737,-15.523422,12.797755
0,-15.512411,12.801317,-15.523422,12.797755,-15.508162,12.797737
0,-15.530624,12.791041,-15.536994,12.782798,-15.537527,12.781505
0,-15.530393,12.791245,-15.504500,12.795303,-15.526147,12.794974
0,-15.530624,12.791041,-15.504500,12.795303,-15.530393,12.791245
0,-15.518131,12.712650,-15.546608,12.738897,-15.546007,12.731362
0,-15.544144,12.749525,-15.546323,12.742559,-15.546608,12.738897
0,-15.544144,12.749525,-15.545599,12.746005,-15.546323,12.742559
0,-15.541363,12.762206,-15.542549,12.755845,-15.477870,12.723557
0,-15.543347,12.752613,-15.518131,12.712650,-15.542549,12.755845
0,-15.539885,12.766810,-15.541363,12.762206,-15.494885,12.790393
0,-15.539596,12.768390,-15.504500,12.795303,-15.537527,12.781505
0,-15.497423,12.791441,-15.539885,12.766810,-15.494885,12.790393
0,-15.522255,12.799336,-15.523422,12.797755,-15.512411,12.801317
0,-15.522255,12.799336,-15.512411,12.801317,-15.520749,12.802019
0,-15.520749,12.802019,-15.515640,12.803604,-15.519241,12.803266
0,-15.517584,12.804082,-15.519241,12.803266,-15.515640,12.803604
0,-15.515780,12.803703,-15.517584,12.804082,-15.515640,12.803604
0,-15.515640,12.803604,-15.520749,12.802019,-15.512411,12.801317
0,-15.455121,12.805245,-15.459972,12.801906,-15.455379,12.720852
0,-15.463305,12.800867,-15.465000,12.799945,-15.459972,12.801906
0,-15.455121,12.805245,-15.402851,12.809419,-15.406756,12.812236
0,-15.368183,12.732586,-15.354041,12.733762,-15.383588,12.807294
0,-15.402851,12.809419,-15.403210,12.719304,-15.396312,12.805888
0,-15.382555,12.726991,-15.390167,12.805083,-15.396312,12.805888
0,-15.346427,12.851969,-15.382226,12.809785,-15.340758,12.853512
0,-15.450682,12.809559,-15.455121,12.805245,-15.407980,12.812974
0,-15.426728,12.826725,-15.443455,12.822104,-15.422510,12.824320
0,-15.455121,12.805245,-15.406756,12.812236,-15.407980,12.812974
0,-15.402851,12.809419,-15.405097,12.811234,-15.406756,12.812236
0,-15.417054,12.820396,-15.448962,12.813343,-15.450682,12.809559
0,-15.447889,12.815091,-15.448962,12.813343,-15.417054,12.820396
0,-15.445439,12.819057,-15.447889,12.815091,-15.419874,12.822544
0,-15.431119,12.828153,-15.443455,12.822104,-15.428881,12.827425
0,-15.441822,12.825494,-15.443455,12.822104,-15.435273,12.828261
0,-15.440888,12.826759,-15.441822,12.825494,-15.438258,12.828256
0,-15.443455,12.822104,-15.431119,12.828153,-15.435273,12.828261
0,-15.428881,12.827425,-15.443455,12.822104,-15.426728,12.826725
0,-15.445439,12.819057,-15.422501,12.824314,-15.422510,12.824320
0,-15.445439,12.819057,-15.422498,12.824312,-15.422501,12.824314
0,-15.445439,12.819057,-15.419874,12.822544,-15.422498,12.824312
0,-15.383327,12.828397,-15.384201,12.826147,-15.381525,12.829835
0,-15.447889,12.815091,-15.417054,12.820396,-15.419874,12.822544
0,-15.450682,12.809559,-15.413254,12.817502,-15.417054,12.820396
0,-15.382870,12.816196,-15.382573,12.813612,-15.378313,12.833883
0,-15.382573,12.813612,-15.382226,12.809785,-15.360995,12.846468
0,-15.360995,12.846468,-15.382226,12.809785,-15.347094,12.851788
0,-15.332469,12.855539,-15.322519,12.854977,-15.325544,12.855548
0,-15.303830,12.854240,-15.297468,12.856473,-15.298683,12.856363
0,-15.303830,12.854240,-15.291981,12.856192,-15.297468,12.856473
0,-15.270428,12.857277,-15.270671,12.857810,-15.284695,12.859152
0,-15.291981,12.856192,-15.307339,12.852657,-15.274336,12.765813
0,-15.242160,12.819204,-15.291981,12.856192,-15.274336,12.765813
0,-15.381525,12.829835,-15.378313,12.833883,-15.380797,12.831894
0,-15.369476,12.843155,-15.374445,12.839846,-15.375978,12.837762
0,-15.382870,12.816196,-15.378313,12.833883,-15.381525,12.829835
0,-15.384245,12.822462,-15.381525,12.829835,-15.384201,12.826147
0,-15.382226,12.809785,-15.277161,12.763417,-15.322519,12.854977
0,-15.396312,12.805888,-15.390167,12.805083,-15.392313,12.805607
0,-15.348664,12.734209,-15.348298,12.734239,-15.383588,12.807294
0,-15.387485,12.805087,-15.388606,12.804990,-15.368183,12.732586
0,-15.383588,12.807294,-15.387485,12.805087,-15.368183,12.732586
0,-15.277161,12.763417,-15.382226,12.809785,-15.348031,12.734233
0,-15.386219,12.805998,-15.387485,12.805087,-15.383588,12.807294
0,-15.385732,12.806526,-15.386219,12.805998,-15.383588,12.807294
0,-15.360995,12.846468,-15.378313,12.833883,-15.382573,12.813612
0,-15.348031,12.734233,-15.382226,12.809785,-15.383588,12.807294
0,-15.346427,12.851969,-15.347094,12.851788,-15.382226,12.809785
0,-15.239656,12.814631,-15.242160,12.819204,-15.270826,12.766486
0,-15.236453,12.810626,-15.237307,12.811852,-15.235567,12.808862
0,-15.235567,12.808862,-15.267315,12.765341,-15.234164,12.807069
0,-15.197828,12.814946,-15.202582,12.815122,-15.188324,12.736988
0,-15.213553,12.815292,-15.219647,12.813732,-15.227917,12.807553
0,-15.202582,12.815122,-15.207580,12.815417,-15.230018,12.805308
0,-15.207580,12.815417,-15.227917,12.807553,-15.228859,12.806546
0,-15.219647,12.813732,-15.223819,12.812100,-15.227917,12.807553
0,-15.227917,12.807553,-15.223819,12.812100,-15.226958,12.809479
0,-15.243117,12.823900,-15.291981,12.856192,-15.242160,12.819204
0,-15.237307,12.811852,-15.239656,12.814631,-15.235567,12.808862
0,-15.242160,12.819204,-15.274336,12.765813,-15.270826,12.766486
0,-15.243177,12.825145,-15.243122,12.828804,-15.246113,12.833228
0,-15.242322,12.821268,-15.243117,12.823900,-15.242160,12.819204
0,-15.243179,12.824976,-15.246113,12.833228,-15.243117,12.823900
0,-15.267467,12.853636,-15.270428,12.857277,-15.284695,12.859152
0,-15.291981,12.856192,-15.267375,12.853524,-15.289495,12.856769
0,-15.267375,12.853524,-15.252829,12.844526,-15.264117,12.852704
0,-15.243117,12.823900,-15.267375,12.853524,-15.291981,12.856192
0,-15.243117,12.823900,-15.246113,12.833228,-15.267375,12.853524
0,-15.284695,12.859152,-15.270671,12.857810,-15.276529,12.862486
0,-15.284695,12.859152,-15.276529,12.862486,-15.280797,12.862530
0,-15.270671,12.857810,-15.271245,12.859062,-15.276529,12.862486
0,-15.276529,12.862486,-15.271245,12.859062,-15.272114,12.860960
0,-15.267375,12.853524,-15.264117,12.852704,-15.265571,12.853382
0,-15.252829,12.844526,-15.253942,12.846239,-15.264117,12.852704
0,-15.264117,12.852704,-15.253942,12.846239,-15.256715,12.849252
0,-15.251059,12.842076,-15.246113,12.833228,-15.248557,12.839626
0,-15.243177,12.825145,-15.246113,12.833228,-15.243179,12.824976
0,-15.245993,12.835680,-15.246421,12.836936,-15.246113,12.833228
0,-15.207580,12.815417,-15.228859,12.806546,-15.230018,12.805308
0,-15.182649,12.738949,-15.196504,12.814995,-15.197828,12.814946
0,-15.211055,12.815773,-15.213553,12.815292,-15.207580,12.815417
0,-15.188324,12.736988,-15.202582,12.815122,-15.230018,12.805308
0,-15.183627,12.816033,-15.194536,12.815068,-15.172896,12.812212
0,-15.183627,12.816033,-15.188686,12.816508,-15.194536,12.815068
0,-15.182649,12.738949,-15.169482,12.810599,-15.172896,12.812212
0,-15.169482,12.810599,-15.167268,12.743783,-15.163141,12.807612
0,-15.167268,12.743783,-15.161434,12.807075,-15.163141,12.807612
0,-15.167268,12.743783,-15.160724,12.806836,-15.161434,12.807075
0,-15.150287,12.807985,-15.152978,12.807179,-15.148239,12.807469
0,-15.145663,12.805863,-15.152978,12.807179,-15.155376,12.805857
0,-15.137424,12.782516,-15.136924,12.783951,-15.155376,12.805857
0,-15.142487,12.803542,-15.145663,12.805863,-15.155376,12.805857
0,-15.136927,12.799499,-15.138995,12.800589,-15.135697,12.798045
0,-15.137452,12.782436,-15.155376,12.805857,-15.137497,12.782007
0,-15.137497,12.782007,-15.155376,12.805857,-15.158829,12.806200
0,-15.141629,12.802598,-15.142444,12.803510,-15.142487,12.803542
0,-15.141629,12.802598,-15.142487,12.803542,-15.155376,12.805857
0,-15.133182,12.797970,-15.131751,12.786300,-15.131582,12.797511
0,-15.135925,12.772708,-15.136116,12.774420,-15.136852,12.769736
0,-15.131582,12.797511,-15.126985,12.790460,-15.126022,12.794854
0,-15.126985,12.790460,-15.126976,12.790470,-15.126022,12.794854
0,-15.127116,12.797533,-15.126022,12.794854,-15.126406,12.797573
0,-15.126406,12.797573,-15.126022,12.794854,-15.126102,12.797591
0,-15.126022,12.794854,-15.126976,12.790470,-15.125670,12.793265
0,-15.131582,12.797511,-15.128590,12.788942,-15.128063,12.789371
0,-15.131582,12.797511,-15.128889,12.788535,-15.128590,12.788942
0,-15.126985,12.790460,-15.131582,12.797511,-15.127694,12.789670
0,-15.126985,12.790460,-15.127694,12.789670,-15.127032,12.790356
0,-15.131582,12.797511,-15.131751,12.786300,-15.128889,12.788535
0,-15.131751,12.786300,-15.130340,12.787024,-15.128889,12.788535
0,-15.130340,12.787024,-15.129396,12.787845,-15.128889,12.788535
0,-15.136222,12.770811,-15.135925,12.772708,-15.136852,12.769736
0,-15.144275,12.756429,-15.141704,12.761675,-15.145113,12.755337
0,-15.137601,12.780996,-15.137497,12.782007,-15.158829,12.806200
0,-15.135925,12.772708,-15.135900,12.772935,-15.136116,12.774420
0,-15.135925,12.772708,-15.135895,12.772900,-15.135900,12.772935
0,-15.132992,12.785767,-15.134821,12.785427,-15.133823,12.785409
0,-15.135697,12.798045,-15.138995,12.800589,-15.136924,12.783951
0,-15.135697,12.798045,-15.134821,12.785427,-15.132992,12.785767
0,-15.135697,12.798045,-15.135602,12.785136,-15.134821,12.785427
0,-15.136924,12.783951,-15.141629,12.802598,-15.155376,12.805857
0,-15.135697,12.798045,-15.136924,12.783951,-15.135602,12.785136
0,-15.138995,12.800589,-15.141629,12.802598,-15.136924,12.783951
0,-15.136382,12.776124,-15.136883,12.777739,-15.137944,12.768319
0,-15.160724,12.806836,-15.167268,12.743783,-15.140516,12.764432
0,-15.160724,12.806836,-15.140516,12.764432,-15.158829,12.806200
0,-15.140516,12.764432,-15.139990,12.765274,-15.137619,12.779447
0,-15.137424,12.782516,-15.155376,12.805857,-15.137452,12.782436
0,-15.348031,12.734233,-15.279246,12.759247,-15.277161,12.763417
0,-15.267315,12.765341,-15.233066,12.806083,-15.234164,12.807069
0,-15.266045,12.762567,-15.231084,12.805367,-15.267315,12.765341
0,-15.266137,12.757782,-15.241542,12.731487,-15.266045,12.762567
0,-15.167268,12.743783,-15.141704,12.761675,-15.140516,12.764432
0,-15.140516,12.764432,-15.137619,12.779447,-15.158829,12.806200
0,-15.139990,12.765274,-15.137944,12.768319,-15.137619,12.779447
0,-15.137944,12.768319,-15.136883,12.777739,-15.137619,12.779447
0,-15.136852,12.769736,-15.136116,12.774420,-15.137944,12.768319
0,-15.266201,12.756759,-15.266361,12.754206,-15.243389,12.731547
0,-15.266361,12.754206,-15.266521,12.751657,-15.243389,12.731547
0,-15.266201,12.756759,-15.243389,12.731547,-15.266137,12.757782
0,-15.264657,12.741036,-15.266180,12.745941,-15.265341,12.742662
0,-15.306826,12.733178,-15.281830,12.753938,-15.281173,12.755313
0,-15.348031,12.734233,-15.280274,12.757193,-15.279246,12.759247
0,-15.306826,12.733178,-15.281173,12.755313,-15.280274,12.757193
0,-15.266180,12.745941,-15.266521,12.751657,-15.266713,12.749455
0,-15.266521,12.751657,-15.266180,12.745941,-15.243389,12.731547
0,-15.243389,12.731547,-15.266180,12.745941,-15.264657,12.741036
0,-15.262801,12.737783,-15.255874,12.731952,-15.243389,12.731547
0,-15.255874,12.731952,-15.262801,12.737783,-15.259678,12.734150
0,-15.255874,12.731952,-15.259678,12.734150,-15.257922,12.732716
0,-15.241542,12.731487,-15.266137,12.757782,-15.243389,12.731547
0,-15.222193,12.730908,-15.266045,12.762567,-15.241542,12.731487
0,-15.230018,12.805308,-15.266045,12.762567,-15.222193,12.730908
0,-15.230018,12.805308,-15.222193,12.730908,-15.205976,12.730421
0,-15.189502,12.735271,-15.188324,12.736988,-15.191629,12.733921
0,-15.194455,12.732387,-15.201174,12.730268,-15.198938,12.730183
0,-15.191629,12.733921,-15.188324,12.736988,-15.194455,12.732387
0,-15.194455,12.732387,-15.188324,12.736988,-15.205976,12.730421
0,-15.189900,12.734332,-15.189502,12.735271,-15.191629,12.733921
0,-15.188324,12.736988,-15.230018,12.805308,-15.205976,12.730421
0,-15.146457,12.752733,-15.167268,12.743783,-15.147781,12.750455
0,-15.169482,12.810599,-15.182649,12.738949,-15.167268,12.743783
0,-15.183497,12.738656,-15.197828,12.814946,-15.188324,12.736988
0,-15.167268,12.743783,-15.146457,12.752733,-15.145113,12.755337
0,-15.149182,12.748546,-15.147781,12.750455,-15.167268,12.743783
0,-15.167268,12.743783,-15.150469,12.747126,-15.149182,12.748546
