121,3,11,92,77,
0,-13.009829,15.378427,-12.947100,15.389691,-12.974392,15.423179
0,-12.934584,14.881901,-12.938307,14.870615,-12.623024,14.792872
0,-12.815185,15.214675,-12.796270,15.209671,-12.800962,15.213044
0,-13.022791,15.337140,-13.031530,15.319260,-12.931398,15.344356
0,-12.898602,15.261393,-13.031530,15.319260,-13.038297,15.305413
0,-12.934584,14.881901,-12.935231,14.881562,-12.936203,14.880101
0,-12.936531,14.876625,-12.938307,14.870615,-12.934584,14.881901
0,-13.043885,15.255598,-13.043864,15.254691,-12.898916,15.254801
0,-12.945228,15.091688,-12.852539,15.202068,-12.945523,15.091982
0,-12.926400,14.981257,-12.926832,14.979388,-12.927643,14.971371
0,-13.044039,15.262379,-13.044014,15.261279,-12.898602,15.261393
0,-13.015024,15.383482,-12.992338,15.423149,-13.006496,15.421134
0,-13.009829,15.378427,-12.974392,15.423179,-12.992338,15.423149
0,-12.948097,15.408635,-12.947379,15.414021,-12.974392,15.423179
0,-13.009829,15.378427,-12.992338,15.423149,-13.015024,15.383482
0,-12.898602,15.261393,-13.038297,15.305413,-13.044104,15.268393
0,-12.948097,15.408635,-12.947436,15.403453,-12.947335,15.403453
0,-12.931398,15.344356,-13.031530,15.319260,-12.898602,15.261393
0,-12.926260,14.981862,-12.926400,14.981257,-12.927569,14.968530
0,-12.838593,15.267468,-12.871689,15.263853,-12.840027,15.265375
0,-12.887074,15.239198,-12.854730,15.206070,-12.879069,15.235967
0,-12.793441,15.157946,-12.793882,15.165699,-12.842171,15.198985
0,-12.986742,14.837030,-12.969476,14.855870,-12.982855,14.847143
0,-12.594012,14.899936,-12.594166,14.879793,-12.593414,14.898844
0,-12.920424,14.928531,-12.614672,14.818009,-12.603592,14.921952
0,-12.621246,14.986151,-12.621140,14.987162,-12.621271,14.988174
0,-12.616363,14.964917,-12.920424,14.928531,-12.605092,14.929786
0,-12.602220,14.916846,-12.614672,14.818009,-12.600952,14.912601
0,-12.619324,14.971836,-12.621318,14.983668,-12.621322,14.983671
0,-12.927497,14.965755,-12.927426,14.963049,-12.927229,14.961724
0,-12.686124,14.658913,-12.946043,14.860321,-12.957715,14.670380
0,-12.993356,14.831765,-12.957715,14.670380,-12.986742,14.837030
0,-12.938307,14.870615,-12.943579,14.864402,-12.946043,14.860321
0,-12.957715,14.670380,-12.951125,14.655146,-12.942874,14.644553
0,-12.969476,14.855870,-12.986742,14.837030,-12.954913,14.854339
0,-12.942874,14.644553,-12.939057,14.632565,-12.847012,14.573045
0,-12.936203,14.880101,-12.936360,14.879098,-12.934584,14.881901
0,-12.941463,14.868124,-12.942051,14.866846,-12.938307,14.870615
0,-12.622774,14.993291,-12.630475,15.008274,-12.621322,14.983671
0,-12.920424,14.928531,-12.934584,14.881901,-12.614814,14.817580
0,-12.926273,14.917150,-12.930626,14.909449,-12.934330,14.895895
0,-12.927049,14.960508,-12.927497,14.965755,-12.927229,14.961724
0,-12.924548,14.949477,-12.926260,14.981862,-12.927569,14.968530
0,-12.659502,15.047997,-12.663967,15.053693,-12.920479,14.935363
0,-12.815185,15.214675,-12.832052,15.206289,-12.791687,15.175061
0,-12.931141,15.075038,-12.849134,15.199855,-12.931197,15.075111
0,-12.931053,15.074922,-12.849134,15.199855,-12.931141,15.075038
0,-12.936514,15.082073,-12.849134,15.199855,-12.936859,15.082525
0,-13.043261,15.218514,-13.043145,15.209371,-13.017685,15.163002
0,-13.017685,15.163002,-12.898063,15.251408,-13.043261,15.218514
0,-12.898916,15.254801,-13.043541,15.240464,-13.043523,15.239055
0,-12.898916,15.254801,-13.043483,15.235920,-13.043466,15.234559
0,-13.043807,15.252174,-12.898916,15.254801,-13.043823,15.252891
0,-12.898916,15.254801,-13.043851,15.254106,-13.043823,15.252891
0,-12.898916,15.254801,-13.043864,15.254691,-13.043851,15.254106
0,-12.943433,15.356593,-12.947360,15.363156,-13.020455,15.344582
0,-13.009829,15.378427,-12.947587,15.377718,-12.947253,15.385943
0,-12.944565,15.421943,-12.972454,15.427903,-12.947047,15.417734
0,-12.976879,15.425348,-12.992338,15.423149,-12.974392,15.423179
0,-13.006496,15.421134,-13.029669,15.397731,-13.020272,15.388588
0,-12.957375,15.442789,-12.944565,15.421943,-12.951985,15.441950
0,-12.694196,15.086725,-12.713870,15.103335,-12.726018,15.109390
0,-12.947100,15.389691,-12.947436,15.403453,-12.974392,15.423179
0,-12.974392,15.423179,-12.947436,15.403453,-12.948097,15.408635
0,-12.889528,15.336653,-12.895144,15.336777,-12.882312,15.334002
0,-13.009829,15.378427,-12.947253,15.385943,-12.947100,15.389691
0,-12.887074,15.239198,-12.986781,15.132036,-12.980150,15.125660
0,-12.852539,15.202068,-12.854730,15.206070,-12.967760,15.113670
0,-12.947652,15.376921,-12.947587,15.377718,-13.009829,15.378427
0,-12.947693,15.094145,-12.852539,15.202068,-12.948199,15.094650
0,-12.750105,15.132392,-12.755292,15.136693,-12.778841,15.144040
0,-12.921484,15.049506,-12.924967,15.049581,-12.924882,15.049215
0,-12.789874,15.150919,-12.793441,15.157946,-12.930761,15.074540
0,-12.919025,15.046570,-12.929288,15.068194,-12.928773,15.065975
0,-13.043466,15.234559,-13.043447,15.233075,-12.898063,15.251408
0,-12.940286,15.353118,-12.943433,15.356593,-13.022791,15.337140
0,-12.908525,15.336401,-12.918709,15.337931,-12.895484,15.267105
0,-12.853737,15.318029,-12.859481,15.321055,-12.844340,15.306439
0,-12.878547,15.331938,-12.891683,15.268905,-12.885886,15.269310
0,-12.876083,15.268471,-12.874632,15.267288,-12.840393,15.297427
0,-12.844340,15.306439,-12.859481,15.321055,-12.876083,15.268471
0,-12.868170,15.325899,-12.879208,15.269304,-12.863792,15.323380
0,-12.876083,15.268471,-12.859481,15.321055,-12.879208,15.269304
0,-12.863792,15.323380,-12.879208,15.269304,-12.862666,15.322733
0,-12.838593,15.267468,-12.874632,15.267288,-12.871689,15.263853
0,-12.800962,15.213044,-12.807734,15.215291,-12.815185,15.214675
0,-12.898063,15.251408,-12.898916,15.254801,-13.043466,15.234559
0,-12.852539,15.202068,-12.947693,15.094145,-12.946946,15.093400
0,-12.789544,15.199588,-12.796270,15.209671,-12.815185,15.214675
0,-12.650892,15.036218,-12.651398,15.036896,-12.920479,14.935363
0,-12.666547,15.057386,-12.667204,15.058362,-12.691540,15.084323
0,-12.630475,15.008274,-12.623460,14.995551,-12.623536,14.996067
0,-12.622774,14.993291,-12.621271,14.988174,-12.621942,14.991629
0,-12.616329,14.981321,-12.617692,14.982162,-12.619206,14.982408
0,-12.650892,15.036218,-12.641529,15.023391,-12.641540,15.023419
0,-12.621246,14.986151,-12.622774,14.993291,-12.621322,14.983671
0,-12.623587,14.996415,-12.624734,15.000417,-12.623536,14.996067
0,-12.918810,15.018962,-12.918924,15.016495,-12.918372,15.011123
0,-12.920843,15.003036,-12.924548,14.949477,-12.920479,14.935363
0,-12.917107,15.031398,-12.726018,15.109390,-12.734911,15.116841
0,-12.927497,14.965755,-12.926801,14.958836,-12.924548,14.949477
0,-12.920843,15.003036,-12.920479,14.935363,-12.920356,15.004382
0,-12.925032,14.988525,-12.925338,14.986858,-12.921444,15.001376
0,-12.619206,14.982408,-12.615254,14.975931,-12.614952,14.977537
0,-12.614091,14.978263,-12.614078,14.979366,-12.614640,14.979969
0,-12.615254,14.975931,-12.614962,14.976617,-12.614952,14.977537
0,-13.028402,14.683759,-13.060804,14.769511,-13.062579,14.707658
0,-12.938307,14.870615,-12.946043,14.860321,-12.686124,14.658913
0,-12.609181,14.952326,-12.616363,14.964917,-12.605092,14.929786
0,-12.619324,14.971836,-12.641529,15.023391,-12.920479,14.935363
0,-12.601097,14.925527,-12.603592,14.921952,-12.600939,14.925368
0,-12.609181,14.952326,-12.603067,14.952128,-12.605314,14.954290
0,-12.595371,14.876066,-12.598087,14.907374,-12.598542,14.908204
0,-12.598963,14.908973,-12.595619,14.875319,-12.598542,14.908204
0,-12.594164,14.879791,-12.595371,14.876066,-12.594162,14.879788
0,-12.974644,14.672075,-12.957715,14.670380,-12.993356,14.831765
0,-13.026380,14.683118,-12.999319,14.674544,-13.042674,14.795371
0,-13.062579,14.707658,-13.070782,14.752558,-13.074943,14.733465
0,-13.062579,14.707658,-13.051044,14.692617,-13.028402,14.683759
0,-13.062579,14.707658,-13.074943,14.733465,-13.071683,14.719988
0,-13.070782,14.752558,-13.062579,14.707658,-13.060804,14.769511
0,-13.060804,14.769511,-13.028402,14.683759,-13.026380,14.683118
0,-13.036200,14.804995,-13.036303,14.804457,-13.007601,14.829760
0,-13.042674,14.795371,-12.999319,14.674544,-12.974644,14.672075
0,-13.032857,14.822526,-13.007601,14.829760,-13.016239,14.832996
0,-13.032857,14.822526,-13.036200,14.804995,-13.007601,14.829760
0,-12.969476,14.855870,-12.971243,14.856056,-12.982256,14.848701
0,-13.029735,14.828013,-13.032857,14.822526,-13.016239,14.832996
0,-13.007601,14.829760,-13.036303,14.804457,-12.993356,14.831765
0,-12.969476,14.855870,-12.982256,14.848701,-12.982855,14.847143
0,-12.986742,14.837030,-12.957715,14.670380,-12.954913,14.854339
0,-13.036303,14.804457,-13.042674,14.795371,-12.993356,14.831765
0,-13.025052,14.836298,-13.029495,14.828439,-13.016239,14.832996
0,-13.029755,14.828013,-13.032857,14.822526,-13.029735,14.828013
0,-13.029735,14.828013,-13.016239,14.832996,-13.029495,14.828439
0,-13.060804,14.769511,-13.026380,14.683118,-13.042674,14.795371
0,-13.042674,14.795371,-12.974644,14.672075,-12.993356,14.831765
0,-12.909748,14.564093,-12.872910,14.569352,-12.942655,14.615382
0,-12.942655,14.615382,-12.948857,14.581964,-12.909748,14.564093
0,-12.939698,14.870105,-12.941463,14.868124,-12.938307,14.870615
0,-12.686124,14.658913,-12.957715,14.670380,-12.697350,14.643784
0,-12.954913,14.854339,-12.957715,14.670380,-12.946043,14.860321
0,-12.957715,14.670380,-12.942874,14.644553,-12.697350,14.643784
0,-12.943579,14.864402,-12.938307,14.870615,-12.942051,14.866846
0,-12.948857,14.581964,-12.924704,14.561956,-12.909748,14.564093
0,-12.948857,14.581964,-12.950601,14.558253,-12.924704,14.561956
0,-12.936360,14.879098,-12.936391,14.878108,-12.934584,14.881901
0,-12.936391,14.878108,-12.936531,14.876625,-12.934584,14.881901
0,-12.934283,14.896346,-12.934330,14.895895,-12.930626,14.909449
0,-12.920424,14.928531,-12.619324,14.971836,-12.920479,14.935363
0,-12.934584,14.881901,-12.923444,14.922257,-12.926273,14.917150
0,-12.641529,15.023391,-12.650892,15.036218,-12.920479,14.935363
0,-12.934584,14.881901,-12.920424,14.928531,-12.923444,14.922257
0,-12.616363,14.964917,-12.619324,14.971836,-12.920424,14.928531
0,-12.919178,15.007642,-12.919530,15.006668,-12.920479,14.935363
0,-12.924548,14.949477,-12.926801,14.958836,-12.925866,14.954048
0,-12.926090,14.982759,-12.924548,14.949477,-12.925842,14.984111
0,-12.926801,14.958836,-12.926364,14.955896,-12.926114,14.954970
0,-12.934283,14.896346,-12.930626,14.909449,-12.933416,14.902362
0,-12.934584,14.881901,-12.926273,14.917150,-12.934330,14.895895
0,-12.934901,14.886178,-12.934584,14.881901,-12.934330,14.895895
0,-12.934978,14.889608,-12.934901,14.886178,-12.934330,14.895895
0,-12.925866,14.954048,-12.926801,14.958836,-12.926114,14.954970
0,-12.927643,14.971371,-12.926832,14.979388,-12.927606,14.974573
0,-12.927492,14.976534,-12.927606,14.974573,-12.926832,14.979388
0,-12.925842,14.984111,-12.924548,14.949477,-12.925695,14.984911
0,-12.926260,14.981862,-12.924548,14.949477,-12.926090,14.982759
0,-12.925695,14.984911,-12.924548,14.949477,-12.925338,14.986858
0,-12.925338,14.986858,-12.924548,14.949477,-12.921444,15.001376
0,-12.925032,14.988525,-12.922067,14.999652,-12.924798,14.989803
0,-12.924187,14.993134,-12.922946,14.997221,-12.923648,14.995157
0,-12.924187,14.993134,-12.924798,14.989803,-12.922946,14.997221
0,-12.924062,14.993816,-12.924187,14.993134,-12.923648,14.995157
0,-12.924798,14.989803,-12.922418,14.998680,-12.922946,14.997221
0,-12.924798,14.989803,-12.922067,14.999652,-12.922418,14.998680
0,-12.925032,14.988525,-12.921444,15.001376,-12.922067,14.999652
0,-12.920487,15.048315,-12.919025,15.046570,-12.928773,15.065975
0,-12.924548,14.949477,-12.920843,15.003036,-12.921444,15.001376
0,-12.923395,14.995979,-12.923648,14.995157,-12.922946,14.997221
0,-12.921484,15.049506,-12.925599,15.052303,-12.924967,15.049581
0,-12.921484,15.049506,-12.926420,15.055841,-12.925599,15.052303
0,-12.921484,15.049506,-12.927002,15.058347,-12.926420,15.055841
0,-12.919025,15.046570,-12.929903,15.070841,-12.929288,15.068194
0,-12.838437,15.200097,-12.793882,15.165699,-12.792015,15.174312
0,-12.849134,15.199855,-12.930791,15.074579,-12.930761,15.074540
0,-12.919025,15.046570,-12.930459,15.073236,-12.929903,15.070841
0,-12.919025,15.046570,-12.789874,15.150919,-12.930459,15.073236
0,-12.928139,15.063245,-12.920487,15.048315,-12.928773,15.065975
0,-12.921484,15.049506,-12.920487,15.048315,-12.928139,15.063245
0,-12.921484,15.049506,-12.927622,15.061018,-12.927002,15.058347
0,-12.921484,15.049506,-12.928139,15.063245,-12.927622,15.061018
0,-12.927569,14.968530,-12.927497,14.965755,-12.924548,14.949477
0,-12.926801,14.958836,-12.927497,14.965755,-12.927049,14.960508
0,-12.927643,14.971371,-12.927569,14.968530,-12.926400,14.981257
0,-12.927689,14.973150,-12.927643,14.971371,-12.927606,14.974573
0,-12.930791,15.074579,-12.849134,15.199855,-12.930908,15.074732
0,-12.930908,15.074732,-12.849134,15.199855,-12.931053,15.074922
0,-12.789874,15.150919,-12.930761,15.074540,-12.930459,15.073236
0,-12.931197,15.075111,-12.849134,15.199855,-12.931378,15.075348
0,-12.931886,15.076013,-12.849134,15.199855,-12.932178,15.076396
0,-12.931378,15.075348,-12.849134,15.199855,-12.931548,15.075571
0,-12.931548,15.075571,-12.849134,15.199855,-12.931695,15.075763
0,-12.932495,15.076810,-12.849134,15.199855,-12.932670,15.077040
0,-12.932178,15.076396,-12.849134,15.199855,-12.932281,15.076530
0,-12.932281,15.076530,-12.849134,15.199855,-12.932495,15.076810
0,-12.931886,15.076013,-12.931695,15.075763,-12.849134,15.199855
0,-12.932670,15.077040,-12.849134,15.199855,-12.932834,15.077254
0,-12.932834,15.077254,-12.849134,15.199855,-12.933365,15.077950
0,-12.933365,15.077950,-12.849134,15.199855,-12.933717,15.078410
0,-12.933717,15.078410,-12.849134,15.199855,-12.934416,15.079325
0,-13.043145,15.209371,-13.038615,15.187716,-13.017685,15.163002
0,-13.043447,15.233075,-13.043357,15.226045,-12.898063,15.251408
0,-13.038615,15.187716,-13.036122,15.180321,-13.017685,15.163002
0,-13.038615,15.187716,-13.037265,15.181264,-13.036122,15.180321
0,-12.898063,15.251408,-13.017685,15.163002,-13.011251,15.156957
0,-12.998082,15.143591,-12.991095,15.136183,-12.892586,15.243496
0,-13.009224,15.155053,-12.895856,15.247543,-13.009632,15.155436
0,-12.889132,15.240874,-12.892586,15.243496,-12.986781,15.132036
0,-12.967760,15.113670,-12.854730,15.206070,-12.978359,15.123939
0,-12.978359,15.123939,-12.854730,15.206070,-12.887074,15.239198
0,-12.991095,15.136183,-12.998082,15.143591,-12.994509,15.139465
0,-12.998082,15.143591,-12.892586,15.243496,-13.003888,15.149196
0,-12.895856,15.247543,-12.898063,15.251408,-13.011251,15.156957
0,-13.043357,15.226045,-13.043308,15.222172,-12.898063,15.251408
0,-13.043261,15.218514,-12.898063,15.251408,-13.043308,15.222172
0,-12.898916,15.254801,-13.043523,15.239055,-13.043483,15.235920
0,-13.043626,15.244197,-12.898916,15.254801,-13.043650,15.245259
0,-13.043541,15.240464,-12.898916,15.254801,-13.043626,15.244197
0,-13.043680,15.246550,-12.898916,15.254801,-13.043693,15.247152
0,-13.043663,15.245842,-12.898916,15.254801,-13.043680,15.246550
0,-13.043650,15.245259,-12.898916,15.254801,-13.043663,15.245842
0,-13.043693,15.247152,-12.898916,15.254801,-13.043709,15.247850
0,-13.043720,15.248347,-12.898916,15.254801,-13.043735,15.249008
0,-13.043709,15.247850,-12.898916,15.254801,-13.043720,15.248347
0,-13.043906,15.256542,-13.043885,15.255598,-12.898916,15.254801
0,-13.043807,15.252149,-12.898916,15.254801,-13.043807,15.252174
0,-13.043959,15.258867,-13.043936,15.257860,-12.898916,15.254801
0,-13.043988,15.260134,-13.043959,15.258867,-12.898916,15.254801
0,-13.043936,15.257860,-13.043906,15.256542,-12.898916,15.254801
0,-12.898602,15.261393,-13.044014,15.261279,-13.043988,15.260134
0,-13.043960,15.293313,-13.044104,15.268393,-13.038297,15.305413
0,-13.044119,15.265898,-13.044039,15.262379,-12.898602,15.261393
0,-13.043960,15.293313,-13.038297,15.305413,-13.043900,15.293946
0,-12.898602,15.261393,-13.043988,15.260134,-12.898916,15.254801
0,-13.006496,15.421134,-13.020815,15.422741,-13.029669,15.397731
0,-13.027831,15.422868,-13.029669,15.397731,-13.020815,15.422741
0,-12.947047,15.417734,-12.972454,15.427903,-12.974392,15.423179
0,-13.015024,15.383482,-13.006496,15.421134,-13.020272,15.388588
0,-12.972454,15.427903,-12.944565,15.421943,-12.969082,15.436897
0,-12.947360,15.363156,-13.009829,15.378427,-13.020455,15.344582
0,-12.948427,15.367469,-12.947652,15.376921,-13.009829,15.378427
0,-13.043792,15.251504,-12.898916,15.254801,-13.043807,15.252149
0,-12.943433,15.356593,-13.020455,15.344582,-13.022791,15.337140
0,-13.043770,15.250550,-12.898916,15.254801,-13.043792,15.251504
0,-13.043752,15.249735,-12.898916,15.254801,-13.043770,15.250550
0,-13.043735,15.249008,-12.898916,15.254801,-13.043752,15.249735
0,-12.947360,15.363156,-12.948427,15.367469,-13.009829,15.378427
0,-12.948369,15.443103,-12.948466,15.442180,-12.941894,15.443107
0,-12.947047,15.417734,-12.974392,15.423179,-12.947379,15.414021
0,-12.944565,15.421943,-12.957375,15.442789,-12.969082,15.436897
0,-12.957375,15.442789,-12.962386,15.445512,-12.962694,15.445263
0,-12.957375,15.442789,-12.961269,15.446414,-12.962386,15.445512
0,-12.967358,15.441497,-12.957375,15.442789,-12.962694,15.445263
0,-12.967358,15.441497,-12.969082,15.436897,-12.957375,15.442789
0,-12.951985,15.441950,-12.944565,15.421943,-12.948466,15.442180
0,-12.948466,15.442180,-12.944565,15.421943,-12.937185,15.428114
0,-12.932074,15.431206,-12.941894,15.443107,-12.937185,15.428114
0,-12.939018,15.444627,-12.928779,15.433200,-12.933382,15.446224
0,-12.933382,15.446224,-12.928779,15.433200,-12.929764,15.445688
0,-12.929764,15.445688,-12.925322,15.438762,-12.925290,15.441989
0,-12.929764,15.445688,-12.925290,15.441989,-12.927035,15.445017
0,-12.859481,15.321055,-12.862666,15.322733,-12.879208,15.269304
0,-12.929764,15.445688,-12.928779,15.433200,-12.925322,15.438762
0,-12.941894,15.443107,-12.948466,15.442180,-12.937185,15.428114
0,-12.939018,15.444627,-12.932074,15.431206,-12.928779,15.433200
0,-12.939018,15.444627,-12.941894,15.443107,-12.932074,15.431206
0,-12.935016,15.348124,-12.940286,15.353118,-13.022791,15.337140
0,-12.931398,15.344356,-12.935016,15.348124,-13.022791,15.337140
0,-12.929850,15.343434,-12.931398,15.344356,-12.898602,15.261393
0,-12.925868,15.341064,-12.929850,15.343434,-12.898602,15.261393
0,-12.923641,15.339739,-12.925868,15.341064,-12.898602,15.261393
0,-12.895484,15.267105,-12.923641,15.339739,-12.897286,15.264196
0,-12.943942,15.090406,-12.943494,15.089959,-12.852539,15.202068
0,-12.944343,15.090805,-12.943942,15.090406,-12.852539,15.202068
0,-12.946019,15.092476,-12.852539,15.202068,-12.946307,15.092763
0,-12.852539,15.202068,-12.967760,15.113670,-12.967760,15.113669
0,-12.946307,15.092763,-12.852539,15.202068,-12.946946,15.093400
0,-12.945731,15.092189,-12.852539,15.202068,-12.946019,15.092476
0,-12.945523,15.091982,-12.852539,15.202068,-12.945731,15.092189
0,-12.944824,15.091285,-12.944343,15.090805,-12.852539,15.202068
0,-12.945228,15.091688,-12.944824,15.091285,-12.852539,15.202068
0,-12.943494,15.089959,-12.942775,15.089241,-12.852539,15.202068
0,-12.942279,15.088748,-12.941853,15.088323,-12.852539,15.202068
0,-12.942775,15.089241,-12.942279,15.088748,-12.852539,15.202068
0,-12.941853,15.088323,-12.849134,15.199855,-12.852539,15.202068
0,-12.941113,15.087585,-12.849134,15.199855,-12.941853,15.088323
0,-12.940212,15.086686,-12.849134,15.199855,-12.941113,15.087585
0,-12.854730,15.206070,-12.855282,15.209864,-12.870072,15.231521
0,-12.939050,15.085393,-12.849134,15.199855,-12.939482,15.085959
0,-12.939482,15.085959,-12.849134,15.199855,-12.940212,15.086686
0,-12.938075,15.084117,-12.849134,15.199855,-12.938415,15.084561
0,-12.938415,15.084561,-12.849134,15.199855,-12.939050,15.085393
0,-12.936859,15.082525,-12.849134,15.199855,-12.937458,15.083309
0,-12.937458,15.083309,-12.849134,15.199855,-12.937564,15.083448
0,-12.935325,15.080516,-12.849134,15.199855,-12.935991,15.081388
0,-12.935991,15.081388,-12.849134,15.199855,-12.936514,15.082073
0,-12.934416,15.079325,-12.849134,15.199855,-12.935105,15.080228
0,-12.935105,15.080228,-12.849134,15.199855,-12.935325,15.080516
0,-12.854730,15.206070,-12.870072,15.231521,-12.879069,15.235967
0,-12.980150,15.125660,-12.978359,15.123939,-12.887074,15.239198
0,-12.852436,15.253785,-12.849388,15.254146,-12.848051,15.255750
0,-12.863156,15.225890,-12.870072,15.231521,-12.855282,15.209864
0,-12.857392,15.217343,-12.863156,15.225890,-12.855282,15.209864
0,-12.937564,15.083448,-12.849134,15.199855,-12.938075,15.084117
0,-12.930761,15.074540,-12.793441,15.157946,-12.849134,15.199855
0,-12.845948,15.199423,-12.793441,15.157946,-12.842171,15.198985
0,-12.845948,15.199423,-12.849134,15.199855,-12.793441,15.157946
0,-12.842171,15.198985,-12.793882,15.165699,-12.838437,15.200097
0,-12.948744,15.095193,-12.852539,15.202068,-12.967760,15.113669
0,-12.948199,15.094650,-12.852539,15.202068,-12.948744,15.095193
0,-12.847052,15.257971,-12.845543,15.259461,-12.861308,15.256825
0,-12.861308,15.256825,-12.845543,15.259461,-12.843973,15.261398
0,-12.843973,15.261398,-12.840027,15.265375,-12.867442,15.260322
0,-12.852436,15.253785,-12.847052,15.257971,-12.856104,15.254544
0,-12.856104,15.254544,-12.847052,15.257971,-12.861308,15.256825
0,-12.852436,15.253785,-12.848051,15.255750,-12.847052,15.257971
0,-12.861308,15.256825,-12.843973,15.261398,-12.864222,15.258302
0,-12.843973,15.261398,-12.867442,15.260322,-12.865633,15.259187
0,-12.991095,15.136183,-12.986781,15.132036,-12.892586,15.243496
0,-12.868467,15.260964,-12.867442,15.260322,-12.871689,15.263853
0,-12.889132,15.240874,-12.986781,15.132036,-12.887074,15.239198
0,-13.003888,15.149196,-12.892586,15.243496,-12.895856,15.247543
0,-13.009632,15.155436,-12.895856,15.247543,-13.011251,15.156957
0,-13.003888,15.149196,-12.895856,15.247543,-13.009224,15.155053
0,-12.923641,15.339739,-12.898602,15.261393,-12.897286,15.264196
0,-13.044104,15.268393,-13.044119,15.265898,-12.898602,15.261393
0,-12.867442,15.260322,-12.840027,15.265375,-12.871689,15.263853
0,-12.871689,15.263853,-12.874632,15.267288,-12.872194,15.264345
0,-12.918709,15.337931,-12.923641,15.339739,-12.895484,15.267105
0,-12.872194,15.264345,-12.874632,15.267288,-12.872714,15.264851
0,-12.878547,15.331938,-12.895144,15.336777,-12.891683,15.268905
0,-12.891683,15.268905,-12.908525,15.336401,-12.895484,15.267105
0,-12.895144,15.336777,-12.908525,15.336401,-12.891683,15.268905
0,-12.868170,15.325899,-12.885886,15.269310,-12.879208,15.269304
0,-12.870520,15.327251,-12.878547,15.331938,-12.885886,15.269310
0,-12.895144,15.336777,-12.878547,15.331938,-12.882312,15.334002
0,-12.850084,15.315381,-12.853737,15.318029,-12.844340,15.306439
0,-12.868170,15.325899,-12.870520,15.327251,-12.885886,15.269310
0,-12.846978,15.311866,-12.850084,15.315381,-12.844340,15.306439
0,-12.844340,15.306439,-12.876083,15.268471,-12.840393,15.297427
0,-12.839168,15.294988,-12.874632,15.267288,-12.838593,15.267468
0,-12.840393,15.297427,-12.874632,15.267288,-12.839168,15.294988
0,-12.869187,15.261416,-12.868467,15.260964,-12.871689,15.263853
0,-12.864222,15.258302,-12.843973,15.261398,-12.865633,15.259187
0,-12.838437,15.200097,-12.834501,15.203674,-12.836405,15.202430
0,-12.919025,15.046570,-12.918667,15.044531,-12.778841,15.144040
0,-12.792015,15.174312,-12.791687,15.175061,-12.834501,15.203674
0,-12.834501,15.203674,-12.791687,15.175061,-12.832052,15.206289
0,-12.833928,15.280630,-12.838593,15.267468,-12.835362,15.272188
0,-12.838593,15.267468,-12.833928,15.280630,-12.839168,15.294988
0,-12.835139,15.288244,-12.839168,15.294988,-12.833928,15.280630
0,-12.833928,15.280630,-12.835362,15.272188,-12.833629,15.278750
0,-12.832052,15.206289,-12.822226,15.213768,-12.828463,15.210558
0,-12.832052,15.206289,-12.815185,15.214675,-12.822226,15.213768
0,-12.918188,15.041804,-12.778841,15.144040,-12.918667,15.044531
0,-12.791687,15.175061,-12.787786,15.183960,-12.789544,15.199588
0,-12.789544,15.199588,-12.815185,15.214675,-12.791687,15.175061
0,-12.834501,15.203674,-12.838437,15.200097,-12.792015,15.174312
0,-12.787786,15.183960,-12.786380,15.192354,-12.789544,15.199588
0,-12.792931,15.206867,-12.796270,15.209671,-12.789544,15.199588
0,-12.778841,15.144040,-12.917412,15.035649,-12.917254,15.033878
0,-12.789874,15.150919,-12.919025,15.046570,-12.782504,15.146324
0,-12.919025,15.046570,-12.778841,15.144040,-12.782504,15.146324
0,-12.702322,15.099955,-12.713870,15.103335,-12.695528,15.089205
0,-12.917254,15.033878,-12.734911,15.116841,-12.778841,15.144040
0,-12.750101,15.132388,-12.750100,15.132392,-12.750105,15.132392
0,-12.778841,15.144040,-12.750101,15.132388,-12.750105,15.132392
0,-12.750101,15.132388,-12.778841,15.144040,-12.740652,15.123587
0,-12.691540,15.084323,-12.694196,15.086725,-12.918372,15.011123
0,-12.695528,15.089205,-12.713870,15.103335,-12.694196,15.086725
0,-12.666547,15.057386,-12.691540,15.084323,-12.919178,15.007642
0,-12.689346,15.084287,-12.686895,15.084614,-12.687832,15.085752
0,-12.695214,15.092255,-12.696220,15.094960,-12.695528,15.089205
0,-12.695528,15.089205,-12.696220,15.094960,-12.702322,15.099955
0,-12.778841,15.144040,-12.734911,15.116841,-12.740652,15.123587
0,-12.917107,15.031398,-12.917626,15.028688,-12.918372,15.011123
0,-12.750101,15.132388,-12.740652,15.123587,-12.746049,15.129885
0,-12.917254,15.033878,-12.917112,15.032095,-12.734911,15.116841
0,-12.918372,15.011123,-12.694196,15.086725,-12.726018,15.109390
0,-12.696220,15.094960,-12.698816,15.098738,-12.702322,15.099955
0,-12.675792,15.071123,-12.678547,15.074471,-12.691540,15.084323
0,-12.678547,15.074471,-12.679497,15.075626,-12.691540,15.084323
0,-12.691540,15.084323,-12.679497,15.075626,-12.689346,15.084287
0,-12.689346,15.084287,-12.679497,15.075626,-12.686895,15.084614
0,-12.675792,15.071123,-12.691540,15.084323,-12.669137,15.061235
0,-12.669137,15.061235,-12.691540,15.084323,-12.667204,15.058362
0,-12.659502,15.047997,-12.659839,15.048457,-12.663967,15.053693
0,-12.663967,15.053693,-12.666547,15.057386,-12.919178,15.007642
0,-12.920479,14.935363,-12.663967,15.053693,-12.919178,15.007642
0,-12.663967,15.053693,-12.659839,15.048457,-12.663459,15.053122
0,-12.659839,15.048457,-12.662279,15.051795,-12.662710,15.052280
0,-12.663459,15.053122,-12.659839,15.048457,-12.662710,15.052280
0,-12.614952,14.977537,-12.616329,14.981321,-12.619206,14.982408
0,-12.616743,14.973375,-12.615499,14.975152,-12.615254,14.975931
0,-12.614952,14.977537,-12.615669,14.980896,-12.616329,14.981321
0,-12.614952,14.977537,-12.614091,14.978263,-12.614640,14.979969
0,-12.616743,14.973375,-12.615254,14.975931,-12.619206,14.982408
0,-12.615530,14.980806,-12.614952,14.977537,-12.614640,14.979969
0,-12.615530,14.980806,-12.615669,14.980896,-12.614952,14.977537
0,-12.615604,14.974235,-12.615550,14.974173,-12.615547,14.974176
0,-12.616179,14.973712,-12.615604,14.974235,-12.615499,14.975152
0,-12.616179,14.973712,-12.615766,14.973958,-12.615604,14.974235
0,-12.621246,14.986151,-12.621322,14.983671,-12.621063,14.985489
0,-12.621063,14.985489,-12.621322,14.983671,-12.620928,14.984999
0,-12.619324,14.971836,-12.620478,14.982881,-12.621318,14.983668
0,-12.619324,14.971836,-12.619206,14.982408,-12.620478,14.982881
0,-12.616743,14.973375,-12.619206,14.982408,-12.619324,14.971836
0,-12.621246,14.986151,-12.621271,14.988174,-12.622774,14.993291
0,-12.621942,14.991629,-12.621271,14.988174,-12.621103,14.990470
0,-12.623724,14.997346,-12.624734,15.000417,-12.623587,14.996415
0,-12.622774,14.993291,-12.623460,14.995551,-12.630475,15.008274
0,-12.623536,14.996067,-12.624734,15.000417,-12.630475,15.008274
0,-12.637811,15.018316,-12.621322,14.983671,-12.630475,15.008274
0,-12.647325,15.036764,-12.650892,15.036218,-12.641731,15.023931
0,-12.641529,15.023391,-12.619324,14.971836,-12.637811,15.018316
0,-12.647325,15.036764,-12.649276,15.036828,-12.649658,15.036683
0,-12.651388,15.036896,-12.651398,15.036896,-12.650892,15.036218
0,-12.647325,15.036764,-12.649658,15.036683,-12.650892,15.036218
0,-12.649368,15.036831,-12.649375,15.036831,-12.649658,15.036683
0,-12.649276,15.036828,-12.649368,15.036831,-12.649658,15.036683
0,-12.651398,15.036896,-12.659502,15.047997,-12.920479,14.935363
0,-12.651398,15.036896,-12.659502,15.047997,-12.659502,15.047997
0,-12.917727,15.039181,-12.778841,15.144040,-12.918188,15.041804
0,-12.917529,15.036966,-12.778841,15.144040,-12.917727,15.039181
0,-12.917412,15.035649,-12.778841,15.144040,-12.917529,15.036966
0,-12.641731,15.023931,-12.650892,15.036218,-12.641540,15.023419
0,-12.918372,15.011123,-12.918711,15.021121,-12.918810,15.018962
0,-12.918995,15.014943,-12.918372,15.011123,-12.918924,15.016495
0,-12.920479,14.935363,-12.919859,15.005758,-12.920356,15.004382
0,-12.920479,14.935363,-12.919530,15.006668,-12.919859,15.005758
0,-12.919178,15.007642,-12.691540,15.084323,-12.918701,15.009704
0,-12.918711,15.021121,-12.918372,15.011123,-12.917626,15.028688
0,-12.918701,15.009704,-12.691540,15.084323,-12.918372,15.011123
0,-12.917626,15.028688,-12.918191,15.025738,-12.918711,15.021121
0,-12.918711,15.021121,-12.918191,15.025738,-12.918595,15.023632
0,-12.734911,15.116841,-12.917112,15.032095,-12.917107,15.031398
0,-12.918372,15.011123,-12.726018,15.109390,-12.917107,15.031398
0,-12.647325,15.036764,-12.641731,15.023931,-12.646501,15.036737
0,-12.605092,14.929786,-12.920424,14.928531,-12.603592,14.921952
0,-12.601097,14.925527,-12.605015,14.929471,-12.603592,14.921952
0,-12.605092,14.929786,-12.603592,14.921952,-12.605015,14.929471
0,-12.601899,14.946647,-12.609181,14.952326,-12.601622,14.945994
0,-12.612768,14.960549,-12.616363,14.964917,-12.609181,14.952326
0,-12.615604,14.974235,-12.615757,14.973964,-12.615550,14.974173
0,-12.616179,14.973712,-12.615499,14.975152,-12.616743,14.973375
0,-12.615604,14.974235,-12.615766,14.973958,-12.615757,14.973964
0,-12.621322,14.983671,-12.637811,15.018316,-12.619324,14.971836
0,-12.613606,14.961755,-12.616363,14.964917,-12.612768,14.960549
0,-12.613606,14.961755,-12.612768,14.960549,-12.612651,14.960661
0,-12.942874,14.644553,-12.801261,14.579563,-12.697350,14.643784
0,-12.697350,14.643784,-12.801261,14.579563,-12.795215,14.580423
0,-12.697350,14.643784,-12.795215,14.580423,-12.719799,14.613523
0,-12.939057,14.632565,-12.942655,14.615382,-12.872910,14.569352
0,-12.939057,14.632565,-12.872910,14.569352,-12.847012,14.573045
0,-12.942874,14.644553,-12.821113,14.576736,-12.801261,14.579563
0,-12.942874,14.644553,-12.847012,14.573045,-12.821113,14.576736
0,-12.938307,14.870615,-12.686124,14.658913,-12.669280,14.681606
0,-12.650974,14.708694,-12.669280,14.681606,-12.652433,14.704296
0,-12.920424,14.928531,-12.614814,14.817580,-12.614672,14.818009
0,-12.938307,14.870615,-12.669280,14.681606,-12.650974,14.708694
0,-12.934584,14.881901,-12.623024,14.792872,-12.614814,14.817580
0,-12.938307,14.870615,-12.650974,14.708694,-12.623024,14.792872
0,-12.603592,14.921952,-12.614672,14.818009,-12.603123,14.920208
0,-12.603123,14.920208,-12.614672,14.818009,-12.602220,14.916846
0,-12.595619,14.875319,-12.598963,14.908973,-12.600952,14.912601
0,-12.609181,14.952326,-12.605092,14.929786,-12.601622,14.945994
0,-12.603152,14.953048,-12.605314,14.954290,-12.603067,14.952128
0,-12.603842,14.955038,-12.605314,14.954290,-12.603538,14.954162
0,-12.603538,14.954162,-12.605314,14.954290,-12.603152,14.953048
0,-12.603067,14.952128,-12.609181,14.952326,-12.602236,14.950235
0,-12.602236,14.950235,-12.609181,14.952326,-12.602200,14.949223
0,-12.597629,14.941938,-12.596760,14.944162,-12.601622,14.945994
0,-12.602200,14.949223,-12.609181,14.952326,-12.601899,14.946647
0,-12.598542,14.908204,-12.595619,14.875319,-12.595371,14.876066
0,-12.596760,14.944162,-12.597629,14.941938,-12.596528,14.943732
0,-12.601622,14.945994,-12.605092,14.929786,-12.597629,14.941938
0,-12.598087,14.907374,-12.594166,14.879793,-12.595481,14.902616
0,-12.595481,14.902616,-12.594166,14.879793,-12.595236,14.902169
0,-12.595236,14.902169,-12.594166,14.879793,-12.594482,14.900793
0,-12.593414,14.898844,-12.594166,14.879793,-12.589470,14.894248
0,-12.600952,14.912601,-12.614672,14.818009,-12.595619,14.875319
0,-12.594482,14.900793,-12.594166,14.879793,-12.594012,14.899936
0,-12.594166,14.879793,-12.598087,14.907374,-12.595371,14.876066
0,-12.594166,14.879793,-12.595371,14.876066,-12.594164,14.879791
