72,4,13,64,6,
0,-16.515767,15.949316,-16.517311,15.931059,-16.436486,15.836484
0,-16.459118,16.069376,-16.464946,16.065644,-16.430856,16.074714
0,-16.507245,15.812879,-16.503333,15.816001,-16.529144,15.828161
0,-16.479699,16.062154,-16.511150,16.023877,-16.473219,16.063048
0,-16.347521,15.837763,-16.345310,15.839697,-16.359918,15.832494
0,-16.513412,15.985691,-16.513561,15.981205,-16.511391,15.971511
0,-16.387916,16.097887,-16.389472,16.097375,-16.385946,16.097963
0,-16.409748,15.832116,-16.511408,15.971424,-16.422814,15.833839
0,-16.364211,16.099741,-16.363697,16.105293,-16.365476,16.105154
0,-16.358026,16.090765,-16.358038,16.090759,-16.305400,16.054151
0,-16.384163,16.097741,-16.389472,16.097375,-16.394804,16.095072
0,-16.292745,16.067191,-16.280873,16.092738,-16.296224,16.108507
0,-16.187442,16.016198,-16.194000,16.026669,-16.220578,16.029497
0,-16.292907,15.857647,-16.273261,15.875264,-16.294264,15.857124
0,-16.511408,15.971424,-16.409748,15.832116,-16.398184,15.831778
0,-16.322927,15.834516,-16.326593,15.831845,-16.325429,15.832323
0,-16.535821,15.803711,-16.536407,15.802135,-16.533821,15.801572
0,-16.499491,15.819068,-16.526799,15.837311,-16.527263,15.834899
0,-16.499491,15.819068,-16.526443,15.839165,-16.526799,15.837311
0,-16.493163,15.823362,-16.525609,15.842284,-16.499491,15.819068
0,-16.419516,16.078397,-16.423747,16.076643,-16.426783,16.075085
0,-16.511408,15.971424,-16.511851,15.970103,-16.515767,15.949316
0,-16.516015,15.953458,-16.515767,15.949316,-16.511851,15.970103
0,-16.512471,15.971721,-16.512145,15.971205,-16.511391,15.971511
0,-16.515767,15.949316,-16.422814,15.833839,-16.511408,15.971424
0,-16.512471,15.971721,-16.511391,15.971511,-16.512797,15.972342
0,-16.444539,15.837610,-16.436486,15.836484,-16.517311,15.931059
0,-16.523576,15.859529,-16.473993,15.831985,-16.521942,15.876554
0,-16.473993,15.831985,-16.467220,15.834220,-16.521942,15.876554
0,-16.516671,15.943251,-16.515767,15.949316,-16.516387,15.945502
0,-16.516015,15.953458,-16.516139,15.952296,-16.515767,15.949316
0,-16.512829,15.972964,-16.511391,15.971511,-16.513023,15.973870
0,-16.513023,15.973870,-16.511391,15.971511,-16.513225,15.975710
0,-16.513230,15.989544,-16.511391,15.971511,-16.512192,16.002244
0,-16.513412,15.985691,-16.513737,15.983227,-16.513735,15.982942
0,-16.511257,16.009414,-16.512192,16.002244,-16.464946,16.065644
0,-16.453990,16.071899,-16.459118,16.069376,-16.430856,16.074714
0,-16.464946,16.065644,-16.512192,16.002244,-16.511391,15.971511
0,-16.430856,16.074714,-16.442413,16.074997,-16.453990,16.071899
0,-16.445478,16.074603,-16.453990,16.071899,-16.442413,16.074997
0,-16.511579,15.971087,-16.511580,15.971086,-16.511579,15.971086
0,-16.511662,15.970851,-16.511664,15.970847,-16.511408,15.971424
0,-16.510260,16.048489,-16.510826,16.037186,-16.490710,16.062168
0,-16.511194,16.020808,-16.511257,16.009414,-16.473219,16.063048
0,-16.479752,16.062154,-16.479755,16.062153,-16.479699,16.062154
0,-16.510999,16.030095,-16.511150,16.023877,-16.479699,16.062154
0,-16.405264,16.088252,-16.397355,16.093510,-16.401399,16.091373
0,-16.385946,16.097963,-16.389472,16.097375,-16.384163,16.097741
0,-16.382944,16.097589,-16.384163,16.097741,-16.394804,16.095072
0,-16.364265,16.097846,-16.373010,16.101207,-16.373902,16.100646
0,-16.284334,16.072711,-16.284285,16.072742,-16.280873,16.092738
0,-16.158512,15.977904,-16.176616,15.991788,-16.161208,15.972267
0,-16.250467,16.048827,-16.263235,16.057082,-16.280553,16.055879
0,-16.279807,15.865855,-16.273261,15.875264,-16.292907,15.857647
0,-16.220578,16.029497,-16.239535,15.911269,-16.239145,15.911457
0,-16.228952,15.917417,-16.239145,15.911457,-16.232858,15.914819
0,-16.280553,16.055879,-16.305400,16.054151,-16.252450,15.905193
0,-16.533821,15.801572,-16.527633,15.801646,-16.533835,15.809555
0,-16.539052,15.795826,-16.539325,15.794875,-16.535851,15.793103
0,-16.352860,15.834190,-16.347521,15.837763,-16.359918,15.832494
0,-16.311477,15.851718,-16.305298,15.853950,-16.261237,15.892724
0,-16.326593,15.831845,-16.330579,15.830953,-16.328214,15.831179
0,-16.338892,15.840290,-16.337151,15.835540,-16.322927,15.834516
0,-16.344438,15.839733,-16.338892,15.840290,-16.345187,15.839702
0,-16.292907,15.857647,-16.285497,15.861199,-16.279807,15.865855
0,-16.176065,15.957621,-16.176738,15.957101,-16.176064,15.957553
0,-16.511391,15.971511,-16.398184,15.831778,-16.383317,15.832110
0,-16.540062,15.792504,-16.537221,15.791903,-16.539875,15.793583
0,-16.537221,15.791903,-16.539325,15.794875,-16.539875,15.793583
0,-16.537221,15.791903,-16.536224,15.791643,-16.535851,15.793103
0,-16.539325,15.794875,-16.537221,15.791903,-16.535851,15.793103
0,-16.507245,15.812879,-16.529144,15.828161,-16.515487,15.806923
0,-16.515487,15.806923,-16.529144,15.828161,-16.533835,15.809555
0,-16.503333,15.816001,-16.527263,15.834899,-16.529144,15.828161
0,-16.503333,15.816001,-16.499491,15.819068,-16.527263,15.834899
0,-16.539052,15.795826,-16.535851,15.793103,-16.533821,15.801572
0,-16.521311,15.803578,-16.515487,15.806923,-16.533835,15.809555
0,-16.533835,15.809555,-16.535821,15.803711,-16.533821,15.801572
0,-16.539052,15.795826,-16.533821,15.801572,-16.536407,15.802135
0,-16.527633,15.801646,-16.521311,15.803578,-16.533835,15.809555
0,-16.493163,15.823362,-16.489305,15.825981,-16.523285,15.850130
0,-16.473993,15.831985,-16.523576,15.859529,-16.480800,15.829578
0,-16.345310,15.839697,-16.383317,15.832110,-16.373078,15.831939
0,-16.460616,15.836087,-16.521942,15.876554,-16.467220,15.834220
0,-16.517764,15.899284,-16.521942,15.876554,-16.460616,15.836087
0,-16.409748,15.832116,-16.422814,15.833839,-16.422329,15.833745
0,-16.515767,15.949316,-16.436486,15.836484,-16.422814,15.833839
0,-16.511579,15.971087,-16.512145,15.971205,-16.511580,15.971086
0,-16.511408,15.971424,-16.511666,15.970840,-16.511851,15.970103
0,-16.511408,15.971424,-16.511664,15.970847,-16.511666,15.970840
0,-16.517764,15.899284,-16.460616,15.836087,-16.453552,15.836842
0,-16.515767,15.949316,-16.516671,15.943251,-16.517311,15.931059
0,-16.517764,15.899284,-16.453552,15.836842,-16.444539,15.837610
0,-16.513230,15.989544,-16.512192,16.002244,-16.513686,15.991595
0,-16.398184,15.831778,-16.511391,15.971511,-16.511408,15.971424
0,-16.430856,16.074714,-16.464946,16.065644,-16.511391,15.971511
0,-16.511391,15.971511,-16.513574,15.979416,-16.513537,15.978068
0,-16.513574,15.979416,-16.511391,15.971511,-16.513561,15.981205
0,-16.511391,15.971511,-16.513537,15.978068,-16.513225,15.975710
0,-16.512797,15.972342,-16.511391,15.971511,-16.512829,15.972964
0,-16.513735,15.982942,-16.513561,15.981205,-16.513412,15.985691
0,-16.513412,15.985691,-16.513730,15.983895,-16.513737,15.983227
0,-16.516671,15.943251,-16.517092,15.940761,-16.517208,15.937292
0,-16.517311,15.931059,-16.516671,15.943251,-16.517208,15.937292
0,-16.516387,15.945502,-16.515767,15.949316,-16.516358,15.946562
0,-16.499491,15.819068,-16.526075,15.840802,-16.526443,15.839165
0,-16.499491,15.819068,-16.525609,15.842284,-16.526075,15.840802
0,-16.493163,15.823362,-16.524865,15.845814,-16.525609,15.842284
0,-16.523285,15.850130,-16.480800,15.829578,-16.523479,15.857076
0,-16.523285,15.850130,-16.523479,15.857076,-16.523879,15.854362
0,-16.480800,15.829578,-16.523576,15.859529,-16.523479,15.857076
0,-16.493163,15.823362,-16.523285,15.850130,-16.524865,15.845814
0,-16.489305,15.825981,-16.480800,15.829578,-16.523285,15.850130
0,-16.444539,15.837610,-16.517311,15.931059,-16.517764,15.899284
0,-16.513730,15.983895,-16.513412,15.985691,-16.513734,15.984391
0,-16.513649,15.985062,-16.513734,15.984391,-16.513531,15.985428
0,-16.513531,15.985428,-16.513734,15.984391,-16.513412,15.985691
0,-16.513412,15.985691,-16.513293,15.987909,-16.513477,15.986362
0,-16.513412,15.985691,-16.511391,15.971511,-16.513293,15.987909
0,-16.513293,15.987909,-16.511391,15.971511,-16.513230,15.989544
0,-16.495786,16.061938,-16.510260,16.048489,-16.494176,16.062008
0,-16.497652,16.061857,-16.509861,16.051339,-16.510260,16.048489
0,-16.511150,16.023877,-16.511194,16.020808,-16.473219,16.063048
0,-16.479755,16.062153,-16.510999,16.030095,-16.479699,16.062154
0,-16.509938,16.061664,-16.509861,16.051339,-16.499829,16.061904
0,-16.495786,16.061938,-16.497652,16.061857,-16.510260,16.048489
0,-16.499829,16.061904,-16.509861,16.051339,-16.497652,16.061857
0,-16.494176,16.062008,-16.510260,16.048489,-16.490710,16.062168
0,-16.490710,16.062168,-16.510826,16.037186,-16.487437,16.062164
0,-16.510826,16.037186,-16.483434,16.062158,-16.487437,16.062164
0,-16.510826,16.037186,-16.510905,16.033925,-16.483434,16.062158
0,-16.487437,16.062164,-16.483434,16.062158,-16.483434,16.062159
0,-16.460890,16.068504,-16.464946,16.065644,-16.459118,16.069376
0,-16.466084,16.065290,-16.511257,16.009414,-16.464946,16.065644
0,-16.510905,16.033925,-16.479755,16.062153,-16.483434,16.062158
0,-16.510905,16.033925,-16.510999,16.030095,-16.479755,16.062153
0,-16.473219,16.063048,-16.511257,16.009414,-16.470975,16.063765
0,-16.470975,16.063765,-16.511257,16.009414,-16.466084,16.065290
0,-16.362319,16.089695,-16.397355,16.093510,-16.405264,16.088252
0,-16.362930,16.090213,-16.381912,16.097468,-16.381967,16.097468
0,-16.401399,16.091373,-16.397355,16.093510,-16.401360,16.091405
0,-16.381967,16.097468,-16.394804,16.095072,-16.397355,16.093510
0,-16.389472,16.097375,-16.392364,16.096516,-16.394804,16.095072
0,-16.385957,16.097964,-16.387916,16.097887,-16.385946,16.097963
0,-16.381967,16.097468,-16.382944,16.097589,-16.394804,16.095072
0,-16.362868,16.091128,-16.376720,16.098873,-16.362930,16.090213
0,-16.362930,16.090213,-16.381967,16.097468,-16.397355,16.093510
0,-16.381912,16.097468,-16.381928,16.097470,-16.381967,16.097468
0,-16.380696,16.097542,-16.381912,16.097468,-16.362930,16.090213
0,-16.378402,16.098013,-16.380696,16.097542,-16.362930,16.090213
0,-16.305400,16.054151,-16.362319,16.089695,-16.417207,16.079732
0,-16.350502,16.099232,-16.300600,16.058056,-16.292745,16.067191
0,-16.417207,16.079732,-16.419516,16.078397,-16.305400,16.054151
0,-16.433731,16.076106,-16.433742,16.076112,-16.442413,16.074997
0,-16.432475,16.075502,-16.433731,16.076106,-16.442413,16.074997
0,-16.432272,16.075403,-16.432475,16.075502,-16.442413,16.074997
0,-16.305400,16.054151,-16.300600,16.058056,-16.350502,16.099232
0,-16.453990,16.071899,-16.445478,16.074603,-16.447577,16.074333
0,-16.431414,16.074985,-16.432272,16.075403,-16.442413,16.074997
0,-16.430856,16.074714,-16.431414,16.074985,-16.442413,16.074997
0,-16.426783,16.075085,-16.430856,16.074714,-16.511391,15.971511
0,-16.426783,16.075085,-16.430811,16.074719,-16.430856,16.074714
0,-16.426783,16.075085,-16.429332,16.074888,-16.430811,16.074719
0,-16.345310,15.839697,-16.426783,16.075085,-16.511391,15.971511
0,-16.413922,16.081859,-16.362319,16.089695,-16.405264,16.088252
0,-16.413922,16.081859,-16.417207,16.079732,-16.362319,16.089695
0,-16.397355,16.093510,-16.362319,16.089695,-16.362930,16.090213
0,-16.419516,16.078397,-16.426783,16.075085,-16.305400,16.054151
0,-16.305400,16.054151,-16.362266,16.089698,-16.362319,16.089695
0,-16.305400,16.054151,-16.361644,16.089735,-16.362266,16.089698
0,-16.305400,16.054151,-16.358038,16.090759,-16.361644,16.089735
0,-16.359809,16.090982,-16.361006,16.090681,-16.361644,16.089735
0,-16.361644,16.089735,-16.358038,16.090759,-16.359809,16.090982
0,-16.357594,16.090969,-16.358026,16.090765,-16.305400,16.054151
0,-16.355979,16.092090,-16.357594,16.090969,-16.305400,16.054151
0,-16.334131,16.114786,-16.350502,16.099232,-16.292745,16.067191
0,-16.305400,16.054151,-16.354101,16.094060,-16.355979,16.092090
0,-16.351987,16.102712,-16.340867,16.115463,-16.351981,16.116106
0,-16.362001,16.092831,-16.364265,16.097846,-16.362868,16.091128
0,-16.361410,16.095187,-16.362001,16.092831,-16.361337,16.094403
0,-16.359809,16.090982,-16.359845,16.090987,-16.361006,16.090681
0,-16.362930,16.090213,-16.376720,16.098873,-16.378402,16.098013
0,-16.362868,16.091128,-16.364265,16.097846,-16.374969,16.099975
0,-16.364211,16.099741,-16.367704,16.104484,-16.370530,16.102768
0,-16.361410,16.095187,-16.364265,16.097846,-16.362001,16.092831
0,-16.364677,16.098759,-16.373010,16.101207,-16.364265,16.097846
0,-16.376720,16.098873,-16.362868,16.091128,-16.374969,16.099975
0,-16.374969,16.099975,-16.364265,16.097846,-16.373902,16.100646
0,-16.364677,16.098759,-16.370530,16.102768,-16.373010,16.101207
0,-16.364677,16.098759,-16.364211,16.099741,-16.370530,16.102768
0,-16.367704,16.104484,-16.364211,16.099741,-16.365476,16.105154
0,-16.364211,16.099741,-16.360103,16.101726,-16.361001,16.104595
0,-16.361001,16.104595,-16.360103,16.101726,-16.359846,16.103557
0,-16.361001,16.104595,-16.363697,16.105293,-16.364211,16.099741
0,-16.359636,16.102579,-16.359846,16.103557,-16.360103,16.101726
0,-16.305400,16.054151,-16.352160,16.096751,-16.354101,16.094060
0,-16.350502,16.099232,-16.340867,16.115463,-16.351987,16.102712
0,-16.333617,16.141146,-16.344165,16.135334,-16.341791,16.130186
0,-16.322053,16.128058,-16.322345,16.133099,-16.330314,16.132812
0,-16.337708,16.121570,-16.330369,16.132812,-16.338204,16.122615
0,-16.330369,16.132812,-16.341791,16.130186,-16.339740,16.125856
0,-16.341791,16.130186,-16.330369,16.132812,-16.333617,16.141146
0,-16.333617,16.141146,-16.330369,16.132812,-16.333563,16.141145
0,-16.330369,16.132812,-16.330314,16.132812,-16.330314,16.132814
0,-16.333563,16.141145,-16.330369,16.132812,-16.330329,16.141108
0,-16.339740,16.125856,-16.338204,16.122615,-16.330369,16.132812
0,-16.337708,16.121570,-16.330314,16.132812,-16.330369,16.132812
0,-16.337708,16.121570,-16.322053,16.128058,-16.330314,16.132812
0,-16.312773,16.127262,-16.322053,16.128058,-16.334131,16.114786
0,-16.334131,16.114786,-16.296224,16.108507,-16.312773,16.127262
0,-16.334131,16.114786,-16.292745,16.067191,-16.296224,16.108507
0,-16.292745,16.067191,-16.284334,16.072711,-16.280873,16.092738
0,-16.292745,16.067191,-16.284370,16.072502,-16.284334,16.072711
0,-16.296224,16.108507,-16.280494,16.094963,-16.277965,16.107548
0,-16.296224,16.108507,-16.280873,16.092738,-16.280494,16.094963
0,-16.352036,16.116109,-16.351987,16.102712,-16.351981,16.116106
0,-16.350502,16.099232,-16.334131,16.114786,-16.340867,16.115463
0,-16.352160,16.096751,-16.305400,16.054151,-16.350502,16.099232
0,-16.322053,16.128058,-16.334153,16.114828,-16.334131,16.114786
0,-16.322053,16.128058,-16.337708,16.121570,-16.334153,16.114828
0,-16.251682,15.905562,-16.245387,15.908451,-16.250467,16.048827
0,-16.345310,15.839697,-16.305400,16.054151,-16.426783,16.075085
0,-16.312917,15.850705,-16.345310,15.839697,-16.345187,15.839702
0,-16.280553,16.055879,-16.252450,15.905193,-16.251682,15.905562
0,-16.220578,16.029497,-16.250467,16.048827,-16.245387,15.908451
0,-16.176616,15.991788,-16.150867,15.988973,-16.147593,15.993612
0,-16.196046,15.942401,-16.193353,15.944541,-16.220578,16.029497
0,-16.153414,15.985238,-16.150874,15.988963,-16.176616,15.991788
0,-16.144994,15.997208,-16.143187,15.999554,-16.143552,16.000230
0,-16.147593,15.993612,-16.145137,15.996924,-16.144956,16.002838
0,-16.145137,15.996924,-16.144994,15.997208,-16.144956,16.002838
0,-16.144994,15.997208,-16.143552,16.000230,-16.144956,16.002838
0,-16.176616,15.991788,-16.147593,15.993612,-16.144956,16.002838
0,-16.150867,15.988973,-16.150829,15.988958,-16.147593,15.993612
0,-16.176616,15.991788,-16.176738,15.957101,-16.176065,15.957621
0,-16.176616,15.991788,-16.176065,15.957621,-16.167152,15.964507
0,-16.161208,15.972267,-16.176616,15.991788,-16.164752,15.967837
0,-16.187442,16.016198,-16.220578,16.029497,-16.176616,15.991788
0,-16.176616,15.991788,-16.167152,15.964507,-16.164752,15.967837
0,-16.153414,15.985238,-16.176616,15.991788,-16.158512,15.977904
0,-16.150867,15.988973,-16.176616,15.991788,-16.150874,15.988963
0,-16.176616,15.991788,-16.190094,15.947005,-16.185998,15.950280
0,-16.176616,15.991788,-16.182083,15.953374,-16.178402,15.955843
0,-16.176616,15.991788,-16.185998,15.950280,-16.182083,15.953374
0,-16.176738,15.957101,-16.176616,15.991788,-16.178402,15.955843
0,-16.215664,15.926787,-16.220578,16.029497,-16.219695,15.923788
0,-16.208971,15.932128,-16.220578,16.029497,-16.215664,15.926787
0,-16.196046,15.942401,-16.220578,16.029497,-16.208971,15.932128
0,-16.176616,15.991788,-16.193353,15.944541,-16.190094,15.947005
0,-16.176616,15.991788,-16.220578,16.029497,-16.193353,15.944541
0,-16.312917,15.850705,-16.345187,15.839702,-16.338892,15.840290
0,-16.273261,15.875264,-16.270803,15.872027,-16.265263,15.877807
0,-16.256534,15.901272,-16.252450,15.905193,-16.305400,16.054151
0,-16.245387,15.908451,-16.239535,15.911269,-16.220578,16.029497
0,-16.280553,16.055879,-16.251682,15.905562,-16.250467,16.048827
0,-16.261237,15.892724,-16.273261,15.875264,-16.265263,15.877807
0,-16.228952,15.917417,-16.220578,16.029497,-16.239145,15.911457
0,-16.224471,15.920630,-16.220578,16.029497,-16.228952,15.917417
0,-16.219695,15.923788,-16.220578,16.029497,-16.224471,15.920630
0,-16.343187,15.839786,-16.338892,15.840290,-16.344438,15.839733
0,-16.338892,15.840290,-16.316568,15.848137,-16.314767,15.849404
0,-16.305298,15.853950,-16.297277,15.855962,-16.273261,15.875264
0,-16.338892,15.840290,-16.314767,15.849404,-16.312917,15.850705
0,-16.511391,15.971511,-16.383317,15.832110,-16.345310,15.839697
0,-16.345310,15.839697,-16.347521,15.837763,-16.345302,15.839621
0,-16.345310,15.839697,-16.345263,15.839699,-16.345187,15.839702
0,-16.345310,15.839697,-16.372813,15.831950,-16.359918,15.832494
0,-16.345310,15.839697,-16.373078,15.831939,-16.372813,15.831950
0,-16.330579,15.830953,-16.337151,15.835540,-16.335372,15.832750
0,-16.330579,15.830953,-16.335372,15.832750,-16.333223,15.831302
0,-16.337151,15.835540,-16.330579,15.830953,-16.326593,15.831845
0,-16.337151,15.835540,-16.326593,15.831845,-16.322927,15.834516
0,-16.322927,15.834516,-16.319554,15.840776,-16.338892,15.840290
0,-16.319554,15.840776,-16.316568,15.848137,-16.338892,15.840290
0,-16.297277,15.855962,-16.294264,15.857124,-16.273261,15.875264
0,-16.311477,15.851718,-16.345310,15.839697,-16.312917,15.850705
0,-16.305400,16.054151,-16.345310,15.839697,-16.311477,15.851718
0,-16.305400,16.054151,-16.311477,15.851718,-16.256534,15.901272
0,-16.261237,15.892724,-16.305298,15.853950,-16.273261,15.875264
0,-16.256534,15.901272,-16.311477,15.851718,-16.261237,15.892724
0,-16.261237,15.892724,-16.256575,15.898249,-16.256534,15.901272
0,-16.292286,15.857718,-16.285497,15.861199,-16.292907,15.857647
0,-16.289345,15.858051,-16.285497,15.861199,-16.292286,15.857718
0,-16.511579,15.971087,-16.511391,15.971511,-16.512145,15.971205
