115,11,29,62,51,
0,-12.646501,15.036737,-12.659502,15.047997,-12.647325,15.036764
0,-12.609181,14.952326,-12.612651,14.960661,-12.612768,14.960549
0,-12.269489,14.769918,-12.234310,14.739575,-12.234804,14.741851
0,-12.548262,15.029450,-12.614078,14.979366,-12.603842,14.955038
0,-12.615499,14.975152,-12.615604,14.974235,-12.615547,14.974176
0,-12.529039,15.022860,-12.530392,15.023252,-12.596528,14.943732
0,-12.641731,15.023931,-12.637811,15.018316,-12.589222,15.061237
0,-12.519211,15.021311,-12.512268,15.019096,-12.513700,15.019678
0,-12.589470,14.894248,-12.596528,14.943732,-12.600939,14.925368
0,-12.646501,15.036737,-12.617263,15.087529,-12.621185,15.089311
0,-12.641731,15.023931,-12.641540,15.023419,-12.637811,15.018316
0,-12.675792,15.071123,-12.669137,15.061235,-12.646873,15.099852
0,-12.623024,14.792872,-12.650973,14.708694,-12.641066,14.706140
0,-12.612651,14.960661,-12.605314,14.954290,-12.603842,14.955038
0,-12.457655,14.957222,-12.596528,14.943732,-12.457280,14.954957
0,-12.596528,14.943732,-12.458539,14.962573,-12.508733,15.017657
0,-12.398114,14.845699,-12.399840,14.846858,-12.484788,14.665844
0,-12.342393,14.629650,-12.280482,14.772962,-12.343743,14.629978
0,-12.265287,14.610232,-12.263940,14.609890,-12.211125,14.701502
0,-12.217330,14.735553,-12.220203,14.736523,-12.221535,14.736467
0,-12.240982,14.604369,-12.239628,14.604067,-12.204422,14.696454
0,-12.284032,14.775350,-12.366695,14.635554,-12.365345,14.635226
0,-12.309721,14.621695,-12.308373,14.621359,-12.234000,14.738150
0,-12.177384,14.665151,-12.177566,14.667111,-12.204422,14.696454
0,-12.144408,14.636878,-12.159648,14.658997,-12.147777,14.628214
0,-12.439317,14.882455,-12.439320,14.882456,-12.435884,14.879045
0,-12.627431,15.091640,-12.659502,15.047997,-12.646501,15.036737
0,-12.623024,14.792872,-12.650974,14.708694,-12.650973,14.708694
0,-12.594482,14.900793,-12.594012,14.899936,-12.589470,14.894248
0,-12.530051,14.677527,-12.614672,14.818009,-12.545141,14.681420
0,-12.603592,14.921952,-12.603123,14.920208,-12.600939,14.925368
0,-12.453173,14.922411,-12.453059,14.901137,-12.452504,14.903007
0,-12.377022,14.835775,-12.454616,14.658052,-12.439532,14.654155
0,-12.601097,14.925527,-12.600939,14.925368,-12.597629,14.941938
0,-12.595619,14.875319,-12.453158,14.892865,-12.595371,14.876066
0,-12.589470,14.894248,-12.455554,14.936231,-12.455554,14.936236
0,-12.594166,14.879793,-12.594164,14.879791,-12.589470,14.894248
0,-12.596528,14.943732,-12.523846,15.022042,-12.529039,15.022860
0,-12.454070,14.897839,-12.453173,14.922411,-12.589470,14.894248
0,-12.603842,14.955038,-12.540555,15.026222,-12.544196,15.027747
0,-12.508733,15.017657,-12.473774,14.997085,-12.483905,15.007160
0,-12.605092,14.929786,-12.601097,14.925527,-12.597629,14.941938
0,-12.598087,14.907374,-12.595481,14.902616,-12.600939,14.925368
0,-12.615757,14.973964,-12.616363,14.964917,-12.615550,14.974173
0,-12.615254,14.975931,-12.615499,14.975152,-12.615547,14.974176
0,-12.614640,14.979969,-12.614078,14.979366,-12.621103,14.990470
0,-12.637811,15.018316,-12.630475,15.008274,-12.589222,15.061237
0,-12.596945,15.071497,-12.601843,15.078142,-12.613165,15.085397
0,-12.641540,15.023419,-12.641529,15.023391,-12.637811,15.018316
0,-12.646501,15.036737,-12.641731,15.023931,-12.589222,15.061237
0,-12.646873,15.099852,-12.650639,15.101832,-12.675792,15.071123
0,-12.666311,15.108585,-12.686415,15.089117,-12.679497,15.075626
0,-12.666311,15.108585,-12.671151,15.108460,-12.686415,15.089117
0,-12.686798,15.086857,-12.687828,15.086188,-12.687832,15.085752
0,-12.627431,15.091640,-12.637300,15.095259,-12.662279,15.051795
0,-12.659502,15.047997,-12.659502,15.047997,-12.659839,15.048457
0,-12.627431,15.091640,-12.659839,15.048457,-12.659502,15.047997
0,-12.596945,15.071497,-12.646501,15.036737,-12.594356,15.068089
0,-12.575568,15.050229,-12.589222,15.061237,-12.630475,15.008274
0,-12.601843,15.078142,-12.607657,15.082775,-12.613165,15.085397
0,-12.594356,15.068089,-12.646501,15.036737,-12.593658,15.067157
0,-12.592030,15.064985,-12.646501,15.036737,-12.591543,15.064335
0,-12.630475,15.008274,-12.624734,15.000417,-12.575568,15.050229
0,-12.621103,14.990470,-12.623724,14.997346,-12.623587,14.996415
0,-12.512268,15.019096,-12.519211,15.021311,-12.523846,15.022042
0,-12.596760,14.944162,-12.596528,14.943732,-12.530392,15.023252
0,-12.530392,15.023252,-12.539774,15.025968,-12.596760,14.944162
0,-12.557760,15.035362,-12.623724,14.997346,-12.621103,14.990470
0,-12.566316,15.042139,-12.624734,15.000417,-12.623724,14.997346
0,-12.508733,15.017657,-12.458539,14.962573,-12.473774,14.997085
0,-12.380197,14.638833,-12.378847,14.638505,-12.284032,14.775350
0,-12.463134,14.984515,-12.468447,14.991390,-12.460844,14.977606
0,-12.284032,14.775350,-12.374796,14.637521,-12.373446,14.637194
0,-12.357244,14.633258,-12.284032,14.775350,-12.358594,14.633586
0,-12.166413,14.688097,-12.162730,14.677997,-12.160410,14.680533
0,-12.366955,14.832321,-12.377022,14.835775,-12.424447,14.650257
0,-12.409364,14.646358,-12.363077,14.830990,-12.424447,14.650257
0,-12.490872,14.667415,-12.402780,14.848833,-12.413363,14.856510
0,-12.439317,14.882455,-12.435884,14.879045,-12.439068,14.882418
0,-12.402780,14.848833,-12.407196,14.852694,-12.413363,14.856510
0,-12.523846,15.022042,-12.596528,14.943732,-12.508733,15.017657
0,-12.372096,14.636866,-12.284032,14.775350,-12.373446,14.637194
0,-12.460543,14.975712,-12.460844,14.977606,-12.468447,14.991390
0,-12.297594,14.618619,-12.296247,14.618270,-12.214455,14.705753
0,-12.239056,14.759917,-12.247151,14.766474,-12.236612,14.748843
0,-12.241958,14.764675,-12.247151,14.766474,-12.239056,14.759917
0,-12.175694,14.672554,-12.173746,14.673138,-12.173639,14.687979
0,-12.177565,14.667210,-12.199164,14.695635,-12.204422,14.696454
0,-12.166413,14.688097,-12.168642,14.687247,-12.162730,14.677997
0,-12.238273,14.603767,-12.236917,14.603471,-12.204422,14.696454
0,-12.166087,14.675744,-12.162730,14.677997,-12.168642,14.687247
0,-12.169853,14.673968,-12.171986,14.687045,-12.173746,14.673138
0,-12.176650,14.690989,-12.179772,14.694050,-12.186896,14.696404
0,-12.219232,14.599972,-12.207772,14.599709,-12.177384,14.665151
0,-12.169414,14.616399,-12.166500,14.616633,-12.166695,14.660837
0,-12.145267,14.650790,-12.149015,14.655762,-12.151561,14.657211
0,-12.151561,14.657211,-12.155914,14.658276,-12.144801,14.649367
0,-12.144326,14.643221,-12.159648,14.658997,-12.144408,14.636878
0,-12.159648,14.658997,-12.166695,14.660837,-12.166500,14.616633
0,-12.281442,14.614412,-12.280097,14.614059,-12.214455,14.705753
0,-12.234000,14.738150,-12.300287,14.619311,-12.298940,14.618965
0,-12.234000,14.738150,-12.298940,14.618965,-12.214455,14.705753
0,-12.284032,14.775350,-12.351843,14.631946,-12.350494,14.631618
0,-12.284032,14.775350,-12.353194,14.632274,-12.351843,14.631946
0,-12.284032,14.775350,-12.349144,14.631291,-12.347794,14.630962
0,-12.284032,14.775350,-12.350494,14.631618,-12.349144,14.631291
0,-12.331593,14.627025,-12.330243,14.626697,-12.275763,14.770561
0,-12.327543,14.626041,-12.326193,14.625712,-12.275763,14.770561
0,-12.211125,14.701502,-12.213039,14.703630,-12.267982,14.610920
0,-12.304329,14.620341,-12.302981,14.619999,-12.234000,14.738150
0,-12.229742,14.736125,-12.214330,14.706831,-12.213427,14.708062
0,-12.214455,14.705753,-12.278751,14.613708,-12.213039,14.703630
0,-12.259896,14.608873,-12.211125,14.701502,-12.261244,14.609211
0,-12.247747,14.605924,-12.208328,14.699039,-12.249099,14.606243
0,-12.177384,14.665151,-12.204422,14.696454,-12.235561,14.603179
0,-12.171944,14.613663,-12.171162,14.615205,-12.207772,14.599709
0,-12.177384,14.665151,-12.230130,14.602042,-12.228771,14.601767
0,-12.177384,14.665151,-12.220598,14.600206,-12.219232,14.599972
0,-12.161995,14.616646,-12.147777,14.628214,-12.166500,14.616633
0,-12.176157,14.663517,-12.177384,14.665151,-12.207772,14.599709
0,-12.171944,14.613663,-12.207772,14.599709,-12.187130,14.599921
0,-12.171162,14.615205,-12.174992,14.662490,-12.176157,14.663517
0,-12.635686,14.704752,-12.623024,14.792872,-12.641066,14.706140
0,-12.560230,14.685311,-12.623024,14.792872,-12.569618,14.687731
0,-12.590410,14.693090,-12.569618,14.687731,-12.623024,14.792872
0,-12.635686,14.704752,-12.620594,14.700866,-12.623024,14.792872
0,-12.620594,14.700866,-12.590410,14.693090,-12.623024,14.792872
0,-12.545141,14.681420,-12.614672,14.818009,-12.614814,14.817580
0,-12.453158,14.892865,-12.454346,14.895242,-12.594162,14.879788
0,-12.594164,14.879791,-12.594162,14.879788,-12.589470,14.894248
0,-12.589470,14.894248,-12.454084,14.897730,-12.454070,14.897839
0,-12.595371,14.876066,-12.453158,14.892865,-12.594162,14.879788
0,-12.430123,14.873311,-12.435884,14.879045,-12.446781,14.887476
0,-12.614814,14.817580,-12.623024,14.792872,-12.560230,14.685311
0,-12.545141,14.681420,-12.614814,14.817580,-12.560230,14.685311
0,-12.530051,14.677527,-12.420954,14.863110,-12.614672,14.818009
0,-12.527994,14.676996,-12.420954,14.863110,-12.530051,14.677527
0,-12.449017,14.914092,-12.451744,14.919914,-12.451016,14.906238
0,-12.399840,14.846858,-12.402780,14.848833,-12.484788,14.665844
0,-12.507418,14.671686,-12.490872,14.667415,-12.413363,14.856510
0,-12.484788,14.665844,-12.402780,14.848833,-12.490872,14.667415
0,-12.391270,14.842529,-12.395242,14.844056,-12.454616,14.658052
0,-12.396242,14.844441,-12.484788,14.665844,-12.469702,14.661949
0,-12.424447,14.650257,-12.377022,14.835775,-12.436405,14.653347
0,-12.284032,14.775350,-12.378847,14.638505,-12.377497,14.638177
0,-12.380197,14.638833,-12.284032,14.775350,-12.381361,14.639116
0,-12.284032,14.775350,-12.377497,14.638177,-12.376147,14.637849
0,-12.284032,14.775350,-12.376147,14.637849,-12.374796,14.637521
0,-12.284032,14.775350,-12.365345,14.635226,-12.364885,14.635114
0,-12.284032,14.775350,-12.364885,14.635114,-12.363995,14.634898
0,-12.284032,14.775350,-12.368045,14.635882,-12.366695,14.635554
0,-12.284032,14.775350,-12.372096,14.636866,-12.370746,14.636538
0,-12.369395,14.636210,-12.284032,14.775350,-12.370746,14.636538
0,-12.368045,14.635882,-12.284032,14.775350,-12.369395,14.636210
0,-12.287980,14.781012,-12.290923,14.785241,-12.303616,14.798612
0,-12.353865,14.828057,-12.310736,14.807865,-12.350856,14.828022
0,-12.454616,14.658052,-12.377022,14.835775,-12.391270,14.842529
0,-12.439532,14.654155,-12.436405,14.653347,-12.377022,14.835775
0,-12.454616,14.658052,-12.395242,14.844056,-12.396242,14.844441
0,-12.391270,14.842529,-12.377022,14.835775,-12.383256,14.840050
0,-12.396242,14.844441,-12.398114,14.845699,-12.484788,14.665844
0,-12.394281,14.642457,-12.303616,14.798612,-12.353865,14.828057
0,-12.454616,14.658052,-12.396242,14.844441,-12.469702,14.661949
0,-12.413374,14.856867,-12.413363,14.856510,-12.407196,14.852694
0,-12.420954,14.863110,-12.507418,14.671686,-12.413363,14.856510
0,-12.614672,14.818009,-12.420954,14.863110,-12.430123,14.873311
0,-12.527994,14.676996,-12.507418,14.671686,-12.420954,14.863110
0,-12.593414,14.898844,-12.589470,14.894248,-12.594012,14.899936
0,-12.594162,14.879788,-12.454346,14.895242,-12.589470,14.894248
0,-12.454346,14.895242,-12.454084,14.897730,-12.589470,14.894248
0,-12.614672,14.818009,-12.453158,14.892865,-12.595619,14.875319
0,-12.446781,14.887476,-12.453158,14.892865,-12.614672,14.818009
0,-12.430123,14.873311,-12.446781,14.887476,-12.614672,14.818009
0,-12.435884,14.879045,-12.439320,14.882456,-12.446781,14.887476
0,-12.453173,14.922411,-12.454070,14.897839,-12.453243,14.900535
0,-12.454084,14.897730,-12.454081,14.897730,-12.454070,14.897839
0,-12.453173,14.922411,-12.453243,14.900535,-12.453059,14.901137
0,-12.453173,14.922411,-12.452046,14.904553,-12.451744,14.919914
0,-12.449017,14.914092,-12.450070,14.917531,-12.451744,14.919914
0,-12.451016,14.906238,-12.449269,14.909867,-12.449017,14.914092
0,-12.451016,14.906238,-12.449320,14.909014,-12.449269,14.909867
0,-12.455554,14.936231,-12.589470,14.894248,-12.453173,14.922411
0,-12.453173,14.922411,-12.452504,14.903007,-12.452046,14.904553
0,-12.451744,14.919914,-12.451942,14.904723,-12.451016,14.906238
0,-12.451744,14.919914,-12.452046,14.904553,-12.451942,14.904723
0,-12.457280,14.954957,-12.596528,14.943732,-12.456076,14.941889
0,-12.457655,14.957222,-12.458539,14.962573,-12.596528,14.943732
0,-12.601899,14.946647,-12.596760,14.944162,-12.602200,14.949223
0,-12.596528,14.943732,-12.455554,14.936236,-12.456076,14.941889
0,-12.601899,14.946647,-12.601622,14.945994,-12.596760,14.944162
0,-12.602220,14.916846,-12.600939,14.925368,-12.603123,14.920208
0,-12.602220,14.916846,-12.600952,14.912601,-12.600939,14.925368
0,-12.600939,14.925368,-12.595481,14.902616,-12.589470,14.894248
0,-12.589470,14.894248,-12.455554,14.936236,-12.596528,14.943732
0,-12.598087,14.907374,-12.600939,14.925368,-12.598542,14.908204
0,-12.595481,14.902616,-12.595236,14.902169,-12.589470,14.894248
0,-12.595236,14.902169,-12.594482,14.900793,-12.589470,14.894248
0,-12.598542,14.908204,-12.600939,14.925368,-12.598963,14.908973
0,-12.598963,14.908973,-12.600939,14.925368,-12.600952,14.912601
0,-12.597629,14.941938,-12.600939,14.925368,-12.596528,14.943732
0,-12.596760,14.944162,-12.540331,15.026129,-12.603842,14.955038
0,-12.596760,14.944162,-12.602236,14.950235,-12.602200,14.949223
0,-12.605015,14.929471,-12.601097,14.925527,-12.605092,14.929786
0,-12.609181,14.952326,-12.605314,14.954290,-12.612651,14.960661
0,-12.615547,14.974176,-12.612651,14.960661,-12.603842,14.955038
0,-12.603067,14.952128,-12.602236,14.950235,-12.603152,14.953048
0,-12.596760,14.944162,-12.603152,14.953048,-12.602236,14.950235
0,-12.596760,14.944162,-12.603538,14.954162,-12.603152,14.953048
0,-12.614091,14.978263,-12.603842,14.955038,-12.614078,14.979366
0,-12.603538,14.954162,-12.596760,14.944162,-12.603842,14.955038
0,-12.615547,14.974176,-12.613606,14.961755,-12.612651,14.960661
0,-12.615547,14.974176,-12.616363,14.964917,-12.613606,14.961755
0,-12.575568,15.050229,-12.624734,15.000417,-12.566316,15.042139
0,-12.621103,14.990470,-12.623536,14.996067,-12.622774,14.993291
0,-12.615530,14.980806,-12.621103,14.990470,-12.615669,14.980896
0,-12.619206,14.982408,-12.617692,14.982162,-12.620928,14.984999
0,-12.623536,14.996067,-12.623460,14.995551,-12.622774,14.993291
0,-12.622774,14.993291,-12.621942,14.991629,-12.621103,14.990470
0,-12.623536,14.996067,-12.621103,14.990470,-12.623587,14.996415
0,-12.647325,15.036764,-12.659502,15.047997,-12.649276,15.036828
0,-12.591543,15.064335,-12.646501,15.036737,-12.589222,15.061237
0,-12.649276,15.036828,-12.659502,15.047997,-12.649368,15.036831
0,-12.649658,15.036683,-12.651388,15.036896,-12.650892,15.036218
0,-12.649375,15.036831,-12.659502,15.047997,-12.651388,15.036896
0,-12.649658,15.036683,-12.649375,15.036831,-12.651388,15.036896
0,-12.649368,15.036831,-12.659502,15.047997,-12.649375,15.036831
0,-12.627431,15.091640,-12.662279,15.051795,-12.659839,15.048457
0,-12.651388,15.036896,-12.659502,15.047997,-12.651398,15.036896
0,-12.662279,15.051795,-12.637300,15.095259,-12.662710,15.052280
0,-12.663967,15.053693,-12.663459,15.053122,-12.666547,15.057386
0,-12.656673,15.105003,-12.666311,15.108585,-12.679497,15.075626
0,-12.679497,15.075626,-12.686415,15.089117,-12.686798,15.086857
0,-12.674741,15.107975,-12.686742,15.091893,-12.671151,15.108460
0,-12.686798,15.086857,-12.687832,15.085752,-12.686895,15.084614
0,-12.679497,15.075626,-12.686798,15.086857,-12.686895,15.084614
0,-12.671151,15.108460,-12.686742,15.091893,-12.686415,15.089117
0,-12.686719,15.094169,-12.686743,15.091906,-12.686742,15.091893
0,-12.674741,15.107975,-12.686719,15.094169,-12.686742,15.091893
0,-12.678519,15.106621,-12.681586,15.104737,-12.685957,15.098340
0,-12.685957,15.098340,-12.686719,15.094169,-12.678519,15.106621
0,-12.684667,15.101635,-12.685957,15.098340,-12.681586,15.104737
0,-12.674741,15.107975,-12.678519,15.106621,-12.686719,15.094169
0,-12.666311,15.108585,-12.656673,15.105003,-12.659876,15.107125
0,-12.621185,15.089311,-12.627431,15.091640,-12.646501,15.036737
0,-12.679497,15.075626,-12.678547,15.074471,-12.656673,15.105003
0,-12.637300,15.095259,-12.666547,15.057386,-12.663459,15.053122
0,-12.663459,15.053122,-12.662710,15.052280,-12.637300,15.095259
0,-12.633136,15.094312,-12.637300,15.095259,-12.627431,15.091640
0,-12.646873,15.099852,-12.669137,15.061235,-12.637300,15.095259
0,-12.678547,15.074471,-12.650639,15.101832,-12.656673,15.105003
0,-12.675792,15.071123,-12.650639,15.101832,-12.678547,15.074471
0,-12.637300,15.095259,-12.667204,15.058362,-12.666547,15.057386
0,-12.637300,15.095259,-12.669137,15.061235,-12.667204,15.058362
0,-12.544196,15.027747,-12.548262,15.029450,-12.603842,14.955038
0,-12.550935,15.030569,-12.614078,14.979366,-12.548262,15.029450
0,-12.557760,15.035362,-12.614078,14.979366,-12.550935,15.030569
0,-12.566316,15.042139,-12.623724,14.997346,-12.557760,15.035362
0,-12.646501,15.036737,-12.613165,15.085397,-12.617263,15.087529
0,-12.646501,15.036737,-12.596945,15.071497,-12.613165,15.085397
0,-12.593658,15.067157,-12.646501,15.036737,-12.592363,15.065430
0,-12.592363,15.065430,-12.646501,15.036737,-12.592030,15.064985
0,-12.603842,14.955038,-12.540331,15.026129,-12.540555,15.026222
0,-12.596760,14.944162,-12.539774,15.025968,-12.540331,15.026129
0,-12.523846,15.022042,-12.508733,15.017657,-12.512268,15.019096
0,-12.473774,14.997085,-12.459788,14.970976,-12.468447,14.991390
0,-12.483905,15.007160,-12.505366,15.017227,-12.508733,15.017657
0,-12.492326,15.013676,-12.505226,15.017226,-12.505366,15.017227
0,-12.503769,15.017210,-12.505226,15.017226,-12.492326,15.013676
0,-12.503769,15.017210,-12.492326,15.013676,-12.501321,15.017183
0,-12.505366,15.017227,-12.483905,15.007160,-12.492326,15.013676
0,-12.483905,15.007160,-12.477617,15.001603,-12.478164,15.002246
0,-12.483905,15.007160,-12.473774,14.997085,-12.477617,15.001603
0,-12.458539,14.962573,-12.459788,14.970976,-12.473774,14.997085
0,-12.460844,14.977606,-12.461546,14.982006,-12.463134,14.984515
0,-12.621103,14.990470,-12.616329,14.981321,-12.615669,14.980896
0,-12.621103,14.990470,-12.617692,14.982162,-12.616329,14.981321
0,-12.621103,14.990470,-12.621271,14.988174,-12.617692,14.982162
0,-12.619206,14.982408,-12.620928,14.984999,-12.620478,14.982881
0,-12.614078,14.979366,-12.557760,15.035362,-12.621103,14.990470
0,-12.621140,14.987162,-12.617692,14.982162,-12.621271,14.988174
0,-12.621063,14.985489,-12.617692,14.982162,-12.621140,14.987162
0,-12.620928,14.984999,-12.621318,14.983668,-12.620478,14.982881
0,-12.620928,14.984999,-12.621322,14.983671,-12.621318,14.983668
0,-12.617692,14.982162,-12.621063,14.985489,-12.620928,14.984999
0,-12.621140,14.987162,-12.621246,14.986151,-12.621063,14.985489
0,-12.614640,14.979969,-12.621103,14.990470,-12.615530,14.980806
0,-12.615766,14.973958,-12.616363,14.964917,-12.615757,14.973964
0,-12.615550,14.974173,-12.616363,14.964917,-12.615547,14.974176
0,-12.616179,14.973712,-12.616743,14.973375,-12.616363,14.964917
0,-12.616363,14.964917,-12.616743,14.973375,-12.619324,14.971836
0,-12.616179,14.973712,-12.616363,14.964917,-12.615766,14.973958
0,-12.614962,14.976617,-12.615254,14.975931,-12.615547,14.974176
0,-12.603842,14.955038,-12.614091,14.978263,-12.615547,14.974176
0,-12.614091,14.978263,-12.614952,14.977537,-12.614962,14.976617
0,-12.614962,14.976617,-12.615547,14.974176,-12.614091,14.978263
0,-12.459788,14.970976,-12.460543,14.975712,-12.468447,14.991390
0,-12.317016,14.816836,-12.310736,14.807865,-12.314101,14.813449
0,-12.284032,14.775350,-12.361295,14.634243,-12.359945,14.633914
0,-12.284032,14.775350,-12.363995,14.634898,-12.362645,14.634569
0,-12.361295,14.634243,-12.284032,14.775350,-12.362645,14.634569
0,-12.284032,14.775350,-12.359945,14.633914,-12.358594,14.633586
0,-12.355894,14.632930,-12.284032,14.775350,-12.357244,14.633258
0,-12.354544,14.632602,-12.284032,14.775350,-12.355894,14.632930
0,-12.284032,14.775350,-12.347794,14.630962,-12.346443,14.630634
0,-12.280482,14.772962,-12.345093,14.630306,-12.343743,14.629978
0,-12.284032,14.775350,-12.346443,14.630634,-12.345093,14.630306
0,-12.341043,14.629322,-12.280482,14.772962,-12.342393,14.629650
0,-12.353194,14.632274,-12.284032,14.775350,-12.354544,14.632602
0,-12.278751,14.613708,-12.214455,14.705753,-12.280097,14.614059
0,-12.217330,14.735553,-12.223002,14.736299,-12.210477,14.727768
0,-12.223002,14.736299,-12.229742,14.736125,-12.209503,14.722934
0,-12.229742,14.736125,-12.211618,14.710686,-12.209503,14.722934
0,-12.223002,14.736299,-12.217330,14.735553,-12.221535,14.736467
0,-12.214330,14.706831,-12.229742,14.736125,-12.214455,14.705753
0,-12.234000,14.738150,-12.214455,14.705753,-12.233986,14.738143
0,-12.233986,14.738143,-12.214455,14.705753,-12.229742,14.736125
0,-12.269489,14.769918,-12.236505,14.748427,-12.258982,14.768869
0,-12.236612,14.748843,-12.252298,14.767516,-12.253100,14.767679
0,-12.236505,14.748427,-12.236612,14.748843,-12.258982,14.768869
0,-12.353865,14.828057,-12.303616,14.798612,-12.310736,14.807865
0,-12.381361,14.639116,-12.303616,14.798612,-12.394281,14.642457
0,-12.346364,14.827970,-12.310736,14.807865,-12.317016,14.816836
0,-12.363077,14.830990,-12.366955,14.832321,-12.424447,14.650257
0,-12.325899,14.824906,-12.338016,14.827874,-12.317016,14.816836
0,-12.353865,14.828057,-12.363077,14.830990,-12.409364,14.646358
0,-12.394281,14.642457,-12.353865,14.828057,-12.409364,14.646358
0,-12.310736,14.807865,-12.348188,14.827991,-12.350856,14.828022
0,-12.310736,14.807865,-12.346364,14.827970,-12.348188,14.827991
0,-12.317016,14.816836,-12.338016,14.827874,-12.346364,14.827970
0,-12.290923,14.785241,-12.291800,14.786654,-12.303616,14.798612
0,-12.291800,14.786654,-12.293502,14.789394,-12.303616,14.798612
0,-12.381361,14.639116,-12.287980,14.781012,-12.303616,14.798612
0,-12.284032,14.775350,-12.287980,14.781012,-12.381361,14.639116
0,-12.345093,14.630306,-12.280482,14.772962,-12.284032,14.775350
0,-12.269489,14.769918,-12.234804,14.741851,-12.236505,14.748427
0,-12.269489,14.769918,-12.234000,14.738150,-12.234310,14.739575
0,-12.280482,14.772962,-12.331593,14.627025,-12.275763,14.770561
0,-12.275763,14.770561,-12.234000,14.738150,-12.269489,14.769918
0,-12.258982,14.768869,-12.236612,14.748843,-12.253100,14.767679
0,-12.252298,14.767516,-12.236612,14.748843,-12.247151,14.766474
0,-12.241958,14.764675,-12.239056,14.759917,-12.241159,14.764398
0,-12.259896,14.608873,-12.258547,14.608538,-12.211125,14.701502
0,-12.249099,14.606243,-12.208328,14.699039,-12.250449,14.606563
0,-12.209622,14.714981,-12.208986,14.717079,-12.208881,14.717761
0,-12.209622,14.714981,-12.209503,14.722934,-12.211618,14.710686
0,-12.211618,14.710686,-12.229742,14.736125,-12.213427,14.708062
0,-12.269328,14.611265,-12.213039,14.703630,-12.270675,14.611612
0,-12.217330,14.735553,-12.210477,14.727768,-12.214320,14.733789
0,-12.214320,14.733789,-12.210477,14.727768,-12.211910,14.731385
0,-12.223002,14.736299,-12.209503,14.722934,-12.210477,14.727768
0,-12.209622,14.714981,-12.208881,14.717761,-12.209503,14.722934
0,-12.208881,14.717761,-12.208663,14.719180,-12.209503,14.722934
0,-12.204422,14.696454,-12.177566,14.667111,-12.177565,14.667210
0,-12.176650,14.690989,-12.190339,14.696122,-12.177099,14.671087
0,-12.176650,14.690989,-12.186896,14.696404,-12.190339,14.696122
0,-12.179772,14.694050,-12.184346,14.696319,-12.186896,14.696404
0,-12.174134,14.688259,-12.176650,14.690989,-12.175694,14.672554
0,-12.177536,14.669472,-12.194894,14.695529,-12.199164,14.695635
0,-12.182191,14.695699,-12.184346,14.696319,-12.179772,14.694050
0,-12.163834,14.689145,-12.166413,14.688097,-12.158898,14.684901
0,-12.162097,14.689461,-12.163834,14.689145,-12.159491,14.687270
0,-12.163834,14.689145,-12.158898,14.684901,-12.159491,14.687270
0,-12.166413,14.688097,-12.160410,14.680533,-12.158898,14.684901
0,-12.169853,14.673968,-12.166087,14.675744,-12.169964,14.686926
0,-12.158898,14.684901,-12.160410,14.680533,-12.158927,14.682607
0,-12.162097,14.689461,-12.159491,14.687270,-12.160785,14.689041
0,-12.169853,14.673968,-12.171281,14.686942,-12.171986,14.687045
0,-12.171986,14.687045,-12.173639,14.687979,-12.173746,14.673138
0,-12.175694,14.672554,-12.173639,14.687979,-12.174134,14.688259
0,-12.169964,14.686926,-12.171281,14.686942,-12.169853,14.673968
0,-12.168642,14.687247,-12.169964,14.686926,-12.166087,14.675744
0,-12.194894,14.695529,-12.177099,14.671087,-12.190339,14.696122
0,-12.177099,14.671087,-12.194894,14.695529,-12.177536,14.669472
0,-12.175694,14.672554,-12.176650,14.690989,-12.177099,14.671087
0,-12.177536,14.669472,-12.199164,14.695635,-12.177565,14.667210
0,-12.171162,14.615205,-12.176157,14.663517,-12.207772,14.599709
0,-12.169414,14.616399,-12.174992,14.662490,-12.169564,14.616296
0,-12.149015,14.655762,-12.145267,14.650790,-12.146346,14.653165
0,-12.171122,14.661499,-12.174992,14.662490,-12.169414,14.616399
0,-12.151561,14.657211,-12.144801,14.649367,-12.145267,14.650790
0,-12.155914,14.658276,-12.159648,14.658997,-12.144326,14.643221
0,-12.155914,14.658276,-12.144326,14.643221,-12.144801,14.649367
0,-12.147777,14.628214,-12.159648,14.658997,-12.166500,14.616633
0,-12.147979,14.627335,-12.161995,14.616646,-12.150499,14.621432
0,-12.147979,14.627335,-12.147777,14.628214,-12.161995,14.616646
0,-12.150499,14.621432,-12.161995,14.616646,-12.154077,14.618034
0,-12.147979,14.627335,-12.150499,14.621432,-12.148732,14.624042
0,-12.171122,14.661499,-12.169414,14.616399,-12.166695,14.660837
0,-12.285480,14.615467,-12.284134,14.615115,-12.214455,14.705753
0,-12.169564,14.616296,-12.174992,14.662490,-12.171162,14.615205
0,-12.214455,14.705753,-12.284134,14.615115,-12.282788,14.614764
0,-12.288171,14.616170,-12.286826,14.615819,-12.214455,14.705753
0,-12.286826,14.615819,-12.285480,14.615467,-12.214455,14.705753
0,-12.214455,14.705753,-12.290863,14.616872,-12.289517,14.616521
0,-12.289517,14.616521,-12.288171,14.616170,-12.214455,14.705753
0,-12.214455,14.705753,-12.292209,14.617223,-12.290863,14.616872
0,-12.214455,14.705753,-12.296247,14.618270,-12.294901,14.617923
0,-12.214455,14.705753,-12.293555,14.617573,-12.292209,14.617223
0,-12.214455,14.705753,-12.294901,14.617923,-12.293555,14.617573
0,-12.305676,14.620682,-12.304329,14.620341,-12.234000,14.738150
0,-12.234000,14.738150,-12.301634,14.619656,-12.300287,14.619311
0,-12.234000,14.738150,-12.302981,14.619999,-12.301634,14.619656
0,-12.298940,14.618965,-12.297594,14.618619,-12.214455,14.705753
0,-12.307024,14.621021,-12.305676,14.620682,-12.234000,14.738150
0,-12.275763,14.770561,-12.324843,14.625384,-12.323492,14.625057
0,-12.308373,14.621359,-12.307024,14.621021,-12.234000,14.738150
0,-12.326193,14.625712,-12.324843,14.625384,-12.275763,14.770561
0,-12.328892,14.626369,-12.327543,14.626041,-12.275763,14.770561
0,-12.332943,14.627354,-12.331593,14.627025,-12.280482,14.772962
0,-12.330243,14.626697,-12.328892,14.626369,-12.275763,14.770561
0,-12.336993,14.628337,-12.280482,14.772962,-12.338343,14.628665
0,-12.273368,14.612309,-12.272021,14.611960,-12.213039,14.703630
0,-12.339693,14.628993,-12.280482,14.772962,-12.341043,14.629322
0,-12.274713,14.612657,-12.273368,14.612309,-12.213039,14.703630
0,-12.338343,14.628665,-12.280482,14.772962,-12.339693,14.628993
0,-12.335643,14.628010,-12.280482,14.772962,-12.336993,14.628337
0,-12.334293,14.627682,-12.280482,14.772962,-12.335643,14.628010
0,-12.334293,14.627682,-12.332943,14.627354,-12.280482,14.772962
0,-12.275763,14.770561,-12.320793,14.624400,-12.319443,14.624072
0,-12.275763,14.770561,-12.322143,14.624729,-12.320793,14.624400
0,-12.275763,14.770561,-12.323492,14.625057,-12.322143,14.624729
0,-12.275763,14.770561,-12.319443,14.624072,-12.318808,14.623918
0,-12.275763,14.770561,-12.318808,14.623918,-12.318092,14.623744
0,-12.275763,14.770561,-12.318092,14.623744,-12.316743,14.623415
0,-12.275763,14.770561,-12.316743,14.623415,-12.234000,14.738150
0,-12.234000,14.738150,-12.315119,14.623021,-12.313769,14.622692
0,-12.234000,14.738150,-12.316743,14.623415,-12.315119,14.623021
0,-12.313769,14.622692,-12.312419,14.622362,-12.234000,14.738150
0,-12.312419,14.622362,-12.311070,14.622030,-12.234000,14.738150
0,-12.311070,14.622030,-12.309721,14.621695,-12.234000,14.738150
0,-12.211125,14.701502,-12.266634,14.610576,-12.265287,14.610232
0,-12.211125,14.701502,-12.263940,14.609890,-12.262592,14.609550
0,-12.211125,14.701502,-12.267982,14.610920,-12.266634,14.610576
0,-12.213039,14.703630,-12.272021,14.611960,-12.270675,14.611612
0,-12.213039,14.703630,-12.269328,14.611265,-12.267982,14.610920
0,-12.213039,14.703630,-12.277405,14.613357,-12.276059,14.613007
0,-12.282788,14.614764,-12.281442,14.614412,-12.214455,14.705753
0,-12.277405,14.613357,-12.213039,14.703630,-12.278751,14.613708
0,-12.274713,14.612657,-12.213039,14.703630,-12.276059,14.613007
0,-12.257199,14.608203,-12.211125,14.701502,-12.258547,14.608538
0,-12.211125,14.701502,-12.262592,14.609550,-12.261244,14.609211
0,-12.208328,14.699039,-12.211125,14.701502,-12.257199,14.608203
0,-12.208328,14.699039,-12.257199,14.608203,-12.255850,14.607871
0,-12.208328,14.699039,-12.255850,14.607871,-12.254501,14.607542
0,-12.208328,14.699039,-12.251800,14.606888,-12.250449,14.606563
0,-12.208328,14.699039,-12.254501,14.607542,-12.253150,14.607213
0,-12.208328,14.699039,-12.253150,14.607213,-12.251800,14.606888
0,-12.246395,14.605607,-12.208328,14.699039,-12.247747,14.605924
0,-12.204422,14.696454,-12.208328,14.699039,-12.246395,14.605607
0,-12.204422,14.696454,-12.246395,14.605607,-12.245043,14.605294
0,-12.177384,14.665151,-12.228771,14.601767,-12.227411,14.601496
0,-12.177384,14.665151,-12.227411,14.601496,-12.226050,14.601228
0,-12.177384,14.665151,-12.231489,14.602321,-12.230130,14.602042
0,-12.177384,14.665151,-12.234205,14.602889,-12.232847,14.602603
0,-12.177384,14.665151,-12.232847,14.602603,-12.231489,14.602321
0,-12.204422,14.696454,-12.242337,14.604675,-12.240982,14.604369
0,-12.204422,14.696454,-12.245043,14.605294,-12.243690,14.604982
0,-12.204422,14.696454,-12.243690,14.604982,-12.242337,14.604675
0,-12.204422,14.696454,-12.239628,14.604067,-12.238273,14.603767
0,-12.204422,14.696454,-12.236917,14.603471,-12.235561,14.603179
0,-12.177384,14.665151,-12.235561,14.603179,-12.234205,14.602889
0,-12.177384,14.665151,-12.223327,14.600705,-12.222689,14.600587
0,-12.177384,14.665151,-12.226050,14.601228,-12.224689,14.600965
0,-12.177384,14.665151,-12.224689,14.600965,-12.223327,14.600705
0,-12.187130,14.599921,-12.172584,14.599670,-12.172557,14.603615
0,-12.173012,14.611449,-12.171944,14.613663,-12.187130,14.599921
0,-12.173035,14.609627,-12.173012,14.611449,-12.187130,14.599921
0,-12.173035,14.609627,-12.187130,14.599921,-12.172557,14.603615
0,-12.177384,14.665151,-12.222689,14.600587,-12.221963,14.600452
0,-12.177384,14.665151,-12.221963,14.600452,-12.220598,14.600206
0,-12.219232,14.599972,-12.217863,14.599747,-12.207772,14.599709
0,-12.217863,14.599747,-12.217010,14.599613,-12.207772,14.599709
