35,8,17,19,23,
0,-16.733484,13.982982,-16.731937,13.984005,-16.730107,13.985627
0,-16.752569,14.076362,-16.752651,14.075307,-16.752146,14.073413
0,-16.741967,14.228218,-16.744185,14.225906,-16.743271,14.222222
0,-16.715787,13.999151,-16.712404,14.002320,-16.771964,14.029519
0,-16.753181,14.080410,-16.752339,14.079305,-16.753214,14.082245
0,-16.762056,14.062957,-16.763286,14.063678,-16.764314,14.063256
0,-16.714940,13.999798,-16.714029,14.000510,-16.712404,14.002320
0,-16.764607,13.944436,-16.756308,13.944004,-16.756207,13.951792
0,-16.771287,14.054270,-16.773358,14.040683,-16.757951,14.062184
0,-16.737465,14.182712,-16.739207,14.182681,-16.743663,14.178943
0,-16.763938,13.938679,-16.756581,13.938006,-16.764307,13.941591
0,-16.752568,14.143178,-16.734113,14.182872,-16.752688,14.144282
0,-16.710016,14.344906,-16.709845,14.341916,-16.694052,14.354929
0,-16.598484,14.056509,-16.752568,14.143178,-16.677244,14.026219
0,-16.724196,14.258622,-16.723909,14.208018,-16.723857,14.258910
0,-16.730538,14.259954,-16.727898,14.258690,-16.731033,14.260948
0,-16.618094,14.333786,-16.613056,14.339599,-16.616795,14.336271
0,-16.725409,14.209082,-16.723909,14.208018,-16.729227,14.254167
0,-16.707900,14.323709,-16.684542,14.354627,-16.687657,14.354098
0,-16.730551,14.269865,-16.724588,14.258904,-16.729033,14.271322
0,-16.658324,14.341193,-16.678509,14.355810,-16.680844,14.355350
0,-16.658324,14.341193,-16.658799,14.343913,-16.678509,14.355810
0,-16.668768,14.356576,-16.672084,14.356869,-16.659071,14.345622
0,-16.654668,14.338875,-16.656038,14.339562,-16.652649,14.337675
0,-16.632837,14.330016,-16.635381,14.330548,-16.709569,14.300386
0,-16.723857,14.258910,-16.632837,14.330016,-16.709569,14.300386
0,-16.769183,14.007967,-16.726217,13.989098,-16.722806,13.992024
0,-16.529921,14.119215,-16.573782,14.070331,-16.571714,14.070849
0,-16.436791,14.221046,-16.436045,14.222403,-16.458153,14.258990
0,-16.501001,14.268635,-16.518784,14.267501,-16.477814,14.171119
0,-16.765271,14.062378,-16.766179,14.061275,-16.762056,14.062957
0,-16.756381,13.932634,-16.763651,13.935559,-16.763580,13.933729
0,-16.684365,14.008608,-16.681389,14.013755,-16.686617,14.009099
0,-16.763456,13.932708,-16.756381,13.932634,-16.763580,13.933729
0,-16.754423,13.958346,-16.765908,13.960356,-16.765514,13.954190
0,-16.763782,13.937123,-16.763651,13.935559,-16.756581,13.938006
0,-16.720138,13.995055,-16.722806,13.992024,-16.720793,13.993918
0,-16.761968,13.928867,-16.756324,13.928474,-16.762066,13.929744
0,-16.704642,14.009054,-16.702710,14.009447,-16.699965,14.010235
0,-16.768514,14.001754,-16.767841,13.995387,-16.733484,13.982982
0,-16.727626,13.987940,-16.726217,13.989098,-16.768821,14.004612
0,-16.751739,14.070486,-16.752047,14.068318,-16.752071,14.066297
0,-16.752047,14.068318,-16.751739,14.070486,-16.752052,14.069185
0,-16.751739,14.070486,-16.677244,14.026219,-16.751835,14.071436
0,-16.766063,14.104774,-16.762405,14.095093,-16.761050,14.093612
0,-16.759273,14.091981,-16.766063,14.104774,-16.761050,14.093612
0,-16.769274,14.138020,-16.771023,14.137855,-16.779847,14.113566
0,-16.766063,14.104774,-16.762965,14.095649,-16.762405,14.095093
0,-16.772106,14.108380,-16.769274,14.138020,-16.775541,14.110082
0,-16.787230,14.118755,-16.785329,14.117418,-16.789268,14.134085
0,-16.790509,14.131798,-16.787230,14.118755,-16.789268,14.134085
0,-16.779847,14.113566,-16.775541,14.110082,-16.769274,14.138020
0,-16.768731,14.107231,-16.769274,14.138020,-16.770368,14.107789
0,-16.753663,14.140983,-16.766063,14.104774,-16.758384,14.091245
0,-16.753577,14.084917,-16.752339,14.079305,-16.677244,14.026219
0,-16.789268,14.134085,-16.776287,14.139361,-16.788270,14.135638
0,-16.761190,14.163460,-16.759695,14.154631,-16.757396,14.153184
0,-16.761708,14.156207,-16.759695,14.154631,-16.761190,14.163460
0,-16.749312,14.171545,-16.753531,14.146813,-16.746755,14.173869
0,-16.752748,14.144830,-16.734113,14.182872,-16.746755,14.173869
0,-16.743103,14.237869,-16.742614,14.235455,-16.735037,14.249565
0,-16.760094,14.165474,-16.757396,14.153184,-16.755680,14.169808
0,-16.753531,14.146813,-16.752748,14.144830,-16.746755,14.173869
0,-16.732956,14.263974,-16.732511,14.263170,-16.731837,14.268446
0,-16.729033,14.271322,-16.723857,14.258910,-16.727656,14.273104
0,-16.723857,14.258910,-16.726421,14.275201,-16.727656,14.273104
0,-16.742614,14.235455,-16.741956,14.232210,-16.733192,14.250338
0,-16.743424,14.241310,-16.744503,14.245362,-16.745657,14.244880
0,-16.743271,14.222222,-16.742290,14.220060,-16.741967,14.228218
0,-16.732032,14.251487,-16.733192,14.250338,-16.725409,14.209082
0,-16.744997,14.176566,-16.735628,14.182283,-16.743663,14.178943
0,-16.735628,14.182283,-16.737465,14.182712,-16.743663,14.178943
0,-16.716567,14.289418,-16.723857,14.258910,-16.715046,14.291797
0,-16.657930,14.340626,-16.658324,14.341193,-16.707900,14.323709
0,-16.707429,14.316636,-16.707492,14.313968,-16.707085,14.311666
0,-16.707085,14.311666,-16.652649,14.337675,-16.656038,14.339562
0,-16.691102,14.354200,-16.710211,14.336274,-16.709714,14.333186
0,-16.708948,14.328682,-16.708910,14.326242,-16.707900,14.323709
0,-16.658324,14.341193,-16.682207,14.355087,-16.683310,14.354889
0,-16.710334,14.339029,-16.710211,14.336274,-16.709845,14.341916
0,-16.707863,14.363034,-16.707875,14.360829,-16.705200,14.362807
0,-16.658324,14.341193,-16.680844,14.355350,-16.682207,14.355087
0,-16.668768,14.356576,-16.659146,14.347015,-16.660480,14.351630
0,-16.664279,14.355847,-16.661996,14.354596,-16.662587,14.355479
0,-16.723857,14.258910,-16.710944,14.298424,-16.715046,14.291797
0,-16.672084,14.356869,-16.676107,14.356207,-16.659071,14.345622
0,-16.658799,14.343913,-16.676107,14.356207,-16.678509,14.355810
0,-16.607896,14.342019,-16.608705,14.341731,-16.609513,14.341396
0,-16.600615,14.344903,-16.607896,14.342019,-16.597958,14.345230
0,-16.578304,14.339754,-16.580290,14.341070,-16.583525,14.342395
0,-16.647743,14.335783,-16.649535,14.336412,-16.708842,14.302353
0,-16.657930,14.340626,-16.707429,14.316636,-16.707085,14.311666
0,-16.722271,14.201701,-16.722309,14.201115,-16.520234,14.139004
0,-16.639910,14.332352,-16.647743,14.335783,-16.708842,14.302353
0,-16.583525,14.342395,-16.586585,14.343247,-16.578304,14.339754
0,-16.518784,14.267501,-16.498495,14.160868,-16.491105,14.163807
0,-16.561699,14.319276,-16.571572,14.334180,-16.618465,14.333049
0,-16.429213,14.232342,-16.437572,14.259528,-16.431648,14.229056
0,-16.464387,14.266637,-16.464988,14.267789,-16.463770,14.262839
0,-16.433093,14.256844,-16.437572,14.259528,-16.429213,14.232342
0,-16.460275,14.182428,-16.459150,14.183731,-16.461087,14.181826
0,-16.723211,14.206360,-16.723857,14.258910,-16.723909,14.208018
0,-16.537337,14.082724,-16.550198,14.066439,-16.538426,14.075303
0,-16.723857,14.258910,-16.720813,14.282328,-16.721904,14.280730
0,-16.723857,14.258910,-16.721904,14.280730,-16.723235,14.279083
0,-16.529921,14.119215,-16.528527,14.122063,-16.723947,14.194409
0,-16.532494,14.100974,-16.530788,14.111751,-16.571714,14.070849
0,-16.566145,14.070380,-16.563031,14.069263,-16.537337,14.082724
0,-16.520234,14.139004,-16.722152,14.203502,-16.722271,14.201701
0,-16.756581,13.938006,-16.763651,13.935559,-16.756381,13.932634
0,-16.575847,14.069433,-16.573782,14.070331,-16.529921,14.119215
0,-16.686617,14.009099,-16.681389,14.013755,-16.689010,14.009588
0,-16.677244,14.026219,-16.752071,14.066297,-16.752243,14.064975
0,-16.683428,14.008181,-16.681389,14.013755,-16.684365,14.008608
0,-16.715787,13.999151,-16.771964,14.029519,-16.769183,14.007967
0,-16.678189,14.019338,-16.678385,14.023258,-16.681389,14.013755
0,-16.580402,14.053807,-16.580400,14.053861,-16.587541,14.054907
0,-16.624724,14.028014,-16.611171,14.037258,-16.607308,14.043121
0,-16.563031,14.069263,-16.559268,14.067897,-16.537337,14.082724
0,-16.532494,14.100974,-16.568608,14.070869,-16.534666,14.092583
0,-16.532494,14.100974,-16.571714,14.070849,-16.568608,14.070869
0,-16.553692,14.066417,-16.550198,14.066439,-16.537337,14.082724
0,-16.739329,13.977246,-16.739414,13.977144,-16.739396,13.977138
0,-16.728987,13.986783,-16.768821,14.004612,-16.768514,14.001754
0,-16.726217,13.989098,-16.769183,14.007967,-16.768821,14.004612
0,-16.717193,13.997713,-16.715787,13.999151,-16.769183,14.007967
0,-16.759362,14.062081,-16.760728,14.062195,-16.767419,14.059547
0,-16.772478,14.137952,-16.779847,14.113566,-16.771023,14.137855
0,-16.773581,14.051211,-16.773995,14.050712,-16.773787,14.048079
0,-16.772339,14.052705,-16.773581,14.051211,-16.773787,14.048079
0,-16.773358,14.040683,-16.771287,14.054270,-16.773787,14.048079
0,-16.753631,14.063086,-16.755075,14.062687,-16.771964,14.029519
0,-16.771287,14.054270,-16.772339,14.052705,-16.773787,14.048079
0,-16.754423,13.958346,-16.752694,13.961629,-16.766011,13.963323
0,-16.747800,13.968284,-16.744168,13.973060,-16.766881,13.978719
0,-16.744168,13.973060,-16.742109,13.974944,-16.766900,13.981295
0,-16.766351,13.973029,-16.747800,13.968284,-16.766881,13.978719
0,-16.742109,13.974944,-16.740445,13.976358,-16.767361,13.987053
0,-16.764607,13.944436,-16.756207,13.951792,-16.765514,13.954190
0,-16.764307,13.941591,-16.756308,13.944004,-16.764607,13.944436
0,-16.762719,13.930864,-16.762066,13.929744,-16.756381,13.932634
0,-16.763938,13.938679,-16.763782,13.937123,-16.756581,13.938006
0,-16.756381,13.932634,-16.763212,13.931855,-16.762719,13.930864
0,-16.763212,13.931855,-16.756381,13.932634,-16.763456,13.932708
0,-16.762225,13.929909,-16.762066,13.929744,-16.762719,13.930864
0,-16.756324,13.928474,-16.756232,13.928392,-16.756381,13.932634
0,-16.756308,13.944004,-16.764307,13.941591,-16.756581,13.938006
0,-16.756324,13.928474,-16.756381,13.932634,-16.762066,13.929744
0,-16.765514,13.954190,-16.756207,13.951792,-16.754423,13.958346
0,-16.765908,13.960356,-16.754423,13.958346,-16.766011,13.963323
0,-16.766011,13.963323,-16.752694,13.961629,-16.766351,13.973029
0,-16.752694,13.961629,-16.747800,13.968284,-16.766351,13.973029
0,-16.737133,13.979422,-16.739329,13.977246,-16.737928,13.978033
0,-16.766881,13.978719,-16.744168,13.973060,-16.766900,13.981295
0,-16.766900,13.981295,-16.742109,13.974944,-16.767361,13.987053
0,-16.733484,13.982982,-16.730107,13.985627,-16.728987,13.986783
0,-16.733484,13.982982,-16.728987,13.986783,-16.768514,14.001754
0,-16.728987,13.986783,-16.727626,13.987940,-16.768821,14.004612
0,-16.722806,13.992024,-16.726217,13.989098,-16.724671,13.990212
0,-16.722806,13.992024,-16.722142,13.992490,-16.720793,13.993918
0,-16.767841,13.995387,-16.736242,13.980350,-16.734652,13.981780
0,-16.767841,13.995387,-16.767361,13.987053,-16.737133,13.979422
0,-16.734652,13.981780,-16.733484,13.982982,-16.767841,13.995387
0,-16.740445,13.976358,-16.739414,13.977144,-16.739329,13.977246
0,-16.767361,13.987053,-16.739329,13.977246,-16.737133,13.979422
0,-16.767361,13.987053,-16.740445,13.976358,-16.739329,13.977246
0,-16.736242,13.980350,-16.767841,13.995387,-16.737133,13.979422
0,-16.764314,14.063256,-16.765271,14.062378,-16.762056,14.062957
0,-16.767047,14.060071,-16.760728,14.062195,-16.766179,14.061275
0,-16.766179,14.061275,-16.760728,14.062195,-16.762056,14.062957
0,-16.768960,14.057845,-16.771287,14.054270,-16.759362,14.062081
0,-16.757951,14.062184,-16.759362,14.062081,-16.771287,14.054270
0,-16.756573,14.062424,-16.757951,14.062184,-16.773358,14.040683
0,-16.755075,14.062687,-16.756573,14.062424,-16.773358,14.040683
0,-16.771964,14.029519,-16.755075,14.062687,-16.773358,14.040683
0,-16.693145,14.010509,-16.691124,14.010116,-16.678385,14.023258
0,-16.752665,14.063843,-16.704642,14.009054,-16.752243,14.064975
0,-16.751739,14.070486,-16.752071,14.066297,-16.677244,14.026219
0,-16.752146,14.073413,-16.752339,14.079305,-16.752569,14.076362
0,-16.751835,14.071436,-16.752339,14.079305,-16.752146,14.073413
0,-16.753577,14.084917,-16.753214,14.082245,-16.752339,14.079305
0,-16.752568,14.143178,-16.753577,14.084917,-16.677244,14.026219
0,-16.756936,14.089538,-16.754791,14.086255,-16.753577,14.084917
0,-16.756763,14.089138,-16.756097,14.087601,-16.754791,14.086255
0,-16.758384,14.091245,-16.766063,14.104774,-16.759273,14.091981
0,-16.753577,14.084917,-16.753663,14.140983,-16.756936,14.089538
0,-16.766063,14.104774,-16.766733,14.102807,-16.762965,14.095649
0,-16.756936,14.089538,-16.756763,14.089138,-16.754791,14.086255
0,-16.760071,14.092643,-16.759273,14.091981,-16.761050,14.093612
0,-16.756936,14.089538,-16.753663,14.140983,-16.758384,14.091245
0,-16.764124,14.140328,-16.762556,14.141342,-16.763268,14.141192
0,-16.766733,14.102807,-16.764891,14.096910,-16.762965,14.095649
0,-16.775541,14.110082,-16.779847,14.113566,-16.778313,14.111451
0,-16.781960,14.115051,-16.781112,14.114307,-16.779847,14.113566
0,-16.779009,14.111810,-16.778313,14.111451,-16.779847,14.113566
0,-16.772862,14.108638,-16.772106,14.108380,-16.775541,14.110082
0,-16.770368,14.107789,-16.769274,14.138020,-16.772106,14.108380
0,-16.755934,14.140080,-16.768731,14.107231,-16.766689,14.105939
0,-16.765543,14.139468,-16.767675,14.138467,-16.755934,14.140080
0,-16.767419,14.059547,-16.760728,14.062195,-16.767047,14.060071
0,-16.764891,14.096910,-16.766733,14.102807,-16.766376,14.098530
0,-16.768960,14.057845,-16.759362,14.062081,-16.767419,14.059547
0,-16.766376,14.098530,-16.766733,14.102807,-16.767646,14.099917
0,-16.768731,14.107231,-16.767416,14.106165,-16.766689,14.105939
0,-16.772478,14.137952,-16.785329,14.117418,-16.782892,14.115704
0,-16.772478,14.137952,-16.782892,14.115704,-16.781960,14.115051
0,-16.772478,14.137952,-16.781960,14.115051,-16.779847,14.113566
0,-16.790397,14.121719,-16.788813,14.119869,-16.791617,14.127759
0,-16.790397,14.121719,-16.789363,14.120256,-16.788813,14.119869
0,-16.791617,14.127759,-16.788813,14.119869,-16.787230,14.118755
0,-16.790397,14.121719,-16.791855,14.126622,-16.791936,14.125669
0,-16.792070,14.124086,-16.790397,14.121719,-16.791936,14.125669
0,-16.788270,14.135638,-16.776287,14.139361,-16.786839,14.137367
0,-16.791855,14.126622,-16.790397,14.121719,-16.791617,14.127759
0,-16.791617,14.127759,-16.790509,14.131798,-16.791561,14.130100
0,-16.791617,14.127759,-16.787230,14.118755,-16.790509,14.131798
0,-16.744185,14.225906,-16.745002,14.224293,-16.744112,14.223102
0,-16.786839,14.137367,-16.776287,14.139361,-16.781787,14.140324
0,-16.786839,14.137367,-16.783488,14.140013,-16.784903,14.139704
0,-16.786839,14.137367,-16.781787,14.140324,-16.783488,14.140013
0,-16.763427,14.159385,-16.762969,14.157644,-16.761708,14.156207
0,-16.779848,14.141133,-16.776287,14.139361,-16.776609,14.140281
0,-16.789268,14.134085,-16.785329,14.117418,-16.776287,14.139361
0,-16.776287,14.139361,-16.785329,14.117418,-16.772478,14.137952
0,-16.769274,14.138020,-16.768731,14.107231,-16.767675,14.138467
0,-16.767675,14.138467,-16.768731,14.107231,-16.755934,14.140080
0,-16.766063,14.104774,-16.754750,14.140252,-16.766689,14.105939
0,-16.757338,14.140730,-16.758518,14.141245,-16.764124,14.140328
0,-16.755934,14.140080,-16.766689,14.105939,-16.754750,14.140252
0,-16.754750,14.140252,-16.766063,14.104774,-16.753663,14.140983
0,-16.755934,14.140080,-16.764124,14.140328,-16.765543,14.139468
0,-16.755934,14.140080,-16.757338,14.140730,-16.764124,14.140328
0,-16.753577,14.084917,-16.753334,14.141527,-16.753663,14.140983
0,-16.752568,14.143178,-16.598484,14.056509,-16.725395,14.191433
0,-16.753577,14.084917,-16.752568,14.143178,-16.753334,14.141527
0,-16.752568,14.143178,-16.725395,14.191433,-16.734113,14.182872
0,-16.753531,14.146813,-16.753255,14.145758,-16.752748,14.144830
0,-16.758518,14.141245,-16.761346,14.141597,-16.764124,14.140328
0,-16.756515,14.151798,-16.755864,14.150185,-16.753531,14.146813
0,-16.749312,14.171545,-16.756515,14.151798,-16.753531,14.146813
0,-16.753935,14.170481,-16.757396,14.153184,-16.752289,14.170837
0,-16.761346,14.141597,-16.762556,14.141342,-16.764124,14.140328
0,-16.753531,14.146813,-16.755864,14.150185,-16.755072,14.148347
0,-16.776287,14.139361,-16.779848,14.141133,-16.781787,14.140324
0,-16.759265,14.142035,-16.761346,14.141597,-16.758518,14.141245
0,-16.763427,14.159385,-16.761708,14.156207,-16.761190,14.163460
0,-16.750735,14.171011,-16.757396,14.153184,-16.756515,14.151798
0,-16.760094,14.165474,-16.761190,14.163460,-16.757396,14.153184
0,-16.760094,14.165474,-16.755680,14.169808,-16.758812,14.167390
0,-16.763467,14.160858,-16.763427,14.159385,-16.762424,14.162501
0,-16.762424,14.162501,-16.763427,14.159385,-16.761190,14.163460
0,-16.758812,14.167390,-16.755680,14.169808,-16.757435,14.169082
0,-16.757396,14.153184,-16.753935,14.170481,-16.755680,14.169808
0,-16.752289,14.170837,-16.757396,14.153184,-16.750735,14.171011
0,-16.747942,14.172920,-16.749312,14.171545,-16.746755,14.173869
0,-16.750735,14.171011,-16.756515,14.151798,-16.749312,14.171545
0,-16.745657,14.244880,-16.745038,14.245311,-16.745723,14.245225
0,-16.745657,14.244880,-16.744503,14.245362,-16.745038,14.245311
0,-16.743424,14.241310,-16.742852,14.246040,-16.744503,14.245362
0,-16.735037,14.249565,-16.740813,14.246862,-16.743168,14.238569
0,-16.740101,14.217328,-16.736771,14.214361,-16.741967,14.228218
0,-16.744112,14.223102,-16.743271,14.222222,-16.744185,14.225906
0,-16.743271,14.222222,-16.743094,14.220895,-16.742290,14.220060
0,-16.734113,14.182872,-16.735628,14.182283,-16.746755,14.173869
0,-16.746755,14.173869,-16.735628,14.182283,-16.745617,14.175422
0,-16.743663,14.178943,-16.741286,14.181962,-16.742795,14.180640
0,-16.732119,14.211188,-16.731233,14.211057,-16.730345,14.211280
0,-16.741967,14.228218,-16.736771,14.214361,-16.735408,14.213414
0,-16.741967,14.228218,-16.728087,14.210393,-16.741956,14.232210
0,-16.743424,14.241310,-16.740813,14.246862,-16.742852,14.246040
0,-16.743424,14.241310,-16.743168,14.238569,-16.740813,14.246862
0,-16.728087,14.210393,-16.725409,14.209082,-16.733192,14.250338
0,-16.743103,14.237869,-16.735037,14.249565,-16.743168,14.238569
0,-16.727898,14.258690,-16.730538,14.259954,-16.728969,14.258635
0,-16.742614,14.235455,-16.733192,14.250338,-16.735037,14.249565
0,-16.741956,14.232210,-16.728087,14.210393,-16.733192,14.250338
0,-16.734588,14.265601,-16.733154,14.264448,-16.734449,14.265761
0,-16.731033,14.260948,-16.727898,14.258690,-16.726535,14.258748
0,-16.733154,14.264448,-16.733262,14.266899,-16.734449,14.265761
0,-16.733154,14.264448,-16.732956,14.263974,-16.731837,14.268446
0,-16.733262,14.266899,-16.733154,14.264448,-16.731837,14.268446
0,-16.731673,14.261846,-16.731837,14.268446,-16.732511,14.263170
0,-16.730538,14.259954,-16.729701,14.258772,-16.728969,14.258635
0,-16.726535,14.258748,-16.730551,14.269865,-16.731673,14.261846
0,-16.726535,14.258748,-16.731673,14.261846,-16.731033,14.260948
0,-16.731837,14.268446,-16.731673,14.261846,-16.730551,14.269865
0,-16.723857,14.258910,-16.723235,14.279083,-16.724611,14.277166
0,-16.723857,14.258910,-16.724611,14.277166,-16.726421,14.275201
0,-16.724588,14.258904,-16.723857,14.258910,-16.729033,14.271322
0,-16.723211,14.206360,-16.722755,14.204835,-16.722152,14.203502
0,-16.726535,14.258748,-16.724588,14.258904,-16.730551,14.269865
0,-16.724196,14.258622,-16.729227,14.254167,-16.723909,14.208018
0,-16.732032,14.251487,-16.725409,14.209082,-16.729227,14.254167
0,-16.726233,14.257562,-16.729227,14.254167,-16.724196,14.258622
0,-16.632837,14.330016,-16.723857,14.258910,-16.722152,14.203502
0,-16.536260,14.272492,-16.722152,14.203502,-16.520234,14.139004
0,-16.632837,14.330016,-16.722152,14.203502,-16.547531,14.288409
0,-16.722152,14.203502,-16.723857,14.258910,-16.723211,14.206360
0,-16.741967,14.228218,-16.735408,14.213414,-16.730345,14.211280
0,-16.739207,14.182681,-16.741286,14.181962,-16.743663,14.178943
0,-16.741967,14.228218,-16.730345,14.211280,-16.728087,14.210393
0,-16.741967,14.228218,-16.742290,14.220060,-16.740101,14.217328
0,-16.738698,14.215621,-16.736771,14.214361,-16.740101,14.217328
0,-16.735408,14.213414,-16.734101,14.212506,-16.730345,14.211280
0,-16.742161,14.218859,-16.740101,14.217328,-16.742290,14.220060
0,-16.734101,14.212506,-16.732971,14.211721,-16.730345,14.211280
0,-16.730345,14.211280,-16.732971,14.211721,-16.732119,14.211188
0,-16.727762,14.189480,-16.731766,14.186005,-16.734113,14.182872
0,-16.752688,14.144282,-16.734113,14.182872,-16.752748,14.144830
0,-16.731766,14.186005,-16.732877,14.184788,-16.734113,14.182872
0,-16.740243,14.182502,-16.741286,14.181962,-16.739207,14.182681
0,-16.745617,14.175422,-16.735628,14.182283,-16.744997,14.176566
0,-16.727762,14.189480,-16.729083,14.188946,-16.731766,14.186005
0,-16.725395,14.191433,-16.575847,14.069433,-16.724722,14.192816
0,-16.734113,14.182872,-16.726657,14.190392,-16.727762,14.189480
0,-16.575847,14.069433,-16.529921,14.119215,-16.723947,14.194409
0,-16.723947,14.194409,-16.722309,14.201115,-16.723505,14.198292
0,-16.734113,14.182872,-16.725395,14.191433,-16.726657,14.190392
0,-16.598484,14.056509,-16.577517,14.067652,-16.575847,14.069433
0,-16.725395,14.191433,-16.598484,14.056509,-16.575847,14.069433
0,-16.718664,14.286077,-16.719760,14.284017,-16.723857,14.258910
0,-16.720813,14.282328,-16.723857,14.258910,-16.719760,14.284017
0,-16.716567,14.289418,-16.718664,14.286077,-16.723857,14.258910
0,-16.712374,14.296317,-16.715046,14.291797,-16.710944,14.298424
0,-16.717803,14.287637,-16.718664,14.286077,-16.716567,14.289418
0,-16.715046,14.291797,-16.712374,14.296317,-16.713849,14.293993
0,-16.710944,14.298424,-16.723857,14.258910,-16.709569,14.300386
0,-16.708492,14.305157,-16.708842,14.302353,-16.707772,14.306853
0,-16.656886,14.339999,-16.657930,14.340626,-16.707085,14.311666
0,-16.707900,14.323709,-16.707777,14.320953,-16.657930,14.340626
0,-16.652649,14.337675,-16.707284,14.309739,-16.707772,14.306853
0,-16.652649,14.337675,-16.707085,14.311666,-16.707284,14.309739
0,-16.687657,14.354098,-16.688409,14.354093,-16.709212,14.330614
0,-16.707429,14.316636,-16.707777,14.320953,-16.707879,14.318566
0,-16.707429,14.316636,-16.657930,14.340626,-16.707777,14.320953
0,-16.668768,14.356576,-16.659071,14.345622,-16.659146,14.347015
0,-16.690256,14.354080,-16.691102,14.354200,-16.709714,14.333186
0,-16.660480,14.351630,-16.664279,14.355847,-16.668768,14.356576
0,-16.710183,14.347291,-16.710016,14.344906,-16.694052,14.354929
0,-16.707900,14.323709,-16.687657,14.354098,-16.708948,14.328682
0,-16.691102,14.354200,-16.692533,14.354507,-16.709845,14.341916
0,-16.710211,14.336274,-16.691102,14.354200,-16.709845,14.341916
0,-16.709845,14.341916,-16.692533,14.354507,-16.693213,14.354634
0,-16.694052,14.354929,-16.709845,14.341916,-16.693213,14.354634
0,-16.710183,14.347291,-16.694052,14.354929,-16.695446,14.355970
0,-16.709139,14.355144,-16.710387,14.352297,-16.710546,14.349865
0,-16.695446,14.355970,-16.698236,14.358352,-16.709139,14.355144
0,-16.707875,14.360829,-16.708839,14.358445,-16.702569,14.361024
0,-16.695446,14.355970,-16.709139,14.355144,-16.710546,14.349865
0,-16.708839,14.358445,-16.709139,14.355144,-16.702569,14.361024
0,-16.708130,14.364134,-16.707863,14.363034,-16.705200,14.362807
0,-16.705200,14.362807,-16.707875,14.360829,-16.702569,14.361024
0,-16.702569,14.361024,-16.709139,14.355144,-16.700714,14.360136
0,-16.700714,14.360136,-16.709139,14.355144,-16.698236,14.358352
0,-16.710183,14.347291,-16.695446,14.355970,-16.710546,14.349865
0,-16.708948,14.328682,-16.687657,14.354098,-16.709212,14.330614
0,-16.709212,14.330614,-16.690256,14.354080,-16.709714,14.333186
0,-16.658324,14.341193,-16.684542,14.354627,-16.707900,14.323709
0,-16.686490,14.354360,-16.687268,14.354228,-16.687657,14.354098
0,-16.687657,14.354098,-16.684542,14.354627,-16.686490,14.354360
0,-16.658324,14.341193,-16.683310,14.354889,-16.684542,14.354627
0,-16.661996,14.354596,-16.664279,14.355847,-16.661337,14.353334
0,-16.688409,14.354093,-16.689216,14.354087,-16.709212,14.330614
0,-16.709212,14.330614,-16.689216,14.354087,-16.690256,14.354080
0,-16.661337,14.353334,-16.664279,14.355847,-16.660480,14.351630
0,-16.660480,14.351630,-16.659146,14.347015,-16.659222,14.348535
0,-16.659493,14.349926,-16.660480,14.351630,-16.659222,14.348535
0,-16.707772,14.306853,-16.649535,14.336412,-16.652649,14.337675
0,-16.707772,14.306853,-16.708842,14.302353,-16.649535,14.336412
0,-16.618465,14.333049,-16.571572,14.334180,-16.586585,14.343247
0,-16.639910,14.332352,-16.645575,14.335156,-16.647743,14.335783
0,-16.613056,14.339599,-16.615867,14.338020,-16.616795,14.336271
0,-16.653945,14.338529,-16.654668,14.338875,-16.652649,14.337675
0,-16.656038,14.339562,-16.656886,14.339999,-16.707085,14.311666
0,-16.659071,14.345622,-16.676107,14.356207,-16.658799,14.343913
0,-16.618094,14.333786,-16.609513,14.341396,-16.613056,14.339599
0,-16.600615,14.344903,-16.605605,14.343321,-16.606791,14.342694
0,-16.618465,14.333049,-16.586585,14.343247,-16.607896,14.342019
0,-16.609513,14.341396,-16.618465,14.333049,-16.607896,14.342019
0,-16.602084,14.344893,-16.604221,14.344104,-16.600615,14.344903
0,-16.607896,14.342019,-16.586585,14.343247,-16.597958,14.345230
0,-16.593594,14.345800,-16.595251,14.345712,-16.596198,14.345475
0,-16.596198,14.345475,-16.589948,14.345115,-16.593594,14.345800
0,-16.596198,14.345475,-16.586585,14.343247,-16.589948,14.345115
0,-16.596198,14.345475,-16.597958,14.345230,-16.586585,14.343247
0,-16.607896,14.342019,-16.600615,14.344903,-16.606791,14.342694
0,-16.600615,14.344903,-16.604221,14.344104,-16.605605,14.343321
0,-16.602084,14.344893,-16.603036,14.344848,-16.604221,14.344104
0,-16.607896,14.342019,-16.606791,14.342694,-16.607779,14.342107
0,-16.574777,14.337703,-16.577253,14.339057,-16.571572,14.334180
0,-16.578304,14.339754,-16.586585,14.343247,-16.577253,14.339057
0,-16.571572,14.334180,-16.577253,14.339057,-16.586585,14.343247
0,-16.559168,14.306365,-16.618465,14.333049,-16.623348,14.331732
0,-16.554571,14.297549,-16.632837,14.330016,-16.547531,14.288409
0,-16.561699,14.319276,-16.618465,14.333049,-16.559168,14.306365
0,-16.609513,14.341396,-16.618094,14.333786,-16.618465,14.333049
0,-16.567010,14.330468,-16.571572,14.334180,-16.561699,14.319276
0,-16.559168,14.306365,-16.623348,14.331732,-16.554571,14.297549
0,-16.645575,14.335156,-16.639910,14.332352,-16.642933,14.334165
0,-16.708842,14.302353,-16.709569,14.300386,-16.637171,14.330903
0,-16.708842,14.302353,-16.637171,14.330903,-16.639910,14.332352
0,-16.709569,14.300386,-16.635381,14.330548,-16.637171,14.330903
0,-16.628326,14.330689,-16.632837,14.330016,-16.554571,14.297549
0,-16.623348,14.331732,-16.628326,14.330689,-16.554571,14.297549
0,-16.539071,14.275536,-16.722152,14.203502,-16.536260,14.272492
0,-16.547531,14.288409,-16.539071,14.275536,-16.544017,14.284690
0,-16.547531,14.288409,-16.722152,14.203502,-16.539071,14.275536
0,-16.536260,14.272492,-16.517879,14.141382,-16.529260,14.269135
0,-16.463324,14.259372,-16.482536,14.272152,-16.501001,14.268635
0,-16.529260,14.269135,-16.498495,14.160868,-16.518784,14.267501
0,-16.491105,14.163807,-16.477814,14.171119,-16.518784,14.267501
0,-16.463842,14.260940,-16.463770,14.262839,-16.468184,14.271419
0,-16.468184,14.271419,-16.476270,14.274233,-16.482536,14.272152
0,-16.476270,14.274233,-16.471867,14.273629,-16.474142,14.274939
0,-16.476270,14.274233,-16.468184,14.271419,-16.471867,14.273629
0,-16.441748,14.263799,-16.443355,14.263295,-16.440135,14.262982
0,-16.464988,14.267789,-16.465510,14.270017,-16.468184,14.271419
0,-16.482536,14.272152,-16.463842,14.260940,-16.468184,14.271419
0,-16.423186,14.238823,-16.420880,14.241429,-16.425336,14.252370
0,-16.437572,14.259528,-16.449100,14.261330,-16.431648,14.229056
0,-16.425336,14.252370,-16.420880,14.241429,-16.419098,14.243499
0,-16.425336,14.252370,-16.419098,14.243499,-16.417653,14.245209
0,-16.417653,14.245209,-16.419098,14.243499,-16.417638,14.245195
0,-16.430015,14.255145,-16.426118,14.235509,-16.424228,14.237645
0,-16.425336,14.252370,-16.424228,14.237645,-16.423186,14.238823
0,-16.425336,14.252370,-16.430015,14.255145,-16.424228,14.237645
0,-16.429213,14.232342,-16.431648,14.229056,-16.430361,14.230564
0,-16.428221,14.233668,-16.433093,14.256844,-16.429213,14.232342
0,-16.430015,14.255145,-16.428221,14.233668,-16.426118,14.235509
0,-16.430015,14.255145,-16.433093,14.256844,-16.428221,14.233668
0,-16.461628,14.259135,-16.437795,14.219218,-16.458153,14.258990
0,-16.437795,14.219218,-16.436791,14.221046,-16.458153,14.258990
0,-16.458153,14.258990,-16.436045,14.222403,-16.434599,14.225269
0,-16.449100,14.261330,-16.433315,14.227373,-16.431648,14.229056
0,-16.458153,14.258990,-16.434599,14.225269,-16.433315,14.227373
0,-16.440135,14.262982,-16.440901,14.263723,-16.441748,14.263799
0,-16.440135,14.262982,-16.443355,14.263295,-16.439018,14.260511
0,-16.443355,14.263295,-16.449100,14.261330,-16.439018,14.260511
0,-16.435109,14.258633,-16.437572,14.259528,-16.433093,14.256844
0,-16.439018,14.260511,-16.449100,14.261330,-16.437572,14.259528
0,-16.437795,14.219218,-16.440531,14.215162,-16.439067,14.216901
0,-16.461628,14.259135,-16.463324,14.259372,-16.440531,14.215162
0,-16.463324,14.259372,-16.441052,14.214065,-16.440531,14.215162
0,-16.433315,14.227373,-16.455785,14.259501,-16.458153,14.258990
0,-16.433315,14.227373,-16.449100,14.261330,-16.455785,14.259501
0,-16.463277,14.265239,-16.464387,14.266637,-16.463770,14.262839
0,-16.464988,14.267789,-16.468184,14.271419,-16.463770,14.262839
0,-16.463102,14.264330,-16.463277,14.265239,-16.463770,14.262839
0,-16.463324,14.259372,-16.463842,14.260940,-16.482536,14.272152
0,-16.463324,14.259372,-16.441351,14.213051,-16.441052,14.214065
0,-16.466493,14.177454,-16.461087,14.181826,-16.453090,14.192008
0,-16.441565,14.212367,-16.441351,14.213051,-16.463324,14.259372
0,-16.437795,14.219218,-16.461628,14.259135,-16.440531,14.215162
0,-16.568608,14.070869,-16.566145,14.070380,-16.534666,14.092583
0,-16.501001,14.268635,-16.466493,14.177454,-16.453090,14.192008
0,-16.466493,14.177454,-16.501001,14.268635,-16.477814,14.171119
0,-16.461087,14.181826,-16.459150,14.183731,-16.453090,14.192008
0,-16.529260,14.269135,-16.517879,14.141382,-16.504915,14.154466
0,-16.499306,14.160239,-16.504915,14.154466,-16.500001,14.159366
0,-16.529260,14.269135,-16.499306,14.160239,-16.498495,14.160868
0,-16.529260,14.269135,-16.504915,14.154466,-16.499306,14.160239
0,-16.453090,14.192008,-16.463324,14.259372,-16.501001,14.268635
0,-16.449658,14.196266,-16.463324,14.259372,-16.453090,14.192008
0,-16.435574,14.209936,-16.441573,14.212339,-16.436307,14.208729
0,-16.441565,14.212367,-16.463324,14.259372,-16.441573,14.212339
0,-16.441573,14.212339,-16.449658,14.196266,-16.441339,14.203615
0,-16.441573,14.212339,-16.463324,14.259372,-16.449658,14.196266
0,-16.441573,14.212339,-16.441339,14.203615,-16.436307,14.208729
0,-16.598484,14.056509,-16.677244,14.026219,-16.663706,14.025515
0,-16.752339,14.079305,-16.751835,14.071436,-16.677244,14.026219
0,-16.678385,14.023258,-16.691124,14.010116,-16.681389,14.013755
0,-16.598484,14.056509,-16.663706,14.025515,-16.644660,14.025928
0,-16.689010,14.009588,-16.681389,14.013755,-16.691124,14.010116
0,-16.677244,14.026219,-16.697793,14.010666,-16.678385,14.023258
0,-16.694971,14.010767,-16.693145,14.010509,-16.678385,14.023258
0,-16.752243,14.064975,-16.704642,14.009054,-16.699965,14.010235
0,-16.697793,14.010666,-16.694971,14.010767,-16.678385,14.023258
0,-16.753631,14.063086,-16.709631,14.005313,-16.708344,14.006579
0,-16.699965,14.010235,-16.697793,14.010666,-16.677244,14.026219
0,-16.752243,14.064975,-16.699965,14.010235,-16.677244,14.026219
0,-16.769183,14.007967,-16.720138,13.995055,-16.717193,13.997713
0,-16.714940,13.999798,-16.712404,14.002320,-16.715787,13.999151
0,-16.717193,13.997713,-16.720138,13.995055,-16.718914,13.995894
0,-16.769183,14.007967,-16.722806,13.992024,-16.720138,13.995055
0,-16.720138,13.995055,-16.719130,13.995672,-16.718914,13.995894
0,-16.720138,13.995055,-16.719526,13.995265,-16.719130,13.995672
0,-16.711165,14.003684,-16.771964,14.029519,-16.712404,14.002320
0,-16.709631,14.005313,-16.771964,14.029519,-16.711165,14.003684
0,-16.753631,14.063086,-16.771964,14.029519,-16.709631,14.005313
0,-16.752665,14.063843,-16.753631,14.063086,-16.708344,14.006579
0,-16.752665,14.063843,-16.706734,14.007846,-16.704642,14.009054
0,-16.752665,14.063843,-16.708344,14.006579,-16.706734,14.007846
0,-16.663706,14.025515,-16.653622,14.024990,-16.644660,14.025928
0,-16.602358,14.050631,-16.598484,14.056509,-16.644660,14.025928
0,-16.616710,14.028852,-16.611171,14.037258,-16.624724,14.028014
0,-16.624724,14.028014,-16.607308,14.043121,-16.644660,14.025928
0,-16.607308,14.043121,-16.602358,14.050631,-16.644660,14.025928
0,-16.580400,14.053861,-16.580029,14.056518,-16.587541,14.054907
0,-16.587541,14.054907,-16.579414,14.061196,-16.592428,14.055623
0,-16.592428,14.055623,-16.577517,14.067652,-16.598484,14.056509
0,-16.587541,14.054907,-16.579917,14.059045,-16.579414,14.061196
0,-16.587541,14.054907,-16.580029,14.056518,-16.579917,14.059045
0,-16.592428,14.055623,-16.578659,14.064360,-16.577517,14.067652
0,-16.592428,14.055623,-16.579414,14.061196,-16.578659,14.064360
0,-16.571714,14.070849,-16.530788,14.111751,-16.529921,14.119215
0,-16.536260,14.272492,-16.520234,14.139004,-16.517879,14.141382
0,-16.526288,14.126638,-16.723947,14.194409,-16.528527,14.122063
0,-16.722309,14.201115,-16.526288,14.126638,-16.520234,14.139004
0,-16.722309,14.201115,-16.723947,14.194409,-16.526288,14.126638
0,-16.534666,14.092583,-16.566145,14.070380,-16.537337,14.082724
0,-16.538426,14.075303,-16.550198,14.066439,-16.541847,14.069979
0,-16.724722,14.192816,-16.575847,14.069433,-16.723947,14.194409
0,-16.537337,14.082724,-16.559268,14.067897,-16.557063,14.067153
0,-16.537337,14.082724,-16.557063,14.067153,-16.553692,14.066417
0,-16.541847,14.069979,-16.550198,14.066439,-16.546706,14.066841
