8,9,10,70,100,
0,-17.283313,14.747104,-17.297755,14.740791,-17.298014,14.740284
0,-17.296601,14.717071,-17.295492,14.716745,-17.295034,14.716653
0,-17.296224,14.750847,-17.296580,14.751533,-17.296745,14.751106
0,-17.281256,14.710279,-17.281366,14.710640,-17.281433,14.710643
0,-17.279920,14.712899,-17.279762,14.712972,-17.279663,14.713056
0,-17.295034,14.716653,-17.301783,14.732364,-17.302176,14.731567
0,-17.272622,14.711572,-17.265525,14.741697,-17.272910,14.711627
0,-17.254781,14.708122,-17.253991,14.710195,-17.260382,14.706873
0,-17.304123,14.727510,-17.304207,14.727331,-17.304490,14.724310
0,-17.300740,14.734489,-17.293703,14.716211,-17.300604,14.734771
0,-17.286716,14.712810,-17.279663,14.713056,-17.288129,14.713423
0,-17.298659,14.717693,-17.298194,14.717583,-17.299617,14.718035
0,-17.301677,14.732581,-17.301783,14.732364,-17.295034,14.716653
0,-17.279410,14.713101,-17.279134,14.713129,-17.277643,14.745292
0,-17.293567,14.749499,-17.295074,14.755096,-17.295168,14.754832
0,-17.238988,14.729394,-17.244634,14.719342,-17.239246,14.724634
0,-17.249292,14.709626,-17.247980,14.710813,-17.252033,14.709493
0,-17.239672,14.722209,-17.239361,14.722501,-17.239246,14.724634
0,-17.245906,14.713975,-17.246211,14.715023,-17.247980,14.710813
0,-17.265589,14.709074,-17.253991,14.710195,-17.266192,14.709297
0,-17.258200,14.705732,-17.254781,14.708122,-17.258548,14.705930
0,-17.281450,14.710184,-17.281433,14.710643,-17.281553,14.710186
0,-17.260759,14.707025,-17.260652,14.706971,-17.260382,14.706873
0,-17.287466,14.713068,-17.287225,14.712994,-17.288129,14.713423
0,-17.279663,14.713056,-17.286716,14.712810,-17.286272,14.712656
0,-17.284471,14.712025,-17.280810,14.712410,-17.284682,14.712127
0,-17.281498,14.711926,-17.280810,14.712410,-17.284109,14.711881
0,-17.285373,14.712353,-17.284996,14.712228,-17.280448,14.712682
0,-17.281256,14.710279,-17.281433,14.710643,-17.281354,14.710210
0,-17.281596,14.711480,-17.281539,14.711617,-17.281530,14.711865
0,-17.282173,14.710948,-17.281640,14.711082,-17.282221,14.711026
0,-17.281530,14.711865,-17.281498,14.711926,-17.282800,14.711450
0,-17.281649,14.710935,-17.281640,14.711082,-17.282173,14.710948
0,-17.282800,14.711450,-17.282504,14.711281,-17.281530,14.711865
0,-17.282116,14.710844,-17.281607,14.710788,-17.281649,14.710935
0,-17.304451,14.726811,-17.304485,14.726741,-17.304490,14.724310
0,-17.300676,14.718200,-17.301452,14.717357,-17.301284,14.717225
0,-17.287625,14.713123,-17.288129,14.713423,-17.287906,14.713235
0,-17.303577,14.728670,-17.299617,14.718035,-17.298194,14.717583
0,-17.304398,14.723949,-17.304549,14.723621,-17.301994,14.718814
0,-17.300676,14.718200,-17.301143,14.718460,-17.301452,14.717357
0,-17.302937,14.719092,-17.301994,14.718814,-17.304549,14.723621
0,-17.304411,14.726896,-17.304451,14.726811,-17.304490,14.724310
0,-17.299964,14.718106,-17.299617,14.718035,-17.304398,14.723949
0,-17.304398,14.723949,-17.301480,14.718590,-17.301143,14.718460
0,-17.296601,14.717071,-17.302855,14.730220,-17.297854,14.717485
0,-17.303874,14.728039,-17.304398,14.723949,-17.299617,14.718035
0,-17.302697,14.730559,-17.302855,14.730220,-17.296601,14.717071
0,-17.302606,14.730756,-17.296601,14.717071,-17.302176,14.731567
0,-17.295034,14.716653,-17.293703,14.716211,-17.301599,14.732737
0,-17.293703,14.716211,-17.295034,14.716653,-17.294380,14.716412
0,-17.296875,14.742645,-17.296905,14.742462,-17.296764,14.742879
0,-17.279663,14.713056,-17.279410,14.713101,-17.277643,14.745292
0,-17.284813,14.754524,-17.285245,14.754993,-17.284493,14.753551
0,-17.280984,14.746443,-17.298600,14.739024,-17.298896,14.738386
0,-17.281975,14.746734,-17.298298,14.739672,-17.298348,14.739564
0,-17.294367,14.747764,-17.294451,14.747719,-17.294751,14.747133
0,-17.285245,14.754993,-17.294424,14.756767,-17.294582,14.756368
0,-17.238940,14.737730,-17.238545,14.737580,-17.238526,14.737921
0,-17.293924,14.748747,-17.294019,14.748603,-17.294174,14.748253
0,-17.294751,14.747133,-17.286328,14.747899,-17.294367,14.747764
0,-17.284764,14.747524,-17.297035,14.742206,-17.297438,14.741414
0,-17.295860,14.744789,-17.295949,14.744601,-17.286328,14.747899
0,-17.295036,14.746530,-17.295141,14.746310,-17.286328,14.747899
0,-17.295224,14.746134,-17.286328,14.747899,-17.295141,14.746310
0,-17.281498,14.711926,-17.284109,14.711881,-17.283421,14.711634
0,-17.280897,14.712305,-17.280810,14.712410,-17.281153,14.712116
0,-17.280623,14.712519,-17.280510,14.712613,-17.280448,14.712682
0,-17.280448,14.712682,-17.280246,14.712756,-17.280125,14.712811
0,-17.274513,14.711991,-17.275850,14.712344,-17.275309,14.712159
0,-17.280125,14.712811,-17.279663,14.713056,-17.280448,14.712682
0,-17.278016,14.713022,-17.277750,14.712956,-17.269422,14.742930
0,-17.284764,14.747524,-17.285457,14.747694,-17.297035,14.742206
0,-17.266862,14.709549,-17.266351,14.709357,-17.253991,14.710195
0,-17.244634,14.719342,-17.247560,14.736579,-17.249778,14.737231
0,-17.239924,14.737275,-17.238545,14.737580,-17.239002,14.737701
0,-17.241772,14.736565,-17.238988,14.729394,-17.241294,14.736717
0,-17.238545,14.737580,-17.239924,14.737275,-17.238988,14.729394
0,-17.244634,14.719342,-17.246339,14.736280,-17.246518,14.736324
0,-17.244634,14.719342,-17.238988,14.729394,-17.245981,14.736208
0,-17.245981,14.736208,-17.238988,14.729394,-17.245345,14.736146
0,-17.243970,14.736135,-17.238988,14.729394,-17.243828,14.736123
0,-17.252620,14.709711,-17.252033,14.709493,-17.247980,14.710813
0,-17.249292,14.709626,-17.252033,14.709493,-17.251721,14.709376
0,-17.247980,14.710813,-17.248606,14.709926,-17.248233,14.710082
0,-17.245906,14.713975,-17.247980,14.710813,-17.246714,14.711385
0,-17.246211,14.715023,-17.253117,14.709887,-17.247980,14.710813
0,-17.275222,14.712131,-17.274568,14.711994,-17.274513,14.711991
0,-17.275222,14.712131,-17.274513,14.711991,-17.275309,14.712159
0,-17.281153,14.712116,-17.280810,14.712410,-17.281303,14.712032
0,-17.281256,14.710279,-17.281205,14.710351,-17.281366,14.710640
0,-17.275222,14.712131,-17.274934,14.712044,-17.274568,14.711994
0,-17.274513,14.711991,-17.265525,14.741697,-17.276250,14.712487
0,-17.245886,14.716796,-17.253991,14.710195,-17.246211,14.715023
0,-17.259378,14.706334,-17.260052,14.706672,-17.259596,14.706422
0,-17.253991,14.710195,-17.259941,14.740250,-17.266862,14.709549
0,-17.253991,14.710195,-17.265589,14.709074,-17.264998,14.708857
0,-17.253991,14.710195,-17.264380,14.708623,-17.263581,14.708328
0,-17.254134,14.706113,-17.255236,14.704474,-17.254988,14.704322
0,-17.254813,14.704223,-17.254684,14.704142,-17.253221,14.704863
0,-17.287625,14.713123,-17.287466,14.713068,-17.288129,14.713423
0,-17.279663,14.713056,-17.286272,14.712656,-17.285957,14.712546
0,-17.288129,14.713423,-17.287225,14.712994,-17.286716,14.712810
0,-17.280448,14.712682,-17.285957,14.712546,-17.285684,14.712454
0,-17.279663,14.713056,-17.285957,14.712546,-17.280448,14.712682
0,-17.288129,14.713423,-17.288580,14.713584,-17.288284,14.713461
0,-17.279663,14.713056,-17.277643,14.745292,-17.288836,14.713685
0,-17.288580,14.713584,-17.288129,14.713423,-17.288836,14.713685
0,-17.288836,14.713685,-17.288129,14.713423,-17.279663,14.713056
0,-17.288129,14.713423,-17.288062,14.713302,-17.287906,14.713235
0,-17.280448,14.712682,-17.284682,14.712127,-17.280810,14.712410
0,-17.285684,14.712454,-17.285373,14.712353,-17.280448,14.712682
0,-17.283010,14.711505,-17.282800,14.711450,-17.281498,14.711926
0,-17.284109,14.711881,-17.280810,14.712410,-17.284471,14.712025
0,-17.282609,14.711312,-17.282800,14.711450,-17.282714,14.711329
0,-17.281498,14.711926,-17.281303,14.712032,-17.280810,14.712410
0,-17.282504,14.711281,-17.281596,14.711480,-17.281530,14.711865
0,-17.281607,14.710788,-17.281990,14.710397,-17.281532,14.710681
0,-17.282151,14.710647,-17.282106,14.710575,-17.282137,14.710722
0,-17.281990,14.710397,-17.281867,14.710302,-17.281532,14.710681
0,-17.281433,14.710643,-17.281532,14.710681,-17.281705,14.710249
0,-17.281433,14.710643,-17.281705,14.710249,-17.281553,14.710186
0,-17.257175,14.705258,-17.254781,14.708122,-17.257671,14.705512
0,-17.282106,14.710575,-17.281990,14.710397,-17.281607,14.710788
0,-17.281705,14.710249,-17.281532,14.710681,-17.281775,14.710263
0,-17.281775,14.710263,-17.281532,14.710681,-17.281867,14.710302
0,-17.282106,14.710575,-17.281607,14.710788,-17.282137,14.710722
0,-17.281623,14.711276,-17.281596,14.711480,-17.282348,14.711193
0,-17.281249,14.710677,-17.281366,14.710640,-17.281125,14.710488
0,-17.281518,14.711725,-17.281530,14.711865,-17.281539,14.711617
0,-17.282609,14.711312,-17.282504,14.711281,-17.282800,14.711450
0,-17.281640,14.711082,-17.281623,14.711276,-17.282221,14.711026
0,-17.282116,14.710844,-17.281649,14.710935,-17.282173,14.710948
0,-17.282137,14.710722,-17.281607,14.710788,-17.282116,14.710844
0,-17.282348,14.711193,-17.281596,14.711480,-17.282504,14.711281
0,-17.282221,14.711026,-17.281623,14.711276,-17.282348,14.711193
0,-17.305021,14.719752,-17.304308,14.719562,-17.305360,14.721169
0,-17.296601,14.717071,-17.302606,14.730756,-17.302697,14.730559
0,-17.296275,14.716927,-17.295492,14.716745,-17.296601,14.717071
0,-17.296992,14.717153,-17.296601,14.717071,-17.297380,14.717304
0,-17.289161,14.713772,-17.288836,14.713685,-17.293703,14.716211
0,-17.288836,14.713685,-17.277643,14.745292,-17.293703,14.716211
0,-17.293976,14.716269,-17.293703,14.716211,-17.294380,14.716412
0,-17.294380,14.716412,-17.295034,14.716653,-17.294797,14.716551
0,-17.302176,14.731567,-17.296601,14.717071,-17.295034,14.716653
0,-17.298840,14.717673,-17.298659,14.717693,-17.299295,14.717898
0,-17.298404,14.717613,-17.298194,14.717583,-17.298659,14.717693
0,-17.297854,14.717485,-17.303236,14.729398,-17.303352,14.729149
0,-17.297380,14.717304,-17.296601,14.717071,-17.297854,14.717485
0,-17.298840,14.717673,-17.299295,14.717898,-17.299076,14.717728
0,-17.298659,14.717693,-17.299617,14.718035,-17.299295,14.717898
0,-17.304123,14.727510,-17.304490,14.724310,-17.304398,14.723949
0,-17.300322,14.718182,-17.299964,14.718106,-17.301143,14.718460
0,-17.300676,14.718200,-17.300322,14.718182,-17.301143,14.718460
0,-17.304398,14.723949,-17.301994,14.718814,-17.301480,14.718590
0,-17.305223,14.721782,-17.303687,14.719328,-17.303232,14.719171
0,-17.304383,14.726956,-17.304490,14.724310,-17.304207,14.727331
0,-17.299964,14.718106,-17.304398,14.723949,-17.301143,14.718460
0,-17.303232,14.719171,-17.302937,14.719092,-17.304549,14.723621
0,-17.302518,14.718913,-17.301994,14.718814,-17.302937,14.719092
0,-17.305223,14.721782,-17.303232,14.719171,-17.304549,14.723621
0,-17.304308,14.719562,-17.303687,14.719328,-17.305223,14.721782
0,-17.304906,14.723339,-17.304549,14.723621,-17.304770,14.723558
0,-17.305021,14.719752,-17.305507,14.720507,-17.305634,14.719939
0,-17.305040,14.722971,-17.305223,14.721782,-17.304549,14.723621
0,-17.305021,14.719752,-17.305360,14.721169,-17.305507,14.720507
0,-17.304485,14.726741,-17.304697,14.724578,-17.304490,14.724310
0,-17.304308,14.719562,-17.305223,14.721782,-17.305360,14.721169
0,-17.305023,14.723085,-17.305040,14.722971,-17.304906,14.723339
0,-17.304549,14.723621,-17.304906,14.723339,-17.305040,14.722971
0,-17.304906,14.723339,-17.304973,14.723233,-17.305023,14.723085
0,-17.304485,14.726741,-17.304935,14.724886,-17.304697,14.724578
0,-17.305197,14.725121,-17.304935,14.724886,-17.304485,14.726741
0,-17.304411,14.726896,-17.304490,14.724310,-17.304383,14.726956
0,-17.304016,14.727737,-17.304123,14.727510,-17.304398,14.723949
0,-17.303946,14.727886,-17.304398,14.723949,-17.303874,14.728039
0,-17.304016,14.727737,-17.304398,14.723949,-17.303946,14.727886
0,-17.301599,14.732737,-17.293703,14.716211,-17.300936,14.734087
0,-17.300936,14.734087,-17.293703,14.716211,-17.300773,14.734421
0,-17.300773,14.734421,-17.293703,14.716211,-17.300740,14.734489
0,-17.293703,14.716211,-17.299999,14.736030,-17.300604,14.734771
0,-17.301599,14.732737,-17.301677,14.732581,-17.295034,14.716653
0,-17.302855,14.730220,-17.303236,14.729398,-17.297854,14.717485
0,-17.299617,14.718035,-17.303577,14.728670,-17.303874,14.728039
0,-17.298194,14.717583,-17.303352,14.729149,-17.303577,14.728670
0,-17.298194,14.717583,-17.297854,14.717485,-17.303352,14.729149
0,-17.293703,14.716211,-17.299930,14.736172,-17.299999,14.736030
0,-17.293703,14.716211,-17.299777,14.736489,-17.299930,14.736172
0,-17.299777,14.736489,-17.293703,14.716211,-17.299748,14.736554
0,-17.293703,14.716211,-17.299724,14.736604,-17.299748,14.736554
0,-17.293703,14.716211,-17.277643,14.745292,-17.299325,14.737462
0,-17.299724,14.736604,-17.293703,14.716211,-17.299325,14.737462
0,-17.299121,14.737901,-17.299325,14.737462,-17.279679,14.746056
0,-17.298348,14.739564,-17.298600,14.739024,-17.281975,14.746734
0,-17.280984,14.746443,-17.299121,14.737901,-17.279679,14.746056
0,-17.280984,14.746443,-17.299073,14.738006,-17.299121,14.737901
0,-17.296224,14.750847,-17.296324,14.751670,-17.296580,14.751533
0,-17.295956,14.752531,-17.296324,14.751670,-17.295619,14.750546
0,-17.295619,14.750546,-17.296324,14.751670,-17.296224,14.750847
0,-17.293616,14.749532,-17.295956,14.752531,-17.295619,14.750546
0,-17.296905,14.742462,-17.286328,14.747899,-17.296764,14.742879
0,-17.296944,14.742498,-17.296905,14.742462,-17.296875,14.742645
0,-17.298014,14.740284,-17.298298,14.739672,-17.283313,14.747104
0,-17.297438,14.741414,-17.297755,14.740791,-17.283658,14.747204
0,-17.293616,14.749532,-17.295855,14.752844,-17.295956,14.752531
0,-17.293616,14.749532,-17.295765,14.753140,-17.295855,14.752844
0,-17.293616,14.749532,-17.295659,14.753439,-17.295765,14.753140
0,-17.295659,14.753439,-17.293616,14.749532,-17.295556,14.753749
0,-17.293616,14.749532,-17.295438,14.754068,-17.295556,14.753749
0,-17.295438,14.754068,-17.293616,14.749532,-17.295341,14.754365
0,-17.294936,14.755448,-17.285245,14.754993,-17.294745,14.755941
0,-17.293616,14.749532,-17.295244,14.754615,-17.295341,14.754365
0,-17.295244,14.754615,-17.293567,14.749499,-17.295168,14.754832
0,-17.295244,14.754615,-17.293616,14.749532,-17.293567,14.749499
0,-17.294936,14.755448,-17.293567,14.749499,-17.285245,14.754993
0,-17.294936,14.755448,-17.295074,14.755096,-17.293567,14.749499
0,-17.285245,14.754993,-17.293954,14.758024,-17.294424,14.756767
0,-17.285245,14.754993,-17.294582,14.756368,-17.294745,14.755941
0,-17.293987,14.758102,-17.293954,14.758024,-17.285245,14.754993
0,-17.293987,14.758102,-17.285245,14.754993,-17.294019,14.758176
0,-17.285245,14.754993,-17.285621,14.749741,-17.284527,14.752590
0,-17.295224,14.746134,-17.295860,14.744789,-17.286328,14.747899
0,-17.285245,14.754993,-17.284527,14.752590,-17.284506,14.753180
0,-17.285245,14.754993,-17.284506,14.753180,-17.284493,14.753551
0,-17.280984,14.746443,-17.281975,14.746734,-17.298600,14.739024
0,-17.293607,14.749399,-17.293708,14.749176,-17.286328,14.747899
0,-17.293567,14.749499,-17.293607,14.749399,-17.286328,14.747899
0,-17.285245,14.754993,-17.293567,14.749499,-17.285621,14.749741
0,-17.297035,14.742206,-17.285457,14.747694,-17.296905,14.742462
0,-17.285621,14.749741,-17.293567,14.749499,-17.286328,14.747899
0,-17.293708,14.749176,-17.293820,14.748953,-17.286328,14.747899
0,-17.293820,14.748953,-17.293924,14.748747,-17.286328,14.747899
0,-17.293924,14.748747,-17.294174,14.748253,-17.286328,14.747899
0,-17.286328,14.747899,-17.294174,14.748253,-17.294367,14.747764
0,-17.294019,14.748603,-17.294095,14.748466,-17.294174,14.748253
0,-17.296764,14.742879,-17.286328,14.747899,-17.295949,14.744601
0,-17.294978,14.746653,-17.295036,14.746530,-17.286328,14.747899
0,-17.294751,14.747133,-17.294978,14.746653,-17.286328,14.747899
0,-17.283658,14.747204,-17.284764,14.747524,-17.297438,14.741414
0,-17.285457,14.747694,-17.286328,14.747899,-17.296905,14.742462
0,-17.283313,14.747104,-17.283658,14.747204,-17.297755,14.740791
0,-17.281975,14.746734,-17.283313,14.747104,-17.298298,14.739672
0,-17.299073,14.738006,-17.280984,14.746443,-17.298896,14.738386
0,-17.283010,14.711505,-17.281498,14.711926,-17.283421,14.711634
0,-17.274934,14.712044,-17.274845,14.711999,-17.274664,14.711993
0,-17.273730,14.711794,-17.273542,14.711764,-17.274410,14.711963
0,-17.273542,14.711764,-17.265525,14.741697,-17.274513,14.711991
0,-17.271228,14.711030,-17.270784,14.710869,-17.259941,14.740250
0,-17.274282,14.711922,-17.274217,14.711904,-17.274410,14.711963
0,-17.274217,14.711904,-17.273730,14.711794,-17.274410,14.711963
0,-17.274129,14.711880,-17.273730,14.711794,-17.274217,14.711904
0,-17.273542,14.711764,-17.274513,14.711991,-17.274410,14.711963
0,-17.275309,14.712159,-17.275850,14.712344,-17.275562,14.712235
0,-17.275107,14.712078,-17.274934,14.712044,-17.275222,14.712131
0,-17.274568,14.711994,-17.274934,14.712044,-17.274664,14.711993
0,-17.274513,14.711991,-17.276250,14.712487,-17.275850,14.712344
0,-17.266707,14.742102,-17.268148,14.742602,-17.277750,14.712956
0,-17.275850,14.712344,-17.276250,14.712487,-17.275983,14.712375
0,-17.280992,14.712200,-17.280897,14.712305,-17.281153,14.712116
0,-17.276250,14.712487,-17.277750,14.712956,-17.277155,14.712747
0,-17.280810,14.712410,-17.280623,14.712519,-17.280448,14.712682
0,-17.284682,14.712127,-17.280448,14.712682,-17.284996,14.712228
0,-17.279920,14.712899,-17.279663,14.713056,-17.280125,14.712811
0,-17.277643,14.745292,-17.279679,14.746056,-17.299325,14.737462
0,-17.279134,14.713129,-17.278633,14.713137,-17.277643,14.745292
0,-17.278422,14.713100,-17.269422,14.742930,-17.278633,14.713137
0,-17.278016,14.713022,-17.269422,14.742930,-17.278422,14.713100
0,-17.277155,14.712747,-17.276900,14.712663,-17.276250,14.712487
0,-17.279679,14.746056,-17.277643,14.745292,-17.278911,14.745829
0,-17.278633,14.713137,-17.269422,14.742930,-17.277643,14.745292
0,-17.266707,14.742102,-17.277750,14.712956,-17.276250,14.712487
0,-17.268148,14.742602,-17.269422,14.742930,-17.277750,14.712956
0,-17.277646,14.712860,-17.277750,14.712956,-17.277783,14.712884
0,-17.277646,14.712860,-17.277399,14.712813,-17.277750,14.712956
0,-17.277399,14.712813,-17.277155,14.712747,-17.277750,14.712956
0,-17.276556,14.712555,-17.276250,14.712487,-17.276900,14.712663
0,-17.246339,14.736280,-17.244634,14.719342,-17.245981,14.736208
0,-17.240237,14.721679,-17.244634,14.719342,-17.243260,14.719451
0,-17.238988,14.729394,-17.243970,14.736135,-17.245345,14.736146
0,-17.243828,14.736123,-17.238988,14.729394,-17.243612,14.736125
0,-17.266707,14.742102,-17.276250,14.712487,-17.265525,14.741697
0,-17.250750,14.737505,-17.244634,14.719342,-17.249778,14.737231
0,-17.259941,14.740250,-17.250750,14.737505,-17.250635,14.737626
0,-17.259941,14.740250,-17.245846,14.717704,-17.250750,14.737505
0,-17.244634,14.719342,-17.246518,14.736324,-17.247560,14.736579
0,-17.241772,14.736565,-17.242445,14.736352,-17.238988,14.729394
0,-17.243225,14.736186,-17.238988,14.729394,-17.242445,14.736352
0,-17.241294,14.736717,-17.238988,14.729394,-17.239924,14.737275
0,-17.239002,14.737701,-17.238545,14.737580,-17.238940,14.737730
0,-17.240237,14.721679,-17.239672,14.722209,-17.239246,14.724634
0,-17.243612,14.736125,-17.238988,14.729394,-17.243225,14.736186
0,-17.240237,14.721679,-17.243260,14.719451,-17.241207,14.720427
0,-17.243260,14.719451,-17.241938,14.719846,-17.241207,14.720427
0,-17.244634,14.719342,-17.240237,14.721679,-17.239246,14.724634
0,-17.245787,14.712985,-17.245802,14.713450,-17.246714,14.711385
0,-17.245177,14.718532,-17.244634,14.719342,-17.245846,14.717704
0,-17.244634,14.719342,-17.250750,14.737505,-17.245846,14.717704
0,-17.245886,14.716796,-17.245846,14.717704,-17.253991,14.710195
0,-17.245312,14.718331,-17.245177,14.718532,-17.245846,14.717704
0,-17.245630,14.715842,-17.245886,14.716796,-17.246211,14.715023
0,-17.273866,14.711797,-17.273730,14.711794,-17.274129,14.711880
0,-17.245802,14.713450,-17.245906,14.713975,-17.246714,14.711385
0,-17.272910,14.711627,-17.273542,14.711764,-17.273375,14.711723
0,-17.273087,14.711654,-17.273375,14.711723,-17.273176,14.711656
0,-17.272910,14.711627,-17.273375,14.711723,-17.273087,14.711654
0,-17.265525,14.741697,-17.273542,14.711764,-17.272910,14.711627
0,-17.259941,14.740250,-17.272622,14.711572,-17.272204,14.711401
0,-17.259941,14.740250,-17.265525,14.741697,-17.272622,14.711572
0,-17.272423,14.711484,-17.272204,14.711401,-17.272622,14.711572
0,-17.245787,14.712985,-17.246320,14.711700,-17.245760,14.712148
0,-17.245787,14.712985,-17.246714,14.711385,-17.246320,14.711700
0,-17.253746,14.703940,-17.253221,14.704863,-17.254203,14.703939
0,-17.253117,14.709887,-17.252620,14.709711,-17.247980,14.710813
0,-17.248606,14.709926,-17.247980,14.710813,-17.249292,14.709626
0,-17.247980,14.710813,-17.248233,14.710082,-17.247983,14.710187
0,-17.249816,14.709391,-17.249292,14.709626,-17.251721,14.709376
0,-17.250315,14.709135,-17.249816,14.709391,-17.250772,14.709127
0,-17.250576,14.709090,-17.250315,14.709135,-17.250772,14.709127
0,-17.251004,14.709154,-17.249816,14.709391,-17.251721,14.709376
0,-17.250772,14.709127,-17.249816,14.709391,-17.251004,14.709154
0,-17.267645,14.709821,-17.267006,14.709594,-17.266862,14.709549
0,-17.267645,14.709821,-17.266862,14.709549,-17.259941,14.740250
0,-17.266351,14.709357,-17.266192,14.709297,-17.253991,14.710195
0,-17.253991,14.710195,-17.264998,14.708857,-17.264380,14.708623
0,-17.267938,14.709926,-17.267701,14.709827,-17.267645,14.709821
0,-17.267938,14.709926,-17.267645,14.709821,-17.259941,14.740250
0,-17.246211,14.715023,-17.253991,14.710195,-17.253117,14.709887
0,-17.245846,14.717704,-17.259941,14.740250,-17.253991,14.710195
0,-17.269494,14.710459,-17.269172,14.710344,-17.259941,14.740250
0,-17.268518,14.710128,-17.267938,14.709926,-17.259941,14.740250
0,-17.270784,14.710869,-17.270385,14.710726,-17.270056,14.710633
0,-17.272204,14.711401,-17.271942,14.711296,-17.259941,14.740250
0,-17.270784,14.710869,-17.270056,14.710633,-17.259941,14.740250
0,-17.271228,14.711030,-17.271732,14.711212,-17.271586,14.711148
0,-17.271228,14.711030,-17.259941,14.740250,-17.271942,14.711296
0,-17.271732,14.711212,-17.271228,14.711030,-17.271942,14.711296
0,-17.281082,14.710628,-17.281249,14.710677,-17.281125,14.710488
0,-17.281082,14.710628,-17.281146,14.710696,-17.281249,14.710677
0,-17.281433,14.710643,-17.281450,14.710184,-17.281354,14.710210
0,-17.281366,14.710640,-17.281205,14.710351,-17.281125,14.710488
0,-17.270056,14.710633,-17.269880,14.710577,-17.259941,14.740250
0,-17.269880,14.710577,-17.269494,14.710459,-17.259941,14.740250
0,-17.269880,14.710577,-17.269804,14.710553,-17.269494,14.710459
0,-17.259941,14.740250,-17.269172,14.710344,-17.268814,14.710222
0,-17.267938,14.709926,-17.268518,14.710128,-17.268211,14.710012
0,-17.259941,14.740250,-17.268814,14.710222,-17.268518,14.710128
0,-17.260382,14.706873,-17.260955,14.707125,-17.260759,14.707025
0,-17.260201,14.706763,-17.260052,14.706672,-17.254781,14.708122
0,-17.260955,14.707125,-17.260382,14.706873,-17.253991,14.710195
0,-17.253991,14.710195,-17.262478,14.707851,-17.262341,14.707780
0,-17.253991,14.710195,-17.263043,14.708126,-17.262478,14.707851
0,-17.253991,14.710195,-17.263581,14.708328,-17.263043,14.708126
0,-17.253991,14.710195,-17.262341,14.707780,-17.261941,14.707587
0,-17.253991,14.710195,-17.261941,14.707587,-17.261597,14.707429
0,-17.253991,14.710195,-17.261342,14.707310,-17.260955,14.707125
0,-17.253991,14.710195,-17.261597,14.707429,-17.261342,14.707310
0,-17.260382,14.706873,-17.260201,14.706763,-17.254781,14.708122
0,-17.259378,14.706334,-17.254781,14.708122,-17.260052,14.706672
0,-17.258896,14.706095,-17.254781,14.708122,-17.259378,14.706334
0,-17.258200,14.705732,-17.258015,14.705648,-17.254781,14.708122
0,-17.258548,14.705930,-17.254781,14.708122,-17.258896,14.706095
0,-17.257671,14.705512,-17.254781,14.708122,-17.258015,14.705648
0,-17.257463,14.705381,-17.257175,14.705258,-17.257671,14.705512
0,-17.257175,14.705258,-17.256804,14.705083,-17.254781,14.708122
0,-17.256804,14.705083,-17.256250,14.704923,-17.254781,14.708122
0,-17.254134,14.706113,-17.254781,14.708122,-17.256084,14.704899
0,-17.254813,14.704223,-17.254134,14.706113,-17.254988,14.704322
0,-17.254134,14.706113,-17.254813,14.704223,-17.253221,14.704863
0,-17.256519,14.704910,-17.256250,14.704923,-17.256804,14.705083
0,-17.256084,14.704899,-17.254781,14.708122,-17.256250,14.704923
0,-17.255681,14.704738,-17.255462,14.704644,-17.254134,14.706113
0,-17.255855,14.704826,-17.254134,14.706113,-17.256084,14.704899
0,-17.255681,14.704738,-17.254134,14.706113,-17.255855,14.704826
0,-17.255236,14.704474,-17.254134,14.706113,-17.255462,14.704644
0,-17.254134,14.706113,-17.254569,14.707995,-17.254781,14.708122
0,-17.254134,14.706113,-17.253851,14.706571,-17.254569,14.707995
0,-17.254569,14.707995,-17.253851,14.706571,-17.253608,14.707427
0,-17.253851,14.706571,-17.253433,14.707322,-17.253608,14.707427
0,-17.253267,14.705716,-17.253114,14.705048,-17.252827,14.705544
0,-17.253267,14.705716,-17.253221,14.704863,-17.253114,14.705048
0,-17.254134,14.706113,-17.253221,14.704863,-17.253267,14.705716
0,-17.254684,14.704142,-17.254203,14.703939,-17.253221,14.704863
0,-17.254203,14.703939,-17.253988,14.703858,-17.253746,14.703940
