96,13,22,95,48,
0,-16.706866,12.568753,-16.764973,12.605852,-16.764809,12.602056
0,-16.779896,12.747033,-16.787352,12.756474,-16.781282,12.747702
0,-16.788039,12.696744,-16.787052,12.693904,-16.786745,12.699329
0,-16.745712,13.068708,-16.737317,13.074649,-16.744775,13.070504
0,-16.772121,12.840231,-16.773048,12.834463,-16.585800,12.809968
0,-16.740237,12.985065,-16.739310,12.994712,-16.740127,12.989047
0,-16.727659,13.113763,-16.728553,13.115050,-16.729579,13.115332
0,-16.737465,13.043569,-16.738009,13.042277,-16.737785,13.039906
0,-16.770797,12.629610,-16.769739,12.626430,-16.768548,12.623794
0,-16.316543,13.020324,-16.319714,13.011331,-16.316609,13.016961
0,-16.775681,12.637170,-16.778020,12.641053,-16.777768,12.639461
0,-16.546790,12.899557,-16.544403,12.899211,-16.552020,12.901401
0,-16.784233,12.669162,-16.782063,12.711224,-16.783965,12.706602
0,-16.733352,12.559299,-16.765768,12.590932,-16.766304,12.588488
0,-16.766306,12.575804,-16.767647,12.582988,-16.767689,12.579123
0,-16.741783,12.557111,-16.741744,12.557121,-16.766306,12.575804
0,-16.742140,12.557025,-16.742106,12.557034,-16.766306,12.575804
0,-16.777928,12.722302,-16.777184,12.724544,-16.777729,12.723456
0,-16.638291,12.693783,-16.638395,12.698316,-16.778469,12.720604
0,-16.788003,12.750775,-16.787372,12.749423,-16.787244,12.751042
0,-16.784439,12.705243,-16.784233,12.669162,-16.783965,12.706602
0,-16.638291,12.693783,-16.782063,12.711224,-16.774656,12.648634
0,-16.785525,12.702659,-16.786745,12.699329,-16.787052,12.693904
0,-16.777333,12.814978,-16.775875,12.823868,-16.776744,12.819727
0,-16.777807,12.744539,-16.785000,12.785437,-16.779896,12.747033
0,-16.748626,12.938959,-16.754583,12.911192,-16.574840,12.878540
0,-16.759214,12.891501,-16.759684,12.889532,-16.760014,12.887293
0,-16.742369,12.973575,-16.570274,12.890571,-16.741102,12.980227
0,-16.553747,12.902062,-16.552020,12.901401,-16.514422,12.905781
0,-16.737135,13.108005,-16.737273,13.106531,-16.736143,13.104505
0,-16.563071,13.164792,-16.556133,12.902453,-16.554774,12.902394
0,-16.726427,13.110319,-16.737135,13.108005,-16.736143,13.104505
0,-16.735733,13.023311,-16.557823,12.902334,-16.735828,13.027039
0,-16.725969,13.118692,-16.721348,13.120968,-16.724090,13.121830
0,-16.709155,13.151878,-16.700897,13.152809,-16.708038,13.154317
0,-16.721348,13.120968,-16.725592,13.117538,-16.724043,13.116301
0,-16.337214,13.049447,-16.338865,13.049845,-16.334671,13.047987
0,-16.390476,13.136389,-16.403457,13.154788,-16.430164,13.164783
0,-16.342177,12.981310,-16.340386,12.982621,-16.339387,12.983765
0,-16.447914,12.891392,-16.365344,12.918764,-16.356642,12.967818
0,-16.768963,12.852930,-16.769509,12.851977,-16.770183,12.849600
0,-16.467463,12.887471,-16.469053,12.887809,-16.468778,12.878856
0,-16.363989,12.903465,-16.365580,12.884055,-16.360785,12.891963
0,-16.698143,12.573136,-16.765206,12.609648,-16.764973,12.605852
0,-16.518898,12.899540,-16.517695,12.902327,-16.517396,12.903931
0,-16.422357,12.866599,-16.435546,12.877945,-16.436511,12.871298
0,-16.376880,12.865951,-16.380578,12.866551,-16.378621,12.865779
0,-16.424352,12.860146,-16.429055,12.858866,-16.427047,12.858201
0,-16.374521,12.867636,-16.380578,12.866551,-16.376880,12.865951
0,-16.423997,12.862576,-16.423656,12.863720,-16.433657,12.862452
0,-16.766306,12.575804,-16.755115,12.554280,-16.751840,12.554911
0,-16.741924,12.557077,-16.741893,12.557085,-16.766306,12.575804
0,-16.764973,12.605852,-16.706866,12.568753,-16.698143,12.573136
0,-16.770797,12.629610,-16.768548,12.623794,-16.634502,12.673462
0,-16.781374,12.661741,-16.780810,12.660050,-16.779969,12.658225
0,-16.779192,12.655790,-16.778837,12.654300,-16.774656,12.648634
0,-16.768548,12.623794,-16.666148,12.588915,-16.632277,12.664213
0,-16.776647,12.726717,-16.777184,12.724544,-16.638450,12.700725
0,-16.766306,12.575804,-16.766304,12.588488,-16.767384,12.585023
0,-16.741783,12.557111,-16.766306,12.575804,-16.741820,12.557102
0,-16.741333,12.557220,-16.740061,12.557526,-16.766306,12.575804
0,-16.764973,12.595683,-16.722953,12.562391,-16.764849,12.597853
0,-16.766144,12.615540,-16.767490,12.620615,-16.766921,12.618178
0,-16.741843,12.557097,-16.741820,12.557102,-16.766306,12.575804
0,-16.741877,12.557089,-16.741843,12.557097,-16.766306,12.575804
0,-16.766306,12.575804,-16.741893,12.557085,-16.741877,12.557089
0,-16.741694,12.557132,-16.766306,12.575804,-16.741744,12.557121
0,-16.680103,12.581983,-16.767490,12.620615,-16.766144,12.615540
0,-16.630331,12.658032,-16.632011,12.663107,-16.654266,12.595221
0,-16.765206,12.609647,-16.764973,12.605852,-16.765206,12.609648
0,-16.714827,12.565069,-16.764849,12.597853,-16.722953,12.562391
0,-16.766306,12.575804,-16.738393,12.557927,-16.737133,12.558230
0,-16.781282,12.747702,-16.787352,12.756474,-16.781976,12.748104
0,-16.782063,12.711224,-16.781374,12.661741,-16.774656,12.648634
0,-16.632128,12.721704,-16.776755,12.742173,-16.634983,12.717829
0,-16.780506,12.715641,-16.782063,12.711224,-16.638291,12.693783
0,-16.779149,12.719040,-16.780506,12.715641,-16.638291,12.693783
0,-16.777749,12.805349,-16.777878,12.804127,-16.629803,12.724251
0,-16.779059,12.745818,-16.777807,12.744539,-16.779896,12.747033
0,-16.787352,12.756474,-16.789811,12.772185,-16.790955,12.767838
0,-16.783104,12.790805,-16.783647,12.789445,-16.784324,12.787543
0,-16.779979,12.798283,-16.777807,12.744539,-16.777177,12.743255
0,-16.777651,12.811111,-16.777558,12.807655,-16.777333,12.814978
0,-16.629803,12.724251,-16.777558,12.807655,-16.777749,12.805349
0,-16.787372,12.749423,-16.788967,12.750361,-16.787782,12.748878
0,-16.779896,12.747033,-16.787103,12.779931,-16.788252,12.776398
0,-16.784233,12.669162,-16.782214,12.663430,-16.781374,12.661741
0,-16.784439,12.705243,-16.784980,12.703680,-16.787052,12.693904
0,-16.788252,12.776398,-16.787103,12.779931,-16.787916,12.777756
0,-16.785525,12.702659,-16.787052,12.693904,-16.784980,12.703680
0,-16.785525,12.702659,-16.786342,12.700891,-16.786745,12.699329
0,-16.746666,13.066127,-16.747909,13.063633,-16.747483,13.062077
0,-16.788967,12.750361,-16.787372,12.749423,-16.788003,12.750775
0,-16.785951,12.783125,-16.787103,12.779931,-16.779896,12.747033
0,-16.773048,12.834463,-16.773453,12.833037,-16.773855,12.831339
0,-16.773855,12.831339,-16.586187,12.799600,-16.585800,12.809968
0,-16.772121,12.840231,-16.772802,12.838803,-16.772932,12.837650
0,-16.586187,12.799600,-16.777558,12.807655,-16.629803,12.724251
0,-16.772121,12.840231,-16.770984,12.845527,-16.771922,12.841318
0,-16.767203,12.858094,-16.767816,12.856802,-16.768084,12.855715
0,-16.761004,12.880643,-16.761539,12.878131,-16.761932,12.875077
0,-16.768963,12.852930,-16.770183,12.849600,-16.770984,12.845527
0,-16.770787,12.846952,-16.770183,12.849600,-16.770587,12.848038
0,-16.585800,12.809968,-16.773048,12.834463,-16.773855,12.831339
0,-16.580426,12.827386,-16.574575,12.869849,-16.761932,12.875077
0,-16.574575,12.869849,-16.761004,12.880643,-16.761932,12.875077
0,-16.760412,12.884985,-16.760811,12.882813,-16.761004,12.880643
0,-16.574840,12.878540,-16.759214,12.891501,-16.760014,12.887293
0,-16.753948,12.919196,-16.752619,12.926933,-16.753224,12.924421
0,-16.755789,12.905828,-16.756329,12.903927,-16.757131,12.899989
0,-16.754204,12.916347,-16.748626,12.938959,-16.749712,12.936172
0,-16.749712,12.936172,-16.751339,12.931619,-16.752619,12.926933
0,-16.744015,12.961768,-16.745741,12.951452,-16.745926,12.948332
0,-16.746384,12.944601,-16.748626,12.938959,-16.572776,12.885795
0,-16.753689,12.921774,-16.753948,12.919196,-16.753224,12.924421
0,-16.750936,12.933317,-16.751339,12.931619,-16.750254,12.934909
0,-16.749712,12.936172,-16.752619,12.926933,-16.753948,12.919196
0,-16.728946,13.099785,-16.731815,13.100195,-16.730638,13.099317
0,-16.736143,13.104505,-16.735060,13.102668,-16.733134,13.101524
0,-16.726427,13.110319,-16.726993,13.112249,-16.736012,13.112189
0,-16.736765,13.110349,-16.737135,13.108005,-16.726427,13.110319
0,-16.720116,13.120331,-16.724043,13.116301,-16.722768,13.114601
0,-16.730638,13.099317,-16.729555,13.098719,-16.728946,13.099785
0,-16.711089,13.123446,-16.713017,13.122159,-16.722860,13.109267
0,-16.730805,13.086209,-16.729674,13.084137,-16.728239,13.095230
0,-16.559141,12.901796,-16.736162,13.015376,-16.736419,13.012527
0,-16.729882,13.094125,-16.731292,13.093935,-16.733253,13.089519
0,-16.748080,13.064463,-16.747909,13.063633,-16.746666,13.066127
0,-16.790955,12.767838,-16.791076,12.765532,-16.790784,12.763230
0,-16.740529,13.046667,-16.737962,13.045396,-16.741232,13.048289
0,-16.730839,13.077929,-16.736347,13.032052,-16.736059,13.030291
0,-16.737785,13.039906,-16.737705,13.038348,-16.737206,13.036182
0,-16.730839,13.077929,-16.729107,13.082071,-16.730278,13.079496
0,-16.570274,12.890571,-16.745983,12.946502,-16.572776,12.885795
0,-16.740233,12.984436,-16.739068,12.995901,-16.739310,12.994712
0,-16.741709,12.977748,-16.741907,12.976696,-16.741102,12.980227
0,-16.739068,12.995901,-16.740233,12.984436,-16.559141,12.901796
0,-16.737141,13.007099,-16.739068,12.995901,-16.559141,12.901796
0,-16.559141,12.901796,-16.736678,13.010085,-16.737141,13.007099
0,-16.729107,13.082071,-16.701290,13.133626,-16.711089,13.123446
0,-16.544403,12.899211,-16.517396,12.903931,-16.552020,12.901401
0,-16.559141,12.901796,-16.735813,13.020947,-16.735848,13.019921
0,-16.535332,13.165134,-16.551156,13.165491,-16.554774,12.902394
0,-16.487851,12.904857,-16.374596,13.061847,-16.506271,12.905236
0,-16.469053,12.887809,-16.470122,12.888601,-16.475095,12.879887
0,-16.704899,13.132707,-16.710388,13.127591,-16.703680,13.132381
0,-16.736059,13.030291,-16.616218,13.165651,-16.729107,13.082071
0,-16.701290,13.133626,-16.710196,13.124926,-16.711089,13.123446
0,-16.702512,13.132940,-16.703680,13.132381,-16.710196,13.124926
0,-16.708057,13.134494,-16.709227,13.134215,-16.709601,13.133616
0,-16.704923,13.145542,-16.700897,13.152809,-16.705675,13.146134
0,-16.702167,13.155061,-16.708038,13.154317,-16.700897,13.152809
0,-16.701431,13.135243,-16.701009,13.134459,-16.699297,13.153552
0,-16.699155,13.154376,-16.694323,13.159859,-16.699441,13.155712
0,-16.649949,13.173432,-16.659209,13.174176,-16.663707,13.172367
0,-16.705827,13.156112,-16.707233,13.155380,-16.708038,13.154317
0,-16.703288,13.155795,-16.708038,13.154317,-16.702167,13.155061
0,-16.625760,13.165812,-16.701290,13.133626,-16.729107,13.082071
0,-16.354111,12.973590,-16.352608,12.973625,-16.343459,12.979847
0,-16.391395,13.139051,-16.392971,13.142071,-16.390476,13.136389
0,-16.350553,13.053636,-16.357488,13.057035,-16.366427,13.057711
0,-16.334536,12.993689,-16.368540,13.057881,-16.335011,12.992909
0,-16.326356,13.043356,-16.334671,13.047987,-16.318068,13.029746
0,-16.326356,13.043356,-16.330327,13.046138,-16.334671,13.047987
0,-16.437068,13.165332,-16.459800,13.165502,-16.387511,13.124264
0,-16.554774,12.902394,-16.551156,13.165491,-16.563071,13.164792
0,-16.366427,13.057711,-16.368540,13.057881,-16.334536,12.993689
0,-16.334923,12.991951,-16.338497,12.984538,-16.336702,12.985026
0,-16.321059,13.009434,-16.318068,13.029746,-16.334671,13.047987
0,-16.394264,13.145743,-16.398731,13.150953,-16.392971,13.142071
0,-16.330797,12.997795,-16.333405,12.994319,-16.331176,12.996373
0,-16.334536,12.993689,-16.333405,12.994319,-16.330797,12.997795
0,-16.350101,12.936056,-16.352296,12.931163,-16.350360,12.932800
0,-16.374596,13.061847,-16.479552,12.904861,-16.476460,12.904690
0,-16.444411,12.890107,-16.443011,12.889594,-16.365344,12.918764
0,-16.350595,12.959333,-16.353297,12.962980,-16.355257,12.963955
0,-16.351800,12.962138,-16.353297,12.962980,-16.351102,12.961030
0,-16.458643,12.896373,-16.447914,12.891392,-16.356642,12.967818
0,-16.364593,12.904339,-16.393979,12.875744,-16.367383,12.881813
0,-16.321059,13.009434,-16.319714,13.011331,-16.318068,13.029746
0,-16.359009,12.924962,-16.358346,12.925002,-16.356417,12.926142
0,-16.358141,12.900756,-16.358606,12.901405,-16.358392,12.899435
0,-16.380578,12.866551,-16.374521,12.867636,-16.382738,12.867638
0,-16.359178,12.896982,-16.358392,12.899435,-16.362871,12.902766
0,-16.382738,12.867638,-16.374521,12.867636,-16.367916,12.879758
0,-16.363315,12.886056,-16.361911,12.888225,-16.365580,12.884055
0,-16.367916,12.879758,-16.374521,12.867636,-16.369850,12.871177
0,-16.317145,13.013830,-16.316609,13.016961,-16.319714,13.011331
0,-16.366409,12.873907,-16.366303,12.874740,-16.366624,12.876166
0,-16.392176,12.873521,-16.382738,12.867638,-16.367916,12.879758
0,-16.634943,12.608895,-16.626477,12.650315,-16.626970,12.651303
0,-16.469191,12.892264,-16.474943,12.897788,-16.476697,12.896017
0,-16.422357,12.866599,-16.436511,12.871298,-16.436153,12.869779
0,-16.391815,12.872186,-16.387167,12.868644,-16.392176,12.873521
0,-16.540118,12.896688,-16.517396,12.903931,-16.541188,12.897433
0,-16.571733,13.164923,-16.583542,13.165287,-16.557823,12.902334
0,-16.735848,13.019921,-16.736040,13.017750,-16.736162,13.015376
0,-16.517396,12.903931,-16.544403,12.899211,-16.543099,12.898463
0,-16.541188,12.897433,-16.517396,12.903931,-16.543099,12.898463
0,-16.755113,12.907867,-16.574840,12.878540,-16.754583,12.911192
0,-16.561992,12.898292,-16.561044,12.899292,-16.559852,12.901116
0,-16.480807,12.888991,-16.481175,12.885414,-16.480346,12.884120
0,-16.460952,12.882719,-16.461178,12.883455,-16.462662,12.880717
0,-16.468778,12.878856,-16.469053,12.887809,-16.471265,12.878607
0,-16.470122,12.888601,-16.480807,12.888991,-16.479833,12.883428
0,-16.465624,12.879968,-16.467463,12.887471,-16.468778,12.878856
0,-16.470106,12.890024,-16.469191,12.892264,-16.476697,12.896017
0,-16.666148,12.588915,-16.768548,12.623794,-16.680099,12.581985
0,-16.781339,12.795291,-16.777807,12.744539,-16.779979,12.798283
0,-16.770797,12.629610,-16.634502,12.673462,-16.774656,12.648634
0,-16.774656,12.648634,-16.634502,12.673462,-16.634797,12.674690
0,-16.630331,12.658032,-16.649119,12.598727,-16.640710,12.604453
0,-16.626970,12.651303,-16.630331,12.658032,-16.640710,12.604453
0,-16.423997,12.862576,-16.429991,12.859060,-16.429055,12.858866
0,-16.634943,12.608895,-16.626970,12.651303,-16.640710,12.604453
0,-16.584163,12.818049,-16.580426,12.827386,-16.762659,12.870327
0,-16.610155,12.732677,-16.603059,12.734070,-16.595052,12.741564
0,-16.595052,12.741564,-16.591803,12.746888,-16.612783,12.732430
0,-16.596390,12.739282,-16.595347,12.740327,-16.595052,12.741564
0,-16.618893,12.636120,-16.621547,12.620611,-16.613824,12.627928
0,-16.610155,12.732677,-16.595052,12.741564,-16.612783,12.732430
0,-16.612783,12.732430,-16.591803,12.746888,-16.590746,12.749467
0,-16.398582,12.870928,-16.398423,12.872534,-16.402763,12.866108
0,-16.758746,12.893809,-16.757601,12.898020,-16.758347,12.896049
0,-16.434343,12.863975,-16.422786,12.865869,-16.435259,12.865913
0,-16.776504,12.646384,-16.775681,12.637170,-16.774656,12.648634
0,-16.775681,12.637170,-16.774845,12.636091,-16.774656,12.648634
0,-16.774845,12.636091,-16.773454,12.634541,-16.774656,12.648634
0,-16.775681,12.637170,-16.776504,12.646384,-16.778020,12.641053
0,-16.774656,12.648634,-16.776371,12.647131,-16.776504,12.646384
0,-16.776504,12.646384,-16.778323,12.644847,-16.778213,12.643467
0,-16.778020,12.641053,-16.776504,12.646384,-16.778213,12.643467
0,-16.784553,12.667177,-16.784169,12.666603,-16.784128,12.668242
0,-16.783611,12.665793,-16.782214,12.663430,-16.784128,12.668242
0,-16.782214,12.663430,-16.784233,12.669162,-16.784128,12.668242
0,-16.784439,12.705243,-16.787052,12.693904,-16.784233,12.669162
0,-16.783611,12.665793,-16.784128,12.668242,-16.784169,12.666603
0,-16.784233,12.669162,-16.781374,12.661741,-16.782063,12.711224
0,-16.774656,12.648634,-16.779969,12.658225,-16.779192,12.655790
0,-16.774656,12.648634,-16.781374,12.661741,-16.779969,12.658225
0,-16.778837,12.654300,-16.777121,12.650821,-16.774656,12.648634
0,-16.778620,12.652946,-16.777121,12.650821,-16.778837,12.654300
0,-16.778129,12.651797,-16.777121,12.650821,-16.778620,12.652946
0,-16.765768,12.590932,-16.733352,12.559299,-16.728283,12.560753
0,-16.773454,12.634541,-16.771776,12.631501,-16.774656,12.648634
0,-16.771776,12.631501,-16.770797,12.629610,-16.774656,12.648634
0,-16.767490,12.620615,-16.680099,12.581985,-16.768548,12.623794
0,-16.711675,12.566528,-16.706866,12.568753,-16.764809,12.602056
0,-16.728283,12.560753,-16.764973,12.595683,-16.765370,12.593172
0,-16.722965,12.562387,-16.722953,12.562391,-16.764973,12.595683
0,-16.711675,12.566528,-16.764809,12.602056,-16.764792,12.599548
0,-16.714827,12.565069,-16.764792,12.599548,-16.764849,12.597853
0,-16.757980,12.553726,-16.766306,12.575804,-16.770454,12.551320
0,-16.757976,12.553728,-16.755115,12.554280,-16.766306,12.575804
0,-16.735517,12.558678,-16.766306,12.575804,-16.736444,12.558412
0,-16.766914,12.576823,-16.766306,12.575804,-16.767689,12.579123
0,-16.767981,12.581426,-16.767689,12.579123,-16.767647,12.582988
0,-16.767647,12.582988,-16.766306,12.575804,-16.767384,12.585023
0,-16.741988,12.557062,-16.766306,12.575804,-16.742028,12.557052
0,-16.757978,12.553727,-16.757976,12.553728,-16.757980,12.553726
0,-16.757980,12.553726,-16.757976,12.553728,-16.766306,12.575804
0,-16.766306,12.575804,-16.751840,12.554911,-16.747221,12.555802
0,-16.766306,12.575804,-16.747221,12.555802,-16.744752,12.556396
0,-16.766306,12.575804,-16.744752,12.556396,-16.744749,12.556397
0,-16.766306,12.575804,-16.744749,12.556397,-16.742214,12.557008
0,-16.742206,12.557009,-16.742196,12.557012,-16.766306,12.575804
0,-16.766306,12.575804,-16.742185,12.557015,-16.742165,12.557019
0,-16.766306,12.575804,-16.742196,12.557012,-16.742185,12.557015
0,-16.766306,12.575804,-16.742207,12.557009,-16.742206,12.557009
0,-16.766306,12.575804,-16.742214,12.557008,-16.742207,12.557009
0,-16.742207,12.557009,-16.742206,12.557009,-16.742207,12.557009
0,-16.742165,12.557019,-16.742140,12.557025,-16.766306,12.575804
0,-16.766306,12.575804,-16.742106,12.557034,-16.742086,12.557038
0,-16.766306,12.575804,-16.742086,12.557038,-16.742040,12.557049
0,-16.766306,12.575804,-16.742040,12.557049,-16.742028,12.557052
0,-16.741694,12.557132,-16.741640,12.557146,-16.766306,12.575804
0,-16.766306,12.575804,-16.741988,12.557062,-16.741966,12.557067
0,-16.766306,12.575804,-16.741966,12.557067,-16.741945,12.557072
0,-16.741945,12.557072,-16.741924,12.557077,-16.766306,12.575804
0,-16.724439,12.561901,-16.726343,12.561309,-16.725465,12.561563
0,-16.764973,12.595683,-16.726343,12.561309,-16.724439,12.561901
0,-16.764973,12.595683,-16.724439,12.561901,-16.723818,12.562106
0,-16.764973,12.595683,-16.723818,12.562106,-16.723170,12.562320
0,-16.764973,12.595683,-16.723170,12.562320,-16.723047,12.562360
0,-16.698143,12.573136,-16.696924,12.573751,-16.765206,12.609648
0,-16.696924,12.573751,-16.765857,12.613914,-16.765206,12.609648
0,-16.722966,12.562387,-16.723047,12.562360,-16.722966,12.562387
0,-16.764973,12.595683,-16.722966,12.562387,-16.722965,12.562387
0,-16.764973,12.595683,-16.723047,12.562360,-16.722966,12.562387
0,-16.711675,12.566528,-16.764792,12.599548,-16.714827,12.565069
0,-16.764973,12.595683,-16.728283,12.560753,-16.726343,12.561309
0,-16.765370,12.593172,-16.765768,12.590932,-16.728283,12.560753
0,-16.735517,12.558678,-16.766304,12.588488,-16.766306,12.575804
0,-16.734445,12.558986,-16.766304,12.588488,-16.735517,12.558678
0,-16.733352,12.559299,-16.766304,12.588488,-16.734445,12.558986
0,-16.741640,12.557146,-16.741585,12.557159,-16.766306,12.575804
0,-16.741585,12.557159,-16.741333,12.557220,-16.766306,12.575804
0,-16.766306,12.575804,-16.739804,12.557588,-16.738393,12.557927
0,-16.766306,12.575804,-16.740061,12.557526,-16.739804,12.557588
0,-16.766306,12.575804,-16.737133,12.558230,-16.736444,12.558412
0,-16.737133,12.558230,-16.736797,12.558311,-16.736444,12.558412
0,-16.779762,12.717816,-16.780506,12.715641,-16.779149,12.719040
0,-16.779149,12.719040,-16.638291,12.693783,-16.778469,12.720604
0,-16.785000,12.785437,-16.777807,12.744539,-16.784324,12.787543
0,-16.779979,12.798283,-16.777177,12.743255,-16.777878,12.804127
0,-16.776066,12.732551,-16.637371,12.712312,-16.776081,12.734653
0,-16.634983,12.717829,-16.776402,12.741091,-16.776258,12.740278
0,-16.778469,12.720604,-16.638395,12.698316,-16.638450,12.700725
0,-16.638450,12.700725,-16.777184,12.724544,-16.777928,12.722302
0,-16.777928,12.722302,-16.778469,12.720604,-16.638450,12.700725
0,-16.776985,12.725698,-16.777184,12.724544,-16.776647,12.726717
0,-16.776066,12.732551,-16.776054,12.730789,-16.637371,12.712312
0,-16.632128,12.721704,-16.629803,12.724251,-16.777878,12.804127
0,-16.776044,12.729365,-16.637886,12.709633,-16.637371,12.712312
0,-16.776647,12.726717,-16.638450,12.700725,-16.776311,12.728008
0,-16.776311,12.728008,-16.637886,12.709633,-16.776044,12.729365
0,-16.776381,12.738108,-16.776081,12.734653,-16.776320,12.739261
0,-16.776320,12.739261,-16.776081,12.734653,-16.776258,12.740278
0,-16.777878,12.804127,-16.777177,12.743255,-16.632128,12.721704
0,-16.776081,12.734653,-16.636324,12.715364,-16.776258,12.740278
0,-16.776374,12.737159,-16.776081,12.734653,-16.776381,12.738108
0,-16.586341,12.795479,-16.622579,12.728768,-16.586710,12.786991
0,-16.776744,12.819727,-16.775875,12.823868,-16.776211,12.822510
0,-16.774867,12.827807,-16.775542,12.825633,-16.775875,12.823868
0,-16.771922,12.841318,-16.770984,12.845527,-16.771391,12.844440
0,-16.777558,12.807655,-16.774867,12.827807,-16.775875,12.823868
0,-16.777558,12.807655,-16.773855,12.831339,-16.774867,12.827807
0,-16.772922,12.836159,-16.773048,12.834463,-16.772121,12.840231
0,-16.774867,12.827807,-16.773855,12.831339,-16.774328,12.829844
0,-16.586341,12.795479,-16.629803,12.724251,-16.622579,12.728768
0,-16.772932,12.837650,-16.772922,12.836159,-16.772121,12.840231
0,-16.777558,12.807655,-16.775875,12.823868,-16.777333,12.814978
0,-16.777333,12.814978,-16.776744,12.819727,-16.777210,12.817148
0,-16.776211,12.822510,-16.776549,12.821423,-16.776744,12.819727
0,-16.777749,12.805349,-16.777558,12.807655,-16.777756,12.806365
0,-16.777779,12.809619,-16.777558,12.807655,-16.777651,12.811111
0,-16.777651,12.811111,-16.777333,12.814978,-16.777595,12.813010
0,-16.778354,12.803040,-16.778899,12.801883,-16.779979,12.798283
0,-16.779979,12.798283,-16.779443,12.800659,-16.779781,12.799573
0,-16.779979,12.798283,-16.778899,12.801883,-16.779443,12.800659
0,-16.777878,12.804127,-16.778354,12.803040,-16.779979,12.798283
0,-16.780592,12.797127,-16.781339,12.795291,-16.779979,12.798283
0,-16.782020,12.793863,-16.782631,12.792367,-16.783104,12.790805
0,-16.777807,12.744539,-16.783104,12.790805,-16.784324,12.787543
0,-16.781339,12.795291,-16.783104,12.790805,-16.777807,12.744539
0,-16.781339,12.795291,-16.782020,12.793863,-16.783104,12.790805
0,-16.790354,12.770825,-16.790758,12.769399,-16.790955,12.767838
0,-16.790398,12.747572,-16.789700,12.746628,-16.788669,12.747245
0,-16.785293,12.748488,-16.787244,12.751042,-16.787372,12.749423
0,-16.783081,12.748164,-16.787352,12.756474,-16.787244,12.751042
0,-16.785951,12.783125,-16.779896,12.747033,-16.785000,12.785437
0,-16.783081,12.748164,-16.787244,12.751042,-16.785293,12.748488
0,-16.781976,12.748104,-16.787352,12.756474,-16.783081,12.748164
0,-16.782880,12.709524,-16.783424,12.708232,-16.783965,12.706602
0,-16.781252,12.713670,-16.782063,12.711224,-16.780506,12.715641
0,-16.782880,12.709524,-16.783965,12.706602,-16.782063,12.711224
0,-16.788039,12.696744,-16.787608,12.694375,-16.787052,12.693904
0,-16.787772,12.698034,-16.788039,12.696744,-16.786745,12.699329
0,-16.784462,12.748087,-16.783081,12.748164,-16.785293,12.748488
0,-16.790955,12.767838,-16.790784,12.763230,-16.787352,12.756474
0,-16.788537,12.748127,-16.790398,12.747572,-16.788669,12.747245
0,-16.788967,12.750361,-16.790199,12.748862,-16.788537,12.748127
0,-16.788236,12.695387,-16.787608,12.694375,-16.788039,12.696744
0,-16.789700,12.746628,-16.788109,12.746232,-16.788669,12.747245
0,-16.788967,12.750361,-16.788537,12.748127,-16.787782,12.748878
0,-16.790199,12.748862,-16.790398,12.747572,-16.788537,12.748127
0,-16.788654,12.774633,-16.789811,12.772185,-16.787352,12.756474
0,-16.787352,12.756474,-16.790784,12.763230,-16.789441,12.758832
0,-16.790784,12.763230,-16.790281,12.760454,-16.789441,12.758832
0,-16.787352,12.756474,-16.789441,12.758832,-16.788534,12.757550
0,-16.779896,12.747033,-16.788654,12.774633,-16.787352,12.756474
0,-16.789811,12.772185,-16.790354,12.770825,-16.790955,12.767838
0,-16.779896,12.747033,-16.788252,12.776398,-16.788654,12.774633
0,-16.788654,12.774633,-16.789406,12.773475,-16.789811,12.772185
0,-16.771922,12.841318,-16.771391,12.844440,-16.771862,12.842742
0,-16.770984,12.845527,-16.770183,12.849600,-16.770787,12.846952
0,-16.768084,12.855715,-16.768627,12.854220,-16.768963,12.852930
0,-16.767203,12.858094,-16.768084,12.855715,-16.768963,12.852930
0,-16.766864,12.859113,-16.765851,12.862374,-16.766665,12.860267
0,-16.767203,12.858094,-16.764286,12.865842,-16.766864,12.859113
0,-16.766864,12.859113,-16.764286,12.865842,-16.765851,12.862374
0,-16.770984,12.845527,-16.772121,12.840231,-16.585800,12.809968
0,-16.768963,12.852930,-16.770984,12.845527,-16.585800,12.809968
0,-16.585800,12.809968,-16.584163,12.818049,-16.764286,12.865842
0,-16.764286,12.865842,-16.584163,12.818049,-16.763743,12.867269
0,-16.763743,12.867269,-16.584163,12.818049,-16.763133,12.868968
0,-16.580426,12.827386,-16.761932,12.875077,-16.762659,12.870327
0,-16.762659,12.870327,-16.761932,12.875077,-16.762463,12.871955
0,-16.762463,12.871955,-16.761932,12.875077,-16.762265,12.873313
0,-16.577579,12.834541,-16.574575,12.869849,-16.580426,12.827386
0,-16.759214,12.891501,-16.757601,12.898020,-16.758746,12.893809
0,-16.757131,12.899989,-16.756329,12.903927,-16.756868,12.901957
0,-16.574575,12.869849,-16.760412,12.884985,-16.761004,12.880643
0,-16.760412,12.884985,-16.574575,12.869849,-16.760014,12.887293
0,-16.751924,12.929767,-16.752285,12.928494,-16.752619,12.926933
0,-16.746666,13.066127,-16.747483,13.062077,-16.746784,13.060997
0,-16.751924,12.929767,-16.752619,12.926933,-16.751339,12.931619
0,-16.751745,12.930396,-16.751924,12.929767,-16.751339,12.931619
0,-16.750254,12.934909,-16.751339,12.931619,-16.749712,12.936172
0,-16.745741,12.951452,-16.745936,12.949756,-16.745926,12.948332
0,-16.744015,12.961768,-16.745926,12.948332,-16.745983,12.946502
0,-16.748626,12.938959,-16.574840,12.878540,-16.572776,12.885795
0,-16.747560,12.941866,-16.748626,12.938959,-16.746384,12.944601
0,-16.747405,12.942289,-16.747560,12.941866,-16.746384,12.944601
0,-16.754204,12.916347,-16.754583,12.911192,-16.748626,12.938959
0,-16.752619,12.926933,-16.753092,12.925371,-16.753224,12.924421
0,-16.753948,12.919196,-16.754204,12.916347,-16.749712,12.936172
0,-16.754462,12.913701,-16.754583,12.911192,-16.754204,12.916347
0,-16.759214,12.891501,-16.574840,12.878540,-16.757601,12.898020
0,-16.757601,12.898020,-16.574840,12.878540,-16.757131,12.899989
0,-16.755113,12.907867,-16.755789,12.905828,-16.757131,12.899989
0,-16.574840,12.878540,-16.755113,12.907867,-16.757131,12.899989
0,-16.754583,12.911192,-16.754849,12.909699,-16.755113,12.907867
0,-16.745757,12.953825,-16.745744,12.951998,-16.745224,12.956608
0,-16.745744,12.951998,-16.745741,12.951452,-16.745224,12.956608
0,-16.745224,12.956608,-16.745741,12.951452,-16.744015,12.961768
0,-16.744825,12.958983,-16.745224,12.956608,-16.744489,12.960273
0,-16.742369,12.973575,-16.743225,12.967468,-16.570274,12.890571
0,-16.743620,12.964618,-16.744015,12.961768,-16.570274,12.890571
0,-16.570274,12.890571,-16.744015,12.961768,-16.745983,12.946502
0,-16.744489,12.960273,-16.745224,12.956608,-16.744015,12.961768
0,-16.741658,13.049846,-16.737962,13.045396,-16.742851,13.052414
0,-16.737317,13.074649,-16.739149,13.074420,-16.744775,13.070504
0,-16.745712,13.068708,-16.746666,13.066127,-16.745114,13.059517
0,-16.745114,13.059517,-16.746666,13.066127,-16.746784,13.060997
0,-16.735159,13.074700,-16.745114,13.059517,-16.743630,13.054985
0,-16.744775,13.070504,-16.739149,13.074420,-16.743839,13.072436
0,-16.745114,13.059517,-16.744827,13.058027,-16.743630,13.054985
0,-16.745712,13.068708,-16.745114,13.059517,-16.737317,13.074649
0,-16.743630,13.054985,-16.744827,13.058027,-16.744610,13.056740
0,-16.743839,13.072436,-16.740699,13.074375,-16.743275,13.073543
0,-16.740529,13.046667,-16.739829,13.045451,-16.737962,13.045396
0,-16.737962,13.045396,-16.733650,13.075162,-16.742851,13.052414
0,-16.741872,13.074555,-16.743275,13.073543,-16.740699,13.074375
0,-16.739203,13.044981,-16.737962,13.045396,-16.739829,13.045451
0,-16.740699,13.074375,-16.743839,13.072436,-16.739149,13.074420
0,-16.737141,13.007099,-16.738346,13.001329,-16.739068,12.995901
0,-16.739068,12.995901,-16.738346,13.001329,-16.738881,12.998749
0,-16.737465,13.043569,-16.736850,13.034760,-16.737403,13.044586
0,-16.740127,12.989047,-16.739310,12.994712,-16.739871,12.991963
0,-16.740237,12.985065,-16.740233,12.984436,-16.739310,12.994712
0,-16.559852,12.901116,-16.565781,12.894705,-16.564029,12.896293
0,-16.740249,12.986741,-16.740237,12.985065,-16.740127,12.989047
0,-16.742966,12.969978,-16.743225,12.967468,-16.742369,12.973575
0,-16.742369,12.973575,-16.741102,12.980227,-16.741907,12.976696
0,-16.741709,12.977748,-16.741102,12.980227,-16.741574,12.978461
0,-16.570274,12.890571,-16.740634,12.982399,-16.741102,12.980227
0,-16.570274,12.890571,-16.740233,12.984436,-16.740634,12.982399
0,-16.732308,13.115233,-16.735167,13.114029,-16.736012,13.112189
0,-16.731815,13.100195,-16.728946,13.099785,-16.733134,13.101524
0,-16.727659,13.113763,-16.732308,13.115233,-16.726993,13.112249
0,-16.720116,13.120331,-16.722768,13.114601,-16.721729,13.113751
0,-16.724043,13.116301,-16.720116,13.120331,-16.721348,13.120968
0,-16.721729,13.113751,-16.718523,13.120651,-16.720116,13.120331
0,-16.721729,13.113751,-16.716435,13.121202,-16.718523,13.120651
0,-16.733902,13.115095,-16.735167,13.114029,-16.732308,13.115233
0,-16.732308,13.115233,-16.727659,13.113763,-16.729579,13.115332
0,-16.725592,13.117538,-16.721348,13.120968,-16.725969,13.118692
0,-16.725923,13.120075,-16.725969,13.118692,-16.724090,13.121830
0,-16.721729,13.113751,-16.715263,13.121511,-16.716435,13.121202
0,-16.721729,13.113751,-16.713017,13.122159,-16.715263,13.121511
0,-16.725923,13.120075,-16.724090,13.121830,-16.725648,13.121677
0,-16.713017,13.122159,-16.711089,13.123446,-16.712357,13.122715
0,-16.726642,13.096289,-16.729107,13.082071,-16.711089,13.123446
0,-16.710537,13.130347,-16.710719,13.128646,-16.710388,13.127591
0,-16.709155,13.151878,-16.709482,13.149761,-16.707229,13.146684
0,-16.704899,13.132707,-16.710537,13.130347,-16.710388,13.127591
0,-16.703680,13.132381,-16.710203,13.125983,-16.710196,13.124926
0,-16.703680,13.132381,-16.710388,13.127591,-16.710203,13.125983
0,-16.709482,13.149761,-16.707979,13.147095,-16.707229,13.146684
0,-16.709155,13.151878,-16.707229,13.146684,-16.705675,13.146134
0,-16.709482,13.149761,-16.709244,13.148659,-16.707979,13.147095
0,-16.703288,13.155795,-16.705827,13.156112,-16.708038,13.154317
0,-16.699906,13.156305,-16.699441,13.155712,-16.695639,13.160826
0,-16.709155,13.151878,-16.705675,13.146134,-16.700897,13.152809
0,-16.700897,13.152809,-16.704923,13.145542,-16.704168,13.144390
0,-16.700897,13.152809,-16.704168,13.144390,-16.703321,13.143239
0,-16.701431,13.135243,-16.703415,13.142091,-16.703690,13.140615
0,-16.703830,13.139602,-16.701431,13.135243,-16.703690,13.140615
0,-16.701431,13.135243,-16.703830,13.139602,-16.703268,13.136849
0,-16.703268,13.136849,-16.703927,13.138779,-16.703928,13.137631
0,-16.703268,13.136849,-16.703830,13.139602,-16.703927,13.138779
0,-16.710400,13.131776,-16.704899,13.132707,-16.709601,13.133616
0,-16.704899,13.132707,-16.708057,13.134494,-16.709601,13.133616
0,-16.704899,13.132707,-16.707210,13.134635,-16.708057,13.134494
0,-16.707210,13.134635,-16.704899,13.132707,-16.706314,13.134497
0,-16.710400,13.131776,-16.710537,13.130347,-16.704899,13.132707
0,-16.726993,13.112249,-16.732308,13.115233,-16.736012,13.112189
0,-16.726642,13.096289,-16.722860,13.109267,-16.726740,13.097120
0,-16.713017,13.122159,-16.721729,13.113751,-16.722860,13.109267
0,-16.722860,13.109267,-16.727540,13.098037,-16.726740,13.097120
0,-16.724877,13.108991,-16.726427,13.110319,-16.733134,13.101524
0,-16.722860,13.109267,-16.726642,13.096289,-16.711089,13.123446
0,-16.722860,13.109267,-16.724877,13.108991,-16.727540,13.098037
0,-16.733917,13.090897,-16.733253,13.089519,-16.732551,13.093339
0,-16.733253,13.089519,-16.732079,13.087863,-16.729882,13.094125
0,-16.729674,13.084137,-16.726642,13.096289,-16.728239,13.095230
0,-16.732551,13.093339,-16.733253,13.089519,-16.731292,13.093935
0,-16.730805,13.086209,-16.728239,13.095230,-16.729882,13.094125
0,-16.724877,13.108991,-16.728946,13.099785,-16.727540,13.098037
0,-16.724877,13.108991,-16.733134,13.101524,-16.728946,13.099785
0,-16.726427,13.110319,-16.736143,13.104505,-16.733134,13.101524
0,-16.736012,13.112189,-16.736765,13.110349,-16.726427,13.110319
0,-16.737033,13.105240,-16.736143,13.104505,-16.737273,13.106531
0,-16.733346,13.092788,-16.733917,13.090897,-16.732551,13.093339
0,-16.733346,13.092788,-16.733817,13.092461,-16.733917,13.090897
0,-16.732079,13.087863,-16.730805,13.086209,-16.729882,13.094125
0,-16.736347,13.032052,-16.737403,13.044586,-16.736564,13.033339
0,-16.735159,13.074700,-16.737317,13.074649,-16.745114,13.059517
0,-16.741232,13.048289,-16.737962,13.045396,-16.741658,13.049846
0,-16.737403,13.044586,-16.736347,13.032052,-16.730839,13.077929
0,-16.737206,13.036182,-16.737705,13.038348,-16.737559,13.037196
0,-16.737465,13.043569,-16.737785,13.039906,-16.737206,13.036182
0,-16.737403,13.044586,-16.736850,13.034760,-16.736564,13.033339
0,-16.737465,13.043569,-16.737206,13.036182,-16.736850,13.034760
0,-16.559141,12.901796,-16.736419,13.012527,-16.736678,13.010085
0,-16.736059,13.030291,-16.735828,13.027039,-16.616218,13.165651
0,-16.559141,12.901796,-16.735848,13.019921,-16.736162,13.015376
0,-16.735733,13.023311,-16.735813,13.020947,-16.559141,12.901796
0,-16.729107,13.082071,-16.730839,13.077929,-16.736059,13.030291
0,-16.735828,13.027039,-16.736059,13.030291,-16.735978,13.028665
0,-16.735733,13.023311,-16.735828,13.027039,-16.735816,13.025276
0,-16.616218,13.165651,-16.625760,13.165812,-16.729107,13.082071
0,-16.729107,13.082071,-16.726642,13.096289,-16.729674,13.084137
0,-16.742851,13.052414,-16.733650,13.075162,-16.743630,13.054985
0,-16.743630,13.054985,-16.733650,13.075162,-16.735159,13.074700
0,-16.737962,13.045396,-16.737403,13.044586,-16.733650,13.075162
0,-16.737403,13.044586,-16.732203,13.076455,-16.733650,13.075162
0,-16.737403,13.044586,-16.730839,13.077929,-16.732203,13.076455
0,-16.701290,13.133626,-16.702512,13.132940,-16.710196,13.124926
0,-16.512266,12.905758,-16.507097,13.165428,-16.514422,12.905781
0,-16.699297,13.153552,-16.703321,13.143239,-16.701431,13.135243
0,-16.625760,13.165812,-16.671583,13.167780,-16.701009,13.134459
0,-16.699297,13.153552,-16.700004,13.153041,-16.703321,13.143239
0,-16.506271,12.905236,-16.512266,12.905758,-16.509504,12.905362
0,-16.374596,13.061847,-16.501673,13.165519,-16.512266,12.905758
0,-16.500796,12.904397,-16.506271,12.905236,-16.503887,12.904705
0,-16.374596,13.061847,-16.512266,12.905758,-16.506271,12.905236
0,-16.493105,12.904593,-16.506271,12.905236,-16.496153,12.904532
0,-16.487851,12.904857,-16.506271,12.905236,-16.493105,12.904593
0,-16.481899,12.904655,-16.480855,12.904747,-16.484710,12.904824
0,-16.480855,12.904747,-16.479552,12.904861,-16.484710,12.904824
0,-16.479552,12.904861,-16.374596,13.061847,-16.484710,12.904824
0,-16.363848,13.058186,-16.366427,13.057711,-16.357488,13.057035
0,-16.430164,13.164783,-16.387511,13.124264,-16.390476,13.136389
0,-16.484710,12.904824,-16.374596,13.061847,-16.487851,12.904857
0,-16.394264,13.145743,-16.395503,13.148033,-16.398731,13.150953
0,-16.390476,13.136389,-16.392971,13.142071,-16.403457,13.154788
0,-16.430164,13.164783,-16.403457,13.154788,-16.406350,13.157384
0,-16.392971,13.142071,-16.401288,13.152964,-16.403457,13.154788
0,-16.392971,13.142071,-16.398731,13.150953,-16.401288,13.152964
0,-16.691981,13.160000,-16.699297,13.153552,-16.690849,13.160414
0,-16.430164,13.164783,-16.406350,13.157384,-16.407918,13.158985
0,-16.696631,13.161651,-16.700707,13.157366,-16.695639,13.160826
0,-16.699155,13.154376,-16.693529,13.159854,-16.694323,13.159859
0,-16.699155,13.154376,-16.691981,13.160000,-16.693529,13.159854
0,-16.699441,13.155712,-16.694323,13.159859,-16.695639,13.160826
0,-16.701416,13.158510,-16.700707,13.157366,-16.696631,13.161651
0,-16.689726,13.160783,-16.699297,13.153552,-16.701009,13.134459
0,-16.689726,13.160783,-16.690849,13.160414,-16.699297,13.153552
0,-16.699297,13.153552,-16.691981,13.160000,-16.699155,13.154376
0,-16.701431,13.135243,-16.703321,13.143239,-16.703415,13.142091
0,-16.700004,13.153041,-16.700897,13.152809,-16.703321,13.143239
0,-16.705827,13.156112,-16.703288,13.155795,-16.704887,13.156299
0,-16.700707,13.157366,-16.699906,13.156305,-16.695639,13.160826
0,-16.700393,13.162747,-16.702172,13.159842,-16.701416,13.158510
0,-16.696631,13.161651,-16.698272,13.162706,-16.701416,13.158510
0,-16.702173,13.161270,-16.702172,13.159842,-16.700393,13.162747
0,-16.689726,13.160783,-16.684142,13.168378,-16.690125,13.162608
0,-16.690351,13.163638,-16.688650,13.167914,-16.689823,13.166858
0,-16.690125,13.162608,-16.684142,13.168378,-16.690351,13.163638
0,-16.702173,13.161270,-16.700393,13.162747,-16.701984,13.162058
0,-16.689823,13.166858,-16.690497,13.164306,-16.690351,13.163638
0,-16.701416,13.158510,-16.698272,13.162706,-16.700393,13.162747
0,-16.689823,13.166858,-16.690710,13.165280,-16.690497,13.164306
0,-16.690860,13.165969,-16.690710,13.165280,-16.689823,13.166858
0,-16.690351,13.163638,-16.684142,13.168378,-16.688650,13.167914
0,-16.689726,13.160783,-16.679495,13.167693,-16.684142,13.168378
0,-16.689726,13.160783,-16.701009,13.134459,-16.671583,13.167780
0,-16.689726,13.160783,-16.671583,13.167780,-16.679495,13.167693
0,-16.701009,13.134459,-16.701290,13.133626,-16.625760,13.165812
0,-16.583542,13.165287,-16.595125,13.170316,-16.602834,13.169789
0,-16.649949,13.173432,-16.671583,13.167780,-16.643499,13.172440
0,-16.671583,13.167780,-16.649949,13.173432,-16.663707,13.172367
0,-16.643499,13.172440,-16.671583,13.167780,-16.641961,13.172086
0,-16.641961,13.172086,-16.671583,13.167780,-16.625760,13.165812
0,-16.637925,13.171156,-16.641961,13.172086,-16.625760,13.165812
0,-16.735733,13.023311,-16.559141,12.901796,-16.557823,12.902334
0,-16.637925,13.171156,-16.625760,13.165812,-16.630590,13.169194
0,-16.583542,13.165287,-16.586422,13.168073,-16.595125,13.170316
0,-16.611019,13.167442,-16.583542,13.165287,-16.602834,13.169789
0,-16.467454,13.164989,-16.381750,13.085675,-16.459800,13.165502
0,-16.616218,13.165651,-16.583542,13.165287,-16.611019,13.167442
0,-16.507097,13.165428,-16.512266,12.905758,-16.501673,13.165519
0,-16.501673,13.165519,-16.381685,13.085240,-16.489856,13.165718
0,-16.387511,13.124264,-16.459800,13.165502,-16.381750,13.085675
0,-16.469967,13.165071,-16.381750,13.085675,-16.467454,13.164989
0,-16.430164,13.164783,-16.437068,13.165332,-16.387511,13.124264
0,-16.735828,13.027039,-16.583542,13.165287,-16.616218,13.165651
0,-16.507097,13.165428,-16.535332,13.165134,-16.514422,12.905781
0,-16.489856,13.165718,-16.381685,13.085240,-16.469967,13.165071
0,-16.563071,13.164792,-16.564730,13.164694,-16.556133,12.902453
0,-16.571733,13.164923,-16.557823,12.902334,-16.564730,13.164694
0,-16.409811,13.160900,-16.430164,13.164783,-16.407918,13.158985
0,-16.413531,13.164505,-16.409811,13.160900,-16.411337,13.163052
0,-16.413531,13.164505,-16.430164,13.164783,-16.409811,13.160900
0,-16.354661,13.056137,-16.357488,13.057035,-16.350553,13.053636
0,-16.334134,12.990934,-16.334923,12.991951,-16.335196,12.985983
0,-16.342883,12.980709,-16.335011,12.992909,-16.354111,12.973590
0,-16.339387,12.983765,-16.338497,12.984538,-16.335011,12.992909
0,-16.334374,12.986818,-16.334134,12.990934,-16.335196,12.985983
0,-16.335011,12.992909,-16.338497,12.984538,-16.334923,12.991951
0,-16.347439,13.052323,-16.334536,12.993689,-16.329841,13.000123
0,-16.343806,13.050869,-16.334671,13.047987,-16.340187,13.050164
0,-16.330797,12.997795,-16.330508,12.998980,-16.334536,12.993689
0,-16.350553,13.053636,-16.366427,13.057711,-16.334536,12.993689
0,-16.381750,13.085675,-16.469967,13.165071,-16.381685,13.085240
0,-16.501673,13.165519,-16.374596,13.061847,-16.381685,13.085240
0,-16.355150,12.973088,-16.354111,12.973590,-16.335011,12.992909
0,-16.390476,13.136389,-16.388409,13.131347,-16.389329,13.134144
0,-16.390476,13.136389,-16.387815,13.127436,-16.388409,13.131347
0,-16.387815,13.127436,-16.390476,13.136389,-16.387511,13.124264
0,-16.355150,12.973088,-16.368540,13.057881,-16.374596,13.061847
0,-16.360786,13.058066,-16.363848,13.058186,-16.357488,13.057035
0,-16.374596,13.061847,-16.368540,13.057881,-16.371993,13.060340
0,-16.355150,12.973088,-16.335011,12.992909,-16.368540,13.057881
0,-16.318068,13.029746,-16.322272,13.039270,-16.326356,13.043356
0,-16.333390,12.989735,-16.334134,12.990934,-16.334374,12.986818
0,-16.338865,13.049845,-16.340187,13.050164,-16.334671,13.047987
0,-16.323283,13.041211,-16.326356,13.043356,-16.322272,13.039270
0,-16.318068,13.029746,-16.318365,13.031769,-16.322272,13.039270
0,-16.316543,13.020324,-16.318068,13.029746,-16.319714,13.011331
0,-16.316543,13.020324,-16.316374,13.023173,-16.318068,13.029746
0,-16.329841,13.000123,-16.343806,13.050869,-16.347439,13.052323
0,-16.334671,13.047987,-16.329841,13.000123,-16.321059,13.009434
0,-16.334671,13.047987,-16.343806,13.050869,-16.329841,13.000123
0,-16.329841,13.000123,-16.334536,12.993689,-16.330508,12.998980
0,-16.347439,13.052323,-16.350553,13.053636,-16.334536,12.993689
0,-16.331176,12.996373,-16.333405,12.994319,-16.332174,12.995003
0,-16.331176,12.996373,-16.332174,12.995003,-16.331614,12.995458
0,-16.333444,12.987764,-16.333255,12.988633,-16.334374,12.986818
0,-16.333255,12.988633,-16.333390,12.989735,-16.334374,12.986818
0,-16.342883,12.980709,-16.342177,12.981310,-16.335011,12.992909
0,-16.336702,12.985026,-16.335196,12.985983,-16.334923,12.991951
0,-16.350311,12.973285,-16.346971,12.974504,-16.352608,12.973625
0,-16.347014,12.954994,-16.347942,12.956101,-16.346699,12.953015
0,-16.335011,12.992909,-16.342177,12.981310,-16.339387,12.983765
0,-16.344505,12.977148,-16.352608,12.973625,-16.346971,12.974504
0,-16.342177,12.981310,-16.341138,12.981848,-16.340386,12.982621
0,-16.343656,12.978653,-16.343459,12.979847,-16.344505,12.977148
0,-16.347942,12.956101,-16.349209,12.956980,-16.346699,12.953015
0,-16.343459,12.979847,-16.352608,12.973625,-16.344505,12.977148
0,-16.342883,12.980709,-16.354111,12.973590,-16.343459,12.979847
0,-16.476460,12.904690,-16.356289,12.970668,-16.374596,13.061847
0,-16.458071,12.895997,-16.457014,12.895301,-16.447914,12.891392
0,-16.346971,12.974504,-16.350311,12.973285,-16.348570,12.973502
0,-16.356289,12.970668,-16.476460,12.904690,-16.475481,12.904220
0,-16.355150,12.973088,-16.374596,13.061847,-16.356289,12.970668
0,-16.355257,12.963955,-16.356094,12.965244,-16.359009,12.924962
0,-16.349906,12.957998,-16.350595,12.959333,-16.355257,12.963955
0,-16.359009,12.924962,-16.350528,12.941749,-16.355257,12.963955
0,-16.351102,12.961030,-16.353297,12.962980,-16.350595,12.959333
0,-16.350528,12.941749,-16.348905,12.946603,-16.355257,12.963955
0,-16.350976,12.939369,-16.350528,12.941749,-16.359009,12.924962
0,-16.357177,12.925315,-16.356417,12.926142,-16.358346,12.925002
0,-16.365344,12.918764,-16.356094,12.965244,-16.356642,12.967818
0,-16.360334,12.922858,-16.359715,12.924145,-16.361609,12.921586
0,-16.359009,12.924962,-16.356094,12.965244,-16.359715,12.924145
0,-16.393979,12.875744,-16.366356,12.914961,-16.435929,12.885661
0,-16.361609,12.921586,-16.359715,12.924145,-16.363923,12.920127
0,-16.447914,12.891392,-16.444411,12.890107,-16.365344,12.918764
0,-16.364593,12.904339,-16.365425,12.906504,-16.393979,12.875744
0,-16.363923,12.920127,-16.356094,12.965244,-16.365344,12.918764
0,-16.359715,12.924145,-16.356094,12.965244,-16.363923,12.920127
0,-16.356417,12.926142,-16.354990,12.928283,-16.359009,12.924962
0,-16.354990,12.928283,-16.353901,12.929699,-16.359009,12.924962
0,-16.353901,12.929699,-16.350980,12.938312,-16.350976,12.939369
0,-16.352296,12.931163,-16.350980,12.938312,-16.353901,12.929699
0,-16.350360,12.932800,-16.349735,12.934720,-16.350101,12.936056
0,-16.348905,12.946603,-16.349906,12.957998,-16.355257,12.963955
0,-16.349209,12.956980,-16.348905,12.946603,-16.346699,12.953015
0,-16.349209,12.956980,-16.349906,12.957998,-16.348905,12.946603
0,-16.353901,12.929699,-16.350976,12.939369,-16.359009,12.924962
0,-16.350980,12.938312,-16.352296,12.931163,-16.350101,12.936056
0,-16.350360,12.932800,-16.349839,12.933616,-16.349735,12.934720
0,-16.359586,12.902015,-16.358392,12.899435,-16.358606,12.901405
0,-16.367383,12.881813,-16.365580,12.884055,-16.364593,12.904339
0,-16.362871,12.902766,-16.358392,12.899435,-16.359586,12.902015
0,-16.365344,12.918764,-16.443011,12.889594,-16.439787,12.888504
0,-16.436671,12.886357,-16.435929,12.885661,-16.366356,12.914961
0,-16.436671,12.886357,-16.366356,12.914961,-16.366101,12.917304
0,-16.363989,12.903465,-16.360785,12.891963,-16.362871,12.902766
0,-16.360785,12.891963,-16.359178,12.896982,-16.362871,12.902766
0,-16.360785,12.891963,-16.365580,12.884055,-16.361911,12.888225
0,-16.363989,12.903465,-16.364593,12.904339,-16.365580,12.884055
0,-16.421134,12.866999,-16.435440,12.883223,-16.435546,12.877945
0,-16.398037,12.873539,-16.393979,12.875744,-16.435929,12.885661
0,-16.367916,12.879758,-16.367383,12.881813,-16.393979,12.875744
0,-16.367593,12.878051,-16.369850,12.871177,-16.366624,12.876166
0,-16.413380,12.864297,-16.421134,12.866999,-16.417503,12.864663
0,-16.422786,12.865869,-16.434343,12.863975,-16.423656,12.863720
0,-16.365344,12.918764,-16.439787,12.888504,-16.366101,12.917304
0,-16.439787,12.888504,-16.438021,12.887245,-16.366101,12.917304
0,-16.438021,12.887245,-16.436671,12.886357,-16.366101,12.917304
0,-16.461178,12.883455,-16.464049,12.886654,-16.464121,12.880274
0,-16.462554,12.886133,-16.463207,12.886508,-16.464049,12.886654
0,-16.461178,12.883455,-16.462554,12.886133,-16.464049,12.886654
0,-16.462662,12.880717,-16.460584,12.882119,-16.460952,12.882719
0,-16.468778,12.878856,-16.471265,12.878607,-16.469765,12.878590
0,-16.434343,12.863975,-16.433657,12.862452,-16.423656,12.863720
0,-16.470106,12.890024,-16.480365,12.890823,-16.470122,12.888601
0,-16.464049,12.886654,-16.465624,12.879968,-16.464121,12.880274
0,-16.464049,12.886654,-16.467463,12.887471,-16.465624,12.879968
0,-16.461178,12.883455,-16.464121,12.880274,-16.462662,12.880717
0,-16.474133,12.898927,-16.464728,12.897311,-16.472929,12.901760
0,-16.451234,12.892300,-16.457014,12.895301,-16.455479,12.894136
0,-16.451234,12.892300,-16.455479,12.894136,-16.453011,12.892639
0,-16.447914,12.891392,-16.457014,12.895301,-16.451234,12.892300
0,-16.356642,12.967818,-16.475481,12.904220,-16.460972,12.897639
0,-16.462889,12.898210,-16.473109,12.902497,-16.472929,12.901760
0,-16.458643,12.896373,-16.458071,12.895997,-16.447914,12.891392
0,-16.472929,12.901760,-16.464728,12.897311,-16.462889,12.898210
0,-16.473850,12.903240,-16.473109,12.902497,-16.462889,12.898210
0,-16.356642,12.967818,-16.460972,12.897639,-16.458643,12.896373
0,-16.356642,12.967818,-16.356289,12.970668,-16.475481,12.904220
0,-16.496153,12.904532,-16.506271,12.905236,-16.497444,12.904428
0,-16.460972,12.897639,-16.475481,12.904220,-16.473850,12.903240
0,-16.474133,12.898927,-16.469191,12.892264,-16.464728,12.897311
0,-16.460972,12.897639,-16.473850,12.903240,-16.462889,12.898210
0,-16.474029,12.899844,-16.474133,12.898927,-16.472929,12.901760
0,-16.514422,12.905781,-16.552020,12.901401,-16.517396,12.903931
0,-16.500796,12.904397,-16.503887,12.904705,-16.501546,12.904405
0,-16.501546,12.904405,-16.503887,12.904705,-16.502951,12.904421
0,-16.500796,12.904397,-16.497444,12.904428,-16.506271,12.905236
0,-16.499156,12.904289,-16.497444,12.904428,-16.500796,12.904397
0,-16.554774,12.902394,-16.514422,12.905781,-16.535332,13.165134
0,-16.553747,12.902062,-16.514422,12.905781,-16.554774,12.902394
0,-16.557823,12.902334,-16.583542,13.165287,-16.735828,13.027039
0,-16.557072,12.902419,-16.564730,13.164694,-16.557823,12.902334
0,-16.556133,12.902453,-16.564730,13.164694,-16.557072,12.902419
0,-16.740233,12.984436,-16.559852,12.901116,-16.559141,12.901796
0,-16.740233,12.984436,-16.570274,12.890571,-16.559852,12.901116
0,-16.548708,12.899852,-16.552020,12.901401,-16.550390,12.900421
0,-16.546790,12.899557,-16.552020,12.901401,-16.548708,12.899852
0,-16.518326,12.900406,-16.517695,12.902327,-16.518898,12.899540
0,-16.518898,12.899540,-16.517396,12.903931,-16.540118,12.896688
0,-16.518898,12.899540,-16.540118,12.896688,-16.521752,12.895852
0,-16.559852,12.901116,-16.564029,12.896293,-16.561992,12.898292
0,-16.564029,12.896293,-16.562751,12.897474,-16.561992,12.898292
0,-16.560282,12.900341,-16.559852,12.901116,-16.561044,12.899292
0,-16.572776,12.885795,-16.745983,12.946502,-16.746384,12.944601
0,-16.570274,12.890571,-16.743225,12.967468,-16.743620,12.964618
0,-16.565781,12.894705,-16.559852,12.901116,-16.570274,12.890571
0,-16.564788,12.895568,-16.564029,12.896293,-16.565781,12.894705
0,-16.521752,12.895852,-16.540118,12.896688,-16.523222,12.894446
0,-16.479833,12.883428,-16.480807,12.888991,-16.480346,12.884120
0,-16.470122,12.888601,-16.479833,12.883428,-16.479283,12.882686
0,-16.480365,12.890823,-16.480807,12.888991,-16.470122,12.888601
0,-16.479451,12.892925,-16.480365,12.890823,-16.470106,12.890024
0,-16.478265,12.894152,-16.479451,12.892925,-16.470106,12.890024
0,-16.474943,12.897788,-16.469191,12.892264,-16.474133,12.898927
0,-16.475095,12.879887,-16.479283,12.882686,-16.477291,12.880552
0,-16.476697,12.896017,-16.478265,12.894152,-16.470106,12.890024
0,-16.469053,12.887809,-16.475095,12.879887,-16.471265,12.878607
0,-16.470122,12.888601,-16.479283,12.882686,-16.475095,12.879887
0,-16.589144,12.754412,-16.587407,12.762972,-16.612783,12.732430
0,-16.586187,12.799600,-16.629803,12.724251,-16.586341,12.795479
0,-16.622579,12.728768,-16.618289,12.730789,-16.587283,12.776840
0,-16.612783,12.732430,-16.587407,12.762972,-16.587648,12.771119
0,-16.599761,12.735459,-16.597250,12.737729,-16.596390,12.739282
0,-16.603059,12.734070,-16.596390,12.739282,-16.595052,12.741564
0,-16.603059,12.734070,-16.599761,12.735459,-16.596390,12.739282
0,-16.591803,12.746888,-16.595052,12.741564,-16.592527,12.745122
0,-16.612783,12.732430,-16.590746,12.749467,-16.589144,12.754412
0,-16.589144,12.754412,-16.588218,12.757586,-16.587407,12.762972
0,-16.622579,12.728768,-16.587283,12.776840,-16.586710,12.786991
0,-16.618289,12.730789,-16.587648,12.771119,-16.587283,12.776840
0,-16.612783,12.732430,-16.587648,12.771119,-16.618289,12.730789
0,-16.776054,12.730789,-16.776044,12.729365,-16.637371,12.712312
0,-16.776081,12.734653,-16.637371,12.712312,-16.636324,12.715364
0,-16.776258,12.740278,-16.636324,12.715364,-16.634983,12.717829
0,-16.776402,12.741091,-16.634983,12.717829,-16.776755,12.742173
0,-16.776755,12.742173,-16.632128,12.721704,-16.777177,12.743255
0,-16.629120,12.614029,-16.626477,12.650315,-16.634943,12.608895
0,-16.637886,12.709633,-16.776311,12.728008,-16.638450,12.700725
0,-16.632011,12.663107,-16.632277,12.664213,-16.666148,12.588915
0,-16.632011,12.663107,-16.666148,12.588915,-16.654266,12.595221
0,-16.649119,12.598727,-16.630331,12.658032,-16.654266,12.595221
0,-16.696924,12.573751,-16.691510,12.576401,-16.765857,12.613914
0,-16.696924,12.573749,-16.696924,12.573751,-16.698143,12.573136
0,-16.691510,12.576401,-16.766144,12.615540,-16.765857,12.613914
0,-16.680103,12.581983,-16.766144,12.615540,-16.691510,12.576401
0,-16.680099,12.581985,-16.767490,12.620615,-16.680103,12.581983
0,-16.774656,12.648634,-16.634797,12.674690,-16.635991,12.679652
0,-16.637781,12.690294,-16.638291,12.693783,-16.774656,12.648634
0,-16.636588,12.682137,-16.637781,12.690294,-16.774656,12.648634
0,-16.635991,12.679652,-16.636588,12.682137,-16.774656,12.648634
0,-16.634502,12.673462,-16.768548,12.623794,-16.632277,12.664213
0,-16.624085,12.645967,-16.626477,12.650315,-16.629120,12.614029
0,-16.622156,12.642269,-16.629120,12.614029,-16.621547,12.620611
0,-16.622156,12.642269,-16.624085,12.645967,-16.629120,12.614029
0,-16.622156,12.642269,-16.621547,12.620611,-16.618893,12.636120
0,-16.773855,12.831339,-16.777558,12.807655,-16.586187,12.799600
0,-16.767203,12.858094,-16.768963,12.852930,-16.585800,12.809968
0,-16.767203,12.858094,-16.585800,12.809968,-16.764286,12.865842
0,-16.763133,12.868968,-16.584163,12.818049,-16.762659,12.870327
0,-16.574387,12.840047,-16.571487,12.847879,-16.571996,12.862206
0,-16.424352,12.860146,-16.427047,12.858201,-16.425212,12.858778
0,-16.571487,12.847879,-16.570265,12.855179,-16.571996,12.862206
0,-16.571687,12.846687,-16.571487,12.847879,-16.574387,12.840047
0,-16.577579,12.834541,-16.574387,12.840047,-16.571996,12.862206
0,-16.436153,12.869779,-16.435259,12.865913,-16.422786,12.865869
0,-16.760014,12.887293,-16.574575,12.869849,-16.574840,12.878540
0,-16.577579,12.834541,-16.571996,12.862206,-16.574575,12.869849
0,-16.422357,12.866599,-16.436153,12.869779,-16.422786,12.865869
0,-16.433657,12.862452,-16.431390,12.859764,-16.423997,12.862576
0,-16.431390,12.859764,-16.429991,12.859060,-16.423997,12.862576
0,-16.398582,12.870928,-16.402763,12.866108,-16.399357,12.868733
0,-16.421134,12.866999,-16.409526,12.865080,-16.398037,12.873539
0,-16.413380,12.864297,-16.409526,12.865080,-16.421134,12.866999
0,-16.398037,12.873539,-16.435440,12.883223,-16.421134,12.866999
0,-16.435440,12.883223,-16.398037,12.873539,-16.435929,12.885661
0,-16.367916,12.879758,-16.393979,12.875744,-16.392176,12.873521
0,-16.365425,12.906504,-16.366356,12.914961,-16.393979,12.875744
0,-16.387167,12.868644,-16.382738,12.867638,-16.392176,12.873521
0,-16.367593,12.878051,-16.367916,12.879758,-16.369850,12.871177
0,-16.366624,12.876166,-16.369850,12.871177,-16.366409,12.873907
0,-16.401709,12.866384,-16.399357,12.868733,-16.402763,12.866108
0,-16.379977,12.865971,-16.378621,12.865779,-16.380578,12.866551
0,-16.421134,12.866999,-16.435546,12.877945,-16.422357,12.866599
0,-16.401709,12.866384,-16.399743,12.867774,-16.399357,12.868733
0,-16.400412,12.866725,-16.399743,12.867774,-16.401709,12.866384
0,-16.424352,12.860146,-16.423997,12.862576,-16.429055,12.858866
0,-16.424352,12.860146,-16.423771,12.861839,-16.423997,12.862576
0,-16.409526,12.865080,-16.398423,12.872534,-16.398037,12.873539
0,-16.405583,12.865542,-16.398423,12.872534,-16.409526,12.865080
0,-16.402763,12.866108,-16.398423,12.872534,-16.405583,12.865542
