24,10,15,68,91,
0,-16.108757,14.818026,-16.108081,14.817748,-16.115138,14.825488
0,-16.116834,14.830461,-16.107465,14.817494,-16.117113,14.832333
0,-16.107465,14.817494,-16.117173,14.832913,-16.117113,14.832333
0,-16.109902,14.818496,-16.115138,14.825488,-16.115019,14.824831
0,-16.079404,14.881576,-16.083267,14.880039,-16.083866,14.879616
0,-16.098547,14.890192,-16.083964,14.887330,-16.099964,14.903058
0,-15.892040,14.985060,-15.902637,14.983526,-15.842311,14.796546
0,-16.116834,14.830461,-16.115207,14.825611,-16.115138,14.825488
0,-16.114064,14.821789,-16.114776,14.823494,-16.114641,14.822750
0,-15.796236,14.961907,-15.798921,14.963489,-15.771547,14.930584
0,-16.079881,14.881483,-16.080194,14.881422,-16.083034,14.880203
0,-16.108081,14.817748,-16.107676,14.817581,-16.115138,14.825488
0,-16.086802,14.877539,-16.087393,14.804241,-16.072966,14.882833
0,-16.090498,14.919943,-16.090964,14.919461,-16.080547,14.886659
0,-15.785068,14.956820,-15.781462,14.952104,-15.782950,14.954694
0,-15.892040,14.985060,-15.838076,14.987226,-15.840146,14.992565
0,-15.789246,14.960114,-15.792979,14.961060,-15.785068,14.956820
0,-15.796236,14.961907,-15.771547,14.930584,-15.772048,14.932969
0,-15.760298,14.911866,-15.767755,14.924902,-15.842311,14.796546
0,-15.842311,14.796546,-15.813933,14.970757,-15.825444,14.975651
0,-16.017926,14.751525,-16.066658,14.884064,-16.087393,14.804241
0,-15.970627,14.735868,-15.918774,14.744058,-15.918109,14.745257
0,-15.970627,14.735868,-15.965842,14.730631,-15.963814,14.729970
0,-15.715548,14.816317,-15.739297,14.798386,-15.733224,14.798966
0,-15.959145,14.728561,-15.960412,14.729018,-15.959936,14.728820
0,-15.833879,14.794930,-15.806105,14.787778,-15.776535,14.799395
0,-16.114776,14.823494,-16.114064,14.821789,-16.114816,14.823717
0,-16.115739,14.826562,-16.115515,14.826162,-16.116570,14.828985
0,-16.107465,14.817494,-16.098133,14.808304,-16.092126,14.806754
0,-16.110441,14.818718,-16.114816,14.823717,-16.113827,14.821428
0,-16.087324,14.797044,-16.092582,14.792072,-16.095374,14.786507
0,-16.070982,14.883220,-16.071403,14.883138,-16.087393,14.804241
0,-16.018179,14.749363,-16.018624,14.745551,-16.013386,14.744349
0,-16.096749,14.775261,-16.086585,14.758495,-16.087324,14.797044
0,-16.096749,14.775261,-16.087324,14.797044,-16.095374,14.786507
0,-16.072708,14.882883,-16.072966,14.882833,-16.087393,14.804241
0,-16.017926,14.751525,-16.085643,14.798270,-16.057749,14.753591
0,-16.087393,14.804241,-16.070519,14.883310,-16.070982,14.883220
0,-16.089401,14.795528,-16.090596,14.794638,-16.091431,14.793560
0,-16.086642,14.801518,-16.085643,14.798270,-16.017926,14.751525
0,-16.098133,14.808304,-16.105726,14.810582,-16.104072,14.808495
0,-16.104072,14.808495,-16.105726,14.810582,-16.105509,14.809720
0,-16.116834,14.830461,-16.117113,14.832333,-16.117037,14.831593
0,-16.095065,14.876461,-16.106181,14.871571,-16.107461,14.870579
0,-16.118444,14.845225,-16.108213,14.869995,-16.108418,14.869836
0,-16.096320,14.876214,-16.096913,14.876098,-16.101568,14.874359
0,-16.095065,14.876461,-16.102600,14.873806,-16.106181,14.871571
0,-16.096320,14.876214,-16.101568,14.874359,-16.101734,14.874270
0,-16.086802,14.877539,-16.117887,14.839834,-16.117785,14.838839
0,-16.117373,14.834854,-16.117173,14.832913,-16.107465,14.817494
0,-16.115138,14.825488,-16.107676,14.817581,-16.107465,14.817494
0,-16.110294,14.868382,-16.110554,14.868181,-16.118767,14.848355
0,-16.119049,14.851083,-16.111987,14.867070,-16.112742,14.866484
0,-16.119247,14.853005,-16.114220,14.865339,-16.119179,14.856244
0,-16.100056,14.875169,-16.100686,14.874831,-16.098079,14.875869
0,-16.099915,14.875244,-16.100056,14.875169,-16.098079,14.875869
0,-16.090818,14.877294,-16.091295,14.877201,-16.086804,14.877539
0,-16.093829,14.876703,-16.118287,14.843707,-16.118240,14.843252
0,-16.118112,14.842011,-16.092965,14.876873,-16.118240,14.843252
0,-16.098843,14.906216,-16.098879,14.906190,-16.098903,14.906152
0,-16.098469,14.907047,-16.097161,14.910295,-16.098329,14.907821
0,-16.098672,14.906918,-16.098692,14.906984,-16.098717,14.906940
0,-16.098692,14.906984,-16.098717,14.906964,-16.098717,14.906940
0,-16.092477,14.917894,-16.080547,14.886659,-16.090964,14.919461
0,-16.089076,14.921416,-16.085696,14.936866,-16.086206,14.935838
0,-16.085696,14.936866,-16.063128,14.969763,-16.085673,14.947055
0,-16.077951,14.881860,-16.084537,14.879141,-16.085506,14.878456
0,-16.076682,14.882107,-16.085506,14.878456,-16.085733,14.878296
0,-16.082640,14.880482,-16.083034,14.880203,-16.080194,14.881422
0,-16.080720,14.881319,-16.082640,14.880482,-16.080194,14.881422
0,-16.077951,14.881860,-16.085506,14.878456,-16.077561,14.881936
0,-16.080720,14.881319,-16.081121,14.881241,-16.082283,14.880734
0,-16.082283,14.880734,-16.082640,14.880482,-16.080720,14.881319
0,-16.086802,14.877539,-16.092415,14.876981,-16.118112,14.842011
0,-16.087393,14.804241,-16.086642,14.801518,-16.017926,14.751525
0,-16.079404,14.881576,-16.083866,14.879616,-16.078895,14.881675
0,-16.083034,14.880203,-16.083267,14.880039,-16.079881,14.881483
0,-16.083866,14.879616,-16.084359,14.879267,-16.078895,14.881675
0,-16.070275,14.883358,-16.070519,14.883310,-16.087393,14.804241
0,-15.997304,14.955314,-15.997312,14.955314,-15.997314,14.955314
0,-15.805754,14.966798,-15.771547,14.930584,-15.798921,14.963489
0,-15.813933,14.970757,-15.771547,14.930584,-15.805754,14.966798
0,-16.063128,14.969763,-16.085696,14.936866,-16.028803,14.969203
0,-15.994299,14.960232,-15.969729,14.977570,-15.986665,14.972414
0,-15.944513,14.974837,-15.902637,14.983526,-15.936309,14.985135
0,-15.994645,14.959569,-15.969729,14.977570,-15.994423,14.959937
0,-15.944513,14.974837,-15.936309,14.985135,-15.944476,14.974948
0,-15.936217,14.985206,-15.936309,14.985135,-15.902637,14.983526
0,-15.826290,14.976010,-15.842311,14.796546,-15.825444,14.975651
0,-15.769910,14.928230,-15.842311,14.796546,-15.767755,14.924902
0,-15.796236,14.961907,-15.781462,14.952104,-15.792979,14.961060
0,-15.796236,14.961907,-15.772048,14.932969,-15.772737,14.935778
0,-15.760298,14.911866,-15.761698,14.915014,-15.763330,14.917936
0,-15.763330,14.917936,-15.767755,14.924902,-15.760298,14.911866
0,-15.662830,14.930471,-15.700347,14.920840,-15.655449,14.920596
0,-15.690096,14.857478,-15.690319,14.862215,-15.736862,14.898205
0,-15.675131,14.885901,-15.706575,14.913164,-15.687554,14.881466
0,-15.774726,14.800160,-15.745662,14.898403,-15.775348,14.800122
0,-15.739297,14.798386,-15.715185,14.817617,-15.740755,14.798345
0,-15.649779,14.915114,-15.675131,14.885901,-15.662120,14.883191
0,-15.649779,14.915114,-15.662120,14.883191,-15.643545,14.910183
0,-15.690096,14.857478,-15.715185,14.817617,-15.689067,14.835618
0,-15.782109,14.793824,-15.806105,14.787778,-15.784628,14.791365
0,-15.715185,14.817617,-15.750916,14.799434,-15.749261,14.799150
0,-15.761632,14.800159,-15.760694,14.800153,-15.762720,14.800209
0,-15.838076,14.987226,-15.892040,14.985060,-15.826290,14.976010
0,-15.918084,14.745301,-15.905034,14.759904,-15.903645,14.774325
0,-16.066658,14.884064,-15.904548,14.778905,-15.997304,14.955314
0,-16.086585,14.758495,-16.086494,14.757157,-16.071749,14.753837
0,-16.017720,14.743573,-16.018624,14.745551,-16.018917,14.743981
0,-16.017926,14.751525,-15.988612,14.744153,-16.066658,14.884064
0,-15.903645,14.774325,-15.905034,14.759904,-15.903461,14.764466
0,-15.933552,14.723145,-15.946497,14.722018,-15.945745,14.721694
0,-15.904548,14.778905,-15.901299,14.780697,-15.997304,14.955314
0,-15.933552,14.723145,-15.927803,14.730652,-15.947284,14.722417
0,-15.944315,14.721155,-15.936662,14.721385,-15.935272,14.722049
0,-15.941003,14.719702,-15.942135,14.719923,-15.942054,14.719878
0,-15.942054,14.719878,-15.941908,14.719795,-15.941484,14.719686
0,-15.933256,14.723334,-15.932227,14.723989,-15.927803,14.730652
0,-15.948939,14.723250,-15.927803,14.730652,-15.950244,14.723906
0,-15.809312,14.787662,-15.806105,14.787778,-15.813002,14.787952
0,-15.922309,14.738520,-15.920737,14.740253,-15.918774,14.744058
0,-15.925460,14.734584,-15.927803,14.730652,-15.926186,14.732709
0,-15.953783,14.725862,-15.927803,14.730652,-15.925460,14.734584
0,-15.932227,14.723989,-15.931298,14.724652,-15.927803,14.730652
0,-16.117684,14.837863,-16.117515,14.836233,-16.107465,14.817494
0,-16.117785,14.838839,-16.107465,14.817494,-16.086802,14.877539
0,-16.109220,14.818216,-16.108757,14.818026,-16.115138,14.825488
0,-16.115001,14.824737,-16.110441,14.818718,-16.109902,14.818496
0,-16.098863,14.786156,-16.099565,14.785577,-16.099255,14.783183
0,-16.109902,14.818496,-16.109220,14.818216,-16.115138,14.825488
0,-16.112599,14.819605,-16.112746,14.819785,-16.112622,14.819615
0,-16.112746,14.819785,-16.112227,14.819453,-16.113103,14.820328
0,-16.112622,14.819615,-16.112746,14.819785,-16.112639,14.819622
0,-16.112746,14.819785,-16.112599,14.819605,-16.112227,14.819453
0,-16.113364,14.820724,-16.111598,14.819194,-16.111143,14.819007
0,-16.113103,14.820328,-16.112227,14.819453,-16.111598,14.819194
0,-16.115019,14.824831,-16.115001,14.824737,-16.109902,14.818496
0,-16.114816,14.823717,-16.114064,14.821789,-16.113827,14.821428
0,-16.107465,14.817494,-16.107009,14.815682,-16.098133,14.808304
0,-16.098133,14.808304,-16.106340,14.813021,-16.105726,14.810582
0,-16.105210,14.808531,-16.104072,14.808495,-16.105509,14.809720
0,-16.106340,14.813021,-16.098133,14.808304,-16.107009,14.815682
0,-16.098683,14.786463,-16.098863,14.786156,-16.096503,14.786191
0,-16.096503,14.786191,-16.098381,14.787058,-16.098683,14.786463
0,-16.095374,14.786507,-16.096503,14.786191,-16.098532,14.779869
0,-16.096503,14.786191,-16.098863,14.786156,-16.099255,14.783183
0,-16.071749,14.753837,-16.085643,14.798270,-16.087324,14.797044
0,-16.087324,14.797044,-16.086585,14.758495,-16.071749,14.753837
0,-16.095374,14.786507,-16.098532,14.779869,-16.096749,14.775261
0,-16.083735,14.749657,-16.086491,14.757113,-16.086213,14.748793
0,-16.083735,14.749657,-16.071749,14.753837,-16.086491,14.757113
0,-16.071749,14.753837,-16.086494,14.757157,-16.086491,14.757113
0,-16.066305,14.753742,-16.085643,14.798270,-16.071749,14.753837
0,-16.017720,14.743573,-16.016441,14.743346,-16.018624,14.745551
0,-16.016441,14.743346,-16.013386,14.744349,-16.018624,14.745551
0,-16.015788,14.743230,-16.013386,14.744349,-16.016441,14.743346
0,-16.013386,14.744349,-16.009847,14.745422,-16.018179,14.749363
0,-16.057749,14.753591,-16.085643,14.798270,-16.066305,14.753742
0,-16.092582,14.792072,-16.089401,14.795528,-16.091431,14.793560
0,-16.096749,14.775261,-16.089521,14.760198,-16.086585,14.758495
0,-16.092582,14.792072,-16.087324,14.797044,-16.089401,14.795528
0,-16.086802,14.877539,-16.092126,14.806754,-16.087393,14.804241
0,-16.107465,14.817494,-16.092126,14.806754,-16.086802,14.877539
0,-16.069883,14.883434,-16.087393,14.804241,-16.069594,14.883491
0,-16.092582,14.792072,-16.093267,14.791187,-16.095374,14.786507
0,-16.093267,14.791187,-16.095550,14.787200,-16.095374,14.786507
0,-16.093267,14.791187,-16.095340,14.789283,-16.095550,14.787200
0,-16.092219,14.760144,-16.089521,14.760198,-16.096749,14.775261
0,-16.098532,14.779869,-16.096503,14.786191,-16.099255,14.783183
0,-16.095340,14.789283,-16.096267,14.788153,-16.095550,14.787200
0,-16.116049,14.827114,-16.115739,14.826562,-16.116472,14.828434
0,-16.118902,14.858012,-16.116073,14.863771,-16.116639,14.863171
0,-16.116378,14.827910,-16.116049,14.827114,-16.116472,14.828434
0,-16.118902,14.858012,-16.115226,14.864559,-16.116073,14.863771
0,-16.115226,14.864559,-16.115593,14.864274,-16.116073,14.863771
0,-16.114816,14.823717,-16.110441,14.818718,-16.115001,14.824737
0,-16.114620,14.822633,-16.114064,14.821789,-16.114641,14.822750
0,-16.113827,14.821428,-16.111143,14.819007,-16.110441,14.818718
0,-16.113364,14.820724,-16.111143,14.819007,-16.113827,14.821428
0,-16.113103,14.820328,-16.111598,14.819194,-16.113364,14.820724
0,-16.118902,14.858012,-16.114220,14.865339,-16.115226,14.864559
0,-16.106181,14.871571,-16.102600,14.873806,-16.103690,14.873223
0,-16.105640,14.871989,-16.104606,14.872732,-16.104853,14.872600
0,-16.105640,14.871989,-16.103690,14.873223,-16.104606,14.872732
0,-16.101568,14.874359,-16.096913,14.876098,-16.100686,14.874831
0,-16.105640,14.871989,-16.106181,14.871571,-16.103690,14.873223
0,-16.095628,14.876350,-16.095813,14.876314,-16.102600,14.873806
0,-16.118287,14.843707,-16.094392,14.876593,-16.107461,14.870579
0,-16.118444,14.845225,-16.107461,14.870579,-16.108213,14.869995
0,-16.119247,14.853005,-16.112742,14.866484,-16.114220,14.865339
0,-16.119117,14.851750,-16.119049,14.851083,-16.112742,14.866484
0,-16.111987,14.867070,-16.118767,14.848355,-16.110554,14.868181
0,-16.118767,14.848355,-16.118625,14.846977,-16.110294,14.868382
0,-16.118552,14.860243,-16.116639,14.863171,-16.117775,14.861968
0,-16.117785,14.838839,-16.117684,14.837863,-16.107465,14.817494
0,-16.107465,14.817494,-16.117515,14.836233,-16.117478,14.835868
0,-16.107465,14.817494,-16.117388,14.834997,-16.117373,14.834854
0,-16.107465,14.817494,-16.117478,14.835868,-16.117388,14.834997
0,-16.115207,14.825611,-16.116570,14.828985,-16.115515,14.826162
0,-16.115739,14.826562,-16.116546,14.828848,-16.116472,14.828434
0,-16.116323,14.827604,-16.116049,14.827114,-16.116378,14.827910
0,-16.116546,14.828848,-16.115739,14.826562,-16.116570,14.828985
0,-16.116834,14.830461,-16.115138,14.825488,-16.107465,14.817494
0,-16.116570,14.828985,-16.115207,14.825611,-16.116834,14.830461
0,-16.091701,14.877121,-16.086804,14.877539,-16.091295,14.877201
0,-16.086802,14.877539,-16.086804,14.877539,-16.092415,14.876981
0,-16.086802,14.877539,-16.118006,14.840988,-16.117887,14.839834
0,-16.086802,14.877539,-16.118112,14.842011,-16.118006,14.840988
0,-16.107461,14.870579,-16.118444,14.845225,-16.118287,14.843707
0,-16.108418,14.869836,-16.118625,14.846977,-16.118444,14.845225
0,-16.108418,14.869836,-16.110294,14.868382,-16.118625,14.846977
0,-16.119117,14.851750,-16.112742,14.866484,-16.119247,14.853005
0,-16.119247,14.853005,-16.119179,14.856244,-16.119422,14.854696
0,-16.111987,14.867070,-16.119049,14.851083,-16.118767,14.848355
0,-16.118552,14.860243,-16.118233,14.861482,-16.118382,14.861324
0,-16.101179,14.899511,-16.101404,14.891024,-16.098547,14.890192
0,-16.118552,14.860243,-16.117775,14.861968,-16.118233,14.861482
0,-16.114220,14.865339,-16.118902,14.858012,-16.119179,14.856244
0,-16.116639,14.863171,-16.118552,14.860243,-16.118902,14.858012
0,-16.100686,14.874831,-16.096913,14.876098,-16.097425,14.875997
0,-16.099135,14.875662,-16.099915,14.875244,-16.098688,14.875749
0,-16.098688,14.875749,-16.099915,14.875244,-16.098079,14.875869
0,-16.095813,14.876314,-16.101734,14.874270,-16.102600,14.873806
0,-16.098079,14.875869,-16.100686,14.874831,-16.097425,14.875997
0,-16.096320,14.876214,-16.101734,14.874270,-16.095813,14.876314
0,-16.095628,14.876350,-16.102600,14.873806,-16.095065,14.876461
0,-16.095065,14.876461,-16.107461,14.870579,-16.094392,14.876593
0,-16.094392,14.876593,-16.118287,14.843707,-16.094170,14.876636
0,-16.093323,14.876802,-16.118240,14.843252,-16.092965,14.876873
0,-16.094170,14.876636,-16.118287,14.843707,-16.093829,14.876703
0,-16.093829,14.876703,-16.118240,14.843252,-16.093323,14.876802
0,-16.090309,14.877394,-16.090818,14.877294,-16.086804,14.877539
0,-16.089741,14.877505,-16.090309,14.877394,-16.086804,14.877539
0,-16.089615,14.877526,-16.089741,14.877505,-16.086804,14.877539
0,-16.089615,14.877526,-16.089615,14.877526,-16.089741,14.877505
0,-16.089741,14.877505,-16.089615,14.877526,-16.089639,14.877526
0,-16.098504,14.906848,-16.098843,14.906216,-16.099856,14.903373
0,-16.092965,14.876873,-16.118112,14.842011,-16.092415,14.876981
0,-16.092415,14.876981,-16.086804,14.877539,-16.091701,14.877121
0,-16.099964,14.903058,-16.101179,14.899511,-16.098547,14.890192
0,-16.103502,14.891635,-16.101404,14.891024,-16.101179,14.899511
0,-16.099856,14.903373,-16.099964,14.903058,-16.083964,14.887330
0,-16.099856,14.903373,-16.098843,14.906216,-16.098903,14.906152
0,-16.099856,14.903373,-16.083964,14.887330,-16.098504,14.906848
0,-16.098775,14.906639,-16.098834,14.906525,-16.098835,14.906506
0,-16.098859,14.906595,-16.098884,14.906568,-16.098860,14.906541
0,-16.098834,14.906525,-16.098859,14.906595,-16.098860,14.906541
0,-16.098884,14.906553,-16.098860,14.906541,-16.098884,14.906568
0,-16.098837,14.906616,-16.098859,14.906595,-16.098834,14.906525
0,-16.098775,14.906639,-16.098837,14.906616,-16.098834,14.906525
0,-16.098583,14.906904,-16.098507,14.906896,-16.098522,14.907035
0,-16.098827,14.906251,-16.098665,14.906716,-16.098835,14.906506
0,-16.098835,14.906506,-16.098665,14.906716,-16.098775,14.906639
0,-16.098507,14.906896,-16.098469,14.907047,-16.098522,14.907035
0,-16.083964,14.887330,-16.096669,14.911536,-16.096798,14.911211
0,-16.097161,14.910295,-16.083964,14.887330,-16.096798,14.911211
0,-16.083964,14.887330,-16.080547,14.886659,-16.092477,14.917894
0,-16.096669,14.911536,-16.083964,14.887330,-16.092477,14.917894
0,-16.096669,14.911536,-16.092477,14.917894,-16.095704,14.913976
0,-16.098827,14.906251,-16.098504,14.906848,-16.098665,14.906716
0,-16.098500,14.906875,-16.098504,14.906848,-16.098469,14.907047
0,-16.098692,14.906984,-16.098672,14.906918,-16.098639,14.907009
0,-16.098672,14.906918,-16.098583,14.906904,-16.098639,14.907009
0,-16.098639,14.907009,-16.098583,14.906904,-16.098522,14.907035
0,-16.098843,14.906216,-16.098504,14.906848,-16.098827,14.906251
0,-16.098504,14.906848,-16.097161,14.910295,-16.098469,14.907047
0,-16.097161,14.910295,-16.098504,14.906848,-16.083964,14.887330
0,-16.098507,14.906896,-16.098500,14.906875,-16.098469,14.907047
0,-16.072708,14.882883,-16.087393,14.804241,-16.072587,14.882907
0,-16.072587,14.882907,-16.087393,14.804241,-16.072147,14.882992
0,-16.072147,14.882992,-16.087393,14.804241,-16.071627,14.883094
0,-16.071627,14.883094,-16.087393,14.804241,-16.071403,14.883138
0,-16.077277,14.886048,-16.090498,14.919943,-16.080547,14.886659
0,-16.089076,14.921416,-16.090498,14.919943,-16.077277,14.886048
0,-16.090617,14.923824,-16.089076,14.921416,-16.089233,14.929737
0,-16.089233,14.929737,-16.089076,14.921416,-16.086206,14.935838
0,-16.085673,14.947055,-16.063128,14.969763,-16.074842,14.965547
0,-16.085673,14.947055,-16.074842,14.965547,-16.083298,14.958977
0,-16.074842,14.965547,-16.082493,14.960720,-16.083298,14.958977
0,-16.074842,14.965547,-16.081837,14.962141,-16.082493,14.960720
0,-16.077277,14.886048,-16.066658,14.884064,-16.089076,14.921416
0,-16.067819,14.883837,-16.087393,14.804241,-16.067534,14.883893
0,-16.066658,14.884064,-16.085696,14.936866,-16.089076,14.921416
0,-16.067534,14.883893,-16.087393,14.804241,-16.066876,14.884021
0,-16.028803,14.969203,-16.085696,14.936866,-16.066658,14.884064
0,-16.066876,14.884021,-16.087393,14.804241,-16.066761,14.884044
0,-16.028803,14.969203,-16.044844,14.974225,-16.063128,14.969763
0,-15.997314,14.955314,-16.066658,14.884064,-15.997304,14.955314
0,-16.066761,14.884044,-16.087393,14.804241,-16.066658,14.884064
0,-16.028803,14.969203,-16.066658,14.884064,-16.017788,14.965737
0,-16.087393,14.804241,-16.067819,14.883837,-16.068263,14.883750
0,-16.087393,14.804241,-16.068694,14.883666,-16.068949,14.883617
0,-16.087393,14.804241,-16.068263,14.883750,-16.068694,14.883666
0,-16.070275,14.883358,-16.087393,14.804241,-16.069883,14.883434
0,-16.087393,14.804241,-16.069349,14.883539,-16.069594,14.883491
0,-16.087393,14.804241,-16.068949,14.883617,-16.069349,14.883539
0,-16.073351,14.882758,-16.086802,14.877539,-16.072966,14.882833
0,-16.073980,14.882635,-16.086802,14.877539,-16.073618,14.882705
0,-16.073618,14.882705,-16.086802,14.877539,-16.073351,14.882758
0,-16.074927,14.882450,-16.086802,14.877539,-16.074598,14.882514
0,-16.074598,14.882514,-16.086802,14.877539,-16.074368,14.882559
0,-16.074368,14.882559,-16.086802,14.877539,-16.073980,14.882635
0,-16.075328,14.882372,-16.086802,14.877539,-16.074927,14.882450
0,-16.076270,14.882188,-16.086663,14.877638,-16.075654,14.882308
0,-16.075654,14.882308,-16.086802,14.877539,-16.075328,14.882372
0,-16.078388,14.881774,-16.084537,14.879141,-16.077951,14.881860
0,-16.077561,14.881936,-16.085506,14.878456,-16.076682,14.882107
0,-16.076682,14.882107,-16.086308,14.877889,-16.076270,14.882188
0,-16.084359,14.879267,-16.084537,14.879141,-16.078388,14.881774
0,-16.086802,14.877539,-16.075654,14.882308,-16.086663,14.877638
0,-16.086802,14.877539,-16.086663,14.877638,-16.086788,14.877550
0,-16.076270,14.882188,-16.086308,14.877889,-16.086663,14.877638
0,-16.076682,14.882107,-16.085733,14.878296,-16.086308,14.877889
0,-16.082091,14.880870,-16.082283,14.880734,-16.081121,14.881241
0,-16.081737,14.881120,-16.082091,14.880870,-16.081121,14.881241
0,-16.083267,14.880039,-16.079404,14.881576,-16.079881,14.881483
0,-16.078895,14.881675,-16.084359,14.879267,-16.078388,14.881774
0,-15.781462,14.952104,-15.796236,14.961907,-15.779826,14.949705
0,-15.900826,14.780958,-15.997304,14.955314,-15.901299,14.780697
0,-15.785068,14.956820,-15.792979,14.961060,-15.781462,14.952104
0,-15.779826,14.949705,-15.796236,14.961907,-15.772737,14.935778
0,-15.777894,14.947858,-15.779826,14.949705,-15.776492,14.945919
0,-15.806105,14.787778,-15.778675,14.797614,-15.777860,14.798305
0,-15.755176,14.904227,-15.835228,14.795782,-15.775348,14.800122
0,-15.773880,14.800154,-15.745662,14.898403,-15.774726,14.800160
0,-15.763667,14.800170,-15.745662,14.898403,-15.768398,14.800208
0,-15.745662,14.898403,-15.749981,14.901957,-15.755176,14.904227
0,-15.776492,14.945919,-15.779826,14.949705,-15.772737,14.935778
0,-15.773742,14.941209,-15.772737,14.935778,-15.772907,14.939132
0,-15.776492,14.945919,-15.772737,14.935778,-15.775043,14.943791
0,-15.775043,14.943791,-15.772737,14.935778,-15.773742,14.941209
0,-15.986665,14.972414,-15.991087,14.968557,-15.991638,14.967036
0,-15.986665,14.972414,-15.990443,14.970079,-15.991087,14.968557
0,-15.987338,14.972308,-15.988425,14.972076,-15.989129,14.971648
0,-15.786842,14.958812,-15.789246,14.960114,-15.785068,14.956820
0,-15.990443,14.970079,-15.986665,14.972414,-15.989925,14.970768
0,-15.989925,14.970768,-15.987338,14.972308,-15.989129,14.971648
0,-15.986665,14.972414,-15.991638,14.967036,-15.991664,14.966948
0,-15.944744,14.974921,-15.994645,14.959569,-15.997294,14.955330
0,-15.944744,14.974921,-15.948377,14.976248,-15.994645,14.959569
0,-15.994645,14.959569,-15.948377,14.976248,-15.969729,14.977570
0,-15.986665,14.972414,-15.991664,14.966948,-15.994299,14.960232
0,-16.004988,14.959120,-16.066658,14.884064,-15.997314,14.955314
0,-16.017788,14.965737,-16.066658,14.884064,-16.004988,14.959120
0,-15.997304,14.955314,-15.944513,14.974837,-15.997294,14.955330
0,-15.987338,14.972308,-15.989925,14.970768,-15.986665,14.972414
0,-15.969729,14.977570,-15.994299,14.960232,-15.994423,14.959937
0,-15.944744,14.974921,-15.997294,14.955330,-15.944513,14.974837
0,-15.986665,14.972414,-15.980526,14.977279,-15.985628,14.974310
0,-15.985628,14.974310,-15.980526,14.977279,-15.983428,14.976468
0,-15.980526,14.977279,-15.986665,14.972414,-15.974970,14.977548
0,-15.974970,14.977548,-15.986665,14.972414,-15.969729,14.977570
0,-15.944476,14.974948,-15.936309,14.985135,-15.943862,14.976845
0,-15.943862,14.976845,-15.936309,14.985135,-15.942793,14.980146
0,-15.936217,14.985206,-15.936217,14.985206,-15.936309,14.985135
0,-15.928956,14.990793,-15.902637,14.983526,-15.917322,14.994065
0,-15.928956,14.990793,-15.933623,14.987202,-15.902637,14.983526
0,-15.902637,14.983526,-15.903819,14.990883,-15.917322,14.994065
0,-15.842311,14.796546,-15.826290,14.976010,-15.892040,14.985060
0,-15.903819,14.990883,-15.900913,14.985094,-15.900045,14.990612
0,-15.840146,14.992565,-15.892040,14.985060,-15.840146,14.992565
0,-15.936217,14.985206,-15.902637,14.983526,-15.933623,14.987202
0,-15.900045,14.990612,-15.900913,14.985094,-15.899163,14.986685
0,-15.903819,14.990883,-15.902637,14.983526,-15.900913,14.985094
0,-15.846725,14.793448,-15.845476,14.794812,-15.876914,14.781351
0,-15.772561,14.800104,-15.768398,14.800208,-15.773880,14.800154
0,-15.755176,14.904227,-15.758433,14.908494,-15.835228,14.795782
0,-15.715185,14.817617,-15.690096,14.857478,-15.736862,14.898205
0,-15.736862,14.898205,-15.690319,14.862215,-15.732232,14.898671
0,-15.692046,14.872106,-15.722692,14.902125,-15.727373,14.900038
0,-15.692046,14.872106,-15.722558,14.902203,-15.722692,14.902125
0,-15.765893,14.922205,-15.767755,14.924902,-15.763330,14.917936
0,-15.771547,14.930584,-15.842311,14.796546,-15.769910,14.928230
0,-15.758433,14.908494,-15.760298,14.911866,-15.835228,14.795782
0,-15.745662,14.898403,-15.755176,14.904227,-15.775348,14.800122
0,-15.692046,14.872106,-15.722286,14.902361,-15.722558,14.902203
0,-15.662830,14.930471,-15.694591,14.931441,-15.700347,14.920840
0,-15.686981,14.941597,-15.694591,14.931441,-15.662830,14.930471
0,-15.679119,14.945899,-15.686981,14.941597,-15.662830,14.930471
0,-15.679119,14.945899,-15.662830,14.930471,-15.672169,14.945470
0,-15.666368,14.942109,-15.672169,14.945470,-15.662830,14.930471
0,-15.655449,14.920596,-15.675131,14.885901,-15.649779,14.915114
0,-15.687554,14.881466,-15.706575,14.913164,-15.711655,14.908644
0,-15.675131,14.885901,-15.700347,14.920840,-15.706575,14.913164
0,-15.675131,14.885901,-15.655449,14.920596,-15.700347,14.920840
0,-15.692046,14.872106,-15.718592,14.904503,-15.722286,14.902361
0,-15.687554,14.881466,-15.715815,14.906154,-15.718592,14.904503
0,-15.687554,14.881466,-15.711655,14.908644,-15.715815,14.906154
0,-15.662120,14.883191,-15.639000,14.903049,-15.643545,14.910183
0,-15.662120,14.883191,-15.652498,14.879369,-15.639000,14.903049
0,-15.635589,14.896461,-15.652498,14.879369,-15.635406,14.888375
0,-15.639000,14.903049,-15.652498,14.879369,-15.635589,14.896461
0,-15.690319,14.862215,-15.692046,14.872106,-15.732232,14.898671
0,-15.692046,14.872106,-15.727373,14.900038,-15.732232,14.898671
0,-15.635406,14.888375,-15.652498,14.879369,-15.640627,14.879402
0,-15.687554,14.881466,-15.718592,14.904503,-15.692046,14.872106
0,-15.759792,14.800101,-15.757478,14.800037,-15.745662,14.898403
0,-15.745662,14.898403,-15.715185,14.817617,-15.741260,14.897741
0,-15.741260,14.897741,-15.715185,14.817617,-15.736862,14.898205
0,-15.719118,14.805818,-15.715548,14.816317,-15.722795,14.803178
0,-15.720926,14.804216,-15.719118,14.805818,-15.722795,14.803178
0,-15.768398,14.800208,-15.767217,14.800149,-15.763667,14.800170
0,-15.765981,14.800099,-15.763667,14.800170,-15.767217,14.800149
0,-15.772561,14.800104,-15.771371,14.800090,-15.768398,14.800208
0,-15.773880,14.800154,-15.768398,14.800208,-15.745662,14.898403
0,-15.771371,14.800090,-15.769763,14.800123,-15.768398,14.800208
0,-15.763667,14.800170,-15.765981,14.800099,-15.764615,14.800085
0,-15.755963,14.800024,-15.745662,14.898403,-15.757478,14.800037
0,-15.762720,14.800209,-15.745662,14.898403,-15.763667,14.800170
0,-15.745662,14.898403,-15.760694,14.800153,-15.759792,14.800101
0,-15.745662,14.898403,-15.762720,14.800209,-15.760694,14.800153
0,-15.722795,14.803178,-15.715548,14.816317,-15.725370,14.801971
0,-15.722795,14.803178,-15.725370,14.801971,-15.724613,14.802261
0,-15.754783,14.799973,-15.753603,14.799959,-15.755963,14.800024
0,-15.753603,14.799959,-15.745662,14.898403,-15.755963,14.800024
0,-15.715185,14.817617,-15.739297,14.798386,-15.715548,14.816317
0,-15.725370,14.801971,-15.715548,14.816317,-15.733224,14.798966
0,-15.715185,14.817617,-15.753603,14.799959,-15.750916,14.799434
0,-15.742316,14.798358,-15.749261,14.799150,-15.746619,14.798481
0,-15.715185,14.817617,-15.749261,14.799150,-15.742316,14.798358
0,-15.735141,14.797938,-15.733230,14.798963,-15.736126,14.797944
0,-15.733230,14.798963,-15.733224,14.798966,-15.733224,14.798966
0,-15.733230,14.798963,-15.735141,14.797938,-15.734100,14.797652
0,-15.742316,14.798358,-15.740755,14.798345,-15.715185,14.817617
0,-15.739297,14.798386,-15.733230,14.798963,-15.733224,14.798966
0,-15.736126,14.797944,-15.733230,14.798963,-15.739297,14.798386
0,-15.783914,14.791911,-15.782109,14.793824,-15.784628,14.791365
0,-15.782109,14.793824,-15.783914,14.791911,-15.783247,14.792455
0,-15.784628,14.791365,-15.806105,14.787778,-15.785674,14.790358
0,-15.869779,14.780667,-15.857549,14.779555,-15.852812,14.786800
0,-15.806105,14.787778,-15.787681,14.788394,-15.787628,14.788444
0,-15.806105,14.787778,-15.787628,14.788444,-15.785674,14.790358
0,-15.779814,14.796381,-15.806105,14.787778,-15.782109,14.793824
0,-15.778675,14.797614,-15.806105,14.787778,-15.779814,14.796381
0,-15.777860,14.798305,-15.776535,14.799395,-15.806105,14.787778
0,-15.750916,14.799434,-15.753603,14.799959,-15.752189,14.799629
0,-15.715185,14.817617,-15.745662,14.898403,-15.753603,14.799959
0,-15.813002,14.787952,-15.833879,14.794930,-15.830939,14.793071
0,-15.775348,14.800122,-15.835228,14.795782,-15.776535,14.799395
0,-15.806105,14.787778,-15.833879,14.794930,-15.813002,14.787952
0,-15.813002,14.787952,-15.830939,14.793071,-15.821030,14.788815
0,-15.842311,14.796546,-15.902637,14.983526,-15.845476,14.794812
0,-15.822126,14.788932,-15.830939,14.793071,-15.829920,14.791131
0,-15.822126,14.788932,-15.821030,14.788815,-15.830939,14.793071
0,-15.776535,14.799395,-15.835228,14.795782,-15.833879,14.794930
0,-15.845476,14.794812,-15.884091,14.782018,-15.876914,14.781351
0,-15.902637,14.983526,-15.894049,14.782946,-15.845476,14.794812
0,-15.760298,14.911866,-15.842311,14.796546,-15.835228,14.795782
0,-15.771547,14.930584,-15.813933,14.970757,-15.842311,14.796546
0,-15.902637,14.983526,-15.944513,14.974837,-15.894049,14.782946
0,-15.874326,14.781108,-15.873272,14.781002,-15.846725,14.793448
0,-15.876225,14.781285,-15.846725,14.793448,-15.876914,14.781351
0,-15.944513,14.974837,-15.900826,14.780958,-15.894049,14.782946
0,-15.944513,14.974837,-15.997304,14.955314,-15.900826,14.780958
0,-15.991489,14.744172,-15.988612,14.744153,-16.017926,14.751525
0,-15.918084,14.745301,-15.970627,14.735868,-15.918109,14.745257
0,-15.973464,14.738248,-15.970627,14.735868,-15.918084,14.745301
0,-15.904548,14.778905,-15.973464,14.738248,-15.918084,14.745301
0,-15.902957,14.770839,-15.903645,14.774325,-15.903461,14.764466
0,-15.902957,14.770839,-15.903461,14.764466,-15.902818,14.770133
0,-15.876225,14.781285,-15.874326,14.781108,-15.846725,14.793448
0,-15.873272,14.781002,-15.852812,14.786800,-15.846725,14.793448
0,-15.845476,14.794812,-15.888291,14.782409,-15.884091,14.782018
0,-15.845476,14.794812,-15.894049,14.782946,-15.888291,14.782409
0,-15.869779,14.780667,-15.852812,14.786800,-15.873272,14.781002
0,-15.873272,14.781002,-15.869786,14.780651,-15.869779,14.780667
0,-15.953783,14.725862,-15.950244,14.723906,-15.927803,14.730652
0,-15.967071,14.731141,-15.965842,14.730631,-15.970627,14.735868
0,-15.952352,14.724824,-15.950244,14.723906,-15.953783,14.725862
0,-15.988612,14.744153,-15.978698,14.740797,-15.904548,14.778905
0,-15.973464,14.738248,-15.904548,14.778905,-15.978698,14.740797
0,-16.005601,14.745670,-15.995629,14.744199,-16.017926,14.751525
0,-16.066658,14.884064,-15.988612,14.744153,-15.904548,14.778905
0,-16.017926,14.751525,-15.995629,14.744199,-15.991489,14.744172
0,-16.018179,14.749363,-16.009847,14.745422,-16.017926,14.751525
0,-16.013386,14.744349,-16.013494,14.742773,-16.013315,14.742720
0,-16.009847,14.745422,-16.005601,14.745670,-16.017926,14.751525
0,-16.014455,14.742964,-16.013386,14.744349,-16.015788,14.743230
0,-16.013494,14.742773,-16.013386,14.744349,-16.014455,14.742964
0,-15.959802,14.728770,-15.959145,14.728561,-15.959936,14.728820
0,-15.970627,14.735868,-15.961787,14.729590,-15.960412,14.729018
0,-15.970627,14.735868,-15.963814,14.729970,-15.961787,14.729590
0,-15.961787,14.729590,-15.961277,14.729355,-15.960412,14.729018
0,-15.959145,14.728561,-15.970627,14.735868,-15.960412,14.729018
0,-15.957313,14.727999,-15.970627,14.735868,-15.959145,14.728561
0,-15.918774,14.744058,-15.970627,14.735868,-15.957313,14.727999
0,-15.957313,14.727999,-15.953783,14.725862,-15.925460,14.734584
0,-15.922309,14.738520,-15.957313,14.727999,-15.925460,14.734584
0,-15.957313,14.727999,-15.955142,14.726471,-15.953783,14.725862
0,-15.952506,14.724891,-15.952352,14.724824,-15.953783,14.725862
0,-15.948939,14.723250,-15.948069,14.722813,-15.927803,14.730652
0,-15.941003,14.719702,-15.941484,14.719686,-15.941387,14.719665
0,-15.941003,14.719702,-15.941387,14.719665,-15.941338,14.719654
0,-15.940187,14.719819,-15.942135,14.719923,-15.941003,14.719702
0,-15.939734,14.719884,-15.937653,14.720703,-15.943086,14.720464
0,-15.941003,14.719702,-15.942054,14.719878,-15.941484,14.719686
0,-15.941908,14.719795,-15.941869,14.719772,-15.941484,14.719686
0,-15.935272,14.722049,-15.933552,14.723145,-15.945745,14.721694
0,-15.948069,14.722813,-15.947284,14.722417,-15.927803,14.730652
0,-15.945029,14.721394,-15.944315,14.721155,-15.945745,14.721694
0,-15.943086,14.720464,-15.937653,14.720703,-15.936662,14.721385
0,-15.943039,14.720437,-15.939734,14.719884,-15.943086,14.720464
0,-15.940187,14.719819,-15.943039,14.720437,-15.942135,14.719923
0,-15.939734,14.719884,-15.939693,14.719890,-15.937653,14.720703
0,-15.957313,14.727999,-15.922309,14.738520,-15.918774,14.744058
0,-15.925460,14.734584,-15.923794,14.735955,-15.922309,14.738520
0,-15.904237,14.777330,-15.904548,14.778905,-15.918084,14.745301
0,-15.905034,14.759904,-15.918084,14.745301,-15.905650,14.758345
0,-15.904237,14.777330,-15.918084,14.745301,-15.903645,14.774325
0,-15.905650,14.758345,-15.918084,14.745301,-15.908347,14.751813
0,-15.946497,14.722018,-15.933552,14.723145,-15.947284,14.722417
0,-15.933552,14.723145,-15.933256,14.723334,-15.927803,14.730652
0,-15.940187,14.719819,-15.939734,14.719884,-15.943039,14.720437
0,-15.935272,14.722049,-15.936662,14.721385,-15.935327,14.722014
0,-15.944315,14.721155,-15.943086,14.720464,-15.936662,14.721385
0,-15.944315,14.721155,-15.935272,14.722049,-15.945745,14.721694
1,-15.838419,15.028607,-15.838419,15.028607,-15.838419,15.028607
