34,8,17,37,96,
0,-16.294923,14.518398,-16.295339,14.517105,-16.294711,14.516695
0,-16.277967,14.302552,-16.357594,14.378698,-16.363703,14.364507
0,-16.383736,14.158773,-16.383857,14.149930,-16.381652,14.152080
0,-16.312099,14.548099,-16.313313,14.551160,-16.312401,14.548097
0,-16.246768,14.327448,-16.345087,14.409172,-16.348168,14.404271
0,-16.413578,14.152811,-16.411512,14.151503,-16.411021,14.151443
0,-16.385857,14.161461,-16.400945,14.148834,-16.398922,14.148358
0,-16.369427,14.176290,-16.367092,14.181026,-16.369604,14.176153
0,-16.413915,14.247656,-16.370153,14.225709,-16.412064,14.249438
0,-16.360140,14.176103,-16.359154,14.176359,-16.359531,14.176396
0,-16.363262,14.177523,-16.363261,14.177779,-16.365969,14.175885
0,-16.336626,14.425345,-16.225836,14.428069,-16.228384,14.438258
0,-16.360775,14.175334,-16.358114,14.173790,-16.360566,14.175526
0,-16.355579,14.187157,-16.355436,14.187221,-16.355083,14.189519
0,-16.368581,14.198411,-16.368619,14.198750,-16.413242,14.194162
0,-16.413915,14.247656,-16.420880,14.241429,-16.370168,14.224181
0,-16.370489,14.359740,-16.373231,14.353288,-16.372716,14.352450
0,-16.188049,14.346975,-16.186773,14.348900,-16.205944,14.397900
0,-16.372633,14.169786,-16.370730,14.169805,-16.370485,14.171250
0,-16.417617,14.182568,-16.421936,14.165100,-16.421342,14.163441
0,-16.372633,14.169786,-16.372221,14.169491,-16.370730,14.169805
0,-16.374503,14.172034,-16.373837,14.171323,-16.370243,14.172833
0,-16.364001,14.174660,-16.363443,14.174169,-16.362522,14.175477
0,-16.358171,14.175677,-16.358318,14.175862,-16.360420,14.175724
0,-16.363247,14.178286,-16.364859,14.179821,-16.365271,14.179785
0,-16.358750,14.176205,-16.359154,14.176359,-16.360420,14.175724
0,-16.360420,14.175724,-16.358318,14.175862,-16.358415,14.175956
0,-16.365467,14.361857,-16.366937,14.361134,-16.372354,14.350889
0,-16.365601,14.175753,-16.363262,14.177523,-16.365969,14.175885
0,-16.366093,14.179888,-16.366282,14.179960,-16.367111,14.176056
0,-16.441565,14.212367,-16.435574,14.209936,-16.441351,14.213051
0,-16.367781,14.201542,-16.368237,14.202535,-16.368017,14.199859
0,-16.411021,14.151443,-16.385857,14.161461,-16.415207,14.154157
0,-16.441052,14.214065,-16.441351,14.213051,-16.435574,14.209936
0,-16.431648,14.229056,-16.427645,14.206128,-16.430361,14.230564
0,-16.435574,14.209936,-16.439067,14.216901,-16.440531,14.215162
0,-16.363881,14.236059,-16.368894,14.227748,-16.367808,14.228184
0,-16.434599,14.225269,-16.427645,14.206128,-16.431648,14.229056
0,-16.245602,14.328231,-16.222139,14.420325,-16.339435,14.417229
0,-16.360060,14.237540,-16.356099,14.243234,-16.356138,14.243445
0,-16.362909,14.234575,-16.363397,14.235202,-16.366888,14.228096
0,-16.368894,14.227748,-16.363885,14.236131,-16.363896,14.236316
0,-16.367136,14.197416,-16.365426,14.184699,-16.362609,14.195308
0,-16.369604,14.176153,-16.375628,14.172156,-16.369798,14.175907
0,-16.362609,14.195308,-16.365426,14.184699,-16.365324,14.184700
0,-16.399703,14.327959,-16.400898,14.326035,-16.400607,14.321073
0,-16.225836,14.428069,-16.226154,14.431565,-16.227371,14.435348
0,-16.317139,14.489245,-16.319145,14.486537,-16.317552,14.472015
0,-16.200254,14.450176,-16.223329,14.443627,-16.202497,14.446864
0,-16.175205,14.504440,-16.185321,14.496821,-16.175095,14.502327
0,-16.297923,14.531680,-16.300924,14.541035,-16.300584,14.536713
0,-16.300924,14.541035,-16.296920,14.530026,-16.261384,14.576365
0,-16.186442,14.561516,-16.176582,14.519440,-16.176431,14.519662
0,-16.134111,14.403371,-16.135429,14.403527,-16.139638,14.403290
0,-16.169335,14.526709,-16.167968,14.544968,-16.172319,14.524046
0,-16.185368,14.350143,-16.181558,14.355540,-16.186773,14.348900
0,-16.206347,14.325652,-16.191988,14.339519,-16.214244,14.326654
0,-16.208565,14.414539,-16.214136,14.417346,-16.210108,14.407438
0,-16.183755,14.480475,-16.181502,14.483272,-16.185988,14.490327
0,-16.340633,14.415596,-16.345087,14.409172,-16.246768,14.327448
0,-16.222278,14.420744,-16.222780,14.422256,-16.222883,14.422259
0,-16.363442,14.367311,-16.359498,14.376138,-16.361263,14.373587
0,-16.358027,14.186319,-16.361600,14.185603,-16.358207,14.186139
0,-16.252639,14.310127,-16.250963,14.310834,-16.252315,14.320263
0,-16.194878,14.323361,-16.193949,14.324856,-16.197114,14.322815
0,-16.385857,14.161461,-16.411021,14.151443,-16.402734,14.149132
0,-16.411021,14.151443,-16.408840,14.150355,-16.402734,14.149132
0,-16.413578,14.152811,-16.411021,14.151443,-16.413736,14.152941
0,-16.424543,14.168701,-16.423897,14.167638,-16.422732,14.166388
0,-16.422732,14.166388,-16.421936,14.165100,-16.422036,14.178204
0,-16.385857,14.161461,-16.421342,14.163441,-16.420467,14.161276
0,-16.420467,14.161276,-16.419919,14.159616,-16.419319,14.158463
0,-16.419319,14.158463,-16.418292,14.157077,-16.420467,14.161276
0,-16.398922,14.148358,-16.395027,14.147549,-16.385568,14.160243
0,-16.382455,14.163595,-16.376288,14.165332,-16.375808,14.166909
0,-16.383857,14.149930,-16.391170,14.147101,-16.386407,14.147608
0,-16.371704,14.169311,-16.371370,14.169351,-16.372221,14.169491
0,-16.402734,14.149132,-16.400945,14.148834,-16.385857,14.161461
0,-16.389386,14.146207,-16.386407,14.147608,-16.391170,14.147101
0,-16.385003,14.159523,-16.391170,14.147101,-16.383857,14.149930
0,-16.371491,14.169315,-16.371370,14.169351,-16.371619,14.169309
0,-16.373444,14.170639,-16.373236,14.170374,-16.370485,14.171250
0,-16.371704,14.169311,-16.371662,14.169306,-16.371619,14.169309
0,-16.370086,14.174120,-16.370042,14.174527,-16.374503,14.172034
0,-16.362016,14.172658,-16.359621,14.171891,-16.359322,14.172172
0,-16.362201,14.173001,-16.361295,14.175104,-16.361581,14.175076
0,-16.362016,14.172658,-16.361295,14.175104,-16.362201,14.173001
0,-16.359531,14.176396,-16.359966,14.176253,-16.360140,14.176103
0,-16.360566,14.175526,-16.357916,14.174606,-16.357932,14.175021
0,-16.358561,14.176080,-16.360420,14.175724,-16.358415,14.175956
0,-16.358171,14.175677,-16.360420,14.175724,-16.357932,14.175021
0,-16.362762,14.173677,-16.362201,14.173001,-16.361581,14.175076
0,-16.362742,14.175782,-16.364001,14.174660,-16.362522,14.175477
0,-16.359362,14.176399,-16.359531,14.176396,-16.359154,14.176359
0,-16.360936,14.175233,-16.359322,14.172172,-16.358870,14.172636
0,-16.360420,14.175724,-16.360566,14.175526,-16.357932,14.175021
0,-16.363262,14.177523,-16.365590,14.175748,-16.365351,14.175648
0,-16.363247,14.178286,-16.364075,14.179598,-16.364462,14.179759
0,-16.359752,14.183856,-16.358434,14.185423,-16.359971,14.183914
0,-16.358320,14.184692,-16.359413,14.183818,-16.359041,14.183827
0,-16.363469,14.179004,-16.363545,14.179122,-16.363264,14.178427
0,-16.361147,14.185200,-16.361051,14.184842,-16.360804,14.184471
0,-16.355550,14.190052,-16.355600,14.190110,-16.356704,14.186653
0,-16.360129,14.193928,-16.360618,14.194237,-16.361894,14.185610
0,-16.359125,14.193248,-16.359613,14.193580,-16.361894,14.185610
0,-16.357731,14.186487,-16.356614,14.191147,-16.356984,14.191504
0,-16.358027,14.186319,-16.358166,14.192513,-16.361600,14.185603
0,-16.361894,14.185610,-16.361131,14.194521,-16.362105,14.185544
0,-16.367460,14.197427,-16.367651,14.197462,-16.365571,14.184652
0,-16.361894,14.185610,-16.360618,14.194237,-16.361131,14.194521
0,-16.361131,14.194521,-16.361772,14.194886,-16.362105,14.185544
0,-16.358219,14.192556,-16.359099,14.193228,-16.361600,14.185603
0,-16.366479,14.180058,-16.366620,14.180142,-16.368080,14.176286
0,-16.364859,14.179821,-16.365049,14.179819,-16.365271,14.179785
0,-16.364671,14.184243,-16.364470,14.183947,-16.364329,14.183877
0,-16.364075,14.179598,-16.364208,14.179668,-16.364462,14.179759
0,-16.364462,14.179759,-16.364619,14.179796,-16.364859,14.179821
0,-16.364075,14.179598,-16.363264,14.178427,-16.363717,14.179325
0,-16.365907,14.179836,-16.366093,14.179888,-16.366652,14.176012
0,-16.365969,14.175885,-16.365621,14.179792,-16.366290,14.175968
0,-16.413247,14.194173,-16.413242,14.194162,-16.368320,14.203853
0,-16.414688,14.188370,-16.376206,14.171496,-16.376087,14.171728
0,-16.366092,14.183775,-16.365688,14.184557,-16.368194,14.197744
0,-16.368194,14.197744,-16.368285,14.197847,-16.366092,14.183775
0,-16.362609,14.195308,-16.365324,14.184700,-16.362105,14.185544
0,-16.437795,14.219218,-16.435574,14.209936,-16.436791,14.221046
0,-16.426118,14.235509,-16.429213,14.232342,-16.430361,14.230564
0,-16.433315,14.227373,-16.434599,14.225269,-16.431648,14.229056
0,-16.416759,14.245704,-16.419098,14.243499,-16.415337,14.246707
0,-16.410623,14.251770,-16.412064,14.249438,-16.369796,14.226811
0,-16.363896,14.236316,-16.363800,14.236805,-16.368894,14.227748
0,-16.376087,14.171728,-16.413242,14.194162,-16.414688,14.188370
0,-16.356311,14.244588,-16.356095,14.245053,-16.355888,14.245620
0,-16.407144,14.257071,-16.408244,14.255238,-16.369796,14.226811
0,-16.352944,14.252498,-16.400064,14.269234,-16.355888,14.245620
0,-16.409245,14.253731,-16.369796,14.226811,-16.408244,14.255238
0,-16.404849,14.260637,-16.405852,14.259447,-16.407144,14.257071
0,-16.363885,14.236131,-16.368894,14.227748,-16.363881,14.236059
0,-16.440531,14.215162,-16.441052,14.214065,-16.435574,14.209936
0,-16.400607,14.321073,-16.401440,14.322848,-16.401443,14.322822
0,-16.427645,14.206128,-16.436791,14.221046,-16.435574,14.209936
0,-16.398005,14.317102,-16.398604,14.330017,-16.399703,14.327959
0,-16.393414,14.340723,-16.394563,14.339125,-16.381124,14.344573
0,-16.389420,14.350111,-16.386868,14.351193,-16.387947,14.351846
0,-16.313296,14.548303,-16.312401,14.548097,-16.313313,14.551160
0,-16.392127,14.342457,-16.393414,14.340723,-16.381124,14.344573
0,-16.368305,14.360503,-16.370489,14.359740,-16.372716,14.352450
0,-16.385339,14.348282,-16.389687,14.346756,-16.390216,14.345388
0,-16.394563,14.339125,-16.395517,14.337664,-16.381124,14.344573
0,-16.395345,14.297683,-16.395312,14.295342,-16.342332,14.271908
0,-16.356153,14.243526,-16.362426,14.237341,-16.361965,14.237319
0,-16.360488,14.233695,-16.361457,14.233814,-16.364412,14.226873
0,-16.366937,14.361134,-16.368305,14.360503,-16.372359,14.350912
0,-16.363788,14.236864,-16.363763,14.236883,-16.400064,14.269234
0,-16.395241,14.292857,-16.342332,14.271908,-16.395242,14.292877
0,-16.304234,14.285274,-16.303571,14.286224,-16.332879,14.271234
0,-16.347155,14.267637,-16.395311,14.290653,-16.395311,14.290651
0,-16.354846,14.227881,-16.357397,14.233258,-16.358883,14.233649
0,-16.355310,14.187261,-16.355102,14.187326,-16.354678,14.189035
0,-16.356080,14.232479,-16.357397,14.233258,-16.354846,14.227881
0,-16.355042,14.231376,-16.356080,14.232479,-16.354519,14.229570
0,-16.322265,14.269212,-16.322057,14.269273,-16.319855,14.272234
0,-16.354572,14.230234,-16.355042,14.231376,-16.354519,14.229570
0,-16.367437,14.208113,-16.367045,14.209951,-16.369807,14.222605
0,-16.368372,14.202985,-16.368320,14.203853,-16.413242,14.194162
0,-16.368320,14.203853,-16.416242,14.199929,-16.413247,14.194173
0,-16.370075,14.223750,-16.370168,14.224181,-16.416242,14.199929
0,-16.367677,14.201192,-16.367781,14.201542,-16.367664,14.200764
0,-16.368520,14.198201,-16.413242,14.194162,-16.375628,14.172156
0,-16.367878,14.197534,-16.367936,14.197564,-16.365688,14.184557
0,-16.365571,14.184652,-16.367864,14.197529,-16.367878,14.197534
0,-16.368017,14.199859,-16.367664,14.200764,-16.367781,14.201542
0,-16.364251,14.196781,-16.365956,14.197814,-16.366141,14.197758
0,-16.364251,14.196781,-16.365254,14.197804,-16.365451,14.197842
0,-16.364929,14.197672,-16.365254,14.197804,-16.364251,14.196781
0,-16.339574,14.440695,-16.337629,14.433297,-16.339586,14.442716
0,-16.339421,14.438892,-16.339388,14.438507,-16.338329,14.434808
0,-16.337629,14.433297,-16.339574,14.440695,-16.339421,14.438892
0,-16.339276,14.448612,-16.339595,14.444232,-16.323241,14.466594
0,-16.338943,14.450804,-16.323241,14.466594,-16.338606,14.452321
0,-16.304826,14.496400,-16.314505,14.494032,-16.317139,14.489245
0,-16.323241,14.466594,-16.338943,14.450804,-16.339276,14.448612
0,-16.328394,14.467309,-16.335036,14.466548,-16.335620,14.465035
0,-16.334175,14.468425,-16.335036,14.466548,-16.329926,14.468415
0,-16.331746,14.469705,-16.334175,14.468425,-16.329926,14.468415
0,-16.312595,14.498017,-16.313565,14.497045,-16.310132,14.497477
0,-16.310164,14.556903,-16.307961,14.546429,-16.309844,14.557444
0,-16.307967,14.564994,-16.307975,14.564813,-16.298270,14.574679
0,-16.398604,14.330017,-16.380002,14.344471,-16.397969,14.332262
0,-16.298270,14.574679,-16.307975,14.564813,-16.307867,14.562672
0,-16.307491,14.574217,-16.303034,14.575142,-16.304793,14.575360
0,-16.295057,14.576137,-16.300924,14.541035,-16.283232,14.577484
0,-16.300590,14.574612,-16.303034,14.575142,-16.308675,14.568271
0,-16.300924,14.541035,-16.297923,14.531680,-16.296920,14.530026
0,-16.299785,14.534505,-16.298995,14.532988,-16.297923,14.531680
0,-16.279556,14.577450,-16.300924,14.541035,-16.273218,14.577810
0,-16.301099,14.540790,-16.301343,14.538472,-16.300924,14.541035
0,-16.308047,14.560901,-16.295057,14.576137,-16.298270,14.574679
0,-16.301368,14.538230,-16.301504,14.537123,-16.300650,14.536712
0,-16.176582,14.519440,-16.201975,14.567265,-16.176758,14.518556
0,-16.238169,14.579316,-16.230989,14.580948,-16.234884,14.582261
0,-16.273218,14.577810,-16.269534,14.578002,-16.272320,14.578303
0,-16.230989,14.580948,-16.240245,14.575380,-16.225310,14.577400
0,-16.161742,14.556484,-16.163940,14.551676,-16.163887,14.551703
0,-16.167968,14.544968,-16.181100,14.559942,-16.182368,14.560292
0,-16.167793,14.560472,-16.163980,14.551654,-16.165275,14.560219
0,-16.107211,14.368266,-16.105488,14.367761,-16.105464,14.367804
0,-16.185571,14.561176,-16.186442,14.561516,-16.176431,14.519662
0,-16.204847,14.569404,-16.208956,14.572466,-16.221060,14.576421
0,-16.222278,14.420744,-16.222883,14.422259,-16.222913,14.422260
0,-16.176758,14.518556,-16.186890,14.495105,-16.176850,14.517210
0,-16.229404,14.442430,-16.289878,14.496852,-16.291762,14.495366
0,-16.183755,14.480475,-16.188622,14.491168,-16.191607,14.473517
0,-16.184134,14.496133,-16.182454,14.495469,-16.177629,14.496646
0,-16.195777,14.457123,-16.197406,14.453241,-16.196215,14.454855
0,-16.289497,14.502971,-16.289712,14.500909,-16.289878,14.496852
0,-16.200254,14.450176,-16.197406,14.453241,-16.195796,14.460631
0,-16.187368,14.473827,-16.183651,14.479322,-16.183755,14.480475
0,-16.192395,14.473398,-16.225421,14.443228,-16.194334,14.467801
0,-16.229404,14.442430,-16.293080,14.494345,-16.317552,14.472015
0,-16.134111,14.403371,-16.123556,14.397848,-16.128416,14.401571
0,-16.137249,14.361346,-16.120877,14.394373,-16.139638,14.403290
0,-16.116520,14.385271,-16.133438,14.361067,-16.115867,14.383128
0,-16.122171,14.396155,-16.134111,14.403371,-16.139638,14.403290
0,-16.109301,14.372516,-16.109764,14.373498,-16.113809,14.363972
0,-16.108280,14.370107,-16.108652,14.371178,-16.113809,14.363972
0,-16.182476,14.353650,-16.181558,14.355540,-16.185368,14.350143
0,-16.111892,14.377065,-16.114478,14.380452,-16.119762,14.362359
0,-16.116520,14.385271,-16.116805,14.387148,-16.117548,14.389112
0,-16.183561,14.402678,-16.166481,14.405121,-16.170297,14.405935
0,-16.197725,14.399175,-16.177891,14.357646,-16.174425,14.359637
0,-16.139638,14.403290,-16.135429,14.403527,-16.136989,14.403954
0,-16.228384,14.438258,-16.229404,14.442430,-16.336556,14.427240
0,-16.205586,14.442477,-16.223329,14.443627,-16.208036,14.440713
0,-16.223361,14.423209,-16.224030,14.424496,-16.224985,14.426058
0,-16.337099,14.431447,-16.323241,14.466594,-16.337629,14.433297
0,-16.210295,14.438673,-16.221424,14.441597,-16.218011,14.437340
0,-16.320300,14.469212,-16.322386,14.467157,-16.336570,14.429598
0,-16.227371,14.435348,-16.228384,14.438258,-16.225836,14.428069
0,-16.355674,14.387784,-16.356282,14.382502,-16.349087,14.402702
0,-16.339435,14.417229,-16.222139,14.420325,-16.337700,14.420385
0,-16.245602,14.328231,-16.221297,14.419072,-16.222139,14.420325
0,-16.210108,14.407438,-16.214136,14.417346,-16.216734,14.417514
0,-16.339099,14.271926,-16.372979,14.349836,-16.374065,14.348601
0,-16.303571,14.286224,-16.339099,14.271926,-16.332879,14.271234
0,-16.355436,14.187221,-16.355310,14.187261,-16.354678,14.189035
0,-16.321428,14.269134,-16.320113,14.270401,-16.322057,14.269273
0,-16.347155,14.267637,-16.350877,14.257211,-16.348354,14.260234
0,-16.304982,14.281604,-16.304896,14.284293,-16.309762,14.276295
0,-16.318795,14.272799,-16.317274,14.273243,-16.304895,14.284327
0,-16.355822,14.245642,-16.353834,14.248000,-16.355888,14.245620
0,-16.396287,14.275955,-16.352944,14.252498,-16.350877,14.257211
0,-16.395371,14.277876,-16.350877,14.257211,-16.347155,14.267637
0,-16.349216,14.258409,-16.349143,14.258427,-16.349073,14.258476
0,-16.395285,14.287893,-16.347155,14.267637,-16.395285,14.287918
0,-16.332879,14.271234,-16.339099,14.271926,-16.335522,14.270929
0,-16.320858,14.269243,-16.320113,14.270401,-16.321428,14.269134
0,-16.319855,14.272234,-16.332879,14.271234,-16.322265,14.269212
0,-16.355102,14.187326,-16.354586,14.187534,-16.354378,14.188648
0,-16.355102,14.187326,-16.354378,14.188648,-16.354678,14.189035
0,-16.305515,14.279305,-16.304982,14.281604,-16.306942,14.277863
0,-16.304895,14.284327,-16.317274,14.273243,-16.311662,14.275269
0,-16.300844,14.287731,-16.286169,14.297489,-16.364231,14.362949
0,-16.354846,14.227881,-16.354489,14.228717,-16.354493,14.228840
0,-16.304895,14.284327,-16.311373,14.275418,-16.309762,14.276295
0,-16.264646,14.295318,-16.260862,14.298572,-16.277211,14.302141
0,-16.261383,14.296933,-16.260268,14.297517,-16.260862,14.298572
0,-16.357594,14.378698,-16.252315,14.320263,-16.356282,14.382502
0,-16.201840,14.323982,-16.193322,14.334876,-16.204343,14.325397
0,-16.181558,14.355540,-16.202782,14.398224,-16.205944,14.397900
0,-16.201840,14.323982,-16.193949,14.324856,-16.193322,14.334876
0,-16.147955,14.363158,-16.141822,14.361473,-16.142707,14.402995
0,-16.224232,14.327279,-16.218141,14.327174,-16.189637,14.344580
0,-16.248437,14.322808,-16.244296,14.325492,-16.244651,14.325798
0,-16.218141,14.327174,-16.191988,14.339519,-16.189637,14.344580
0,-16.226025,14.327400,-16.224232,14.327279,-16.205944,14.397900
0,-16.214365,14.326670,-16.191988,14.339519,-16.218141,14.327174
0,-16.197114,14.322815,-16.193949,14.324856,-16.201840,14.323982
0,-16.393004,14.146973,-16.391170,14.147101,-16.395027,14.147549
0,-16.391170,14.147101,-16.385003,14.159523,-16.385568,14.160243
0,-16.389386,14.146207,-16.387667,14.146407,-16.386407,14.147608
0,-16.362016,14.172658,-16.359322,14.172172,-16.360936,14.175233
0,-16.383736,14.158773,-16.381652,14.152080,-16.383410,14.158601
0,-16.408840,14.150355,-16.411021,14.151443,-16.410749,14.150767
0,-16.397093,14.147745,-16.395027,14.147549,-16.398922,14.148358
0,-16.415207,14.154157,-16.420467,14.161276,-16.418292,14.157077
0,-16.413736,14.152941,-16.411021,14.151443,-16.415207,14.154157
0,-16.432666,14.169073,-16.431272,14.169131,-16.422036,14.178204
0,-16.422036,14.178204,-16.424543,14.168701,-16.422732,14.166388
0,-16.431272,14.169131,-16.428541,14.169518,-16.422036,14.178204
0,-16.422036,14.178204,-16.426513,14.169548,-16.425667,14.169218
0,-16.422036,14.178204,-16.425667,14.169218,-16.424543,14.168701
0,-16.385857,14.161461,-16.385531,14.162136,-16.417617,14.182568
0,-16.383426,14.163454,-16.376206,14.171496,-16.384484,14.162835
0,-16.385857,14.161461,-16.417617,14.182568,-16.421342,14.163441
0,-16.385857,14.161461,-16.420467,14.161276,-16.415207,14.154157
0,-16.416947,14.155367,-16.415207,14.154157,-16.418292,14.157077
0,-16.398922,14.148358,-16.385852,14.161440,-16.385857,14.161461
0,-16.398922,14.148358,-16.385568,14.160243,-16.385852,14.161440
0,-16.395027,14.147549,-16.391170,14.147101,-16.385568,14.160243
0,-16.375749,14.167977,-16.382455,14.163595,-16.375808,14.166909
0,-16.375749,14.167977,-16.375850,14.169353,-16.382455,14.163595
0,-16.382455,14.163595,-16.376185,14.171086,-16.376206,14.171496
0,-16.375628,14.172156,-16.413242,14.194162,-16.376087,14.171728
0,-16.369604,14.176153,-16.367041,14.181255,-16.375628,14.172156
0,-16.369920,14.175645,-16.375290,14.172227,-16.374937,14.172226
0,-16.369798,14.175907,-16.375628,14.172156,-16.375290,14.172227
0,-16.373837,14.171323,-16.373444,14.170639,-16.370472,14.171324
0,-16.375749,14.167977,-16.375808,14.166909,-16.375740,14.167855
0,-16.373444,14.170639,-16.370485,14.171250,-16.370472,14.171324
0,-16.373236,14.170374,-16.372633,14.169786,-16.370485,14.171250
0,-16.379872,14.161916,-16.377219,14.163511,-16.381107,14.162921
0,-16.371370,14.169351,-16.370730,14.169805,-16.372221,14.169491
0,-16.376288,14.165332,-16.381107,14.162921,-16.377219,14.163511
0,-16.375989,14.165912,-16.375808,14.166909,-16.376288,14.165332
0,-16.376206,14.171496,-16.414688,14.188370,-16.384484,14.162835
0,-16.382455,14.163595,-16.376206,14.171496,-16.383426,14.163454
0,-16.376288,14.165332,-16.382455,14.163595,-16.381107,14.162921
0,-16.375850,14.169353,-16.376185,14.171086,-16.382455,14.163595
0,-16.414688,14.188370,-16.385531,14.162136,-16.384484,14.162835
0,-16.417617,14.182568,-16.422036,14.178204,-16.421936,14.165100
0,-16.381652,14.152080,-16.380150,14.155091,-16.383410,14.158601
0,-16.385003,14.159523,-16.383857,14.149930,-16.383736,14.158773
0,-16.378900,14.161747,-16.378186,14.162024,-16.379872,14.161916
0,-16.377728,14.162488,-16.379872,14.161916,-16.378186,14.162024
0,-16.377219,14.163511,-16.379872,14.161916,-16.377728,14.162488
0,-16.372221,14.169491,-16.371997,14.169370,-16.371704,14.169311
0,-16.371370,14.169351,-16.371704,14.169311,-16.371619,14.169309
0,-16.371704,14.169311,-16.371997,14.169370,-16.371832,14.169325
0,-16.370243,14.172833,-16.373837,14.171323,-16.370472,14.171324
0,-16.370086,14.174120,-16.374503,14.172034,-16.370243,14.172833
0,-16.371370,14.169351,-16.370887,14.169607,-16.370730,14.169805
0,-16.371370,14.169351,-16.371164,14.169413,-16.370887,14.169607
0,-16.361331,14.171679,-16.360388,14.171473,-16.359980,14.171638
0,-16.361139,14.171550,-16.360388,14.171473,-16.361331,14.171679
0,-16.360824,14.171404,-16.360388,14.171473,-16.361139,14.171550
0,-16.359980,14.171638,-16.361505,14.171830,-16.361331,14.171679
0,-16.359621,14.171891,-16.361726,14.172093,-16.359980,14.171638
0,-16.360775,14.175334,-16.358402,14.173268,-16.358114,14.173790
0,-16.358114,14.173790,-16.357998,14.174102,-16.360566,14.175526
0,-16.260254,14.297492,-16.260268,14.297517,-16.261383,14.296933
0,-16.360566,14.175526,-16.357998,14.174102,-16.357942,14.174352
0,-16.362742,14.175782,-16.363228,14.177010,-16.364514,14.175125
0,-16.361726,14.172093,-16.359621,14.171891,-16.362016,14.172658
0,-16.359980,14.171638,-16.361726,14.172093,-16.361505,14.171830
0,-16.363443,14.174169,-16.362221,14.175246,-16.362522,14.175477
0,-16.362762,14.173677,-16.361866,14.175110,-16.362221,14.175246
0,-16.362762,14.173677,-16.361581,14.175076,-16.361866,14.175110
0,-16.362016,14.172658,-16.360936,14.175233,-16.361295,14.175104
0,-16.358870,14.172636,-16.358402,14.173268,-16.360775,14.175334
0,-16.360936,14.175233,-16.358870,14.172636,-16.360775,14.175334
0,-16.360566,14.175526,-16.357942,14.174352,-16.357916,14.174606
0,-16.358054,14.175486,-16.358171,14.175677,-16.357932,14.175021
0,-16.358561,14.176080,-16.358750,14.176205,-16.360420,14.175724
0,-16.358954,14.176306,-16.359154,14.176359,-16.358750,14.176205
0,-16.360140,14.176103,-16.360420,14.175724,-16.359154,14.176359
0,-16.360140,14.176103,-16.360363,14.175842,-16.360420,14.175724
0,-16.363228,14.177010,-16.363262,14.177523,-16.365351,14.175648
0,-16.363228,14.177010,-16.365351,14.175648,-16.365058,14.175495
0,-16.363228,14.177010,-16.365058,14.175495,-16.364514,14.175125
0,-16.362742,14.175782,-16.364514,14.175125,-16.364001,14.174660
0,-16.363443,14.174169,-16.362762,14.173677,-16.362221,14.175246
0,-16.374937,14.172226,-16.374503,14.172034,-16.370042,14.174527
0,-16.375290,14.172227,-16.369920,14.175645,-16.369798,14.175907
0,-16.374937,14.172226,-16.370042,14.174527,-16.369920,14.175645
0,-16.369046,14.176453,-16.366979,14.180498,-16.367044,14.180641
0,-16.367041,14.181255,-16.366974,14.181397,-16.366640,14.182304
0,-16.366093,14.179888,-16.367111,14.176056,-16.366936,14.176039
0,-16.365621,14.179792,-16.365907,14.179836,-16.366290,14.175968
0,-16.366093,14.179888,-16.366936,14.176039,-16.366652,14.176012
0,-16.362437,14.185303,-16.365324,14.184700,-16.365091,14.184605
0,-16.362105,14.185544,-16.365324,14.184700,-16.362437,14.185303
0,-16.361330,14.185491,-16.361147,14.185200,-16.358418,14.185653
0,-16.358166,14.192513,-16.358219,14.192556,-16.361600,14.185603
0,-16.361600,14.185603,-16.359099,14.193228,-16.361894,14.185610
0,-16.358207,14.186139,-16.361600,14.185603,-16.361330,14.185491
0,-16.358207,14.186139,-16.361330,14.185491,-16.358341,14.185924
0,-16.360804,14.184471,-16.358434,14.185423,-16.361147,14.185200
0,-16.360563,14.184237,-16.358434,14.185423,-16.360804,14.184471
0,-16.360324,14.184076,-16.358434,14.185423,-16.360563,14.184237
0,-16.360077,14.183953,-16.359971,14.183914,-16.358434,14.185423
0,-16.359413,14.183818,-16.358434,14.185423,-16.359752,14.183856
0,-16.359531,14.176396,-16.359775,14.176381,-16.359966,14.176253
0,-16.358320,14.184692,-16.358434,14.185423,-16.359413,14.183818
0,-16.358487,14.184053,-16.358407,14.184233,-16.358709,14.183922
0,-16.358407,14.184233,-16.359041,14.183827,-16.358709,14.183922
0,-16.358418,14.185653,-16.358341,14.185924,-16.361330,14.185491
0,-16.358407,14.184233,-16.358334,14.184441,-16.359041,14.183827
0,-16.357433,14.191911,-16.357624,14.192068,-16.358027,14.186319
0,-16.358027,14.186319,-16.357624,14.192068,-16.358166,14.192513
0,-16.356704,14.186653,-16.355733,14.190250,-16.357300,14.186591
0,-16.357300,14.186591,-16.355733,14.190250,-16.356294,14.190839
0,-16.360077,14.183953,-16.358434,14.185423,-16.360324,14.184076
0,-16.358434,14.185423,-16.358418,14.185653,-16.361147,14.185200
0,-16.358334,14.184441,-16.358320,14.184692,-16.359041,14.183827
0,-16.356704,14.186653,-16.355579,14.187157,-16.355550,14.190052
0,-16.355847,14.186903,-16.356278,14.186625,-16.356034,14.186722
0,-16.264646,14.295318,-16.261383,14.296933,-16.260862,14.298572
0,-16.354846,14.227881,-16.354519,14.229570,-16.356080,14.232479
0,-16.355733,14.190250,-16.356704,14.186653,-16.355600,14.190110
0,-16.355579,14.187157,-16.355083,14.189519,-16.355550,14.190052
0,-16.355436,14.187221,-16.354678,14.189035,-16.355083,14.189519
0,-16.357731,14.186487,-16.356341,14.190885,-16.356614,14.191147
0,-16.357153,14.191657,-16.357433,14.191911,-16.358027,14.186319
0,-16.357300,14.186591,-16.356294,14.190839,-16.356341,14.190885
0,-16.357731,14.186487,-16.357153,14.191657,-16.358027,14.186319
0,-16.357731,14.186487,-16.357108,14.191616,-16.357153,14.191657
0,-16.357731,14.186487,-16.356984,14.191504,-16.357108,14.191616
0,-16.356704,14.186653,-16.355847,14.186903,-16.355579,14.187157
0,-16.356278,14.186625,-16.355847,14.186903,-16.356704,14.186653
0,-16.358213,14.192552,-16.358219,14.192556,-16.358166,14.192513
0,-16.359099,14.193228,-16.359125,14.193248,-16.361894,14.185610
0,-16.357300,14.186591,-16.356341,14.190885,-16.357731,14.186487
0,-16.359613,14.193580,-16.360129,14.193928,-16.361894,14.185610
0,-16.362749,14.184901,-16.364926,14.184490,-16.362809,14.184741
0,-16.362437,14.185303,-16.365091,14.184605,-16.362640,14.185074
0,-16.364926,14.184490,-16.364671,14.184243,-16.362809,14.184741
0,-16.362809,14.184741,-16.364671,14.184243,-16.363134,14.184296
0,-16.364671,14.184243,-16.364329,14.183877,-16.363517,14.183945
0,-16.363134,14.184296,-16.364671,14.184243,-16.363517,14.183945
0,-16.365049,14.179819,-16.364859,14.179821,-16.364864,14.179821
0,-16.363247,14.178286,-16.364462,14.179759,-16.364859,14.179821
0,-16.363934,14.183766,-16.364329,14.183877,-16.364132,14.183778
0,-16.363742,14.183811,-16.364329,14.183877,-16.363934,14.183766
0,-16.363517,14.183945,-16.364329,14.183877,-16.363742,14.183811
0,-16.363469,14.179004,-16.363264,14.178427,-16.363405,14.178885
0,-16.363351,14.178762,-16.363264,14.178427,-16.363288,14.178561
0,-16.364075,14.179598,-16.363247,14.178286,-16.363264,14.178427
0,-16.365601,14.175753,-16.365590,14.175748,-16.363262,14.177523
0,-16.365271,14.179785,-16.363261,14.177779,-16.363243,14.178022
0,-16.365271,14.179785,-16.365969,14.175885,-16.363261,14.177779
0,-16.363247,14.178286,-16.365271,14.179785,-16.363243,14.178022
0,-16.363717,14.179325,-16.363845,14.179442,-16.364075,14.179598
0,-16.363405,14.178885,-16.363469,14.179004,-16.363405,14.178885
0,-16.363405,14.178885,-16.363264,14.178427,-16.363351,14.178762
0,-16.363545,14.179122,-16.363717,14.179325,-16.363264,14.178427
0,-16.363545,14.179122,-16.363618,14.179217,-16.363717,14.179325
0,-16.363553,14.179133,-16.363618,14.179217,-16.363545,14.179122
0,-16.369427,14.176290,-16.369221,14.176398,-16.367083,14.180824
0,-16.369046,14.176453,-16.368864,14.176479,-16.366979,14.180498
0,-16.366979,14.180498,-16.368864,14.176479,-16.366872,14.180348
0,-16.367886,14.176226,-16.366479,14.180058,-16.368080,14.176286
0,-16.366290,14.175968,-16.365907,14.179836,-16.366652,14.176012
0,-16.365969,14.175885,-16.365417,14.179783,-16.365621,14.179792
0,-16.365969,14.175885,-16.365271,14.179785,-16.365417,14.179783
0,-16.366282,14.179960,-16.366479,14.180058,-16.367886,14.176226
0,-16.366620,14.180142,-16.366719,14.180205,-16.368588,14.176466
0,-16.366282,14.179960,-16.367886,14.176226,-16.367111,14.176056
0,-16.428541,14.169518,-16.426513,14.169548,-16.422036,14.178204
0,-16.368864,14.176479,-16.368588,14.176466,-16.366872,14.180348
0,-16.368588,14.176466,-16.366719,14.180205,-16.366872,14.180348
0,-16.368080,14.176286,-16.366620,14.180142,-16.368588,14.176466
0,-16.369604,14.176153,-16.367092,14.181026,-16.367041,14.181255
0,-16.369427,14.176290,-16.367083,14.180824,-16.367092,14.181026
0,-16.369221,14.176398,-16.367044,14.180641,-16.367083,14.180824
0,-16.369221,14.176398,-16.369046,14.176453,-16.367044,14.180641
0,-16.375628,14.172156,-16.367041,14.181255,-16.366640,14.182304
0,-16.368383,14.197955,-16.366640,14.182304,-16.366288,14.183250
0,-16.367136,14.197416,-16.365571,14.184652,-16.365426,14.184699
0,-16.367657,14.197464,-16.367864,14.197529,-16.365571,14.184652
0,-16.362640,14.185074,-16.365091,14.184605,-16.364926,14.184490
0,-16.362640,14.185074,-16.364926,14.184490,-16.362749,14.184901
0,-16.414688,14.188370,-16.417617,14.182568,-16.385531,14.162136
0,-16.368383,14.197955,-16.366288,14.183250,-16.366092,14.183775
0,-16.368383,14.197955,-16.366092,14.183775,-16.368285,14.197847
0,-16.441573,14.212339,-16.435574,14.209936,-16.441565,14.212367
0,-16.439067,14.216901,-16.435574,14.209936,-16.437795,14.219218
0,-16.427645,14.206128,-16.436045,14.222403,-16.436791,14.221046
0,-16.427645,14.206128,-16.426118,14.235509,-16.430361,14.230564
0,-16.424228,14.237645,-16.426118,14.235509,-16.416242,14.199929
0,-16.428221,14.233668,-16.429213,14.232342,-16.426118,14.235509
0,-16.370168,14.224181,-16.420880,14.241429,-16.416242,14.199929
0,-16.426118,14.235509,-16.427645,14.206128,-16.416242,14.199929
0,-16.434599,14.225269,-16.436045,14.222403,-16.427645,14.206128
0,-16.368320,14.203853,-16.367961,14.205635,-16.416242,14.199929
0,-16.369838,14.222660,-16.370075,14.223750,-16.416242,14.199929
0,-16.367961,14.205635,-16.369838,14.222660,-16.416242,14.199929
0,-16.367045,14.209951,-16.365833,14.213459,-16.366218,14.216249
0,-16.369838,14.222660,-16.367961,14.205635,-16.367710,14.206828
0,-16.368372,14.202985,-16.413242,14.194162,-16.368619,14.198750
0,-16.368520,14.198201,-16.368581,14.198411,-16.413242,14.194162
0,-16.423186,14.238823,-16.424228,14.237645,-16.416242,14.199929
0,-16.415337,14.246707,-16.420880,14.241429,-16.413915,14.247656
0,-16.412064,14.249438,-16.370153,14.225709,-16.369796,14.226811
0,-16.413915,14.247656,-16.370168,14.224181,-16.370153,14.225709
0,-16.420880,14.241429,-16.423186,14.238823,-16.416242,14.199929
0,-16.419098,14.243499,-16.420880,14.241429,-16.415337,14.246707
0,-16.417638,14.245195,-16.419098,14.243499,-16.416759,14.245704
0,-16.395889,14.282723,-16.395672,14.281554,-16.395306,14.285280
0,-16.395265,14.279908,-16.395264,14.279902,-16.395306,14.285280
0,-16.395306,14.285280,-16.347155,14.267637,-16.395285,14.287893
0,-16.395672,14.281554,-16.395265,14.279908,-16.395306,14.285280
0,-16.395264,14.279902,-16.347155,14.267637,-16.395306,14.285280
0,-16.395371,14.277876,-16.347155,14.267637,-16.395264,14.279902
0,-16.347155,14.267637,-16.395311,14.290651,-16.395285,14.287918
0,-16.396819,14.312725,-16.395501,14.306459,-16.378576,14.345013
0,-16.347155,14.267637,-16.395241,14.292857,-16.395311,14.290653
0,-16.347155,14.267637,-16.342332,14.271908,-16.395241,14.292857
0,-16.395612,14.299177,-16.395614,14.299155,-16.395345,14.297683
0,-16.395291,14.303839,-16.395345,14.297683,-16.342332,14.271908
0,-16.395312,14.295342,-16.395242,14.292877,-16.342332,14.271908
0,-16.355888,14.245620,-16.400064,14.269234,-16.363100,14.237373
0,-16.395893,14.282709,-16.395672,14.281554,-16.395889,14.282723
0,-16.401544,14.267273,-16.403505,14.263610,-16.400064,14.269234
0,-16.398005,14.273486,-16.399149,14.271111,-16.396287,14.275955
0,-16.410623,14.251770,-16.369796,14.226811,-16.409245,14.253731
0,-16.368894,14.227748,-16.363800,14.236805,-16.363788,14.236864
0,-16.404849,14.260637,-16.407144,14.257071,-16.363788,14.236864
0,-16.363788,14.236864,-16.369796,14.226811,-16.368894,14.227748
0,-16.363788,14.236864,-16.407144,14.257071,-16.369796,14.226811
0,-16.401544,14.267273,-16.402453,14.265894,-16.403505,14.263610
0,-16.396880,14.310684,-16.396881,14.310655,-16.396325,14.309184
0,-16.378576,14.345013,-16.396820,14.312731,-16.396819,14.312725
0,-16.395291,14.303839,-16.395612,14.299177,-16.395345,14.297683
0,-16.339099,14.271926,-16.374065,14.348601,-16.342332,14.271908
0,-16.395501,14.306459,-16.395292,14.303855,-16.342332,14.271908
0,-16.395292,14.303855,-16.395291,14.303839,-16.342332,14.271908
0,-16.396819,14.312725,-16.396880,14.310684,-16.396325,14.309184
0,-16.397215,14.315299,-16.396820,14.312731,-16.378576,14.345013
0,-16.396325,14.309184,-16.395501,14.306459,-16.396819,14.312725
0,-16.398797,14.317793,-16.398005,14.317102,-16.400006,14.319784
0,-16.398604,14.330017,-16.398005,14.317102,-16.380002,14.344471
0,-16.398005,14.317102,-16.397215,14.315299,-16.380002,14.344471
0,-16.398005,14.317102,-16.399703,14.327959,-16.400006,14.319784
0,-16.401242,14.324757,-16.401440,14.322848,-16.400607,14.321073
0,-16.400607,14.321073,-16.400898,14.326035,-16.401242,14.324757
0,-16.400006,14.319784,-16.399703,14.327959,-16.400607,14.321073
0,-16.397103,14.334555,-16.397969,14.332262,-16.380002,14.344471
0,-16.382014,14.345825,-16.390216,14.345388,-16.381124,14.344573
0,-16.389420,14.350111,-16.385841,14.349988,-16.386868,14.351193
0,-16.392127,14.342457,-16.381124,14.344573,-16.391285,14.343609
0,-16.391285,14.343609,-16.381124,14.344573,-16.391125,14.343828
0,-16.395517,14.337664,-16.396280,14.336431,-16.397103,14.334555
0,-16.397103,14.334555,-16.381124,14.344573,-16.395517,14.337664
0,-16.387947,14.351846,-16.388698,14.351851,-16.389420,14.350111
0,-16.378360,14.359532,-16.377996,14.357690,-16.377269,14.360116
0,-16.378360,14.359532,-16.378925,14.358323,-16.377996,14.357690
0,-16.375670,14.359366,-16.377996,14.357690,-16.376729,14.356847
0,-16.378925,14.358323,-16.378937,14.358299,-16.377996,14.357690
0,-16.377269,14.360116,-16.377996,14.357690,-16.375670,14.359366
0,-16.375670,14.359366,-16.376729,14.356847,-16.375612,14.356013
0,-16.374399,14.359311,-16.375612,14.356013,-16.374903,14.355276
0,-16.372703,14.359438,-16.373877,14.354161,-16.370489,14.359740
0,-16.374399,14.359311,-16.375670,14.359366,-16.375612,14.356013
0,-16.372703,14.359438,-16.374399,14.359311,-16.374903,14.355276
0,-16.370489,14.359740,-16.373877,14.354161,-16.373231,14.353288
0,-16.372703,14.359438,-16.374903,14.355276,-16.373877,14.354161
0,-16.375161,14.347419,-16.342332,14.271908,-16.374065,14.348601
0,-16.372354,14.350889,-16.366937,14.361134,-16.372359,14.350912
0,-16.303571,14.286224,-16.372354,14.350889,-16.372979,14.349836
0,-16.303571,14.286224,-16.364231,14.362949,-16.372354,14.350889
0,-16.389687,14.346756,-16.385339,14.348282,-16.389484,14.348457
0,-16.389484,14.348457,-16.385841,14.349988,-16.389420,14.350111
0,-16.382899,14.346660,-16.385339,14.348282,-16.390216,14.345388
0,-16.385841,14.349988,-16.389484,14.348457,-16.385339,14.348282
0,-16.391125,14.343828,-16.381124,14.344573,-16.390216,14.345388
0,-16.385339,14.348282,-16.382899,14.346660,-16.383833,14.347721
0,-16.390216,14.345388,-16.382014,14.345825,-16.382899,14.346660
0,-16.397103,14.334555,-16.380002,14.344471,-16.381124,14.344573
0,-16.395501,14.306459,-16.342332,14.271908,-16.376877,14.346008
0,-16.380002,14.344471,-16.397215,14.315299,-16.378576,14.345013
0,-16.378576,14.345013,-16.395501,14.306459,-16.376877,14.346008
0,-16.376877,14.346008,-16.342332,14.271908,-16.375161,14.347419
0,-16.363788,14.236864,-16.404081,14.262332,-16.404849,14.260637
0,-16.403505,14.263610,-16.404081,14.262332,-16.363788,14.236864
0,-16.403505,14.263610,-16.363788,14.236864,-16.400064,14.269234
0,-16.400064,14.269234,-16.363763,14.236883,-16.363100,14.237373
0,-16.354846,14.227881,-16.358883,14.233649,-16.356175,14.225604
0,-16.360488,14.233695,-16.356175,14.225604,-16.358883,14.233649
0,-16.356297,14.244497,-16.356311,14.244588,-16.363100,14.237373
0,-16.356099,14.243234,-16.360060,14.237540,-16.358564,14.238059
0,-16.355226,14.241883,-16.355477,14.242204,-16.356210,14.239089
0,-16.355888,14.245620,-16.363100,14.237373,-16.356311,14.244588
0,-16.360060,14.237540,-16.361965,14.237319,-16.361118,14.237311
0,-16.360060,14.237540,-16.361118,14.237311,-16.360215,14.237486
0,-16.372359,14.350912,-16.368305,14.360503,-16.372716,14.352450
0,-16.372354,14.350889,-16.364231,14.362949,-16.365467,14.361857
0,-16.286169,14.297489,-16.300176,14.287959,-16.286639,14.296915
0,-16.359498,14.376138,-16.363442,14.367311,-16.363703,14.364507
0,-16.363831,14.366076,-16.363833,14.366070,-16.363705,14.364533
0,-16.363442,14.367311,-16.363831,14.366076,-16.363705,14.364533
0,-16.363703,14.364507,-16.363442,14.367311,-16.363705,14.364533
0,-16.364231,14.362949,-16.286169,14.297489,-16.363703,14.364507
0,-16.363703,14.364507,-16.358643,14.377236,-16.359498,14.376138
0,-16.363703,14.364507,-16.357594,14.378698,-16.358643,14.377236
0,-16.362657,14.370886,-16.363281,14.368811,-16.363442,14.367311
0,-16.361263,14.373587,-16.362074,14.372670,-16.362657,14.370886
0,-16.363442,14.367311,-16.361263,14.373587,-16.362657,14.370886
0,-16.359498,14.376138,-16.360594,14.374775,-16.361263,14.373587
0,-16.277967,14.302552,-16.252315,14.320263,-16.357594,14.378698
0,-16.355674,14.387784,-16.356103,14.385397,-16.356173,14.384428
0,-16.362426,14.237341,-16.356297,14.244497,-16.363100,14.237373
0,-16.357594,14.378698,-16.356282,14.382502,-16.357196,14.380345
0,-16.246768,14.327448,-16.348168,14.404271,-16.356282,14.382502
0,-16.355674,14.387784,-16.356173,14.384428,-16.356282,14.382502
0,-16.352285,14.397956,-16.355674,14.387784,-16.349087,14.402702
0,-16.355674,14.387784,-16.354883,14.391911,-16.355610,14.389529
0,-16.339595,14.444232,-16.339586,14.442716,-16.323241,14.466594
0,-16.355674,14.387784,-16.352285,14.397956,-16.354883,14.391911
0,-16.399149,14.271111,-16.400064,14.269234,-16.352944,14.252498
0,-16.356101,14.385429,-16.355674,14.387784,-16.356070,14.385857
0,-16.356101,14.385429,-16.356103,14.385397,-16.355674,14.387784
0,-16.356099,14.243234,-16.358564,14.238059,-16.355897,14.242899
0,-16.356210,14.239089,-16.355477,14.242204,-16.355897,14.242899
0,-16.355897,14.242899,-16.358564,14.238059,-16.356210,14.239089
0,-16.354313,14.241085,-16.355226,14.241883,-16.354609,14.239788
0,-16.356153,14.243526,-16.356297,14.244497,-16.362426,14.237341
0,-16.360060,14.237540,-16.356153,14.243526,-16.361965,14.237319
0,-16.360060,14.237540,-16.356138,14.243445,-16.356153,14.243526
0,-16.355226,14.241883,-16.356210,14.239089,-16.354609,14.239788
0,-16.354529,14.239824,-16.354131,14.240573,-16.354609,14.239788
0,-16.354093,14.240211,-16.354131,14.240573,-16.354529,14.239824
0,-16.354313,14.241085,-16.354340,14.241163,-16.355226,14.241883
0,-16.354265,14.240950,-16.354313,14.241085,-16.354609,14.239788
0,-16.354580,14.230346,-16.355042,14.231376,-16.354572,14.230234
0,-16.354846,14.227881,-16.354493,14.228840,-16.354519,14.229570
0,-16.356175,14.225604,-16.360488,14.233695,-16.364412,14.226873
0,-16.360261,14.222331,-16.358895,14.222351,-16.357639,14.223526
0,-16.357639,14.223526,-16.363798,14.224971,-16.360261,14.222331
0,-16.364412,14.226873,-16.361457,14.233814,-16.365185,14.227656
0,-16.361457,14.233814,-16.362909,14.234575,-16.365185,14.227656
0,-16.357639,14.223526,-16.356175,14.225604,-16.363798,14.224971
0,-16.363798,14.224971,-16.356175,14.225604,-16.364412,14.226873
0,-16.361531,14.222487,-16.363798,14.224971,-16.363112,14.222367
0,-16.361531,14.222487,-16.360261,14.222331,-16.363798,14.224971
0,-16.368514,14.220314,-16.367045,14.209951,-16.366218,14.216249
0,-16.362909,14.234575,-16.366074,14.228051,-16.365185,14.227656
0,-16.366888,14.228096,-16.363426,14.235239,-16.367808,14.228184
0,-16.365833,14.213459,-16.365812,14.213278,-16.365809,14.213286
0,-16.365833,14.213459,-16.367045,14.209951,-16.365812,14.213278
0,-16.369807,14.222605,-16.367045,14.209951,-16.368514,14.220314
0,-16.363397,14.235202,-16.363426,14.235239,-16.366888,14.228096
0,-16.363426,14.235239,-16.363881,14.236059,-16.367808,14.228184
0,-16.366074,14.228051,-16.362909,14.234575,-16.366888,14.228096
0,-16.368619,14.198750,-16.368548,14.199117,-16.368372,14.202985
0,-16.368548,14.199117,-16.368017,14.199859,-16.368237,14.202535
0,-16.367710,14.206828,-16.367639,14.207162,-16.369838,14.222660
0,-16.368237,14.202535,-16.367781,14.201542,-16.367925,14.202065
0,-16.367639,14.207162,-16.367437,14.208113,-16.369838,14.222660
0,-16.367437,14.208113,-16.369807,14.222605,-16.369838,14.222660
0,-16.365812,14.213278,-16.367045,14.209951,-16.365811,14.213273
0,-16.368067,14.197645,-16.368194,14.197744,-16.365688,14.184557
0,-16.368372,14.202985,-16.368548,14.199117,-16.368237,14.202535
0,-16.366640,14.182304,-16.368383,14.197955,-16.375628,14.172156
0,-16.368520,14.198201,-16.375628,14.172156,-16.368383,14.197955
0,-16.367936,14.197564,-16.368067,14.197645,-16.365688,14.184557
0,-16.365571,14.184652,-16.367878,14.197534,-16.365688,14.184557
0,-16.367651,14.197462,-16.367657,14.197464,-16.365571,14.184652
0,-16.364232,14.196705,-16.367136,14.197416,-16.362609,14.195308
0,-16.365571,14.184652,-16.367136,14.197416,-16.367460,14.197427
0,-16.364232,14.196705,-16.366922,14.197442,-16.367136,14.197416
0,-16.364232,14.196705,-16.366712,14.197494,-16.366922,14.197442
0,-16.364232,14.196705,-16.366415,14.197620,-16.366712,14.197494
0,-16.364251,14.196781,-16.366141,14.197758,-16.366415,14.197620
0,-16.364929,14.197672,-16.365065,14.197739,-16.365254,14.197804
0,-16.364929,14.197672,-16.364251,14.196781,-16.364803,14.197595
0,-16.364251,14.196781,-16.365808,14.197840,-16.365956,14.197814
0,-16.364251,14.196781,-16.365451,14.197842,-16.365808,14.197840
0,-16.365808,14.197840,-16.365451,14.197842,-16.365651,14.197852
0,-16.364803,14.197595,-16.364251,14.196781,-16.364514,14.197325
0,-16.364612,14.197437,-16.364803,14.197595,-16.364514,14.197325
0,-16.364604,14.197431,-16.364612,14.197437,-16.364514,14.197325
0,-16.364514,14.197325,-16.364251,14.196781,-16.364355,14.197077
0,-16.364251,14.196781,-16.366415,14.197620,-16.364232,14.196705
0,-16.364248,14.196771,-16.364251,14.196781,-16.364232,14.196705
0,-16.362105,14.185544,-16.361772,14.194886,-16.362609,14.195308
0,-16.338606,14.452321,-16.337594,14.456368,-16.338274,14.454511
0,-16.328394,14.467309,-16.329926,14.468415,-16.335036,14.466548
0,-16.323241,14.466594,-16.326390,14.466948,-16.336918,14.459066
0,-16.326390,14.466948,-16.328394,14.467309,-16.336020,14.462004
0,-16.328394,14.467309,-16.335620,14.465035,-16.336020,14.462004
0,-16.334175,14.468425,-16.331746,14.469705,-16.333329,14.470265
0,-16.332392,14.470376,-16.333329,14.470265,-16.331746,14.469705
0,-16.323656,14.472260,-16.321366,14.471994,-16.322028,14.479718
0,-16.336918,14.459066,-16.326390,14.466948,-16.336020,14.462004
0,-16.337594,14.456368,-16.323241,14.466594,-16.336918,14.459066
0,-16.338606,14.452321,-16.323241,14.466594,-16.337594,14.456368
0,-16.322028,14.479718,-16.321366,14.471994,-16.318601,14.472009
0,-16.229404,14.442430,-16.320300,14.469212,-16.336570,14.429598
0,-16.322028,14.479718,-16.318601,14.472009,-16.317552,14.472015
0,-16.321875,14.479986,-16.322028,14.479718,-16.317552,14.472015
0,-16.229404,14.442430,-16.318784,14.470800,-16.320300,14.469212
0,-16.321875,14.479986,-16.317552,14.472015,-16.320720,14.482794
0,-16.317552,14.472015,-16.319145,14.486537,-16.320720,14.482794
0,-16.229404,14.442430,-16.317552,14.472015,-16.318784,14.470800
0,-16.301606,14.495957,-16.317139,14.489245,-16.317552,14.472015
0,-16.294312,14.494615,-16.317552,14.472015,-16.293080,14.494345
0,-16.229404,14.442430,-16.291762,14.495366,-16.293080,14.494345
0,-16.240245,14.575380,-16.292829,14.515791,-16.290120,14.507121
0,-16.304826,14.496400,-16.317139,14.489245,-16.301606,14.495957
0,-16.314505,14.494032,-16.310132,14.497477,-16.314384,14.494420
0,-16.301606,14.495957,-16.317552,14.472015,-16.296302,14.495065
0,-16.296302,14.495065,-16.317552,14.472015,-16.294312,14.494615
0,-16.248869,14.575789,-16.251383,14.576157,-16.257372,14.575961
0,-16.289632,14.504000,-16.188104,14.492708,-16.290120,14.507121
0,-16.291762,14.495366,-16.289878,14.496852,-16.290821,14.496293
0,-16.194334,14.467801,-16.193002,14.471243,-16.192395,14.473398
0,-16.183755,14.480475,-16.191607,14.473517,-16.187368,14.473827
0,-16.188622,14.491168,-16.188104,14.492708,-16.289497,14.502971
0,-16.181502,14.483272,-16.180701,14.485059,-16.183529,14.489485
0,-16.290120,14.507121,-16.292829,14.515791,-16.292587,14.514574
0,-16.240245,14.575380,-16.248869,14.575789,-16.292829,14.515791
0,-16.293456,14.516092,-16.292829,14.515791,-16.294548,14.518953
0,-16.248869,14.575789,-16.294538,14.523263,-16.294175,14.521882
0,-16.257372,14.575961,-16.296343,14.528508,-16.295403,14.525609
0,-16.292829,14.515791,-16.294237,14.520430,-16.294548,14.518953
0,-16.292829,14.515791,-16.294175,14.521882,-16.294237,14.520430
0,-16.294538,14.523263,-16.257372,14.575961,-16.295403,14.525609
0,-16.295339,14.517105,-16.294923,14.518398,-16.295582,14.517656
0,-16.293456,14.516092,-16.294548,14.518953,-16.294923,14.518398
0,-16.295582,14.517656,-16.295862,14.517102,-16.295339,14.517105
0,-16.294923,14.518398,-16.294711,14.516695,-16.293456,14.516092
0,-16.295339,14.517105,-16.295339,14.516996,-16.294711,14.516695
0,-16.314384,14.494420,-16.310132,14.497477,-16.313565,14.497045
0,-16.310132,14.497477,-16.314505,14.494032,-16.307763,14.497030
0,-16.307763,14.497030,-16.314505,14.494032,-16.304826,14.496400
0,-16.312601,14.498951,-16.313565,14.497045,-16.312595,14.498017
0,-16.296343,14.528508,-16.257372,14.575961,-16.261384,14.576365
0,-16.301044,14.541005,-16.301099,14.540790,-16.300924,14.541035
0,-16.300650,14.536712,-16.300584,14.536713,-16.301368,14.538230
0,-16.300584,14.536713,-16.300601,14.536589,-16.299785,14.534505
0,-16.308327,14.559688,-16.307961,14.546429,-16.306432,14.545061
0,-16.310164,14.556903,-16.311172,14.556569,-16.312788,14.554338
0,-16.308327,14.559688,-16.306432,14.545061,-16.303923,14.543171
0,-16.295057,14.576137,-16.301087,14.541176,-16.300924,14.541035
0,-16.308327,14.559688,-16.309086,14.558659,-16.307961,14.546429
0,-16.310035,14.548004,-16.312099,14.548099,-16.311772,14.547889
0,-16.310035,14.548004,-16.313313,14.551160,-16.312099,14.548099
0,-16.312788,14.554338,-16.310035,14.548004,-16.310164,14.556903
0,-16.309377,14.547056,-16.307961,14.546429,-16.310035,14.548004
0,-16.312788,14.554338,-16.313313,14.551160,-16.310035,14.548004
0,-16.313077,14.548093,-16.312401,14.548097,-16.313296,14.548303
0,-16.312798,14.556031,-16.312788,14.554338,-16.311172,14.556569
0,-16.307961,14.546429,-16.310164,14.556903,-16.310035,14.548004
0,-16.307961,14.546429,-16.309086,14.558659,-16.309844,14.557444
0,-16.303923,14.543171,-16.301087,14.541176,-16.308327,14.559688
0,-16.307431,14.574500,-16.307491,14.574217,-16.304793,14.575360
0,-16.307431,14.574500,-16.306571,14.575580,-16.307470,14.574497
0,-16.307431,14.574500,-16.304793,14.575360,-16.306571,14.575580
0,-16.300590,14.574612,-16.308675,14.568271,-16.307967,14.564994
0,-16.295057,14.576137,-16.308047,14.560901,-16.301087,14.541176
0,-16.308327,14.559688,-16.301087,14.541176,-16.308047,14.560901
0,-16.303034,14.575142,-16.307491,14.574217,-16.308675,14.568271
0,-16.295057,14.576137,-16.285924,14.578108,-16.290365,14.578266
0,-16.285924,14.578108,-16.295057,14.576137,-16.283232,14.577484
0,-16.273218,14.577810,-16.300924,14.541035,-16.261384,14.576365
0,-16.230989,14.580948,-16.238169,14.579316,-16.240245,14.575380
0,-16.234884,14.582261,-16.231221,14.581217,-16.232298,14.582472
0,-16.234884,14.582261,-16.230989,14.580948,-16.231221,14.581217
0,-16.269534,14.578002,-16.273218,14.577810,-16.268441,14.577863
0,-16.268441,14.577863,-16.273218,14.577810,-16.268441,14.577863
0,-16.268441,14.577863,-16.273218,14.577810,-16.266041,14.577560
0,-16.257372,14.575961,-16.251383,14.576157,-16.253992,14.576539
0,-16.257372,14.575961,-16.294538,14.523263,-16.248869,14.575789
0,-16.276469,14.578524,-16.279556,14.577450,-16.273218,14.577810
0,-16.283232,14.577484,-16.300924,14.541035,-16.279556,14.577450
0,-16.266041,14.577560,-16.273218,14.577810,-16.261384,14.576365
0,-16.266041,14.577560,-16.261384,14.576365,-16.263636,14.577302
0,-16.296920,14.530026,-16.296343,14.528508,-16.261384,14.576365
0,-16.300584,14.536713,-16.300591,14.536682,-16.300601,14.536589
0,-16.300584,14.536713,-16.301343,14.538472,-16.301368,14.538230
0,-16.297923,14.531680,-16.300584,14.536713,-16.299785,14.534505
0,-16.300924,14.541035,-16.301343,14.538472,-16.300584,14.536713
0,-16.307967,14.564994,-16.298270,14.574679,-16.300590,14.574612
0,-16.307867,14.562672,-16.308047,14.560901,-16.298270,14.574679
0,-16.292829,14.515791,-16.248869,14.575789,-16.294175,14.521882
0,-16.245714,14.575987,-16.248869,14.575789,-16.240245,14.575380
0,-16.245714,14.575987,-16.240894,14.575533,-16.243200,14.576144
0,-16.245714,14.575987,-16.240245,14.575380,-16.240894,14.575533
0,-16.290120,14.507121,-16.186890,14.495105,-16.240245,14.575380
0,-16.185571,14.561176,-16.176431,14.519662,-16.175416,14.520811
0,-16.174925,14.557586,-16.177894,14.559126,-16.181100,14.559942
0,-16.186364,14.568368,-16.187548,14.569331,-16.186420,14.564680
0,-16.167793,14.560472,-16.169209,14.560752,-16.170445,14.560516
0,-16.163980,14.551654,-16.167793,14.560472,-16.171752,14.560035
0,-16.174925,14.557586,-16.181100,14.559942,-16.167968,14.544968
0,-16.174925,14.557586,-16.167968,14.544968,-16.167631,14.546387
0,-16.163988,14.551634,-16.166983,14.548654,-16.166738,14.548698
0,-16.174925,14.557586,-16.167631,14.546387,-16.167406,14.547321
0,-16.171752,14.560035,-16.167793,14.560472,-16.170445,14.560516
0,-16.163969,14.551662,-16.164338,14.559854,-16.165275,14.560219
0,-16.182368,14.560292,-16.185571,14.561176,-16.174300,14.522110
0,-16.193903,14.569193,-16.186446,14.562961,-16.186420,14.564680
0,-16.174925,14.557586,-16.166983,14.548654,-16.171752,14.560035
0,-16.217854,14.576155,-16.219836,14.576319,-16.208956,14.572466
0,-16.193903,14.569193,-16.186420,14.564680,-16.189468,14.570253
0,-16.208956,14.572466,-16.219836,14.576319,-16.221060,14.576421
0,-16.186446,14.562961,-16.196002,14.568692,-16.186442,14.561516
0,-16.204847,14.569404,-16.240245,14.575380,-16.201975,14.567265
0,-16.240245,14.575380,-16.225256,14.577366,-16.225310,14.577400
0,-16.240245,14.575380,-16.221060,14.576421,-16.225256,14.577366
0,-16.240245,14.575380,-16.204847,14.569404,-16.221060,14.576421
0,-16.217854,14.576155,-16.208956,14.572466,-16.216542,14.575997
0,-16.198518,14.568091,-16.186442,14.561516,-16.196002,14.568692
0,-16.196002,14.568692,-16.186446,14.562961,-16.193903,14.569193
0,-16.201975,14.567265,-16.186442,14.561516,-16.198518,14.568091
0,-16.201975,14.567265,-16.176582,14.519440,-16.186442,14.561516
0,-16.189468,14.570253,-16.186420,14.564680,-16.187548,14.569331
0,-16.161742,14.556484,-16.163849,14.551722,-16.163691,14.551800
0,-16.161397,14.554436,-16.163691,14.551800,-16.161427,14.553063
0,-16.167793,14.560472,-16.165275,14.560219,-16.166377,14.560703
0,-16.164338,14.559854,-16.161967,14.557325,-16.163261,14.559434
0,-16.165275,14.560219,-16.163980,14.551654,-16.163969,14.551662
0,-16.164338,14.559854,-16.161742,14.556484,-16.161967,14.557325
0,-16.163261,14.559434,-16.161967,14.557325,-16.162445,14.559116
0,-16.161742,14.556484,-16.163691,14.551800,-16.161553,14.555337
0,-16.161553,14.555337,-16.163691,14.551800,-16.161488,14.554987
0,-16.161274,14.553726,-16.161427,14.553063,-16.161081,14.553319
0,-16.161488,14.554987,-16.163691,14.551800,-16.161397,14.554436
0,-16.161397,14.554436,-16.161427,14.553063,-16.161274,14.553726
0,-16.163987,14.551641,-16.166983,14.548654,-16.163988,14.551634
0,-16.161742,14.556484,-16.163969,14.551662,-16.163940,14.551676
0,-16.161742,14.556484,-16.164338,14.559854,-16.163969,14.551662
0,-16.161742,14.556484,-16.163887,14.551703,-16.163849,14.551722
0,-16.165303,14.548901,-16.163988,14.551634,-16.166738,14.548698
0,-16.167218,14.547956,-16.174925,14.557586,-16.167406,14.547321
0,-16.163980,14.551654,-16.171752,14.560035,-16.163987,14.551641
0,-16.166983,14.548654,-16.174925,14.557586,-16.167218,14.547956
0,-16.163987,14.551641,-16.171752,14.560035,-16.166983,14.548654
0,-16.165303,14.548901,-16.164462,14.549507,-16.163988,14.551634
0,-16.164855,14.549028,-16.164462,14.549507,-16.165303,14.548901
0,-16.164462,14.549507,-16.164855,14.549028,-16.164692,14.549106
0,-16.164692,14.549106,-16.164855,14.549028,-16.164714,14.549068
0,-16.169335,14.526709,-16.165034,14.539020,-16.167968,14.544968
0,-16.165029,14.539536,-16.167968,14.544968,-16.165034,14.539020
0,-16.165029,14.539536,-16.165034,14.539020,-16.165027,14.539163
0,-16.164329,14.536756,-16.165026,14.539008,-16.165034,14.539020
0,-16.164329,14.536756,-16.167456,14.528221,-16.164895,14.530406
0,-16.164329,14.536756,-16.165034,14.539020,-16.167456,14.528221
0,-16.164329,14.536756,-16.164895,14.530406,-16.163104,14.532085
0,-16.176452,14.497901,-16.184134,14.496133,-16.177629,14.496646
0,-16.167968,14.544968,-16.182368,14.560292,-16.174300,14.522110
0,-16.167968,14.544968,-16.174300,14.522110,-16.173081,14.523260
0,-16.169335,14.526709,-16.172319,14.524046,-16.170941,14.525071
0,-16.167968,14.544968,-16.173081,14.523260,-16.172319,14.524046
0,-16.167456,14.528221,-16.165034,14.539020,-16.169335,14.526709
0,-16.175416,14.520811,-16.176431,14.519662,-16.175872,14.520063
0,-16.174300,14.522110,-16.185571,14.561176,-16.175416,14.520811
0,-16.201975,14.567265,-16.186890,14.495105,-16.176758,14.518556
0,-16.176345,14.515003,-16.185321,14.496821,-16.176139,14.513274
0,-16.176850,14.517210,-16.185321,14.496821,-16.176345,14.515003
0,-16.185321,14.496821,-16.175531,14.510203,-16.176139,14.513274
0,-16.289632,14.504000,-16.289497,14.502971,-16.188104,14.492708
0,-16.184134,14.496133,-16.175095,14.502327,-16.185321,14.496821
0,-16.175095,14.502327,-16.184134,14.496133,-16.176452,14.497901
0,-16.175095,14.502327,-16.176452,14.497901,-16.175084,14.500310
0,-16.175205,14.504440,-16.175514,14.506937,-16.185321,14.496821
0,-16.175531,14.510203,-16.185321,14.496821,-16.175514,14.506937
0,-16.175084,14.500310,-16.176452,14.497901,-16.175276,14.499252
0,-16.289497,14.502971,-16.289878,14.496852,-16.188622,14.491168
0,-16.186890,14.495105,-16.290120,14.507121,-16.188104,14.492708
0,-16.184313,14.474035,-16.183821,14.474229,-16.183635,14.476344
0,-16.194334,14.467801,-16.223329,14.443627,-16.195073,14.465678
0,-16.202497,14.446864,-16.201336,14.447919,-16.200254,14.450176
0,-16.228907,14.442627,-16.289878,14.496852,-16.229404,14.442430
0,-16.188622,14.491168,-16.192395,14.473398,-16.191607,14.473517
0,-16.188622,14.491168,-16.289878,14.496852,-16.192395,14.473398
0,-16.195364,14.464141,-16.223329,14.443627,-16.195653,14.462021
0,-16.198747,14.451480,-16.197406,14.453241,-16.200254,14.450176
0,-16.176084,14.407785,-16.182901,14.405532,-16.183228,14.403557
0,-16.195777,14.457123,-16.195796,14.460631,-16.197406,14.453241
0,-16.195653,14.462021,-16.223329,14.443627,-16.195796,14.460631
0,-16.195364,14.464141,-16.195073,14.465678,-16.223329,14.443627
0,-16.184313,14.474035,-16.183635,14.476344,-16.187368,14.473827
0,-16.182575,14.481057,-16.181502,14.483272,-16.183755,14.480475
0,-16.187368,14.473827,-16.183635,14.476344,-16.183651,14.479322
0,-16.176850,14.517210,-16.186890,14.495105,-16.185321,14.496821
0,-16.201975,14.567265,-16.240245,14.575380,-16.186890,14.495105
0,-16.183529,14.489485,-16.185988,14.490327,-16.181502,14.483272
0,-16.188622,14.491168,-16.183755,14.480475,-16.185988,14.490327
0,-16.182454,14.495469,-16.181564,14.494993,-16.179986,14.494905
0,-16.182454,14.495469,-16.179986,14.494905,-16.177629,14.496646
0,-16.179986,14.494905,-16.179000,14.494910,-16.177629,14.496646
0,-16.180362,14.487281,-16.183529,14.489485,-16.180701,14.485059
0,-16.180362,14.487281,-16.180367,14.488135,-16.183529,14.489485
0,-16.139638,14.403290,-16.141822,14.361473,-16.137249,14.361346
0,-16.138398,14.403874,-16.139638,14.403290,-16.136989,14.403954
0,-16.128416,14.401571,-16.131878,14.403255,-16.134111,14.403371
0,-16.165493,14.362425,-16.163603,14.362460,-16.162762,14.403611
0,-16.163603,14.362460,-16.155321,14.362369,-16.157807,14.403283
0,-16.142707,14.402995,-16.141822,14.361473,-16.139638,14.403290
0,-16.157807,14.403283,-16.160256,14.403361,-16.163603,14.362460
0,-16.155070,14.402980,-16.157807,14.403283,-16.155321,14.362369
0,-16.147955,14.363158,-16.155321,14.362369,-16.150481,14.362395
0,-16.142707,14.402995,-16.146062,14.402617,-16.147955,14.363158
0,-16.149132,14.402512,-16.151821,14.402580,-16.147955,14.363158
0,-16.128416,14.401571,-16.129775,14.402506,-16.131878,14.403255
0,-16.120877,14.394373,-16.122171,14.396155,-16.139638,14.403290
0,-16.117548,14.389112,-16.119492,14.392591,-16.116520,14.385271
0,-16.137249,14.361346,-16.116520,14.385271,-16.120877,14.394373
0,-16.137249,14.361346,-16.133438,14.361067,-16.116520,14.385271
0,-16.115867,14.383128,-16.133438,14.361067,-16.115402,14.381878
0,-16.114478,14.380452,-16.111892,14.377065,-16.112910,14.378849
0,-16.119492,14.392591,-16.120877,14.394373,-16.116520,14.385271
0,-16.118293,14.391166,-16.119492,14.392591,-16.117548,14.389112
0,-16.131878,14.403255,-16.129775,14.402506,-16.131141,14.403159
0,-16.122171,14.396155,-16.123556,14.397848,-16.134111,14.403371
0,-16.128416,14.401571,-16.123556,14.397848,-16.126282,14.400608
0,-16.126282,14.400608,-16.123556,14.397848,-16.125754,14.400324
0,-16.170297,14.405935,-16.166481,14.405121,-16.167893,14.405593
0,-16.166481,14.405121,-16.183561,14.402678,-16.162762,14.403611
0,-16.185023,14.402671,-16.194252,14.400580,-16.184066,14.402566
0,-16.172788,14.406924,-16.183561,14.402678,-16.170297,14.405935
0,-16.178620,14.357227,-16.177891,14.357646,-16.197725,14.399175
0,-16.166481,14.405121,-16.162762,14.403611,-16.164028,14.404500
0,-16.208801,14.399735,-16.232458,14.328374,-16.205944,14.397900
0,-16.186773,14.348900,-16.181558,14.355540,-16.205944,14.397900
0,-16.199463,14.398858,-16.202782,14.398224,-16.181558,14.355540
0,-16.186599,14.402828,-16.188962,14.403199,-16.190784,14.402911
0,-16.194252,14.400580,-16.186599,14.402828,-16.190784,14.402911
0,-16.182440,14.410013,-16.182669,14.410055,-16.182640,14.409261
0,-16.190784,14.402911,-16.188962,14.403199,-16.189488,14.403306
0,-16.185023,14.402671,-16.186599,14.402828,-16.194252,14.400580
0,-16.177869,14.408535,-16.182683,14.406904,-16.182901,14.405532
0,-16.177869,14.408535,-16.179560,14.409060,-16.182683,14.406904
0,-16.202497,14.446864,-16.205586,14.442477,-16.204080,14.444052
0,-16.182901,14.405532,-16.176084,14.407785,-16.177869,14.408535
0,-16.183228,14.403557,-16.183561,14.402678,-16.174719,14.407448
0,-16.183228,14.403557,-16.174719,14.407448,-16.176084,14.407785
0,-16.183561,14.402678,-16.172788,14.406924,-16.174719,14.407448
0,-16.182683,14.406904,-16.179560,14.409060,-16.182578,14.408165
0,-16.179560,14.409060,-16.182440,14.410013,-16.182640,14.409261
0,-16.182578,14.408165,-16.179560,14.409060,-16.182640,14.409261
0,-16.223329,14.443627,-16.205586,14.442477,-16.202497,14.446864
0,-16.223329,14.443627,-16.194334,14.467801,-16.225421,14.443228
0,-16.214816,14.434870,-16.213591,14.435798,-16.218011,14.437340
0,-16.221424,14.441597,-16.210295,14.438673,-16.208036,14.440713
0,-16.218011,14.437340,-16.215375,14.434544,-16.214816,14.434870
0,-16.218011,14.437340,-16.213591,14.435798,-16.211800,14.437006
0,-16.218011,14.437340,-16.211800,14.437006,-16.210295,14.438673
0,-16.336626,14.425345,-16.225750,14.427622,-16.225836,14.428069
0,-16.225750,14.427622,-16.225752,14.427977,-16.225836,14.428069
0,-16.224985,14.426058,-16.225750,14.427622,-16.337700,14.420385
0,-16.225836,14.428069,-16.225844,14.429527,-16.226154,14.431565
0,-16.223329,14.443627,-16.200254,14.450176,-16.195796,14.460631
0,-16.221424,14.441597,-16.208036,14.440713,-16.223329,14.443627
0,-16.228907,14.442627,-16.192395,14.473398,-16.289878,14.496852
0,-16.227313,14.442927,-16.192395,14.473398,-16.228907,14.442627
0,-16.225421,14.443228,-16.192395,14.473398,-16.227313,14.442927
0,-16.339606,14.446083,-16.339605,14.445949,-16.339276,14.448612
0,-16.339605,14.445949,-16.339595,14.444232,-16.339276,14.448612
0,-16.339029,14.436320,-16.338329,14.434808,-16.339388,14.438507
0,-16.338329,14.434808,-16.337629,14.433297,-16.339421,14.438892
0,-16.337629,14.433297,-16.323241,14.466594,-16.339586,14.442716
0,-16.337099,14.431447,-16.336570,14.429598,-16.323241,14.466594
0,-16.336570,14.429598,-16.322386,14.467157,-16.323241,14.466594
0,-16.336556,14.427240,-16.229404,14.442430,-16.336570,14.429598
0,-16.336626,14.425345,-16.228384,14.438258,-16.336556,14.427240
0,-16.225844,14.429527,-16.225951,14.430789,-16.226154,14.431565
0,-16.246768,14.327448,-16.339435,14.417229,-16.340633,14.415596
0,-16.246644,14.327531,-16.245602,14.328231,-16.339435,14.417229
0,-16.338178,14.419659,-16.339435,14.417229,-16.337700,14.420385
0,-16.337700,14.420385,-16.225750,14.427622,-16.337022,14.423182
0,-16.342520,14.413229,-16.344062,14.411030,-16.345087,14.409172
0,-16.342520,14.413229,-16.345087,14.409172,-16.340633,14.415596
0,-16.352285,14.397956,-16.353813,14.395894,-16.354340,14.394246
0,-16.354883,14.391911,-16.352285,14.397956,-16.354340,14.394246
0,-16.349087,14.402702,-16.351322,14.399688,-16.352285,14.397956
0,-16.349087,14.402702,-16.350459,14.401203,-16.351322,14.399688
0,-16.349087,14.402702,-16.356282,14.382502,-16.348168,14.404271
0,-16.348168,14.404271,-16.345087,14.409172,-16.346971,14.406298
0,-16.224985,14.426058,-16.222139,14.420325,-16.223361,14.423209
0,-16.222139,14.420325,-16.222278,14.420744,-16.222913,14.422260
0,-16.337022,14.423182,-16.225750,14.427622,-16.336626,14.425345
0,-16.222139,14.420325,-16.224985,14.426058,-16.337700,14.420385
0,-16.222139,14.420325,-16.222913,14.422260,-16.223361,14.423209
0,-16.222990,14.422656,-16.223361,14.423209,-16.222913,14.422260
0,-16.211024,14.401266,-16.219706,14.418095,-16.221297,14.419072
0,-16.211024,14.401266,-16.210880,14.403888,-16.219706,14.418095
0,-16.210108,14.407438,-16.216734,14.417514,-16.218098,14.417615
0,-16.214136,14.417346,-16.208565,14.414539,-16.211826,14.417232
0,-16.211826,14.417232,-16.208565,14.414539,-16.210694,14.417039
0,-16.245602,14.328231,-16.211024,14.401266,-16.221297,14.419072
0,-16.218098,14.417615,-16.210880,14.403888,-16.210108,14.407438
0,-16.218098,14.417615,-16.219706,14.418095,-16.210880,14.403888
0,-16.232458,14.328374,-16.226025,14.327400,-16.205944,14.397900
0,-16.211024,14.401266,-16.238850,14.328474,-16.232458,14.328374
0,-16.208624,14.416742,-16.208565,14.414539,-16.207686,14.416525
0,-16.208624,14.416742,-16.210694,14.417039,-16.208565,14.414539
0,-16.356282,14.382502,-16.252315,14.320263,-16.246768,14.327448
0,-16.248437,14.322808,-16.246768,14.327448,-16.251727,14.320675
0,-16.193949,14.324856,-16.197114,14.322815,-16.193949,14.324856
0,-16.250907,14.310869,-16.250795,14.310897,-16.252315,14.320263
0,-16.250963,14.310834,-16.252639,14.310127,-16.250963,14.310821
0,-16.250795,14.310897,-16.250059,14.310872,-16.252315,14.320263
0,-16.252315,14.320263,-16.250963,14.310834,-16.250907,14.310869
0,-16.354378,14.188648,-16.354586,14.187534,-16.353911,14.188015
0,-16.282173,14.296222,-16.277967,14.302552,-16.286169,14.297489
0,-16.252315,14.320263,-16.251727,14.320675,-16.246768,14.327448
0,-16.260862,14.298572,-16.252639,14.310127,-16.277211,14.302141
0,-16.277211,14.302141,-16.252315,14.320263,-16.277967,14.302552
0,-16.277211,14.302141,-16.252639,14.310127,-16.252315,14.320263
0,-16.292378,14.290838,-16.292135,14.291031,-16.300176,14.287959
0,-16.300844,14.287731,-16.364231,14.362949,-16.300944,14.287676
0,-16.277967,14.302552,-16.363703,14.364507,-16.286169,14.297489
0,-16.300176,14.287959,-16.292135,14.291031,-16.286639,14.296915
0,-16.292135,14.291031,-16.289676,14.292989,-16.286639,14.296915
0,-16.305515,14.279305,-16.306045,14.278491,-16.305869,14.278614
0,-16.305515,14.279305,-16.306942,14.277863,-16.306045,14.278491
0,-16.304895,14.284327,-16.304234,14.285274,-16.332879,14.271234
0,-16.311662,14.275269,-16.311373,14.275418,-16.304895,14.284327
0,-16.319264,14.272662,-16.304895,14.284327,-16.332879,14.271234
0,-16.364231,14.362949,-16.303571,14.286224,-16.300944,14.287676
0,-16.372979,14.349836,-16.339099,14.271926,-16.303571,14.286224
0,-16.300176,14.287959,-16.286169,14.297489,-16.300844,14.287731
0,-16.348354,14.260234,-16.350064,14.257781,-16.349216,14.258409
0,-16.352944,14.252498,-16.355888,14.245620,-16.353834,14.248000
0,-16.349216,14.258409,-16.349073,14.258476,-16.348354,14.260234
0,-16.353834,14.248000,-16.355822,14.245642,-16.353834,14.247968
0,-16.396287,14.275955,-16.399149,14.271111,-16.352944,14.252498
0,-16.348354,14.260234,-16.350877,14.257211,-16.350064,14.257781
0,-16.395371,14.277876,-16.396287,14.275955,-16.350877,14.257211
0,-16.354131,14.240573,-16.354265,14.240950,-16.354609,14.239788
0,-16.353255,14.246479,-16.353256,14.246483,-16.355822,14.245642
0,-16.353256,14.246483,-16.353834,14.247968,-16.355822,14.245642
0,-16.353830,14.247989,-16.353834,14.248000,-16.353834,14.247968
0,-16.321428,14.269134,-16.322057,14.269273,-16.321500,14.269120
0,-16.304895,14.284327,-16.309762,14.276295,-16.304896,14.284293
0,-16.322057,14.269273,-16.320113,14.270401,-16.319975,14.271355
0,-16.315991,14.273395,-16.313094,14.274434,-16.316293,14.273359
0,-16.322057,14.269273,-16.319975,14.271355,-16.319855,14.272234
0,-16.319855,14.272234,-16.319264,14.272662,-16.332879,14.271234
0,-16.316293,14.273359,-16.313094,14.274434,-16.317274,14.273243
0,-16.309762,14.276295,-16.306942,14.277863,-16.304982,14.281604
0,-16.319264,14.272662,-16.318795,14.272799,-16.304895,14.284327
0,-16.313094,14.274434,-16.311662,14.275269,-16.317274,14.273243
0,-16.204343,14.325397,-16.193322,14.334876,-16.206347,14.325652
0,-16.185368,14.350143,-16.183270,14.351998,-16.182476,14.353650
0,-16.193322,14.334876,-16.191988,14.339519,-16.206347,14.325652
0,-16.246768,14.327448,-16.246644,14.327531,-16.339435,14.417229
0,-16.246768,14.327448,-16.248437,14.322808,-16.244651,14.325798
0,-16.232458,14.328374,-16.230720,14.327717,-16.226025,14.327400
0,-16.245602,14.328231,-16.242346,14.328557,-16.211024,14.401266
0,-16.242346,14.328557,-16.238850,14.328474,-16.211024,14.401266
0,-16.211024,14.401266,-16.232458,14.328374,-16.208801,14.399735
0,-16.214244,14.326654,-16.191988,14.339519,-16.214365,14.326670
0,-16.191988,14.339519,-16.190280,14.342795,-16.189637,14.344580
0,-16.224232,14.327279,-16.189637,14.344580,-16.205944,14.397900
0,-16.178620,14.357227,-16.197725,14.399175,-16.181558,14.355540
0,-16.181558,14.355540,-16.197725,14.399175,-16.199463,14.398858
0,-16.183561,14.402678,-16.184066,14.402566,-16.171729,14.360927
0,-16.189637,14.344580,-16.188049,14.346975,-16.205944,14.397900
0,-16.183270,14.351998,-16.182417,14.352839,-16.182476,14.353650
0,-16.182461,14.352163,-16.182417,14.352839,-16.183270,14.351998
0,-16.182369,14.352182,-16.182417,14.352839,-16.182461,14.352163
0,-16.183561,14.402678,-16.165493,14.362425,-16.162762,14.403611
0,-16.155070,14.402980,-16.155321,14.362369,-16.151821,14.402580
0,-16.151821,14.402580,-16.155321,14.362369,-16.147955,14.363158
0,-16.162762,14.403611,-16.163603,14.362460,-16.160256,14.403361
0,-16.149132,14.402512,-16.147955,14.363158,-16.146062,14.402617
0,-16.107211,14.368266,-16.113809,14.363972,-16.105965,14.366914
0,-16.113809,14.363972,-16.110690,14.375104,-16.111892,14.377065
0,-16.113809,14.363972,-16.109764,14.373498,-16.110690,14.375104
0,-16.108652,14.371178,-16.109301,14.372516,-16.113809,14.363972
0,-16.107211,14.368266,-16.107540,14.368858,-16.113809,14.363972
0,-16.113809,14.363972,-16.107540,14.368858,-16.108280,14.370107
0,-16.107211,14.368266,-16.105965,14.366914,-16.105488,14.367761
0,-16.126120,14.360805,-16.115402,14.381878,-16.133438,14.361067
0,-16.114478,14.380452,-16.115402,14.381878,-16.126120,14.360805
0,-16.111892,14.377065,-16.119762,14.362359,-16.113809,14.363972
0,-16.165493,14.362425,-16.183561,14.402678,-16.170056,14.361329
0,-16.144871,14.361607,-16.147955,14.363158,-16.148071,14.361443
0,-16.141822,14.361473,-16.147955,14.363158,-16.144871,14.361607
0,-16.197725,14.399175,-16.174425,14.359637,-16.194252,14.400580
0,-16.174425,14.359637,-16.184066,14.402566,-16.194252,14.400580
0,-16.171729,14.360927,-16.184066,14.402566,-16.174425,14.359637
0,-16.170056,14.361329,-16.183561,14.402678,-16.171729,14.360927
0,-16.114478,14.380452,-16.126120,14.360805,-16.119762,14.362359
0,-16.126120,14.360805,-16.123547,14.360756,-16.119762,14.362359
0,-16.126120,14.360805,-16.123814,14.360636,-16.123547,14.360756
