109,11,32,98,30,
0,-14.437948,14.082156,-14.454936,14.093810,-14.454026,14.092742
0,-14.584830,14.146544,-14.585458,14.152666,-14.585445,14.149303
0,-14.588403,14.117191,-14.588872,14.114289,-14.587985,14.118067
0,-14.400183,14.622325,-14.382596,14.618807,-14.396669,14.623475
0,-14.411445,14.041209,-14.410862,14.039979,-14.106613,13.966374
0,-14.516207,14.093569,-14.492665,14.101825,-14.492158,14.104755
0,-14.178145,13.885596,-14.330126,13.865583,-14.180988,13.863577
0,-14.437948,14.082156,-14.454026,14.092742,-14.439314,14.082635
0,-14.459495,14.099109,-14.458566,14.098079,-14.433987,14.080605
0,-14.221318,14.546986,-14.220547,14.548343,-14.221842,14.552346
0,-14.588200,14.178414,-14.587572,14.172111,-14.587096,14.169208
0,-14.588389,14.176805,-14.588096,14.174779,-14.588200,14.178414
0,-14.585230,14.135071,-14.544970,14.110849,-14.584764,14.136689
0,-14.629681,14.431775,-14.634407,14.408073,-14.635297,14.390750
0,-14.584675,14.139591,-14.584530,14.137791,-14.584533,14.141571
0,-14.628227,14.518027,-14.628240,14.517843,-14.548348,14.560428
0,-14.431590,14.079333,-14.461415,14.101074,-14.432755,14.080003
0,-14.496658,14.578823,-14.511047,14.562488,-14.487500,14.584325
0,-14.221318,14.546986,-14.272675,14.581730,-14.296998,14.588448
0,-14.400183,14.622325,-14.404062,14.621054,-14.382596,14.618807
0,-14.221318,14.546986,-14.189487,14.541820,-14.191579,14.542491
0,-14.179895,14.538685,-14.182480,14.539540,-14.221318,14.546986
0,-14.221318,14.546986,-14.167410,14.534648,-14.178313,14.538182
0,-13.965217,14.117850,-13.966380,14.119457,-13.968039,14.120890
0,-13.971511,14.160514,-13.973363,14.154518,-13.971889,14.158780
0,-14.336730,13.882325,-14.175281,13.897293,-14.337346,13.883611
0,-14.424383,14.070038,-14.068110,13.997934,-14.424985,14.071265
0,-14.353140,13.685374,-14.386600,13.752988,-14.367662,13.692318
0,-14.362053,13.688943,-14.358565,13.686723,-14.353140,13.685374
0,-14.329244,13.861707,-14.180988,13.863577,-14.329501,13.863000
0,-14.173843,13.849640,-14.173354,13.826666,-14.171210,13.844608
0,-14.171201,13.829955,-14.171210,13.844608,-14.173354,13.826666
0,-14.172131,13.909404,-14.339846,13.888754,-14.339220,13.887468
0,-14.383379,13.958378,-14.399768,14.016597,-14.408332,13.996490
0,-14.506705,14.090130,-14.492665,14.101825,-14.516207,14.093569
0,-14.453105,14.091690,-14.439314,14.082635,-14.454026,14.092742
0,-14.451208,14.089659,-14.450224,14.088695,-14.442034,14.083621
0,-14.444651,14.084739,-14.449208,14.087776,-14.448156,14.086908
0,-14.442034,14.083621,-14.440681,14.083118,-14.451208,14.089659
0,-14.426296,14.073614,-14.425621,14.072459,-13.978952,14.133523
0,-13.973363,14.154518,-13.972288,14.157123,-13.971889,14.158780
0,-14.106613,13.966374,-14.412029,14.042440,-14.411445,14.041209
0,-14.169187,13.915157,-14.399768,14.016597,-14.383379,13.958378
0,-14.419587,14.058407,-14.418453,14.055976,-14.420132,14.059688
0,-14.106613,13.966374,-14.413781,14.046131,-14.413197,14.044901
0,-14.414365,14.047362,-14.084750,13.984296,-14.414949,14.048593
0,-14.106613,13.966374,-14.413197,14.044901,-14.412613,14.043670
0,-14.417285,14.053515,-14.416701,14.052284,-14.422208,14.064911
0,-14.418058,14.055144,-14.421694,14.063600,-14.421180,14.062289
0,-14.470669,14.102067,-14.463419,14.102837,-14.482068,14.109250
0,-14.589416,14.192783,-14.590091,14.198914,-14.590085,14.197070
0,-14.221318,14.546986,-14.430505,14.078584,-14.429513,14.077738
0,-14.456743,14.095959,-14.455840,14.094884,-14.436597,14.081668
0,-14.591163,14.102123,-14.591341,14.100145,-14.590697,14.103641
0,-14.490812,14.113348,-14.516207,14.093569,-14.492158,14.104755
0,-14.590338,14.205687,-14.591211,14.215354,-14.590916,14.209142
0,-14.584584,14.144012,-14.584554,14.142586,-14.544970,14.110849
0,-14.390060,13.736887,-14.394522,13.714032,-14.393851,13.713393
0,-14.533156,14.098601,-14.529343,14.097973,-14.526754,14.098209
0,-14.589949,14.107564,-14.590655,14.105813,-14.590697,14.103641
0,-14.588938,14.190856,-14.588590,14.183387,-14.490812,14.113348
0,-14.484605,14.111944,-14.463419,14.102837,-14.596120,14.259206
0,-14.629230,14.289460,-14.626722,14.286789,-14.638790,14.327779
0,-14.602896,14.264905,-14.596120,14.259206,-14.605496,14.267567
0,-14.635301,14.390750,-14.634407,14.408073,-14.635368,14.390751
0,-14.638790,14.327779,-14.631694,14.291896,-14.630380,14.290597
0,-14.613078,14.273964,-14.610995,14.272080,-14.616058,14.276908
0,-14.618383,14.279343,-14.638790,14.327779,-14.619064,14.280055
0,-14.596120,14.259206,-14.637305,14.354561,-14.605496,14.267567
0,-14.628599,14.436857,-14.511047,14.562488,-14.628886,14.448819
0,-14.628873,14.456893,-14.628886,14.448819,-14.511047,14.562488
0,-14.629300,14.444070,-14.628599,14.436857,-14.628886,14.448819
0,-14.535877,14.561960,-14.628873,14.456893,-14.531583,14.562300
0,-14.628124,14.519875,-14.628227,14.518027,-14.548348,14.560428
0,-14.627664,14.528156,-14.603769,14.561825,-14.627664,14.528156
0,-14.548348,14.560428,-14.553742,14.564496,-14.603769,14.561825
0,-14.603769,14.561825,-14.611445,14.561255,-14.626891,14.542041
0,-14.626891,14.542041,-14.611445,14.561255,-14.625297,14.560226
0,-14.628873,14.456893,-14.511047,14.562488,-14.522815,14.562805
0,-14.396669,14.623475,-14.382596,14.618807,-14.391944,14.623726
0,-14.597660,14.571575,-14.589583,14.574171,-14.591831,14.574175
0,-14.445205,14.600973,-14.511047,14.562488,-14.366264,14.601114
0,-14.522815,14.562805,-14.512972,14.562697,-14.518966,14.563232
0,-14.272675,14.581730,-14.221318,14.546986,-14.226021,14.553700
0,-14.522815,14.562805,-14.511047,14.562488,-14.512972,14.562697
0,-14.596120,14.259206,-14.221318,14.546986,-14.296998,14.588448
0,-14.628124,14.519875,-14.548348,14.560428,-14.603769,14.561825
0,-14.628240,14.517843,-14.628497,14.514436,-14.548348,14.560428
0,-14.548348,14.560428,-14.628873,14.456893,-14.535877,14.561960
0,-14.594962,14.248382,-14.594673,14.246371,-14.595006,14.248777
0,-14.595006,14.248777,-14.594962,14.248382,-14.595006,14.248777
0,-14.548588,14.561760,-14.548348,14.560428,-14.547910,14.561400
0,-14.629944,14.488422,-14.631114,14.467360,-14.629896,14.461669
0,-14.594095,14.240225,-14.594577,14.245705,-14.594573,14.243128
0,-14.610995,14.272080,-14.608740,14.270133,-14.605496,14.267567
0,-14.591738,14.217142,-14.591211,14.215354,-14.591880,14.219225
0,-14.591336,14.212000,-14.591211,14.215354,-14.591376,14.212268
0,-14.341090,13.891325,-14.172131,13.909404,-14.341703,13.892610
0,-14.173042,13.904338,-14.172131,13.909404,-14.174709,13.899181
0,-14.177330,13.890617,-14.334360,13.877180,-14.333801,13.875893
0,-14.341703,13.892610,-14.172131,13.909404,-14.342308,13.893897
0,-14.178430,13.866104,-14.174784,13.869826,-14.178145,13.885596
0,-14.340471,13.890039,-14.172131,13.909404,-14.341090,13.891325
0,-14.138647,13.940104,-14.399768,14.016597,-14.139696,13.939244
0,-14.342903,13.895182,-14.342308,13.893897,-14.171415,13.912304
0,-14.177714,13.887899,-14.177330,13.890617,-14.178145,13.885596
0,-14.172131,13.909404,-14.171415,13.912304,-14.342308,13.893897
0,-14.404062,14.621054,-14.406923,14.620117,-14.382596,14.618807
0,-14.425976,14.609477,-14.366264,14.601114,-14.406923,14.620117
0,-14.511047,14.562488,-14.596120,14.259206,-14.366264,14.601114
0,-14.221318,14.546986,-14.193808,14.543211,-14.194770,14.543522
0,-14.221318,14.546986,-14.191579,14.542491,-14.193808,14.543211
0,-14.427017,14.074725,-14.426296,14.073614,-13.970588,14.194281
0,-14.221318,14.546986,-14.182480,14.539540,-14.185099,14.540395
0,-13.865632,14.313883,-13.865631,14.313889,-13.912609,14.271520
0,-13.856779,14.345828,-14.117614,14.518199,-13.912609,14.271520
0,-13.959475,14.577160,-14.052910,14.567899,-13.856779,14.345828
0,-13.971511,14.160514,-13.970492,14.166522,-13.974102,14.152795
0,-13.970588,14.194281,-14.142312,14.526309,-14.150110,14.528855
0,-14.120236,14.519049,-14.128198,14.521704,-13.970588,14.194281
0,-13.972288,14.157123,-13.973363,14.154518,-13.972389,14.156702
0,-14.423811,14.068785,-14.084750,13.984296,-14.081377,13.987061
0,-14.342903,13.895182,-14.171415,13.912304,-14.343484,13.896469
0,-13.970588,14.194281,-13.974849,14.149444,-13.974102,14.152795
0,-14.424985,14.071265,-14.068110,13.997934,-14.065181,14.000334
0,-14.416701,14.052284,-14.416117,14.051054,-14.084750,13.984296
0,-14.171210,13.844608,-14.171961,13.846548,-14.173843,13.849640
0,-14.188888,13.802262,-14.186756,13.804976,-14.184669,13.808472
0,-14.331421,13.834418,-14.331674,13.833116,-14.216449,13.771190
0,-14.183152,13.810864,-14.179263,13.817167,-14.180988,13.863577
0,-14.173761,13.826045,-14.174408,13.850702,-14.175629,13.853009
0,-14.328629,13.856528,-14.180988,13.863577,-14.328716,13.857825
0,-14.328588,13.855232,-14.180988,13.863577,-14.328629,13.856528
0,-14.328716,13.857825,-14.180988,13.863577,-14.328850,13.859119
0,-14.252583,13.738032,-14.238480,13.749456,-14.238409,13.749547
0,-14.335173,13.817479,-14.335501,13.816174,-14.232351,13.755427
0,-14.333615,13.823996,-14.223833,13.763330,-14.333320,13.825299
0,-14.333320,13.825299,-14.223833,13.763330,-14.219905,13.767513
0,-14.332747,13.827905,-14.219905,13.767513,-14.332470,13.829207
0,-14.386600,13.752988,-14.313411,13.683618,-14.288188,13.697376
0,-14.393851,13.713393,-14.391130,13.710799,-14.390060,13.736887
0,-14.391130,13.710799,-14.387786,13.707612,-14.390060,13.736887
0,-14.374117,13.697493,-14.373545,13.696976,-14.390060,13.736887
0,-14.362053,13.688943,-14.353140,13.685374,-14.367662,13.692318
0,-14.364881,13.690193,-14.362053,13.688943,-14.367662,13.692318
0,-14.313411,13.683618,-14.349746,13.684029,-14.339983,13.681058
0,-14.254409,13.736553,-14.335767,13.815935,-14.336087,13.815647
0,-14.288188,13.697376,-14.385389,13.758630,-14.386600,13.752988
0,-14.333030,13.826602,-14.219905,13.767513,-14.332747,13.827905
0,-14.298815,13.687727,-14.296931,13.687910,-14.294521,13.689192
0,-14.330703,13.838324,-14.216449,13.771190,-14.209066,13.778082
0,-14.329095,13.848735,-14.190885,13.798853,-14.188888,13.802262
0,-14.329453,13.846133,-14.209066,13.778082,-14.202440,13.784330
0,-14.175629,13.853009,-14.179263,13.817167,-14.177699,13.819144
0,-14.183152,13.810864,-14.181161,13.813716,-14.179263,13.817167
0,-14.202440,13.784330,-14.209066,13.778082,-14.205091,13.781480
0,-14.202440,13.784330,-14.190885,13.798853,-14.329270,13.847433
0,-14.068110,13.997934,-14.424383,14.070038,-14.081377,13.987061
0,-14.081377,13.987061,-14.424383,14.070038,-14.423811,14.068785
0,-14.423811,14.068785,-14.423261,14.067509,-14.084750,13.984296
0,-13.970588,14.194281,-14.428618,14.076795,-14.427790,14.075787
0,-14.426296,14.073614,-13.978952,14.133523,-13.970588,14.194281
0,-13.970588,14.194281,-14.429513,14.077738,-14.428618,14.076795
0,-14.161753,14.532700,-14.167410,14.534648,-14.429513,14.077738
0,-14.453105,14.091690,-14.452167,14.090660,-14.440681,14.083118
0,-14.453105,14.091690,-14.440681,14.083118,-14.439314,14.082635
0,-14.455840,14.094884,-14.454936,14.093810,-14.437948,14.082156
0,-14.457650,14.097025,-14.436597,14.081668,-14.435271,14.081155
0,-14.455840,14.094884,-14.437948,14.082156,-14.436597,14.081668
0,-14.433987,14.080605,-14.432755,14.080003,-14.460443,14.100109
0,-14.221318,14.546986,-14.462416,14.101994,-14.431590,14.079333
0,-14.423261,14.067509,-14.422729,14.066216,-14.084750,13.984296
0,-14.422208,14.064911,-14.416701,14.052284,-14.084750,13.984296
0,-14.422729,14.066216,-14.422208,14.064911,-14.084750,13.984296
0,-14.417869,14.054745,-14.417285,14.053515,-14.421694,14.063600
0,-14.415533,14.049823,-14.084750,13.984296,-14.416117,14.051054
0,-14.420662,14.060983,-14.418453,14.055976,-14.421180,14.062289
0,-14.420132,14.059688,-14.418453,14.055976,-14.420662,14.060983
0,-14.418058,14.055144,-14.417869,14.054745,-14.421694,14.063600
0,-14.421694,14.063600,-14.417285,14.053515,-14.422208,14.064911
0,-14.418453,14.055976,-14.418058,14.055144,-14.421180,14.062289
0,-14.414949,14.048593,-14.084750,13.984296,-14.415533,14.049823
0,-14.413781,14.046131,-14.084750,13.984296,-14.414365,14.047362
0,-14.106613,13.966374,-14.084750,13.984296,-14.413781,14.046131
0,-14.400935,14.019058,-14.111701,13.962202,-14.401519,14.020288
0,-14.401519,14.020288,-14.111701,13.962202,-14.402103,14.021519
0,-14.399938,14.016956,-14.111701,13.962202,-14.400352,14.017827
0,-14.400352,14.017827,-14.111701,13.962202,-14.400935,14.019058
0,-14.107633,13.965538,-14.106613,13.966374,-14.407942,14.033826
0,-14.399768,14.016597,-14.111701,13.962202,-14.399938,14.016956
0,-14.377651,13.700402,-14.374117,13.697493,-14.390060,13.736887
0,-14.394904,13.714322,-14.394522,13.714032,-14.390060,13.736887
0,-14.383874,13.704655,-14.390060,13.736887,-14.387786,13.707612
0,-14.390060,13.736887,-14.386600,13.752988,-14.386602,13.752989
0,-14.313411,13.683618,-14.288701,13.696871,-14.288188,13.697376
0,-14.299615,13.687402,-14.298815,13.687727,-14.292060,13.692826
0,-14.313411,13.683618,-14.309538,13.684300,-14.288701,13.696871
0,-14.403271,14.023981,-14.111701,13.962202,-14.403855,14.025212
0,-14.402103,14.021519,-14.111701,13.962202,-14.402687,14.022749
0,-14.402687,14.022749,-14.111701,13.962202,-14.403271,14.023981
0,-14.403855,14.025212,-14.111701,13.962202,-14.404439,14.026442
0,-14.404439,14.026442,-14.111701,13.962202,-14.405022,14.027673
0,-14.406190,14.030134,-14.405606,14.028903,-14.111701,13.962202
0,-14.405606,14.028903,-14.405022,14.027673,-14.111701,13.962202
0,-14.106613,13.966374,-14.409693,14.037517,-14.409110,14.036287
0,-14.409110,14.036287,-14.408526,14.035056,-14.106613,13.966374
0,-14.408526,14.035056,-14.407942,14.033826,-14.106613,13.966374
0,-14.407358,14.032595,-14.107633,13.965538,-14.407942,14.033826
0,-14.406190,14.030134,-14.111701,13.962202,-14.107633,13.965538
0,-14.406774,14.031364,-14.107633,13.965538,-14.407358,14.032595
0,-14.106613,13.966374,-14.410862,14.039979,-14.410277,14.038748
0,-14.106613,13.966374,-14.410277,14.038748,-14.409693,14.037517
0,-14.106613,13.966374,-14.412613,14.043670,-14.412029,14.042440
0,-14.493843,14.097431,-14.492665,14.101825,-14.506705,14.090130
0,-14.590697,14.103641,-14.591341,14.100145,-14.544970,14.110849
0,-14.533156,14.098601,-14.540563,14.102958,-14.537391,14.099850
0,-14.433987,14.080605,-14.460443,14.100109,-14.459495,14.099109
0,-14.435271,14.081155,-14.458566,14.098079,-14.457650,14.097025
0,-14.435271,14.081155,-14.433987,14.080605,-14.458566,14.098079
0,-14.496521,14.093366,-14.506705,14.090130,-14.500198,14.090117
0,-14.506705,14.090130,-14.496521,14.093366,-14.493843,14.097431
0,-14.447058,14.086103,-14.445888,14.085383,-14.448156,14.086908
0,-14.448156,14.086908,-14.445888,14.085383,-14.444651,14.084739
0,-14.449208,14.087776,-14.444651,14.084739,-14.443362,14.084156
0,-14.450224,14.088695,-14.443362,14.084156,-14.442034,14.083621
0,-14.449208,14.087776,-14.443362,14.084156,-14.450224,14.088695
0,-14.457650,14.097025,-14.456743,14.095959,-14.436597,14.081668
0,-14.451208,14.089659,-14.440681,14.083118,-14.452167,14.090660
0,-14.480800,14.107386,-14.478270,14.102211,-14.470669,14.102067
0,-14.432755,14.080003,-14.461415,14.101074,-14.460443,14.100109
0,-14.478270,14.102211,-14.471916,14.100956,-14.470669,14.102067
0,-14.431590,14.079333,-14.462416,14.101994,-14.461415,14.101074
0,-14.431590,14.079333,-14.430505,14.078584,-14.221318,14.546986
0,-14.482068,14.109250,-14.480800,14.107386,-14.470669,14.102067
0,-14.475309,14.099723,-14.471916,14.100956,-14.478270,14.102211
0,-14.591211,14.215354,-14.490812,14.113348,-14.490481,14.113295
0,-14.589955,14.202648,-14.590091,14.198914,-14.588938,14.190856
0,-14.595404,14.255200,-14.484605,14.111944,-14.596120,14.259206
0,-14.484605,14.111944,-14.483335,14.110908,-14.463419,14.102837
0,-14.483335,14.110908,-14.482068,14.109250,-14.463419,14.102837
0,-14.526741,14.098203,-14.516207,14.093569,-14.490812,14.113348
0,-14.487731,14.112778,-14.593475,14.234835,-14.592363,14.224334
0,-14.486356,14.112483,-14.594577,14.245705,-14.593812,14.238108
0,-14.526741,14.098203,-14.490812,14.113348,-14.526754,14.098209
0,-14.592025,14.221296,-14.489107,14.113049,-14.592363,14.224334
0,-14.490481,14.113295,-14.489107,14.113049,-14.592025,14.221296
0,-14.584530,14.137791,-14.544970,14.110849,-14.584533,14.141571
0,-14.544970,14.110849,-14.585458,14.152666,-14.584830,14.146544
0,-14.584554,14.142586,-14.584533,14.141571,-14.544970,14.110849
0,-14.544970,14.110849,-14.490812,14.113348,-14.586758,14.166259
0,-14.544970,14.110849,-14.526754,14.098209,-14.490812,14.113348
0,-14.584675,14.139591,-14.584622,14.138479,-14.584530,14.137791
0,-14.584764,14.136689,-14.544970,14.110849,-14.584530,14.137791
0,-14.589342,14.110230,-14.588872,14.114289,-14.589432,14.111804
0,-14.589342,14.110230,-14.544970,14.110849,-14.588872,14.114289
0,-14.542253,14.105856,-14.526754,14.098209,-14.543941,14.109169
0,-14.584830,14.146544,-14.584584,14.144012,-14.544970,14.110849
0,-14.542253,14.105856,-14.533156,14.098601,-14.526754,14.098209
0,-14.540563,14.102958,-14.533156,14.098601,-14.542253,14.105856
0,-14.587985,14.118067,-14.588872,14.114289,-14.544970,14.110849
0,-14.586562,14.162017,-14.544970,14.110849,-14.586758,14.166259
0,-14.543941,14.109169,-14.526754,14.098209,-14.544970,14.110849
0,-14.587985,14.118067,-14.544970,14.110849,-14.586956,14.123410
0,-14.589743,14.108471,-14.544970,14.110849,-14.589342,14.110230
0,-14.544970,14.110849,-14.589949,14.107564,-14.590697,14.103641
0,-14.544970,14.110849,-14.589743,14.108471,-14.589949,14.107564
0,-14.587985,14.118067,-14.586956,14.123410,-14.587617,14.121385
0,-14.544970,14.110849,-14.585230,14.135071,-14.585883,14.132540
0,-14.586956,14.123410,-14.544970,14.110849,-14.586721,14.125072
0,-14.586721,14.125072,-14.544970,14.110849,-14.586448,14.127838
0,-14.586448,14.127838,-14.544970,14.110849,-14.586257,14.130044
0,-14.586257,14.130044,-14.544970,14.110849,-14.585883,14.132540
0,-14.586352,14.156788,-14.585981,14.155109,-14.586562,14.162017
0,-14.585981,14.155109,-14.585458,14.152666,-14.586562,14.162017
0,-14.605496,14.267567,-14.638790,14.327779,-14.610995,14.272080
0,-14.610995,14.272080,-14.638790,14.327779,-14.616058,14.276908
0,-14.605496,14.267567,-14.608740,14.270133,-14.608487,14.269914
0,-14.600286,14.262333,-14.596120,14.259206,-14.602896,14.264905
0,-14.597537,14.260077,-14.596120,14.259206,-14.600286,14.262333
0,-14.595300,14.251375,-14.595067,14.249309,-14.595362,14.253675
0,-14.595006,14.248777,-14.594673,14.246371,-14.595362,14.253675
0,-14.594577,14.245705,-14.595404,14.255200,-14.594673,14.246371
0,-14.484605,14.111944,-14.595404,14.255200,-14.594577,14.245705
0,-14.595067,14.249309,-14.595006,14.248777,-14.595362,14.253675
0,-14.596122,14.258094,-14.595404,14.255200,-14.596120,14.259206
0,-14.595362,14.253675,-14.594673,14.246371,-14.595404,14.255200
0,-14.617560,14.278481,-14.638790,14.327779,-14.617830,14.278764
0,-14.617412,14.278325,-14.638790,14.327779,-14.617560,14.278481
0,-14.616058,14.276908,-14.638790,14.327779,-14.617412,14.278325
0,-14.638790,14.327779,-14.620139,14.281182,-14.619064,14.280055
0,-14.617830,14.278764,-14.638790,14.327779,-14.618383,14.279343
0,-14.623069,14.281928,-14.620175,14.281204,-14.624727,14.284042
0,-14.620170,14.281201,-14.620139,14.281182,-14.626722,14.286789
0,-14.620175,14.281204,-14.620170,14.281201,-14.626722,14.286789
0,-14.623069,14.281928,-14.624727,14.284042,-14.624045,14.282697
0,-14.620175,14.281204,-14.625335,14.285243,-14.624727,14.284042
0,-14.620175,14.281204,-14.623069,14.281928,-14.620242,14.281177
0,-14.620175,14.281204,-14.626722,14.286789,-14.625335,14.285243
0,-14.620139,14.281182,-14.638790,14.327779,-14.626722,14.286789
0,-14.637573,14.297412,-14.636055,14.295846,-14.638790,14.327779
0,-14.638790,14.327779,-14.630380,14.290597,-14.629230,14.289460
0,-14.638790,14.327779,-14.630380,14.290597,-14.630380,14.290597
0,-14.640274,14.300996,-14.639277,14.298608,-14.637573,14.297412
0,-14.640274,14.300996,-14.637573,14.297412,-14.638790,14.327779
0,-14.636055,14.295846,-14.631694,14.291896,-14.638790,14.327779
0,-14.596120,14.259206,-14.636449,14.369989,-14.637305,14.354561
0,-14.637305,14.354561,-14.638790,14.327779,-14.605496,14.267567
0,-14.596120,14.259206,-14.635819,14.381344,-14.636449,14.369989
0,-14.596120,14.259206,-14.635297,14.390750,-14.635819,14.381344
0,-14.635297,14.390750,-14.634407,14.408073,-14.635301,14.390750
0,-14.511047,14.562488,-14.635297,14.390750,-14.596120,14.259206
0,-14.511047,14.562488,-14.629681,14.431775,-14.635297,14.390750
0,-14.632263,14.430420,-14.634251,14.410877,-14.629681,14.431775
0,-14.548348,14.560428,-14.629909,14.489048,-14.629944,14.488422
0,-14.633193,14.429931,-14.634251,14.410877,-14.633124,14.429967
0,-14.633124,14.429967,-14.634251,14.410877,-14.632263,14.430420
0,-14.627664,14.528156,-14.603769,14.561825,-14.627664,14.528156
0,-14.627664,14.528156,-14.603769,14.561825,-14.627664,14.528156
0,-14.627664,14.528156,-14.603769,14.561825,-14.626891,14.542040
0,-14.597660,14.571575,-14.594804,14.574180,-14.597852,14.574367
0,-14.597660,14.571575,-14.591831,14.574175,-14.594801,14.574180
0,-14.594804,14.574180,-14.597660,14.571575,-14.594801,14.574180
0,-14.603769,14.561825,-14.626891,14.542041,-14.626891,14.542040
0,-14.597887,14.574368,-14.597660,14.571575,-14.597852,14.574367
0,-14.603769,14.561825,-14.589583,14.574171,-14.597660,14.571575
0,-14.627664,14.528156,-14.628124,14.519875,-14.603769,14.561825
0,-14.629944,14.488422,-14.629896,14.461669,-14.628873,14.456893
0,-14.548348,14.560428,-14.628497,14.514436,-14.629909,14.489048
0,-14.634251,14.410877,-14.634407,14.408073,-14.629681,14.431775
0,-14.629944,14.488422,-14.628873,14.456893,-14.548348,14.560428
0,-14.629355,14.443437,-14.628599,14.436857,-14.629300,14.444070
0,-14.629681,14.431775,-14.511047,14.562488,-14.628599,14.436857
0,-14.484605,14.111944,-14.594577,14.245705,-14.486356,14.112483
0,-14.593812,14.238108,-14.594577,14.245705,-14.594095,14.240225
0,-14.487731,14.112778,-14.486356,14.112483,-14.593475,14.234835
0,-14.593475,14.234835,-14.486356,14.112483,-14.593812,14.238108
0,-14.545988,14.560934,-14.541330,14.561971,-14.541334,14.561971
0,-14.589583,14.574171,-14.603769,14.561825,-14.586041,14.574506
0,-14.548348,14.560428,-14.548588,14.561760,-14.553742,14.564496
0,-14.589444,14.574487,-14.589583,14.574171,-14.586788,14.574502
0,-14.586788,14.574502,-14.589583,14.574171,-14.586041,14.574506
0,-14.586041,14.574506,-14.603769,14.561825,-14.576283,14.574560
0,-14.576283,14.574560,-14.603769,14.561825,-14.559375,14.567976
0,-14.571731,14.574456,-14.576283,14.574560,-14.565008,14.571552
0,-14.576283,14.574560,-14.559375,14.567976,-14.565008,14.571552
0,-14.603769,14.561825,-14.553742,14.564496,-14.559375,14.567976
0,-14.461133,14.595666,-14.478346,14.587689,-14.511047,14.562488
0,-14.487500,14.584325,-14.511047,14.562488,-14.478346,14.587689
0,-14.461133,14.595666,-14.511047,14.562488,-14.445205,14.600973
0,-14.406923,14.620117,-14.366264,14.601114,-14.382596,14.618807
0,-14.391944,14.623726,-14.382596,14.618807,-14.391192,14.623766
0,-14.445205,14.600973,-14.366264,14.601114,-14.425976,14.609477
0,-14.391192,14.623766,-14.382596,14.618807,-14.390265,14.623815
0,-14.501051,14.577229,-14.511047,14.562488,-14.496658,14.578823
0,-14.518964,14.563233,-14.518966,14.563232,-14.512972,14.562697
0,-14.545988,14.560934,-14.535877,14.561960,-14.541330,14.561971
0,-14.545988,14.560934,-14.548348,14.560428,-14.535877,14.561960
0,-14.531583,14.562300,-14.628873,14.456893,-14.522815,14.562805
0,-14.527020,14.562813,-14.531583,14.562300,-14.527016,14.562813
0,-14.518968,14.563233,-14.522815,14.562805,-14.518966,14.563232
0,-14.527016,14.562813,-14.531583,14.562300,-14.522815,14.562805
0,-14.590771,14.207433,-14.590338,14.205687,-14.590916,14.209142
0,-14.589955,14.202648,-14.490812,14.113348,-14.590338,14.205687
0,-14.590050,14.201895,-14.590091,14.198914,-14.589955,14.202648
0,-14.591108,14.210447,-14.591211,14.215354,-14.591198,14.211058
0,-14.590916,14.209142,-14.591211,14.215354,-14.591108,14.210447
0,-14.591198,14.211058,-14.591211,14.215354,-14.591336,14.212000
0,-14.591782,14.217290,-14.591738,14.217142,-14.591880,14.219225
0,-14.590338,14.205687,-14.490812,14.113348,-14.591211,14.215354
0,-14.593167,14.225348,-14.592363,14.224334,-14.593310,14.228161
0,-14.592363,14.224334,-14.489107,14.113049,-14.487731,14.112778
0,-14.593245,14.231367,-14.592363,14.224334,-14.593475,14.234835
0,-14.593222,14.231018,-14.592363,14.224334,-14.593245,14.231367
0,-14.593310,14.228161,-14.592363,14.224334,-14.593222,14.231018
0,-14.592025,14.221296,-14.591211,14.215354,-14.490481,14.113295
0,-14.591880,14.219225,-14.591211,14.215354,-14.592025,14.221296
0,-14.591376,14.212268,-14.591211,14.215354,-14.591484,14.213004
0,-14.589840,14.194402,-14.589416,14.192783,-14.590085,14.197070
0,-14.590091,14.198914,-14.590050,14.201895,-14.590143,14.201166
0,-14.590078,14.195822,-14.589840,14.194402,-14.590085,14.197070
0,-14.590091,14.198914,-14.589416,14.192783,-14.588938,14.190856
0,-14.589955,14.202648,-14.588938,14.190856,-14.490812,14.113348
0,-14.588938,14.190856,-14.589118,14.188361,-14.588882,14.185874
0,-14.587572,14.172111,-14.588200,14.178414,-14.588096,14.174779
0,-14.587096,14.169208,-14.490812,14.113348,-14.588200,14.178414
0,-14.588938,14.190856,-14.588882,14.185874,-14.588590,14.183387
0,-14.490812,14.113348,-14.588399,14.181181,-14.588200,14.178414
0,-14.490812,14.113348,-14.588590,14.183387,-14.588399,14.181181
0,-14.586758,14.166259,-14.490812,14.113348,-14.587096,14.169208
0,-14.586652,14.158148,-14.586562,14.162017,-14.586842,14.160960
0,-14.586652,14.158148,-14.586352,14.156788,-14.586562,14.162017
0,-14.544970,14.110849,-14.586562,14.162017,-14.585458,14.152666
0,-14.586758,14.166259,-14.586800,14.163817,-14.586562,14.162017
0,-14.339846,13.888754,-14.172131,13.909404,-14.340471,13.890039
0,-14.346965,13.905247,-14.344603,13.899043,-14.171415,13.912304
0,-14.174709,13.899181,-14.338593,13.886182,-14.337968,13.884897
0,-14.175281,13.897293,-14.177330,13.890617,-14.175807,13.894806
0,-14.343484,13.896469,-14.171415,13.912304,-14.344052,13.897756
0,-14.171415,13.912304,-14.344603,13.899043,-14.344052,13.897756
0,-14.171415,13.912304,-14.169187,13.915157,-14.359043,13.921194
0,-14.336121,13.881039,-14.335522,13.879753,-14.177330,13.890617
0,-14.173042,13.904338,-14.174709,13.899181,-14.174281,13.900286
0,-14.172131,13.909404,-14.339220,13.887468,-14.174709,13.899181
0,-14.168647,13.915584,-14.399768,14.016597,-14.169187,13.915157
0,-14.165588,13.918003,-14.399768,14.016597,-14.168647,13.915584
0,-14.139696,13.939244,-14.399768,14.016597,-14.165588,13.918003
0,-13.971925,14.076707,-13.972274,14.124652,-13.977704,14.128762
0,-14.138647,13.940104,-14.111701,13.962202,-14.399768,14.016597
0,-14.406190,14.030134,-14.107633,13.965538,-14.406774,14.031364
0,-14.346965,13.905247,-14.345136,13.900330,-14.344603,13.899043
0,-14.345648,13.901618,-14.345136,13.900330,-14.346965,13.905247
0,-14.345648,13.901618,-14.346965,13.905247,-14.346138,13.902906
0,-14.346965,13.905249,-14.171415,13.912304,-14.359043,13.921194
0,-14.173042,13.904338,-14.172708,13.905627,-14.172131,13.909404
0,-14.171415,13.912304,-14.346965,13.905249,-14.346965,13.905247
0,-14.169187,13.915157,-14.383379,13.958378,-14.359043,13.921194
0,-14.354477,13.914217,-14.346965,13.905249,-14.359043,13.921194
0,-14.348208,13.904643,-14.354477,13.914217,-14.348212,13.904641
0,-14.348208,13.904643,-14.346965,13.905249,-14.354477,13.914217
0,-14.167410,14.534648,-14.221318,14.546986,-14.429513,14.077738
0,-14.150110,14.528855,-14.155163,14.530587,-14.429513,14.077738
0,-14.429513,14.077738,-14.155163,14.530587,-14.161753,14.532700
0,-14.178313,14.538182,-14.179895,14.538685,-14.221318,14.546986
0,-14.221318,14.546986,-14.187463,14.541166,-14.189487,14.541820
0,-14.221318,14.546986,-14.185099,14.540395,-14.187463,14.541166
0,-14.186783,14.540964,-14.187463,14.541166,-14.185099,14.540395
0,-14.225261,14.553452,-14.226021,14.553700,-14.221318,14.546986
0,-14.219393,14.551542,-14.221842,14.552346,-14.220547,14.548343
0,-14.366264,14.601114,-14.596120,14.259206,-14.296998,14.588448
0,-14.278104,14.584990,-14.296998,14.588448,-14.272675,14.581730
0,-14.221318,14.546986,-14.221842,14.552346,-14.225261,14.553452
0,-14.218834,14.551359,-14.219393,14.551542,-14.220547,14.548343
0,-14.463419,14.102837,-14.221318,14.546986,-14.596120,14.259206
0,-14.463419,14.102837,-14.462416,14.101994,-14.221318,14.546986
0,-13.970588,14.194281,-14.150110,14.528855,-14.429513,14.077738
0,-13.970588,14.194281,-14.135283,14.523926,-14.142312,14.526309
0,-13.970588,14.194281,-14.128198,14.521704,-14.135283,14.523926
0,-14.054663,14.567725,-14.117614,14.518199,-14.054232,14.567768
0,-14.054232,14.567768,-14.117614,14.518199,-14.052910,14.567899
0,-14.117614,14.518199,-14.120236,14.519049,-13.970588,14.194281
0,-14.117614,14.518199,-14.054663,14.567725,-14.076919,14.565513
0,-13.961123,14.111901,-13.971925,14.076707,-13.959943,14.110495
0,-13.972274,14.124652,-13.971925,14.076707,-13.968039,14.120890
0,-14.057794,14.006388,-13.978952,14.133523,-14.425621,14.072459
0,-13.978952,14.133523,-14.030832,14.028475,-14.028183,14.030645
0,-14.424985,14.071265,-14.065181,14.000334,-14.425621,14.072459
0,-14.065181,14.000334,-14.057794,14.006388,-14.425621,14.072459
0,-13.970588,14.194281,-13.978952,14.133523,-13.974849,14.149444
0,-14.030832,14.028475,-13.978952,14.133523,-14.057794,14.006388
0,-13.970588,14.194281,-13.974102,14.152795,-13.970082,14.171263
0,-13.971511,14.160514,-13.974102,14.152795,-13.973363,14.154518
0,-13.970492,14.166522,-13.970082,14.171263,-13.974102,14.152795
0,-13.970762,14.164326,-13.970492,14.166522,-13.971511,14.160514
0,-13.970103,14.169300,-13.970082,14.171263,-13.970492,14.166522
0,-13.970777,14.162934,-13.970762,14.164326,-13.971511,14.160514
0,-13.970113,14.168365,-13.970103,14.169300,-13.970492,14.166522
0,-14.117614,14.518199,-13.970588,14.194281,-13.962870,14.204567
0,-14.427790,14.075787,-14.427017,14.074725,-13.970588,14.194281
0,-13.968065,14.176513,-13.966981,14.181981,-13.968924,14.176059
0,-13.970588,14.194281,-13.970082,14.171263,-13.969511,14.174650
0,-13.969296,14.175926,-13.968924,14.176059,-13.966981,14.181981
0,-13.969511,14.174650,-13.969296,14.175926,-13.970588,14.194281
0,-13.968924,14.176059,-13.968073,14.176405,-13.968065,14.176513
0,-14.052910,14.567899,-14.117614,14.518199,-13.856779,14.345828
0,-13.959475,14.577160,-13.854633,14.521428,-13.881721,14.563425
0,-13.854633,14.521428,-13.816947,14.426908,-13.809445,14.451327
0,-13.854633,14.521428,-13.856779,14.345828,-13.816947,14.426908
0,-13.854633,14.521428,-13.959475,14.577160,-13.856779,14.345828
0,-13.816947,14.426908,-13.856779,14.345828,-13.834208,14.370698
0,-13.881345,14.281045,-13.865632,14.313883,-13.912609,14.271520
0,-13.865631,14.313889,-13.865628,14.313899,-13.912609,14.271520
0,-13.856779,14.345828,-13.912609,14.271520,-13.865628,14.313899
0,-13.887276,14.264875,-13.881345,14.281045,-13.912609,14.271520
0,-13.865349,14.313908,-13.865632,14.313883,-13.881345,14.281045
0,-13.969296,14.175926,-13.967362,14.183281,-13.970588,14.194281
0,-13.969296,14.175926,-13.966981,14.181981,-13.967362,14.183281
0,-14.117614,14.518199,-13.927519,14.251664,-13.912609,14.271520
0,-14.117614,14.518199,-13.962870,14.204567,-13.927519,14.251664
0,-13.974585,14.150493,-13.974472,14.150943,-13.974102,14.152795
0,-13.978978,14.131787,-14.028183,14.030645,-14.004018,14.050434
0,-13.977977,14.136059,-13.974986,14.147944,-13.974849,14.149444
0,-13.975246,14.145748,-13.976882,14.138242,-13.976143,14.139857
0,-13.974849,14.149444,-13.978952,14.133523,-13.977977,14.136059
0,-13.974849,14.149444,-13.974585,14.150493,-13.974102,14.152795
0,-13.976143,14.139857,-13.975154,14.143433,-13.975246,14.145748
0,-13.975414,14.141355,-13.975154,14.143433,-13.976143,14.139857
0,-14.003865,14.050559,-13.978978,14.131787,-14.004018,14.050434
0,-13.977977,14.136059,-13.975246,14.145748,-13.974986,14.147944
0,-13.976882,14.138242,-13.975246,14.145748,-13.977977,14.136059
0,-14.028183,14.030645,-13.978978,14.131787,-13.978952,14.133523
0,-14.003865,14.050559,-13.978512,14.130284,-13.978978,14.131787
0,-13.975929,14.127706,-13.972348,14.124731,-13.974035,14.126522
0,-14.003865,14.050559,-13.977704,14.128762,-13.978512,14.130284
0,-14.003865,14.050559,-13.976893,14.072640,-13.977704,14.128762
0,-13.972274,14.124652,-13.975929,14.127706,-13.977704,14.128762
0,-13.965217,14.117850,-13.968039,14.120890,-13.971925,14.076707
0,-13.971925,14.076707,-13.977704,14.128762,-13.976893,14.072640
0,-13.970031,14.122889,-13.972274,14.124652,-13.968039,14.120890
0,-13.972348,14.124731,-13.975929,14.127706,-13.972274,14.124652
0,-13.954661,14.104876,-13.956420,14.107099,-13.971925,14.076707
0,-13.971925,14.076707,-13.956420,14.107099,-13.957941,14.108732
0,-13.966147,14.119255,-13.966380,14.119457,-13.965217,14.117850
0,-13.961123,14.111901,-13.962063,14.112954,-13.971925,14.076707
0,-13.965217,14.117850,-13.971925,14.076707,-13.962063,14.112954
0,-13.965217,14.117850,-13.962760,14.114467,-13.963796,14.116795
0,-13.965217,14.117850,-13.962063,14.112954,-13.962760,14.114467
0,-13.971925,14.076707,-13.957941,14.108732,-13.959943,14.110495
0,-13.954661,14.104876,-13.971925,14.076707,-13.953255,14.102429
0,-13.953255,14.102429,-13.971925,14.076707,-13.950828,14.096497
0,-13.950828,14.096497,-13.971925,14.076707,-13.949917,14.094719
0,-14.174784,13.869826,-14.171371,13.873918,-14.175172,13.883792
0,-14.171371,13.873918,-14.169415,13.881286,-14.173145,13.882403
0,-14.167724,13.877595,-14.165402,13.880353,-14.169415,13.881286
0,-14.171371,13.873918,-14.173145,13.882403,-14.175172,13.883792
0,-14.174408,13.850702,-14.173761,13.826045,-14.173843,13.849640
0,-14.167724,13.877595,-14.169415,13.881286,-14.171371,13.873918
0,-14.169799,13.842071,-14.169400,13.832208,-14.168117,13.834922
0,-14.167871,13.838839,-14.168117,13.834922,-14.167404,13.836672
0,-14.167071,13.837500,-14.167871,13.838839,-14.167404,13.836672
0,-14.173354,13.826666,-14.173843,13.849640,-14.173761,13.826045
0,-14.169799,13.842071,-14.171210,13.844608,-14.171201,13.829955
0,-14.169400,13.832208,-14.169799,13.842071,-14.171201,13.829955
0,-14.167871,13.838839,-14.169799,13.842071,-14.168117,13.834922
0,-14.328597,13.853934,-14.180988,13.863577,-14.328588,13.855232
0,-14.328657,13.852636,-14.180988,13.863577,-14.328597,13.853934
0,-14.176144,13.854808,-14.180988,13.863577,-14.175629,13.853009
0,-14.329270,13.847433,-14.329453,13.846133,-14.202440,13.784330
0,-14.329095,13.848735,-14.329270,13.847433,-14.190885,13.798853
0,-14.328927,13.850035,-14.188888,13.802262,-14.328770,13.851336
0,-14.328770,13.851336,-14.180988,13.863577,-14.328657,13.852636
0,-14.328850,13.859119,-14.180988,13.863577,-14.329027,13.860414
0,-14.176144,13.854808,-14.180140,13.862515,-14.180988,13.863577
0,-14.176144,13.854808,-14.179105,13.861130,-14.180140,13.862515
0,-14.176144,13.854808,-14.177458,13.858313,-14.179105,13.861130
0,-14.174784,13.869826,-14.175881,13.884161,-14.178145,13.885596
0,-14.174784,13.869826,-14.175172,13.883792,-14.175881,13.884161
0,-14.178430,13.866104,-14.178145,13.885596,-14.180988,13.863577
0,-14.177330,13.890617,-14.332737,13.873318,-14.332237,13.872030
0,-14.180988,13.863577,-14.329796,13.864291,-14.329501,13.863000
0,-14.180988,13.863577,-14.330126,13.865583,-14.329796,13.864291
0,-14.329027,13.860414,-14.180988,13.863577,-14.329244,13.861707
0,-14.178145,13.885596,-14.330490,13.866874,-14.330126,13.865583
0,-14.178145,13.885596,-14.330884,13.868163,-14.330490,13.866874
0,-14.178145,13.885596,-14.331308,13.869453,-14.330884,13.868163
0,-14.178145,13.885596,-14.331760,13.870741,-14.331308,13.869453
0,-14.337968,13.884897,-14.337346,13.883611,-14.175281,13.897293
0,-14.175281,13.897293,-14.336730,13.882325,-14.177330,13.890617
0,-14.338593,13.886182,-14.174709,13.899181,-14.339220,13.887468
0,-14.174709,13.899181,-14.337968,13.884897,-14.175281,13.897293
0,-14.336730,13.882325,-14.336121,13.881039,-14.177330,13.890617
0,-14.177330,13.890617,-14.334934,13.878467,-14.334360,13.877180
0,-14.177330,13.890617,-14.335522,13.879753,-14.334934,13.878467
0,-14.177330,13.890617,-14.333260,13.874606,-14.332737,13.873318
0,-14.177330,13.890617,-14.333801,13.875893,-14.333260,13.874606
0,-14.178145,13.885596,-14.332237,13.872030,-14.331760,13.870741
0,-14.178145,13.885596,-14.177330,13.890617,-14.332237,13.872030
0,-14.331933,13.831813,-14.332198,13.830510,-14.216449,13.771190
0,-14.331175,13.835719,-14.331421,13.834418,-14.216449,13.771190
0,-14.333916,13.822692,-14.223833,13.763330,-14.333615,13.823996
0,-14.333320,13.825299,-14.219905,13.767513,-14.333030,13.826602
0,-14.332470,13.829207,-14.219905,13.767513,-14.216449,13.771190
0,-14.332198,13.830510,-14.332470,13.829207,-14.216449,13.771190
0,-14.331175,13.835719,-14.216449,13.771190,-14.330936,13.837022
0,-14.330936,13.837022,-14.216449,13.771190,-14.330703,13.838324
0,-14.330703,13.838324,-14.209066,13.778082,-14.330477,13.839626
0,-14.330477,13.839626,-14.209066,13.778082,-14.330258,13.840927
0,-14.329841,13.843530,-14.209066,13.778082,-14.329644,13.844831
0,-14.329644,13.844831,-14.209066,13.778082,-14.329453,13.846133
0,-14.330258,13.840927,-14.209066,13.778082,-14.330046,13.842229
0,-14.330046,13.842229,-14.209066,13.778082,-14.329841,13.843530
0,-14.334222,13.821389,-14.227998,13.759287,-14.333916,13.822692
0,-14.334851,13.818782,-14.335173,13.817479,-14.232351,13.755427
0,-14.334534,13.820085,-14.232351,13.755427,-14.227998,13.759287
0,-14.381562,13.774738,-14.385389,13.758630,-14.381559,13.774740
0,-14.335767,13.815935,-14.254409,13.736553,-14.335504,13.816172
0,-14.335504,13.816172,-14.254409,13.736553,-14.335501,13.816174
0,-14.381562,13.774738,-14.382018,13.774323,-14.385389,13.758630
0,-14.381559,13.774740,-14.385389,13.758630,-14.380908,13.775326
0,-14.381562,13.774738,-14.382017,13.774327,-14.382018,13.774327
0,-14.382018,13.774323,-14.381562,13.774738,-14.382018,13.774327
0,-14.383874,13.704655,-14.380903,13.702760,-14.390060,13.736887
0,-14.390060,13.736887,-14.373545,13.696976,-14.386600,13.752988
0,-14.380903,13.702760,-14.377651,13.700402,-14.390060,13.736887
0,-14.373545,13.696976,-14.367662,13.692318,-14.386600,13.752988
0,-14.353140,13.685374,-14.349746,13.684029,-14.313411,13.683618
0,-14.367662,13.692318,-14.373545,13.696976,-14.371055,13.694721
0,-14.313411,13.683618,-14.339983,13.681058,-14.321155,13.680690
0,-14.347011,13.682641,-14.339983,13.681058,-14.349746,13.684029
0,-14.339983,13.681058,-14.333286,13.678831,-14.324931,13.679777
0,-14.333286,13.678831,-14.328838,13.678698,-14.324931,13.679777
0,-14.333286,13.678831,-14.339983,13.681058,-14.337295,13.679669
0,-14.328838,13.678698,-14.333286,13.678831,-14.328898,13.678681
0,-14.313411,13.683618,-14.386600,13.752988,-14.353140,13.685374
0,-14.321155,13.680690,-14.339983,13.681058,-14.324931,13.679777
0,-14.309538,13.684300,-14.306800,13.684893,-14.288701,13.696871
0,-14.299615,13.687402,-14.306800,13.684893,-14.304675,13.685348
0,-14.299615,13.687402,-14.290749,13.694404,-14.306800,13.684893
0,-14.316671,13.681462,-14.313411,13.683618,-14.321155,13.680690
0,-14.288701,13.696871,-14.306800,13.684893,-14.290749,13.694404
0,-14.266819,13.722162,-14.380908,13.775326,-14.385389,13.758630
0,-14.288188,13.697376,-14.266819,13.722162,-14.385389,13.758630
0,-14.299615,13.687402,-14.292060,13.692826,-14.290749,13.694404
0,-14.298815,13.687727,-14.294521,13.689192,-14.292060,13.692826
0,-14.334534,13.820085,-14.227998,13.759287,-14.334222,13.821389
0,-14.336087,13.815647,-14.380908,13.775326,-14.266819,13.722162
0,-14.335501,13.816174,-14.254409,13.736553,-14.252583,13.738032
0,-14.336087,13.815647,-14.266819,13.722162,-14.254409,13.736553
0,-14.227998,13.759287,-14.223833,13.763330,-14.333916,13.822692
0,-14.335501,13.816174,-14.234102,13.753635,-14.232351,13.755427
0,-14.335501,13.816174,-14.238409,13.749547,-14.234102,13.753635
0,-14.335501,13.816174,-14.252583,13.738032,-14.238409,13.749547
0,-14.234102,13.753635,-14.237028,13.750640,-14.236611,13.750970
0,-14.234102,13.753635,-14.238409,13.749547,-14.237028,13.750640
0,-14.328927,13.850035,-14.329095,13.848735,-14.188888,13.802262
0,-14.328770,13.851336,-14.188888,13.802262,-14.180988,13.863577
0,-14.196711,13.789705,-14.195151,13.790576,-14.192968,13.794717
0,-14.173761,13.826045,-14.175629,13.853009,-14.177699,13.819144
0,-14.175629,13.853009,-14.180988,13.863577,-14.179263,13.817167
0,-14.173761,13.826045,-14.177699,13.819144,-14.175234,13.822916
0,-14.188888,13.802262,-14.184669,13.808472,-14.180988,13.863577
0,-14.184669,13.808472,-14.183152,13.810864,-14.180988,13.863577
0,-14.198415,13.788189,-14.192968,13.794717,-14.191407,13.797960
0,-14.191407,13.797960,-14.190885,13.798853,-14.202440,13.784330
0,-14.192968,13.794717,-14.198415,13.788189,-14.196711,13.789705
0,-14.191407,13.797960,-14.202440,13.784330,-14.198415,13.788189
0,-14.334851,13.818782,-14.232351,13.755427,-14.334534,13.820085
0,-14.209066,13.778082,-14.216449,13.771190,-14.212901,13.774221
0,-14.331674,13.833116,-14.331933,13.831813,-14.216449,13.771190
