65,12,1,73,3,
0,-14.818193,14.459914,-14.631114,14.467360,-14.818214,14.461269
0,-14.825032,14.148744,-14.761531,14.071792,-14.760178,14.072128
0,-14.834686,14.201160,-14.834799,14.199842,-14.831070,14.210632
0,-14.834859,14.197139,-14.829460,14.212750,-14.834855,14.198501
0,-14.629944,14.488422,-14.629909,14.489048,-14.722048,14.582894
0,-14.827028,14.585207,-14.776076,14.602152,-14.824662,14.589552
0,-14.782221,14.605732,-14.824662,14.589552,-14.776076,14.602152
0,-14.852529,14.117848,-14.832333,14.144652,-14.833926,14.144422
0,-14.850058,14.103207,-14.849847,14.101769,-14.827119,14.146301
0,-14.742503,14.076706,-14.824400,14.151034,-14.743867,14.076342
0,-14.770969,14.069533,-14.769625,14.069846,-14.825545,14.147788
0,-14.635819,14.381344,-14.635368,14.390751,-14.816686,14.358206
0,-14.769625,14.069846,-14.768279,14.070162,-14.825545,14.147788
0,-14.846435,14.085251,-14.849129,14.094793,-14.849049,14.093439
0,-14.848971,14.092085,-14.848895,14.090730,-14.847192,14.086532
0,-14.710935,14.085438,-14.709557,14.085824,-14.824676,14.158215
0,-14.824400,14.151034,-14.738865,14.077687,-14.738403,14.077812
0,-14.810824,14.228935,-14.827120,14.167242,-14.809697,14.229853
0,-14.818133,14.455845,-14.829570,14.435046,-14.831057,14.428847
0,-14.834799,14.199842,-14.834855,14.198501,-14.830292,14.211701
0,-14.830961,14.260359,-14.829743,14.260063,-14.834019,14.263117
0,-14.827646,14.214800,-14.834819,14.195760,-14.834739,14.194364
0,-14.597887,14.574368,-14.611445,14.561255,-14.597660,14.571575
0,-14.631114,14.467360,-14.818455,14.477543,-14.818435,14.476187
0,-14.753428,14.587743,-14.818857,14.504665,-14.746185,14.582910
0,-14.764339,14.594724,-14.769841,14.598393,-14.827028,14.585207
0,-14.629944,14.488422,-14.818596,14.487036,-14.818576,14.485679
0,-14.638060,14.104023,-14.588096,14.174779,-14.588389,14.176805
0,-14.826166,14.164378,-14.807514,14.231700,-14.826633,14.165842
0,-14.586562,14.162017,-14.586800,14.163817,-14.586842,14.160960
0,-14.588590,14.183387,-14.588882,14.185874,-14.588389,14.176805
0,-14.624045,14.282697,-14.624727,14.284042,-14.626722,14.286789
0,-14.600286,14.262333,-14.595300,14.251375,-14.595362,14.253675
0,-14.591484,14.213004,-14.668199,14.097041,-14.591376,14.212268
0,-14.824400,14.151034,-14.824653,14.149831,-14.746595,14.075617
0,-14.588882,14.185874,-14.648983,14.101669,-14.588389,14.176805
0,-14.604275,14.108118,-14.586257,14.130044,-14.616060,14.106056
0,-14.850771,14.107582,-14.828201,14.145747,-14.829446,14.145298
0,-14.852297,14.116394,-14.852053,14.114933,-14.832333,14.144652
0,-14.851285,14.110523,-14.829446,14.145298,-14.851545,14.111995
0,-14.845700,14.083912,-14.849129,14.094793,-14.846435,14.085251
0,-14.846435,14.085251,-14.849049,14.093439,-14.847192,14.086532
0,-14.838719,14.069515,-14.820955,14.060849,-14.839445,14.070880
0,-14.823513,14.060608,-14.837973,14.068202,-14.837204,14.066955
0,-14.822235,14.060726,-14.820955,14.060849,-14.838719,14.069515
0,-14.814522,14.061561,-14.842222,14.076680,-14.815813,14.061407
0,-14.787004,14.066060,-14.785675,14.066328,-14.826227,14.146976
0,-14.834711,14.063704,-14.826064,14.060393,-14.835577,14.064695
0,-14.823513,14.060608,-14.822235,14.060726,-14.837973,14.068202
0,-14.832859,14.062046,-14.826064,14.060393,-14.833807,14.062817
0,-14.833485,14.182960,-14.833394,14.182024,-14.829170,14.171777
0,-14.849847,14.101769,-14.849654,14.100341,-14.798890,14.063857
0,-14.797576,14.064083,-14.827119,14.146301,-14.798890,14.063857
0,-14.738865,14.077687,-14.824400,14.151034,-14.739770,14.077442
0,-14.822432,14.219691,-14.834335,14.190113,-14.834165,14.188682
0,-14.801958,14.252411,-14.640274,14.300996,-14.802895,14.253711
0,-14.806466,14.232632,-14.825726,14.162867,-14.805453,14.233569
0,-14.664073,14.098079,-14.662698,14.098420,-14.590078,14.195822
0,-14.811970,14.228019,-14.827615,14.168562,-14.810824,14.228935
0,-14.828577,14.213784,-14.834859,14.197139,-14.834819,14.195760
0,-14.826673,14.215803,-14.834739,14.194364,-14.834628,14.192957
0,-14.833110,14.176009,-14.830238,14.172047,-14.829170,14.171777
0,-14.831684,14.171861,-14.830238,14.172047,-14.833162,14.174672
0,-14.833162,14.174672,-14.830238,14.172047,-14.833110,14.176009
0,-14.833926,14.144422,-14.852747,14.119292,-14.852529,14.117848
0,-14.856911,14.147793,-14.856423,14.143487,-14.843423,14.154244
0,-14.834819,14.195760,-14.827646,14.214800,-14.828577,14.213784
0,-14.818767,14.260177,-14.835856,14.275974,-14.820416,14.260076
0,-14.823738,14.259874,-14.835588,14.268902,-14.825357,14.259816
0,-14.834019,14.263117,-14.833522,14.262187,-14.830961,14.260359
0,-14.835735,14.270240,-14.835588,14.268902,-14.823738,14.259874
0,-14.831057,14.428847,-14.830618,14.395031,-14.818133,14.455845
0,-14.734533,14.582986,-14.741964,14.582994,-14.731500,14.582723
0,-14.835348,14.282010,-14.835525,14.280496,-14.817158,14.260247
0,-14.829657,14.581502,-14.833992,14.576774,-14.834540,14.519796
0,-14.788549,14.609580,-14.824662,14.589552,-14.782221,14.605732
0,-14.823081,14.595560,-14.793868,14.612802,-14.822158,14.600674
0,-14.824662,14.589552,-14.788549,14.609580,-14.823081,14.595560
0,-14.829657,14.581502,-14.819198,14.504994,-14.764339,14.594724
0,-14.833992,14.576774,-14.838458,14.572431,-14.841613,14.566424
0,-14.731500,14.582723,-14.741964,14.582994,-14.818817,14.501952
0,-14.834540,14.519796,-14.833992,14.576774,-14.841613,14.566424
0,-14.818817,14.501952,-14.818797,14.500596,-14.731500,14.582723
0,-14.818556,14.484323,-14.629944,14.488422,-14.818576,14.485679
0,-14.818435,14.476187,-14.818415,14.474831,-14.631114,14.467360
0,-14.818415,14.474831,-14.818394,14.473474,-14.631114,14.467360
0,-14.818274,14.465338,-14.631114,14.467360,-14.818294,14.466694
0,-14.629300,14.444070,-14.629896,14.461669,-14.633193,14.429931
0,-14.640274,14.300996,-14.807293,14.259793,-14.804798,14.256252
0,-14.835671,14.278980,-14.818767,14.260177,-14.817158,14.260247
0,-14.818214,14.461269,-14.631114,14.467360,-14.818234,14.462625
0,-14.835143,14.283518,-14.835348,14.282010,-14.815618,14.260266
0,-14.825325,14.161325,-14.805453,14.233569,-14.825726,14.162867
0,-14.803851,14.254993,-14.640274,14.300996,-14.804798,14.256252
0,-14.705423,14.086983,-14.801829,14.237411,-14.706801,14.086597
0,-14.697148,14.089290,-14.801050,14.238399,-14.698527,14.088907
0,-14.798975,14.247232,-14.640274,14.300996,-14.799549,14.248507
0,-14.798344,14.243612,-14.798593,14.242502,-14.624045,14.282697
0,-14.628886,14.448819,-14.629896,14.461669,-14.629300,14.444070
0,-14.631694,14.291896,-14.636055,14.295846,-14.624045,14.282697
0,-14.631114,14.467360,-14.818153,14.457202,-14.818133,14.455845
0,-14.630380,14.290597,-14.631694,14.291896,-14.624045,14.282697
0,-14.695090,14.595261,-14.722048,14.582894,-14.677405,14.593898
0,-14.639277,14.298608,-14.636055,14.295846,-14.637573,14.297412
0,-14.639277,14.298608,-14.624045,14.282697,-14.636055,14.295846
0,-14.818153,14.457202,-14.631114,14.467360,-14.818173,14.458558
0,-14.722048,14.582894,-14.725999,14.583155,-14.731500,14.582723
0,-14.731500,14.582723,-14.818616,14.488392,-14.722048,14.582894
0,-14.648101,14.582878,-14.651286,14.594598,-14.677405,14.593898
0,-14.803584,14.618334,-14.820543,14.619720,-14.820834,14.615375
0,-14.695090,14.595261,-14.712387,14.592604,-14.722048,14.582894
0,-14.712387,14.592604,-14.720452,14.586490,-14.722048,14.582894
0,-14.628240,14.517843,-14.722048,14.582894,-14.628497,14.514436
0,-14.627664,14.528156,-14.627664,14.528156,-14.627664,14.528156
0,-14.648101,14.582878,-14.626891,14.542041,-14.644184,14.581282
0,-14.626722,14.286789,-14.629230,14.289460,-14.624045,14.282697
0,-14.631033,14.587541,-14.635886,14.582223,-14.622196,14.587117
0,-14.628873,14.456893,-14.629896,14.461669,-14.628886,14.448819
0,-14.609429,14.583460,-14.611445,14.561255,-14.597887,14.574368
0,-14.595300,14.251375,-14.602896,14.264905,-14.595067,14.249309
0,-14.647615,14.101977,-14.588389,14.176805,-14.648983,14.101669
0,-14.604275,14.108118,-14.616060,14.106056,-14.608076,14.106868
0,-14.636698,14.104300,-14.588096,14.174779,-14.638060,14.104023
0,-14.587572,14.172111,-14.588096,14.174779,-14.586842,14.160960
0,-14.586448,14.127838,-14.586257,14.130044,-14.604275,14.108118
0,-14.623012,14.106108,-14.585445,14.149303,-14.624395,14.106056
0,-14.584554,14.142586,-14.585445,14.149303,-14.584675,14.139591
0,-14.584675,14.139591,-14.585230,14.135071,-14.584622,14.138479
0,-14.604275,14.108118,-14.586721,14.125072,-14.586448,14.127838
0,-14.624395,14.106056,-14.585445,14.149303,-14.586352,14.156788
0,-14.610469,14.105766,-14.608076,14.106868,-14.611868,14.105851
0,-14.585883,14.132540,-14.616060,14.106056,-14.586257,14.130044
0,-14.611868,14.105851,-14.608076,14.106868,-14.613266,14.105929
0,-14.676461,14.094903,-14.675084,14.095264,-14.798593,14.242502
0,-14.591108,14.210447,-14.591198,14.211058,-14.590771,14.207433
0,-14.824262,14.152337,-14.824400,14.151034,-14.738403,14.077812
0,-14.701286,14.088139,-14.801050,14.238399,-14.801829,14.237411
0,-14.698527,14.088907,-14.801050,14.238399,-14.699907,14.088523
0,-14.684733,14.092695,-14.799087,14.241448,-14.799675,14.240417
0,-14.799087,14.241448,-14.676461,14.094903,-14.798593,14.242502
0,-14.757469,14.072806,-14.756114,14.073149,-14.825032,14.148744
0,-14.758824,14.072466,-14.757469,14.072806,-14.825032,14.148744
0,-14.792303,14.065035,-14.790980,14.065285,-14.827119,14.146301
0,-14.780347,14.067440,-14.826227,14.146976,-14.781681,14.067155
0,-14.778929,14.067746,-14.826227,14.146976,-14.779011,14.067728
0,-14.774996,14.068614,-14.825545,14.147788,-14.776336,14.068314
0,-14.754757,14.073495,-14.824653,14.149831,-14.825032,14.148744
0,-14.753399,14.073842,-14.824653,14.149831,-14.754757,14.073495
0,-14.742503,14.076706,-14.741137,14.077073,-14.824400,14.151034
0,-14.824262,14.152337,-14.738403,14.077812,-14.737035,14.078183
0,-14.802662,14.236435,-14.706801,14.086597,-14.801829,14.237411
0,-14.824231,14.153722,-14.724694,14.081586,-14.824296,14.155174
0,-14.732927,14.079307,-14.731859,14.079601,-14.824262,14.152337
0,-14.824296,14.155174,-14.723320,14.081969,-14.721946,14.082353
0,-14.811935,14.061888,-14.810639,14.062061,-14.843589,14.079637
0,-14.815813,14.061407,-14.842222,14.076680,-14.841539,14.075200
0,-14.818387,14.061115,-14.817101,14.061257,-14.840851,14.073734
0,-14.844983,14.082522,-14.849337,14.097531,-14.845700,14.083912
0,-14.842222,14.076680,-14.814522,14.061561,-14.842904,14.078163
0,-14.842904,14.078163,-14.811935,14.061888,-14.843589,14.079637
0,-14.849219,14.096152,-14.849129,14.094793,-14.845700,14.083912
0,-14.843589,14.079637,-14.810639,14.062061,-14.844280,14.081093
0,-14.808041,14.062421,-14.806739,14.062610,-14.844983,14.082522
0,-14.802822,14.063211,-14.801513,14.063421,-14.849484,14.098928
0,-14.845700,14.083912,-14.849337,14.097531,-14.849219,14.096152
0,-14.804130,14.063005,-14.849484,14.098928,-14.849337,14.097531
0,-14.849049,14.093439,-14.848971,14.092085,-14.847192,14.086532
0,-14.848895,14.090730,-14.847975,14.087745,-14.847192,14.086532
0,-14.848895,14.090730,-14.848789,14.088876,-14.847975,14.087745
0,-14.820955,14.060849,-14.819672,14.060979,-14.840154,14.072290
0,-14.837973,14.068202,-14.822235,14.060726,-14.838719,14.069515
0,-14.824789,14.060497,-14.837204,14.066955,-14.836406,14.065782
0,-14.826064,14.060393,-14.824789,14.060497,-14.835577,14.064695
0,-14.833807,14.062817,-14.826064,14.060393,-14.834711,14.063704
0,-14.827334,14.060299,-14.826064,14.060393,-14.832859,14.062046
0,-14.840154,14.072290,-14.839445,14.070880,-14.820955,14.060849
0,-14.818387,14.061115,-14.840154,14.072290,-14.819672,14.060979
0,-14.827334,14.060299,-14.832859,14.062046,-14.831864,14.061403
0,-14.827334,14.060299,-14.831864,14.061403,-14.830817,14.060897
0,-14.830817,14.060897,-14.829716,14.060537,-14.828556,14.060333
0,-14.830817,14.060897,-14.828556,14.060333,-14.827334,14.060299
0,-14.836406,14.065782,-14.835577,14.064695,-14.824789,14.060497
0,-14.837204,14.066955,-14.824789,14.060497,-14.823513,14.060608
0,-14.840851,14.073734,-14.840154,14.072290,-14.818387,14.061115
0,-14.841539,14.075200,-14.840851,14.073734,-14.817101,14.061257
0,-14.841539,14.075200,-14.817101,14.061257,-14.815813,14.061407
0,-14.809341,14.062238,-14.844280,14.081093,-14.810639,14.062061
0,-14.808041,14.062421,-14.844280,14.081093,-14.809341,14.062238
0,-14.842904,14.078163,-14.814522,14.061561,-14.813230,14.061721
0,-14.842904,14.078163,-14.813230,14.061721,-14.811935,14.061888
0,-14.844983,14.082522,-14.844280,14.081093,-14.808041,14.062421
0,-14.805435,14.062805,-14.844983,14.082522,-14.806739,14.062610
0,-14.849337,14.097531,-14.844983,14.082522,-14.805435,14.062805
0,-14.849654,14.100341,-14.801513,14.063421,-14.800203,14.063637
0,-14.797576,14.064083,-14.796260,14.064314,-14.827119,14.146301
0,-14.849337,14.097531,-14.805435,14.062805,-14.804130,14.063005
0,-14.849484,14.098928,-14.804130,14.063005,-14.802822,14.063211
0,-14.850771,14.107582,-14.829446,14.145298,-14.851026,14.109051
0,-14.783014,14.066876,-14.826227,14.146976,-14.784345,14.066600
0,-14.781681,14.067155,-14.826227,14.146976,-14.783014,14.066876
0,-14.776336,14.068314,-14.825545,14.147788,-14.777674,14.068019
0,-14.779011,14.067728,-14.826227,14.146976,-14.780347,14.067440
0,-14.777674,14.068019,-14.826227,14.146976,-14.778929,14.067746
0,-14.787004,14.066060,-14.826227,14.146976,-14.788331,14.065798
0,-14.785211,14.066423,-14.826227,14.146976,-14.785675,14.066328
0,-14.789656,14.065539,-14.826227,14.146976,-14.790980,14.065285
0,-14.829446,14.145298,-14.830832,14.144938,-14.851545,14.111995
0,-14.794942,14.064549,-14.793623,14.064790,-14.827119,14.146301
0,-14.852297,14.116394,-14.832333,14.144652,-14.852529,14.117848
0,-14.790980,14.065285,-14.826227,14.146976,-14.827119,14.146301
0,-14.835586,14.144235,-14.852948,14.120725,-14.833926,14.144422
0,-14.833926,14.144422,-14.852948,14.120725,-14.852747,14.119292
0,-14.793623,14.064790,-14.792303,14.065035,-14.827119,14.146301
0,-14.788331,14.065798,-14.826227,14.146976,-14.789656,14.065539
0,-14.784345,14.066600,-14.826227,14.146976,-14.785211,14.066423
0,-14.825325,14.161325,-14.824972,14.159769,-14.804478,14.234515
0,-14.850058,14.103207,-14.827119,14.146301,-14.828201,14.145747
0,-14.850284,14.104658,-14.850058,14.103207,-14.828201,14.145747
0,-14.796260,14.064314,-14.794942,14.064549,-14.827119,14.146301
0,-14.777674,14.068019,-14.825545,14.147788,-14.826227,14.146976
0,-14.825545,14.147788,-14.765583,14.070805,-14.825032,14.148744
0,-14.825545,14.147788,-14.768279,14.070162,-14.766931,14.070483
0,-14.824262,14.152337,-14.730185,14.080062,-14.824231,14.153722
0,-14.824448,14.156677,-14.713690,14.084665,-14.712313,14.085051
0,-14.824296,14.155174,-14.724694,14.081586,-14.723320,14.081969
0,-14.824676,14.158215,-14.709557,14.085824,-14.802662,14.236435
0,-14.815476,14.225273,-14.828595,14.170899,-14.814300,14.226190
0,-14.827120,14.167242,-14.826633,14.165842,-14.809697,14.229853
0,-14.806466,14.232632,-14.826166,14.164378,-14.825726,14.162867
0,-14.828595,14.170899,-14.828111,14.169786,-14.814300,14.226190
0,-14.810824,14.228935,-14.827615,14.168562,-14.827120,14.167242
0,-14.833643,14.184386,-14.829170,14.171777,-14.828595,14.170899
0,-14.833109,14.177368,-14.833110,14.176009,-14.829170,14.171777
0,-14.821305,14.220637,-14.834165,14.188682,-14.833989,14.187249
0,-14.833152,14.178746,-14.829170,14.171777,-14.833233,14.180138
0,-14.833152,14.178746,-14.833109,14.177368,-14.829170,14.171777
0,-14.833162,14.174672,-14.833288,14.173366,-14.831684,14.171861
0,-14.834041,14.172333,-14.835299,14.171524,-14.833332,14.171433
0,-14.831684,14.171861,-14.833288,14.173366,-14.833332,14.171433
0,-14.833347,14.181544,-14.829170,14.171777,-14.833394,14.182024
0,-14.833233,14.180138,-14.829170,14.171777,-14.833347,14.181544
0,-14.833813,14.185816,-14.819000,14.222508,-14.833989,14.187249
0,-14.833643,14.184386,-14.833485,14.182960,-14.829170,14.171777
0,-14.834508,14.202452,-14.834686,14.201160,-14.831787,14.209546
0,-14.834859,14.197139,-14.828577,14.213784,-14.829460,14.212750
0,-14.824614,14.217770,-14.834628,14.192957,-14.834491,14.191538
0,-14.824614,14.217770,-14.834491,14.191538,-14.823536,14.218735
0,-14.834491,14.191538,-14.834335,14.190113,-14.823536,14.218735
0,-14.833813,14.185816,-14.828595,14.170899,-14.819000,14.222508
0,-14.828595,14.170899,-14.833813,14.185816,-14.833643,14.184386
0,-14.828595,14.170899,-14.816654,14.224355,-14.817830,14.223434
0,-14.833288,14.173366,-14.834041,14.172333,-14.833332,14.171433
0,-14.835586,14.144235,-14.853128,14.122144,-14.852948,14.120725
0,-14.856423,14.143487,-14.839009,14.143920,-14.843423,14.154244
0,-14.853286,14.123548,-14.853128,14.122144,-14.835586,14.144235
0,-14.839009,14.143920,-14.853286,14.123548,-14.837288,14.144072
0,-14.837288,14.144072,-14.853286,14.123548,-14.835586,14.144235
0,-14.849847,14.101769,-14.798890,14.063857,-14.827119,14.146301
0,-14.849654,14.100341,-14.800203,14.063637,-14.798890,14.063857
0,-14.849484,14.098928,-14.801513,14.063421,-14.849654,14.100341
0,-14.850523,14.106117,-14.828201,14.145747,-14.850771,14.107582
0,-14.850284,14.104658,-14.828201,14.145747,-14.850523,14.106117
0,-14.830832,14.144938,-14.851802,14.113465,-14.851545,14.111995
0,-14.851026,14.109051,-14.829446,14.145298,-14.851285,14.110523
0,-14.856677,14.129851,-14.839009,14.143920,-14.856918,14.135832
0,-14.856677,14.129851,-14.853286,14.123548,-14.839009,14.143920
0,-14.830832,14.144938,-14.832333,14.144652,-14.852053,14.114933
0,-14.830832,14.144938,-14.852053,14.114933,-14.851802,14.113465
0,-14.843423,14.154244,-14.852001,14.157599,-14.856911,14.147793
0,-14.846117,14.157834,-14.852001,14.157599,-14.843423,14.154244
0,-14.856911,14.147793,-14.852001,14.157599,-14.856906,14.155449
0,-14.856918,14.135832,-14.839009,14.143920,-14.856423,14.143487
0,-14.832442,14.208438,-14.834508,14.202452,-14.831787,14.209546
0,-14.832442,14.208438,-14.834260,14.203716,-14.834508,14.202452
0,-14.832442,14.208438,-14.833935,14.204948,-14.834260,14.203716
0,-14.833028,14.207311,-14.833935,14.204948,-14.832442,14.208438
0,-14.834686,14.201160,-14.831070,14.210632,-14.831787,14.209546
0,-14.833028,14.207311,-14.833526,14.206148,-14.833935,14.204948
0,-14.834799,14.199842,-14.830292,14.211701,-14.831070,14.210632
0,-14.834855,14.198501,-14.829460,14.212750,-14.830292,14.211701
0,-14.834739,14.194364,-14.826673,14.215803,-14.827646,14.214800
0,-14.834335,14.190113,-14.822432,14.219691,-14.823536,14.218735
0,-14.834165,14.188682,-14.821305,14.220637,-14.822432,14.219691
0,-14.834823,14.265225,-14.834452,14.264133,-14.828386,14.259888
0,-14.834628,14.192957,-14.825661,14.216793,-14.826673,14.215803
0,-14.834628,14.192957,-14.824614,14.217770,-14.825661,14.216793
0,-14.835388,14.267617,-14.826915,14.259812,-14.825357,14.259816
0,-14.833989,14.187249,-14.820160,14.221576,-14.821305,14.220637
0,-14.834823,14.265225,-14.828386,14.259888,-14.826915,14.259812
0,-14.833989,14.187249,-14.819000,14.222508,-14.820160,14.221576
0,-14.834823,14.265225,-14.826915,14.259812,-14.835134,14.266388
0,-14.822082,14.259969,-14.835833,14.271623,-14.823738,14.259874
0,-14.815618,14.260266,-14.835348,14.282010,-14.817158,14.260247
0,-14.835781,14.277471,-14.835856,14.275974,-14.818767,14.260177
0,-14.822082,14.259969,-14.820416,14.260076,-14.835884,14.273043
0,-14.820416,14.260076,-14.835891,14.274496,-14.835884,14.273043
0,-14.830961,14.260359,-14.833522,14.262187,-14.832014,14.260797
0,-14.828386,14.259888,-14.834452,14.264133,-14.829743,14.260063
0,-14.832014,14.260797,-14.833522,14.262187,-14.832876,14.261400
0,-14.834019,14.263117,-14.829743,14.260063,-14.834452,14.264133
0,-14.835833,14.271623,-14.835735,14.270240,-14.823738,14.259874
0,-14.835588,14.268902,-14.835388,14.267617,-14.825357,14.259816
0,-14.835388,14.267617,-14.835134,14.266388,-14.826915,14.259812
0,-14.835884,14.273043,-14.835833,14.271623,-14.822082,14.259969
0,-14.835856,14.275974,-14.835891,14.274496,-14.820416,14.260076
0,-14.847114,14.535653,-14.841613,14.566424,-14.853241,14.555692
0,-14.847114,14.535653,-14.834540,14.519796,-14.841613,14.566424
0,-14.841613,14.566424,-14.838458,14.572431,-14.840955,14.569364
0,-14.835671,14.278980,-14.835781,14.277471,-14.818767,14.260177
0,-14.815618,14.260266,-14.834910,14.285012,-14.835143,14.283518
0,-14.811390,14.260420,-14.809998,14.260439,-14.834910,14.285012
0,-14.835525,14.280496,-14.835671,14.278980,-14.817158,14.260247
0,-14.827028,14.585207,-14.829657,14.581502,-14.764339,14.594724
0,-14.776076,14.602152,-14.827028,14.585207,-14.769841,14.598393
0,-14.788549,14.609580,-14.793868,14.612802,-14.823081,14.595560
0,-14.803584,14.618334,-14.820301,14.623324,-14.820543,14.619720
0,-14.800196,14.616203,-14.821629,14.606426,-14.822158,14.600674
0,-14.800196,14.616203,-14.803584,14.618334,-14.821629,14.606426
0,-14.821629,14.606426,-14.803584,14.618334,-14.821196,14.611302
0,-14.821196,14.611302,-14.803584,14.618334,-14.820834,14.615375
0,-14.818777,14.499241,-14.731500,14.582723,-14.818797,14.500596
0,-14.818757,14.497885,-14.731500,14.582723,-14.818777,14.499241
0,-14.834540,14.519796,-14.819198,14.504994,-14.829657,14.581502
0,-14.816626,14.354137,-14.637305,14.354561,-14.816646,14.355493
0,-14.835849,14.408855,-14.830618,14.395031,-14.831057,14.428847
0,-14.842446,14.297859,-14.834910,14.285012,-14.830523,14.330505
0,-14.834910,14.285012,-14.809998,14.260439,-14.808452,14.260380
0,-14.802895,14.253711,-14.640274,14.300996,-14.803851,14.254993
0,-14.818354,14.470763,-14.818334,14.469407,-14.631114,14.467360
0,-14.818394,14.473474,-14.818374,14.472118,-14.631114,14.467360
0,-14.818314,14.468050,-14.818294,14.466694,-14.631114,14.467360
0,-14.818334,14.469407,-14.818314,14.468050,-14.631114,14.467360
0,-14.818254,14.463982,-14.631114,14.467360,-14.818274,14.465338
0,-14.631114,14.467360,-14.818495,14.480256,-14.818475,14.478899
0,-14.631114,14.467360,-14.818515,14.481611,-14.818495,14.480256
0,-14.631114,14.467360,-14.818374,14.472118,-14.818354,14.470763
0,-14.818535,14.482967,-14.629944,14.488422,-14.818556,14.484323
0,-14.818515,14.481611,-14.629944,14.488422,-14.818535,14.482967
0,-14.818696,14.493816,-14.731500,14.582723,-14.818716,14.495172
0,-14.818736,14.496528,-14.731500,14.582723,-14.818757,14.497885
0,-14.818716,14.495172,-14.731500,14.582723,-14.818736,14.496528
0,-14.818676,14.492460,-14.731500,14.582723,-14.818696,14.493816
0,-14.818656,14.491103,-14.731500,14.582723,-14.818676,14.492460
0,-14.818636,14.489748,-14.731500,14.582723,-14.818656,14.491103
0,-14.722048,14.582894,-14.818616,14.488392,-14.818596,14.487036
0,-14.731500,14.582723,-14.818636,14.489748,-14.818616,14.488392
0,-14.631114,14.467360,-14.818193,14.459914,-14.818173,14.458558
0,-14.818234,14.462625,-14.631114,14.467360,-14.818254,14.463982
0,-14.822158,14.600674,-14.793868,14.612802,-14.800196,14.616203
0,-14.634407,14.408073,-14.818133,14.455845,-14.816686,14.358206
0,-14.633193,14.429931,-14.631114,14.467360,-14.818133,14.455845
0,-14.816626,14.354137,-14.816606,14.352782,-14.637305,14.354561
0,-14.816646,14.355493,-14.637305,14.354561,-14.816666,14.356849
0,-14.830618,14.395031,-14.816686,14.358206,-14.818133,14.455845
0,-14.808452,14.260380,-14.830523,14.330505,-14.834910,14.285012
0,-14.816606,14.352782,-14.816586,14.351425,-14.637305,14.354561
0,-14.816560,14.349728,-14.638790,14.327779,-14.637305,14.354561
0,-14.816586,14.351425,-14.816560,14.349728,-14.637305,14.354561
0,-14.639277,14.298608,-14.640274,14.300996,-14.798564,14.245987
0,-14.639277,14.298608,-14.798564,14.245987,-14.798344,14.244776
0,-14.639277,14.298608,-14.798344,14.244776,-14.798344,14.243612
0,-14.799549,14.248507,-14.640274,14.300996,-14.800256,14.249801
0,-14.798564,14.245987,-14.640274,14.300996,-14.798975,14.247232
0,-14.801069,14.251105,-14.640274,14.300996,-14.801958,14.252411
0,-14.800256,14.249801,-14.640274,14.300996,-14.801069,14.251105
0,-14.824628,14.338396,-14.830523,14.330505,-14.808452,14.260380
0,-14.805706,14.257477,-14.804798,14.256252,-14.807293,14.259793
0,-14.824628,14.338396,-14.808452,14.260380,-14.807293,14.259793
0,-14.806547,14.258660,-14.805706,14.257477,-14.807293,14.259793
0,-14.811390,14.260420,-14.834910,14.285012,-14.815618,14.260266
0,-14.811390,14.260420,-14.815618,14.260266,-14.814170,14.260213
0,-14.812781,14.260250,-14.811390,14.260420,-14.814170,14.260213
0,-14.824628,14.338396,-14.807293,14.259793,-14.817629,14.345567
0,-14.808592,14.230774,-14.826633,14.165842,-14.807514,14.231700
0,-14.811970,14.228019,-14.828111,14.169786,-14.827615,14.168562
0,-14.809697,14.229853,-14.826633,14.165842,-14.808592,14.230774
0,-14.819000,14.222508,-14.828595,14.170899,-14.817830,14.223434
0,-14.816654,14.224355,-14.828595,14.170899,-14.815476,14.225273
0,-14.814300,14.226190,-14.828111,14.169786,-14.813130,14.227104
0,-14.813130,14.227104,-14.828111,14.169786,-14.811970,14.228019
0,-14.807514,14.231700,-14.826166,14.164378,-14.806466,14.232632
0,-14.825325,14.161325,-14.804478,14.234515,-14.805453,14.233569
0,-14.824972,14.159769,-14.803547,14.235469,-14.804478,14.234515
0,-14.824972,14.159769,-14.824676,14.158215,-14.802662,14.236435
0,-14.803547,14.235469,-14.824972,14.159769,-14.802662,14.236435
0,-14.679217,14.094173,-14.799087,14.241448,-14.680597,14.093806
0,-14.639277,14.298608,-14.798344,14.243612,-14.624045,14.282697
0,-14.693009,14.090435,-14.800331,14.239400,-14.694389,14.090054
0,-14.690251,14.091193,-14.799675,14.240417,-14.800331,14.239400
0,-14.629230,14.289460,-14.630380,14.290597,-14.624045,14.282697
0,-14.635368,14.390751,-14.635819,14.381344,-14.635301,14.390750
0,-14.640274,14.300996,-14.817629,14.345567,-14.807293,14.259793
0,-14.630380,14.290597,-14.630380,14.290597,-14.624045,14.282697
0,-14.624727,14.284042,-14.625335,14.285243,-14.626722,14.286789
0,-14.620242,14.281177,-14.623069,14.281928,-14.619064,14.280055
0,-14.593310,14.228161,-14.593475,14.234835,-14.613078,14.273964
0,-14.618383,14.279343,-14.619064,14.280055,-14.623069,14.281928
0,-14.617830,14.278764,-14.618383,14.279343,-14.623069,14.281928
0,-14.616058,14.276908,-14.617412,14.278325,-14.623069,14.281928
0,-14.620170,14.281201,-14.620242,14.281177,-14.620139,14.281182
0,-14.620139,14.281182,-14.620242,14.281177,-14.619064,14.280055
0,-14.620170,14.281201,-14.620175,14.281204,-14.620242,14.281177
0,-14.633193,14.429931,-14.818133,14.455845,-14.634251,14.410877
0,-14.629355,14.443437,-14.629300,14.444070,-14.633193,14.429931
0,-14.628599,14.436857,-14.633193,14.429931,-14.633124,14.429967
0,-14.629355,14.443437,-14.633193,14.429931,-14.628599,14.436857
0,-14.628599,14.436857,-14.633124,14.429967,-14.632263,14.430420
0,-14.628599,14.436857,-14.632263,14.430420,-14.629681,14.431775
0,-14.634407,14.408073,-14.816686,14.358206,-14.635368,14.390751
0,-14.634251,14.410877,-14.818133,14.455845,-14.634407,14.408073
0,-14.636449,14.369989,-14.635819,14.381344,-14.816686,14.358206
0,-14.635819,14.381344,-14.635297,14.390750,-14.635301,14.390750
0,-14.597537,14.260077,-14.596122,14.258094,-14.596120,14.259206
0,-14.817629,14.345567,-14.640274,14.300996,-14.638790,14.327779
0,-14.817629,14.345567,-14.638790,14.327779,-14.816560,14.349728
0,-14.816666,14.356849,-14.637305,14.354561,-14.816686,14.358206
0,-14.637305,14.354561,-14.636449,14.369989,-14.816686,14.358206
0,-14.626891,14.542041,-14.625297,14.560226,-14.644184,14.581282
0,-14.611445,14.561255,-14.603769,14.561825,-14.597660,14.571575
0,-14.644184,14.581282,-14.625297,14.560226,-14.635886,14.582223
0,-14.818475,14.478899,-14.818455,14.477543,-14.631114,14.467360
0,-14.818837,14.503309,-14.818817,14.501952,-14.741964,14.582994
0,-14.722048,14.582894,-14.627664,14.528156,-14.627664,14.528156
0,-14.818837,14.503309,-14.741964,14.582994,-14.818857,14.504665
0,-14.818857,14.504665,-14.746022,14.582913,-14.746185,14.582910
0,-14.818857,14.504665,-14.741964,14.582994,-14.746022,14.582913
0,-14.818857,14.504665,-14.753428,14.587743,-14.819198,14.504994
0,-14.819198,14.504994,-14.753428,14.587743,-14.764339,14.594724
0,-14.651286,14.594598,-14.648101,14.582878,-14.650285,14.594625
0,-14.731500,14.582723,-14.732289,14.583081,-14.734533,14.582986
0,-14.731500,14.582723,-14.725999,14.583155,-14.726762,14.583156
0,-14.627664,14.528156,-14.627664,14.528156,-14.627664,14.528156
0,-14.635886,14.582223,-14.625297,14.560226,-14.622196,14.587117
0,-14.677405,14.593898,-14.626891,14.542040,-14.648101,14.582878
0,-14.677405,14.593898,-14.722048,14.582894,-14.627664,14.528156
0,-14.648101,14.582878,-14.626891,14.542040,-14.626891,14.542041
0,-14.677405,14.593898,-14.627664,14.528156,-14.626891,14.542040
0,-14.722048,14.582894,-14.628124,14.519875,-14.627664,14.528156
0,-14.722048,14.582894,-14.628240,14.517843,-14.628124,14.519875
0,-14.722048,14.582894,-14.629909,14.489048,-14.628497,14.514436
0,-14.722048,14.582894,-14.818596,14.487036,-14.629944,14.488422
0,-14.628227,14.518027,-14.628124,14.519875,-14.628240,14.517843
0,-14.631114,14.467360,-14.629944,14.488422,-14.818515,14.481611
0,-14.631114,14.467360,-14.633193,14.429931,-14.629896,14.461669
0,-14.600286,14.262333,-14.602896,14.264905,-14.595300,14.251375
0,-14.597537,14.260077,-14.600286,14.262333,-14.595362,14.253675
0,-14.596122,14.258094,-14.597537,14.260077,-14.595404,14.255200
0,-14.595006,14.248777,-14.595067,14.249309,-14.602896,14.264905
0,-14.594573,14.243128,-14.602896,14.264905,-14.608487,14.269914
0,-14.610995,14.272080,-14.594573,14.243128,-14.608740,14.270133
0,-14.602896,14.264905,-14.605496,14.267567,-14.608487,14.269914
0,-14.593475,14.234835,-14.593812,14.238108,-14.613078,14.273964
0,-14.594573,14.243128,-14.594577,14.245705,-14.594673,14.246371
0,-14.594095,14.240225,-14.594573,14.243128,-14.610995,14.272080
0,-14.613078,14.273964,-14.616058,14.276908,-14.623069,14.281928
0,-14.623069,14.281928,-14.617560,14.278481,-14.617830,14.278764
0,-14.623069,14.281928,-14.617412,14.278325,-14.617560,14.278481
0,-14.625297,14.560226,-14.611445,14.561255,-14.622196,14.587117
0,-14.609429,14.583460,-14.597921,14.574778,-14.598237,14.578657
0,-14.622196,14.587117,-14.611445,14.561255,-14.609429,14.583460
0,-14.609429,14.583460,-14.597887,14.574368,-14.597921,14.574778
0,-14.597537,14.260077,-14.595362,14.253675,-14.595404,14.255200
0,-14.595006,14.248777,-14.595006,14.248777,-14.595067,14.249309
0,-14.594962,14.248382,-14.595006,14.248777,-14.602896,14.264905
0,-14.613078,14.273964,-14.593812,14.238108,-14.610995,14.272080
0,-14.602896,14.264905,-14.594573,14.243128,-14.594962,14.248382
0,-14.623069,14.281928,-14.593310,14.228161,-14.613078,14.273964
0,-14.610995,14.272080,-14.593812,14.238108,-14.594095,14.240225
0,-14.594962,14.248382,-14.594573,14.243128,-14.594673,14.246371
0,-14.608740,14.270133,-14.594573,14.243128,-14.608487,14.269914
0,-14.624045,14.282697,-14.593167,14.225348,-14.623069,14.281928
0,-14.668199,14.097041,-14.591484,14.213004,-14.669575,14.096690
0,-14.593245,14.231367,-14.593475,14.234835,-14.593310,14.228161
0,-14.593222,14.231018,-14.593245,14.231367,-14.593310,14.228161
0,-14.666823,14.097390,-14.590771,14.207433,-14.668199,14.097041
0,-14.593167,14.225348,-14.593310,14.228161,-14.623069,14.281928
0,-14.590338,14.205687,-14.590771,14.207433,-14.590143,14.201166
0,-14.590916,14.209142,-14.591108,14.210447,-14.590771,14.207433
0,-14.590771,14.207433,-14.591198,14.211058,-14.591336,14.212000
0,-14.593167,14.225348,-14.592025,14.221296,-14.592363,14.224334
0,-14.593167,14.225348,-14.591880,14.219225,-14.592025,14.221296
0,-14.798593,14.242502,-14.593167,14.225348,-14.624045,14.282697
0,-14.591782,14.217290,-14.591880,14.219225,-14.593167,14.225348
0,-14.591484,14.213004,-14.591782,14.217290,-14.593167,14.225348
0,-14.591484,14.213004,-14.591738,14.217142,-14.591782,14.217290
0,-14.591484,14.213004,-14.591211,14.215354,-14.591738,14.217142
0,-14.798593,14.242502,-14.591484,14.213004,-14.593167,14.225348
0,-14.798593,14.242502,-14.672328,14.095981,-14.591484,14.213004
0,-14.591484,14.213004,-14.670952,14.096336,-14.669575,14.096690
0,-14.589955,14.202648,-14.590338,14.205687,-14.590050,14.201895
0,-14.590050,14.201895,-14.590338,14.205687,-14.590143,14.201166
0,-14.590143,14.201166,-14.590771,14.207433,-14.590091,14.198914
0,-14.590091,14.198914,-14.590771,14.207433,-14.590085,14.197070
0,-14.653091,14.100727,-14.590078,14.195822,-14.653780,14.100566
0,-14.590085,14.197070,-14.590771,14.207433,-14.590078,14.195822
0,-14.589118,14.188361,-14.589840,14.194402,-14.590078,14.195822
0,-14.588938,14.190856,-14.589416,14.192783,-14.589118,14.188361
0,-14.589118,14.188361,-14.651721,14.101045,-14.588882,14.185874
0,-14.588590,14.183387,-14.588389,14.176805,-14.588399,14.181181
0,-14.589416,14.192783,-14.589840,14.194402,-14.589118,14.188361
0,-14.588399,14.181181,-14.588389,14.176805,-14.588200,14.178414
0,-14.587096,14.169208,-14.587572,14.172111,-14.586800,14.163817
0,-14.586758,14.166259,-14.587096,14.169208,-14.586800,14.163817
0,-14.587572,14.172111,-14.586842,14.160960,-14.586800,14.163817
0,-14.625775,14.105976,-14.624395,14.106056,-14.586352,14.156788
0,-14.632619,14.105106,-14.631259,14.105350,-14.586842,14.160960
0,-14.625775,14.105976,-14.586352,14.156788,-14.586652,14.158148
0,-14.585445,14.149303,-14.585981,14.155109,-14.586352,14.156788
0,-14.585445,14.149303,-14.585458,14.152666,-14.585981,14.155109
0,-14.584830,14.146544,-14.585445,14.149303,-14.584584,14.144012
0,-14.585445,14.149303,-14.584554,14.142586,-14.584584,14.144012
0,-14.584675,14.139591,-14.584533,14.141571,-14.584554,14.142586
0,-14.584622,14.138479,-14.584764,14.136689,-14.584530,14.137791
0,-14.585445,14.149303,-14.585883,14.132540,-14.584675,14.139591
0,-14.614664,14.105998,-14.613266,14.105929,-14.608076,14.106868
0,-14.584622,14.138479,-14.585230,14.135071,-14.584764,14.136689
0,-14.584675,14.139591,-14.585883,14.132540,-14.585230,14.135071
0,-14.617455,14.106101,-14.616060,14.106056,-14.585883,14.132540
0,-14.616060,14.106056,-14.614664,14.105998,-14.608076,14.106868
0,-14.609795,14.105723,-14.608076,14.106868,-14.610469,14.105766
0,-14.585445,14.149303,-14.621626,14.106137,-14.620238,14.106144
0,-14.618848,14.106132,-14.617455,14.106101,-14.585883,14.132540
0,-14.620238,14.106144,-14.585883,14.132540,-14.585445,14.149303
0,-14.618848,14.106132,-14.585883,14.132540,-14.620238,14.106144
0,-14.600351,14.108889,-14.587617,14.121385,-14.604275,14.108118
0,-14.589432,14.111804,-14.600351,14.108889,-14.589342,14.110230
0,-14.587617,14.121385,-14.586721,14.125072,-14.604275,14.108118
0,-14.600351,14.108889,-14.589743,14.108471,-14.589342,14.110230
0,-14.588872,14.114289,-14.600351,14.108889,-14.589432,14.111804
0,-14.588403,14.117191,-14.587617,14.121385,-14.600351,14.108889
0,-14.588403,14.117191,-14.587985,14.118067,-14.587617,14.121385
0,-14.587617,14.121385,-14.586956,14.123410,-14.586721,14.125072
0,-14.588403,14.117191,-14.600351,14.108889,-14.588872,14.114289
0,-14.621626,14.106137,-14.585445,14.149303,-14.623012,14.106108
0,-14.628525,14.105729,-14.627152,14.105868,-14.586652,14.158148
0,-14.627152,14.105868,-14.625775,14.105976,-14.586652,14.158148
0,-14.588096,14.174779,-14.635337,14.104573,-14.633977,14.104841
0,-14.586842,14.160960,-14.631259,14.105350,-14.629894,14.105557
0,-14.586842,14.160960,-14.629894,14.105557,-14.586652,14.158148
0,-14.629894,14.105557,-14.628525,14.105729,-14.586652,14.158148
0,-14.633977,14.104841,-14.586842,14.160960,-14.588096,14.174779
0,-14.632619,14.105106,-14.586842,14.160960,-14.633977,14.104841
0,-14.638060,14.104023,-14.588389,14.176805,-14.639422,14.103743
0,-14.635337,14.104573,-14.588096,14.174779,-14.636698,14.104300
0,-14.643515,14.102876,-14.588389,14.176805,-14.644881,14.102580
0,-14.642150,14.103169,-14.588389,14.176805,-14.643515,14.102876
0,-14.640786,14.103458,-14.588389,14.176805,-14.642150,14.103169
0,-14.639422,14.103743,-14.588389,14.176805,-14.640786,14.103458
0,-14.590078,14.195822,-14.659951,14.099093,-14.658578,14.099426
0,-14.665448,14.097736,-14.664073,14.098079,-14.590078,14.195822
0,-14.590078,14.195822,-14.661324,14.098759,-14.659951,14.099093
0,-14.590078,14.195822,-14.662698,14.098420,-14.661324,14.098759
0,-14.591336,14.212000,-14.591376,14.212268,-14.668199,14.097041
0,-14.591336,14.212000,-14.668199,14.097041,-14.590771,14.207433
0,-14.590771,14.207433,-14.666823,14.097390,-14.590078,14.195822
0,-14.666823,14.097390,-14.665448,14.097736,-14.590078,14.195822
0,-14.590078,14.195822,-14.658578,14.099426,-14.657205,14.099756
0,-14.590078,14.195822,-14.657205,14.099756,-14.655833,14.100083
0,-14.590078,14.195822,-14.655833,14.100083,-14.654462,14.100407
0,-14.590078,14.195822,-14.654462,14.100407,-14.653780,14.100566
0,-14.646248,14.102280,-14.588389,14.176805,-14.647615,14.101977
0,-14.644881,14.102580,-14.588389,14.176805,-14.646248,14.102280
0,-14.589118,14.188361,-14.653091,14.100727,-14.651721,14.101045
0,-14.589118,14.188361,-14.590078,14.195822,-14.653091,14.100727
0,-14.588882,14.185874,-14.650352,14.101358,-14.648983,14.101669
0,-14.588882,14.185874,-14.651721,14.101045,-14.650352,14.101358
0,-14.727441,14.080822,-14.726067,14.081204,-14.824231,14.153722
0,-14.824296,14.155174,-14.721946,14.082353,-14.720571,14.082737
0,-14.726067,14.081204,-14.724694,14.081586,-14.824231,14.153722
0,-14.734297,14.078932,-14.732927,14.079307,-14.824262,14.152337
0,-14.731859,14.079601,-14.731556,14.079684,-14.824262,14.152337
0,-14.731556,14.079684,-14.730185,14.080062,-14.824262,14.152337
0,-14.824231,14.153722,-14.728813,14.080443,-14.727441,14.080822
0,-14.824231,14.153722,-14.730185,14.080062,-14.728813,14.080443
0,-14.737035,14.078183,-14.735666,14.078557,-14.824262,14.152337
0,-14.735666,14.078557,-14.734297,14.078932,-14.824262,14.152337
0,-14.745232,14.075978,-14.824400,14.151034,-14.746595,14.075617
0,-14.743867,14.076342,-14.824400,14.151034,-14.745232,14.075978
0,-14.741137,14.077073,-14.739770,14.077442,-14.824400,14.151034
0,-14.762883,14.071460,-14.825032,14.148744,-14.764234,14.071132
0,-14.765583,14.070805,-14.825545,14.147788,-14.766931,14.070483
0,-14.764234,14.071132,-14.825032,14.148744,-14.765583,14.070805
0,-14.773655,14.068916,-14.825545,14.147788,-14.774996,14.068614
0,-14.772313,14.069223,-14.825545,14.147788,-14.773655,14.068916
0,-14.770969,14.069533,-14.825545,14.147788,-14.772313,14.069223
0,-14.761531,14.071792,-14.825032,14.148744,-14.762883,14.071460
0,-14.758824,14.072466,-14.825032,14.148744,-14.760178,14.072128
0,-14.754757,14.073495,-14.825032,14.148744,-14.756114,14.073149
0,-14.752040,14.074193,-14.824653,14.149831,-14.753399,14.073842
0,-14.747958,14.075258,-14.824653,14.149831,-14.749319,14.074901
0,-14.746595,14.075617,-14.824653,14.149831,-14.747958,14.075258
0,-14.750680,14.074546,-14.824653,14.149831,-14.752040,14.074193
0,-14.749319,14.074901,-14.824653,14.149831,-14.750680,14.074546
0,-14.824296,14.155174,-14.720571,14.082737,-14.719195,14.083122
0,-14.824296,14.155174,-14.719195,14.083122,-14.717820,14.083507
0,-14.716444,14.083893,-14.715067,14.084279,-14.824448,14.156677
0,-14.824296,14.155174,-14.717820,14.083507,-14.824448,14.156677
0,-14.715067,14.084279,-14.713690,14.084665,-14.824448,14.156677
0,-14.824448,14.156677,-14.712313,14.085051,-14.824676,14.158215
0,-14.717820,14.083507,-14.716444,14.083893,-14.824448,14.156677
0,-14.712313,14.085051,-14.710935,14.085438,-14.824676,14.158215
0,-14.802662,14.236435,-14.708180,14.086211,-14.706801,14.086597
0,-14.802662,14.236435,-14.709557,14.085824,-14.708180,14.086211
0,-14.704044,14.087369,-14.801829,14.237411,-14.705423,14.086983
0,-14.699907,14.088523,-14.801050,14.238399,-14.701286,14.088139
0,-14.697148,14.089290,-14.800331,14.239400,-14.801050,14.238399
0,-14.702665,14.087754,-14.801829,14.237411,-14.704044,14.087369
0,-14.701286,14.088139,-14.801829,14.237411,-14.702665,14.087754
0,-14.683354,14.093066,-14.799087,14.241448,-14.684733,14.092695
0,-14.681975,14.093437,-14.799087,14.241448,-14.683354,14.093066
0,-14.680597,14.093806,-14.799087,14.241448,-14.681975,14.093437
0,-14.798593,14.242502,-14.675084,14.095264,-14.673706,14.095623
0,-14.591484,14.213004,-14.672328,14.095981,-14.670952,14.096336
0,-14.798593,14.242502,-14.673706,14.095623,-14.672328,14.095981
0,-14.677840,14.094538,-14.799087,14.241448,-14.679217,14.094173
0,-14.676461,14.094903,-14.799087,14.241448,-14.677840,14.094538
0,-14.686112,14.092322,-14.799675,14.240417,-14.687491,14.091946
0,-14.684733,14.092695,-14.799675,14.240417,-14.686112,14.092322
0,-14.688871,14.091570,-14.799675,14.240417,-14.690251,14.091193
0,-14.687491,14.091946,-14.799675,14.240417,-14.688871,14.091570
0,-14.695768,14.089672,-14.800331,14.239400,-14.697148,14.089290
0,-14.694389,14.090054,-14.800331,14.239400,-14.695768,14.089672
0,-14.691630,14.090814,-14.800331,14.239400,-14.693009,14.090435
0,-14.690251,14.091193,-14.800331,14.239400,-14.691630,14.090814
