2,9,31,107,99,
0,-17.460457,14.718826,-17.460456,14.718825,-17.461263,14.719961
0,-17.461425,14.713927,-17.461766,14.713545,-17.461805,14.709250
0,-17.459517,14.716063,-17.459583,14.706611,-17.458855,14.705753
0,-17.471328,14.718022,-17.469654,14.716281,-17.468668,14.716820
0,-17.461768,14.713542,-17.461995,14.709477,-17.461940,14.709411
0,-17.454560,14.728215,-17.459628,14.718139,-17.459248,14.717823
0,-17.468668,14.716820,-17.471184,14.719787,-17.471328,14.718022
0,-17.439833,14.735523,-17.439854,14.735146,-17.434090,14.742736
0,-17.424187,14.744182,-17.426244,14.744529,-17.426245,14.744529
0,-17.420951,14.705832,-17.419357,14.700849,-17.417534,14.703665
0,-17.416937,14.701866,-17.417201,14.701190,-17.417077,14.701255
0,-17.421995,14.690698,-17.421880,14.690257,-17.421945,14.690603
0,-17.418830,14.700926,-17.418560,14.700977,-17.418916,14.700925
0,-17.430505,14.711786,-17.442177,14.697965,-17.442177,14.697965
0,-17.455733,14.702047,-17.455624,14.701922,-17.448617,14.698426
0,-17.440779,14.684146,-17.438494,14.683610,-17.437987,14.684285
0,-17.446942,14.698045,-17.446687,14.697852,-17.444707,14.697656
0,-17.456904,14.703454,-17.456773,14.703299,-17.458499,14.717203
0,-17.458499,14.717203,-17.457039,14.703613,-17.456904,14.703454
0,-17.468668,14.716820,-17.466621,14.717894,-17.471184,14.719787
0,-17.461768,14.713542,-17.461805,14.709250,-17.461767,14.713544
0,-17.461768,14.713542,-17.461940,14.709411,-17.461805,14.709250
0,-17.461768,14.713542,-17.462315,14.709860,-17.461995,14.709477
0,-17.457730,14.728686,-17.461614,14.720257,-17.461613,14.720257
0,-17.472380,14.731690,-17.472739,14.731466,-17.472276,14.727109
0,-17.471103,14.724628,-17.463333,14.721806,-17.464479,14.729779
0,-17.470333,14.732006,-17.472304,14.731737,-17.472380,14.731690
0,-17.430505,14.711786,-17.442177,14.697965,-17.430377,14.711393
0,-17.428434,14.722519,-17.428350,14.722642,-17.440432,14.726010
0,-17.466261,14.718204,-17.466163,14.718415,-17.466621,14.717894
0,-17.465913,14.718811,-17.471184,14.719787,-17.466163,14.718415
0,-17.471438,14.725944,-17.471366,14.725727,-17.465878,14.730330
0,-17.447988,14.698386,-17.455733,14.702047,-17.448617,14.698426
0,-17.420951,14.705832,-17.419516,14.700799,-17.419357,14.700849
0,-17.432531,14.690952,-17.442445,14.695259,-17.442518,14.694201
0,-17.423452,14.727948,-17.421122,14.735423,-17.423729,14.727726
0,-17.417010,14.735076,-17.415492,14.732756,-17.415915,14.735712
0,-17.425667,14.726074,-17.439993,14.732651,-17.440002,14.732487
0,-17.420103,14.706172,-17.420305,14.706086,-17.417566,14.704417
0,-17.415702,14.735837,-17.415868,14.735739,-17.413898,14.735222
0,-17.417947,14.701055,-17.418119,14.701029,-17.418008,14.701030
0,-17.417087,14.702104,-17.417555,14.701107,-17.417037,14.702032
0,-17.422014,14.699094,-17.421929,14.699209,-17.422081,14.699022
0,-17.418977,14.700925,-17.418916,14.700925,-17.418560,14.700977
0,-17.419981,14.700651,-17.420177,14.700601,-17.420054,14.700626
0,-17.432531,14.690952,-17.442662,14.692084,-17.442660,14.691414
0,-17.440927,14.684472,-17.437987,14.684285,-17.440981,14.684596
0,-17.423620,14.696597,-17.423556,14.696749,-17.423548,14.696813
0,-17.424004,14.695840,-17.424065,14.695744,-17.424028,14.695792
0,-17.422085,14.688845,-17.422086,14.688904,-17.422108,14.688641
0,-17.421899,14.689731,-17.421887,14.689821,-17.421946,14.689527
0,-17.437987,14.684285,-17.437923,14.684371,-17.440997,14.684636
0,-17.446942,14.698045,-17.447290,14.698259,-17.447032,14.698091
0,-17.447988,14.698386,-17.458499,14.717203,-17.456370,14.702825
0,-17.454803,14.700986,-17.453999,14.700069,-17.449025,14.698452
0,-17.447204,14.698150,-17.447290,14.698259,-17.447290,14.698258
0,-17.447032,14.698091,-17.447290,14.698259,-17.447204,14.698150
0,-17.444210,14.697930,-17.447290,14.698259,-17.446942,14.698045
0,-17.446687,14.697852,-17.446942,14.698045,-17.446870,14.697981
0,-17.444707,14.697656,-17.444210,14.697930,-17.446942,14.698045
0,-17.442660,14.691412,-17.442605,14.690930,-17.442660,14.691414
0,-17.442630,14.692569,-17.442630,14.692568,-17.442630,14.692569
0,-17.432531,14.690952,-17.442660,14.691414,-17.442605,14.690930
0,-17.440855,14.684309,-17.437987,14.684285,-17.440893,14.684394
0,-17.432531,14.690952,-17.442645,14.692338,-17.442662,14.692084
0,-17.440234,14.683247,-17.439434,14.682777,-17.438494,14.683610
0,-17.429744,14.692136,-17.442177,14.697965,-17.432531,14.690952
0,-17.426919,14.705380,-17.429604,14.692209,-17.424440,14.695250
0,-17.434010,14.683706,-17.434040,14.683903,-17.434144,14.683585
0,-17.432531,14.690952,-17.442419,14.695431,-17.442445,14.695259
0,-17.429744,14.692136,-17.429604,14.692209,-17.427645,14.705964
0,-17.427983,14.706378,-17.442177,14.697965,-17.427862,14.706229
0,-17.427103,14.705778,-17.427147,14.705861,-17.427224,14.705827
0,-17.427645,14.705964,-17.442177,14.697965,-17.429744,14.692136
0,-17.423193,14.698024,-17.425714,14.704810,-17.423217,14.697976
0,-17.427740,14.706088,-17.427862,14.706229,-17.427645,14.705964
0,-17.427306,14.708105,-17.427352,14.708143,-17.427557,14.708107
0,-17.429983,14.719438,-17.429854,14.719796,-17.429736,14.720405
0,-17.428175,14.706726,-17.428220,14.706892,-17.429024,14.708706
0,-17.442177,14.697965,-17.428175,14.706726,-17.429024,14.708706
0,-17.428230,14.707017,-17.428206,14.707150,-17.429024,14.708706
0,-17.457532,14.704195,-17.457310,14.703933,-17.458499,14.717203
0,-17.448617,14.698426,-17.448610,14.698426,-17.447988,14.698386
0,-17.453946,14.700010,-17.449025,14.698452,-17.453999,14.700069
0,-17.460475,14.707660,-17.460643,14.714802,-17.460643,14.714802
0,-17.459517,14.716063,-17.459785,14.706850,-17.459717,14.706769
0,-17.457545,14.704210,-17.457532,14.704195,-17.458499,14.717203
0,-17.471539,14.715277,-17.471530,14.715268,-17.470462,14.715839
0,-17.461768,14.713542,-17.462347,14.709899,-17.462331,14.709879
0,-17.459517,14.716063,-17.459717,14.706769,-17.459625,14.706661
0,-17.471403,14.717083,-17.470462,14.715839,-17.469654,14.716281
0,-17.471395,14.717196,-17.469654,14.716281,-17.471328,14.718022
0,-17.430738,14.712790,-17.444210,14.697930,-17.442177,14.697965
0,-17.461120,14.719376,-17.461263,14.719961,-17.461121,14.719376
0,-17.454560,14.728215,-17.459242,14.717819,-17.454217,14.728162
0,-17.465878,14.730330,-17.471244,14.725286,-17.465354,14.730124
0,-17.457730,14.728686,-17.461613,14.720257,-17.461263,14.719961
0,-17.462810,14.721265,-17.462810,14.721265,-17.462811,14.721265
0,-17.463415,14.721713,-17.463333,14.721806,-17.463415,14.721713
0,-17.465913,14.718811,-17.465913,14.718811,-17.465912,14.718812
0,-17.473134,14.731310,-17.473134,14.731309,-17.473133,14.731302
0,-17.472739,14.731466,-17.473019,14.731354,-17.473098,14.731175
0,-17.471144,14.724846,-17.471103,14.724628,-17.464479,14.729779
0,-17.460456,14.718825,-17.460457,14.718826,-17.460456,14.718825
0,-17.464182,14.729661,-17.463333,14.721806,-17.463724,14.729506
0,-17.465912,14.718812,-17.465913,14.718811,-17.465912,14.718811
0,-17.457242,14.728624,-17.457245,14.728625,-17.461263,14.719961
0,-17.459776,14.728955,-17.463333,14.721806,-17.463241,14.721710
0,-17.447988,14.698386,-17.440477,14.725459,-17.458499,14.717203
0,-17.439749,14.736766,-17.439802,14.735988,-17.434156,14.742724
0,-17.436309,14.742210,-17.436310,14.742209,-17.436311,14.742208
0,-17.439741,14.736838,-17.434393,14.742679,-17.439628,14.737790
0,-17.439628,14.737790,-17.434393,14.742679,-17.439534,14.738221
0,-17.471627,14.732178,-17.471410,14.732275,-17.471559,14.732221
0,-17.439534,14.738221,-17.434393,14.742679,-17.438788,14.740008
0,-17.426246,14.744529,-17.426245,14.744529,-17.426246,14.744529
0,-17.434393,14.742679,-17.436306,14.742211,-17.436309,14.742210
0,-17.424405,14.744347,-17.424446,14.744490,-17.426244,14.744529
0,-17.440298,14.728131,-17.428350,14.722642,-17.427897,14.723126
0,-17.449434,14.727524,-17.449788,14.727571,-17.458499,14.717203
0,-17.440121,14.730749,-17.426790,14.724455,-17.426644,14.724637
0,-17.447964,14.727328,-17.448822,14.727442,-17.458499,14.717203
0,-17.440432,14.726010,-17.428350,14.722642,-17.440351,14.727348
0,-17.441093,14.725940,-17.442589,14.726570,-17.442881,14.726611
0,-17.429736,14.720405,-17.440477,14.725459,-17.429983,14.719438
0,-17.440758,14.725679,-17.441093,14.725940,-17.442881,14.726611
0,-17.440477,14.725459,-17.430188,14.718874,-17.429983,14.719438
0,-17.427897,14.723126,-17.427477,14.723611,-17.440298,14.728131
0,-17.421122,14.735423,-17.423818,14.727652,-17.423729,14.727726
0,-17.426644,14.724637,-17.426074,14.725412,-17.440121,14.730749
0,-17.421122,14.735423,-17.421158,14.735590,-17.423818,14.727652
0,-17.422682,14.698400,-17.422269,14.698799,-17.422865,14.698350
0,-17.421338,14.705705,-17.420177,14.700601,-17.419981,14.700651
0,-17.420115,14.700602,-17.420054,14.700626,-17.420177,14.700601
0,-17.421546,14.705655,-17.421338,14.705705,-17.421485,14.705679
0,-17.421395,14.699776,-17.421355,14.699826,-17.421444,14.699751
0,-17.419516,14.700799,-17.421240,14.705729,-17.419687,14.700750
0,-17.421939,14.705603,-17.422086,14.705577,-17.421853,14.705604
0,-17.420372,14.700539,-17.420177,14.700601,-17.421546,14.705655
0,-17.421718,14.705629,-17.421796,14.705620,-17.421853,14.705604
0,-17.423053,14.705437,-17.421444,14.699751,-17.421072,14.700122
0,-17.422866,14.705421,-17.422086,14.705577,-17.422368,14.705550
0,-17.422866,14.705421,-17.420568,14.700430,-17.422086,14.705577
0,-17.420372,14.700539,-17.421546,14.705655,-17.421638,14.705642
0,-17.421338,14.705705,-17.419687,14.700750,-17.421240,14.705729
0,-17.421179,14.705754,-17.421240,14.705729,-17.419516,14.700799
0,-17.421412,14.705704,-17.421485,14.705679,-17.421338,14.705705
0,-17.420678,14.734405,-17.422542,14.728642,-17.422175,14.728884
0,-17.420678,14.734405,-17.422175,14.728884,-17.421551,14.729279
0,-17.420999,14.735034,-17.422542,14.728642,-17.420678,14.734405
0,-17.416887,14.732105,-17.417173,14.734982,-17.418476,14.734167
0,-17.420678,14.734405,-17.421551,14.729279,-17.420285,14.733680
0,-17.419522,14.706423,-17.419687,14.706343,-17.417521,14.704717
0,-17.419749,14.706319,-17.419887,14.706261,-17.417567,14.704501
0,-17.417474,14.704920,-17.419522,14.706423,-17.417521,14.704717
0,-17.420653,14.705939,-17.420739,14.705926,-17.420951,14.705832
0,-17.419887,14.706261,-17.419749,14.706319,-17.419822,14.706294
0,-17.418807,14.706663,-17.418880,14.706639,-17.417408,14.705602
0,-17.420514,14.705984,-17.420592,14.705951,-17.417562,14.703975
0,-17.419447,14.733563,-17.417819,14.731605,-17.418860,14.733929
0,-17.417448,14.707024,-17.417347,14.706762,-17.417410,14.706977
0,-17.415165,14.736203,-17.415702,14.735837,-17.413995,14.735472
0,-17.417748,14.707172,-17.417346,14.706690,-17.417347,14.706762
0,-17.417345,14.706607,-17.417928,14.707174,-17.417344,14.706547
0,-17.417176,14.702401,-17.417201,14.702461,-17.417150,14.702246
0,-17.418192,14.701028,-17.418376,14.700991,-17.418266,14.701004
0,-17.417564,14.704226,-17.417566,14.704334,-17.420408,14.706031
0,-17.420592,14.705951,-17.420951,14.705832,-17.417561,14.703879
0,-17.418880,14.706639,-17.418966,14.706638,-17.419052,14.706625
0,-17.419687,14.706343,-17.419749,14.706319,-17.417567,14.704501
0,-17.417306,14.703057,-17.417332,14.703177,-17.417369,14.703236
0,-17.418192,14.701028,-17.417227,14.702628,-17.418376,14.700991
0,-17.419919,14.700664,-17.419797,14.700701,-17.419687,14.700750
0,-17.419589,14.700775,-17.419516,14.700799,-17.419687,14.700750
0,-17.417628,14.701106,-17.417555,14.701107,-17.417087,14.702104
0,-17.417555,14.701107,-17.417383,14.701132,-17.417037,14.702032
0,-17.417469,14.701108,-17.417383,14.701132,-17.417555,14.701107
0,-17.416937,14.701866,-17.417297,14.701163,-17.417201,14.701190
0,-17.421882,14.690436,-17.421908,14.690556,-17.421945,14.690603
0,-17.416937,14.701866,-17.416968,14.701943,-17.417037,14.702032
0,-17.422159,14.705576,-17.422368,14.705550,-17.422086,14.705577
0,-17.420745,14.700320,-17.420856,14.700232,-17.420811,14.700260
0,-17.421633,14.699570,-17.421493,14.699691,-17.421444,14.699751
0,-17.425714,14.704810,-17.421703,14.699502,-17.421633,14.699570
0,-17.419919,14.700664,-17.419687,14.700750,-17.419981,14.700651
0,-17.421072,14.700122,-17.421444,14.699751,-17.421355,14.699826
0,-17.421881,14.699281,-17.421809,14.699389,-17.422939,14.698325
0,-17.421809,14.699389,-17.425714,14.704810,-17.422939,14.698325
0,-17.421772,14.699437,-17.421703,14.699502,-17.425714,14.704810
0,-17.421566,14.699619,-17.421493,14.699691,-17.421633,14.699570
0,-17.425714,14.704810,-17.421633,14.699570,-17.421444,14.699751
0,-17.421929,14.699209,-17.421881,14.699281,-17.422081,14.699022
0,-17.423454,14.697161,-17.423431,14.697269,-17.423502,14.697029
0,-17.423548,14.696813,-17.423502,14.697029,-17.423620,14.696597
0,-17.423431,14.697269,-17.423408,14.697484,-17.423502,14.697029
0,-17.422731,14.698375,-17.422682,14.698400,-17.422792,14.698363
0,-17.424440,14.695250,-17.424065,14.695744,-17.424004,14.695840
0,-17.423620,14.696597,-17.423968,14.695895,-17.423875,14.696037
0,-17.423757,14.696249,-17.423823,14.696123,-17.423787,14.696177
0,-17.423933,14.693821,-17.424071,14.694065,-17.423807,14.693512
0,-17.423620,14.696597,-17.423715,14.696321,-17.423691,14.696370
0,-17.423548,14.696813,-17.423525,14.696897,-17.423502,14.697029
0,-17.423620,14.696597,-17.423579,14.696660,-17.423556,14.696749
0,-17.424071,14.694065,-17.428123,14.690976,-17.423807,14.693512
0,-17.424283,14.694439,-17.424421,14.694671,-17.428644,14.691466
0,-17.424146,14.694190,-17.428123,14.690976,-17.424071,14.694065
0,-17.424283,14.694439,-17.424346,14.694558,-17.424421,14.694671
0,-17.423933,14.693821,-17.423807,14.693512,-17.423832,14.693607
0,-17.423807,14.693512,-17.423655,14.693155,-17.423744,14.693393
0,-17.423744,14.693393,-17.423655,14.693155,-17.423681,14.693262
0,-17.423807,14.693512,-17.428123,14.690976,-17.423655,14.693155
0,-17.422976,14.692194,-17.428123,14.690976,-17.422876,14.692057
0,-17.428123,14.690976,-17.428742,14.689188,-17.422131,14.688498
0,-17.425841,14.683518,-17.424085,14.682886,-17.423112,14.685516
0,-17.422096,14.690960,-17.422134,14.691019,-17.422083,14.690888
0,-17.422340,14.691310,-17.421946,14.689527,-17.422083,14.690888
0,-17.422063,14.689060,-17.422040,14.689192,-17.428123,14.690976
0,-17.422039,14.690793,-17.421946,14.689527,-17.421878,14.690114
0,-17.421922,14.689599,-17.421899,14.689731,-17.421946,14.689527
0,-17.417297,14.701163,-17.417037,14.702032,-17.417383,14.701132
0,-17.421908,14.690556,-17.421882,14.690436,-17.421883,14.690496
0,-17.421945,14.690603,-17.421881,14.690353,-17.421882,14.690436
0,-17.421887,14.689821,-17.421878,14.690114,-17.421946,14.689527
0,-17.422198,14.687959,-17.423112,14.685516,-17.421844,14.684496
0,-17.421877,14.689970,-17.421878,14.690114,-17.421887,14.689821
0,-17.431156,14.688189,-17.429744,14.692136,-17.432198,14.690198
0,-17.451407,14.696982,-17.451017,14.697379,-17.451409,14.696984
0,-17.450414,14.697930,-17.449964,14.698183,-17.453946,14.700010
0,-17.449964,14.698183,-17.449883,14.698227,-17.453946,14.700010
0,-17.445915,14.697537,-17.444707,14.697656,-17.446687,14.697852
0,-17.447204,14.698150,-17.447290,14.698258,-17.447290,14.698258
0,-17.456773,14.703299,-17.456370,14.702825,-17.458499,14.717203
0,-17.447290,14.698259,-17.447204,14.698150,-17.447290,14.698259
0,-17.449883,14.698227,-17.449862,14.698233,-17.449559,14.698350
0,-17.447290,14.698258,-17.447297,14.698118,-17.447204,14.698150
0,-17.455576,14.701868,-17.454803,14.700986,-17.449025,14.698452
0,-17.451017,14.697379,-17.453946,14.700010,-17.451409,14.696984
0,-17.451017,14.697379,-17.450414,14.697930,-17.453946,14.700010
0,-17.447988,14.698386,-17.456370,14.702825,-17.455733,14.702047
0,-17.448617,14.698426,-17.455576,14.701868,-17.448631,14.698427
0,-17.448660,14.698429,-17.449025,14.698452,-17.448666,14.698429
0,-17.449025,14.698452,-17.448660,14.698429,-17.455576,14.701868
0,-17.448660,14.698429,-17.448631,14.698427,-17.455576,14.701868
0,-17.453946,14.700010,-17.449559,14.698350,-17.449025,14.698452
0,-17.453946,14.700010,-17.449883,14.698227,-17.449559,14.698350
0,-17.455576,14.701868,-17.448617,14.698426,-17.455624,14.701922
0,-17.447290,14.698259,-17.440477,14.725459,-17.447988,14.698386
0,-17.445785,14.697513,-17.444707,14.697656,-17.445915,14.697537
0,-17.445448,14.697481,-17.444971,14.697557,-17.445785,14.697513
0,-17.445915,14.697537,-17.446687,14.697852,-17.446499,14.697733
0,-17.446499,14.697733,-17.446306,14.697634,-17.445915,14.697537
0,-17.446306,14.697634,-17.446050,14.697550,-17.445915,14.697537
0,-17.444279,14.697837,-17.444210,14.697930,-17.444707,14.697656
0,-17.444191,14.697862,-17.444210,14.697930,-17.444279,14.697837
0,-17.445448,14.697481,-17.445785,14.697513,-17.445531,14.697480
0,-17.444971,14.697557,-17.445448,14.697481,-17.445240,14.697493
0,-17.444707,14.697656,-17.445785,14.697513,-17.444971,14.697557
0,-17.432531,14.690952,-17.442357,14.695788,-17.442419,14.695431
0,-17.432531,14.690952,-17.442177,14.697965,-17.442357,14.695788
0,-17.442630,14.692568,-17.442631,14.692563,-17.442630,14.692563
0,-17.442630,14.692569,-17.442630,14.692563,-17.432531,14.690952
0,-17.432531,14.690952,-17.442605,14.690930,-17.432993,14.689477
0,-17.442605,14.690930,-17.442265,14.689446,-17.432993,14.689477
0,-17.432531,14.690952,-17.442630,14.692563,-17.442645,14.692338
0,-17.442630,14.692569,-17.442630,14.692568,-17.442630,14.692563
0,-17.442265,14.689446,-17.442224,14.689289,-17.432993,14.689477
0,-17.441154,14.685059,-17.437923,14.684371,-17.437701,14.684740
0,-17.438494,14.683610,-17.440715,14.684019,-17.440691,14.683977
0,-17.438494,14.683610,-17.440691,14.683977,-17.440628,14.683871
0,-17.440981,14.684596,-17.437987,14.684285,-17.440997,14.684636
0,-17.437987,14.684285,-17.440927,14.684472,-17.440893,14.684394
0,-17.438494,14.683610,-17.440779,14.684146,-17.440715,14.684019
0,-17.438494,14.683610,-17.440628,14.683871,-17.440481,14.683633
0,-17.438494,14.683610,-17.440481,14.683633,-17.440321,14.683376
0,-17.439434,14.682777,-17.440234,14.683247,-17.439777,14.682592
0,-17.439434,14.682777,-17.439777,14.682592,-17.439727,14.682514
0,-17.438494,14.683610,-17.440321,14.683376,-17.440234,14.683247
0,-17.437987,14.684285,-17.440855,14.684309,-17.440779,14.684146
0,-17.434274,14.685424,-17.437701,14.684740,-17.434040,14.683903
0,-17.432993,14.689477,-17.441810,14.687601,-17.437701,14.684740
0,-17.437701,14.684740,-17.434144,14.683585,-17.434040,14.683903
0,-17.434010,14.683706,-17.434010,14.683706,-17.434144,14.683585
0,-17.437923,14.684371,-17.437792,14.684563,-17.437701,14.684740
0,-17.437838,14.684474,-17.437792,14.684563,-17.437923,14.684371
0,-17.428742,14.689188,-17.425841,14.683518,-17.423112,14.685516
0,-17.428790,14.691345,-17.429704,14.690158,-17.429309,14.689965
0,-17.422198,14.687959,-17.428742,14.689188,-17.423112,14.685516
0,-17.429164,14.691873,-17.428790,14.691345,-17.428644,14.691466
0,-17.429164,14.691873,-17.429704,14.690158,-17.428790,14.691345
0,-17.423094,14.692348,-17.423181,14.692455,-17.428123,14.690976
0,-17.429604,14.692209,-17.424510,14.694939,-17.424511,14.695010
0,-17.429164,14.691873,-17.424509,14.694855,-17.429604,14.692209
0,-17.428644,14.691466,-17.424509,14.694855,-17.429164,14.691873
0,-17.442224,14.689289,-17.442136,14.688946,-17.432993,14.689477
0,-17.429744,14.692136,-17.432531,14.690952,-17.432075,14.690861
0,-17.442518,14.694201,-17.442630,14.692569,-17.432531,14.690952
0,-17.440997,14.684636,-17.437923,14.684371,-17.441154,14.685059
0,-17.432993,14.689477,-17.437701,14.684740,-17.434274,14.685424
0,-17.432198,14.690198,-17.432487,14.688641,-17.431156,14.688189
0,-17.441413,14.685972,-17.437701,14.684740,-17.441452,14.686137
0,-17.441266,14.685406,-17.437701,14.684740,-17.441413,14.685972
0,-17.441154,14.685059,-17.437701,14.684740,-17.441266,14.685406
0,-17.432993,14.689477,-17.442136,14.688946,-17.441810,14.687601
0,-17.441740,14.687310,-17.437701,14.684740,-17.441810,14.687601
0,-17.441452,14.686137,-17.437701,14.684740,-17.441740,14.687310
0,-17.442177,14.697965,-17.427645,14.705964,-17.427862,14.706229
0,-17.427224,14.705827,-17.427170,14.705636,-17.427103,14.705778
0,-17.429604,14.692209,-17.427515,14.705849,-17.427645,14.705964
0,-17.427983,14.706378,-17.428175,14.706726,-17.442177,14.697965
0,-17.427557,14.708107,-17.427727,14.708022,-17.427170,14.707911
0,-17.427983,14.706378,-17.428088,14.706593,-17.428175,14.706726
0,-17.427515,14.705849,-17.427031,14.705446,-17.427170,14.705636
0,-17.427352,14.705809,-17.427170,14.705636,-17.427224,14.705827
0,-17.427352,14.705809,-17.427515,14.705849,-17.427170,14.705636
0,-17.429604,14.692209,-17.427031,14.705446,-17.427515,14.705849
0,-17.429604,14.692209,-17.426919,14.705380,-17.427031,14.705446
0,-17.423379,14.697610,-17.423408,14.697484,-17.423385,14.697544
0,-17.426730,14.705324,-17.426919,14.705380,-17.425714,14.704810
0,-17.426111,14.705122,-17.426593,14.705292,-17.425814,14.704888
0,-17.423716,14.706277,-17.424172,14.706757,-17.424809,14.706676
0,-17.423053,14.705437,-17.423135,14.705645,-17.425420,14.705735
0,-17.423053,14.705437,-17.425714,14.704810,-17.421444,14.699751
0,-17.425814,14.704888,-17.426730,14.705324,-17.425714,14.704810
0,-17.425727,14.704979,-17.425714,14.704810,-17.425603,14.705402
0,-17.426593,14.705292,-17.426730,14.705324,-17.425814,14.704888
0,-17.426507,14.705335,-17.426430,14.705344,-17.426295,14.705504
0,-17.426301,14.705253,-17.426593,14.705292,-17.426111,14.705122
0,-17.426301,14.705253,-17.426430,14.705344,-17.426507,14.705335
0,-17.426593,14.705292,-17.426301,14.705253,-17.426507,14.705335
0,-17.428206,14.707150,-17.428181,14.707267,-17.428253,14.707848
0,-17.427306,14.708105,-17.427170,14.707911,-17.427222,14.708036
0,-17.428009,14.707144,-17.427839,14.707304,-17.428096,14.707260
0,-17.427843,14.707357,-17.428096,14.707260,-17.427839,14.707304
0,-17.427727,14.708022,-17.427843,14.707357,-17.427170,14.707911
0,-17.427170,14.707911,-17.427306,14.708105,-17.427557,14.708107
0,-17.428214,14.707790,-17.428096,14.707260,-17.427843,14.707357
0,-17.427651,14.708106,-17.427727,14.708022,-17.427557,14.708107
0,-17.428043,14.707902,-17.427843,14.707357,-17.427727,14.708022
0,-17.442177,14.697965,-17.430026,14.710371,-17.430377,14.711393
0,-17.442177,14.697965,-17.429655,14.709645,-17.430026,14.710371
0,-17.442177,14.697965,-17.429024,14.708706,-17.429655,14.709645
0,-17.428206,14.707150,-17.428253,14.707848,-17.429024,14.708706
0,-17.428181,14.707267,-17.428096,14.707260,-17.428214,14.707790
0,-17.428220,14.706892,-17.428230,14.707017,-17.429024,14.708706
0,-17.428043,14.707902,-17.428214,14.707790,-17.427843,14.707357
0,-17.428253,14.707848,-17.428181,14.707267,-17.428214,14.707790
0,-17.430871,14.713675,-17.447290,14.698259,-17.444210,14.697930
0,-17.430505,14.711786,-17.430377,14.711393,-17.430389,14.711541
0,-17.430377,14.711393,-17.430354,14.711469,-17.430389,14.711541
0,-17.440477,14.725459,-17.447290,14.698259,-17.430871,14.713675
0,-17.430904,14.714473,-17.440477,14.725459,-17.430871,14.713675
0,-17.444210,14.697930,-17.430738,14.712790,-17.430871,14.713675
0,-17.442177,14.697965,-17.430505,14.711786,-17.430738,14.712790
0,-17.460066,14.707179,-17.459785,14.706850,-17.459849,14.715691
0,-17.430888,14.715247,-17.440477,14.725459,-17.430904,14.714473
0,-17.460643,14.714802,-17.460463,14.707646,-17.459850,14.715691
0,-17.459850,14.715691,-17.460066,14.707179,-17.459850,14.715691
0,-17.459517,14.716063,-17.459849,14.715691,-17.459785,14.706850
0,-17.459850,14.715691,-17.460066,14.707179,-17.459849,14.715691
0,-17.459517,14.716063,-17.459625,14.706661,-17.459583,14.706611
0,-17.458855,14.705753,-17.458499,14.717203,-17.459517,14.716063
0,-17.458778,14.705663,-17.458499,14.717203,-17.458855,14.705753
0,-17.458528,14.705369,-17.458499,14.717203,-17.458778,14.705663
0,-17.458285,14.705082,-17.458499,14.717203,-17.458528,14.705369
0,-17.457558,14.704225,-17.457545,14.704210,-17.458499,14.717203
0,-17.457299,14.703920,-17.458499,14.717203,-17.457310,14.703933
0,-17.457288,14.703907,-17.458499,14.717203,-17.457299,14.703920
0,-17.457039,14.703613,-17.458499,14.717203,-17.457288,14.703907
0,-17.458030,14.704781,-17.457810,14.704522,-17.458499,14.717203
0,-17.457810,14.704522,-17.457673,14.704360,-17.458499,14.717203
0,-17.457673,14.704360,-17.457558,14.704225,-17.458499,14.717203
0,-17.458030,14.704782,-17.458499,14.717203,-17.458285,14.705082
0,-17.458030,14.704781,-17.458030,14.704781,-17.458030,14.704782
0,-17.458030,14.704782,-17.458030,14.704781,-17.458499,14.717203
0,-17.460070,14.707184,-17.460463,14.707646,-17.460077,14.707191
0,-17.460463,14.707646,-17.460098,14.707210,-17.460079,14.707193
0,-17.460463,14.707646,-17.460079,14.707193,-17.460077,14.707191
0,-17.459850,14.715691,-17.460070,14.707184,-17.460066,14.707179
0,-17.459850,14.715691,-17.460463,14.707646,-17.460070,14.707184
0,-17.460643,14.714802,-17.460468,14.707652,-17.460463,14.707646
0,-17.460643,14.714802,-17.460471,14.707656,-17.460468,14.707652
0,-17.461805,14.709250,-17.461766,14.713545,-17.461767,14.713544
0,-17.461085,14.708390,-17.461425,14.713927,-17.461805,14.709250
0,-17.460643,14.714802,-17.460475,14.707660,-17.460471,14.707656
0,-17.461768,14.713542,-17.462331,14.709879,-17.462315,14.709860
0,-17.463641,14.711445,-17.462347,14.709899,-17.461768,14.713542
0,-17.461085,14.708390,-17.461351,14.714009,-17.461425,14.713927
0,-17.461085,14.708390,-17.460475,14.707660,-17.460643,14.714802
0,-17.461351,14.714009,-17.461085,14.708390,-17.461190,14.714190
0,-17.461190,14.714190,-17.461085,14.708390,-17.460643,14.714802
0,-17.460643,14.714802,-17.460475,14.707660,-17.460643,14.714802
0,-17.471395,14.717196,-17.471403,14.717083,-17.469654,14.716281
0,-17.471530,14.715268,-17.471521,14.715259,-17.470462,14.715839
0,-17.471539,14.715277,-17.470462,14.715839,-17.471403,14.717083
0,-17.466621,14.717894,-17.466163,14.718415,-17.471184,14.719787
0,-17.466335,14.718044,-17.466261,14.718204,-17.466621,14.717894
0,-17.471086,14.720996,-17.465913,14.718811,-17.465912,14.718812
0,-17.460457,14.718826,-17.461263,14.719961,-17.461120,14.719376
0,-17.461263,14.719961,-17.460456,14.718825,-17.459664,14.718168
0,-17.471070,14.721446,-17.465912,14.718812,-17.471052,14.721917
0,-17.465912,14.718812,-17.464611,14.720323,-17.471052,14.721917
0,-17.464611,14.720323,-17.471009,14.723082,-17.471052,14.721917
0,-17.454217,14.728162,-17.459242,14.717819,-17.458848,14.717492
0,-17.454217,14.728162,-17.458846,14.717490,-17.458844,14.717489
0,-17.454217,14.728162,-17.458848,14.717492,-17.458846,14.717490
0,-17.453788,14.728105,-17.458844,14.717489,-17.458499,14.717203
0,-17.455427,14.728348,-17.459645,14.718152,-17.459628,14.718139
0,-17.459248,14.717823,-17.459245,14.717821,-17.454560,14.728215
0,-17.459245,14.717821,-17.459242,14.717819,-17.454560,14.728215
0,-17.461263,14.719961,-17.459664,14.718168,-17.455427,14.728348
0,-17.459664,14.718168,-17.459646,14.718153,-17.455427,14.728348
0,-17.459646,14.718153,-17.459645,14.718152,-17.455427,14.728348
0,-17.461614,14.720257,-17.457730,14.728686,-17.461615,14.720258
0,-17.457730,14.728686,-17.461263,14.719961,-17.457245,14.728625
0,-17.461120,14.719376,-17.461121,14.719376,-17.461121,14.719376
0,-17.461263,14.719961,-17.461507,14.719696,-17.461121,14.719376
0,-17.461615,14.720258,-17.458172,14.728743,-17.462000,14.720582
0,-17.462000,14.720582,-17.462002,14.720584,-17.462001,14.720583
0,-17.462810,14.721265,-17.463241,14.721710,-17.462811,14.721265
0,-17.471068,14.724409,-17.471041,14.724189,-17.463333,14.721806
0,-17.462002,14.720584,-17.458172,14.728743,-17.462810,14.721265
0,-17.458172,14.728743,-17.459776,14.728955,-17.462810,14.721265
0,-17.463333,14.721806,-17.464394,14.729745,-17.464479,14.729779
0,-17.462811,14.721265,-17.463239,14.721706,-17.463236,14.721702
0,-17.462811,14.721265,-17.463241,14.721710,-17.463239,14.721706
0,-17.463236,14.721702,-17.463114,14.721545,-17.462811,14.721265
0,-17.463114,14.721545,-17.463059,14.721474,-17.462811,14.721265
0,-17.471070,14.721446,-17.471086,14.720996,-17.465912,14.718812
0,-17.471184,14.719787,-17.465913,14.718811,-17.471086,14.720996
0,-17.464470,14.720488,-17.471009,14.723082,-17.464611,14.720323
0,-17.463418,14.721710,-17.471021,14.723978,-17.471020,14.723968
0,-17.463416,14.721713,-17.463415,14.721713,-17.463418,14.721710
0,-17.471041,14.724189,-17.463415,14.721713,-17.463333,14.721806
0,-17.463418,14.721710,-17.463415,14.721713,-17.471041,14.724189
0,-17.463418,14.721710,-17.471041,14.724189,-17.471021,14.723978
0,-17.471007,14.723747,-17.463418,14.721710,-17.471020,14.723968
0,-17.471001,14.723525,-17.463418,14.721710,-17.471007,14.723747
0,-17.465354,14.730124,-17.471159,14.724910,-17.471144,14.724846
0,-17.471068,14.724409,-17.463333,14.721806,-17.471103,14.724628
0,-17.471340,14.725637,-17.471302,14.725507,-17.465878,14.730330
0,-17.465878,14.730330,-17.471302,14.725507,-17.471244,14.725286
0,-17.465354,14.730124,-17.471193,14.725063,-17.471159,14.724910
0,-17.465354,14.730124,-17.471244,14.725286,-17.471193,14.725063
0,-17.473019,14.731354,-17.473129,14.731290,-17.473098,14.731175
0,-17.473019,14.731354,-17.473133,14.731302,-17.473129,14.731290
0,-17.473019,14.731354,-17.473134,14.731310,-17.473133,14.731302
0,-17.472276,14.727109,-17.472739,14.731466,-17.473098,14.731175
0,-17.472276,14.727109,-17.470333,14.732006,-17.472380,14.731690
0,-17.471185,14.732277,-17.471410,14.732275,-17.471627,14.732178
0,-17.471601,14.726373,-17.469228,14.731583,-17.472276,14.727109
0,-17.470333,14.732006,-17.471627,14.732178,-17.472304,14.731737
0,-17.471438,14.725944,-17.465878,14.730330,-17.467546,14.730965
0,-17.471516,14.726160,-17.471438,14.725944,-17.467546,14.730965
0,-17.471366,14.725727,-17.471340,14.725637,-17.465878,14.730330
0,-17.470333,14.732006,-17.471185,14.732277,-17.471627,14.732178
0,-17.471144,14.724846,-17.464479,14.729779,-17.465354,14.730124
0,-17.472276,14.727109,-17.469228,14.731583,-17.470333,14.732006
0,-17.471601,14.726373,-17.471516,14.726160,-17.467546,14.730965
0,-17.469228,14.731583,-17.471601,14.726373,-17.467546,14.730965
0,-17.464394,14.729745,-17.463333,14.721806,-17.464241,14.729685
0,-17.464241,14.729685,-17.463333,14.721806,-17.464182,14.729661
0,-17.463724,14.729506,-17.463333,14.721806,-17.462861,14.729385
0,-17.462861,14.729385,-17.463333,14.721806,-17.462421,14.729323
0,-17.462421,14.729323,-17.463333,14.721806,-17.461609,14.729209
0,-17.463241,14.721710,-17.462810,14.721265,-17.459776,14.728955
0,-17.462000,14.720582,-17.458172,14.728743,-17.462002,14.720584
0,-17.463333,14.721806,-17.461024,14.729127,-17.461609,14.729209
0,-17.463333,14.721806,-17.460221,14.729014,-17.461024,14.729127
0,-17.463333,14.721806,-17.460152,14.729004,-17.460221,14.729014
0,-17.463333,14.721806,-17.459776,14.728955,-17.460152,14.729004
0,-17.464470,14.720488,-17.471001,14.723303,-17.471009,14.723082
0,-17.464470,14.720488,-17.471001,14.723525,-17.471001,14.723303
0,-17.464470,14.720488,-17.463418,14.721710,-17.471001,14.723525
0,-17.458172,14.728743,-17.461615,14.720258,-17.457730,14.728686
0,-17.456456,14.728506,-17.457242,14.728624,-17.461263,14.719961
0,-17.455427,14.728348,-17.456456,14.728506,-17.461263,14.719961
0,-17.454560,14.728215,-17.455427,14.728348,-17.459628,14.718139
0,-17.458499,14.717203,-17.449788,14.727571,-17.450991,14.727732
0,-17.458499,14.717203,-17.448822,14.727442,-17.449434,14.727524
0,-17.458499,14.717203,-17.447958,14.727327,-17.447964,14.727328
0,-17.458499,14.717203,-17.447266,14.727222,-17.447958,14.727327
0,-17.440484,14.725465,-17.440758,14.725679,-17.443171,14.726652
0,-17.440432,14.726010,-17.429028,14.721738,-17.428434,14.722519
0,-17.458499,14.717203,-17.450991,14.727732,-17.452378,14.727917
0,-17.439802,14.735988,-17.439833,14.735523,-17.434090,14.742736
0,-17.440351,14.727348,-17.428350,14.722642,-17.440298,14.728131
0,-17.458844,14.717489,-17.453788,14.728105,-17.454217,14.728162
0,-17.458499,14.717203,-17.452378,14.727917,-17.453788,14.728105
0,-17.440298,14.728131,-17.426790,14.724455,-17.440121,14.730749
0,-17.426074,14.725412,-17.425838,14.725783,-17.440121,14.730749
0,-17.440121,14.730749,-17.425667,14.726074,-17.440117,14.730804
0,-17.440002,14.732487,-17.440117,14.730804,-17.425667,14.726074
0,-17.424961,14.726727,-17.439927,14.733831,-17.439933,14.733737
0,-17.425667,14.726074,-17.425336,14.726335,-17.424961,14.726727
0,-17.439749,14.736766,-17.434156,14.742724,-17.439741,14.736838
0,-17.439567,14.738092,-17.439628,14.737790,-17.439534,14.738221
0,-17.434090,14.742736,-17.439854,14.735146,-17.439859,14.735055
0,-17.424961,14.726727,-17.434090,14.742736,-17.439859,14.735055
0,-17.436312,14.742208,-17.434393,14.742679,-17.436309,14.742210
0,-17.436312,14.742208,-17.436309,14.742210,-17.436311,14.742208
0,-17.439741,14.736838,-17.434156,14.742724,-17.434393,14.742679
0,-17.439802,14.735988,-17.434090,14.742736,-17.434156,14.742724
0,-17.424187,14.744182,-17.426245,14.744529,-17.426246,14.744529
0,-17.424616,14.744974,-17.426244,14.744529,-17.424446,14.744490
0,-17.424961,14.726727,-17.430612,14.743503,-17.434090,14.742736
0,-17.430612,14.743503,-17.422279,14.740333,-17.429213,14.743832
0,-17.427027,14.744345,-17.422279,14.740333,-17.426246,14.744529
0,-17.426246,14.744529,-17.424187,14.744182,-17.426246,14.744529
0,-17.438099,14.740935,-17.438788,14.740008,-17.436312,14.742208
0,-17.438099,14.740935,-17.436312,14.742208,-17.437417,14.741577
0,-17.438788,14.740008,-17.434393,14.742679,-17.436312,14.742208
0,-17.438416,14.740620,-17.438416,14.740620,-17.438418,14.740619
0,-17.438537,14.740417,-17.438788,14.740008,-17.438099,14.740935
0,-17.438099,14.740935,-17.437417,14.741577,-17.437545,14.741487
0,-17.439534,14.738221,-17.438788,14.740008,-17.439115,14.739416
0,-17.439374,14.738840,-17.439534,14.738221,-17.439115,14.739416
0,-17.438415,14.740621,-17.438537,14.740417,-17.438099,14.740935
0,-17.438415,14.740621,-17.438416,14.740620,-17.438537,14.740417
0,-17.438416,14.740620,-17.438418,14.740619,-17.438537,14.740417
0,-17.438422,14.740615,-17.438537,14.740417,-17.438418,14.740619
0,-17.438416,14.740620,-17.438416,14.740620,-17.438537,14.740417
0,-17.442094,14.726481,-17.442147,14.726500,-17.442226,14.726519
0,-17.442589,14.726570,-17.441093,14.725940,-17.442094,14.726481
0,-17.442094,14.726481,-17.441093,14.725940,-17.441721,14.726345
0,-17.440477,14.725459,-17.429028,14.721738,-17.440432,14.726010
0,-17.424961,14.726727,-17.439933,14.733737,-17.425667,14.726074
0,-17.439933,14.733737,-17.439993,14.732651,-17.425667,14.726074
0,-17.442094,14.726481,-17.442283,14.726527,-17.442589,14.726570
0,-17.442094,14.726481,-17.442226,14.726519,-17.442283,14.726527
0,-17.444767,14.726866,-17.458499,14.717203,-17.440477,14.725459
0,-17.443171,14.726652,-17.440758,14.725679,-17.443107,14.726643
0,-17.443107,14.726643,-17.440758,14.725679,-17.442881,14.726611
0,-17.446586,14.727120,-17.458499,14.717203,-17.446580,14.727119
0,-17.458499,14.717203,-17.444767,14.726866,-17.446580,14.727119
0,-17.447266,14.727222,-17.458499,14.717203,-17.446752,14.727145
0,-17.446752,14.727145,-17.458499,14.717203,-17.446586,14.727120
0,-17.446586,14.727120,-17.458499,14.717203,-17.446586,14.727120
0,-17.440477,14.725459,-17.444347,14.726807,-17.444767,14.726866
0,-17.440477,14.725459,-17.444189,14.726785,-17.444347,14.726807
0,-17.440477,14.725459,-17.444189,14.726785,-17.444189,14.726785
0,-17.440477,14.725459,-17.444061,14.726767,-17.444189,14.726785
0,-17.440477,14.725459,-17.440479,14.725460,-17.443320,14.726671
0,-17.444061,14.726767,-17.440477,14.725459,-17.443793,14.726732
0,-17.443793,14.726732,-17.440477,14.725459,-17.443320,14.726671
0,-17.443320,14.726671,-17.440481,14.725463,-17.440484,14.725465
0,-17.443320,14.726671,-17.440479,14.725460,-17.440481,14.725463
0,-17.441721,14.726345,-17.441093,14.725940,-17.441600,14.726301
0,-17.443320,14.726671,-17.440484,14.725465,-17.443171,14.726652
0,-17.440481,14.725463,-17.440483,14.725464,-17.440484,14.725465
0,-17.440477,14.725459,-17.430888,14.715247,-17.430712,14.716367
0,-17.440477,14.725459,-17.430712,14.716367,-17.430501,14.717762
0,-17.430501,14.717762,-17.430712,14.716367,-17.430497,14.717638
0,-17.430382,14.718332,-17.430501,14.717762,-17.430423,14.718072
0,-17.440477,14.725459,-17.430382,14.718332,-17.430188,14.718874
0,-17.440477,14.725459,-17.430501,14.717762,-17.430382,14.718332
0,-17.429525,14.720855,-17.440477,14.725459,-17.429736,14.720405
0,-17.429272,14.721354,-17.440477,14.725459,-17.429525,14.720855
0,-17.429028,14.721738,-17.440477,14.725459,-17.429272,14.721354
0,-17.427477,14.723611,-17.426790,14.724455,-17.440298,14.728131
0,-17.423963,14.727527,-17.423818,14.727652,-17.421158,14.735590
0,-17.425667,14.726074,-17.440121,14.730749,-17.425838,14.725783
0,-17.425667,14.726074,-17.425838,14.725783,-17.425681,14.725989
0,-17.427477,14.723611,-17.426998,14.724169,-17.426790,14.724455
0,-17.426545,14.724717,-17.426074,14.725412,-17.426644,14.724637
0,-17.426456,14.724777,-17.426074,14.725412,-17.426545,14.724717
0,-17.425603,14.705402,-17.425714,14.704810,-17.423053,14.705437
0,-17.421072,14.700122,-17.421031,14.700162,-17.423053,14.705437
0,-17.420568,14.700430,-17.420519,14.700454,-17.420446,14.700497
0,-17.425603,14.705402,-17.423053,14.705437,-17.425420,14.705735
0,-17.423716,14.706277,-17.424809,14.706676,-17.425273,14.706272
0,-17.422866,14.705421,-17.422368,14.705550,-17.422429,14.705550
0,-17.422025,14.705602,-17.422086,14.705577,-17.421939,14.705603
0,-17.422086,14.705577,-17.420372,14.700539,-17.421853,14.705604
0,-17.422368,14.705550,-17.422221,14.705576,-17.422307,14.705575
0,-17.422368,14.705550,-17.422159,14.705576,-17.422221,14.705576
0,-17.420372,14.700539,-17.421638,14.705642,-17.421718,14.705629
0,-17.421546,14.705655,-17.420177,14.700601,-17.421338,14.705705
0,-17.420951,14.705832,-17.421179,14.705754,-17.419516,14.700799
0,-17.420951,14.705832,-17.421130,14.705778,-17.421179,14.705754
0,-17.420653,14.705939,-17.420951,14.705832,-17.420592,14.705951
0,-17.421038,14.705815,-17.421130,14.705778,-17.420951,14.705832
0,-17.420408,14.706031,-17.420514,14.705984,-17.417563,14.704118
0,-17.417566,14.704417,-17.420305,14.706086,-17.420408,14.706031
0,-17.424172,14.706757,-17.424285,14.706863,-17.424495,14.706850
0,-17.420739,14.705926,-17.420837,14.705901,-17.420886,14.705877
0,-17.420951,14.705832,-17.420739,14.705926,-17.420886,14.705877
0,-17.420305,14.706086,-17.420103,14.706172,-17.420189,14.706141
0,-17.417491,14.704824,-17.417474,14.704920,-17.417521,14.704717
0,-17.418880,14.706639,-17.419315,14.706526,-17.417451,14.705100
0,-17.419174,14.706588,-17.419315,14.706526,-17.418880,14.706639
0,-17.419113,14.706612,-17.419174,14.706588,-17.419052,14.706625
0,-17.419242,14.706575,-17.419315,14.706526,-17.419174,14.706588
0,-17.417451,14.705100,-17.419315,14.706526,-17.419425,14.706471
0,-17.418807,14.706663,-17.417408,14.705602,-17.417409,14.705698
0,-17.419052,14.706625,-17.419174,14.706588,-17.418880,14.706639
0,-17.417428,14.705267,-17.418880,14.706639,-17.417451,14.705100
0,-17.419687,14.706343,-17.419522,14.706423,-17.419620,14.706380
0,-17.420103,14.706172,-17.419956,14.706233,-17.420036,14.706208
0,-17.417567,14.704501,-17.417544,14.704597,-17.419687,14.706343
0,-17.417544,14.704597,-17.417521,14.704717,-17.419687,14.706343
0,-17.425420,14.705735,-17.423135,14.705645,-17.423716,14.706277
0,-17.425388,14.706088,-17.425420,14.705735,-17.425273,14.706272
0,-17.420408,14.706031,-17.417566,14.704334,-17.417566,14.704417
0,-17.425273,14.706272,-17.424809,14.706676,-17.425229,14.706500
0,-17.425273,14.706272,-17.425420,14.705735,-17.423716,14.706277
0,-17.424172,14.706757,-17.424495,14.706850,-17.424809,14.706676
0,-17.424276,14.727257,-17.424961,14.726727,-17.424405,14.727147
0,-17.439859,14.735055,-17.439927,14.733831,-17.424961,14.726727
0,-17.421158,14.735590,-17.424961,14.726727,-17.424276,14.727257
0,-17.421551,14.729279,-17.421178,14.729548,-17.420285,14.733680
0,-17.424276,14.727257,-17.423963,14.727527,-17.421158,14.735590
0,-17.423151,14.728213,-17.421122,14.735423,-17.423452,14.727948
0,-17.422893,14.728391,-17.420999,14.735034,-17.423151,14.728213
0,-17.414464,14.736585,-17.415165,14.736203,-17.414425,14.736516
0,-17.424482,14.744703,-17.424616,14.744974,-17.424446,14.744490
0,-17.429213,14.743832,-17.422279,14.740333,-17.427027,14.744345
0,-17.424506,14.745002,-17.424506,14.745003,-17.424616,14.744974
0,-17.424490,14.744755,-17.424506,14.745002,-17.424616,14.744974
0,-17.424490,14.744755,-17.424616,14.744974,-17.424482,14.744703
0,-17.424405,14.744347,-17.426244,14.744529,-17.424187,14.744182
0,-17.424187,14.744182,-17.426246,14.744529,-17.422279,14.740333
0,-17.423866,14.744003,-17.424187,14.744182,-17.422279,14.740333
0,-17.423608,14.743895,-17.423866,14.744003,-17.422279,14.740333
0,-17.423608,14.743895,-17.422279,14.740333,-17.423281,14.743773
0,-17.421178,14.729548,-17.420176,14.733480,-17.420285,14.733680
0,-17.417819,14.731605,-17.419447,14.733563,-17.418197,14.731426
0,-17.421178,14.729548,-17.420032,14.733212,-17.420176,14.733480
0,-17.419432,14.730793,-17.418877,14.731094,-17.420032,14.733212
0,-17.430612,14.743503,-17.421158,14.735590,-17.422279,14.740333
0,-17.430612,14.743503,-17.424961,14.726727,-17.421158,14.735590
0,-17.422542,14.728642,-17.420999,14.735034,-17.422893,14.728391
0,-17.421122,14.735423,-17.423151,14.728213,-17.420999,14.735034
0,-17.417397,14.731823,-17.418476,14.734167,-17.418860,14.733929
0,-17.418877,14.731094,-17.419903,14.733289,-17.420032,14.733212
0,-17.418877,14.731094,-17.418580,14.731246,-17.419903,14.733289
0,-17.418580,14.731246,-17.418197,14.731426,-17.419447,14.733563
0,-17.419903,14.733289,-17.418580,14.731246,-17.419447,14.733563
0,-17.421178,14.729548,-17.420179,14.730256,-17.420032,14.733212
0,-17.418324,14.707067,-17.418381,14.707026,-17.417344,14.706547
0,-17.421178,14.729548,-17.420140,14.730200,-17.420179,14.730256
0,-17.420032,14.733212,-17.419828,14.730532,-17.419432,14.730793
0,-17.420032,14.733212,-17.420179,14.730256,-17.419828,14.730532
0,-17.417403,14.705781,-17.417387,14.705973,-17.418733,14.706688
0,-17.417343,14.706404,-17.417343,14.706463,-17.418381,14.707026
0,-17.418664,14.706740,-17.418381,14.707026,-17.418576,14.706881
0,-17.418624,14.706820,-17.418664,14.706740,-17.418576,14.706881
0,-17.418576,14.706881,-17.418381,14.707026,-17.418491,14.706965
0,-17.418540,14.706929,-17.418576,14.706881,-17.418491,14.706965
0,-17.418491,14.706965,-17.418381,14.707026,-17.418442,14.707002
0,-17.417341,14.706260,-17.417387,14.705973,-17.417340,14.706188
0,-17.418664,14.706740,-17.418733,14.706688,-17.417387,14.705973
0,-17.417387,14.705973,-17.417363,14.706021,-17.417340,14.706188
0,-17.417842,14.707175,-17.417345,14.706607,-17.417346,14.706690
0,-17.417928,14.707174,-17.418014,14.707173,-17.417344,14.706547
0,-17.418381,14.707026,-17.418664,14.706740,-17.417343,14.706404
0,-17.417344,14.706547,-17.418381,14.707026,-17.417343,14.706463
0,-17.417347,14.706762,-17.417348,14.706846,-17.417410,14.706977
0,-17.417410,14.706977,-17.417348,14.706846,-17.417373,14.706929
0,-17.418014,14.707173,-17.418324,14.707067,-17.417344,14.706547
0,-17.417658,14.707153,-17.417347,14.706762,-17.417448,14.707024
0,-17.417510,14.707083,-17.417565,14.707118,-17.417448,14.707024
0,-17.418174,14.707148,-17.418235,14.707123,-17.418324,14.707067
0,-17.418014,14.707173,-17.418174,14.707148,-17.418324,14.707067
0,-17.418014,14.707173,-17.418113,14.707172,-17.418174,14.707148
0,-17.417842,14.707175,-17.417928,14.707174,-17.417345,14.706607
0,-17.418860,14.733929,-17.417819,14.731605,-17.417511,14.731749
0,-17.418860,14.733929,-17.417511,14.731749,-17.417397,14.731823
0,-17.417842,14.707175,-17.417346,14.706690,-17.417748,14.707172
0,-17.417748,14.707172,-17.417347,14.706762,-17.417658,14.707153
0,-17.417658,14.707153,-17.417448,14.707024,-17.417565,14.707118
0,-17.417397,14.731823,-17.416887,14.732105,-17.418476,14.734167
0,-17.416028,14.732513,-17.415949,14.732548,-17.417173,14.734982
0,-17.415868,14.735739,-17.414771,14.733070,-17.413755,14.734855
0,-17.415868,14.735739,-17.415915,14.735712,-17.414771,14.733070
0,-17.415165,14.736203,-17.414369,14.736380,-17.414425,14.736516
0,-17.415165,14.736203,-17.413995,14.735472,-17.414369,14.736380
0,-17.415702,14.735837,-17.413898,14.735222,-17.413995,14.735472
0,-17.415868,14.735739,-17.413755,14.734855,-17.413898,14.735222
0,-17.414274,14.733206,-17.413619,14.734505,-17.413755,14.734855
0,-17.414274,14.733206,-17.413573,14.734388,-17.413619,14.734505
0,-17.414274,14.733206,-17.413971,14.733313,-17.413573,14.734388
0,-17.414771,14.733070,-17.415915,14.735712,-17.415492,14.732756
0,-17.414274,14.733206,-17.413755,14.734855,-17.414771,14.733070
0,-17.413573,14.734388,-17.413971,14.733313,-17.413310,14.733546
0,-17.417342,14.706332,-17.417343,14.706404,-17.418664,14.706740
0,-17.418664,14.706740,-17.417341,14.706260,-17.417342,14.706332
0,-17.418664,14.706740,-17.417387,14.705973,-17.417341,14.706260
0,-17.417363,14.706021,-17.417339,14.706093,-17.417340,14.706188
0,-17.416028,14.732513,-17.417173,14.734982,-17.416887,14.732105
0,-17.415949,14.732548,-17.417010,14.735076,-17.417173,14.734982
0,-17.415492,14.732756,-17.417010,14.735076,-17.415949,14.732548
0,-17.418733,14.706688,-17.418807,14.706663,-17.417409,14.705698
0,-17.417387,14.705973,-17.417403,14.705781,-17.417386,14.705901
0,-17.418733,14.706688,-17.417409,14.705698,-17.417403,14.705781
0,-17.417428,14.705267,-17.417451,14.705100,-17.417428,14.705184
0,-17.417408,14.705602,-17.418880,14.706639,-17.417407,14.705518
0,-17.417407,14.705518,-17.418880,14.706639,-17.417428,14.705267
0,-17.417451,14.705100,-17.419522,14.706423,-17.417474,14.704920
0,-17.417451,14.705100,-17.417474,14.704920,-17.417450,14.705028
0,-17.419425,14.706471,-17.419522,14.706423,-17.417451,14.705100
0,-17.417406,14.705447,-17.417428,14.705267,-17.417405,14.705375
0,-17.417406,14.705447,-17.417407,14.705518,-17.417428,14.705267
0,-17.417562,14.704047,-17.417563,14.704118,-17.420514,14.705984
0,-17.419956,14.706233,-17.417567,14.704501,-17.419887,14.706261
0,-17.420103,14.706172,-17.417567,14.704501,-17.419956,14.706233
0,-17.420103,14.706172,-17.417566,14.704417,-17.417567,14.704501
0,-17.417563,14.704118,-17.417564,14.704226,-17.420408,14.706031
0,-17.420514,14.705984,-17.417562,14.703975,-17.417562,14.704047
0,-17.420592,14.705951,-17.417561,14.703879,-17.417562,14.703975
0,-17.420951,14.705832,-17.417534,14.703665,-17.417561,14.703879
0,-17.417561,14.703879,-17.417534,14.703665,-17.417535,14.703760
0,-17.417534,14.703665,-17.419357,14.700849,-17.419259,14.700874
0,-17.419430,14.700824,-17.419357,14.700849,-17.419516,14.700799
0,-17.417508,14.703605,-17.417534,14.703665,-17.417507,14.703521
0,-17.418977,14.700925,-17.419259,14.700874,-17.419197,14.700874
0,-17.417444,14.703355,-17.417369,14.703236,-17.417394,14.703296
0,-17.418977,14.700925,-17.417444,14.703355,-17.417482,14.703450
0,-17.417332,14.703177,-17.417306,14.703057,-17.417307,14.703129
0,-17.417369,14.703236,-17.417444,14.703355,-17.417306,14.703057
0,-17.417444,14.703355,-17.417293,14.702986,-17.417306,14.703057
0,-17.417444,14.703355,-17.418560,14.700977,-17.417253,14.702747
0,-17.417444,14.703355,-17.417280,14.702926,-17.417293,14.702986
0,-17.417228,14.702688,-17.417253,14.702747,-17.417227,14.702628
0,-17.417151,14.702342,-17.417176,14.702401,-17.417150,14.702246
0,-17.417280,14.702926,-17.417254,14.702819,-17.417255,14.702879
0,-17.417280,14.702926,-17.417444,14.703355,-17.417253,14.702747
0,-17.417280,14.702926,-17.417253,14.702747,-17.417254,14.702819
0,-17.418560,14.700977,-17.418376,14.700991,-17.417227,14.702628
0,-17.418560,14.700977,-17.417227,14.702628,-17.417253,14.702747
0,-17.417201,14.702461,-17.417202,14.702533,-17.417227,14.702628
0,-17.417201,14.702461,-17.418192,14.701028,-17.417150,14.702246
0,-17.417124,14.702163,-17.417702,14.701105,-17.417628,14.701106
0,-17.417297,14.701163,-17.416937,14.701866,-17.417037,14.702032
0,-17.416881,14.701783,-17.416937,14.701866,-17.416873,14.701676
0,-17.416937,14.701866,-17.417077,14.701255,-17.416873,14.701676
0,-17.416873,14.701676,-17.417077,14.701255,-17.416872,14.701592
0,-17.416895,14.701424,-17.416871,14.701496,-17.416872,14.701592
0,-17.416872,14.701592,-17.417077,14.701255,-17.417018,14.701288
0,-17.416872,14.701592,-17.417018,14.701288,-17.416951,14.701348
0,-17.416895,14.701424,-17.416872,14.701592,-17.416951,14.701348
0,-17.417150,14.702246,-17.417763,14.701093,-17.417124,14.702163
0,-17.417124,14.702163,-17.417628,14.701106,-17.417087,14.702104
0,-17.417947,14.701055,-17.417150,14.702246,-17.418192,14.701028
0,-17.417122,14.701215,-17.417077,14.701255,-17.417201,14.701190
0,-17.417702,14.701105,-17.417124,14.702163,-17.417763,14.701093
0,-17.417947,14.701055,-17.418192,14.701028,-17.418119,14.701029
0,-17.417201,14.702461,-17.417227,14.702628,-17.418192,14.701028
0,-17.417763,14.701093,-17.417947,14.701055,-17.417873,14.701056
0,-17.417763,14.701093,-17.417150,14.702246,-17.417947,14.701055
0,-17.417444,14.703355,-17.418977,14.700925,-17.418560,14.700977
0,-17.417482,14.703450,-17.417507,14.703521,-17.418977,14.700925
0,-17.418646,14.700952,-17.418560,14.700977,-17.418830,14.700926
0,-17.418731,14.700927,-17.418646,14.700952,-17.418830,14.700926
0,-17.418462,14.700978,-17.418376,14.700991,-17.418560,14.700977
0,-17.420372,14.700539,-17.420262,14.700565,-17.420177,14.700601
0,-17.422086,14.705577,-17.420568,14.700430,-17.420446,14.700497
0,-17.422086,14.705577,-17.420446,14.700497,-17.420372,14.700539
0,-17.421853,14.705604,-17.420372,14.700539,-17.421718,14.705629
0,-17.420982,14.700187,-17.420921,14.700187,-17.420856,14.700232
0,-17.421072,14.700122,-17.421355,14.699826,-17.421286,14.699879
0,-17.422866,14.705421,-17.421031,14.700162,-17.420982,14.700187
0,-17.420982,14.700187,-17.420856,14.700232,-17.420745,14.700320
0,-17.420690,14.700357,-17.420568,14.700430,-17.422866,14.705421
0,-17.420690,14.700357,-17.420629,14.700381,-17.420568,14.700430
0,-17.421338,14.705705,-17.419981,14.700651,-17.419687,14.700750
0,-17.422014,14.699094,-17.421966,14.699148,-17.421929,14.699209
0,-17.419797,14.700701,-17.419736,14.700725,-17.419687,14.700750
0,-17.418977,14.700925,-17.419197,14.700874,-17.419038,14.700900
0,-17.419259,14.700874,-17.418977,14.700925,-17.417507,14.703521
0,-17.417534,14.703665,-17.419259,14.700874,-17.417507,14.703521
0,-17.419197,14.700874,-17.419136,14.700875,-17.419038,14.700900
0,-17.420690,14.700357,-17.422866,14.705421,-17.420982,14.700187
0,-17.422866,14.705421,-17.423053,14.705437,-17.421031,14.700162
0,-17.420690,14.700357,-17.420982,14.700187,-17.420745,14.700320
0,-17.421809,14.699389,-17.421772,14.699437,-17.425714,14.704810
0,-17.422081,14.699022,-17.421881,14.699281,-17.422156,14.698939
0,-17.423012,14.698283,-17.422939,14.698325,-17.425714,14.704810
0,-17.421881,14.699281,-17.421845,14.699329,-17.421809,14.699389
0,-17.422208,14.698871,-17.422939,14.698325,-17.422269,14.698799
0,-17.422156,14.698939,-17.422939,14.698325,-17.422208,14.698871
0,-17.422305,14.698727,-17.422269,14.698799,-17.422682,14.698400
0,-17.422316,14.698667,-17.422305,14.698727,-17.422389,14.698570
0,-17.422792,14.698363,-17.422682,14.698400,-17.422865,14.698350
0,-17.422450,14.698510,-17.422305,14.698727,-17.422682,14.698400
0,-17.422559,14.698425,-17.422682,14.698400,-17.422620,14.698401
0,-17.422682,14.698400,-17.422559,14.698425,-17.422450,14.698510
0,-17.422305,14.698727,-17.422450,14.698510,-17.422389,14.698570
0,-17.422559,14.698425,-17.422486,14.698462,-17.422450,14.698510
0,-17.424470,14.695190,-17.424440,14.695250,-17.429604,14.692209
0,-17.424470,14.695190,-17.429604,14.692209,-17.424512,14.695082
0,-17.423431,14.697269,-17.423408,14.697424,-17.423408,14.697484
0,-17.423501,14.696957,-17.423502,14.697029,-17.423525,14.696897
0,-17.423408,14.697484,-17.424440,14.695250,-17.423502,14.697029
0,-17.423454,14.697161,-17.423502,14.697029,-17.423478,14.697077
0,-17.423407,14.697341,-17.423408,14.697424,-17.423431,14.697269
0,-17.423620,14.696597,-17.423757,14.696249,-17.423715,14.696321
0,-17.423620,14.696597,-17.423875,14.696037,-17.423757,14.696249
0,-17.423620,14.696597,-17.423691,14.696370,-17.423649,14.696454
0,-17.423620,14.696597,-17.423649,14.696454,-17.423619,14.696526
0,-17.425714,14.704810,-17.426919,14.705380,-17.423379,14.697610
0,-17.425714,14.704810,-17.423343,14.697694,-17.423313,14.697760
0,-17.425714,14.704810,-17.423379,14.697610,-17.423343,14.697694
0,-17.425714,14.704810,-17.423313,14.697760,-17.423217,14.697976
0,-17.423313,14.697760,-17.423277,14.697826,-17.423241,14.697916
0,-17.423012,14.698283,-17.425714,14.704810,-17.423085,14.698198
0,-17.422939,14.698325,-17.422156,14.698939,-17.421881,14.699281
0,-17.422865,14.698350,-17.422269,14.698799,-17.422939,14.698325
0,-17.423313,14.697760,-17.423241,14.697916,-17.423217,14.697976
0,-17.423145,14.698120,-17.425714,14.704810,-17.423193,14.698024
0,-17.423085,14.698198,-17.425714,14.704810,-17.423145,14.698120
0,-17.423502,14.697029,-17.423968,14.695895,-17.423620,14.696597
0,-17.423757,14.696249,-17.423875,14.696037,-17.423823,14.696123
0,-17.423968,14.695895,-17.423920,14.695961,-17.423875,14.696037
0,-17.423502,14.697029,-17.424004,14.695840,-17.423968,14.695895
0,-17.423502,14.697029,-17.424440,14.695250,-17.424004,14.695840
0,-17.424137,14.695630,-17.424276,14.695443,-17.424173,14.695576
0,-17.424440,14.695250,-17.423379,14.697610,-17.426919,14.705380
0,-17.424276,14.695443,-17.424209,14.695510,-17.424173,14.695576
0,-17.424065,14.695744,-17.424137,14.695630,-17.424101,14.695684
0,-17.424065,14.695744,-17.424276,14.695443,-17.424137,14.695630
0,-17.424440,14.695250,-17.423408,14.697484,-17.423379,14.697610
0,-17.424276,14.695443,-17.424440,14.695250,-17.424330,14.695359
0,-17.429604,14.692209,-17.424511,14.695010,-17.424512,14.695082
0,-17.424379,14.695287,-17.424330,14.695359,-17.424440,14.695250
0,-17.424276,14.695443,-17.424065,14.695744,-17.424440,14.695250
0,-17.429604,14.692209,-17.424509,14.694855,-17.424510,14.694939
0,-17.428644,14.691466,-17.424471,14.694766,-17.424509,14.694855
0,-17.428644,14.691466,-17.424421,14.694671,-17.424471,14.694766
0,-17.428644,14.691466,-17.428123,14.690976,-17.424283,14.694439
0,-17.424296,14.694499,-17.424346,14.694558,-17.424283,14.694439
0,-17.424375,14.694613,-17.424421,14.694671,-17.424346,14.694558
0,-17.424183,14.694261,-17.424283,14.694439,-17.428123,14.690976
0,-17.424208,14.694320,-17.424234,14.694392,-17.424283,14.694439
0,-17.423933,14.693821,-17.424021,14.693994,-17.424071,14.694065
0,-17.424208,14.694320,-17.424283,14.694439,-17.424183,14.694261
0,-17.424096,14.694130,-17.424146,14.694190,-17.424071,14.694065
0,-17.424183,14.694261,-17.428123,14.690976,-17.424146,14.694190
0,-17.423883,14.693738,-17.423933,14.693821,-17.423832,14.693607
0,-17.423971,14.693910,-17.424021,14.693994,-17.423933,14.693821
0,-17.423769,14.693452,-17.423807,14.693512,-17.423744,14.693393
0,-17.423744,14.693393,-17.423681,14.693262,-17.423707,14.693346
0,-17.423393,14.692775,-17.423456,14.692846,-17.423181,14.692455
0,-17.423605,14.693060,-17.428123,14.690976,-17.423456,14.692846
0,-17.423655,14.693155,-17.428123,14.690976,-17.423630,14.693107
0,-17.423530,14.692965,-17.423605,14.693060,-17.423456,14.692846
0,-17.423630,14.693107,-17.428123,14.690976,-17.423605,14.693060
0,-17.423456,14.692846,-17.428123,14.690976,-17.423181,14.692455
0,-17.423044,14.692283,-17.423094,14.692348,-17.428123,14.690976
0,-17.423138,14.692407,-17.423181,14.692455,-17.423094,14.692348
0,-17.422976,14.692194,-17.423044,14.692283,-17.428123,14.690976
0,-17.422876,14.692057,-17.422907,14.692111,-17.422976,14.692194
0,-17.428123,14.690976,-17.422695,14.691814,-17.422876,14.692057
0,-17.422876,14.692057,-17.422695,14.691814,-17.422832,14.692004
0,-17.422131,14.688498,-17.428742,14.689188,-17.422198,14.687959
0,-17.422130,14.688438,-17.422131,14.688498,-17.422198,14.687959
0,-17.422108,14.688641,-17.422086,14.688904,-17.422131,14.688498
0,-17.422129,14.688330,-17.422130,14.688438,-17.422198,14.687959
0,-17.422131,14.688498,-17.422107,14.688570,-17.422108,14.688641
0,-17.421844,14.684496,-17.419570,14.685668,-17.422198,14.687959
0,-17.420350,14.683415,-17.419687,14.682894,-17.419570,14.685668
0,-17.422159,14.691079,-17.422197,14.691138,-17.422134,14.691019
0,-17.428123,14.690976,-17.422131,14.688498,-17.422086,14.688904
0,-17.422083,14.690888,-17.422134,14.691019,-17.422234,14.691186
0,-17.422096,14.688707,-17.422085,14.688845,-17.422108,14.688641
0,-17.422695,14.691814,-17.422396,14.691393,-17.422571,14.691666
0,-17.422832,14.692004,-17.422733,14.691874,-17.422776,14.691939
0,-17.422695,14.691814,-17.422571,14.691666,-17.422633,14.691755
0,-17.422832,14.692004,-17.422695,14.691814,-17.422733,14.691874
0,-17.422063,14.689060,-17.422086,14.688904,-17.422070,14.688972
0,-17.422571,14.691666,-17.422396,14.691393,-17.422521,14.691601
0,-17.422471,14.691530,-17.422521,14.691601,-17.422396,14.691393
0,-17.422434,14.691470,-17.422471,14.691530,-17.422396,14.691393
0,-17.422234,14.691186,-17.422340,14.691310,-17.422083,14.690888
0,-17.422396,14.691393,-17.422695,14.691814,-17.422040,14.689192
0,-17.422340,14.691310,-17.422234,14.691186,-17.422275,14.691241
0,-17.422234,14.691186,-17.422134,14.691019,-17.422197,14.691138
0,-17.421946,14.689527,-17.421992,14.689288,-17.421945,14.689444
0,-17.422040,14.689192,-17.422340,14.691310,-17.422396,14.691393
0,-17.422039,14.690793,-17.422083,14.690888,-17.421946,14.689527
0,-17.421995,14.690698,-17.422039,14.690793,-17.421878,14.690114
0,-17.421880,14.690257,-17.421995,14.690698,-17.421878,14.690114
0,-17.421881,14.690353,-17.421945,14.690603,-17.421880,14.690257
0,-17.421876,14.689899,-17.421877,14.689970,-17.421887,14.689821
0,-17.421922,14.689599,-17.421898,14.689659,-17.421899,14.689731
0,-17.421946,14.689527,-17.422040,14.689192,-17.421992,14.689288
0,-17.422040,14.689192,-17.422695,14.691814,-17.428123,14.690976
0,-17.421946,14.689527,-17.422340,14.691310,-17.422040,14.689192
0,-17.422085,14.688785,-17.422085,14.688845,-17.422096,14.688707
0,-17.422040,14.689192,-17.422063,14.689060,-17.422052,14.689120
0,-17.428123,14.690976,-17.422086,14.688904,-17.422063,14.689060
0,-17.421640,14.682013,-17.421339,14.684244,-17.422092,14.682065
0,-17.421339,14.684244,-17.419570,14.685668,-17.421844,14.684496
0,-17.432198,14.690198,-17.429744,14.692136,-17.432075,14.690861
0,-17.422092,14.682065,-17.421339,14.684244,-17.421844,14.684496
0,-17.420350,14.683415,-17.419570,14.685668,-17.421339,14.684244
0,-17.420350,14.683415,-17.420830,14.678842,-17.419687,14.682894
0,-17.419687,14.682894,-17.420830,14.678842,-17.420461,14.678789
