15,5,7,42,115,
0,-16.995348,15.076340,-16.998525,15.072923,-16.966729,14.999132
0,-16.999491,15.071898,-16.968859,14.999231,-16.998525,15.072923
0,-16.943914,14.986894,-16.919179,14.985151,-16.965367,14.998665
0,-16.862476,14.978509,-16.851877,14.987045,-16.865205,14.979164
0,-16.856329,15.256081,-16.860492,15.249167,-16.861727,15.246717
0,-16.757938,15.410806,-16.715520,15.386617,-16.756928,15.412403
0,-16.887004,15.212379,-16.887432,15.211811,-16.746489,15.070384
0,-16.715520,15.386617,-16.760331,15.407021,-16.718738,15.380373
0,-16.687830,15.265470,-16.690736,15.266747,-16.684402,15.262854
0,-16.771159,15.389890,-16.771036,15.391168,-16.771303,15.390698
0,-16.856329,15.256081,-16.861727,15.246717,-16.701002,15.272209
0,-16.640440,15.226991,-16.631312,15.212247,-16.634730,15.223337
0,-16.696082,15.269318,-16.690736,15.266747,-16.693658,15.268794
0,-16.619531,15.144712,-16.618462,15.137424,-16.616902,15.139837
0,-16.696082,15.269318,-16.668732,15.246107,-16.690736,15.266747
0,-16.990656,15.081871,-16.991763,15.080845,-16.993002,15.079072
0,-16.807653,15.016191,-16.944155,15.138121,-16.949330,15.131773
0,-16.887432,15.211811,-16.887997,15.211063,-16.746489,15.070384
0,-16.807270,14.999406,-16.807276,15.007006,-16.814118,14.992611
0,-16.746489,15.070384,-16.881425,15.219317,-16.882298,15.218273
0,-16.919346,15.170042,-16.919533,15.169799,-16.785832,15.030086
0,-16.924090,15.163603,-16.806262,15.016985,-16.923809,15.163937
0,-16.970650,14.999008,-16.974146,14.998933,-16.972590,14.998657
0,-16.984295,14.998618,-17.005114,15.003876,-16.999376,15.000682
0,-16.790092,15.026817,-16.923598,15.164187,-16.795066,15.023425
0,-16.762927,15.049709,-16.765975,15.045847,-16.763912,15.048350
0,-16.912311,15.179144,-16.914079,15.176913,-16.755108,15.060837
0,-16.912311,15.179144,-16.912863,15.178464,-16.914079,15.176913
0,-16.894416,15.202513,-16.894756,15.202045,-16.894353,15.202593
0,-16.884890,15.215173,-16.884891,15.215167,-16.883853,15.216413
0,-16.870764,15.234510,-16.872417,15.231988,-16.867384,15.239079
0,-16.733694,15.340573,-16.782755,15.371743,-16.783210,15.371028
0,-16.883508,15.216826,-16.746489,15.070384,-16.882848,15.217615
0,-16.874694,15.228987,-16.878387,15.223627,-16.733264,15.079202
0,-16.712738,15.390470,-16.753434,15.417710,-16.715520,15.386617
0,-16.712738,15.390470,-16.751399,15.420689,-16.753434,15.417710
0,-16.743319,15.432518,-16.703142,15.402961,-16.740352,15.436860
0,-16.749955,15.422804,-16.751399,15.420689,-16.712738,15.390470
0,-16.699549,15.406820,-16.701191,15.447115,-16.737451,15.441107
0,-16.741455,15.299355,-16.831487,15.293732,-16.832865,15.291552
0,-16.723127,15.369304,-16.720947,15.372566,-16.718738,15.380373
0,-16.651049,15.233432,-16.631999,15.207082,-16.632145,15.208360
0,-16.632145,15.208360,-16.640440,15.226991,-16.641015,15.227340
0,-16.613990,15.162077,-16.613353,15.165969,-16.621142,15.146468
0,-16.614633,15.143345,-16.613853,15.144550,-16.617312,15.144728
0,-16.674465,15.254090,-16.675979,15.256058,-16.681086,15.260285
0,-16.632015,15.209111,-16.631312,15.212247,-16.640440,15.226991
0,-16.656982,15.093754,-16.654379,15.094553,-16.645987,15.099108
0,-16.741828,15.069704,-16.741310,15.072096,-16.743676,15.069345
0,-16.712231,15.084264,-16.658184,15.092781,-16.656982,15.093754
0,-16.984295,14.998618,-16.999376,15.000682,-16.985855,14.998442
0,-16.989070,14.998233,-16.985855,14.998442,-16.999376,15.000682
0,-16.995959,14.998128,-16.994360,14.998115,-16.999376,15.000682
0,-17.013956,15.008921,-17.005114,15.003876,-17.017983,15.050589
0,-17.026542,15.041161,-17.027149,15.015926,-17.013956,15.008921
0,-17.007080,15.062953,-16.977881,14.998683,-16.974146,14.998933
0,-16.997766,15.073879,-16.998525,15.072923,-16.995348,15.076340
0,-16.977881,14.998683,-16.976272,14.998670,-16.974146,14.998933
0,-16.867323,14.980005,-16.867300,14.979996,-16.851877,14.987045
0,-16.867300,14.979996,-16.865205,14.979164,-16.851877,14.987045
0,-16.908898,14.984271,-16.902288,14.984236,-16.899966,14.984544
0,-16.912155,14.984545,-16.911107,14.984454,-16.899966,14.984544
0,-16.912155,14.984545,-16.964644,15.112800,-16.914746,14.984769
0,-16.911107,14.984454,-16.909499,14.984315,-16.899966,14.984544
0,-16.983273,15.090475,-16.984929,15.088563,-16.965367,14.998665
0,-16.977131,15.097713,-16.975683,15.099488,-16.976235,15.098873
0,-16.919179,14.985151,-16.916290,14.984908,-16.968441,15.108429
0,-16.963678,15.114028,-16.964644,15.112800,-16.894726,14.984841
0,-16.878595,14.982732,-16.876757,14.981943,-16.874776,14.981788
0,-16.967267,15.109795,-16.964644,15.112800,-16.966371,15.110955
0,-16.963678,15.114028,-16.894726,14.984841,-16.892227,14.985052
0,-16.986861,15.086242,-16.988519,15.084533,-16.989552,15.083168
0,-16.966729,14.999132,-16.965367,14.998665,-16.989552,15.083168
0,-16.968859,14.999231,-16.966729,14.999132,-16.998525,15.072923
0,-17.026542,15.041161,-17.028129,15.039384,-17.027149,15.015926
0,-17.004527,15.065958,-17.007080,15.062953,-16.974146,14.998933
0,-17.011153,15.058444,-17.012740,15.056668,-16.984295,14.998618
0,-16.968859,14.999231,-17.002666,15.068278,-17.004527,15.065958
0,-17.006116,15.064249,-17.007080,15.062953,-17.004527,15.065958
0,-16.884158,14.984052,-16.888642,14.984394,-16.886704,14.983877
0,-16.807653,15.016191,-16.949330,15.131773,-16.951742,15.128499
0,-16.942087,15.140918,-16.943123,15.139757,-16.944155,15.138121
0,-16.945882,15.136276,-16.947124,15.134707,-16.944155,15.138121
0,-16.945882,15.136276,-16.946503,15.135525,-16.947124,15.134707
0,-16.916704,15.173489,-16.785832,15.030086,-16.759109,15.054992
0,-16.931500,15.154486,-16.932353,15.153683,-16.932936,15.152881
0,-16.818700,14.990558,-16.814118,14.992611,-16.807276,15.007006
0,-16.807276,15.007006,-16.807653,15.016191,-16.818700,14.990558
0,-16.836893,14.986093,-16.807653,15.016191,-16.843205,14.986494
0,-16.923614,15.164168,-16.923809,15.163937,-16.806262,15.016985
0,-16.931025,15.154935,-16.931025,15.154933,-16.930981,15.154975
0,-16.806262,15.016985,-16.924090,15.163603,-16.924231,15.163437
0,-16.790092,15.026817,-16.785832,15.030086,-16.923598,15.164187
0,-16.919533,15.169799,-16.920142,15.169004,-16.921522,15.167119
0,-16.908346,15.184895,-16.907667,15.185973,-16.908002,15.185588
0,-16.901000,15.193484,-16.901020,15.193476,-16.901352,15.193148
0,-16.911361,15.180296,-16.912311,15.179144,-16.755108,15.060837
0,-16.921957,15.166506,-16.919533,15.169799,-16.921522,15.167119
0,-16.886132,15.213536,-16.746489,15.070384,-16.883508,15.216826
0,-16.881035,15.219784,-16.741667,15.073765,-16.739559,15.075129
0,-16.879162,15.222502,-16.737800,15.076267,-16.736549,15.077077
0,-16.878387,15.223627,-16.878328,15.223741,-16.878349,15.223704
0,-16.736549,15.077077,-16.878487,15.223482,-16.878495,15.223470
0,-16.864078,15.244189,-16.865649,15.243112,-16.866787,15.241529
0,-16.878747,15.223105,-16.879162,15.222502,-16.736549,15.077077
0,-16.878532,15.223417,-16.878594,15.223327,-16.736549,15.077077
0,-16.885332,15.214596,-16.883853,15.216413,-16.885082,15.214920
0,-16.903159,15.191364,-16.904207,15.190329,-16.904538,15.189702
0,-16.746489,15.070384,-16.894756,15.202045,-16.895300,15.201297
0,-16.750512,15.066422,-16.909125,15.183323,-16.755108,15.060837
0,-16.901000,15.193484,-16.901752,15.192753,-16.904538,15.189702
0,-16.901752,15.192753,-16.902539,15.191977,-16.904538,15.189702
0,-16.904538,15.189702,-16.905476,15.188551,-16.901000,15.193484
0,-16.750512,15.066422,-16.901000,15.193484,-16.909125,15.183323
0,-16.860492,15.249167,-16.861250,15.248076,-16.861727,15.246717
0,-16.741318,15.299314,-16.741455,15.299355,-16.740070,15.298695
0,-16.818878,15.313287,-16.743168,15.302613,-16.814296,15.322175
0,-16.767249,15.396076,-16.723127,15.369304,-16.765913,15.398189
0,-16.776674,15.381163,-16.778149,15.378829,-16.727418,15.357739
0,-16.743168,15.302613,-16.742269,15.309951,-16.810835,15.327616
0,-16.737278,15.331345,-16.733788,15.339469,-16.733694,15.340573
0,-16.725300,15.363984,-16.771801,15.388873,-16.772417,15.387900
0,-16.769742,15.392132,-16.723127,15.369304,-16.767249,15.396076
0,-16.764361,15.400644,-16.765050,15.399555,-16.718738,15.380373
0,-16.718738,15.380373,-16.765050,15.399555,-16.765913,15.398189
0,-16.707485,15.396348,-16.748682,15.424667,-16.712738,15.390470
0,-16.715520,15.386617,-16.756415,15.413215,-16.756928,15.412403
0,-16.715520,15.386617,-16.755402,15.414828,-16.756415,15.413215
0,-16.735471,15.444005,-16.710235,15.452477,-16.733534,15.446841
0,-16.727861,15.454986,-16.729438,15.452756,-16.714538,15.454361
0,-16.719751,15.458206,-16.727861,15.454986,-16.716579,15.456604
0,-16.719751,15.458206,-16.726971,15.456244,-16.727861,15.454986
0,-16.724409,15.459867,-16.725724,15.458008,-16.719751,15.458206
0,-16.714538,15.454361,-16.729438,15.452756,-16.731044,15.450485
0,-16.703330,15.402137,-16.703142,15.402961,-16.707485,15.396348
0,-16.701191,15.447115,-16.697326,15.408564,-16.695837,15.442981
0,-16.688819,15.427797,-16.688674,15.422565,-16.688347,15.425912
0,-16.773520,15.386154,-16.725300,15.363984,-16.773067,15.386870
0,-16.703142,15.402961,-16.745835,15.428836,-16.747343,15.426627
0,-16.784588,15.368863,-16.786171,15.366377,-16.733694,15.340573
0,-16.780199,15.375759,-16.727418,15.357739,-16.778580,15.378225
0,-16.742269,15.309951,-16.740059,15.315182,-16.740052,15.316610
0,-16.845333,15.271998,-16.849053,15.266341,-16.740070,15.298695
0,-16.856329,15.256081,-16.858466,15.253108,-16.860492,15.249167
0,-16.693658,15.268794,-16.690736,15.266747,-16.691612,15.267756
0,-16.686672,15.264961,-16.687830,15.265470,-16.684402,15.262854
0,-16.612143,15.182391,-16.614541,15.191680,-16.630717,15.205724
0,-16.629079,15.205427,-16.614541,15.191680,-16.615179,15.194266
0,-16.716092,15.084524,-16.631999,15.207082,-16.655307,15.236534
0,-16.613062,15.147795,-16.617312,15.144728,-16.613853,15.144550
0,-16.612794,15.145696,-16.613062,15.147795,-16.613853,15.144550
0,-16.613853,15.144550,-16.614633,15.143345,-16.614609,15.143340
0,-16.636775,15.103316,-16.634256,15.102633,-16.638858,15.104314
0,-16.632602,15.102313,-16.613847,15.117247,-16.634256,15.102633
0,-16.645987,15.099108,-16.639995,15.102933,-16.638858,15.104314
0,-16.632145,15.208360,-16.641015,15.227340,-16.651049,15.233432
0,-16.688883,15.421973,-16.688674,15.422565,-16.688819,15.427797
0,-16.638858,15.104314,-16.618462,15.137424,-16.621044,15.145348
0,-16.681086,15.260285,-16.690736,15.266747,-16.673044,15.252157
0,-16.621142,15.146468,-16.712231,15.084264,-16.656982,15.093754
0,-16.664207,15.243118,-16.668732,15.246107,-16.716092,15.084524
0,-16.884972,15.215075,-16.885082,15.214920,-16.884891,15.215167
0,-16.690736,15.266747,-16.668732,15.246107,-16.673044,15.252157
0,-16.880131,15.221096,-16.739559,15.075129,-16.737800,15.076267
0,-16.880131,15.221096,-16.881035,15.219784,-16.739559,15.075129
0,-16.668371,15.080838,-16.704610,15.076920,-16.669056,15.078567
0,-16.668371,15.080838,-16.705743,15.079026,-16.704610,15.076920
0,-16.638858,15.104314,-16.621142,15.146468,-16.645987,15.099108
0,-16.814118,14.992611,-16.808998,14.994905,-16.807803,14.997576
0,-16.767744,15.040829,-16.764839,15.045029,-16.765975,15.045847
0,-16.948089,15.133411,-16.949330,15.131773,-16.944155,15.138121
0,-16.874776,14.981788,-16.871522,14.980766,-16.851877,14.987045
0,-16.860021,14.978402,-16.857709,14.977752,-16.852413,14.981910
0,-16.818700,14.990558,-16.823172,14.985316,-16.818607,14.987635
0,-16.871522,14.980766,-16.869166,14.980288,-16.851877,14.987045
0,-16.806262,15.016985,-16.924903,15.162638,-16.925094,15.162412
0,-16.918397,15.171281,-16.785832,15.030086,-16.917685,15.172209
0,-16.931500,15.154486,-16.932936,15.152881,-16.934013,15.151326
0,-16.745987,15.070733,-16.743676,15.069345,-16.741310,15.072096
0,-16.765772,15.040476,-16.763432,15.039977,-16.762790,15.040843
0,-16.746489,15.070384,-16.897941,15.197664,-16.750512,15.066422
0,-16.910561,15.181296,-16.911197,15.180513,-16.911361,15.180296
0,-16.685938,15.049416,-16.685784,15.049549,-16.686506,15.053319
0,-16.670625,15.073368,-16.669056,15.078567,-16.704610,15.076920
0,-16.698649,15.039005,-16.704990,15.043074,-16.700238,15.037726
0,-16.704927,15.046860,-16.692743,15.043756,-16.704841,15.052019
0,-16.697370,15.040034,-16.704990,15.043074,-16.698649,15.039005
0,-16.999376,15.000682,-16.994360,14.998115,-16.989070,14.998233
0,-16.949327,14.988203,-16.956298,14.991044,-16.950532,14.988513
0,-16.994360,14.998115,-16.991242,14.997826,-16.989070,14.998233
0,-16.989070,14.998233,-16.987369,14.998221,-16.985855,14.998442
0,-17.021162,15.047444,-17.021782,15.046693,-17.020469,15.047992
0,-17.028129,15.039384,-17.029576,15.037542,-17.027149,15.015926
0,-17.027149,15.015926,-17.029576,15.037542,-17.031373,15.035831
0,-17.034525,15.020984,-17.039378,15.026949,-17.041052,15.025177
0,-17.036962,15.029479,-17.034525,15.020984,-17.035721,15.030981
0,-17.039378,15.026949,-17.034525,15.020984,-17.038136,15.028316
0,-17.034525,15.020984,-17.036962,15.029479,-17.038136,15.028316
0,-17.032339,15.034671,-17.027149,15.015926,-17.031373,15.035831
0,-17.033512,15.033440,-17.034525,15.020984,-17.027149,15.015926
0,-17.035721,15.030981,-17.034525,15.020984,-17.033512,15.033440
0,-17.033512,15.033440,-17.027149,15.015926,-17.032339,15.034671
0,-16.982548,14.998706,-17.011153,15.058444,-16.984295,14.998618
0,-16.982548,14.998706,-16.980287,14.998509,-16.977881,14.998683
0,-17.007080,15.062953,-16.982548,14.998706,-16.977881,14.998683
0,-17.011153,15.058444,-17.011981,15.057556,-17.012740,15.056668
0,-16.990656,15.081871,-16.966729,14.999132,-16.989552,15.083168
0,-16.983273,15.090475,-16.965367,14.998665,-16.980581,15.093616
0,-16.965367,14.998665,-16.919179,14.985151,-16.977131,15.097713
0,-16.968859,14.999231,-16.974146,14.998933,-16.970650,14.999008
0,-16.964476,14.997787,-16.963820,14.997234,-16.965367,14.998665
0,-16.956298,14.991044,-16.949327,14.988203,-16.960107,14.993813
0,-16.961474,14.994967,-16.960107,14.993813,-16.962507,14.995988
0,-16.956298,14.991044,-16.951498,14.988763,-16.950532,14.988513
0,-16.943914,14.986894,-16.921928,14.984758,-16.919179,14.985151
0,-16.956298,14.991044,-16.960107,14.993813,-16.958328,14.992382
0,-16.955083,14.990250,-16.951498,14.988763,-16.956298,14.991044
0,-16.953764,14.989422,-16.951498,14.988763,-16.955083,14.990250
0,-16.924712,14.984219,-16.943914,14.986894,-16.932453,14.983892
0,-16.930851,14.983755,-16.924712,14.984219,-16.932453,14.983892
0,-16.943914,14.986894,-16.941604,14.985323,-16.937980,14.984522
0,-16.930851,14.983755,-16.927691,14.983733,-16.924712,14.984219
0,-16.921928,14.984758,-16.943914,14.986894,-16.924712,14.984219
0,-16.930238,14.983703,-16.927691,14.983733,-16.930851,14.983755
0,-16.943914,14.986894,-16.965367,14.998665,-16.963820,14.997234
0,-16.908898,14.984271,-16.906209,14.984031,-16.902288,14.984236
0,-16.878595,14.982732,-16.874776,14.981788,-16.851877,14.987045
0,-16.869166,14.980288,-16.867323,14.980005,-16.851877,14.987045
0,-16.862476,14.978509,-16.860021,14.978402,-16.851877,14.987045
0,-16.884158,14.984052,-16.881286,14.983117,-16.878595,14.982732
0,-16.884158,14.984052,-16.878595,14.982732,-16.851877,14.987045
0,-16.888642,14.984394,-16.892227,14.985052,-16.890341,14.984173
0,-16.807653,15.016191,-16.884158,14.984052,-16.851877,14.987045
0,-16.909499,14.984315,-16.908898,14.984271,-16.899966,14.984544
0,-16.894726,14.984841,-16.899966,14.984544,-16.897419,14.984529
0,-16.964644,15.112800,-16.912155,14.984545,-16.899966,14.984544
0,-16.960782,15.117713,-16.962024,15.116211,-16.963678,15.114028
0,-16.807653,15.016191,-16.892227,14.985052,-16.884158,14.984052
0,-16.914746,14.984769,-16.964644,15.112800,-16.967267,15.109795
0,-16.884158,14.984052,-16.892227,14.985052,-16.888642,14.984394
0,-16.958988,15.119829,-16.959954,15.118737,-16.960782,15.117713
0,-16.972304,15.103719,-16.968441,15.108429,-16.970856,15.105629
0,-16.916270,14.984900,-16.914746,14.984769,-16.916290,14.984908
0,-16.936424,14.984147,-16.934629,14.984000,-16.937980,14.984522
0,-16.916443,14.984912,-16.916290,14.984908,-16.919179,14.985151
0,-16.934629,14.984000,-16.932453,14.983892,-16.943914,14.986894
0,-16.962507,14.995988,-16.943914,14.986894,-16.963820,14.997234
0,-16.960107,14.993813,-16.949327,14.988203,-16.962507,14.995988
0,-16.937980,14.984522,-16.934629,14.984000,-16.943914,14.986894
0,-16.940382,14.984854,-16.937980,14.984522,-16.941604,14.985323
0,-16.949327,14.988203,-16.943914,14.986894,-16.962507,14.995988
0,-16.947022,14.987229,-16.943914,14.986894,-16.949327,14.988203
0,-16.992730,15.079820,-16.993002,15.079072,-16.991763,15.080845
0,-16.993485,15.078525,-16.966729,14.999132,-16.993002,15.079072
0,-16.966729,14.999132,-16.990656,15.081871,-16.993002,15.079072
0,-16.989552,15.083168,-16.965367,14.998665,-16.986861,15.086242
0,-16.984929,15.088563,-16.986861,15.086242,-16.965367,14.998665
0,-16.981964,15.092316,-16.983273,15.090475,-16.981273,15.093000
0,-16.986448,15.086855,-16.986861,15.086242,-16.985895,15.087470
0,-16.984101,15.089587,-16.984929,15.088563,-16.983273,15.090475
0,-16.985895,15.087470,-16.986861,15.086242,-16.984929,15.088563
0,-16.983273,15.090475,-16.981964,15.092316,-16.982378,15.091838
0,-16.983273,15.090475,-16.980581,15.093616,-16.981273,15.093000
0,-16.978717,15.095734,-16.977131,15.097713,-16.977752,15.096962
0,-16.919179,14.985151,-16.975683,15.099488,-16.977131,15.097713
0,-16.972304,15.103719,-16.919179,14.985151,-16.968441,15.108429
0,-16.980581,15.093616,-16.979547,15.094913,-16.980099,15.094298
0,-16.980581,15.093616,-16.978717,15.095734,-16.979547,15.094913
0,-16.965367,14.998665,-16.978717,15.095734,-16.980581,15.093616
0,-16.965367,14.998665,-16.977131,15.097713,-16.978717,15.095734
0,-16.899966,14.984544,-16.894726,14.984841,-16.964644,15.112800
0,-16.958988,15.119829,-16.960782,15.117713,-16.892227,14.985052
0,-16.962024,15.116211,-16.962852,15.115187,-16.963678,15.114028
0,-16.892227,14.985052,-16.960782,15.117713,-16.963678,15.114028
0,-16.951742,15.128499,-16.954296,15.125495,-16.892227,14.985052
0,-16.952641,15.127611,-16.953814,15.126245,-16.954296,15.125495
0,-16.807653,15.016191,-16.951742,15.128499,-16.892227,14.985052
0,-16.958228,15.120717,-16.958988,15.119829,-16.892227,14.985052
0,-16.957607,15.121468,-16.958228,15.120717,-16.892227,14.985052
0,-16.970856,15.105629,-16.968441,15.108429,-16.969200,15.107609
0,-16.916290,14.984908,-16.914746,14.984769,-16.967267,15.109795
0,-16.968441,15.108429,-16.916290,14.984908,-16.967267,15.109795
0,-16.970856,15.105629,-16.969200,15.107609,-16.970307,15.106583
0,-16.975683,15.099488,-16.919179,14.985151,-16.974027,15.101467
0,-16.972994,15.102900,-16.974027,15.101467,-16.972304,15.103719
0,-16.974924,15.100443,-16.975683,15.099488,-16.974027,15.101467
0,-16.973476,15.102286,-16.974027,15.101467,-16.972994,15.102900
0,-16.971684,15.104606,-16.972304,15.103719,-16.970856,15.105629
0,-16.974027,15.101467,-16.919179,14.985151,-16.972304,15.103719
0,-16.995004,15.076885,-16.995348,15.076340,-16.994037,15.077910
0,-16.994037,15.077910,-16.995348,15.076340,-16.993485,15.078525
0,-16.995004,15.076885,-16.994037,15.077910,-16.994661,15.077430
0,-16.996247,15.075519,-16.996800,15.074972,-16.997766,15.073879
0,-16.997766,15.073879,-16.996800,15.074972,-16.997353,15.074425
0,-16.997766,15.073879,-16.995348,15.076340,-16.996247,15.075519
0,-16.966729,14.999132,-16.993485,15.078525,-16.995348,15.076340
0,-17.004527,15.065958,-17.002666,15.068278,-17.003701,15.067049
0,-16.968859,14.999231,-16.999491,15.071898,-17.001838,15.069234
0,-16.968859,14.999231,-17.001838,15.069234,-17.002666,15.068278
0,-16.999491,15.071898,-17.001149,15.070122,-17.001838,15.069234
0,-16.968859,14.999231,-17.004527,15.065958,-16.974146,14.998933
0,-17.012740,15.056668,-17.005114,15.003876,-16.984295,14.998618
0,-17.010255,15.059401,-17.011153,15.058444,-16.982548,14.998706
0,-17.010255,15.059401,-17.007080,15.062953,-17.009290,15.060629
0,-17.007080,15.062953,-17.010255,15.059401,-16.982548,14.998706
0,-17.007080,15.062953,-17.008324,15.061722,-17.009290,15.060629
0,-17.021782,15.046693,-17.022332,15.045875,-17.020469,15.047992
0,-17.024263,15.043553,-17.022332,15.045875,-17.023300,15.044917
0,-17.028752,15.038837,-17.029576,15.037542,-17.028129,15.039384
0,-17.024263,15.043553,-17.026542,15.041161,-17.013956,15.008921
0,-17.026542,15.041161,-17.024263,15.043553,-17.025508,15.042458
0,-17.025508,15.042458,-17.024263,15.043553,-17.024955,15.043005
0,-17.013956,15.008921,-17.022332,15.045875,-17.024263,15.043553
0,-17.013956,15.008921,-17.020469,15.047992,-17.022332,15.045875
0,-17.013956,15.008921,-17.018881,15.049633,-17.020469,15.047992
0,-17.019780,15.048811,-17.020469,15.047992,-17.018881,15.049633
0,-17.016466,15.052365,-17.017983,15.050589,-17.005114,15.003876
0,-17.018881,15.049633,-17.013956,15.008921,-17.017983,15.050589
0,-17.016466,15.052365,-17.017294,15.051477,-17.017983,15.050589
0,-17.014052,15.055233,-17.005114,15.003876,-17.012740,15.056668
0,-17.014052,15.055233,-17.015569,15.053457,-17.005114,15.003876
0,-17.005114,15.003876,-17.015569,15.053457,-17.016466,15.052365
0,-17.014052,15.055233,-17.014949,15.054276,-17.015569,15.053457
0,-16.957607,15.121468,-16.955884,15.123719,-16.956574,15.122900
0,-16.957607,15.121468,-16.954296,15.125495,-16.955884,15.123719
0,-16.957607,15.121468,-16.892227,14.985052,-16.954296,15.125495
0,-16.954296,15.125495,-16.951742,15.128499,-16.952641,15.127611
0,-16.949330,15.131773,-16.950571,15.130136,-16.951742,15.128499
0,-16.947124,15.134707,-16.947676,15.134092,-16.948089,15.133411
0,-16.950571,15.130136,-16.951193,15.129589,-16.951742,15.128499
0,-16.953263,15.127063,-16.953814,15.126245,-16.952641,15.127611
0,-16.948778,15.132524,-16.949330,15.131773,-16.948089,15.133411
0,-16.950089,15.130886,-16.950571,15.130136,-16.949330,15.131773
0,-16.944155,15.138121,-16.947124,15.134707,-16.948089,15.133411
0,-16.942640,15.140371,-16.943123,15.139757,-16.942087,15.140918
0,-16.944917,15.137505,-16.945882,15.136276,-16.944155,15.138121
0,-16.943123,15.139757,-16.943606,15.139142,-16.944155,15.138121
0,-16.930981,15.154975,-16.934509,15.150611,-16.935002,15.149899
0,-16.932353,15.153683,-16.932356,15.153684,-16.932434,15.153607
0,-16.940224,15.143170,-16.939190,15.144602,-16.939675,15.144192
0,-16.930981,15.154975,-16.934013,15.151326,-16.934509,15.150611
0,-16.931025,15.154933,-16.931500,15.154486,-16.934013,15.151326
0,-16.932353,15.153683,-16.932434,15.153607,-16.932936,15.152881
0,-16.935740,15.148834,-16.930981,15.154975,-16.935002,15.149899
0,-16.930012,15.156414,-16.930429,15.155795,-16.928406,15.158482
0,-16.807653,15.016191,-16.935740,15.148834,-16.940224,15.143170
0,-16.940224,15.143170,-16.935740,15.148834,-16.936499,15.147946
0,-16.807653,15.016191,-16.930981,15.154975,-16.935740,15.148834
0,-16.944155,15.138121,-16.940844,15.142352,-16.942087,15.140918
0,-16.938501,15.145557,-16.936499,15.147946,-16.937191,15.147263
0,-16.942087,15.140918,-16.940844,15.142352,-16.941466,15.141668
0,-16.940844,15.142352,-16.807653,15.016191,-16.940224,15.143170
0,-16.940844,15.142352,-16.944155,15.138121,-16.807653,15.016191
0,-16.936499,15.147946,-16.939190,15.144602,-16.940224,15.143170
0,-16.936499,15.147946,-16.938501,15.145557,-16.939190,15.144602
0,-16.937191,15.147263,-16.937951,15.146443,-16.938501,15.145557
0,-16.934013,15.151326,-16.930981,15.154975,-16.931025,15.154933
0,-16.924903,15.162639,-16.924903,15.162638,-16.924696,15.162884
0,-16.930981,15.154975,-16.807653,15.016191,-16.806262,15.016985
0,-16.927168,15.159951,-16.930981,15.154975,-16.926964,15.160193
0,-16.930012,15.156414,-16.929002,15.157775,-16.929466,15.157224
0,-16.930429,15.155795,-16.930981,15.154975,-16.928406,15.158482
0,-16.930981,15.154975,-16.926227,15.161068,-16.926964,15.160193
0,-16.929002,15.157775,-16.930012,15.156414,-16.928406,15.158482
0,-16.928406,15.158482,-16.930981,15.154975,-16.927168,15.159951
0,-16.930981,15.154975,-16.806262,15.016985,-16.926227,15.161068
0,-16.926227,15.161068,-16.806262,15.016985,-16.925343,15.162119
0,-16.925343,15.162119,-16.806262,15.016985,-16.925094,15.162412
0,-16.925094,15.162412,-16.924903,15.162638,-16.924951,15.162581
0,-16.920142,15.169004,-16.921338,15.167379,-16.921522,15.167119
0,-16.920142,15.169004,-16.920791,15.168152,-16.921338,15.167379
0,-16.924696,15.162884,-16.924903,15.162638,-16.806262,15.016985
0,-16.924463,15.163161,-16.924696,15.162884,-16.806262,15.016985
0,-16.924231,15.163437,-16.924463,15.163161,-16.806262,15.016985
0,-16.916024,15.174376,-16.755108,15.060837,-16.915544,15.175002
0,-16.915544,15.175002,-16.755108,15.060837,-16.914402,15.176494
0,-16.914402,15.176494,-16.755108,15.060837,-16.914079,15.176913
0,-16.912311,15.179144,-16.911361,15.180296,-16.911381,15.180288
0,-16.755108,15.060837,-16.910494,15.181378,-16.911361,15.180296
0,-16.910494,15.181378,-16.910561,15.181296,-16.911361,15.180296
0,-16.909125,15.183323,-16.907524,15.186154,-16.908346,15.184895
0,-16.913437,15.177758,-16.914079,15.176913,-16.913322,15.177899
0,-16.913437,15.177758,-16.913322,15.177899,-16.913324,15.177898
0,-16.914079,15.176913,-16.912863,15.178464,-16.913322,15.177899
0,-16.916704,15.173489,-16.755108,15.060837,-16.916296,15.174021
0,-16.916296,15.174021,-16.755108,15.060837,-16.916024,15.174376
0,-16.785832,15.030086,-16.917247,15.172781,-16.917685,15.172209
0,-16.785832,15.030086,-16.916704,15.173489,-16.917247,15.172781
0,-16.923598,15.164187,-16.785832,15.030086,-16.922918,15.165148
0,-16.922918,15.165148,-16.785832,15.030086,-16.921957,15.166506
0,-16.921957,15.166506,-16.785832,15.030086,-16.919533,15.169799
0,-16.918905,15.170618,-16.785832,15.030086,-16.918397,15.171281
0,-16.890058,15.208330,-16.746489,15.070384,-16.889024,15.209700
0,-16.887004,15.212379,-16.746489,15.070384,-16.886132,15.213536
0,-16.886132,15.213536,-16.883853,15.216413,-16.885698,15.214111
0,-16.885698,15.214111,-16.883853,15.216413,-16.885332,15.214596
0,-16.883853,15.216413,-16.884891,15.215167,-16.885082,15.214920
0,-16.885332,15.214596,-16.885082,15.214920,-16.885091,15.214915
0,-16.886132,15.213536,-16.883508,15.216826,-16.883853,15.216413
0,-16.746489,15.070384,-16.882556,15.217964,-16.882848,15.217615
0,-16.746489,15.070384,-16.882298,15.218273,-16.882556,15.217964
0,-16.882556,15.217964,-16.882298,15.218273,-16.882338,15.218231
0,-16.881425,15.219317,-16.746489,15.070384,-16.745987,15.070733
0,-16.736549,15.077077,-16.878658,15.223234,-16.878747,15.223105
0,-16.878703,15.223169,-16.878747,15.223105,-16.878658,15.223234
0,-16.736549,15.077077,-16.878594,15.223327,-16.878658,15.223234
0,-16.737800,15.076267,-16.879526,15.221974,-16.880131,15.221096
0,-16.737800,15.076267,-16.879162,15.222502,-16.879526,15.221974
0,-16.864078,15.244189,-16.866787,15.241529,-16.867384,15.239079
0,-16.872417,15.231988,-16.874694,15.228987,-16.733264,15.079202
0,-16.861727,15.246717,-16.863751,15.245754,-16.864078,15.244189
0,-16.864078,15.244189,-16.867384,15.239079,-16.861727,15.246717
0,-16.860194,15.250703,-16.860492,15.249167,-16.859218,15.252060
0,-16.872417,15.231988,-16.733264,15.079202,-16.867384,15.239079
0,-16.867384,15.239079,-16.733264,15.079202,-16.727057,15.082422
0,-16.868973,15.237168,-16.870764,15.234510,-16.867384,15.239079
0,-16.878532,15.223417,-16.736549,15.077077,-16.878495,15.223470
0,-16.736549,15.077077,-16.878387,15.223627,-16.878478,15.223495
0,-16.878387,15.223627,-16.876143,15.227009,-16.877246,15.225509
0,-16.878487,15.223482,-16.736549,15.077077,-16.878478,15.223495
0,-16.874694,15.228987,-16.876143,15.227009,-16.878387,15.223627
0,-16.878387,15.223627,-16.877246,15.225509,-16.878328,15.223741
0,-16.892463,15.205130,-16.894353,15.202593,-16.746489,15.070384
0,-16.746489,15.070384,-16.887997,15.211063,-16.889024,15.209700
0,-16.894353,15.202593,-16.894756,15.202045,-16.746489,15.070384
0,-16.892463,15.205130,-16.746489,15.070384,-16.891588,15.206300
0,-16.896348,15.199855,-16.746489,15.070384,-16.895300,15.201297
0,-16.894353,15.202593,-16.894414,15.202518,-16.894416,15.202513
0,-16.893663,15.203547,-16.894353,15.202593,-16.892463,15.205130
0,-16.897583,15.198157,-16.746489,15.070384,-16.897084,15.198843
0,-16.897084,15.198843,-16.746489,15.070384,-16.896348,15.199855
0,-16.750512,15.066422,-16.897941,15.197664,-16.898366,15.197082
0,-16.897941,15.197664,-16.746489,15.070384,-16.897583,15.198157
0,-16.750512,15.066422,-16.898366,15.197082,-16.899122,15.196040
0,-16.900070,15.194736,-16.750512,15.066422,-16.899501,15.195518
0,-16.899501,15.195518,-16.750512,15.066422,-16.899247,15.195868
0,-16.899247,15.195868,-16.750512,15.066422,-16.899122,15.196040
0,-16.899122,15.196040,-16.898366,15.197082,-16.899122,15.196042
0,-16.907524,15.186154,-16.907667,15.185973,-16.908346,15.184895
0,-16.909125,15.183323,-16.905476,15.188551,-16.907524,15.186154
0,-16.910408,15.181495,-16.910494,15.181378,-16.755108,15.060837
0,-16.909125,15.183323,-16.910408,15.181495,-16.755108,15.060837
0,-16.909125,15.183323,-16.909875,15.182309,-16.910408,15.181495
0,-16.909125,15.183323,-16.909448,15.182949,-16.909875,15.182309
0,-16.907524,15.186154,-16.905476,15.188551,-16.906815,15.187119
0,-16.909125,15.183323,-16.901000,15.193484,-16.905476,15.188551
0,-16.902539,15.191977,-16.903159,15.191364,-16.904538,15.189702
0,-16.750512,15.066422,-16.900070,15.194736,-16.900814,15.193713
0,-16.900903,15.193591,-16.750512,15.066422,-16.900814,15.193713
0,-16.901352,15.193148,-16.901752,15.192753,-16.901000,15.193484
0,-16.750512,15.066422,-16.900903,15.193591,-16.901000,15.193484
0,-16.900814,15.193713,-16.900820,15.193711,-16.900903,15.193591
0,-16.859218,15.252060,-16.860492,15.249167,-16.858466,15.253108
0,-16.701002,15.272209,-16.855534,15.257331,-16.856329,15.256081
0,-16.855534,15.257331,-16.701002,15.272209,-16.849053,15.266341
0,-16.854305,15.259264,-16.855534,15.257331,-16.849053,15.266341
0,-16.740070,15.298695,-16.849053,15.266341,-16.701002,15.272209
0,-16.849053,15.266341,-16.853166,15.261055,-16.854305,15.259264
0,-16.849053,15.266341,-16.851274,15.264032,-16.852351,15.262339
0,-16.853166,15.261055,-16.849053,15.266341,-16.852351,15.262339
0,-16.740070,15.298695,-16.741455,15.299355,-16.845333,15.271998
0,-16.845333,15.271998,-16.741455,15.299355,-16.842577,15.276290
0,-16.824116,15.305750,-16.741550,15.299536,-16.743168,15.302613
0,-16.839681,15.280448,-16.842577,15.276290,-16.741455,15.299355
0,-16.831487,15.293732,-16.827975,15.299319,-16.830274,15.297056
0,-16.835274,15.287533,-16.741455,15.299355,-16.832865,15.291552
0,-16.729559,15.294528,-16.740070,15.298695,-16.701002,15.272209
0,-16.740513,15.299073,-16.741318,15.299314,-16.740070,15.298695
0,-16.827975,15.299319,-16.824116,15.305750,-16.826561,15.302895
0,-16.806732,15.334065,-16.742269,15.309951,-16.802843,15.340178
0,-16.743168,15.302613,-16.818878,15.313287,-16.824116,15.305750
0,-16.839681,15.280448,-16.741455,15.299355,-16.835274,15.287533
0,-16.742269,15.309951,-16.740052,15.316610,-16.802843,15.340178
0,-16.810835,15.327616,-16.742269,15.309951,-16.806732,15.334065
0,-16.822429,15.308911,-16.818878,15.313287,-16.821755,15.310450
0,-16.818878,15.313287,-16.814296,15.322175,-16.817065,15.317823
0,-16.743168,15.302613,-16.810835,15.327616,-16.814296,15.322175
0,-16.823327,15.307142,-16.824116,15.305750,-16.818878,15.313287
0,-16.823327,15.307142,-16.824119,15.305774,-16.824116,15.305750
0,-16.822429,15.308911,-16.822589,15.308596,-16.818878,15.313287
0,-16.822429,15.308911,-16.822445,15.308894,-16.822589,15.308596
0,-16.741455,15.299355,-16.827975,15.299319,-16.831487,15.293732
0,-16.741455,15.299355,-16.741550,15.299536,-16.827975,15.299319
0,-16.827975,15.299319,-16.741550,15.299536,-16.824116,15.305750
0,-16.823063,15.307621,-16.823327,15.307142,-16.818878,15.313287
0,-16.822589,15.308596,-16.823063,15.307621,-16.818878,15.313287
0,-16.740052,15.316610,-16.798483,15.347030,-16.802843,15.340178
0,-16.740052,15.316610,-16.738029,15.324136,-16.798483,15.347030
0,-16.786171,15.366377,-16.790753,15.359176,-16.737278,15.331345
0,-16.793216,15.355306,-16.737278,15.331345,-16.790753,15.359176
0,-16.783533,15.370521,-16.783210,15.371028,-16.783533,15.370521
0,-16.786171,15.366377,-16.737278,15.331345,-16.733694,15.340573
0,-16.784588,15.368863,-16.733694,15.340573,-16.783930,15.369898
0,-16.783930,15.369898,-16.733694,15.340573,-16.783533,15.370521
0,-16.783533,15.370521,-16.733694,15.340573,-16.783210,15.371028
0,-16.780199,15.375759,-16.781919,15.373056,-16.728501,15.352319
0,-16.780199,15.375759,-16.778580,15.378225,-16.779023,15.377606
0,-16.727418,15.357739,-16.778149,15.378829,-16.778580,15.378225
0,-16.775293,15.383350,-16.727418,15.357739,-16.725300,15.363984
0,-16.774139,15.385174,-16.725300,15.363984,-16.773520,15.386154
0,-16.775293,15.383350,-16.776674,15.381163,-16.727418,15.357739
0,-16.760331,15.407021,-16.761260,15.405550,-16.718738,15.380373
0,-16.760331,15.407021,-16.715520,15.386617,-16.759065,15.409023
0,-16.759065,15.409023,-16.715520,15.386617,-16.757938,15.410806
0,-16.715520,15.386617,-16.753434,15.417710,-16.755402,15.414828
0,-16.745835,15.428836,-16.703142,15.402961,-16.743319,15.432518
0,-16.703142,15.402961,-16.699549,15.406820,-16.740352,15.436860
0,-16.712738,15.390470,-16.748682,15.424667,-16.749955,15.422804
0,-16.707485,15.396348,-16.747343,15.426627,-16.748682,15.424667
0,-16.707485,15.396348,-16.703142,15.402961,-16.747343,15.426627
0,-16.761260,15.405550,-16.762429,15.403701,-16.718738,15.380373
0,-16.718738,15.380373,-16.762429,15.403701,-16.763583,15.401875
0,-16.763583,15.401875,-16.764361,15.400644,-16.718738,15.380373
0,-16.725300,15.363984,-16.772417,15.387900,-16.773067,15.386870
0,-16.771303,15.390698,-16.771036,15.391168,-16.771346,15.390937
0,-16.725300,15.363984,-16.771159,15.389890,-16.771801,15.388873
0,-16.769742,15.392132,-16.771036,15.391168,-16.771159,15.389890
0,-16.725300,15.363984,-16.723127,15.369304,-16.771159,15.389890
0,-16.771159,15.389890,-16.723127,15.369304,-16.769742,15.392132
0,-16.798483,15.347030,-16.738029,15.324136,-16.737278,15.331345
0,-16.798483,15.347030,-16.737278,15.331345,-16.793216,15.355306
0,-16.781919,15.373056,-16.733694,15.340573,-16.728501,15.352319
0,-16.781919,15.373056,-16.782755,15.371743,-16.733694,15.340573
0,-16.707300,15.279591,-16.718981,15.291792,-16.729559,15.294528
0,-16.715548,15.290329,-16.716291,15.291096,-16.718981,15.291792
0,-16.780199,15.375759,-16.728501,15.352319,-16.727418,15.357739
0,-16.775293,15.383350,-16.725300,15.363984,-16.774139,15.385174
0,-16.740352,15.436860,-16.699549,15.406820,-16.739517,15.438083
0,-16.727418,15.357739,-16.728501,15.352319,-16.727703,15.354890
0,-16.739517,15.438083,-16.699549,15.406820,-16.737451,15.441107
0,-16.737451,15.441107,-16.701191,15.447115,-16.736573,15.442392
0,-16.736573,15.442392,-16.701191,15.447115,-16.735471,15.444005
0,-16.735471,15.444005,-16.701191,15.447115,-16.710235,15.452477
0,-16.719751,15.458206,-16.725724,15.458008,-16.726971,15.456244
0,-16.733534,15.446841,-16.710235,15.452477,-16.732944,15.447704
0,-16.714538,15.454361,-16.731044,15.450485,-16.731949,15.449160
0,-16.714538,15.454361,-16.731949,15.449160,-16.732944,15.447704
0,-16.710235,15.452477,-16.714538,15.454361,-16.732944,15.447704
0,-16.716579,15.456604,-16.727861,15.454986,-16.714538,15.454361
0,-16.695837,15.442981,-16.690145,15.434829,-16.691146,15.437892
0,-16.697326,15.408564,-16.701191,15.447115,-16.699549,15.406820
0,-16.689152,15.433262,-16.690145,15.434829,-16.688634,15.430275
0,-16.690145,15.434829,-16.688819,15.427797,-16.688634,15.430275
0,-16.690145,15.434829,-16.695837,15.442981,-16.688819,15.427797
0,-16.688883,15.421973,-16.688819,15.427797,-16.690751,15.416693
0,-16.697326,15.408564,-16.688819,15.427797,-16.695837,15.442981
0,-16.690751,15.416693,-16.688819,15.427797,-16.697326,15.408564
0,-16.765913,15.398189,-16.723127,15.369304,-16.718738,15.380373
0,-16.725300,15.363984,-16.724727,15.364529,-16.723127,15.369304
0,-16.710856,15.285473,-16.710881,15.285507,-16.718981,15.291792
0,-16.673044,15.252157,-16.674465,15.254090,-16.681086,15.260285
0,-16.670065,15.248628,-16.673044,15.252157,-16.668974,15.246564
0,-16.684402,15.262854,-16.681086,15.260285,-16.682836,15.262532
0,-16.684402,15.262854,-16.690736,15.266747,-16.681086,15.260285
0,-16.701002,15.272209,-16.727057,15.082422,-16.721726,15.083904
0,-16.692249,15.268489,-16.693658,15.268794,-16.691612,15.267756
0,-16.715548,15.290329,-16.718981,15.291792,-16.710881,15.285507
0,-16.718981,15.291792,-16.707300,15.279591,-16.710856,15.285473
0,-16.715548,15.290329,-16.713645,15.289222,-16.715534,15.290328
0,-16.715548,15.290329,-16.710881,15.285507,-16.713645,15.289222
0,-16.710856,15.285473,-16.707300,15.279591,-16.709379,15.283489
0,-16.709379,15.283489,-16.707300,15.279591,-16.708055,15.282026
0,-16.729559,15.294528,-16.701002,15.272209,-16.702439,15.274010
0,-16.707300,15.279591,-16.729559,15.294528,-16.704838,15.276790
0,-16.704838,15.276790,-16.729559,15.294528,-16.702439,15.274010
0,-16.702439,15.274010,-16.701002,15.272209,-16.702187,15.273718
0,-16.721726,15.083904,-16.716092,15.084524,-16.668732,15.246107
0,-16.721726,15.083904,-16.696082,15.269318,-16.701002,15.272209
0,-16.666937,15.245325,-16.667771,15.245688,-16.664207,15.243118
0,-16.668974,15.246564,-16.673044,15.252157,-16.668732,15.246107
0,-16.668732,15.246107,-16.664207,15.243118,-16.667771,15.245688
0,-16.651049,15.233432,-16.655307,15.236534,-16.631999,15.207082
0,-16.661204,15.240955,-16.716092,15.084524,-16.655307,15.236534
0,-16.653597,15.235690,-16.655307,15.236534,-16.651049,15.233432
0,-16.634730,15.223337,-16.635192,15.224905,-16.640440,15.226991
0,-16.629343,15.205474,-16.630717,15.205724,-16.614541,15.191680
0,-16.631230,15.217841,-16.633801,15.222618,-16.634059,15.222818
0,-16.632015,15.209111,-16.631480,15.210438,-16.631312,15.212247
0,-16.631230,15.217841,-16.634059,15.222818,-16.634730,15.223337
0,-16.631312,15.212247,-16.631230,15.217841,-16.634730,15.223337
0,-16.632145,15.208360,-16.632015,15.209111,-16.640440,15.226991
0,-16.613353,15.165969,-16.631446,15.206027,-16.621142,15.146468
0,-16.612932,15.169211,-16.612306,15.174615,-16.631446,15.206027
0,-16.613206,15.188504,-16.614541,15.191680,-16.612143,15.182391
0,-16.620039,15.201860,-16.626609,15.205337,-16.629079,15.205427
0,-16.613206,15.188504,-16.613306,15.189076,-16.614541,15.191680
0,-16.612932,15.169211,-16.631446,15.206027,-16.613353,15.165969
0,-16.612306,15.174615,-16.630717,15.205724,-16.631446,15.206027
0,-16.612114,15.178504,-16.630717,15.205724,-16.612306,15.174615
0,-16.612143,15.182391,-16.630717,15.205724,-16.612114,15.178504
0,-16.613847,15.117247,-16.632602,15.102313,-16.625164,15.101272
0,-16.614551,15.133180,-16.614042,15.132628,-16.614535,15.133179
0,-16.613847,15.117247,-16.614551,15.133180,-16.618462,15.137424
0,-16.613847,15.117247,-16.614042,15.132628,-16.614551,15.133180
0,-16.613990,15.162077,-16.621142,15.146468,-16.619295,15.148722
0,-16.621142,15.146468,-16.656982,15.093754,-16.645987,15.099108
0,-16.613739,15.108692,-16.620801,15.101623,-16.613656,15.102198
0,-16.617312,15.144728,-16.616902,15.139837,-16.614633,15.143345
0,-16.617312,15.144728,-16.619531,15.144712,-16.616902,15.139837
0,-16.631428,15.101744,-16.627120,15.101115,-16.632602,15.102313
0,-16.613739,15.108692,-16.625164,15.101272,-16.620801,15.101623
0,-16.613739,15.108692,-16.613847,15.117247,-16.625164,15.101272
0,-16.632602,15.102313,-16.627120,15.101115,-16.625164,15.101272
0,-16.628909,15.100971,-16.627120,15.101115,-16.631428,15.101744
0,-16.712231,15.084264,-16.631999,15.207082,-16.716092,15.084524
0,-16.638858,15.104314,-16.621044,15.145348,-16.621142,15.146468
0,-16.618462,15.137424,-16.619531,15.144712,-16.621044,15.145348
0,-16.616611,15.151672,-16.613990,15.162077,-16.619295,15.148722
0,-16.614147,15.156296,-16.613990,15.162077,-16.616611,15.151672
0,-16.629079,15.205427,-16.615179,15.194266,-16.618865,15.200449
0,-16.629079,15.205427,-16.629343,15.205474,-16.614541,15.191680
0,-16.620039,15.201860,-16.629079,15.205427,-16.618865,15.200449
0,-16.645987,15.099108,-16.642130,15.100580,-16.639995,15.102933
0,-16.638858,15.104314,-16.613847,15.117247,-16.618462,15.137424
0,-16.634256,15.102633,-16.613847,15.117247,-16.638858,15.104314
0,-16.632332,15.101991,-16.631428,15.101744,-16.632602,15.102313
0,-16.632332,15.101991,-16.632602,15.102313,-16.632556,15.102134
0,-16.647069,15.098235,-16.645987,15.099108,-16.654379,15.094553
0,-16.636154,15.102989,-16.636093,15.102989,-16.636775,15.103316
0,-16.636093,15.102989,-16.634256,15.102633,-16.636775,15.103316
0,-16.649943,15.095915,-16.647069,15.098235,-16.654379,15.094553
0,-16.631446,15.206027,-16.631999,15.207082,-16.712231,15.084264
0,-16.621142,15.146468,-16.631446,15.206027,-16.712231,15.084264
0,-16.661204,15.240955,-16.664207,15.243118,-16.716092,15.084524
0,-16.707821,15.081848,-16.662278,15.088737,-16.660488,15.090916
0,-16.707821,15.081848,-16.664977,15.085414,-16.662278,15.088737
0,-16.709579,15.082928,-16.707821,15.081848,-16.660488,15.090916
0,-16.712231,15.084264,-16.659580,15.091651,-16.658184,15.092781
0,-16.712231,15.084264,-16.660488,15.090916,-16.659580,15.091651
0,-16.861727,15.246717,-16.867384,15.239079,-16.727057,15.082422
0,-16.861727,15.246717,-16.727057,15.082422,-16.701002,15.272209
0,-16.733264,15.079202,-16.878387,15.223627,-16.733751,15.078887
0,-16.733751,15.078887,-16.733742,15.078888,-16.733264,15.079202
0,-16.735324,15.077870,-16.878387,15.223627,-16.736549,15.077077
0,-16.734661,15.078299,-16.878387,15.223627,-16.735324,15.077870
0,-16.734052,15.078692,-16.878387,15.223627,-16.734661,15.078299
0,-16.733751,15.078887,-16.878387,15.223627,-16.734052,15.078692
0,-16.664977,15.085414,-16.707821,15.081848,-16.706546,15.080547
0,-16.668371,15.080838,-16.706546,15.080547,-16.705743,15.079026
0,-16.696082,15.269318,-16.721726,15.083904,-16.668732,15.246107
0,-16.712231,15.084264,-16.709579,15.082928,-16.660488,15.090916
0,-16.704610,15.076920,-16.704304,15.074717,-16.670625,15.073368
0,-16.664977,15.085414,-16.706546,15.080547,-16.668371,15.080838
0,-16.704304,15.074717,-16.704352,15.072520,-16.671744,15.069660
0,-16.677928,15.059266,-16.704545,15.069862,-16.686506,15.053319
0,-16.704545,15.069862,-16.677928,15.059266,-16.704352,15.072520
0,-16.672367,15.064040,-16.671720,15.066637,-16.677928,15.059266
0,-16.919095,15.170370,-16.785832,15.030086,-16.918905,15.170618
0,-16.759109,15.054992,-16.755108,15.060837,-16.916704,15.173489
0,-16.764617,15.047378,-16.764306,15.047807,-16.764624,15.047379
0,-16.763912,15.048350,-16.765975,15.045847,-16.764306,15.047807
0,-16.764839,15.045029,-16.765772,15.040476,-16.762693,15.043484
0,-16.767744,15.040829,-16.765772,15.040476,-16.764839,15.045029
0,-16.764624,15.047379,-16.765975,15.045847,-16.765128,15.046660
0,-16.764306,15.047807,-16.765975,15.045847,-16.764624,15.047379
0,-16.765975,15.045847,-16.762927,15.049709,-16.770546,15.041322
0,-16.770546,15.041322,-16.767744,15.040829,-16.765975,15.045847
0,-16.781567,15.032668,-16.776351,15.036170,-16.770546,15.041322
0,-16.781567,15.032668,-16.770546,15.041322,-16.761726,15.051365
0,-16.770546,15.041322,-16.776351,15.036170,-16.771862,15.039902
0,-16.919346,15.170042,-16.785832,15.030086,-16.919095,15.170370
0,-16.761726,15.051365,-16.770546,15.041322,-16.762927,15.049709
0,-16.807653,15.016191,-16.836893,14.986093,-16.832341,14.986010
0,-16.832341,14.986010,-16.830123,14.985430,-16.818700,14.990558
0,-16.818532,14.985239,-16.818607,14.987635,-16.823172,14.985316
0,-16.832341,14.986010,-16.818700,14.990558,-16.807653,15.016191
0,-16.823172,14.985316,-16.818700,14.990558,-16.830123,14.985430
0,-16.857709,14.977752,-16.854970,14.978145,-16.852413,14.981910
0,-16.860021,14.978402,-16.852413,14.981910,-16.851877,14.987045
0,-16.854970,14.978145,-16.852942,14.976851,-16.852413,14.981910
0,-16.807270,14.999406,-16.814118,14.992611,-16.807803,14.997576
0,-16.808998,14.994905,-16.807959,14.995412,-16.807803,14.997576
0,-16.843205,14.986494,-16.807653,15.016191,-16.851877,14.987045
0,-16.806262,15.016985,-16.923598,15.164187,-16.923614,15.164168
0,-16.806939,15.008046,-16.807653,15.016191,-16.807276,15.007006
0,-16.806939,15.008046,-16.806134,15.010533,-16.807653,15.016191
0,-16.795066,15.023425,-16.923598,15.164187,-16.806262,15.016985
0,-16.795066,15.023425,-16.806262,15.016985,-16.798019,15.020869
0,-16.806134,15.010533,-16.805892,15.011281,-16.807653,15.016191
0,-16.765772,15.040476,-16.762790,15.040843,-16.762693,15.043484
0,-16.697370,15.040034,-16.696153,15.041016,-16.704990,15.043074
0,-16.702450,15.036745,-16.705089,15.037104,-16.705712,15.034297
0,-16.702450,15.036745,-16.704990,15.043074,-16.705089,15.037104
0,-16.696153,15.041016,-16.704927,15.046860,-16.704990,15.043074
0,-16.708254,15.045431,-16.704990,15.043074,-16.704927,15.046860
0,-16.785832,15.030086,-16.781567,15.032668,-16.761726,15.051365
0,-16.755108,15.060837,-16.759109,15.054992,-16.758645,15.055612
0,-16.785832,15.030086,-16.761726,15.051365,-16.759109,15.054992
0,-16.746489,15.070384,-16.890058,15.208330,-16.891588,15.206300
0,-16.741310,15.072096,-16.741667,15.073765,-16.745987,15.070733
0,-16.745987,15.070733,-16.881035,15.219784,-16.881425,15.219317
0,-16.881035,15.219784,-16.745987,15.070733,-16.741667,15.073765
0,-16.741310,15.072096,-16.741069,15.073210,-16.741608,15.073710
0,-16.686506,15.053319,-16.704841,15.052019,-16.690553,15.045518
0,-16.741667,15.073765,-16.741310,15.072096,-16.741608,15.073710
0,-16.686506,15.053319,-16.685784,15.049549,-16.684640,15.050566
0,-16.688419,15.047235,-16.685938,15.049416,-16.686506,15.053319
0,-16.677928,15.059266,-16.671744,15.069660,-16.704352,15.072520
0,-16.704841,15.052019,-16.686506,15.053319,-16.704545,15.069862
0,-16.704304,15.074717,-16.671744,15.069660,-16.670625,15.073368
0,-16.677928,15.059266,-16.671720,15.066637,-16.671744,15.069660
0,-16.677928,15.059266,-16.672707,15.062884,-16.672367,15.064040
0,-16.685936,15.049413,-16.685784,15.049549,-16.685938,15.049416
0,-16.695098,15.041862,-16.692743,15.043756,-16.704927,15.046860
0,-16.690553,15.045518,-16.704841,15.052019,-16.692743,15.043756
0,-16.688419,15.047235,-16.686506,15.053319,-16.690553,15.045518
0,-16.700582,15.037459,-16.704990,15.043074,-16.702450,15.036745
0,-16.700582,15.037459,-16.702450,15.036745,-16.700893,15.037200
0,-16.700238,15.037726,-16.704990,15.043074,-16.700582,15.037459
0,-16.695098,15.041862,-16.704927,15.046860,-16.696153,15.041016
