94,13,22,0,16,
0,-16.358141,12.900756,-16.358392,12.899435,-16.342460,12.869937
0,-16.254500,13.164285,-16.262846,13.164326,-16.323283,13.041211
0,-16.355609,12.876695,-16.355766,12.875275,-16.355542,12.874354
0,-16.318365,13.031769,-16.318068,13.029746,-16.316374,13.023173
0,-16.336066,12.867293,-16.299294,12.887951,-16.298667,12.893500
0,-16.172668,13.163301,-16.192260,12.907370,-16.192235,12.907365
0,-16.192098,12.907339,-16.172668,13.163301,-16.192129,12.907345
0,-16.191986,12.907318,-16.191872,12.907297,-16.172668,13.163301
0,-16.342460,12.869937,-16.355685,12.878304,-16.347838,12.871329
0,-16.356988,12.879236,-16.359602,12.884362,-16.359660,12.883260
0,-16.172668,13.163301,-16.192376,12.907392,-16.192352,12.907388
0,-16.361609,12.921586,-16.359586,12.902015,-16.358606,12.901405
0,-16.331614,12.995458,-16.333255,12.988633,-16.331176,12.996373
0,-16.192592,13.162780,-16.316374,13.023173,-16.258759,12.929590
0,-16.349906,12.957998,-16.349209,12.956980,-16.347942,12.956101
0,-16.336257,13.165002,-16.381750,13.085675,-16.354661,13.056137
0,-16.323283,13.041211,-16.322272,13.039270,-16.242474,13.164225
0,-16.236279,12.906834,-16.234386,12.899145,-16.225933,12.894227
0,-15.969445,12.953135,-15.967209,12.956977,-15.974898,12.950244
0,-15.908815,13.140904,-15.927580,13.169153,-15.910694,13.139436
0,-15.910694,13.139436,-15.927580,13.169153,-15.911454,13.138842
0,-15.894612,13.161802,-15.893794,13.165123,-15.910792,13.168377
0,-15.904612,13.145146,-15.895233,13.152216,-15.894871,13.154107
0,-15.905362,13.144335,-15.910792,13.168377,-15.908815,13.140904
0,-15.904612,13.145146,-15.896981,13.144574,-15.895615,13.148344
0,-15.925319,13.030354,-15.923893,13.038023,-15.960809,12.978418
0,-16.040228,12.874401,-16.035624,12.874756,-15.995837,12.916482
0,-15.963418,12.973304,-15.965465,12.968182,-15.963980,12.971672
0,-16.119851,12.851503,-16.123477,12.856091,-16.123439,12.854112
0,-16.081587,12.853182,-16.077287,12.855794,-16.086949,12.852099
0,-15.992780,12.831509,-16.000642,12.844412,-15.993625,12.831108
0,-16.350513,12.871220,-16.355609,12.876695,-16.355542,12.874354
0,-16.359952,12.886616,-16.360785,12.891963,-16.361069,12.887361
0,-16.355141,12.872511,-16.354124,12.871215,-16.350513,12.871220
0,-16.330149,12.863782,-16.326420,12.861810,-16.331264,12.864667
0,-16.336066,12.867293,-16.334572,12.866632,-16.299294,12.887951
0,-16.295770,12.863896,-16.308524,12.851872,-16.306993,12.850385
0,-16.327634,12.862192,-16.326420,12.861810,-16.328193,12.862519
0,-16.125110,12.878881,-16.077287,12.855794,-16.067814,12.859260
0,-16.306993,12.850385,-16.306019,12.849409,-16.303920,12.848330
0,-16.295770,12.863896,-16.306993,12.850385,-16.303920,12.848330
0,-16.299294,12.887951,-16.331264,12.864667,-16.324879,12.861242
0,-16.309593,12.852756,-16.308524,12.851872,-16.295770,12.863896
0,-16.328193,12.862519,-16.326420,12.861810,-16.330149,12.863782
0,-16.336066,12.867293,-16.298667,12.893500,-16.342460,12.869937
0,-16.192260,12.907370,-16.172668,13.163301,-16.192285,12.907375
0,-15.923893,13.038023,-16.024125,13.163678,-15.961331,12.978011
0,-16.192307,12.907379,-16.172668,13.163301,-16.192331,12.907383
0,-16.192407,12.907398,-16.192402,12.907397,-16.172668,13.163301
0,-16.192389,12.907394,-16.192376,12.907392,-16.172668,13.163301
0,-16.192331,12.907383,-16.172668,13.163301,-16.192352,12.907388
0,-16.361609,12.921586,-16.366356,12.914961,-16.359586,12.902015
0,-16.358141,12.900756,-16.342460,12.869937,-16.298667,12.893500
0,-16.360785,12.891963,-16.361911,12.888225,-16.361069,12.887361
0,-16.353297,12.962980,-16.351800,12.962138,-16.350311,12.973285
0,-16.366356,12.914961,-16.363923,12.920127,-16.365344,12.918764
0,-16.360334,12.922858,-16.358346,12.925002,-16.359715,12.924145
0,-16.353297,12.962980,-16.356094,12.965244,-16.355257,12.963955
0,-16.357177,12.925315,-16.358141,12.900756,-16.356417,12.926142
0,-16.346699,12.953015,-16.349735,12.934720,-16.273967,12.933025
0,-16.273967,12.933025,-16.349735,12.934720,-16.289016,12.904869
0,-16.346971,12.974504,-16.351102,12.961030,-16.347942,12.956101
0,-16.338865,13.049845,-16.337214,13.049447,-16.318232,13.164750
0,-16.318232,13.164750,-16.354661,13.056137,-16.338865,13.049845
0,-16.363848,13.058186,-16.381685,13.085240,-16.371993,13.060340
0,-16.370229,13.165571,-16.392971,13.142071,-16.391395,13.139051
0,-16.391879,13.165039,-16.395503,13.148033,-16.394264,13.145743
0,-16.336257,13.165002,-16.387511,13.124264,-16.381750,13.085675
0,-16.354661,13.056137,-16.347439,13.052323,-16.340187,13.050164
0,-16.381685,13.085240,-16.360786,13.058066,-16.357488,13.057035
0,-16.336257,13.165002,-16.354661,13.056137,-16.318232,13.164750
0,-16.347014,12.954994,-16.344505,12.977148,-16.346971,12.974504
0,-16.347014,12.954994,-16.336702,12.985026,-16.344505,12.977148
0,-16.337214,13.049447,-16.334671,13.047987,-16.330327,13.046138
0,-16.302731,13.164711,-16.337214,13.049447,-16.330327,13.046138
0,-16.401288,13.152964,-16.398731,13.150953,-16.391879,13.165039
0,-16.326356,13.043356,-16.323283,13.041211,-16.283218,13.164425
0,-16.333444,12.987764,-16.334374,12.986818,-16.273967,12.933025
0,-16.347014,12.954994,-16.346971,12.974504,-16.347942,12.956101
0,-16.339387,12.983765,-16.336702,12.985026,-16.338497,12.984538
0,-16.341138,12.981848,-16.343656,12.978653,-16.336702,12.985026
0,-16.261933,12.931004,-16.317145,13.013830,-16.273967,12.933025
0,-16.270510,12.931653,-16.261933,12.931004,-16.273967,12.933025
0,-16.258759,12.929590,-16.252931,12.925866,-16.192592,13.162780
0,-15.993767,12.915118,-15.994049,12.915117,-15.984649,12.898574
0,-15.994911,12.915775,-15.995837,12.916482,-15.985006,12.896492
0,-15.983346,12.909703,-15.984625,12.912737,-15.990244,12.915131
0,-15.974093,12.893231,-15.975853,12.894158,-15.972832,12.888571
0,-15.960809,12.978418,-15.960058,12.978498,-15.941018,12.992281
0,-15.967209,12.956977,-15.966774,12.959200,-15.967020,12.962299
0,-15.958959,12.978621,-15.945867,12.984226,-15.941018,12.992281
0,-16.215464,13.162880,-16.318365,13.031769,-16.316374,13.023173
0,-15.975130,13.166992,-15.933817,13.115587,-15.932482,13.118684
0,-16.089752,13.164636,-15.982207,12.948207,-16.059914,13.163856
0,-15.920888,13.132229,-15.918299,13.133435,-15.916454,13.134892
0,-15.975130,13.166992,-15.932482,13.118684,-15.951017,13.169474
0,-15.933147,13.108960,-15.934196,13.110747,-15.931553,13.104690
0,-15.930444,13.101936,-15.931553,13.104690,-16.024125,13.163678
0,-15.934543,13.112401,-15.975130,13.166992,-15.999513,13.164570
0,-15.923893,13.038023,-15.930444,13.101936,-16.024125,13.163678
0,-15.916454,13.134892,-15.911454,13.138842,-15.927580,13.169153
0,-15.920571,13.045095,-15.927297,13.096260,-15.920810,13.044645
0,-15.905362,13.144335,-15.904612,13.145146,-15.910792,13.168377
0,-15.904612,13.145146,-15.895615,13.148344,-15.895400,13.150009
0,-15.896981,13.144574,-15.896079,13.145688,-15.895615,13.148344
0,-15.896079,13.145688,-15.895692,13.146554,-15.895615,13.148344
0,-15.899278,13.074649,-15.917490,13.093592,-15.902236,13.067890
0,-15.973171,12.858101,-15.973177,12.858117,-15.974104,12.853504
0,-15.899278,13.074649,-15.898506,13.077925,-15.917490,13.093592
0,-15.931877,13.009183,-15.927037,13.019822,-15.925319,13.030354
0,-15.960809,12.978418,-15.923893,13.038023,-15.961331,12.978011
0,-15.923893,13.038023,-15.927297,13.096260,-15.929533,13.099878
0,-15.920110,13.045961,-15.927297,13.096260,-15.920571,13.045095
0,-15.915248,13.050913,-15.912603,13.054833,-15.923896,13.094500
0,-15.973473,12.885354,-15.973273,12.885542,-15.972832,12.888571
0,-15.984625,12.912737,-15.984749,12.912936,-15.990244,12.915131
0,-16.162019,12.894340,-16.105654,13.164551,-16.183523,12.905716
0,-16.163798,12.895087,-16.183523,12.905716,-16.165846,12.895948
0,-15.982633,12.899853,-15.981379,12.904256,-15.982631,12.906476
0,-16.168385,12.897015,-16.165846,12.895948,-16.183523,12.905716
0,-16.172668,13.163301,-16.191872,12.907297,-16.191660,12.907257
0,-16.191660,12.907257,-16.191217,12.907173,-16.169015,13.163397
0,-16.191217,12.907173,-16.190601,12.907056,-16.169015,13.163397
0,-16.180581,12.902631,-16.180234,12.902267,-16.179076,12.901506
0,-16.180234,12.902267,-16.180224,12.902257,-16.179255,12.901579
0,-16.180059,12.902083,-16.179856,12.901870,-16.179255,12.901579
0,-16.123510,12.857868,-16.119851,12.851503,-16.123617,12.859355
0,-16.124834,12.876205,-16.124681,12.875895,-16.125110,12.878881
0,-16.124636,12.875085,-16.105137,12.851770,-16.124681,12.875895
0,-16.124217,12.867727,-16.105137,12.851770,-16.124250,12.868194
0,-16.297335,12.845911,-16.295090,12.849422,-16.298552,12.846155
0,-15.977613,12.870498,-16.005160,12.851315,-15.977232,12.868631
0,-15.990244,12.915131,-15.986417,12.914751,-15.986854,12.915226
0,-15.974133,12.860896,-15.977232,12.868631,-16.000717,12.845976
0,-16.023737,12.867947,-16.013332,12.858768,-15.984634,12.894699
0,-15.981850,12.893704,-15.975498,12.883707,-15.978560,12.894363
0,-15.978560,12.894363,-15.972832,12.888571,-15.975853,12.894158
0,-15.972328,12.886237,-15.972178,12.886358,-15.972501,12.887452
0,-15.974133,12.860896,-16.000717,12.845976,-15.975525,12.850154
0,-15.931877,13.009183,-15.930805,13.010631,-15.929550,13.013306
0,-15.974104,12.853504,-15.973481,12.859001,-15.974133,12.860896
0,-16.350513,12.871220,-16.352447,12.870186,-16.351137,12.869896
0,-16.354124,12.871215,-16.353334,12.870609,-16.350513,12.871220
0,-16.353334,12.870609,-16.352447,12.870186,-16.350513,12.871220
0,-16.355141,12.872511,-16.350513,12.871220,-16.355542,12.874354
0,-16.356988,12.879236,-16.359660,12.883260,-16.359684,12.881287
0,-16.345738,12.870432,-16.342460,12.869937,-16.347838,12.871329
0,-16.359178,12.896982,-16.359952,12.886616,-16.355685,12.878304
0,-16.363848,13.058186,-16.371993,13.060340,-16.366427,13.057711
0,-16.355685,12.878304,-16.359952,12.886616,-16.359602,12.884362
0,-16.359178,12.896982,-16.360785,12.891963,-16.359952,12.886616
0,-16.356988,12.879236,-16.359684,12.881287,-16.359277,12.879951
0,-16.359098,12.879122,-16.356988,12.879236,-16.359277,12.879951
0,-16.355685,12.878304,-16.359602,12.884362,-16.356988,12.879236
0,-16.355609,12.876695,-16.350513,12.871220,-16.347838,12.871329
0,-16.342460,12.869937,-16.341020,12.868772,-16.338541,12.868101
0,-16.355609,12.876695,-16.347838,12.871329,-16.355685,12.878304
0,-16.336066,12.867293,-16.342460,12.869937,-16.338541,12.868101
0,-16.359178,12.896982,-16.355685,12.878304,-16.342460,12.869937
0,-16.332987,12.865788,-16.331264,12.864667,-16.299294,12.887951
0,-16.338541,12.868101,-16.341020,12.868772,-16.339904,12.867979
0,-16.334572,12.866632,-16.332987,12.865788,-16.299294,12.887951
0,-16.331264,12.864667,-16.326420,12.861810,-16.324879,12.861242
0,-16.297565,12.866855,-16.311080,12.853876,-16.310243,12.853269
0,-16.295770,12.863896,-16.310243,12.853269,-16.309593,12.852756
0,-16.295770,12.863896,-16.297565,12.866855,-16.310243,12.853269
0,-16.295770,12.863896,-16.303920,12.848330,-16.295090,12.849422
0,-16.295090,12.849422,-16.299860,12.846582,-16.298552,12.846155
0,-16.301726,12.847432,-16.299860,12.846582,-16.295090,12.849422
0,-16.123439,12.854112,-16.123322,12.851440,-16.119851,12.851503
0,-16.000642,12.844412,-15.992780,12.831509,-15.990566,12.832911
0,-16.289740,12.858924,-16.295090,12.849422,-16.292455,12.850172
0,-16.303920,12.848330,-16.303221,12.847999,-16.295090,12.849422
0,-16.303221,12.847999,-16.301726,12.847432,-16.295090,12.849422
0,-16.295090,12.849422,-16.290234,12.859882,-16.295770,12.863896
0,-16.295090,12.849422,-16.289740,12.858924,-16.290234,12.859882
0,-16.230159,12.895420,-16.225933,12.894227,-16.234386,12.899145
0,-16.292455,12.850172,-16.288353,12.856234,-16.289740,12.858924
0,-16.297754,12.879026,-16.318099,12.859511,-16.297565,12.866855
0,-16.358141,12.900756,-16.297458,12.896746,-16.350360,12.932800
0,-16.297565,12.866855,-16.315728,12.857556,-16.314613,12.856671
0,-16.297565,12.866855,-16.313637,12.855925,-16.311080,12.853876
0,-16.297565,12.866855,-16.314613,12.856671,-16.313637,12.855925
0,-16.313637,12.855925,-16.312947,12.854723,-16.311080,12.853876
0,-16.324879,12.861242,-16.321279,12.860236,-16.297754,12.879026
0,-16.297754,12.879026,-16.299294,12.887951,-16.324879,12.861242
0,-16.297565,12.866855,-16.316703,12.858440,-16.315728,12.857556
0,-16.297565,12.866855,-16.318099,12.859511,-16.316703,12.858440
0,-16.321279,12.860236,-16.318099,12.859511,-16.297754,12.879026
0,-16.181326,12.903412,-16.180981,12.903050,-16.177328,12.900772
0,-16.176511,12.900429,-16.181518,12.903614,-16.177328,12.900772
0,-16.181518,12.903614,-16.181326,12.903412,-16.177328,12.900772
0,-16.180981,12.903050,-16.178734,12.901363,-16.177328,12.900772
0,-16.180660,12.902713,-16.178734,12.901363,-16.180981,12.903050
0,-16.180660,12.902713,-16.180581,12.902631,-16.178734,12.901363
0,-16.180581,12.902631,-16.178891,12.901429,-16.178734,12.901363
0,-16.180581,12.902631,-16.179076,12.901506,-16.178891,12.901429
0,-16.182507,12.904650,-16.181518,12.903614,-16.176511,12.900429
0,-16.180234,12.902267,-16.179255,12.901579,-16.179076,12.901506
0,-16.180224,12.902257,-16.180059,12.902083,-16.179255,12.901579
0,-16.179856,12.901870,-16.179798,12.901810,-16.179255,12.901579
0,-16.182645,12.904795,-16.182606,12.904755,-16.176511,12.900429
0,-16.182606,12.904755,-16.182507,12.904650,-16.176511,12.900429
0,-16.183523,12.905716,-16.124442,13.163511,-16.145439,13.164010
0,-16.184205,12.905845,-16.183705,12.905750,-16.169015,13.163397
0,-16.183705,12.905750,-16.183523,12.905716,-16.169015,13.163397
0,-16.188438,12.906646,-16.187111,12.906395,-16.169015,13.163397
0,-16.187111,12.906395,-16.185622,12.906113,-16.169015,13.163397
0,-16.185622,12.906113,-16.184205,12.905845,-16.169015,13.163397
0,-16.189917,12.906926,-16.189326,12.906815,-16.169015,13.163397
0,-16.189326,12.906815,-16.188438,12.906646,-16.169015,13.163397
0,-16.190601,12.907056,-16.189917,12.906926,-16.169015,13.163397
0,-16.192208,12.907360,-16.192182,12.907355,-16.172668,13.163301
0,-16.192285,12.907375,-16.172668,13.163301,-16.192307,12.907379
0,-16.192235,12.907365,-16.192208,12.907360,-16.172668,13.163301
0,-16.192182,12.907355,-16.192170,12.907353,-16.172668,13.163301
0,-16.192170,12.907353,-16.192159,12.907351,-16.172668,13.163301
0,-16.192159,12.907351,-16.192142,12.907348,-16.172668,13.163301
0,-16.192142,12.907348,-16.192129,12.907345,-16.172668,13.163301
0,-16.191986,12.907318,-16.172668,13.163301,-16.192044,12.907329
0,-16.192044,12.907329,-16.172668,13.163301,-16.192098,12.907339
0,-16.238376,12.915352,-16.200440,12.902988,-16.197371,12.905174
0,-16.238376,12.915352,-16.197371,12.905174,-16.195226,12.906135
0,-16.238376,12.915352,-16.195226,12.906135,-16.240690,12.918042
0,-16.225933,12.894227,-16.224736,12.893889,-16.236279,12.906834
0,-16.236279,12.906834,-16.224736,12.893889,-16.211694,12.895319
0,-16.359178,12.896982,-16.342460,12.869937,-16.358392,12.899435
0,-16.297458,12.896746,-16.358141,12.900756,-16.298667,12.893500
0,-16.359586,12.902015,-16.365425,12.906504,-16.362871,12.902766
0,-16.362871,12.902766,-16.365425,12.906504,-16.364593,12.904339
0,-16.360334,12.922858,-16.361609,12.921586,-16.358606,12.901405
0,-16.366356,12.914961,-16.365425,12.906504,-16.359586,12.902015
0,-16.289893,12.904199,-16.289016,12.904869,-16.349735,12.934720
0,-16.273967,12.933025,-16.289016,12.904869,-16.275578,12.919316
0,-16.200440,12.902988,-16.236279,12.906834,-16.211694,12.895319
0,-16.274431,12.912921,-16.275578,12.919316,-16.277186,12.909968
0,-16.363989,12.903465,-16.362871,12.902766,-16.364593,12.904339
0,-16.365344,12.918764,-16.366101,12.917304,-16.366356,12.914961
0,-16.352608,12.973625,-16.356289,12.970668,-16.350311,12.973285
0,-16.363923,12.920127,-16.366356,12.914961,-16.361609,12.921586
0,-16.360334,12.922858,-16.357177,12.925315,-16.358346,12.925002
0,-16.349839,12.933616,-16.293512,12.901431,-16.349735,12.934720
0,-16.359715,12.924145,-16.358346,12.925002,-16.359009,12.924962
0,-16.358606,12.901405,-16.357177,12.925315,-16.360334,12.922858
0,-16.358606,12.901405,-16.358141,12.900756,-16.357177,12.925315
0,-16.358141,12.900756,-16.350360,12.932800,-16.356417,12.926142
0,-16.356417,12.926142,-16.352296,12.931163,-16.354990,12.928283
0,-16.354990,12.928283,-16.352296,12.931163,-16.353901,12.929699
0,-16.293512,12.901431,-16.289893,12.904199,-16.349735,12.934720
0,-16.356417,12.926142,-16.350360,12.932800,-16.352296,12.931163
0,-16.297458,12.896746,-16.293512,12.901431,-16.349839,12.933616
0,-16.350360,12.932800,-16.297458,12.896746,-16.349839,12.933616
0,-16.350101,12.936056,-16.350528,12.941749,-16.350976,12.939369
0,-16.350101,12.936056,-16.349735,12.934720,-16.348905,12.946603
0,-16.350980,12.938312,-16.350101,12.936056,-16.350976,12.939369
0,-16.350101,12.936056,-16.348905,12.946603,-16.350528,12.941749
0,-16.350595,12.959333,-16.349906,12.957998,-16.347942,12.956101
0,-16.351800,12.962138,-16.351102,12.961030,-16.348570,12.973502
0,-16.355150,12.973088,-16.356289,12.970668,-16.354111,12.973590
0,-16.356642,12.967818,-16.356094,12.965244,-16.353297,12.962980
0,-16.356642,12.967818,-16.353297,12.962980,-16.350311,12.973285
0,-16.356289,12.970668,-16.356642,12.967818,-16.350311,12.973285
0,-16.391395,13.139051,-16.389329,13.134144,-16.370229,13.165571
0,-16.390476,13.136389,-16.389329,13.134144,-16.391395,13.139051
0,-16.370229,13.165571,-16.389329,13.134144,-16.388409,13.131347
0,-16.370229,13.165571,-16.394264,13.145743,-16.392971,13.142071
0,-16.406350,13.157384,-16.403457,13.154788,-16.391879,13.165039
0,-16.391879,13.165039,-16.398731,13.150953,-16.395503,13.148033
0,-16.407918,13.158985,-16.406350,13.157384,-16.391879,13.165039
0,-16.411337,13.163052,-16.409811,13.160900,-16.391879,13.165039
0,-16.409811,13.160900,-16.407918,13.158985,-16.391879,13.165039
0,-16.411337,13.163052,-16.391879,13.165039,-16.413531,13.164505
0,-16.403457,13.154788,-16.401288,13.152964,-16.391879,13.165039
0,-16.354283,13.165254,-16.388409,13.131347,-16.387815,13.127436
0,-16.354283,13.165254,-16.387815,13.127436,-16.387511,13.124264
0,-16.394264,13.145743,-16.370229,13.165571,-16.391879,13.165039
0,-16.374596,13.061847,-16.371993,13.060340,-16.381685,13.085240
0,-16.336257,13.165002,-16.354283,13.165254,-16.387511,13.124264
0,-16.370229,13.165571,-16.388409,13.131347,-16.354283,13.165254
0,-16.357488,13.057035,-16.381750,13.085675,-16.381685,13.085240
0,-16.360786,13.058066,-16.381685,13.085240,-16.363848,13.058186
0,-16.366427,13.057711,-16.371993,13.060340,-16.368540,13.057881
0,-16.354661,13.056137,-16.381750,13.085675,-16.357488,13.057035
0,-16.350553,13.053636,-16.347439,13.052323,-16.354661,13.056137
0,-16.354111,12.973590,-16.356289,12.970668,-16.352608,12.973625
0,-16.334134,12.990934,-16.333390,12.989735,-16.332174,12.995003
0,-16.333405,12.994319,-16.334536,12.993689,-16.334134,12.990934
0,-16.333255,12.988633,-16.331614,12.995458,-16.333390,12.989735
0,-16.332174,12.995003,-16.333405,12.994319,-16.334134,12.990934
0,-16.321059,13.009434,-16.273967,12.933025,-16.317145,13.013830
0,-16.329841,13.000123,-16.331176,12.996373,-16.321059,13.009434
0,-16.329841,13.000123,-16.330797,12.997795,-16.331176,12.996373
0,-16.329841,13.000123,-16.330508,12.998980,-16.330797,12.997795
0,-16.338865,13.049845,-16.354661,13.056137,-16.340187,13.050164
0,-16.340187,13.050164,-16.347439,13.052323,-16.343806,13.050869
0,-16.337214,13.049447,-16.302731,13.164711,-16.318232,13.164750
0,-16.302731,13.164711,-16.330327,13.046138,-16.283218,13.164425
0,-16.330327,13.046138,-16.326356,13.043356,-16.283218,13.164425
0,-16.283218,13.164425,-16.323283,13.041211,-16.262846,13.164326
0,-16.254500,13.164285,-16.323283,13.041211,-16.242474,13.164225
0,-16.322272,13.039270,-16.232792,13.163214,-16.242474,13.164225
0,-16.322272,13.039270,-16.318365,13.031769,-16.232792,13.163214
0,-16.232792,13.163214,-16.318365,13.031769,-16.216002,13.162891
0,-16.105654,13.164551,-16.124442,13.163511,-16.183523,12.905716
0,-16.216002,13.162891,-16.318365,13.031769,-16.215464,13.162880
0,-16.192402,12.907397,-16.192389,12.907394,-16.172668,13.163301
0,-16.316374,13.023173,-16.316609,13.016961,-16.261933,12.931004
0,-16.316374,13.023173,-16.261933,12.931004,-16.258759,12.929590
0,-16.319714,13.011331,-16.321059,13.009434,-16.317145,13.013830
0,-16.317145,13.013830,-16.261933,12.931004,-16.316609,13.016961
0,-16.316374,13.023173,-16.316543,13.020324,-16.316609,13.016961
0,-16.215464,13.162880,-16.316374,13.023173,-16.192592,13.162780
0,-16.321059,13.009434,-16.331176,12.996373,-16.333255,12.988633
0,-16.331614,12.995458,-16.332174,12.995003,-16.333390,12.989735
0,-16.321059,13.009434,-16.333444,12.987764,-16.273967,12.933025
0,-16.334374,12.986818,-16.335196,12.985983,-16.273967,12.933025
0,-16.333444,12.987764,-16.321059,13.009434,-16.333255,12.988633
0,-16.334923,12.991951,-16.334134,12.990934,-16.334536,12.993689
0,-16.335011,12.992909,-16.334923,12.991951,-16.334536,12.993689
0,-16.340386,12.982621,-16.336702,12.985026,-16.339387,12.983765
0,-16.343656,12.978653,-16.344505,12.977148,-16.336702,12.985026
0,-16.343656,12.978653,-16.342177,12.981310,-16.342883,12.980709
0,-16.342177,12.981310,-16.343656,12.978653,-16.341138,12.981848
0,-16.341138,12.981848,-16.336702,12.985026,-16.340386,12.982621
0,-16.343656,12.978653,-16.342883,12.980709,-16.343459,12.979847
0,-16.351800,12.962138,-16.348570,12.973502,-16.350311,12.973285
0,-16.351102,12.961030,-16.350595,12.959333,-16.347942,12.956101
0,-16.348570,12.973502,-16.351102,12.961030,-16.346971,12.974504
0,-16.347014,12.954994,-16.335196,12.985983,-16.336702,12.985026
0,-16.346699,12.953015,-16.335196,12.985983,-16.347014,12.954994
0,-16.349735,12.934720,-16.346699,12.953015,-16.348905,12.946603
0,-16.273967,12.933025,-16.335196,12.985983,-16.346699,12.953015
0,-16.289016,12.904869,-16.277186,12.909968,-16.275578,12.919316
0,-16.252931,12.925866,-16.192407,12.907398,-16.192592,13.162780
0,-16.240690,12.918042,-16.192407,12.907398,-16.252931,12.925866
0,-16.236279,12.906834,-16.200440,12.902988,-16.238376,12.915352
0,-16.195226,12.906135,-16.192407,12.907398,-16.240690,12.918042
0,-15.982207,12.948207,-15.966233,12.966519,-15.965465,12.968182
0,-15.980164,12.949650,-15.967020,12.962299,-15.966737,12.964826
0,-15.974898,12.950244,-15.967209,12.956977,-15.967020,12.962299
0,-15.980164,12.949650,-15.974898,12.950244,-15.967020,12.962299
0,-15.966288,12.966400,-15.966737,12.964826,-15.966300,12.966294
0,-15.965465,12.968182,-15.963418,12.973304,-15.982207,12.948207
0,-15.980164,12.949650,-15.966737,12.964826,-15.966288,12.966400
0,-16.059914,13.163856,-15.961331,12.978011,-16.058598,13.163822
0,-15.962523,12.973521,-15.962180,12.974528,-15.963418,12.973304
0,-15.964642,12.969826,-15.963980,12.971672,-15.965465,12.968182
0,-15.982207,12.948207,-15.963418,12.973304,-15.961331,12.978011
0,-15.958959,12.978621,-15.953303,12.979170,-15.951412,12.979899
0,-15.958959,12.978621,-15.951412,12.979899,-15.945867,12.984226
0,-15.943340,12.986819,-15.941018,12.992281,-15.945867,12.984226
0,-15.931877,13.009183,-15.925319,13.030354,-15.960809,12.978418
0,-15.960058,12.978498,-15.958959,12.978621,-15.941018,12.992281
0,-15.936813,12.998256,-15.931877,13.009183,-15.938445,12.995937
0,-15.960809,12.978418,-15.941018,12.992281,-15.938445,12.995937
0,-15.958959,12.978621,-15.953805,12.978977,-15.953303,12.979170
0,-15.958959,12.978621,-15.957727,12.977822,-15.954920,12.978547
0,-15.958959,12.978621,-15.954920,12.978547,-15.953805,12.978977
0,-15.957727,12.977822,-15.957356,12.977581,-15.954920,12.978547
0,-15.962523,12.973521,-15.961908,12.973834,-15.962180,12.974528
0,-15.963418,12.973304,-15.962170,12.975218,-15.961331,12.978011
0,-15.963418,12.973304,-15.962180,12.974528,-15.962170,12.975218
0,-15.962170,12.975218,-15.961685,12.976268,-15.961331,12.978011
0,-15.936813,12.998256,-15.936809,12.998260,-15.934386,13.001805
0,-16.192592,13.162780,-16.192407,12.907398,-16.172668,13.163301
0,-16.172668,13.163301,-16.191660,12.907257,-16.169015,13.163397
0,-16.039063,13.163609,-15.961331,12.978011,-16.024125,13.163678
0,-16.059914,13.163856,-15.982207,12.948207,-15.961331,12.978011
0,-16.058598,13.163822,-15.961331,12.978011,-16.039063,13.163609
0,-16.169015,13.163397,-16.183523,12.905716,-16.145439,13.164010
0,-16.105654,13.164551,-15.982207,12.948207,-16.091288,13.164676
0,-16.091288,13.164676,-15.982207,12.948207,-16.089752,13.164636
0,-16.024125,13.163678,-15.934196,13.110747,-15.999513,13.164570
0,-16.024125,13.163678,-15.931553,13.104690,-15.934196,13.110747
0,-15.975130,13.166992,-15.934543,13.112401,-15.933817,13.115587
0,-15.999513,13.164570,-15.934196,13.110747,-15.934543,13.112401
0,-15.932482,13.118684,-15.930067,13.121604,-15.951017,13.169474
0,-15.936813,12.998256,-15.932260,13.007267,-15.931877,13.009183
0,-15.930618,13.010885,-15.929550,13.013306,-15.930805,13.010631
0,-15.934386,13.001805,-15.932260,13.007267,-15.936813,12.998256
0,-15.938445,12.995937,-15.931877,13.009183,-15.960809,12.978418
0,-15.934386,13.001805,-15.932734,13.003629,-15.932260,13.007267
0,-15.935033,12.999868,-15.934386,13.001805,-15.936809,12.998260
0,-15.935033,12.999868,-15.934478,13.000370,-15.934386,13.001805
0,-15.920110,13.045961,-15.923896,13.094500,-15.927297,13.096260
0,-15.920356,13.092921,-15.902236,13.067890,-15.917490,13.093592
0,-15.898506,13.077925,-15.908998,13.094680,-15.914633,13.094217
0,-15.928352,13.124151,-15.927678,13.124551,-15.926205,13.126379
0,-15.923893,13.038023,-15.929533,13.099878,-15.930444,13.101936
0,-15.930067,13.121604,-15.928352,13.124151,-15.951017,13.169474
0,-15.928352,13.124151,-15.926205,13.126379,-15.951017,13.169474
0,-15.926205,13.126379,-15.920888,13.132229,-15.951017,13.169474
0,-15.951017,13.169474,-15.920888,13.132229,-15.927580,13.169153
0,-15.908815,13.140904,-15.910792,13.168377,-15.927580,13.169153
0,-15.920888,13.132229,-15.916454,13.134892,-15.927580,13.169153
0,-15.904612,13.145146,-15.894797,13.156684,-15.910792,13.168377
0,-15.895233,13.152216,-15.904612,13.145146,-15.895400,13.150009
0,-15.894797,13.156684,-15.894686,13.159315,-15.910792,13.168377
0,-15.894797,13.156684,-15.904612,13.145146,-15.894871,13.154107
0,-15.894686,13.159315,-15.894612,13.161802,-15.910792,13.168377
0,-15.894612,13.161802,-15.893917,13.163323,-15.893794,13.165123
0,-15.910792,13.168377,-15.893794,13.165123,-15.894006,13.167600
0,-15.898493,13.087176,-15.898841,13.089019,-15.904476,13.093710
0,-15.907803,13.141695,-15.905362,13.144335,-15.908815,13.140904
0,-15.914633,13.094217,-15.908998,13.094680,-15.912053,13.094832
0,-15.898490,13.086308,-15.904476,13.093710,-15.908998,13.094680
0,-15.908998,13.094680,-15.904476,13.093710,-15.906646,13.094561
0,-15.898841,13.089019,-15.899281,13.090808,-15.904476,13.093710
0,-15.898493,13.087176,-15.904476,13.093710,-15.898490,13.086308
0,-15.898490,13.086308,-15.908998,13.094680,-15.898506,13.077925
0,-15.897761,13.083598,-15.898490,13.086308,-15.898506,13.077925
0,-15.899669,13.072007,-15.899278,13.074649,-15.899746,13.071877
0,-15.897761,13.083598,-15.898506,13.077925,-15.897686,13.080831
0,-15.914633,13.094217,-15.917490,13.093592,-15.898506,13.077925
0,-15.904476,13.093710,-15.899281,13.090808,-15.901790,13.093412
0,-15.920110,13.045961,-15.915248,13.050913,-15.923896,13.094500
0,-15.902236,13.067890,-15.900981,13.069802,-15.899278,13.074649
0,-15.899802,13.091864,-15.900376,13.092684,-15.901790,13.093412
0,-15.899278,13.074649,-15.900981,13.069802,-15.899746,13.071877
0,-15.901790,13.093412,-15.899281,13.090808,-15.899802,13.091864
0,-15.921625,13.043115,-15.927297,13.096260,-15.923893,13.038023
0,-15.924026,13.037052,-15.925319,13.030354,-15.924549,13.033227
0,-15.931877,13.009183,-15.929550,13.013306,-15.927037,13.019822
0,-15.923893,13.038023,-15.925319,13.030354,-15.924026,13.037052
0,-15.930032,13.011677,-15.929550,13.013306,-15.930618,13.010885
0,-15.925319,13.030354,-15.927037,13.019822,-15.925787,13.024898
0,-15.929550,13.013306,-15.927321,13.017428,-15.927037,13.019822
0,-15.920810,13.044645,-15.927297,13.096260,-15.921625,13.043115
0,-15.911911,13.055858,-15.923896,13.094500,-15.912603,13.054833
0,-15.903197,13.066426,-15.920356,13.092921,-15.904621,13.064257
0,-15.903197,13.066426,-15.902236,13.067890,-15.920356,13.092921
0,-15.920356,13.092921,-15.923896,13.094500,-15.911911,13.055858
0,-15.920356,13.092921,-15.909329,13.058858,-15.904621,13.064257
0,-15.920356,13.092921,-15.911911,13.055858,-15.909329,13.058858
0,-15.966233,12.966519,-15.980164,12.949650,-15.966288,12.966400
0,-15.974898,12.950244,-15.971291,12.950928,-15.969445,12.953135
0,-15.981803,12.900379,-15.981379,12.904256,-15.982633,12.899853
0,-15.980422,12.902753,-15.981379,12.904256,-15.981766,12.900410
0,-16.183523,12.905716,-16.163798,12.895087,-16.162019,12.894340
0,-15.972832,12.888571,-15.972917,12.891728,-15.974093,12.893231
0,-15.972328,12.886237,-15.972501,12.887452,-15.973273,12.885542
0,-15.972832,12.888571,-15.973273,12.885542,-15.972501,12.887452
0,-15.978560,12.894363,-15.975498,12.883707,-15.972832,12.888571
0,-15.980271,12.901677,-15.980422,12.902753,-15.981766,12.900410
0,-16.023737,12.867947,-15.984634,12.894699,-15.985006,12.896492
0,-15.978235,12.880220,-15.977514,12.881239,-15.983606,12.893841
0,-15.978569,12.878701,-15.983606,12.893841,-15.984634,12.894699
0,-15.977514,12.881239,-15.981850,12.893704,-15.983606,12.893841
0,-15.975498,12.883707,-15.973473,12.885354,-15.972832,12.888571
0,-16.035624,12.874756,-16.023737,12.867947,-15.995837,12.916482
0,-15.984749,12.912936,-15.984625,12.912737,-15.984675,12.912856
0,-15.982631,12.906476,-15.983346,12.909703,-15.990244,12.915131
0,-15.984749,12.912936,-15.986417,12.914751,-15.990244,12.915131
0,-15.982633,12.899853,-15.982631,12.906476,-15.984649,12.898574
0,-15.981766,12.900410,-15.981379,12.904256,-15.981803,12.900379
0,-15.994049,12.915117,-15.984844,12.897436,-15.984649,12.898574
0,-15.966233,12.966519,-15.982207,12.948207,-15.980164,12.949650
0,-15.984919,12.897001,-15.984844,12.897436,-15.994049,12.915117
0,-16.105654,13.164551,-15.985699,12.943123,-15.982207,12.948207
0,-16.125110,12.878881,-16.124681,12.875895,-16.086949,12.852099
0,-15.987622,12.935939,-15.990603,12.924827,-15.986916,12.929913
0,-15.986854,12.915226,-15.987173,12.915574,-15.990244,12.915131
0,-15.986998,12.925989,-15.986916,12.929913,-15.990603,12.924827
0,-16.135954,12.884366,-15.987634,12.938809,-15.985699,12.943123
0,-15.987634,12.938809,-16.135954,12.884366,-16.125110,12.878881
0,-15.987634,12.938809,-15.994580,12.919071,-15.992256,12.923481
0,-15.994049,12.915117,-15.985006,12.896492,-15.984919,12.897001
0,-15.987622,12.935939,-15.992256,12.923481,-15.990603,12.924827
0,-15.987622,12.935939,-15.987634,12.938809,-15.992256,12.923481
0,-15.987634,12.938809,-16.125110,12.878881,-15.994580,12.919071
0,-15.995837,12.916482,-16.023737,12.867947,-15.985006,12.896492
0,-15.994216,12.915245,-15.994911,12.915775,-15.985006,12.896492
0,-15.994049,12.915117,-15.994216,12.915245,-15.985006,12.896492
0,-16.183159,12.905335,-16.182645,12.904795,-16.174937,12.899767
0,-16.174937,12.899767,-16.182645,12.904795,-16.176511,12.900429
0,-16.183523,12.905716,-16.174937,12.899767,-16.172804,12.898872
0,-16.183523,12.905716,-16.183159,12.905335,-16.174937,12.899767
0,-16.172804,12.898872,-16.170319,12.897827,-16.183523,12.905716
0,-16.170319,12.897827,-16.168385,12.897015,-16.183523,12.905716
0,-16.156935,12.892204,-16.105654,13.164551,-16.158198,12.892734
0,-15.985699,12.943123,-16.105654,13.164551,-16.156935,12.892204
0,-16.160218,12.893583,-16.105654,13.164551,-16.162019,12.894340
0,-16.158198,12.892734,-16.105654,13.164551,-16.160218,12.893583
0,-15.982631,12.906476,-15.993767,12.915118,-15.984649,12.898574
0,-15.982631,12.906476,-15.990244,12.915131,-15.993767,12.915118
0,-16.155324,12.891527,-15.985699,12.943123,-16.156935,12.892204
0,-16.135954,12.884366,-15.985699,12.943123,-16.155324,12.891527
0,-15.994580,12.919071,-16.040228,12.874401,-15.995837,12.916482
0,-16.056900,12.864200,-16.051246,12.866759,-16.040228,12.874401
0,-16.005160,12.851315,-16.013332,12.858768,-16.009519,12.851783
0,-16.040228,12.874401,-16.046881,12.868734,-16.043704,12.870172
0,-16.040228,12.874401,-16.125110,12.878881,-16.056900,12.864200
0,-16.040228,12.874401,-16.051246,12.866759,-16.046881,12.868734
0,-15.994580,12.919071,-16.125110,12.878881,-16.040228,12.874401
0,-16.124802,12.875894,-16.124681,12.875895,-16.124834,12.876205
0,-16.124260,12.868328,-16.105137,12.851770,-16.124636,12.875085
0,-16.124250,12.868194,-16.105137,12.851770,-16.124260,12.868328
0,-16.124143,12.866697,-16.105137,12.851770,-16.124217,12.867727
0,-16.123787,12.861729,-16.123617,12.859355,-16.105137,12.851770
0,-16.124082,12.865842,-16.105137,12.851770,-16.124143,12.866697
0,-16.123887,12.863127,-16.105137,12.851770,-16.124082,12.865842
0,-16.123617,12.859355,-16.119851,12.851503,-16.105137,12.851770
0,-16.123477,12.856091,-16.119851,12.851503,-16.123510,12.857868
0,-16.123887,12.863127,-16.123787,12.861729,-16.105137,12.851770
0,-16.124681,12.875895,-16.105137,12.851770,-16.086949,12.852099
0,-16.067814,12.859260,-16.077287,12.855794,-16.073339,12.856250
0,-16.067814,12.859260,-16.056900,12.864200,-16.125110,12.878881
0,-16.125110,12.878881,-16.086949,12.852099,-16.077287,12.855794
0,-15.991417,12.832155,-15.990566,12.832911,-15.992780,12.831509
0,-16.000642,12.844412,-15.990303,12.833078,-15.986294,12.836480
0,-15.977232,12.868631,-16.005160,12.851315,-16.000717,12.845976
0,-15.990566,12.832911,-15.990303,12.833078,-16.000642,12.844412
0,-16.000717,12.845976,-15.980700,12.841753,-15.979476,12.842906
0,-16.000717,12.845976,-15.986294,12.836480,-15.980700,12.841753
0,-15.973481,12.859001,-15.973177,12.858117,-15.973153,12.858223
0,-15.984634,12.894699,-16.013332,12.858768,-15.979046,12.876677
0,-15.978569,12.878701,-15.978470,12.879151,-15.983606,12.893841
0,-16.000642,12.844412,-15.986294,12.836480,-16.000717,12.845976
0,-15.984634,12.894699,-15.979046,12.876677,-15.978569,12.878701
0,-15.977739,12.871040,-16.005160,12.851315,-15.977613,12.870498
0,-15.977739,12.871040,-16.013332,12.858768,-16.005160,12.851315
0,-15.978470,12.879151,-15.978235,12.880220,-15.983606,12.893841
0,-15.979046,12.876677,-16.013332,12.858768,-15.977739,12.871040
0,-15.975730,12.883454,-15.975498,12.883707,-15.981850,12.893704
0,-15.977514,12.881239,-15.975730,12.883454,-15.981850,12.893704
0,-15.977232,12.868631,-15.974133,12.860896,-15.975469,12.865915
0,-15.975525,12.850154,-15.979476,12.842906,-15.977204,12.845613
0,-15.975525,12.850154,-16.000717,12.845976,-15.979476,12.842906
0,-15.974104,12.853504,-15.974133,12.860896,-15.975525,12.850154
0,-15.973177,12.858117,-15.973481,12.859001,-15.974104,12.853504
