37,8,40,33,42,
0,-16.582760,13.630618,-16.576004,13.617529,-16.574341,13.616664
0,-16.576004,13.617529,-16.582760,13.630618,-16.580025,13.620619
0,-16.612400,13.649595,-16.610020,13.648577,-16.613121,13.650878
0,-16.373344,13.904193,-16.373197,13.906193,-16.386946,13.899264
0,-16.374835,13.896067,-16.386946,13.899264,-16.375210,13.890052
0,-16.546133,13.599697,-16.518047,13.592362,-16.514299,13.592358
0,-16.447117,13.897887,-16.449208,13.900902,-16.454206,13.902482
0,-16.561487,13.599501,-16.557376,13.596398,-16.555059,13.597472
0,-16.560955,13.598011,-16.557376,13.596398,-16.561487,13.599501
0,-16.460566,13.901530,-16.468173,13.897163,-16.444159,13.892525
0,-16.245440,13.800517,-16.304193,13.878378,-16.321255,13.878241
0,-16.562816,13.603378,-16.551615,13.600680,-16.563744,13.605245
0,-16.460363,13.592291,-16.525392,13.861519,-16.557426,13.842986
0,-16.373143,13.906108,-16.373197,13.906193,-16.373344,13.904193
0,-16.548448,13.849370,-16.525392,13.861519,-16.529577,13.859766
0,-16.356102,13.885549,-16.354215,13.885383,-16.355023,13.885990
0,-16.349600,13.880331,-16.337141,13.879574,-16.342336,13.880242
0,-16.245657,13.797552,-16.373835,13.592159,-16.358547,13.592133
0,-16.326529,13.878258,-16.337141,13.879574,-16.245657,13.797552
0,-16.239069,13.873215,-16.241707,13.873619,-16.243044,13.843706
0,-16.212998,13.862495,-16.211941,13.862873,-16.208067,13.872086
0,-16.242922,13.874170,-16.244708,13.875066,-16.245524,13.843055
0,-16.162544,13.735174,-16.162973,13.736075,-16.162493,13.734427
0,-16.175834,13.739714,-16.164651,13.738672,-16.174119,13.741607
0,-16.337141,13.879574,-16.349600,13.880331,-16.245657,13.797552
0,-16.160242,13.696153,-16.160500,13.700668,-16.181009,13.742891
0,-16.183709,13.745330,-16.186167,13.747550,-16.160242,13.696153
0,-16.592091,13.642049,-16.489205,13.592328,-16.576971,13.826364
0,-16.578384,13.618714,-16.576004,13.617529,-16.579502,13.620012
0,-16.569352,13.613402,-16.550441,13.601365,-16.570698,13.614729
0,-16.561818,13.600366,-16.561487,13.599501,-16.553958,13.598699
0,-16.142024,13.614937,-16.158634,13.591700,-16.141747,13.613130
0,-16.560955,13.598011,-16.560498,13.597133,-16.558274,13.596197
0,-16.509092,13.591835,-16.497306,13.590056,-16.489205,13.592328
0,-16.558274,13.596197,-16.557376,13.596398,-16.560955,13.598011
0,-16.583892,13.628814,-16.585226,13.626128,-16.584522,13.624505
0,-16.582760,13.630618,-16.546133,13.599697,-16.514299,13.592358
0,-16.582760,13.630618,-16.514299,13.592358,-16.489205,13.592328
0,-16.582760,13.630618,-16.583066,13.629701,-16.580025,13.620619
0,-16.600519,13.644189,-16.599070,13.643937,-16.610020,13.648577
0,-16.610020,13.648577,-16.599070,13.643937,-16.613121,13.650878
0,-16.632868,13.677684,-16.627555,13.667815,-16.625143,13.664617
0,-16.637272,13.699989,-16.637219,13.711797,-16.637766,13.701341
0,-16.632096,13.725445,-16.637272,13.699989,-16.625143,13.664617
0,-16.636425,13.685922,-16.637272,13.699989,-16.637718,13.695535
0,-16.632868,13.677684,-16.630015,13.671076,-16.627555,13.667815
0,-16.479061,13.887394,-16.482660,13.884936,-16.441368,13.891664
0,-16.402909,13.891218,-16.406882,13.888497,-16.375210,13.890052
0,-16.632096,13.725445,-16.635570,13.717837,-16.637272,13.699989
0,-16.457781,13.592288,-16.521070,13.863881,-16.525209,13.861596
0,-16.460566,13.901530,-16.467385,13.898407,-16.468173,13.897163
0,-16.460566,13.901530,-16.444159,13.892525,-16.445212,13.895185
0,-16.454206,13.902482,-16.460566,13.901530,-16.447117,13.897887
0,-16.445212,13.895185,-16.447117,13.897887,-16.460566,13.901530
0,-16.415307,13.882584,-16.495209,13.877264,-16.506261,13.871472
0,-16.349600,13.880331,-16.415307,13.882584,-16.373835,13.592159
0,-16.373344,13.904193,-16.386946,13.899264,-16.373840,13.901284
0,-16.448751,13.592275,-16.513886,13.867461,-16.457781,13.592288
0,-16.362670,13.885913,-16.371507,13.888369,-16.412189,13.884018
0,-16.291238,13.884004,-16.291443,13.881996,-16.289403,13.884648
0,-16.286378,13.885087,-16.289403,13.884648,-16.291443,13.881996
0,-16.247947,13.840802,-16.281372,13.872221,-16.281417,13.872222
0,-16.291443,13.881996,-16.281802,13.879851,-16.286378,13.885087
0,-16.275543,13.875538,-16.247728,13.841487,-16.254639,13.880028
0,-16.265642,13.883166,-16.266828,13.882756,-16.262496,13.883398
0,-16.282104,13.885850,-16.283030,13.885949,-16.281802,13.879851
0,-16.272126,13.878997,-16.273950,13.877181,-16.257210,13.881128
0,-16.258998,13.882233,-16.262496,13.883398,-16.266828,13.882756
0,-16.277202,13.874239,-16.247728,13.841487,-16.275543,13.875538
0,-16.208986,13.864580,-16.207980,13.866977,-16.210912,13.863241
0,-16.236433,13.874105,-16.236464,13.874076,-16.214331,13.858997
0,-16.218819,13.879628,-16.219815,13.879421,-16.212998,13.862495
0,-16.211941,13.862873,-16.210912,13.863241,-16.207980,13.866977
0,-16.208897,13.874483,-16.215834,13.880414,-16.216912,13.880084
0,-16.164784,13.742058,-16.169539,13.745469,-16.164736,13.740846
0,-16.287562,13.592719,-16.196030,13.756458,-16.209572,13.766422
0,-16.243668,13.796301,-16.245657,13.797552,-16.287562,13.592719
0,-16.243668,13.796301,-16.287562,13.592719,-16.221203,13.777676
0,-16.234916,13.791524,-16.241643,13.795406,-16.243668,13.796301
0,-16.174119,13.741607,-16.170923,13.745409,-16.174087,13.742977
0,-16.221203,13.777676,-16.287562,13.592719,-16.219744,13.776264
0,-16.189253,13.750337,-16.287562,13.592719,-16.159848,13.689245
0,-16.174119,13.741607,-16.169539,13.745469,-16.170923,13.745409
0,-16.161853,13.724358,-16.176727,13.739318,-16.161808,13.723564
0,-16.162242,13.730791,-16.162421,13.733383,-16.175834,13.739714
0,-16.164736,13.740846,-16.169539,13.745469,-16.174119,13.741607
0,-16.174087,13.742977,-16.172068,13.745359,-16.173775,13.744147
0,-16.183709,13.745330,-16.160242,13.696153,-16.181009,13.742891
0,-16.176727,13.739318,-16.162089,13.728487,-16.162179,13.729868
0,-16.181009,13.742891,-16.160500,13.700668,-16.179791,13.741791
0,-16.161853,13.724358,-16.161929,13.725681,-16.176727,13.739318
0,-16.161140,13.711881,-16.161207,13.713040,-16.177671,13.739876
0,-16.161390,13.716256,-16.176727,13.739318,-16.161296,13.714597
0,-16.126700,13.639466,-16.128381,13.640476,-16.127129,13.636394
0,-16.139040,13.611594,-16.141747,13.613130,-16.143080,13.591660
0,-16.133301,13.598445,-16.143080,13.591660,-16.141427,13.591656
0,-16.143080,13.591660,-16.141747,13.613130,-16.158634,13.591700
0,-16.143080,13.591660,-16.133301,13.598445,-16.137213,13.610558
0,-16.151456,13.663040,-16.139699,13.642347,-16.147442,13.659766
0,-16.141379,13.652371,-16.139699,13.642347,-16.137872,13.650335
0,-16.138969,13.641337,-16.140710,13.620859,-16.139027,13.621682
0,-16.137882,13.640894,-16.138969,13.641337,-16.137135,13.640355
0,-16.565483,13.608595,-16.550441,13.601365,-16.565861,13.609258
0,-16.564154,13.606044,-16.550441,13.601365,-16.565483,13.608595
0,-16.563744,13.605245,-16.550441,13.601365,-16.564154,13.606044
0,-16.562412,13.602379,-16.552532,13.599812,-16.551615,13.600680
0,-16.574341,13.616664,-16.573611,13.616159,-16.572299,13.615736
0,-16.582760,13.630618,-16.574341,13.616664,-16.572299,13.615736
0,-16.576004,13.617529,-16.575460,13.617089,-16.574341,13.616664
0,-16.546133,13.599697,-16.582760,13.630618,-16.550441,13.601365
0,-16.582760,13.630618,-16.572299,13.615736,-16.570698,13.614729
0,-16.567384,13.611462,-16.550441,13.601365,-16.569352,13.613402
0,-16.565861,13.609258,-16.550441,13.601365,-16.567384,13.611462
0,-16.561818,13.600366,-16.553958,13.598699,-16.562031,13.601199
0,-16.562031,13.601199,-16.553217,13.599276,-16.562412,13.602379
0,-16.561329,13.598731,-16.560955,13.598011,-16.561487,13.599501
0,-16.562412,13.602379,-16.553217,13.599276,-16.552532,13.599812
0,-16.562031,13.601199,-16.553958,13.598699,-16.553217,13.599276
0,-16.561487,13.599501,-16.555059,13.597472,-16.553958,13.598699
0,-16.558274,13.596197,-16.560498,13.597133,-16.559659,13.596053
0,-16.557376,13.596398,-16.555782,13.596755,-16.555059,13.597472
0,-16.525392,13.861519,-16.460363,13.592291,-16.525209,13.861596
0,-16.545651,13.594785,-16.518047,13.592362,-16.546133,13.599697
0,-16.460363,13.592291,-16.457781,13.592288,-16.525209,13.861596
0,-16.362670,13.885913,-16.415307,13.882584,-16.349600,13.880331
0,-16.414277,13.883057,-16.415307,13.882584,-16.362670,13.885913
0,-16.358547,13.592133,-16.344992,13.592109,-16.245657,13.797552
0,-16.344992,13.592109,-16.287562,13.592719,-16.245657,13.797552
0,-16.415307,13.882584,-16.402678,13.592207,-16.373835,13.592159
0,-16.415307,13.882584,-16.417677,13.883613,-16.495209,13.877264
0,-16.415307,13.882584,-16.506261,13.871472,-16.513886,13.867461
0,-16.545651,13.594785,-16.545443,13.593660,-16.518047,13.592362
0,-16.489205,13.592328,-16.514299,13.592358,-16.509092,13.591835
0,-16.582760,13.630618,-16.570698,13.614729,-16.550441,13.601365
0,-16.186167,13.747550,-16.189253,13.750337,-16.159848,13.689245
0,-16.545209,13.592391,-16.518047,13.592362,-16.545443,13.593660
0,-16.545955,13.595679,-16.545651,13.594785,-16.546133,13.599697
0,-16.546314,13.598970,-16.545955,13.595679,-16.546133,13.599697
0,-16.546314,13.598970,-16.546391,13.596961,-16.545955,13.595679
0,-16.563744,13.605245,-16.551615,13.600680,-16.550441,13.601365
0,-16.562816,13.603378,-16.562412,13.602379,-16.551615,13.600680
0,-16.546675,13.597795,-16.546391,13.596961,-16.546314,13.598970
0,-16.583892,13.628814,-16.584651,13.628199,-16.585226,13.626128
0,-16.584412,13.631202,-16.585478,13.632707,-16.585401,13.631550
0,-16.583407,13.623581,-16.583892,13.628814,-16.584522,13.624505
0,-16.583066,13.629701,-16.583892,13.628814,-16.583407,13.623581
0,-16.576004,13.617529,-16.580025,13.620619,-16.579502,13.620012
0,-16.583066,13.629701,-16.581277,13.621660,-16.580025,13.620619
0,-16.489205,13.592328,-16.460363,13.592291,-16.557426,13.842986
0,-16.583066,13.629701,-16.582396,13.622722,-16.581277,13.621660
0,-16.583066,13.629701,-16.583407,13.623581,-16.582396,13.622722
0,-16.582760,13.630618,-16.585478,13.632707,-16.584412,13.631202
0,-16.582760,13.630618,-16.592091,13.642049,-16.585478,13.632707
0,-16.582760,13.630618,-16.489205,13.592328,-16.592091,13.642049
0,-16.593940,13.641260,-16.592091,13.642049,-16.594896,13.641658
0,-16.593054,13.640891,-16.592091,13.642049,-16.593940,13.641260
0,-16.608626,13.647502,-16.601881,13.644427,-16.600519,13.644189
0,-16.597399,13.642863,-16.596044,13.642363,-16.599070,13.643937
0,-16.592091,13.642049,-16.596044,13.642363,-16.594896,13.641658
0,-16.592091,13.642049,-16.599070,13.643937,-16.596044,13.642363
0,-16.608626,13.647502,-16.600519,13.644189,-16.610020,13.648577
0,-16.606153,13.645654,-16.604622,13.645035,-16.607406,13.646459
0,-16.601311,13.802396,-16.632096,13.725445,-16.592091,13.642049
0,-16.632868,13.677684,-16.625143,13.664617,-16.637272,13.699989
0,-16.625143,13.664617,-16.592091,13.642049,-16.632096,13.725445
0,-16.619019,13.656925,-16.592091,13.642049,-16.625143,13.664617
0,-16.599070,13.643937,-16.592091,13.642049,-16.619019,13.656925
0,-16.607406,13.646459,-16.604622,13.645035,-16.608626,13.647502
0,-16.601881,13.644427,-16.604622,13.645035,-16.603511,13.644586
0,-16.601881,13.644427,-16.608626,13.647502,-16.604622,13.645035
0,-16.599070,13.643937,-16.619019,13.656925,-16.613121,13.650878
0,-16.610020,13.648577,-16.612400,13.649595,-16.611770,13.648993
0,-16.637272,13.699989,-16.635570,13.717837,-16.637219,13.711797
0,-16.637272,13.699989,-16.636425,13.685922,-16.632868,13.677684
0,-16.636425,13.685922,-16.637811,13.692516,-16.637908,13.689355
0,-16.636425,13.685922,-16.637718,13.695535,-16.637811,13.692516
0,-16.637219,13.711797,-16.635570,13.717837,-16.637323,13.714315
0,-16.637400,13.713682,-16.637219,13.711797,-16.637323,13.714315
0,-16.640900,13.739983,-16.637949,13.732746,-16.632096,13.725445
0,-16.640900,13.739983,-16.632096,13.725445,-16.628922,13.774778
0,-16.632096,13.725445,-16.637949,13.732746,-16.632873,13.725711
0,-16.647099,13.748569,-16.640900,13.739983,-16.641584,13.760855
0,-16.647099,13.748569,-16.641584,13.760855,-16.649171,13.751438
0,-16.649558,13.752086,-16.649171,13.751438,-16.641584,13.760855
0,-16.641584,13.760855,-16.640900,13.739983,-16.628922,13.774778
0,-16.628922,13.774778,-16.632096,13.725445,-16.624861,13.779243
0,-16.624861,13.779243,-16.632096,13.725445,-16.608971,13.794865
0,-16.593081,13.810485,-16.592091,13.642049,-16.576971,13.826364
0,-16.608971,13.794865,-16.632096,13.725445,-16.601311,13.802396
0,-16.601311,13.802396,-16.592091,13.642049,-16.593081,13.810485
0,-16.513886,13.867461,-16.448751,13.592275,-16.415307,13.882584
0,-16.415307,13.882584,-16.448751,13.592275,-16.431520,13.592251
0,-16.375210,13.890052,-16.412189,13.884018,-16.371507,13.888369
0,-16.441368,13.891664,-16.444159,13.892525,-16.479061,13.887394
0,-16.482660,13.884936,-16.417677,13.883613,-16.441368,13.891664
0,-16.482660,13.884936,-16.495209,13.877264,-16.417677,13.883613
0,-16.402678,13.592207,-16.415307,13.882584,-16.431520,13.592251
0,-16.521070,13.863881,-16.457781,13.592288,-16.513886,13.867461
0,-16.576971,13.826364,-16.489205,13.592328,-16.557426,13.842986
0,-16.557426,13.842986,-16.525392,13.861519,-16.548448,13.849370
0,-16.548448,13.849370,-16.529577,13.859766,-16.535318,13.857362
0,-16.475311,13.890374,-16.479061,13.887394,-16.444159,13.892525
0,-16.471626,13.893594,-16.475311,13.890374,-16.444159,13.892525
0,-16.434306,13.892908,-16.438122,13.892009,-16.429923,13.891922
0,-16.419286,13.884796,-16.441368,13.891664,-16.417677,13.883613
0,-16.471626,13.893594,-16.444159,13.892525,-16.468173,13.897163
0,-16.460566,13.901530,-16.466919,13.899467,-16.467385,13.898407
0,-16.454206,13.902482,-16.449208,13.900902,-16.451658,13.902226
0,-16.466775,13.900064,-16.466919,13.899467,-16.460566,13.901530
0,-16.429923,13.891922,-16.438122,13.892009,-16.426612,13.890702
0,-16.386946,13.899264,-16.387239,13.899116,-16.375210,13.890052
0,-16.411661,13.885064,-16.408434,13.888705,-16.410914,13.887751
0,-16.409701,13.888875,-16.410914,13.887751,-16.408434,13.888705
0,-16.387239,13.899116,-16.402909,13.891218,-16.375210,13.890052
0,-16.411661,13.885064,-16.406882,13.888497,-16.408434,13.888705
0,-16.438122,13.892009,-16.419286,13.884796,-16.426612,13.890702
0,-16.438122,13.892009,-16.441368,13.891664,-16.419286,13.884796
0,-16.362670,13.885913,-16.412189,13.884018,-16.414277,13.883057
0,-16.375210,13.890052,-16.406882,13.888497,-16.412189,13.884018
0,-16.412189,13.884018,-16.406882,13.888497,-16.411661,13.885064
0,-16.356102,13.885549,-16.362670,13.885913,-16.349600,13.880331
0,-16.364831,13.887003,-16.371507,13.888369,-16.362670,13.885913
0,-16.362670,13.885913,-16.356102,13.885549,-16.360826,13.886424
0,-16.349600,13.880331,-16.354215,13.885383,-16.356102,13.885549
0,-16.366995,13.888695,-16.364831,13.887003,-16.365553,13.887801
0,-16.371507,13.888369,-16.364831,13.887003,-16.366995,13.888695
0,-16.369159,13.890387,-16.371507,13.888369,-16.366995,13.888695
0,-16.371507,13.888369,-16.374593,13.889855,-16.375210,13.890052
0,-16.371507,13.888369,-16.372538,13.889265,-16.374593,13.889855
0,-16.373840,13.901284,-16.386946,13.899264,-16.374835,13.896067
0,-16.368031,13.890493,-16.369159,13.890387,-16.366995,13.888695
0,-16.283030,13.885949,-16.286378,13.885087,-16.281802,13.879851
0,-16.282131,13.886374,-16.283030,13.885949,-16.282104,13.885850
0,-16.261926,13.883401,-16.262496,13.883398,-16.259998,13.882785
0,-16.263781,13.883810,-16.265642,13.883166,-16.262496,13.883398
0,-16.270327,13.880627,-16.258998,13.882233,-16.266828,13.882756
0,-16.257210,13.881128,-16.258998,13.882233,-16.270327,13.880627
0,-16.270327,13.880627,-16.267899,13.882386,-16.268688,13.882113
0,-16.270327,13.880627,-16.266828,13.882756,-16.267899,13.882386
0,-16.257210,13.881128,-16.270327,13.880627,-16.272126,13.878997
0,-16.254639,13.880028,-16.273950,13.877181,-16.275543,13.875538
0,-16.281624,13.876005,-16.281602,13.876358,-16.281628,13.876396
0,-16.291851,13.877556,-16.291848,13.876934,-16.281628,13.876396
0,-16.291750,13.878719,-16.281802,13.879851,-16.291443,13.881996
0,-16.326529,13.878258,-16.330217,13.879250,-16.337141,13.879574
0,-16.330217,13.879250,-16.333376,13.879785,-16.337141,13.879574
0,-16.245657,13.797552,-16.321255,13.878241,-16.326529,13.878258
0,-16.245657,13.797552,-16.245440,13.800517,-16.321255,13.878241
0,-16.281417,13.872222,-16.291848,13.876934,-16.304193,13.878378
0,-16.291750,13.878719,-16.281628,13.876396,-16.281802,13.879851
0,-16.291750,13.878719,-16.291851,13.877556,-16.281628,13.876396
0,-16.304193,13.878378,-16.291848,13.876934,-16.296603,13.878102
0,-16.281624,13.876005,-16.281628,13.876396,-16.291848,13.876934
0,-16.281417,13.872222,-16.281624,13.876005,-16.291848,13.876934
0,-16.242844,13.814372,-16.240593,13.824153,-16.247947,13.840802
0,-16.281372,13.872221,-16.280805,13.872890,-16.281107,13.872790
0,-16.281372,13.872221,-16.280248,13.873074,-16.280805,13.872890
0,-16.281372,13.872221,-16.279178,13.873429,-16.280248,13.873074
0,-16.277338,13.874132,-16.247728,13.841487,-16.277202,13.874239
0,-16.281372,13.872221,-16.278315,13.873753,-16.279178,13.873429
0,-16.281372,13.872221,-16.247947,13.840802,-16.247728,13.841487
0,-16.281372,13.872221,-16.277338,13.874132,-16.278315,13.873753
0,-16.281372,13.872221,-16.247728,13.841487,-16.277338,13.874132
0,-16.349600,13.880331,-16.373835,13.592159,-16.245657,13.797552
0,-16.245014,13.802934,-16.304193,13.878378,-16.245440,13.800517
0,-16.281417,13.872222,-16.304193,13.878378,-16.245014,13.802934
0,-16.247947,13.840802,-16.244193,13.807597,-16.243266,13.812253
0,-16.281417,13.872222,-16.245014,13.802934,-16.244193,13.807597
0,-16.233887,13.791235,-16.234916,13.791524,-16.221203,13.777676
0,-16.233887,13.791235,-16.221203,13.777676,-16.225673,13.786602
0,-16.234916,13.791524,-16.243668,13.796301,-16.221203,13.777676
0,-16.240593,13.824153,-16.239857,13.826512,-16.246021,13.839613
0,-16.239035,13.830575,-16.238937,13.831859,-16.239802,13.834875
0,-16.239035,13.830575,-16.239802,13.834875,-16.241478,13.837016
0,-16.245524,13.843055,-16.243044,13.843706,-16.241707,13.873619
0,-16.239229,13.828028,-16.239035,13.830575,-16.239857,13.826512
0,-16.239035,13.830575,-16.241478,13.837016,-16.246021,13.839613
0,-16.239857,13.826512,-16.239035,13.830575,-16.246021,13.839613
0,-16.247947,13.840802,-16.240593,13.824153,-16.246021,13.839613
0,-16.244193,13.807597,-16.247947,13.840802,-16.281417,13.872222
0,-16.243266,13.812253,-16.242844,13.814372,-16.247947,13.840802
0,-16.247069,13.876795,-16.251284,13.878861,-16.245524,13.843055
0,-16.247069,13.876795,-16.245524,13.843055,-16.244708,13.875066
0,-16.238705,13.843474,-16.239069,13.873215,-16.243044,13.843706
0,-16.241707,13.873619,-16.242922,13.874170,-16.245524,13.843055
0,-16.244708,13.875066,-16.245710,13.875896,-16.247069,13.876795
0,-16.259998,13.882785,-16.262496,13.883398,-16.258998,13.882233
0,-16.273950,13.877181,-16.254639,13.880028,-16.257210,13.881128
0,-16.247728,13.841487,-16.245524,13.843055,-16.251284,13.878861
0,-16.254639,13.880028,-16.247728,13.841487,-16.251284,13.878861
0,-16.251284,13.878861,-16.247069,13.876795,-16.248928,13.878038
0,-16.214331,13.858997,-16.227738,13.878327,-16.229314,13.878075
0,-16.235649,13.874921,-16.229314,13.878075,-16.232299,13.877290
0,-16.235649,13.874921,-16.232299,13.877290,-16.234286,13.876225
0,-16.234286,13.876225,-16.232299,13.877290,-16.233168,13.876920
0,-16.235649,13.874921,-16.236433,13.874105,-16.229314,13.878075
0,-16.233740,13.842806,-16.232273,13.842609,-16.218706,13.850557
0,-16.238705,13.843474,-16.237645,13.873431,-16.239069,13.873215
0,-16.233740,13.842806,-16.237645,13.873431,-16.238705,13.843474
0,-16.233740,13.842806,-16.218706,13.850557,-16.237645,13.873431
0,-16.232299,13.877290,-16.230227,13.877990,-16.231388,13.877740
0,-16.214331,13.858997,-16.229314,13.878075,-16.236433,13.874105
0,-16.230227,13.877990,-16.232299,13.877290,-16.229314,13.878075
0,-16.223922,13.879035,-16.227738,13.878327,-16.212998,13.862495
0,-16.223922,13.879035,-16.225872,13.878863,-16.227738,13.878327
0,-16.223922,13.879035,-16.212998,13.862495,-16.222345,13.879084
0,-16.219815,13.879421,-16.220935,13.879293,-16.212998,13.862495
0,-16.222345,13.879084,-16.212998,13.862495,-16.220935,13.879293
0,-16.212998,13.862495,-16.208897,13.874483,-16.218819,13.879628
0,-16.212998,13.862495,-16.208067,13.872086,-16.208897,13.874483
0,-16.207980,13.866977,-16.208067,13.872086,-16.211941,13.862873
0,-16.218819,13.879628,-16.208897,13.874483,-16.216912,13.880084
0,-16.210195,13.881618,-16.214632,13.880704,-16.207710,13.877521
0,-16.209120,13.881377,-16.207710,13.877521,-16.206142,13.881535
0,-16.209120,13.881377,-16.210195,13.881618,-16.207710,13.877521
0,-16.208067,13.872086,-16.208584,13.874035,-16.208897,13.874483
0,-16.208897,13.874483,-16.214632,13.880704,-16.215834,13.880414
0,-16.207710,13.877521,-16.214632,13.880704,-16.208897,13.874483
0,-16.208986,13.864580,-16.210912,13.863241,-16.209844,13.863773
0,-16.207502,13.869180,-16.208067,13.872086,-16.207980,13.866977
0,-16.237645,13.873431,-16.217584,13.852142,-16.236464,13.874076
0,-16.227738,13.878327,-16.214331,13.858997,-16.212998,13.862495
0,-16.214968,13.857323,-16.217584,13.852142,-16.216198,13.854097
0,-16.236464,13.874076,-16.214968,13.857323,-16.214331,13.858997
0,-16.236464,13.874076,-16.217584,13.852142,-16.214968,13.857323
0,-16.237645,13.873431,-16.218706,13.850557,-16.217584,13.852142
0,-16.225673,13.786602,-16.230968,13.790450,-16.233887,13.791235
0,-16.232273,13.842609,-16.222268,13.845532,-16.218706,13.850557
0,-16.232273,13.842609,-16.227626,13.842557,-16.222268,13.845532
0,-16.221425,13.779177,-16.221875,13.781196,-16.223297,13.783715
0,-16.222268,13.845532,-16.227626,13.842557,-16.224402,13.842520
0,-16.221203,13.777676,-16.221425,13.779177,-16.223297,13.783715
0,-16.221203,13.777676,-16.223297,13.783715,-16.225673,13.786602
0,-16.198982,13.759124,-16.205956,13.764325,-16.209572,13.766422
0,-16.219744,13.776264,-16.287562,13.592719,-16.218514,13.775074
0,-16.216104,13.772742,-16.216803,13.773418,-16.287562,13.592719
0,-16.218514,13.775074,-16.287562,13.592719,-16.216803,13.773418
0,-16.216104,13.772742,-16.287562,13.592719,-16.214698,13.771382
0,-16.214698,13.771382,-16.287562,13.592719,-16.214071,13.770775
0,-16.214071,13.770775,-16.287562,13.592719,-16.210914,13.767720
0,-16.210914,13.767720,-16.287562,13.592719,-16.209572,13.766422
0,-16.161760,13.722728,-16.176727,13.739318,-16.161720,13.722026
0,-16.161720,13.722026,-16.176727,13.739318,-16.161652,13.720832
0,-16.161652,13.720832,-16.176727,13.739318,-16.161573,13.719460
0,-16.161573,13.719460,-16.176727,13.739318,-16.161488,13.717973
0,-16.161246,13.713734,-16.176727,13.739318,-16.161207,13.713040
0,-16.161296,13.714597,-16.176727,13.739318,-16.161246,13.713734
0,-16.161488,13.717973,-16.176727,13.739318,-16.161469,13.717626
0,-16.161469,13.717626,-16.176727,13.739318,-16.161390,13.716256
0,-16.162014,13.727178,-16.176727,13.739318,-16.161929,13.725681
0,-16.161808,13.723564,-16.176727,13.739318,-16.161760,13.722728
0,-16.162089,13.728487,-16.176727,13.739318,-16.162014,13.727178
0,-16.162421,13.733383,-16.163524,13.736926,-16.164007,13.737675
0,-16.162242,13.730791,-16.176727,13.739318,-16.162179,13.729868
0,-16.162973,13.736075,-16.163524,13.736926,-16.162493,13.734427
0,-16.162493,13.734427,-16.163524,13.736926,-16.162421,13.733383
0,-16.162562,13.735439,-16.162973,13.736075,-16.162544,13.735174
0,-16.162421,13.733383,-16.164007,13.737675,-16.175834,13.739714
0,-16.166626,13.744864,-16.167099,13.745480,-16.169539,13.745469
0,-16.174087,13.742977,-16.170923,13.745409,-16.172068,13.745359
0,-16.173775,13.744147,-16.172068,13.745359,-16.173189,13.744870
0,-16.160242,13.696153,-16.186167,13.747550,-16.159848,13.689245
0,-16.198982,13.759124,-16.201255,13.761599,-16.202564,13.762358
0,-16.205956,13.764325,-16.198982,13.759124,-16.202564,13.762358
0,-16.209572,13.766422,-16.196030,13.756458,-16.198982,13.759124
0,-16.287562,13.592719,-16.189253,13.750337,-16.196030,13.756458
0,-16.164674,13.739253,-16.164705,13.740033,-16.174119,13.741607
0,-16.160500,13.700668,-16.160699,13.704146,-16.179791,13.741791
0,-16.177689,13.739893,-16.160699,13.704146,-16.177671,13.739876
0,-16.179791,13.741791,-16.160699,13.704146,-16.177689,13.739893
0,-16.161207,13.713040,-16.176727,13.739318,-16.177671,13.739876
0,-16.162242,13.730791,-16.175834,13.739714,-16.176727,13.739318
0,-16.164651,13.738672,-16.164674,13.739253,-16.174119,13.741607
0,-16.164784,13.742058,-16.166626,13.744864,-16.169539,13.745469
0,-16.164800,13.742488,-16.166626,13.744864,-16.164784,13.742058
0,-16.164736,13.740846,-16.174119,13.741607,-16.164705,13.740033
0,-16.164007,13.737675,-16.164288,13.738109,-16.175834,13.739714
0,-16.175834,13.739714,-16.164288,13.738109,-16.164651,13.738672
0,-16.154119,13.670450,-16.151456,13.663040,-16.153351,13.669187
0,-16.194976,13.592851,-16.158634,13.591700,-16.142778,13.619847
0,-16.147945,13.660320,-16.151456,13.663040,-16.147442,13.659766
0,-16.159092,13.686551,-16.220098,13.592818,-16.156784,13.678230
0,-16.156784,13.678230,-16.220098,13.592818,-16.155559,13.672819
0,-16.155559,13.672819,-16.151456,13.663040,-16.154119,13.670450
0,-16.161062,13.710514,-16.177671,13.739876,-16.160699,13.704146
0,-16.161140,13.711881,-16.177671,13.739876,-16.161062,13.710514
0,-16.287562,13.592719,-16.220098,13.592818,-16.159848,13.689245
0,-16.159848,13.689245,-16.220098,13.592818,-16.159092,13.686551
0,-16.138969,13.641337,-16.142778,13.619847,-16.140710,13.620859
0,-16.151456,13.663040,-16.155559,13.672819,-16.195102,13.592851
0,-16.147442,13.659766,-16.139699,13.642347,-16.142789,13.654644
0,-16.155559,13.672819,-16.220098,13.592818,-16.195102,13.592851
0,-16.151456,13.663040,-16.195102,13.592851,-16.194976,13.592851
0,-16.151456,13.663040,-16.194976,13.592851,-16.142778,13.619847
0,-16.142303,13.616757,-16.158634,13.591700,-16.142024,13.614937
0,-16.142778,13.619847,-16.158634,13.591700,-16.142303,13.616757
0,-16.139699,13.642347,-16.141379,13.652371,-16.142789,13.654644
0,-16.139699,13.642347,-16.136693,13.647604,-16.137872,13.650335
0,-16.134997,13.623653,-16.134636,13.639896,-16.137135,13.640355
0,-16.137213,13.610558,-16.139040,13.611594,-16.143080,13.591660
0,-16.138969,13.641337,-16.139027,13.621682,-16.137135,13.640355
0,-16.137135,13.640355,-16.139027,13.621682,-16.134997,13.623653
0,-16.132523,13.640457,-16.127129,13.636394,-16.130501,13.640466
0,-16.133301,13.598445,-16.131254,13.606867,-16.137213,13.610558
0,-16.127129,13.636394,-16.128381,13.640476,-16.130501,13.640466
0,-16.139699,13.642347,-16.142778,13.619847,-16.138969,13.641337
0,-16.151456,13.663040,-16.142778,13.619847,-16.139699,13.642347
0,-16.137882,13.640894,-16.138267,13.641172,-16.138969,13.641337
0,-16.138449,13.641411,-16.138969,13.641337,-16.138267,13.641172
0,-16.134636,13.639896,-16.134997,13.623653,-16.131437,13.625395
0,-16.132523,13.640457,-16.134636,13.639896,-16.127129,13.636394
0,-16.127827,13.631393,-16.127129,13.636394,-16.134636,13.639896
0,-16.126700,13.639466,-16.126688,13.640158,-16.128381,13.640476
0,-16.125847,13.639737,-16.126688,13.640158,-16.126700,13.639466
0,-16.131437,13.625395,-16.127827,13.631393,-16.134636,13.639896
0,-16.128462,13.626850,-16.127827,13.631393,-16.131437,13.625395
0,-16.131254,13.606867,-16.133301,13.598445,-16.130410,13.606699
