42,7,41,115,110,
0,-16.147016,15.448948,-16.156038,15.437334,-16.143410,15.450774
0,-16.087369,15.391767,-16.123482,15.457082,-16.112815,15.391704
0,-16.061881,15.392762,-16.053737,15.393519,-16.113854,15.471518
0,-16.033550,15.646671,-16.060450,15.608150,-16.056661,15.599077
0,-15.982036,15.677651,-15.992493,15.676706,-15.974557,15.672095
0,-16.011133,15.390483,-15.995946,15.389833,-16.072224,15.558601
0,-15.975337,15.673341,-15.975746,15.677150,-15.982036,15.677651
0,-15.901086,15.581130,-15.901801,15.583179,-15.934283,15.593543
0,-15.889796,15.574645,-15.899648,15.577007,-15.889284,15.573298
0,-15.872268,15.561412,-15.886953,15.570321,-15.888323,15.569921
0,-15.872268,15.561412,-15.878420,15.570264,-15.884957,15.570807
0,-15.798692,15.525687,-15.771097,15.509677,-15.797118,15.525850
0,-15.797118,15.525850,-15.771097,15.509677,-15.796657,15.525897
0,-15.782417,15.527216,-15.786637,15.527201,-15.770953,15.513011
0,-16.117669,15.463073,-16.083510,15.391722,-16.074837,15.391622
0,-16.117669,15.463073,-16.074837,15.391622,-16.072322,15.391843
0,-16.157796,15.431563,-16.148781,15.403035,-16.130423,15.453508
0,-16.049711,15.393079,-16.047438,15.392830,-16.042705,15.392755
0,-16.157796,15.431563,-16.130423,15.453508,-16.156038,15.437334
0,-16.145107,15.398271,-16.134538,15.395073,-16.148781,15.403035
0,-16.147016,15.448948,-16.155012,15.440701,-16.156038,15.437334
0,-16.148781,15.403035,-16.134538,15.395073,-16.129019,15.395579
0,-16.148781,15.403035,-16.129019,15.395579,-16.130423,15.453508
0,-16.054026,15.582741,-15.934283,15.593543,-16.053424,15.585136
0,-16.112815,15.391704,-16.123482,15.457082,-16.125874,15.455104
0,-16.087369,15.391767,-16.083510,15.391722,-16.117669,15.463073
0,-16.105428,15.494276,-16.038019,15.392680,-16.030031,15.392552
0,-16.108522,15.516519,-16.107289,15.525804,-16.115581,15.523915
0,-16.073420,15.557384,-16.088124,15.540066,-16.101512,15.506480
0,-16.066055,15.636410,-16.069303,15.626547,-16.056895,15.640160
0,-16.017592,15.648794,-15.944584,15.635937,-15.946894,15.640654
0,-16.070287,15.628525,-16.069303,15.626547,-16.066055,15.636410
0,-16.017592,15.648794,-16.053424,15.585136,-15.934283,15.593543
0,-16.080374,15.550564,-16.084966,15.544605,-16.073420,15.557384
0,-15.934283,15.593543,-15.936211,15.613132,-16.017592,15.648794
0,-16.108111,15.487894,-16.113854,15.471518,-16.053737,15.393519
0,-16.101512,15.506480,-16.088124,15.540066,-16.099788,15.514688
0,-16.058949,15.573203,-15.934283,15.593543,-16.055004,15.578845
0,-15.942988,15.632032,-15.944584,15.635937,-16.017592,15.648794
0,-15.936211,15.613132,-15.942123,15.629915,-16.017592,15.648794
0,-16.017656,15.648777,-16.056661,15.599077,-16.054392,15.589303
0,-15.975746,15.677150,-15.975860,15.678209,-15.982036,15.677651
0,-16.017592,15.648794,-15.999845,15.676041,-16.003007,15.675473
0,-15.858930,15.558116,-15.866432,15.558278,-15.844997,15.532204
0,-15.932435,15.609402,-15.936211,15.613132,-15.934283,15.593543
0,-15.942123,15.629915,-15.942988,15.632032,-16.017592,15.648794
0,-15.906569,15.591544,-15.906869,15.592687,-15.934283,15.593543
0,-15.879901,15.375005,-15.907737,15.374400,-15.907634,15.374377
0,-15.804856,15.525051,-15.769204,15.504985,-15.799161,15.525639
0,-15.853280,15.375539,-15.783839,15.420398,-15.830663,15.523399
0,-15.768016,15.473779,-15.763242,15.484657,-15.769204,15.504985
0,-15.770185,15.516500,-15.770035,15.518319,-15.774277,15.524214
0,-15.769204,15.504985,-15.760859,15.490669,-15.765971,15.503468
0,-15.804856,15.525051,-15.805293,15.525000,-15.806214,15.524873
0,-15.770827,15.521195,-15.774277,15.524214,-15.770035,15.518319
0,-15.770953,15.513011,-15.774277,15.524214,-15.782417,15.527216
0,-15.899953,15.372635,-15.891909,15.372380,-15.879901,15.375005
0,-15.995946,15.389833,-15.984462,15.389674,-16.072224,15.558601
0,-15.844301,15.529956,-15.914609,15.376204,-15.879901,15.375005
0,-15.840250,15.372144,-15.795378,15.392604,-15.791583,15.401748
0,-15.791583,15.401748,-15.783839,15.420398,-15.853280,15.375539
0,-15.805406,15.373646,-15.795378,15.392604,-15.815981,15.369221
0,-15.783839,15.420398,-15.782070,15.423314,-15.830663,15.523399
0,-15.771129,15.461713,-15.770209,15.465279,-15.822471,15.522760
0,-15.760001,15.494281,-15.760411,15.498298,-15.765971,15.503468
0,-16.112815,15.391704,-16.125874,15.455104,-16.122603,15.394559
0,-16.145107,15.398271,-16.139957,15.394184,-16.134538,15.395073
0,-16.142622,15.394648,-16.139957,15.394184,-16.145107,15.398271
0,-16.122603,15.394559,-16.125874,15.455104,-16.130423,15.453508
0,-16.106801,15.389951,-16.087369,15.391767,-16.112815,15.391704
0,-16.093047,15.380834,-16.086722,15.378414,-16.087336,15.391076
0,-16.062655,15.392694,-16.061881,15.392762,-16.113854,15.471518
0,-16.099777,15.385585,-16.087369,15.391767,-16.106801,15.389951
0,-16.093047,15.380834,-16.087336,15.391076,-16.099777,15.385585
0,-16.099777,15.385585,-16.087336,15.391076,-16.087369,15.391767
0,-16.117669,15.463073,-16.072322,15.391843,-16.062655,15.392694
0,-16.058949,15.573203,-15.984462,15.389674,-15.934283,15.593543
0,-15.984462,15.389674,-15.976317,15.389560,-15.934283,15.593543
0,-15.871200,15.558277,-15.844997,15.532204,-15.866432,15.558278
0,-16.052153,15.393346,-16.108111,15.487894,-16.053737,15.393519
0,-16.038019,15.392680,-16.105428,15.494276,-16.042705,15.392755
0,-16.011133,15.390483,-16.073420,15.557384,-16.101512,15.506480
0,-16.117669,15.463073,-16.062655,15.392694,-16.113854,15.471518
0,-16.108111,15.487894,-16.052153,15.393346,-16.049711,15.393079
0,-16.108111,15.487894,-16.049711,15.393079,-16.042705,15.392755
0,-16.113086,15.476059,-16.113854,15.471518,-16.108111,15.487894
0,-16.042705,15.392755,-16.105428,15.494276,-16.108111,15.487894
0,-16.105428,15.494276,-16.030031,15.392552,-16.101512,15.506480
0,-16.105351,15.494658,-16.105428,15.494276,-16.101512,15.506480
0,-16.099788,15.514688,-16.088124,15.540066,-16.099732,15.514951
0,-16.099732,15.514951,-16.088124,15.540066,-16.099721,15.515005
0,-16.099721,15.515005,-16.088124,15.540066,-16.099617,15.515501
0,-16.107289,15.525804,-16.108522,15.516519,-16.099490,15.516107
0,-16.105351,15.494658,-16.101512,15.506480,-16.103984,15.501478
0,-16.030031,15.392552,-16.011133,15.390483,-16.101512,15.506480
0,-16.117233,15.465190,-16.117669,15.463073,-16.113854,15.471518
0,-16.120947,15.459178,-16.087369,15.391767,-16.117669,15.463073
0,-16.155012,15.440701,-16.147016,15.448948,-16.153365,15.444187
0,-16.156038,15.437334,-16.130423,15.453508,-16.143410,15.450774
0,-16.129019,15.395579,-16.122603,15.394559,-16.130423,15.453508
0,-16.123482,15.457082,-16.087369,15.391767,-16.120947,15.459178
0,-16.156584,15.411678,-16.154631,15.408745,-16.158419,15.416266
0,-16.156584,15.411678,-16.158419,15.416266,-16.157614,15.413226
0,-16.154631,15.408745,-16.148781,15.403035,-16.157796,15.431563
0,-16.158466,15.415113,-16.157614,15.413226,-16.158419,15.416266
0,-16.158419,15.416266,-16.154631,15.408745,-16.157796,15.431563
0,-16.155012,15.440701,-16.153365,15.444187,-16.154510,15.442346
0,-16.117033,15.521004,-16.108522,15.516519,-16.115581,15.523915
0,-16.117033,15.521004,-16.115581,15.523915,-16.116940,15.522312
0,-16.107289,15.525804,-16.099490,15.516107,-16.099501,15.527183
0,-16.099501,15.527183,-16.099490,15.516107,-16.095869,15.530836
0,-16.088124,15.540066,-16.093023,15.533787,-16.099490,15.516107
0,-16.095869,15.530836,-16.099490,15.516107,-16.093023,15.533787
0,-16.058949,15.573203,-16.072224,15.558601,-15.984462,15.389674
0,-16.073420,15.557384,-16.011133,15.390483,-16.072224,15.558601
0,-16.099617,15.515501,-16.088124,15.540066,-16.099490,15.516107
0,-16.073420,15.557384,-16.084966,15.544605,-16.088124,15.540066
0,-16.080374,15.550564,-16.084135,15.545800,-16.084966,15.544605
0,-16.062005,15.611872,-16.060450,15.608150,-16.047902,15.643168
0,-16.068309,15.563585,-16.072224,15.558601,-16.058949,15.573203
0,-16.070287,15.628525,-16.066055,15.636410,-16.072167,15.633537
0,-16.069303,15.626547,-16.062005,15.611872,-16.056895,15.640160
0,-16.017592,15.648794,-15.972666,15.670579,-15.992493,15.676706
0,-16.017656,15.648777,-16.054392,15.589303,-16.053835,15.586906
0,-16.017656,15.648777,-16.018292,15.648697,-16.056661,15.599077
0,-16.056895,15.640160,-16.062005,15.611872,-16.047902,15.643168
0,-15.934283,15.593543,-16.054027,15.582735,-16.055004,15.578845
0,-15.934283,15.593543,-16.054026,15.582741,-16.054027,15.582735
0,-16.017592,15.648794,-16.053835,15.586906,-16.053424,15.585136
0,-16.020597,15.661561,-16.017592,15.648794,-16.005563,15.675014
0,-16.022950,15.671891,-16.020597,15.661561,-16.015890,15.673159
0,-16.017592,15.648794,-16.003007,15.675473,-16.005563,15.675014
0,-15.982036,15.677651,-15.974557,15.672095,-15.975337,15.673341
0,-15.992493,15.676706,-15.972666,15.670579,-15.974557,15.672095
0,-15.992493,15.676706,-15.999845,15.676041,-16.017592,15.648794
0,-15.960060,15.662613,-15.961131,15.664626,-15.962265,15.665584
0,-15.960060,15.662613,-15.962265,15.665584,-15.969303,15.668544
0,-16.017592,15.648794,-16.017656,15.648777,-16.053835,15.586906
0,-16.020706,15.661544,-16.020597,15.661561,-16.022950,15.671891
0,-15.949318,15.645603,-16.017592,15.648794,-15.946894,15.640654
0,-15.969303,15.668544,-15.972666,15.670579,-16.017592,15.648794
0,-16.017592,15.648794,-15.953423,15.652521,-15.957830,15.659223
0,-16.015890,15.673159,-16.020597,15.661561,-16.005563,15.675014
0,-16.060450,15.608150,-16.043130,15.644764,-16.047902,15.643168
0,-16.060450,15.608150,-16.040910,15.645206,-16.043130,15.644764
0,-16.060450,15.608150,-16.033550,15.646671,-16.040910,15.645206
0,-16.056661,15.599077,-16.032252,15.646959,-16.033550,15.646671
0,-16.056661,15.599077,-16.027809,15.647946,-16.032252,15.646959
0,-16.056661,15.599077,-16.020031,15.648479,-16.027809,15.647946
0,-16.056661,15.599077,-16.018292,15.648697,-16.020031,15.648479
0,-15.976317,15.389560,-15.955233,15.388168,-15.899648,15.577007
0,-15.871200,15.558277,-15.888323,15.569921,-15.945406,15.387869
0,-15.899648,15.577007,-15.955233,15.388168,-15.945406,15.387869
0,-15.871589,15.564189,-15.872182,15.565867,-15.872268,15.561412
0,-15.878420,15.570264,-15.872268,15.561412,-15.872182,15.565867
0,-15.871583,15.562850,-15.871589,15.564189,-15.872268,15.561412
0,-15.872268,15.561412,-15.884957,15.570807,-15.886953,15.570321
0,-15.878420,15.570264,-15.878624,15.570407,-15.884957,15.570807
0,-15.891129,15.576831,-15.889796,15.574645,-15.890594,15.576338
0,-15.891129,15.576831,-15.899648,15.577007,-15.889796,15.574645
0,-15.969303,15.668544,-16.017592,15.648794,-15.957830,15.659223
0,-16.017592,15.648794,-15.949318,15.645603,-15.953423,15.652521
0,-15.969303,15.668544,-15.958563,15.660338,-15.960060,15.662613
0,-15.969303,15.668544,-15.958174,15.659747,-15.958563,15.660338
0,-15.969303,15.668544,-15.957830,15.659223,-15.958174,15.659747
0,-15.934283,15.593543,-15.931811,15.608785,-15.932435,15.609402
0,-15.906547,15.591460,-15.906569,15.591544,-15.934283,15.593543
0,-15.901801,15.583179,-15.906547,15.591460,-15.934283,15.593543
0,-15.899648,15.577007,-15.901086,15.581130,-15.934283,15.593543
0,-15.899648,15.577007,-15.888489,15.570503,-15.889284,15.573298
0,-15.976317,15.389560,-15.899648,15.577007,-15.934283,15.593543
0,-15.888323,15.569921,-15.888489,15.570503,-15.899648,15.577007
0,-15.888323,15.569921,-15.871200,15.558277,-15.872268,15.561412
0,-15.838831,15.537811,-15.836431,15.539404,-15.841731,15.560245
0,-15.841731,15.560245,-15.832699,15.543192,-15.840896,15.560213
0,-15.849896,15.560559,-15.838831,15.537811,-15.841731,15.560245
0,-15.841731,15.560245,-15.836431,15.539404,-15.832699,15.543192
0,-15.840896,15.560213,-15.832241,15.556642,-15.833616,15.558130
0,-15.840896,15.560213,-15.832699,15.543192,-15.832241,15.556642
0,-15.798692,15.525687,-15.799161,15.525639,-15.771097,15.509677
0,-15.832241,15.556642,-15.830144,15.546523,-15.830176,15.554408
0,-15.830144,15.546523,-15.828873,15.549847,-15.830176,15.554408
0,-15.858930,15.558116,-15.844997,15.532204,-15.842945,15.534878
0,-15.832241,15.556642,-15.832699,15.543192,-15.830144,15.546523
0,-15.945406,15.387869,-15.935900,15.378596,-15.922567,15.378292
0,-15.858930,15.558116,-15.842945,15.534878,-15.849896,15.560559
0,-15.842945,15.534878,-15.838831,15.537811,-15.849896,15.560559
0,-15.871200,15.558277,-15.844719,15.531306,-15.844997,15.532204
0,-15.871200,15.558277,-15.844605,15.530939,-15.844719,15.531306
0,-15.871200,15.558277,-15.844301,15.529956,-15.844605,15.530939
0,-15.914609,15.376204,-15.907737,15.374400,-15.879901,15.375005
0,-15.844301,15.529956,-15.838356,15.526562,-15.842233,15.528881
0,-15.791678,15.526572,-15.771097,15.509677,-15.786637,15.527201
0,-15.786637,15.527201,-15.771097,15.509677,-15.770953,15.513011
0,-15.760411,15.498298,-15.762472,15.501826,-15.765971,15.503468
0,-15.760859,15.490669,-15.760001,15.494281,-15.765971,15.503468
0,-15.769291,15.468839,-15.768016,15.473779,-15.814383,15.523747
0,-15.769204,15.504985,-15.804856,15.525051,-15.806214,15.524873
0,-15.799161,15.525639,-15.769204,15.504985,-15.771097,15.509677
0,-15.763242,15.484657,-15.760859,15.490669,-15.769204,15.504985
0,-15.770185,15.516500,-15.774277,15.524214,-15.770953,15.513011
0,-15.771097,15.509677,-15.796305,15.525933,-15.796657,15.525897
0,-15.771097,15.509677,-15.791678,15.526572,-15.794136,15.526265
0,-15.796305,15.525933,-15.771097,15.509677,-15.794136,15.526265
0,-15.816941,15.523435,-15.769849,15.466675,-15.769291,15.468839
0,-15.805293,15.525000,-15.804856,15.525051,-15.805112,15.525025
0,-15.867630,15.376201,-15.830663,15.523399,-15.838356,15.526562
0,-15.770209,15.465279,-15.769849,15.466675,-15.822471,15.522760
0,-15.830663,15.523399,-15.772681,15.456644,-15.822471,15.522760
0,-15.769849,15.466675,-15.816941,15.523435,-15.822471,15.522760
0,-15.769291,15.468839,-15.814383,15.523747,-15.816941,15.523435
0,-15.768016,15.473779,-15.769204,15.504985,-15.806214,15.524873
0,-15.814383,15.523747,-15.768016,15.473779,-15.806214,15.524873
0,-15.772681,15.456644,-15.771129,15.461713,-15.822471,15.522760
0,-15.945406,15.387869,-15.844301,15.529956,-15.871200,15.558277
0,-15.914609,15.376204,-15.844301,15.529956,-15.922567,15.378292
0,-15.888323,15.569921,-15.899648,15.577007,-15.945406,15.387869
0,-15.922567,15.378292,-15.844301,15.529956,-15.945406,15.387869
0,-15.935900,15.378596,-15.945406,15.387869,-15.943696,15.382874
0,-15.899953,15.372635,-15.879901,15.375005,-15.907634,15.374377
0,-15.879901,15.375005,-15.838356,15.526562,-15.844301,15.529956
0,-15.867630,15.376201,-15.838356,15.526562,-15.879901,15.375005
0,-15.853280,15.375539,-15.830663,15.523399,-15.867630,15.376201
0,-15.817568,15.368654,-15.831211,15.368016,-15.820855,15.367481
0,-15.795378,15.392604,-15.840250,15.372144,-15.834340,15.369446
0,-15.817568,15.368654,-15.834340,15.369446,-15.831211,15.368016
0,-15.817568,15.368654,-15.815981,15.369221,-15.834340,15.369446
0,-15.805406,15.373646,-15.815981,15.369221,-15.809481,15.371110
0,-15.795378,15.392604,-15.834340,15.369446,-15.815981,15.369221
0,-15.772566,15.438980,-15.769737,15.443644,-15.772681,15.456644
0,-15.782070,15.423314,-15.772681,15.456644,-15.830663,15.523399
0,-15.782070,15.423314,-15.772566,15.438980,-15.772681,15.456644
0,-15.805406,15.373646,-15.802168,15.376242,-15.795378,15.392604
0,-15.805406,15.373646,-15.802494,15.375457,-15.802168,15.376242
0,-15.840250,15.372144,-15.791583,15.401748,-15.853280,15.375539
