88,1,24,110,15,
0,-15.729025,12.778853,-15.646493,12.900026,-15.730990,12.784231
0,-15.692069,12.728611,-15.706599,12.739099,-15.697805,12.731706
0,-15.296410,13.035992,-15.280797,12.862530,-15.283479,13.037442
0,-15.580318,12.700264,-15.612514,12.703928,-15.609951,12.702319
0,-15.588366,12.696521,-15.608243,12.701246,-15.589154,12.696250
0,-15.473598,12.796120,-15.471898,12.797004,-15.512411,12.801317
0,-15.711977,12.744826,-15.692069,12.728611,-15.716114,12.750179
0,-15.445439,12.819057,-15.515640,12.803604,-15.468098,12.798676
0,-15.688181,12.913515,-15.705293,12.902814,-15.660243,12.899234
0,-15.373322,13.024163,-15.358640,13.028277,-15.368997,13.027050
0,-15.169501,13.020961,-15.171174,13.022440,-15.171609,13.022760
0,-15.307146,13.035023,-15.280797,12.862530,-15.297129,13.035928
0,-15.325199,13.031891,-15.280797,12.862530,-15.313733,13.034058
0,-15.169501,13.020961,-15.171112,13.022395,-15.171174,13.022440
0,-15.166865,13.019383,-15.158929,12.990737,-15.156199,13.004348
0,-15.166865,13.019383,-15.156559,13.006555,-15.156666,13.007119
0,-15.158717,12.953269,-15.159354,12.956994,-15.160821,12.961013
0,-15.334187,13.030786,-15.325544,12.855548,-15.325199,13.031891
0,-15.166830,12.971374,-15.166842,12.975473,-15.247703,13.043722
0,-15.243177,12.825145,-15.243179,12.824976,-15.242322,12.821268
0,-15.183627,12.816033,-15.115564,12.874661,-15.130390,12.918382
0,-15.114906,12.864768,-15.150287,12.807985,-15.114281,12.834071
0,-15.536994,12.782798,-15.634908,12.901874,-15.537527,12.781505
0,-15.646493,12.900026,-15.659623,12.716013,-15.537527,12.781505
0,-15.632921,12.708901,-15.537527,12.781505,-15.639504,12.710321
0,-15.669258,12.719339,-15.659623,12.716013,-15.646493,12.900026
0,-15.580318,12.700264,-15.609951,12.702319,-15.608243,12.701246
0,-15.575079,12.680622,-15.579279,12.692293,-15.578181,12.681814
0,-15.543260,12.701350,-15.541495,12.705229,-15.542024,12.715436
0,-15.541363,12.762206,-15.539596,12.768390,-15.632921,12.708901
0,-15.580318,12.700264,-15.580172,12.698370,-15.545743,12.695895
0,-15.580318,12.700264,-15.608243,12.701246,-15.588366,12.696521
0,-15.540075,12.712321,-15.542024,12.715436,-15.541495,12.705229
0,-15.682553,12.724090,-15.669258,12.719339,-15.729025,12.778853
0,-15.536994,12.782798,-15.534667,12.789071,-15.634908,12.901874
0,-15.526147,12.794974,-15.520749,12.802019,-15.534667,12.789071
0,-15.435273,12.828261,-15.431119,12.828153,-15.477189,12.939795
0,-15.499181,12.792825,-15.477100,12.794296,-15.504500,12.795303
0,-15.520749,12.802019,-15.581324,12.917524,-15.534667,12.789071
0,-15.463305,12.800867,-15.455121,12.805245,-15.449406,12.812619
0,-15.639504,12.710321,-15.649250,12.712780,-15.645965,12.711741
0,-15.639504,12.710321,-15.537527,12.781505,-15.649250,12.712780
0,-15.729499,12.774306,-15.732291,12.774437,-15.727149,12.766197
0,-15.727149,12.766197,-15.722252,12.758435,-15.728774,12.776342
0,-15.739329,12.801553,-15.746558,12.814451,-15.744471,12.809433
0,-15.682553,12.724090,-15.729025,12.778853,-15.716114,12.750179
0,-15.737367,12.797491,-15.730990,12.784231,-15.660243,12.899234
0,-15.459972,12.801906,-15.455121,12.805245,-15.463305,12.800867
0,-15.547363,12.926383,-15.517584,12.804082,-15.486299,12.929529
0,-15.422510,12.824320,-15.422501,12.824314,-15.380797,12.831894
0,-15.739634,12.887408,-15.749623,12.820423,-15.705293,12.902814
0,-15.688181,12.913515,-15.705971,12.911702,-15.705293,12.902814
0,-15.759936,12.844916,-15.753615,12.890589,-15.772629,12.891384
0,-15.575205,12.918440,-15.520749,12.802019,-15.519241,12.803266
0,-15.374445,12.839846,-15.426728,12.826725,-15.375978,12.837762
0,-15.537527,12.781505,-15.642275,12.900699,-15.646493,12.900026
0,-15.380797,12.831894,-15.422501,12.824314,-15.422498,12.824312
0,-15.374445,12.839846,-15.431119,12.828153,-15.428881,12.827425
0,-15.332469,12.855539,-15.387379,13.016866,-15.393829,13.013530
0,-15.332469,12.855539,-15.334187,13.030786,-15.346923,13.029262
0,-15.437691,12.992141,-15.444012,12.989587,-15.477189,12.939795
0,-15.402851,12.809419,-15.396312,12.805888,-15.384245,12.822462
0,-15.384245,12.822462,-15.406756,12.812236,-15.405097,12.811234
0,-15.384245,12.822462,-15.405097,12.811234,-15.402851,12.809419
0,-15.396312,12.805888,-15.392313,12.805607,-15.382870,12.816196
0,-15.377956,13.021580,-15.387379,13.016866,-15.332469,12.855539
0,-15.334187,13.030786,-15.325199,13.031891,-15.330568,13.031884
0,-15.300686,12.856182,-15.280797,12.862530,-15.325544,12.855548
0,-15.307146,13.035023,-15.313733,13.034058,-15.280797,12.862530
0,-15.283479,13.037442,-15.276529,12.862486,-15.270393,13.039250
0,-15.280797,12.862530,-15.276529,12.862486,-15.283479,13.037442
0,-15.179343,13.027888,-15.192935,13.032859,-15.164115,12.981941
0,-15.164115,12.981941,-15.162737,12.984048,-15.161355,12.986707
0,-15.166865,13.019383,-15.169501,13.020961,-15.161355,12.986707
0,-15.164115,12.981941,-15.169501,13.020961,-15.172870,13.023686
0,-15.161355,12.986707,-15.169501,13.020961,-15.164115,12.981941
0,-15.160821,12.961013,-15.162342,12.964155,-15.163538,12.965484
0,-15.166058,12.968467,-15.166830,12.971374,-15.276529,12.862486
0,-15.166830,12.971374,-15.270393,13.039250,-15.276529,12.862486
0,-15.165640,12.967819,-15.166058,12.968467,-15.158287,12.950172
0,-15.158380,12.950842,-15.158717,12.953269,-15.165640,12.967819
0,-15.158380,12.950842,-15.165640,12.967819,-15.158287,12.950172
0,-15.112037,12.894880,-15.114445,12.900784,-15.112767,12.889736
0,-15.114906,12.864768,-15.172896,12.812212,-15.150287,12.807985
0,-15.272114,12.860960,-15.157878,12.948513,-15.166058,12.968467
0,-15.144436,12.933882,-15.188686,12.816508,-15.137922,12.926695
0,-15.156199,13.004348,-15.156559,13.006555,-15.166865,13.019383
0,-15.130390,12.918382,-15.130311,12.918444,-15.130390,12.918384
0,-15.291981,12.856192,-15.289495,12.856769,-15.297468,12.856473
0,-15.284695,12.859152,-15.280797,12.862530,-15.297468,12.856473
0,-15.338612,12.854095,-15.332469,12.855539,-15.393829,13.013530
0,-15.382226,12.809785,-15.382573,12.813612,-15.385732,12.806526
0,-15.385732,12.806526,-15.383588,12.807294,-15.382226,12.809785
0,-15.303830,12.854240,-15.300686,12.856182,-15.312960,12.854414
0,-15.426475,12.996179,-15.477189,12.939795,-15.369476,12.843155
0,-15.188686,12.816508,-15.248557,12.839626,-15.248025,12.838956
0,-15.188686,12.816508,-15.248025,12.838956,-15.246421,12.836936
0,-15.267375,12.853524,-15.265571,12.853382,-15.267467,12.853636
0,-15.242322,12.821268,-15.243179,12.824976,-15.243117,12.823900
0,-15.549441,12.687769,-15.545743,12.695895,-15.580172,12.698370
0,-15.114281,12.834071,-15.150287,12.807985,-15.148239,12.807469
0,-15.114663,12.815983,-15.145663,12.805863,-15.122923,12.805136
0,-15.231084,12.805367,-15.230018,12.805308,-15.228859,12.806546
0,-15.142487,12.803542,-15.142444,12.803510,-15.124217,12.804018
0,-15.566827,12.677995,-15.579279,12.692293,-15.575079,12.680622
0,-15.539596,12.768390,-15.537527,12.781505,-15.632921,12.708901
0,-15.541483,12.761831,-15.632921,12.708901,-15.625728,12.707363
0,-15.541483,12.761831,-15.625728,12.707363,-15.620120,12.706060
0,-15.682553,12.724090,-15.716114,12.750179,-15.692069,12.728611
0,-15.697805,12.731706,-15.706599,12.739099,-15.701833,12.734327
0,-15.650843,12.713284,-15.649250,12.712780,-15.537527,12.781505
0,-15.659623,12.716013,-15.650843,12.713284,-15.537527,12.781505
0,-15.545599,12.746005,-15.612514,12.703928,-15.546323,12.742559
0,-15.542549,12.755845,-15.620120,12.706060,-15.545599,12.746005
0,-15.604275,12.697966,-15.589154,12.696250,-15.608243,12.701246
0,-15.542024,12.715436,-15.542225,12.715916,-15.543260,12.701350
0,-15.546007,12.731362,-15.546608,12.738897,-15.580318,12.700264
0,-15.549441,12.687769,-15.580172,12.698370,-15.579279,12.692293
0,-15.593562,12.694797,-15.599243,12.695584,-15.597060,12.694205
0,-15.591828,12.695328,-15.589154,12.696250,-15.599243,12.695584
0,-15.599243,12.695584,-15.589154,12.696250,-15.604275,12.697966
0,-15.591828,12.695328,-15.599243,12.695584,-15.593562,12.694797
0,-15.566827,12.677995,-15.549441,12.687769,-15.579279,12.692293
0,-15.555421,12.674628,-15.553928,12.677909,-15.566827,12.677995
0,-15.388606,12.804990,-15.386219,12.805998,-15.385732,12.806526
0,-15.553928,12.677909,-15.549441,12.687769,-15.566827,12.677995
0,-15.545743,12.695895,-15.544491,12.698646,-15.580318,12.700264
0,-15.544491,12.698646,-15.543260,12.701350,-15.580318,12.700264
0,-15.390167,12.805083,-15.388606,12.804990,-15.385732,12.806526
0,-15.539791,12.708971,-15.539028,12.710648,-15.540075,12.712321
0,-15.392313,12.805607,-15.390167,12.805083,-15.385732,12.806526
0,-15.543262,12.718401,-15.580318,12.700264,-15.543260,12.701350
0,-15.541495,12.705229,-15.539791,12.708971,-15.540075,12.712321
0,-15.542225,12.715916,-15.543262,12.718401,-15.543260,12.701350
0,-15.543641,12.719309,-15.580318,12.700264,-15.543262,12.718401
0,-15.544205,12.721346,-15.580318,12.700264,-15.543641,12.719309
0,-15.544205,12.721346,-15.544533,12.722531,-15.580318,12.700264
0,-15.544853,12.723686,-15.580318,12.700264,-15.544533,12.722531
0,-15.544853,12.723686,-15.545925,12.727558,-15.580318,12.700264
0,-15.546007,12.731362,-15.580318,12.700264,-15.545925,12.727558
0,-15.546608,12.738897,-15.612514,12.703928,-15.580318,12.700264
0,-15.546323,12.742559,-15.612514,12.703928,-15.546608,12.738897
0,-15.545599,12.746005,-15.620120,12.706060,-15.612514,12.703928
0,-15.526147,12.794974,-15.534667,12.789071,-15.530393,12.791245
0,-15.523422,12.797755,-15.520749,12.802019,-15.526147,12.794974
0,-15.484356,12.791369,-15.477100,12.794296,-15.499181,12.792825
0,-15.512411,12.801317,-15.468098,12.798676,-15.515640,12.803604
0,-15.486563,12.790919,-15.499181,12.792825,-15.487670,12.790693
0,-15.487670,12.790693,-15.499181,12.792825,-15.494885,12.790393
0,-15.484356,12.791369,-15.499181,12.792825,-15.486563,12.790919
0,-15.482303,12.791703,-15.477100,12.794296,-15.484356,12.791369
0,-15.494885,12.790393,-15.499181,12.792825,-15.497423,12.791441
0,-15.504500,12.795303,-15.477100,12.794296,-15.508162,12.797737
0,-15.477100,12.794296,-15.473598,12.796120,-15.508162,12.797737
0,-15.447889,12.815091,-15.468098,12.798676,-15.463305,12.800867
0,-15.468098,12.798676,-15.465000,12.799945,-15.463305,12.800867
0,-15.512411,12.801317,-15.471898,12.797004,-15.468098,12.798676
0,-15.508162,12.797737,-15.473598,12.796120,-15.512411,12.801317
0,-15.520749,12.802019,-15.523422,12.797755,-15.522255,12.799336
0,-15.486481,12.936766,-15.486299,12.929529,-15.477189,12.939795
0,-15.530393,12.791245,-15.534667,12.789071,-15.530624,12.791041
0,-15.542549,12.755845,-15.541483,12.761831,-15.620120,12.706060
0,-15.541363,12.762206,-15.632921,12.708901,-15.541483,12.761831
0,-15.539885,12.766810,-15.539596,12.768390,-15.541363,12.762206
0,-15.543347,12.752613,-15.545599,12.746005,-15.544144,12.749525
0,-15.706599,12.739099,-15.692069,12.728611,-15.711977,12.744826
0,-15.543347,12.752613,-15.542549,12.755845,-15.545599,12.746005
0,-15.543636,12.751177,-15.543347,12.752613,-15.544144,12.749525
0,-15.729025,12.778853,-15.717256,12.751658,-15.716114,12.750179
0,-15.717256,12.751658,-15.717236,12.751631,-15.716114,12.750179
0,-15.729025,12.778853,-15.722252,12.758435,-15.717256,12.751658
0,-15.728774,12.776342,-15.729499,12.774306,-15.727149,12.766197
0,-15.729025,12.778853,-15.669258,12.719339,-15.646493,12.900026
0,-15.728774,12.776342,-15.722252,12.758435,-15.729025,12.778853
0,-15.730990,12.784231,-15.646493,12.900026,-15.660243,12.899234
0,-15.733318,12.788291,-15.737367,12.797491,-15.736135,12.792949
0,-15.737367,12.797491,-15.660243,12.899234,-15.739329,12.801553
0,-15.733318,12.788291,-15.730990,12.784231,-15.737367,12.797491
0,-15.746558,12.814451,-15.660243,12.899234,-15.705293,12.902814
0,-15.739329,12.801553,-15.660243,12.899234,-15.746558,12.814451
0,-15.515780,12.803703,-15.486299,12.929529,-15.517584,12.804082
0,-15.445439,12.819057,-15.468098,12.798676,-15.447889,12.815091
0,-15.455121,12.805245,-15.450682,12.809559,-15.449406,12.812619
0,-15.463305,12.800867,-15.448962,12.813343,-15.447889,12.815091
0,-15.463305,12.800867,-15.449406,12.812619,-15.448962,12.813343
0,-15.759936,12.844916,-15.739634,12.887408,-15.753615,12.890589
0,-15.460908,12.991331,-15.470677,12.981132,-15.470677,12.981132
0,-15.705293,12.902814,-15.749623,12.820423,-15.746558,12.814451
0,-15.534667,12.789071,-15.581324,12.917524,-15.626101,12.906309
0,-15.739634,12.887408,-15.705293,12.902814,-15.739288,12.894107
0,-15.537527,12.781505,-15.634908,12.901874,-15.642275,12.900699
0,-15.534667,12.789071,-15.626101,12.906309,-15.634908,12.901874
0,-15.756028,12.835634,-15.749623,12.820423,-15.739634,12.887408
0,-15.739634,12.887408,-15.756381,12.836474,-15.756028,12.835634
0,-15.739634,12.887408,-15.758230,12.840865,-15.756381,12.836474
0,-15.759936,12.844916,-15.772629,12.891384,-15.780649,12.845841
0,-15.739634,12.887408,-15.758388,12.841240,-15.758230,12.840865
0,-15.739634,12.887408,-15.759936,12.844916,-15.758388,12.841240
0,-15.688181,12.913515,-15.705971,12.911703,-15.705971,12.911702
0,-15.683824,12.913959,-15.688181,12.913515,-15.660243,12.899234
0,-15.660783,12.916305,-15.683824,12.913959,-15.660243,12.899234
0,-15.626101,12.906309,-15.581324,12.917524,-15.602116,12.919064
0,-15.519241,12.803266,-15.517584,12.804082,-15.575205,12.918440
0,-15.591756,12.924572,-15.581324,12.917524,-15.581811,12.930677
0,-15.591756,12.924572,-15.602116,12.919064,-15.581324,12.917524
0,-15.474750,12.955278,-15.444012,12.989587,-15.470677,12.981132
0,-15.468409,12.991397,-15.470677,12.981132,-15.460908,12.991331
0,-15.486299,12.929529,-15.438258,12.828256,-15.435273,12.828261
0,-15.486481,12.936766,-15.477189,12.939795,-15.485976,12.940279
0,-15.581324,12.917524,-15.520749,12.802019,-15.575205,12.918440
0,-15.575205,12.918440,-15.517584,12.804082,-15.547363,12.926383
0,-15.515780,12.803703,-15.440888,12.826759,-15.486299,12.929529
0,-15.486299,12.929529,-15.435273,12.828261,-15.477189,12.939795
0,-15.374445,12.839846,-15.428881,12.827425,-15.426728,12.826725
0,-15.378313,12.833883,-15.375978,12.837762,-15.380797,12.831894
0,-15.470677,12.981132,-15.444012,12.989587,-15.460908,12.991331
0,-15.474750,12.955278,-15.477189,12.939795,-15.444012,12.989587
0,-15.426475,12.996179,-15.437691,12.992141,-15.477189,12.939795
0,-15.346427,12.851969,-15.411476,13.004399,-15.347094,12.851788
0,-15.411476,13.004399,-15.426475,12.996179,-15.347094,12.851788
0,-15.411476,13.004399,-15.418736,13.001204,-15.426475,12.996179
0,-15.387379,13.016866,-15.377956,13.021580,-15.380737,13.020666
0,-15.358640,13.028277,-15.363125,13.028726,-15.368997,13.027050
0,-15.346923,13.029262,-15.355267,13.028676,-15.377956,13.021580
0,-15.377956,13.021580,-15.373322,13.024163,-15.376412,13.023249
0,-15.377956,13.021580,-15.358640,13.028277,-15.373322,13.024163
0,-15.426475,12.996179,-15.360995,12.846468,-15.347094,12.851788
0,-15.426475,12.996179,-15.369476,12.843155,-15.360995,12.846468
0,-15.477189,12.939795,-15.431119,12.828153,-15.374445,12.839846
0,-15.381525,12.829835,-15.380797,12.831894,-15.383327,12.828397
0,-15.375978,12.837762,-15.426728,12.826725,-15.380797,12.831894
0,-15.369476,12.843155,-15.477189,12.939795,-15.374445,12.839846
0,-15.382870,12.816196,-15.384245,12.822462,-15.396312,12.805888
0,-15.384201,12.826147,-15.406756,12.812236,-15.384245,12.822462
0,-15.384201,12.826147,-15.413254,12.817502,-15.407980,12.812974
0,-15.384201,12.826147,-15.383327,12.828397,-15.413254,12.817502
0,-15.383327,12.828397,-15.417054,12.820396,-15.413254,12.817502
0,-15.419874,12.822544,-15.380797,12.831894,-15.422498,12.824312
0,-15.383327,12.828397,-15.419874,12.822544,-15.417054,12.820396
0,-15.383327,12.828397,-15.380797,12.831894,-15.419874,12.822544
0,-15.486299,12.929529,-15.440888,12.826759,-15.438258,12.828256
0,-15.515780,12.803703,-15.441822,12.825494,-15.440888,12.826759
0,-15.515780,12.803703,-15.515640,12.803604,-15.445439,12.819057
0,-15.441822,12.825494,-15.515780,12.803703,-15.445439,12.819057
0,-15.441822,12.825494,-15.445439,12.819057,-15.443455,12.822104
0,-15.426728,12.826725,-15.422510,12.824320,-15.380797,12.831894
0,-15.392313,12.805607,-15.382573,12.813612,-15.382870,12.816196
0,-15.384201,12.826147,-15.407980,12.812974,-15.406756,12.812236
0,-15.385732,12.806526,-15.382573,12.813612,-15.392313,12.805607
0,-15.388606,12.804990,-15.387485,12.805087,-15.386219,12.805998
0,-15.280797,12.862530,-15.298683,12.856363,-15.297468,12.856473
0,-15.289495,12.856769,-15.284695,12.859152,-15.297468,12.856473
0,-15.272114,12.860960,-15.166058,12.968467,-15.276529,12.862486
0,-15.264117,12.852704,-15.272114,12.860960,-15.271245,12.859062
0,-15.265571,12.853382,-15.270671,12.857810,-15.270428,12.857277
0,-15.160821,12.961013,-15.163538,12.965484,-15.165640,12.967819
0,-15.157878,12.948513,-15.158287,12.950172,-15.166058,12.968467
0,-15.265571,12.853382,-15.271245,12.859062,-15.270671,12.857810
0,-15.265571,12.853382,-15.264117,12.852704,-15.271245,12.859062
0,-15.169501,13.020961,-15.171609,13.022760,-15.172870,13.023686
0,-15.166842,12.975473,-15.204360,13.038449,-15.247703,13.043722
0,-15.192935,13.032859,-15.179343,13.027888,-15.186346,13.032433
0,-15.322273,13.033569,-15.325199,13.031891,-15.313733,13.034058
0,-15.330568,13.031884,-15.332579,13.032224,-15.334187,13.030786
0,-15.190592,13.033148,-15.192935,13.032859,-15.186346,13.032433
0,-15.166842,12.975473,-15.165022,12.979876,-15.192935,13.032859
0,-15.346923,13.029262,-15.334187,13.030786,-15.345849,13.029474
0,-15.325544,12.855548,-15.315634,12.854572,-15.300686,12.856182
0,-15.377956,13.021580,-15.355267,13.028676,-15.358640,13.028277
0,-15.346923,13.029262,-15.351681,13.029256,-15.355267,13.028676
0,-15.332469,12.855539,-15.346923,13.029262,-15.377956,13.021580
0,-15.334187,13.030786,-15.338507,13.030924,-15.345849,13.029474
0,-15.293728,13.037192,-15.296410,13.035992,-15.283479,13.037442
0,-15.297129,13.035928,-15.280797,12.862530,-15.296410,13.035992
0,-15.283479,13.037442,-15.270393,13.039250,-15.276892,13.038885
0,-15.270393,13.039250,-15.166830,12.971374,-15.264830,13.040117
0,-15.257072,13.041847,-15.166830,12.971374,-15.247703,13.043722
0,-15.257072,13.041847,-15.264830,13.040117,-15.166830,12.971374
0,-15.252242,13.043287,-15.257072,13.041847,-15.247703,13.043722
0,-15.259415,13.041988,-15.264830,13.040117,-15.257072,13.041847
0,-15.241848,13.044876,-15.210512,13.041602,-15.219740,13.046188
0,-15.237457,13.046460,-15.241848,13.044876,-15.219740,13.046188
0,-15.219740,13.046188,-15.210512,13.041602,-15.212856,13.043753
0,-15.228381,13.048334,-15.237457,13.046460,-15.219740,13.046188
0,-15.228353,13.048345,-15.219740,13.046188,-15.224868,13.049772
0,-15.228353,13.048345,-15.228381,13.048334,-15.219740,13.046188
0,-15.247703,13.043722,-15.204360,13.038449,-15.241848,13.044876
0,-15.241848,13.044876,-15.204360,13.038449,-15.210512,13.041602
0,-15.166842,12.975473,-15.192935,13.032859,-15.204360,13.038449
0,-15.204360,13.038449,-15.192935,13.032859,-15.198501,13.036587
0,-15.158625,12.955364,-15.158777,12.955892,-15.158684,12.954013
0,-15.158684,12.954013,-15.159354,12.956994,-15.158717,12.953269
0,-15.158777,12.955892,-15.159354,12.956994,-15.158684,12.954013
0,-15.192935,13.032859,-15.165022,12.979876,-15.164115,12.981941
0,-15.179343,13.027888,-15.164115,12.981941,-15.172870,13.023686
0,-15.158929,12.990737,-15.166865,13.019383,-15.161355,12.986707
0,-15.158717,12.953269,-15.160821,12.961013,-15.165640,12.967819
0,-15.166865,13.019383,-15.156666,13.007119,-15.157196,13.009915
0,-15.166865,13.019383,-15.157196,13.009915,-15.159541,13.014651
0,-15.156005,13.002919,-15.156199,13.004348,-15.158929,12.990737
0,-15.155935,12.995409,-15.155791,12.996890,-15.158929,12.990737
0,-15.155755,13.001310,-15.156005,13.002919,-15.158929,12.990737
0,-15.158929,12.990737,-15.155791,12.996890,-15.155600,12.998853
0,-15.155600,12.998853,-15.155468,13.000207,-15.155684,13.001037
0,-15.155755,13.001310,-15.158929,12.990737,-15.155600,12.998853
0,-15.155755,13.001310,-15.155600,12.998853,-15.155684,13.001037
0,-15.151049,12.941181,-15.154829,12.943099,-15.149207,12.939148
0,-15.154829,12.943099,-15.188686,12.816508,-15.144436,12.933882
0,-15.130390,12.918384,-15.130311,12.918444,-15.130312,12.918445
0,-15.156867,12.946201,-15.157878,12.948513,-15.272114,12.860960
0,-15.157878,12.948513,-15.156867,12.946201,-15.157234,12.947125
0,-15.152491,12.942436,-15.154829,12.943099,-15.151049,12.941181
0,-15.272114,12.860960,-15.256715,12.849252,-15.255715,12.848966
0,-15.154829,12.943099,-15.144436,12.933882,-15.149207,12.939148
0,-15.156867,12.946201,-15.272114,12.860960,-15.255715,12.848966
0,-15.248557,12.839626,-15.188686,12.816508,-15.154829,12.943099
0,-15.115568,12.881719,-15.124795,12.912208,-15.125615,12.913115
0,-15.130390,12.918384,-15.137922,12.926695,-15.130390,12.918382
0,-15.137922,12.926695,-15.188686,12.816508,-15.130390,12.918382
0,-15.130390,12.918382,-15.115568,12.881719,-15.125615,12.913115
0,-15.115564,12.874661,-15.115568,12.881719,-15.130390,12.918382
0,-15.112767,12.889736,-15.114445,12.900784,-15.115568,12.881719
0,-15.188686,12.816508,-15.183627,12.816033,-15.130390,12.918382
0,-15.115568,12.881719,-15.114445,12.900784,-15.124795,12.912208
0,-15.112037,12.894880,-15.111671,12.897721,-15.114445,12.900784
0,-15.111621,12.897545,-15.111671,12.897721,-15.112037,12.894880
0,-15.197828,12.814946,-15.188686,12.816508,-15.202582,12.815122
0,-15.183627,12.816033,-15.114951,12.867005,-15.115564,12.874661
0,-15.114906,12.864768,-15.114951,12.867005,-15.176433,12.814183
0,-15.176433,12.814183,-15.114951,12.867005,-15.183627,12.816033
0,-15.114281,12.834071,-15.148239,12.807469,-15.113690,12.821438
0,-15.148239,12.807469,-15.145663,12.805863,-15.113690,12.821438
0,-15.118266,12.809123,-15.116149,12.812194,-15.114663,12.815983
0,-15.196504,12.814995,-15.188686,12.816508,-15.197828,12.814946
0,-15.194536,12.815068,-15.188686,12.816508,-15.196504,12.814995
0,-15.207580,12.815417,-15.202582,12.815122,-15.246421,12.836936
0,-15.227917,12.807553,-15.226958,12.809479,-15.234164,12.807069
0,-15.202582,12.815122,-15.188686,12.816508,-15.246421,12.836936
0,-15.225009,12.811634,-15.242322,12.821268,-15.239656,12.814631
0,-15.251059,12.842076,-15.248557,12.839626,-15.251835,12.843150
0,-15.239656,12.814631,-15.242322,12.821268,-15.242160,12.819204
0,-15.223819,12.812100,-15.243122,12.828804,-15.243177,12.825145
0,-15.211055,12.815773,-15.245993,12.835680,-15.213553,12.815292
0,-15.213553,12.815292,-15.245993,12.835680,-15.243122,12.828804
0,-15.223819,12.812100,-15.243177,12.825145,-15.242322,12.821268
0,-15.243122,12.828804,-15.245993,12.835680,-15.246113,12.833228
0,-15.303830,12.854240,-15.308126,12.853051,-15.307339,12.852657
0,-15.303830,12.854240,-15.308374,12.853176,-15.308126,12.853051
0,-15.280797,12.862530,-15.300686,12.856182,-15.298683,12.856363
0,-15.280797,12.862530,-15.325199,13.031891,-15.325544,12.855548
0,-15.265571,12.853382,-15.270428,12.857277,-15.267467,12.853636
0,-15.325544,12.855548,-15.322519,12.854977,-15.315634,12.854572
0,-15.332469,12.855539,-15.325544,12.855548,-15.334187,13.030786
0,-15.411476,13.004399,-15.340758,12.853512,-15.393829,13.013530
0,-15.340758,12.853512,-15.338612,12.854095,-15.393829,13.013530
0,-15.303830,12.854240,-15.312960,12.854414,-15.308374,12.853176
0,-15.300686,12.856182,-15.315634,12.854572,-15.312960,12.854414
0,-15.256715,12.849252,-15.272114,12.860960,-15.264117,12.852704
0,-15.340758,12.853512,-15.411476,13.004399,-15.346427,12.851969
0,-15.255715,12.848966,-15.155897,12.944490,-15.156867,12.946201
0,-15.154829,12.943099,-15.255715,12.848966,-15.248557,12.839626
0,-15.154829,12.943099,-15.155897,12.944490,-15.255715,12.848966
0,-15.255715,12.848966,-15.253942,12.846239,-15.248557,12.839626
0,-15.248557,12.839626,-15.253942,12.846239,-15.252829,12.844526
0,-15.251835,12.843150,-15.248557,12.839626,-15.252829,12.844526
0,-15.211055,12.815773,-15.246421,12.836936,-15.245993,12.835680
0,-15.211055,12.815773,-15.207580,12.815417,-15.246421,12.836936
0,-15.213553,12.815292,-15.243122,12.828804,-15.219647,12.813732
0,-15.114906,12.864768,-15.176433,12.814183,-15.172896,12.812212
0,-15.150287,12.807985,-15.172896,12.812212,-15.169482,12.810599
0,-15.150287,12.807985,-15.169482,12.810599,-15.163141,12.807612
0,-15.225009,12.811634,-15.223819,12.812100,-15.242322,12.821268
0,-15.219647,12.813732,-15.243122,12.828804,-15.223819,12.812100
0,-15.225009,12.811634,-15.239656,12.814631,-15.237307,12.811852
0,-15.226958,12.809479,-15.236453,12.810626,-15.235567,12.808862
0,-15.226958,12.809479,-15.225009,12.811634,-15.236453,12.810626
0,-15.228859,12.806546,-15.227917,12.807553,-15.234164,12.807069
0,-15.236453,12.810626,-15.225009,12.811634,-15.237307,12.811852
0,-15.231084,12.805367,-15.228859,12.806546,-15.233066,12.806083
0,-15.234164,12.807069,-15.226958,12.809479,-15.235567,12.808862
0,-15.228859,12.806546,-15.234164,12.807069,-15.233066,12.806083
0,-15.163141,12.807612,-15.161434,12.807075,-15.152978,12.807179
0,-15.161434,12.807075,-15.160724,12.806836,-15.152978,12.807179
0,-15.152978,12.807179,-15.158829,12.806200,-15.155376,12.805857
0,-15.160724,12.806836,-15.158829,12.806200,-15.152978,12.807179
0,-15.124217,12.804018,-15.141629,12.802598,-15.138995,12.800589
0,-15.133182,12.797970,-15.131582,12.797511,-15.130393,12.797876
0,-15.124217,12.804018,-15.122923,12.805136,-15.142487,12.803542
0,-15.133182,12.797970,-15.136927,12.799499,-15.135697,12.798045
0,-15.122923,12.805136,-15.145663,12.805863,-15.142487,12.803542
0,-15.114663,12.815983,-15.113690,12.821438,-15.145663,12.805863
0,-15.150287,12.807985,-15.163141,12.807612,-15.152978,12.807179
0,-15.124217,12.804018,-15.142444,12.803510,-15.141629,12.802598
0,-15.136927,12.799499,-15.124217,12.804018,-15.138995,12.800589
0,-15.114663,12.815983,-15.122923,12.805136,-15.118266,12.809123
0,-15.136927,12.799499,-15.133182,12.797970,-15.125481,12.802196
0,-15.122923,12.805136,-15.119434,12.807776,-15.118266,12.809123
0,-15.114663,12.815983,-15.116149,12.812194,-15.115052,12.814260
0,-15.118266,12.809123,-15.116171,12.812153,-15.116149,12.812194
0,-15.118266,12.809123,-15.117391,12.809856,-15.116171,12.812153
0,-15.130393,12.797876,-15.125481,12.802196,-15.133182,12.797970
0,-15.125871,12.800952,-15.127116,12.797533,-15.126406,12.797573
0,-15.136927,12.799499,-15.125481,12.802196,-15.124217,12.804018
0,-15.130393,12.797876,-15.127116,12.797533,-15.125871,12.800952
0,-15.126102,12.797591,-15.125871,12.800952,-15.126406,12.797573
0,-15.125481,12.802196,-15.130393,12.797876,-15.125871,12.800952
0,-15.705972,12.911709,-15.705971,12.911702,-15.705972,12.911706
0,-15.705972,12.911709,-15.705293,12.902814,-15.705971,12.911702
