90,1,0,87,52,
0,-15.524919,12.646303,-15.484144,12.580679,-15.524885,12.646676
0,-15.525600,12.639018,-15.496420,12.585845,-15.491994,12.584175
0,-15.445401,12.563267,-15.435269,12.545685,-15.407253,12.548373
0,-15.531426,12.630647,-15.533496,12.628476,-15.521113,12.585280
0,-15.513470,12.709821,-15.526838,12.708729,-15.533022,12.693434
0,-15.146104,12.723578,-15.173559,12.684263,-15.143531,12.712287
0,-15.154382,12.741355,-15.153198,12.742910,-15.167268,12.743783
0,-15.151013,12.746526,-15.150469,12.747126,-15.167268,12.743783
0,-15.513470,12.709821,-15.447322,12.707091,-15.477870,12.723557
0,-15.189900,12.734332,-15.173559,12.684263,-15.146104,12.723578
0,-15.148020,12.683034,-15.144510,12.681888,-15.137475,12.695455
0,-15.142728,12.707681,-15.173559,12.684263,-15.142200,12.703629
0,-15.471181,12.574694,-15.447322,12.707091,-15.480656,12.578846
0,-15.345157,12.602181,-15.418701,12.713920,-15.428959,12.711212
0,-15.536102,12.589366,-15.550759,12.612291,-15.552684,12.609085
0,-15.471181,12.574694,-15.445401,12.563267,-15.447322,12.707091
0,-15.477009,12.576929,-15.471181,12.574694,-15.480656,12.578846
0,-15.550759,12.612291,-15.536102,12.589366,-15.547112,12.615648
0,-15.552692,12.609071,-15.555856,12.604026,-15.536102,12.589366
0,-15.537630,12.624998,-15.540886,12.622643,-15.543952,12.619124
0,-15.513470,12.709821,-15.528581,12.666766,-15.447322,12.707091
0,-15.484144,12.580679,-15.447322,12.707091,-15.524885,12.646676
0,-15.540886,12.622643,-15.541279,12.622359,-15.543952,12.619124
0,-15.447322,12.707091,-15.477503,12.723590,-15.477870,12.723557
0,-15.530071,12.677715,-15.513470,12.709821,-15.530559,12.680758
0,-15.328607,12.615785,-15.320181,12.618969,-15.351120,12.734005
0,-15.455379,12.720852,-15.477503,12.723590,-15.447322,12.707091
0,-15.431466,12.710550,-15.447322,12.707091,-15.445401,12.563267
0,-15.455379,12.720852,-15.462823,12.724904,-15.477503,12.723590
0,-15.335182,12.613265,-15.403210,12.719304,-15.340675,12.607106
0,-15.306826,12.733178,-15.298063,12.627324,-15.305528,12.733144
0,-15.377996,12.728766,-15.354041,12.733762,-15.368183,12.732586
0,-15.279246,12.759247,-15.280274,12.757193,-15.266361,12.754206
0,-15.266137,12.757782,-15.274336,12.765813,-15.277161,12.763417
0,-15.305528,12.733144,-15.298063,12.627324,-15.305167,12.733135
0,-15.189502,12.735271,-15.183497,12.738656,-15.188324,12.736988
0,-15.235334,12.659237,-15.232606,12.660292,-15.243389,12.731547
0,-15.188273,12.678223,-15.201174,12.730268,-15.205976,12.730421
0,-15.188273,12.678223,-15.173559,12.684263,-15.198938,12.730183
0,-15.191629,12.733921,-15.194455,12.732387,-15.189900,12.734332
0,-15.141313,12.701006,-15.152115,12.684754,-15.140063,12.699339
0,-15.407253,12.548373,-15.435269,12.545685,-15.425551,12.537626
0,-15.293896,12.732870,-15.248483,12.651090,-15.292142,12.733255
0,-15.202791,12.672566,-15.222193,12.730908,-15.214581,12.667676
0,-15.262801,12.737783,-15.264657,12.741036,-15.289690,12.736240
0,-15.521113,12.585280,-15.500578,12.584725,-15.497639,12.586305
0,-15.521113,12.585280,-15.533496,12.628476,-15.531259,12.588046
0,-15.521113,12.585280,-15.497639,12.586305,-15.531426,12.630647
0,-15.500578,12.584725,-15.500154,12.584650,-15.497639,12.586305
0,-15.524919,12.646303,-15.491994,12.584175,-15.484144,12.580679
0,-15.489935,12.582563,-15.491994,12.584175,-15.490820,12.582754
0,-15.489145,12.582306,-15.491994,12.584175,-15.489935,12.582563
0,-15.489145,12.582306,-15.484144,12.580679,-15.491994,12.584175
0,-15.480656,12.578846,-15.447322,12.707091,-15.484144,12.580679
0,-15.431466,12.710550,-15.445401,12.563267,-15.375431,12.571962
0,-15.457166,12.566367,-15.450835,12.558959,-15.445401,12.563267
0,-15.375431,12.571962,-15.445401,12.563267,-15.407253,12.548373
0,-15.471181,12.574694,-15.457166,12.566367,-15.445401,12.563267
0,-15.458019,12.565230,-15.450835,12.558959,-15.457166,12.566367
0,-15.367089,12.578073,-15.431466,12.710550,-15.375431,12.571962
0,-15.475542,12.576158,-15.471181,12.574694,-15.477009,12.576929
0,-15.471220,12.573463,-15.471181,12.574694,-15.475542,12.576158
0,-15.340675,12.607106,-15.418701,12.713920,-15.345157,12.602181
0,-15.328607,12.615785,-15.354041,12.733762,-15.377996,12.728766
0,-15.348031,12.734233,-15.351120,12.734005,-15.320181,12.618969
0,-15.306826,12.733178,-15.318171,12.619728,-15.298063,12.627324
0,-15.348031,12.734233,-15.320181,12.618969,-15.318171,12.619728
0,-15.496420,12.585845,-15.525600,12.639018,-15.497639,12.586305
0,-15.491994,12.584175,-15.524919,12.646303,-15.525600,12.639018
0,-15.524885,12.646676,-15.447322,12.707091,-15.526359,12.652894
0,-15.527783,12.634468,-15.531426,12.630647,-15.497639,12.586305
0,-15.525600,12.639018,-15.527029,12.636041,-15.497639,12.586305
0,-15.497639,12.586305,-15.527029,12.636041,-15.527783,12.634468
0,-15.543952,12.619124,-15.547112,12.615648,-15.536102,12.589366
0,-15.533496,12.628476,-15.537630,12.624998,-15.531259,12.588046
0,-15.531259,12.588046,-15.537630,12.624998,-15.543952,12.619124
0,-15.536102,12.589366,-15.558282,12.599117,-15.559243,12.597330
0,-15.531425,12.686977,-15.530559,12.680758,-15.513470,12.709821
0,-15.536102,12.589366,-15.555856,12.604026,-15.558282,12.599117
0,-15.552692,12.609071,-15.554401,12.607020,-15.555856,12.604026
0,-15.552684,12.609085,-15.552692,12.609071,-15.536102,12.589366
0,-15.531259,12.588046,-15.543952,12.619124,-15.536102,12.589366
0,-15.527470,12.659710,-15.447322,12.707091,-15.528581,12.666766
0,-15.526359,12.652894,-15.447322,12.707091,-15.527470,12.659710
0,-15.535237,12.703956,-15.534496,12.699173,-15.526838,12.708729
0,-15.529448,12.673822,-15.528581,12.666766,-15.513470,12.709821
0,-15.536461,12.706466,-15.535237,12.703956,-15.526838,12.708729
0,-15.513470,12.709821,-15.533022,12.693434,-15.531425,12.686977
0,-15.526838,12.708729,-15.534496,12.699173,-15.533022,12.693434
0,-15.537049,12.707424,-15.536461,12.706466,-15.526838,12.708729
0,-15.526838,12.708729,-15.513470,12.709821,-15.518131,12.712650
0,-15.530071,12.677715,-15.529448,12.673822,-15.513470,12.709821
0,-15.448512,12.715024,-15.455379,12.720852,-15.447322,12.707091
0,-15.448512,12.715024,-15.448955,12.717356,-15.455379,12.720852
0,-15.345157,12.602181,-15.428959,12.711212,-15.367089,12.578073
0,-15.328607,12.615785,-15.351120,12.734005,-15.354041,12.733762
0,-15.318171,12.619728,-15.306826,12.733178,-15.348031,12.734233
0,-15.348031,12.734233,-15.348664,12.734209,-15.351120,12.734005
0,-15.348031,12.734233,-15.348298,12.734239,-15.348664,12.734209
0,-15.290778,12.734117,-15.292142,12.733255,-15.257922,12.732716
0,-15.284070,12.748015,-15.285233,12.744938,-15.266180,12.745941
0,-15.289690,12.736240,-15.264657,12.741036,-15.285233,12.744938
0,-15.305167,12.733135,-15.298063,12.627324,-15.305146,12.733134
0,-15.293896,12.732870,-15.298381,12.732961,-15.269229,12.638341
0,-15.248483,12.651090,-15.257922,12.732716,-15.292142,12.733255
0,-15.262801,12.737783,-15.289690,12.736240,-15.290778,12.734117
0,-15.301003,12.733028,-15.298063,12.627324,-15.269229,12.638341
0,-15.298381,12.732961,-15.301003,12.733028,-15.269229,12.638341
0,-15.335182,12.613265,-15.328607,12.615785,-15.377996,12.728766
0,-15.301003,12.733028,-15.305124,12.733134,-15.298063,12.627324
0,-15.305146,12.733134,-15.298063,12.627324,-15.305124,12.733134
0,-15.367089,12.578073,-15.428959,12.711212,-15.431466,12.710550
0,-15.340675,12.607106,-15.403210,12.719304,-15.418701,12.713920
0,-15.335182,12.613265,-15.392980,12.723052,-15.403210,12.719304
0,-15.335182,12.613265,-15.391910,12.723456,-15.392980,12.723052
0,-15.335182,12.613265,-15.382555,12.726991,-15.391910,12.723456
0,-15.335182,12.613265,-15.377996,12.728766,-15.382555,12.726991
0,-15.284070,12.748015,-15.266180,12.745941,-15.266713,12.749455
0,-15.285233,12.744938,-15.265341,12.742662,-15.266180,12.745941
0,-15.285233,12.744938,-15.264657,12.741036,-15.265341,12.742662
0,-15.259678,12.734150,-15.262801,12.737783,-15.290778,12.734117
0,-15.257922,12.732716,-15.259678,12.734150,-15.290778,12.734117
0,-15.281173,12.755313,-15.266713,12.749455,-15.266521,12.751657
0,-15.266361,12.754206,-15.266201,12.756759,-15.279246,12.759247
0,-15.282860,12.751216,-15.284070,12.748015,-15.266713,12.749455
0,-15.281830,12.753938,-15.282860,12.751216,-15.266713,12.749455
0,-15.281173,12.755313,-15.281830,12.753938,-15.266713,12.749455
0,-15.280274,12.757193,-15.281173,12.755313,-15.266521,12.751657
0,-15.266361,12.754206,-15.280274,12.757193,-15.266521,12.751657
0,-15.266045,12.762567,-15.270826,12.766486,-15.274336,12.765813
0,-15.267315,12.765341,-15.270826,12.766486,-15.266045,12.762567
0,-15.266201,12.756759,-15.266137,12.757782,-15.279246,12.759247
0,-15.266137,12.757782,-15.277161,12.763417,-15.279246,12.759247
0,-15.266045,12.762567,-15.274336,12.765813,-15.266137,12.757782
0,-15.189900,12.734332,-15.183497,12.738656,-15.189502,12.735271
0,-15.189900,12.734332,-15.182649,12.738949,-15.183497,12.738656
0,-15.154467,12.736847,-15.155012,12.738784,-15.167268,12.743783
0,-15.153198,12.742910,-15.151013,12.746526,-15.167268,12.743783
0,-15.167268,12.743783,-15.155012,12.738784,-15.154382,12.741355
0,-15.167268,12.743783,-15.182649,12.738949,-15.154467,12.736847
0,-15.148158,12.728668,-15.153305,12.735688,-15.182649,12.738949
0,-15.182649,12.738949,-15.153305,12.735688,-15.154467,12.736847
0,-15.173559,12.684263,-15.189900,12.734332,-15.194455,12.732387
0,-15.148158,12.728668,-15.149412,12.731057,-15.153305,12.735688
0,-15.255874,12.731952,-15.257922,12.732716,-15.248483,12.651090
0,-15.243389,12.731547,-15.255874,12.731952,-15.235334,12.659237
0,-15.227247,12.662497,-15.243389,12.731547,-15.232606,12.660292
0,-15.227247,12.662497,-15.214581,12.667676,-15.241542,12.731487
0,-15.243389,12.731547,-15.227247,12.662497,-15.241542,12.731487
0,-15.188273,12.678223,-15.198938,12.730183,-15.201174,12.730268
0,-15.173559,12.684263,-15.194455,12.732387,-15.198938,12.730183
0,-15.153305,12.735688,-15.149412,12.731057,-15.150660,12.732952
0,-15.135205,12.694890,-15.138759,12.680838,-15.133508,12.693952
0,-15.135321,12.694941,-15.137475,12.695455,-15.135205,12.694890
0,-15.135279,12.694931,-15.135321,12.694941,-15.135205,12.694890
0,-15.135205,12.694890,-15.137475,12.695455,-15.138759,12.680838
0,-15.152115,12.684754,-15.138635,12.696706,-15.140063,12.699339
0,-15.148020,12.683034,-15.137475,12.695455,-15.138635,12.696706
0,-15.144510,12.681888,-15.138759,12.680838,-15.137475,12.695455
0,-15.142200,12.703629,-15.152115,12.684754,-15.141655,12.701693
0,-15.141655,12.701693,-15.152115,12.684754,-15.141313,12.701006
0,-15.138635,12.696706,-15.139092,12.697998,-15.140063,12.699339
0,-15.146104,12.723578,-15.143913,12.716936,-15.144726,12.720438
0,-15.182649,12.738949,-15.146104,12.723578,-15.148158,12.728668
0,-15.148158,12.728668,-15.146104,12.723578,-15.147200,12.726760
0,-15.182649,12.738949,-15.189900,12.734332,-15.146104,12.723578
0,-15.144726,12.720438,-15.143913,12.716936,-15.144180,12.718640
0,-15.132063,12.693158,-15.133508,12.693952,-15.138759,12.680838
0,-15.146104,12.723578,-15.143531,12.712287,-15.143913,12.716936
0,-15.143913,12.716936,-15.143531,12.712287,-15.143561,12.714311
0,-15.173559,12.684263,-15.142728,12.707681,-15.143130,12.710031
0,-15.143531,12.712287,-15.173559,12.684263,-15.143130,12.710031
0,-15.142200,12.703629,-15.142324,12.705562,-15.142728,12.707681
0,-15.124727,12.689075,-15.124953,12.689206,-15.124431,12.680558
0,-15.124431,12.680558,-15.125025,12.689247,-15.132131,12.680363
0,-15.138635,12.696706,-15.152115,12.684754,-15.148020,12.683034
0,-15.142200,12.703629,-15.173559,12.684263,-15.152115,12.684754
0,-15.132063,12.693158,-15.138759,12.680838,-15.132131,12.680363
0,-15.248483,12.651090,-15.293896,12.732870,-15.269229,12.638341
0,-15.248483,12.651090,-15.235334,12.659237,-15.255874,12.731952
0,-15.214581,12.667676,-15.222193,12.730908,-15.241542,12.731487
0,-15.202791,12.672566,-15.205976,12.730421,-15.222193,12.730908
0,-15.188273,12.678223,-15.205976,12.730421,-15.202791,12.672566
0,-15.124431,12.680558,-15.124953,12.689206,-15.125025,12.689247
0,-15.131084,12.692643,-15.132063,12.693158,-15.132131,12.680363
0,-15.130903,12.692642,-15.131084,12.692643,-15.132131,12.680363
0,-15.125025,12.689247,-15.130903,12.692642,-15.132131,12.680363
0,-15.124727,12.689075,-15.124431,12.680558,-15.123423,12.688133
0,-15.123423,12.688133,-15.120923,12.682952,-15.121022,12.686397
0,-15.123423,12.688133,-15.124431,12.680558,-15.120923,12.682952
0,-15.121022,12.686397,-15.120923,12.682952,-15.120558,12.685261
0,-15.120923,12.682952,-15.120241,12.684484,-15.120558,12.685261
