79,2,25,10,1,
0,-14.620282,12.732593,-14.631334,12.750372,-14.635094,12.750664
0,-15.100216,12.776805,-15.144726,12.720438,-15.144180,12.718640
0,-14.944097,12.680604,-14.875285,12.833905,-14.974291,12.854521
0,-15.123994,12.784548,-15.136116,12.774420,-15.135900,12.772935
0,-15.135895,12.772900,-15.119818,12.783226,-15.121221,12.783690
0,-15.140063,12.699339,-15.139092,12.697998,-15.135279,12.694931
0,-15.143913,12.716936,-15.143561,12.714311,-15.125025,12.689247
0,-15.137424,12.782516,-15.137452,12.782436,-15.137497,12.782007
0,-15.149182,12.748546,-15.150660,12.732952,-15.149412,12.731057
0,-15.136116,12.774420,-15.125360,12.784933,-15.136382,12.776124
0,-14.918254,12.893731,-14.919059,12.892152,-14.918426,12.887946
0,-14.889428,12.864757,-14.887461,12.868363,-14.918491,12.883005
0,-14.918336,12.887453,-14.918300,12.887247,-14.913976,12.898298
0,-14.918364,12.887618,-14.918336,12.887453,-14.913976,12.898298
0,-14.918370,12.884983,-14.918491,12.883005,-14.883842,12.879160
0,-14.878059,12.892360,-14.884165,12.902120,-14.886793,12.900605
0,-14.906569,12.909860,-14.911822,12.912894,-14.913986,12.911379
0,-14.875285,12.833905,-14.897953,12.854251,-14.938423,12.863681
0,-14.874516,12.893645,-14.872671,12.893229,-14.873039,12.901509
0,-14.867013,12.901354,-14.870258,12.901356,-14.872671,12.893229
0,-14.918300,12.887247,-14.918317,12.887057,-14.918361,12.885954
0,-14.974291,12.854521,-14.875285,12.833905,-14.942274,12.863397
0,-14.820993,12.819258,-14.850734,12.685122,-14.819634,12.819031
0,-14.643004,12.695296,-14.649474,12.680166,-14.635226,12.680357
0,-14.818277,12.818786,-14.819634,12.819031,-14.850734,12.685122
0,-15.055681,12.685263,-15.100216,12.776805,-15.060880,12.685295
0,-15.151013,12.746526,-15.150660,12.732952,-15.150469,12.747126
0,-15.143561,12.714311,-15.143130,12.710031,-15.130903,12.692642
0,-15.142324,12.705562,-15.140063,12.699339,-15.135279,12.694931
0,-15.141313,12.701006,-15.140063,12.699339,-15.142200,12.703629
0,-15.100216,12.776805,-15.144180,12.718640,-15.099961,12.685365
0,-15.110894,12.685311,-15.144180,12.718640,-15.143913,12.716936
0,-15.142728,12.707681,-15.133508,12.693952,-15.130903,12.692642
0,-15.144275,12.756429,-15.144726,12.720438,-15.100216,12.776805
0,-15.144275,12.756429,-15.146104,12.723578,-15.144726,12.720438
0,-15.070335,12.804104,-15.070336,12.804105,-15.095264,12.789865
0,-15.071461,12.804784,-15.080918,12.810493,-15.095264,12.789865
0,-15.126710,12.785283,-15.128679,12.785318,-15.125360,12.784933
0,-15.136883,12.777739,-15.131442,12.785366,-15.137601,12.780996
0,-15.128679,12.785318,-15.136382,12.776124,-15.125360,12.784933
0,-15.104277,12.777882,-15.141704,12.761675,-15.102907,12.777488
0,-15.149182,12.748546,-15.150469,12.747126,-15.150660,12.732952
0,-15.137497,12.782007,-15.137601,12.780996,-15.133823,12.785409
0,-15.030020,12.823520,-14.999543,12.682962,-14.975636,12.681598
0,-15.065979,12.808114,-15.067341,12.807044,-15.070335,12.804104
0,-15.045007,12.823624,-15.051061,12.822073,-15.054269,12.820414
0,-15.045007,12.823624,-15.034111,12.823358,-15.037652,12.824160
0,-14.974291,12.854521,-15.002511,12.844478,-15.008285,12.838802
0,-15.008285,12.838802,-14.975636,12.681598,-14.962312,12.681179
0,-14.950105,12.866878,-14.965845,12.868260,-14.974291,12.854521
0,-15.002511,12.844478,-15.005235,12.842607,-15.006870,12.840469
0,-14.938423,12.863681,-14.942274,12.863397,-14.875285,12.833905
0,-14.974291,12.854521,-14.965845,12.868260,-14.977798,12.859422
0,-14.918580,12.905031,-14.920099,12.905959,-14.918919,12.904940
0,-14.919417,12.890639,-14.918426,12.887946,-14.919059,12.892152
0,-14.918300,12.887247,-14.918361,12.885954,-14.893438,12.898941
0,-14.918254,12.893731,-14.918426,12.887946,-14.916589,12.895714
0,-14.918361,12.885954,-14.918370,12.884983,-14.893438,12.898941
0,-14.918491,12.883005,-14.919463,12.881612,-14.889428,12.864757
0,-14.919215,12.882048,-14.919486,12.881709,-14.919463,12.881612
0,-14.897953,12.854251,-14.919463,12.881612,-14.922069,12.878512
0,-14.889428,12.864757,-14.889425,12.864762,-14.887461,12.868363
0,-14.887461,12.868363,-14.884726,12.875031,-14.918491,12.883005
0,-14.884165,12.902120,-14.878059,12.892360,-14.876902,12.902723
0,-14.859599,12.897284,-14.867013,12.901354,-14.860606,12.896151
0,-14.876009,12.893102,-14.874516,12.893645,-14.876902,12.902723
0,-14.918370,12.884983,-14.883842,12.879160,-14.893438,12.898941
0,-14.917948,12.894893,-14.918254,12.893731,-14.917748,12.894851
0,-14.918755,12.888257,-14.919417,12.890639,-14.919128,12.888662
0,-14.917671,12.894836,-14.918254,12.893731,-14.916589,12.895714
0,-14.921492,12.911071,-14.921317,12.910428,-14.917585,12.910710
0,-14.915944,12.903031,-14.915472,12.901895,-14.906569,12.909860
0,-14.897454,12.903035,-14.913976,12.898298,-14.893438,12.898941
0,-14.867013,12.901354,-14.865541,12.905070,-14.867052,12.903419
0,-14.906569,12.909860,-14.913986,12.911379,-14.915687,12.909409
0,-14.862613,12.906479,-14.864049,12.905567,-14.859051,12.905373
0,-14.859010,12.898176,-14.858334,12.899345,-14.867013,12.901354
0,-14.859051,12.905373,-14.859930,12.906643,-14.862613,12.906479
0,-14.857431,12.900844,-14.859051,12.905373,-14.858334,12.899345
0,-14.872671,12.893229,-14.870258,12.901356,-14.873039,12.901509
0,-14.897953,12.854251,-14.875285,12.833905,-14.884302,12.845154
0,-14.880580,12.887682,-14.889112,12.898333,-14.880879,12.886380
0,-14.748640,12.678376,-14.703883,12.782233,-14.708629,12.787019
0,-14.673631,12.757229,-14.677968,12.679690,-14.672857,12.679776
0,-14.709425,12.679127,-14.685331,12.761634,-14.712842,12.679062
0,-14.613146,12.748446,-14.619690,12.749380,-14.613147,12.748444
0,-14.752586,12.813230,-14.754988,12.812375,-14.731632,12.810210
0,-14.731632,12.810210,-14.754988,12.812375,-14.757609,12.811736
0,-14.831979,12.820333,-14.833362,12.820404,-14.850734,12.685122
0,-14.869163,12.828768,-14.853460,12.825633,-14.854907,12.829013
0,-14.823723,12.819638,-14.825092,12.819795,-14.850734,12.685122
0,-14.820993,12.819258,-14.822356,12.819460,-14.850734,12.685122
0,-14.691517,12.767533,-14.703883,12.782233,-14.748640,12.678376
0,-14.804624,12.816351,-14.817910,12.678662,-14.803253,12.816106
0,-14.817910,12.678662,-14.799137,12.815366,-14.800509,12.815615
0,-14.850734,12.685122,-14.852241,12.822110,-14.879274,12.679082
0,-14.781316,12.811983,-14.782683,12.812258,-14.797456,12.678518
0,-14.777001,12.678372,-14.771238,12.678331,-14.771794,12.809968
0,-14.771794,12.809968,-14.797456,12.678518,-14.777001,12.678372
0,-14.640883,12.751856,-14.629088,12.713580,-14.635333,12.750713
0,-14.712842,12.679062,-14.691517,12.767533,-14.733322,12.678070
0,-14.620282,12.732593,-14.635094,12.750664,-14.635333,12.750713
0,-14.629146,12.680438,-14.628865,12.689733,-14.635226,12.680357
0,-14.619690,12.749380,-14.616606,12.740759,-14.613147,12.748444
0,-14.621531,12.749537,-14.627807,12.750072,-14.616606,12.740759
0,-15.136852,12.769736,-15.106509,12.778579,-15.106892,12.778703
0,-15.136852,12.769736,-15.107057,12.778756,-15.107934,12.779050
0,-15.147200,12.726760,-15.144275,12.756429,-15.146457,12.752733
0,-15.154467,12.736847,-15.153305,12.735688,-15.155012,12.738784
0,-15.155012,12.738784,-15.153305,12.735688,-15.154382,12.741355
0,-15.153198,12.742910,-15.153305,12.735688,-15.150660,12.732952
0,-15.151013,12.746526,-15.153198,12.742910,-15.150660,12.732952
0,-15.154382,12.741355,-15.153305,12.735688,-15.153198,12.742910
0,-15.143531,12.712287,-15.143130,12.710031,-15.143561,12.714311
0,-15.110894,12.685311,-15.143913,12.716936,-15.125025,12.689247
0,-15.143130,12.710031,-15.142728,12.707681,-15.130903,12.692642
0,-15.142728,12.707681,-15.142324,12.705562,-15.133508,12.693952
0,-15.141313,12.701006,-15.142200,12.703629,-15.141655,12.701693
0,-15.142200,12.703629,-15.140063,12.699339,-15.142324,12.705562
0,-15.135279,12.694931,-15.135205,12.694890,-15.142324,12.705562
0,-15.144180,12.718640,-15.110894,12.685311,-15.099961,12.685365
0,-15.121022,12.686397,-15.120558,12.685261,-15.110894,12.685311
0,-15.046803,12.685209,-15.100216,12.776805,-15.055681,12.685263
0,-15.070335,12.804104,-15.100216,12.776805,-15.046803,12.685209
0,-14.869163,12.828768,-14.933637,12.680312,-14.923192,12.680020
0,-14.869163,12.828768,-14.923192,12.680020,-14.912715,12.679727
0,-14.875285,12.833905,-14.944097,12.680604,-14.933637,12.680312
0,-15.030020,12.823520,-15.038026,12.685154,-14.999543,12.682962
0,-15.070335,12.804104,-15.046803,12.685209,-15.038026,12.685154
0,-14.944097,12.680604,-14.974291,12.854521,-14.962312,12.681179
0,-15.100216,12.776805,-15.084903,12.685440,-15.078721,12.685402
0,-15.100216,12.776805,-15.099961,12.685365,-15.084903,12.685440
0,-15.060880,12.685295,-15.100216,12.776805,-15.078721,12.685402
0,-15.123423,12.688133,-15.121022,12.686397,-15.110894,12.685311
0,-15.110894,12.685311,-15.124953,12.689206,-15.124727,12.689075
0,-15.124727,12.689075,-15.123423,12.688133,-15.110894,12.685311
0,-15.130903,12.692642,-15.133508,12.693952,-15.132063,12.693158
0,-15.130903,12.692642,-15.132063,12.693158,-15.131084,12.692643
0,-15.110894,12.685311,-15.125025,12.689247,-15.124953,12.689206
0,-15.143561,12.714311,-15.130903,12.692642,-15.125025,12.689247
0,-15.142324,12.705562,-15.135205,12.694890,-15.133508,12.693952
0,-15.139092,12.697998,-15.138635,12.696706,-15.135321,12.694941
0,-15.137475,12.695455,-15.135321,12.694941,-15.138635,12.696706
0,-15.135321,12.694941,-15.135279,12.694931,-15.139092,12.697998
0,-15.114143,12.781232,-15.136222,12.770811,-15.112718,12.780720
0,-15.115567,12.781742,-15.136222,12.770811,-15.114143,12.781232
0,-15.111992,12.780461,-15.136222,12.770811,-15.111295,12.780213
0,-15.108462,12.779226,-15.136852,12.769736,-15.107934,12.779050
0,-15.111295,12.780213,-15.136222,12.770811,-15.109876,12.779713
0,-15.098881,12.780326,-15.100216,12.776805,-15.070335,12.804104
0,-15.144275,12.756429,-15.101552,12.777128,-15.102245,12.777312
0,-15.144275,12.756429,-15.100216,12.776805,-15.101552,12.777128
0,-15.095264,12.789865,-15.098881,12.780326,-15.070335,12.804104
0,-15.136852,12.769736,-15.106892,12.778703,-15.107057,12.778756
0,-15.105661,12.778306,-15.141704,12.761675,-15.104277,12.777882
0,-15.144275,12.756429,-15.102245,12.777312,-15.102907,12.777488
0,-15.135925,12.772708,-15.136222,12.770811,-15.118407,12.782743
0,-15.136222,12.770811,-15.136852,12.769736,-15.109876,12.779713
0,-15.116989,12.782248,-15.118407,12.782743,-15.136222,12.770811
0,-15.135895,12.772900,-15.135925,12.772708,-15.119219,12.783021
0,-15.122614,12.784133,-15.135895,12.772900,-15.121221,12.783690
0,-15.135895,12.772900,-15.119219,12.783021,-15.119818,12.783226
0,-15.135900,12.772935,-15.122614,12.784133,-15.123994,12.784548
0,-15.135900,12.772935,-15.135895,12.772900,-15.122614,12.784133
0,-15.123994,12.784548,-15.125360,12.784933,-15.136116,12.774420
0,-15.137497,12.782007,-15.133823,12.785409,-15.137424,12.782516
0,-15.136382,12.776124,-15.128679,12.785318,-15.130060,12.785342
0,-15.133823,12.785409,-15.136924,12.783951,-15.137424,12.782516
0,-15.130060,12.785342,-15.136883,12.777739,-15.136382,12.776124
0,-15.112718,12.780720,-15.136222,12.770811,-15.111992,12.780461
0,-15.136852,12.769736,-15.108462,12.779226,-15.109876,12.779713
0,-15.137944,12.768319,-15.106509,12.778579,-15.136852,12.769736
0,-15.105661,12.778306,-15.106509,12.778579,-15.137944,12.768319
0,-15.116989,12.782248,-15.136222,12.770811,-15.115567,12.781742
0,-15.119219,12.783021,-15.135925,12.772708,-15.118407,12.782743
0,-15.146104,12.723578,-15.144275,12.756429,-15.147200,12.726760
0,-15.148158,12.728668,-15.147781,12.750455,-15.149412,12.731057
0,-15.149412,12.731057,-15.147781,12.750455,-15.149182,12.748546
0,-15.148158,12.728668,-15.147200,12.726760,-15.146457,12.752733
0,-15.148158,12.728668,-15.146457,12.752733,-15.147781,12.750455
0,-15.144275,12.756429,-15.145113,12.755337,-15.146457,12.752733
0,-15.102907,12.777488,-15.141704,12.761675,-15.144275,12.756429
0,-15.105661,12.778306,-15.137944,12.768319,-15.141704,12.761675
0,-15.137619,12.779447,-15.136883,12.777739,-15.137657,12.780460
0,-15.141704,12.761675,-15.139990,12.765274,-15.140516,12.764432
0,-15.136883,12.777739,-15.137601,12.780996,-15.137657,12.780460
0,-15.131442,12.785366,-15.133823,12.785409,-15.137601,12.780996
0,-15.141704,12.761675,-15.137944,12.768319,-15.139990,12.765274
0,-15.136924,12.783951,-15.133823,12.785409,-15.135602,12.785136
0,-15.133823,12.785409,-15.134821,12.785427,-15.135602,12.785136
0,-15.063258,12.812346,-15.058627,12.817205,-15.062794,12.813066
0,-15.071461,12.804784,-15.095264,12.789865,-15.070336,12.804105
0,-15.133823,12.785409,-15.131442,12.785366,-15.132992,12.785767
0,-15.131442,12.785366,-15.136883,12.777739,-15.130060,12.785342
0,-15.030020,12.823520,-15.070335,12.804104,-15.038026,12.685154
0,-15.030020,12.823520,-15.065979,12.808114,-15.070335,12.804104
0,-15.045007,12.823624,-15.058627,12.817205,-15.034111,12.823358
0,-15.063258,12.812346,-15.065979,12.808114,-15.034111,12.823358
0,-15.046849,12.823384,-15.051061,12.822073,-15.045007,12.823624
0,-15.047676,12.823274,-15.050529,12.822347,-15.046849,12.823384
0,-15.029465,12.841716,-15.030020,12.823520,-15.008285,12.838802
0,-15.034111,12.823358,-15.065979,12.808114,-15.030020,12.823520
0,-15.046849,12.823384,-15.050529,12.822347,-15.051061,12.822073
0,-15.045007,12.823624,-15.037652,12.824160,-15.041194,12.824961
0,-15.050529,12.822347,-15.047676,12.823274,-15.049089,12.823086
0,-15.058627,12.817205,-15.062712,12.813195,-15.062794,12.813066
0,-15.034111,12.823358,-15.058627,12.817205,-15.063258,12.812346
0,-15.054269,12.820414,-15.058627,12.817205,-15.045007,12.823624
0,-15.030020,12.823520,-14.975636,12.681598,-15.008285,12.838802
0,-14.977718,12.854636,-14.987254,12.854102,-15.002511,12.844478
0,-15.008285,12.838802,-15.002511,12.844478,-15.006870,12.840469
0,-14.987254,12.854102,-14.997607,12.849558,-15.002511,12.844478
0,-14.992432,12.852766,-14.997607,12.849558,-14.987254,12.854102
0,-14.962312,12.681179,-14.974291,12.854521,-15.008285,12.838802
0,-14.950105,12.866878,-14.956195,12.870141,-14.961891,12.870024
0,-14.977718,12.854636,-15.002511,12.844478,-14.974293,12.854521
0,-14.954098,12.870186,-14.954190,12.870184,-14.950105,12.866878
0,-14.974293,12.854521,-15.002511,12.844478,-14.974291,12.854521
0,-14.963353,12.870102,-14.965845,12.868260,-14.961891,12.870024
0,-14.954098,12.870186,-14.954190,12.870184,-14.954098,12.870186
0,-14.961891,12.870024,-14.965845,12.868260,-14.950105,12.866878
0,-14.950105,12.866878,-14.954190,12.870184,-14.956195,12.870141
0,-14.945940,12.863426,-14.950105,12.866878,-14.974291,12.854521
0,-14.923234,12.876505,-14.924652,12.874274,-14.897953,12.854251
0,-14.931035,12.864228,-14.931993,12.864157,-14.897953,12.854251
0,-14.931993,12.864157,-14.933853,12.864019,-14.897953,12.854251
0,-14.897953,12.854251,-14.933853,12.864019,-14.936843,12.863798
0,-14.942274,12.863397,-14.943964,12.863411,-14.974291,12.854521
0,-14.974291,12.854521,-14.943964,12.863411,-14.945940,12.863426
0,-14.936843,12.863798,-14.938423,12.863681,-14.897953,12.854251
0,-14.920091,12.889915,-14.919555,12.889118,-14.919527,12.890395
0,-14.919555,12.889118,-14.920214,12.889375,-14.920230,12.889305
0,-14.919998,12.891801,-14.919059,12.892152,-14.919863,12.892025
0,-14.920473,12.891303,-14.920523,12.891250,-14.920220,12.891132
0,-14.920090,12.891704,-14.920473,12.891303,-14.920220,12.891132
0,-14.921317,12.910428,-14.921083,12.909569,-14.917585,12.910710
0,-14.921948,12.912747,-14.921492,12.911071,-14.917585,12.910710
0,-14.921083,12.909569,-14.920910,12.908934,-14.917585,12.910710
0,-14.920910,12.908934,-14.920099,12.905959,-14.917585,12.910710
0,-14.920099,12.905959,-14.915687,12.909409,-14.917585,12.910710
0,-14.919884,12.890906,-14.919059,12.892152,-14.919998,12.891801
0,-14.920090,12.891704,-14.919884,12.890906,-14.919998,12.891801
0,-14.915687,12.909409,-14.918580,12.905031,-14.915944,12.903031
0,-14.915687,12.909409,-14.920099,12.905959,-14.918580,12.905031
0,-14.920099,12.905959,-14.919771,12.904755,-14.918919,12.904940
0,-14.919731,12.892244,-14.919863,12.892025,-14.919059,12.892152
0,-14.919156,12.888693,-14.919147,12.888682,-14.919417,12.890639
0,-14.919884,12.890906,-14.920090,12.891704,-14.920220,12.891132
0,-14.920214,12.889375,-14.919555,12.889118,-14.920091,12.889915
0,-14.919147,12.888682,-14.919128,12.888662,-14.919417,12.890639
0,-14.919884,12.890906,-14.919417,12.890639,-14.919059,12.892152
0,-14.919527,12.890395,-14.919156,12.888693,-14.919417,12.890639
0,-14.918392,12.887781,-14.918364,12.887618,-14.913976,12.898298
0,-14.918355,12.886641,-14.918361,12.885954,-14.918317,12.887057
0,-14.918426,12.887946,-14.918423,12.887931,-14.916589,12.895714
0,-14.918426,12.887946,-14.919417,12.890639,-14.918755,12.888257
0,-14.916589,12.895714,-14.918423,12.887931,-14.918392,12.887781
0,-14.919555,12.889118,-14.920230,12.889305,-14.920246,12.889089
0,-14.920076,12.888811,-14.920252,12.889010,-14.920326,12.888744
0,-14.920076,12.888811,-14.920071,12.888813,-14.920252,12.889010
0,-14.920246,12.889089,-14.920071,12.888813,-14.919555,12.889118
0,-14.920246,12.889089,-14.920252,12.889010,-14.920071,12.888813
0,-14.919555,12.889118,-14.919156,12.888693,-14.919527,12.890395
0,-14.897953,12.854251,-14.922069,12.878512,-14.923234,12.876505
0,-14.920280,12.880811,-14.921400,12.879756,-14.922069,12.878512
0,-14.931035,12.864228,-14.897953,12.854251,-14.924652,12.874274
0,-14.922069,12.878512,-14.923002,12.877177,-14.923234,12.876505
0,-14.923002,12.877177,-14.922069,12.878512,-14.922944,12.877346
0,-14.919463,12.881612,-14.919967,12.881120,-14.922069,12.878512
0,-14.922069,12.878512,-14.919967,12.881120,-14.920280,12.880811
0,-14.919463,12.881612,-14.919101,12.882195,-14.919215,12.882048
0,-14.919463,12.881612,-14.918974,12.882360,-14.919101,12.882195
0,-14.918491,12.883005,-14.918370,12.884983,-14.918811,12.883610
0,-14.919463,12.881612,-14.918491,12.883005,-14.918974,12.882360
0,-14.884438,12.876653,-14.883842,12.879160,-14.918491,12.883005
0,-14.897953,12.854251,-14.889428,12.864757,-14.919463,12.881612
0,-14.858334,12.899345,-14.864049,12.905567,-14.867013,12.901354
0,-14.888688,12.851855,-14.897953,12.854251,-14.888641,12.851783
0,-14.884905,12.873265,-14.884726,12.875031,-14.887461,12.868363
0,-14.888641,12.851783,-14.897953,12.854251,-14.884302,12.845154
0,-14.884302,12.845154,-14.875285,12.833905,-14.878696,12.840366
0,-14.887461,12.868363,-14.884146,12.870754,-14.884177,12.870852
0,-14.884914,12.873181,-14.884905,12.873265,-14.887461,12.868363
0,-14.884914,12.873181,-14.887461,12.868363,-14.884177,12.870852
0,-14.879886,12.890053,-14.889112,12.898333,-14.880580,12.887682
0,-14.886793,12.900605,-14.889112,12.898333,-14.878607,12.891655
0,-14.889112,12.898333,-14.893438,12.898941,-14.882881,12.882090
0,-14.879906,12.888993,-14.879886,12.890053,-14.880580,12.887682
0,-14.879632,12.890370,-14.878607,12.891655,-14.889112,12.898333
0,-14.880879,12.886380,-14.889112,12.898333,-14.882881,12.882090
0,-14.880879,12.886380,-14.882881,12.882090,-14.881425,12.884018
0,-14.893438,12.898941,-14.883842,12.879160,-14.882881,12.882090
0,-14.884726,12.875031,-14.884438,12.876653,-14.918491,12.883005
0,-14.913976,12.898298,-14.918300,12.887247,-14.893438,12.898941
0,-14.916612,12.895714,-14.917671,12.894836,-14.916589,12.895714
0,-14.917748,12.894851,-14.918254,12.893731,-14.917671,12.894836
0,-14.917155,12.895731,-14.917671,12.894836,-14.916612,12.895714
0,-14.916338,12.896218,-14.916491,12.895885,-14.916039,12.896707
0,-14.916589,12.895714,-14.918392,12.887781,-14.913976,12.898298
0,-14.916491,12.895885,-14.916589,12.895714,-14.913976,12.898298
0,-14.916233,12.896445,-14.916338,12.896218,-14.916039,12.896707
0,-14.921948,12.912747,-14.917585,12.910710,-14.922268,12.913921
0,-14.915687,12.909409,-14.915944,12.903031,-14.906569,12.909860
0,-14.913976,12.898298,-14.898999,12.904249,-14.902398,12.906827
0,-14.915472,12.901895,-14.913976,12.898298,-14.902398,12.906827
0,-14.915472,12.901895,-14.902398,12.906827,-14.906569,12.909860
0,-14.898999,12.904249,-14.913976,12.898298,-14.897454,12.903035
0,-14.879632,12.890370,-14.889112,12.898333,-14.879886,12.890053
0,-14.867013,12.901354,-14.872671,12.893229,-14.863243,12.894381
0,-14.916039,12.896707,-14.913976,12.898298,-14.915781,12.897919
0,-14.916039,12.896707,-14.916491,12.895885,-14.913976,12.898298
0,-14.876902,12.902723,-14.874516,12.893645,-14.873039,12.901509
0,-14.878059,12.892360,-14.886793,12.900605,-14.878607,12.891655
0,-14.876902,12.902723,-14.877548,12.892508,-14.876846,12.892713
0,-14.876902,12.902723,-14.878059,12.892360,-14.877548,12.892508
0,-14.876846,12.892713,-14.876009,12.893102,-14.876902,12.902723
0,-14.862042,12.908062,-14.859930,12.906643,-14.861120,12.908620
0,-14.861895,12.895014,-14.861017,12.895681,-14.860823,12.895903
0,-14.861895,12.895014,-14.867013,12.901354,-14.863243,12.894381
0,-14.865541,12.905070,-14.864049,12.905567,-14.865546,12.905256
0,-14.865541,12.905070,-14.867013,12.901354,-14.864049,12.905567
0,-14.865546,12.905256,-14.864049,12.905567,-14.865566,12.906130
0,-14.862042,12.908062,-14.862613,12.906479,-14.859930,12.906643
0,-14.864049,12.905567,-14.858334,12.899345,-14.859051,12.905373
0,-14.862042,12.908062,-14.861120,12.908620,-14.861354,12.908817
0,-14.861354,12.908817,-14.861120,12.908620,-14.861293,12.908906
0,-14.855721,12.901682,-14.855867,12.902495,-14.857431,12.900844
0,-14.859051,12.905373,-14.855964,12.903739,-14.856889,12.905462
0,-14.855964,12.903739,-14.859051,12.905373,-14.857431,12.900844
0,-14.855867,12.902495,-14.855964,12.903739,-14.857431,12.900844
0,-14.859599,12.897284,-14.859010,12.898176,-14.867013,12.901354
0,-14.867013,12.901354,-14.860823,12.895903,-14.860606,12.896151
0,-14.867013,12.901354,-14.861895,12.895014,-14.860823,12.895903
0,-14.850734,12.685122,-14.847206,12.821016,-14.852241,12.822110
0,-14.850734,12.685122,-14.843058,12.820798,-14.844442,12.820862
0,-14.890422,12.679298,-14.852241,12.822110,-14.869163,12.828768
0,-14.879274,12.679082,-14.852241,12.822110,-14.890422,12.679298
0,-14.850734,12.685122,-14.845825,12.820934,-14.847206,12.821016
0,-14.841673,12.820739,-14.843058,12.820798,-14.850734,12.685122
0,-14.853460,12.825633,-14.869163,12.828768,-14.852241,12.822110
0,-14.875285,12.833905,-14.933637,12.680312,-14.869163,12.828768
0,-14.853744,12.827961,-14.854907,12.829013,-14.853460,12.825633
0,-14.853514,12.827754,-14.853744,12.827961,-14.853460,12.825633
0,-14.869163,12.828768,-14.901568,12.679513,-14.890422,12.679298
0,-14.838902,12.820633,-14.840288,12.820684,-14.850734,12.685122
0,-14.840288,12.820684,-14.841673,12.820739,-14.850734,12.685122
0,-14.837516,12.820580,-14.838902,12.820633,-14.850734,12.685122
0,-14.836131,12.820526,-14.837516,12.820580,-14.850734,12.685122
0,-14.834746,12.820468,-14.836131,12.820526,-14.850734,12.685122
0,-14.850734,12.685122,-14.830598,12.820252,-14.831979,12.820333
0,-14.833362,12.820404,-14.834746,12.820468,-14.850734,12.685122
0,-14.850734,12.685122,-14.829218,12.820161,-14.830598,12.820252
0,-14.850734,12.685122,-14.827841,12.820055,-14.829218,12.820161
0,-14.850734,12.685122,-14.826465,12.819934,-14.827841,12.820055
0,-14.744984,12.815579,-14.748655,12.814940,-14.731632,12.810210
0,-14.731632,12.810210,-14.742541,12.816005,-14.744984,12.815579
0,-14.756546,12.678225,-14.708629,12.787019,-14.771794,12.809968
0,-14.748655,12.814940,-14.752586,12.813230,-14.731632,12.810210
0,-14.739048,12.816217,-14.742541,12.816005,-14.735775,12.814927
0,-14.756546,12.678225,-14.771794,12.809968,-14.771238,12.678331
0,-14.771794,12.809968,-14.708629,12.787019,-14.757609,12.811736
0,-14.735775,12.814927,-14.742541,12.816005,-14.731632,12.810210
0,-14.757609,12.811736,-14.762569,12.821100,-14.771794,12.809968
0,-14.774506,12.810561,-14.797456,12.678518,-14.773149,12.810266
0,-14.797456,12.678518,-14.774506,12.810561,-14.775865,12.810853
0,-14.762569,12.821100,-14.771222,12.820991,-14.771794,12.809968
0,-14.797456,12.678518,-14.777225,12.811140,-14.778587,12.811425
0,-14.797456,12.678518,-14.775865,12.810853,-14.777225,12.811140
0,-14.797456,12.678518,-14.778587,12.811425,-14.779951,12.811705
0,-14.797456,12.678518,-14.782683,12.812258,-14.784050,12.812529
0,-14.797456,12.678518,-14.779951,12.811705,-14.781316,12.811983
0,-14.797456,12.678518,-14.785419,12.812798,-14.786788,12.813065
0,-14.797456,12.678518,-14.784050,12.812529,-14.785419,12.812798
0,-14.797456,12.678518,-14.786788,12.813065,-14.788159,12.813329
0,-14.797456,12.678518,-14.789530,12.813591,-14.790901,12.813850
0,-14.797456,12.678518,-14.788159,12.813329,-14.789530,12.813591
0,-14.850734,12.685122,-14.817910,12.678662,-14.808732,12.817082
0,-14.850734,12.685122,-14.808732,12.817082,-14.810100,12.817325
0,-14.850734,12.685122,-14.811466,12.817568,-14.812831,12.817811
0,-14.850734,12.685122,-14.810100,12.817325,-14.811466,12.817568
0,-14.850734,12.685122,-14.822356,12.819460,-14.823723,12.819638
0,-14.850734,12.685122,-14.825092,12.819795,-14.826465,12.819934
0,-14.816918,12.818542,-14.818277,12.818786,-14.850734,12.685122
0,-14.850734,12.685122,-14.815557,12.818298,-14.816918,12.818542
0,-14.850734,12.685122,-14.814195,12.818054,-14.815557,12.818298
0,-14.850734,12.685122,-14.812831,12.817811,-14.814195,12.818054
0,-14.808732,12.817082,-14.817910,12.678662,-14.807364,12.816839
0,-14.807364,12.816839,-14.817910,12.678662,-14.805994,12.816595
0,-14.805994,12.816595,-14.817910,12.678662,-14.804624,12.816351
0,-14.817910,12.678662,-14.801881,12.815861,-14.803253,12.816106
0,-14.817910,12.678662,-14.800509,12.815615,-14.801881,12.815861
0,-14.817910,12.678662,-14.795018,12.814616,-14.796391,12.814868
0,-14.817910,12.678662,-14.797764,12.815118,-14.799137,12.815366
0,-14.817910,12.678662,-14.796391,12.814868,-14.797764,12.815118
0,-14.797456,12.678518,-14.793646,12.814363,-14.795018,12.814616
0,-14.797456,12.678518,-14.792273,12.814107,-14.793646,12.814363
0,-14.797456,12.678518,-14.790901,12.813850,-14.792273,12.814107
0,-14.685331,12.761634,-14.691517,12.767533,-14.712842,12.679062
0,-14.693718,12.679426,-14.685331,12.761634,-14.709425,12.679127
0,-14.757609,12.811736,-14.771794,12.809968,-14.757609,12.811736
0,-14.773149,12.810266,-14.797456,12.678518,-14.771794,12.809968
0,-14.757609,12.811736,-14.708629,12.787019,-14.731632,12.810210
0,-14.838365,12.678804,-14.850734,12.685122,-14.842612,12.678833
0,-14.844442,12.820862,-14.845825,12.820934,-14.850734,12.685122
0,-14.869163,12.828768,-14.906550,12.679609,-14.901568,12.679513
0,-14.869163,12.828768,-14.912715,12.679727,-14.906550,12.679609
0,-14.850734,12.685122,-14.873059,12.679040,-14.858820,12.678944
0,-14.850734,12.685122,-14.879274,12.679082,-14.873059,12.679040
0,-14.850734,12.685122,-14.858820,12.678944,-14.853232,12.678905
0,-14.850734,12.685122,-14.853232,12.678905,-14.853178,12.678904
0,-14.817910,12.678662,-14.850734,12.685122,-14.838365,12.678804
0,-14.797456,12.678518,-14.795018,12.814616,-14.817910,12.678662
0,-14.691517,12.767533,-14.748640,12.678376,-14.733322,12.678070
0,-14.708629,12.787019,-14.756546,12.678225,-14.748640,12.678376
0,-14.693718,12.679426,-14.677968,12.679690,-14.673631,12.757229
0,-14.673631,12.757229,-14.672857,12.679776,-14.643004,12.695296
0,-14.640883,12.751856,-14.643081,12.752308,-14.629088,12.713580
0,-14.662216,12.679954,-14.649474,12.680166,-14.643004,12.695296
0,-14.672857,12.679776,-14.662216,12.679954,-14.643004,12.695296
0,-14.629088,12.713580,-14.643081,12.752308,-14.645367,12.752779
0,-14.645367,12.752779,-14.651605,12.754127,-14.629088,12.713580
0,-14.659988,12.755669,-14.673631,12.757229,-14.643004,12.695296
0,-14.679094,12.758756,-14.693718,12.679426,-14.673631,12.757229
0,-14.685331,12.761634,-14.693718,12.679426,-14.679094,12.758756
0,-14.651605,12.754127,-14.659988,12.755669,-14.643004,12.695296
0,-14.651605,12.754127,-14.643004,12.695296,-14.629088,12.713580
0,-14.620282,12.732593,-14.627807,12.750072,-14.631334,12.750372
0,-14.627807,12.750072,-14.620282,12.732593,-14.616606,12.740759
0,-14.628865,12.689733,-14.630388,12.693959,-14.643004,12.695296
0,-14.616606,12.740759,-14.619690,12.749380,-14.621531,12.749537
0,-14.628865,12.689733,-14.643004,12.695296,-14.635226,12.680357
0,-14.635333,12.750713,-14.629088,12.713580,-14.620282,12.732593
0,-14.625536,12.680488,-14.628865,12.689733,-14.629146,12.680438
0,-14.625536,12.680488,-14.629146,12.680438,-14.625535,12.680488
0,-14.625536,12.680488,-14.625535,12.680488,-14.625536,12.680488
0,-14.850734,12.685122,-14.853178,12.678902,-14.842612,12.678833
