26,10,8,48,83,
0,-16.335852,15.014775,-16.338671,15.012348,-16.333608,15.015293
0,-16.234395,14.759069,-16.239010,14.755437,-16.236829,14.755919
0,-16.247160,14.976080,-16.248328,14.977095,-16.245734,14.969498
0,-16.293882,14.993789,-16.302942,14.995654,-16.367512,14.945554
0,-16.194031,14.777056,-16.187592,14.779471,-16.180768,14.789517
0,-16.090498,14.919943,-16.090617,14.923824,-16.090964,14.919461
0,-16.124821,14.802406,-16.132444,14.805187,-16.127849,14.802156
0,-16.160532,14.962633,-16.118382,14.861324,-16.103502,14.891635
0,-16.353433,14.792508,-16.353171,14.790621,-16.340079,14.766118
0,-16.107009,14.815682,-16.109220,14.818216,-16.109902,14.818496
0,-16.221535,14.768608,-16.219941,14.768453,-16.218097,14.768439
0,-16.320432,14.750701,-16.317666,14.748195,-16.306291,14.742591
0,-16.245734,14.969498,-16.242658,14.973250,-16.244206,14.974303
0,-16.209585,14.953939,-16.215337,14.952702,-16.118382,14.861324
0,-16.369704,14.931346,-16.368798,14.937146,-16.369198,14.935110
0,-16.242257,14.953866,-16.244350,14.960704,-16.270806,14.987022
0,-16.365535,14.845820,-16.366880,14.843940,-16.366381,14.841091
0,-16.284111,14.991314,-16.288545,14.992500,-16.280952,14.990238
0,-16.363547,14.978858,-16.369792,14.964686,-16.367512,14.945554
0,-16.364412,14.994164,-16.363153,14.992274,-16.348467,15.012700
0,-16.322540,15.001772,-16.322121,15.005946,-16.340058,15.009613
0,-16.293882,14.993789,-16.367513,14.945546,-16.367748,14.944103
0,-16.367748,14.944103,-16.368343,14.941080,-16.368609,14.938353
0,-16.308138,14.996890,-16.367512,14.945554,-16.302942,14.995654
0,-16.302942,14.995654,-16.297634,14.994748,-16.300773,14.995359
0,-16.368657,14.937861,-16.242257,14.953866,-16.280952,14.990238
0,-16.080720,14.881319,-16.080194,14.881422,-16.080547,14.886659
0,-16.196791,14.957836,-16.118382,14.861324,-16.196604,14.957900
0,-16.177314,14.962842,-16.192534,14.959384,-16.118382,14.861324
0,-16.098884,14.906568,-16.136801,14.960845,-16.099856,14.903373
0,-16.137487,14.960943,-16.101179,14.899511,-16.136801,14.960845
0,-16.098717,14.906964,-16.126934,14.959326,-16.098884,14.906568
0,-16.090309,14.877394,-16.083964,14.887330,-16.098547,14.890192
0,-16.197983,14.775959,-16.194031,14.777056,-16.180768,14.789517
0,-16.280294,14.731650,-16.292573,14.728054,-16.291448,14.724891
0,-16.215876,14.952573,-16.218098,14.952041,-16.118382,14.861324
0,-16.118552,14.860243,-16.218098,14.952041,-16.218108,14.952039
0,-16.124821,14.802406,-16.118322,14.804428,-16.132444,14.805187
0,-16.335203,14.761717,-16.332312,14.758335,-16.328776,14.757298
0,-16.349607,14.777678,-16.352248,14.784385,-16.352057,14.783350
0,-16.269250,14.746009,-16.260760,14.752439,-16.306291,14.742591
0,-16.207726,14.769296,-16.206068,14.771205,-16.211511,14.768617
0,-16.292573,14.728054,-16.292194,14.726322,-16.291448,14.724891
0,-16.288113,14.721860,-16.284122,14.721018,-16.280294,14.731650
0,-16.180768,14.789517,-16.201961,14.775221,-16.197983,14.775959
0,-16.218097,14.768439,-16.204679,14.773293,-16.221535,14.768608
0,-16.229658,14.760947,-16.227666,14.761808,-16.232025,14.760609
0,-16.358705,14.831790,-16.221535,14.768608,-16.242257,14.953866
0,-16.351325,14.780678,-16.349607,14.777678,-16.352057,14.783350
0,-16.342703,14.768480,-16.353171,14.790621,-16.349607,14.777678
0,-16.187592,14.779471,-16.181866,14.785350,-16.180768,14.789517
0,-16.357812,14.825404,-16.358599,14.803009,-16.357103,14.801517
0,-16.352729,14.786990,-16.352248,14.784385,-16.349607,14.777678
0,-16.325765,14.755571,-16.260760,14.752439,-16.258467,14.754176
0,-16.357812,14.825404,-16.362035,14.805792,-16.358599,14.803009
0,-16.353433,14.792508,-16.328776,14.757298,-16.354253,14.797908
0,-16.222071,14.768081,-16.221838,14.768310,-16.233816,14.760211
0,-16.359665,14.835282,-16.242257,14.953866,-16.367650,14.866179
0,-16.365654,14.847726,-16.365535,14.845820,-16.359665,14.835282
0,-16.371345,14.911603,-16.371659,14.903936,-16.370880,14.895381
0,-16.363374,14.806531,-16.362035,14.805792,-16.357812,14.825404
0,-16.369712,14.888663,-16.242257,14.953866,-16.370880,14.895381
0,-16.369792,14.964686,-16.370216,14.961493,-16.367512,14.945554
0,-16.370630,14.958379,-16.367512,14.945554,-16.370216,14.961493
0,-16.345094,15.011516,-16.361980,14.990654,-16.342717,15.010691
0,-16.367512,14.945554,-16.362135,14.980591,-16.363547,14.978858
0,-16.361980,14.990654,-16.360954,14.988761,-16.342717,15.010691
0,-16.362631,15.011834,-16.351161,15.013678,-16.355648,15.014384
0,-16.340058,15.009613,-16.322121,15.005946,-16.327227,15.014380
0,-16.362631,15.011834,-16.355648,15.014384,-16.356671,15.014680
0,-16.333608,15.015293,-16.340058,15.009613,-16.327227,15.014380
0,-16.333608,15.015293,-16.328637,15.015235,-16.331180,15.015784
0,-16.318810,15.000870,-16.319751,15.001018,-16.313047,14.998172
0,-16.304880,14.996312,-16.308138,14.996890,-16.302942,14.995654
0,-16.309927,14.997503,-16.313047,14.998172,-16.308138,14.996890
0,-16.270806,14.987022,-16.280952,14.990238,-16.242257,14.953866
0,-16.196773,14.957842,-16.196791,14.957836,-16.196604,14.957900
0,-16.274574,14.988800,-16.270806,14.987022,-16.272364,14.987908
0,-16.242257,14.953866,-16.368657,14.937861,-16.368798,14.937146
0,-16.176341,14.963801,-16.177040,14.962870,-16.172421,14.964590
0,-16.229416,14.954616,-16.237960,14.953452,-16.227482,14.953044
0,-16.196773,14.957842,-16.196604,14.957900,-16.196646,14.957886
0,-16.196791,14.957836,-16.196858,14.957812,-16.118382,14.861324
0,-16.369144,14.884065,-16.368750,14.880524,-16.242257,14.953866
0,-16.180768,14.789517,-16.220642,14.951879,-16.237960,14.953452
0,-16.218509,14.952013,-16.219140,14.951971,-16.178160,14.790931
0,-16.218509,14.952013,-16.218108,14.952039,-16.218122,14.952040
0,-16.173691,14.792960,-16.169688,14.794194,-16.168479,14.794749
0,-16.212347,14.953460,-16.215337,14.952702,-16.210915,14.953708
0,-16.215876,14.952573,-16.118382,14.861324,-16.215337,14.952702
0,-16.098859,14.906595,-16.098717,14.906964,-16.098884,14.906568
0,-16.076270,14.882188,-16.077277,14.886048,-16.076682,14.882107
0,-16.090617,14.923824,-16.089233,14.929737,-16.121267,14.957902
0,-16.121267,14.957902,-16.098329,14.907821,-16.096798,14.911211
0,-16.178992,14.962671,-16.190687,14.960040,-16.178459,14.962725
0,-16.160532,14.962633,-16.163837,14.963484,-16.177040,14.962870
0,-16.191367,14.959798,-16.192534,14.959384,-16.177676,14.962805
0,-16.257888,14.981960,-16.260101,14.983629,-16.262645,14.984428
0,-16.118382,14.861324,-16.160532,14.962633,-16.177040,14.962870
0,-16.160532,14.962633,-16.146963,14.962132,-16.152155,14.963100
0,-16.090617,14.923824,-16.095704,14.913976,-16.092477,14.917894
0,-16.085673,14.947055,-16.108134,14.959849,-16.086206,14.935838
0,-16.121267,14.957902,-16.095704,14.913976,-16.090617,14.923824
0,-16.089233,14.929737,-16.108134,14.959849,-16.121267,14.957902
0,-16.071403,14.883138,-16.077277,14.886048,-16.071627,14.883094
0,-16.085673,14.947055,-16.103868,14.961278,-16.108134,14.959849
0,-16.099670,14.962003,-16.103868,14.961278,-16.085673,14.947055
0,-16.069883,14.883434,-16.077277,14.886048,-16.070275,14.883358
0,-16.080547,14.886659,-16.083964,14.887330,-16.081737,14.881120
0,-16.089615,14.877526,-16.085733,14.878296,-16.085506,14.878456
0,-16.089639,14.877526,-16.083964,14.887330,-16.089741,14.877505
0,-16.090309,14.877394,-16.098547,14.890192,-16.090818,14.877294
0,-16.091701,14.877121,-16.098547,14.890192,-16.092415,14.876981
0,-16.095628,14.876350,-16.098547,14.890192,-16.095813,14.876314
0,-16.096320,14.876214,-16.098547,14.890192,-16.096913,14.876098
0,-16.105640,14.871989,-16.103502,14.891635,-16.106181,14.871571
0,-16.100686,14.874831,-16.103502,14.891635,-16.101568,14.874359
0,-16.101734,14.874270,-16.103502,14.891635,-16.102600,14.873806
0,-16.096913,14.876098,-16.098547,14.890192,-16.097425,14.875997
0,-16.098079,14.875869,-16.098547,14.890192,-16.098688,14.875749
0,-16.108213,14.869995,-16.103502,14.891635,-16.108418,14.869836
0,-16.118233,14.861482,-16.103502,14.891635,-16.118382,14.861324
0,-16.110294,14.868382,-16.103502,14.891635,-16.110554,14.868181
0,-16.110554,14.868181,-16.103502,14.891635,-16.111987,14.867070
0,-16.161086,14.796938,-16.155117,14.797944,-16.147655,14.803192
0,-16.138656,14.807076,-16.117173,14.832913,-16.117373,14.834854
0,-16.134990,14.806820,-16.132444,14.805187,-16.114620,14.822633
0,-16.127849,14.802156,-16.132444,14.805187,-16.130496,14.802000
0,-16.114776,14.823494,-16.116049,14.827114,-16.116323,14.827604
0,-16.116546,14.828848,-16.134990,14.806820,-16.116472,14.828434
0,-16.157343,14.797273,-16.155117,14.797944,-16.161086,14.796938
0,-16.114816,14.823717,-16.115001,14.824737,-16.115739,14.826562
0,-16.107009,14.815682,-16.109902,14.818496,-16.110441,14.818718
0,-16.211511,14.768617,-16.206068,14.771205,-16.204679,14.773293
0,-16.116049,14.827114,-16.114776,14.823494,-16.114816,14.823717
0,-16.115515,14.826162,-16.115001,14.824737,-16.115019,14.824831
0,-16.118322,14.804428,-16.115920,14.805827,-16.113364,14.820724
0,-16.112334,14.806610,-16.111143,14.819007,-16.111598,14.819194
0,-16.106340,14.813021,-16.108603,14.807824,-16.105726,14.810582
0,-16.118322,14.804428,-16.124821,14.802406,-16.121505,14.802648
0,-16.325765,14.755571,-16.354253,14.797908,-16.328776,14.757298
0,-16.306291,14.742591,-16.260760,14.752439,-16.320432,14.750701
0,-16.325765,14.755571,-16.258467,14.754176,-16.354253,14.797908
0,-16.325765,14.755571,-16.323342,14.752701,-16.320432,14.750701
0,-16.328776,14.757298,-16.353433,14.792508,-16.335203,14.761717
0,-16.337219,14.763342,-16.335203,14.761717,-16.340079,14.766118
0,-16.340079,14.766118,-16.335203,14.761717,-16.353433,14.792508
0,-16.349607,14.777678,-16.353171,14.790621,-16.352729,14.786990
0,-16.342703,14.768480,-16.340079,14.766118,-16.353171,14.790621
0,-16.349607,14.777678,-16.348967,14.774916,-16.345094,14.770527
0,-16.342703,14.768480,-16.349607,14.777678,-16.345094,14.770527
0,-16.348967,14.774916,-16.347531,14.772430,-16.345094,14.770527
0,-16.298290,14.738894,-16.274636,14.742236,-16.304342,14.741855
0,-16.317666,14.748195,-16.314622,14.745464,-16.306291,14.742591
0,-16.308884,14.742749,-16.314622,14.745464,-16.311430,14.742951
0,-16.306291,14.742591,-16.314622,14.745464,-16.308884,14.742749
0,-16.304342,14.741855,-16.303768,14.741380,-16.301167,14.739927
0,-16.304342,14.741855,-16.301167,14.739927,-16.298290,14.738894
0,-16.276799,14.740106,-16.298290,14.738894,-16.278916,14.737577
0,-16.279945,14.735000,-16.278916,14.737577,-16.295932,14.735091
0,-16.285897,14.721036,-16.284122,14.721018,-16.288113,14.721860
0,-16.295932,14.735091,-16.278916,14.737577,-16.297232,14.736757
0,-16.279945,14.735000,-16.295932,14.735091,-16.293756,14.730798
0,-16.279945,14.735000,-16.293756,14.730798,-16.280294,14.731650
0,-16.293756,14.730798,-16.292573,14.728054,-16.280294,14.731650
0,-16.280294,14.731650,-16.291448,14.724891,-16.288113,14.721860
0,-16.278916,14.737577,-16.298290,14.738894,-16.297232,14.736757
0,-16.272315,14.743960,-16.269250,14.746009,-16.304342,14.741855
0,-16.269250,14.746009,-16.306291,14.742591,-16.304342,14.741855
0,-16.260760,14.752439,-16.325765,14.755571,-16.320432,14.750701
0,-16.222071,14.768081,-16.232025,14.760609,-16.227666,14.761808
0,-16.276799,14.740106,-16.274636,14.742236,-16.298290,14.738894
0,-16.274636,14.742236,-16.272315,14.743960,-16.304342,14.741855
0,-16.355994,14.800411,-16.354253,14.797908,-16.357812,14.825404
0,-16.253716,14.753821,-16.250503,14.754020,-16.257452,14.754226
0,-16.250503,14.754020,-16.247050,14.754499,-16.257452,14.754226
0,-16.236829,14.755919,-16.234884,14.756815,-16.234395,14.759069
0,-16.233816,14.760211,-16.247050,14.754499,-16.242610,14.754867
0,-16.233816,14.760211,-16.239010,14.755437,-16.234395,14.759069
0,-16.239010,14.755437,-16.233816,14.760211,-16.242610,14.754867
0,-16.201961,14.775221,-16.180768,14.789517,-16.221535,14.768608
0,-16.215148,14.768503,-16.204679,14.773293,-16.218097,14.768439
0,-16.204679,14.773293,-16.201961,14.775221,-16.221535,14.768608
0,-16.211511,14.768617,-16.204679,14.773293,-16.215148,14.768503
0,-16.238019,14.953458,-16.221535,14.768608,-16.237960,14.953452
0,-16.258467,14.754176,-16.257452,14.754226,-16.221535,14.768608
0,-16.225198,14.762336,-16.222622,14.766138,-16.227666,14.761808
0,-16.233816,14.760211,-16.257452,14.754226,-16.247050,14.754499
0,-16.257452,14.754226,-16.233816,14.760211,-16.221535,14.768608
0,-16.222071,14.768081,-16.233816,14.760211,-16.232025,14.760609
0,-16.221838,14.768310,-16.221535,14.768608,-16.233816,14.760211
0,-16.227666,14.761808,-16.222622,14.766138,-16.222071,14.768081
0,-16.225198,14.762336,-16.222787,14.763090,-16.222622,14.766138
0,-16.361845,14.836110,-16.365535,14.845820,-16.366381,14.841091
0,-16.363904,14.836893,-16.361845,14.836110,-16.366381,14.841091
0,-16.365775,14.849688,-16.365654,14.847726,-16.359665,14.835282
0,-16.359665,14.835282,-16.365535,14.845820,-16.361845,14.836110
0,-16.368061,14.815286,-16.363374,14.806531,-16.357812,14.825404
0,-16.368061,14.815286,-16.367231,14.808660,-16.363374,14.806531
0,-16.355994,14.800411,-16.357812,14.825404,-16.357103,14.801517
0,-16.357812,14.825404,-16.363046,14.825558,-16.368061,14.815286
0,-16.353433,14.792508,-16.354253,14.797908,-16.354165,14.795180
0,-16.258467,14.754176,-16.221535,14.768608,-16.358705,14.831790
0,-16.258467,14.754176,-16.357812,14.825404,-16.354253,14.797908
0,-16.258467,14.754176,-16.358080,14.827093,-16.357812,14.825404
0,-16.358080,14.827093,-16.258467,14.754176,-16.358705,14.831790
0,-16.358080,14.827093,-16.358705,14.831790,-16.358446,14.829025
0,-16.178160,14.790931,-16.218108,14.952039,-16.218509,14.952013
0,-16.220040,14.951909,-16.178160,14.790931,-16.219140,14.951971
0,-16.215465,14.952683,-16.215876,14.952573,-16.215337,14.952702
0,-16.215465,14.952683,-16.215641,14.952655,-16.215876,14.952573
0,-16.237960,14.953452,-16.222005,14.952141,-16.223658,14.952459
0,-16.220642,14.951879,-16.220041,14.951909,-16.220038,14.951972
0,-16.237960,14.953452,-16.220642,14.951879,-16.222005,14.952141
0,-16.178160,14.790931,-16.220041,14.951909,-16.220642,14.951879
0,-16.178160,14.790931,-16.220040,14.951909,-16.220041,14.951909
0,-16.367650,14.866179,-16.367317,14.860298,-16.366777,14.856498
0,-16.223658,14.952459,-16.225315,14.952839,-16.226191,14.952922
0,-16.223658,14.952459,-16.227482,14.953044,-16.237960,14.953452
0,-16.223658,14.952459,-16.226191,14.952922,-16.227482,14.953044
0,-16.293882,14.993789,-16.367512,14.945554,-16.367513,14.945546
0,-16.308138,14.996890,-16.313047,14.998172,-16.367512,14.945554
0,-16.368657,14.937861,-16.288545,14.992500,-16.367748,14.944103
0,-16.368657,14.937861,-16.367748,14.944103,-16.368609,14.938353
0,-16.370564,14.948028,-16.367512,14.945554,-16.370589,14.951963
0,-16.370880,14.895381,-16.370393,14.891976,-16.369712,14.888663
0,-16.368750,14.880524,-16.368661,14.879813,-16.242257,14.953866
0,-16.369198,14.935110,-16.369448,14.933553,-16.369704,14.931346
0,-16.368798,14.937146,-16.369964,14.928407,-16.242257,14.953866
0,-16.359665,14.835282,-16.367650,14.866179,-16.366777,14.856498
0,-16.359665,14.835282,-16.366777,14.856498,-16.365775,14.849688
0,-16.369236,14.824660,-16.368061,14.815286,-16.363046,14.825558
0,-16.358705,14.831790,-16.242257,14.953866,-16.359665,14.835282
0,-16.368661,14.879813,-16.368261,14.876613,-16.242257,14.953866
0,-16.368261,14.876613,-16.367650,14.866179,-16.242257,14.953866
0,-16.369964,14.928407,-16.370801,14.925518,-16.371152,14.922352
0,-16.371772,14.917349,-16.373400,14.914655,-16.371345,14.911603
0,-16.369144,14.884065,-16.242257,14.953866,-16.369712,14.888663
0,-16.371659,14.903936,-16.371521,14.898195,-16.370880,14.895381
0,-16.371521,14.898195,-16.371520,14.898143,-16.370880,14.895381
0,-16.371345,14.911603,-16.371757,14.907750,-16.371659,14.903936
0,-16.371508,14.919692,-16.371772,14.917349,-16.371345,14.911603
0,-16.371345,14.911603,-16.371152,14.922352,-16.371508,14.919692
0,-16.371345,14.911603,-16.369964,14.928407,-16.371152,14.922352
0,-16.242257,14.953866,-16.369964,14.928407,-16.371345,14.911603
0,-16.368798,14.937146,-16.369704,14.931346,-16.369964,14.928407
0,-16.367512,14.945554,-16.370608,14.954881,-16.370589,14.951963
0,-16.367512,14.945554,-16.370630,14.958379,-16.370608,14.954881
0,-16.364604,14.977561,-16.369388,14.967725,-16.369792,14.964686
0,-16.364604,14.977561,-16.366809,14.974856,-16.369388,14.967725
0,-16.364604,14.977561,-16.369792,14.964686,-16.363547,14.978858
0,-16.368758,14.972464,-16.369388,14.967725,-16.366809,14.974856
0,-16.252994,14.979889,-16.245751,14.968657,-16.250213,14.978305
0,-16.257888,14.981960,-16.265438,14.984955,-16.244350,14.960704
0,-16.245751,14.968657,-16.245734,14.969498,-16.250213,14.978305
0,-16.244206,14.974303,-16.245368,14.975095,-16.245734,14.969498
0,-16.248328,14.977095,-16.250213,14.978305,-16.245734,14.969498
0,-16.245368,14.975095,-16.247160,14.976080,-16.245734,14.969498
0,-16.255016,14.980601,-16.257888,14.981960,-16.245157,14.965284
0,-16.252994,14.979889,-16.255016,14.980601,-16.245751,14.968657
0,-16.274574,14.988800,-16.276886,14.989836,-16.280952,14.990238
0,-16.244350,14.960704,-16.265438,14.984955,-16.268308,14.986042
0,-16.257888,14.981960,-16.262645,14.984428,-16.265438,14.984955
0,-16.280952,14.990238,-16.270806,14.987022,-16.274574,14.988800
0,-16.276886,14.989836,-16.278581,14.990260,-16.280952,14.990238
0,-16.288545,14.992500,-16.368657,14.937861,-16.280952,14.990238
0,-16.360334,14.984761,-16.361390,14.981505,-16.322540,15.001772
0,-16.361111,14.982605,-16.361390,14.981505,-16.360334,14.984761
0,-16.362135,14.980591,-16.367512,14.945554,-16.361390,14.981505
0,-16.360954,14.988761,-16.340058,15.009613,-16.341046,15.010014
0,-16.360365,14.986731,-16.340058,15.009613,-16.360954,14.988761
0,-16.364412,14.994164,-16.362631,15.011834,-16.365763,14.996054
0,-16.362631,15.011834,-16.371000,15.003696,-16.366835,14.997946
0,-16.362631,15.011834,-16.364412,14.994164,-16.351161,15.013678
0,-16.345094,15.011516,-16.348467,15.012700,-16.361980,14.990654
0,-16.333608,15.015293,-16.338671,15.012348,-16.340058,15.009613
0,-16.342717,15.010691,-16.360954,14.988761,-16.341046,15.010014
0,-16.365763,14.996054,-16.362631,15.011834,-16.366835,14.997946
0,-16.348467,15.012700,-16.363153,14.992274,-16.361980,14.990654
0,-16.351161,15.013678,-16.364412,14.994164,-16.348467,15.012700
0,-16.362631,15.011834,-16.356671,15.014680,-16.361035,15.013793
0,-16.361035,15.013793,-16.356671,15.014680,-16.359620,15.015530
0,-16.333608,15.015293,-16.327227,15.014380,-16.328637,15.015235
0,-16.322121,15.005946,-16.321826,15.007981,-16.322329,15.009831
0,-16.360365,14.986731,-16.322540,15.001772,-16.340058,15.009613
0,-16.360365,14.986731,-16.360334,14.984761,-16.322540,15.001772
0,-16.325611,15.013400,-16.323211,15.011395,-16.324329,15.012766
0,-16.324329,15.012766,-16.323211,15.011395,-16.323699,15.012454
0,-16.325611,15.013400,-16.322121,15.005946,-16.323211,15.011395
0,-16.323211,15.011395,-16.322121,15.005946,-16.322329,15.009831
0,-16.327227,15.014380,-16.322121,15.005946,-16.325611,15.013400
0,-16.322540,15.001772,-16.321801,15.003848,-16.322121,15.005946
0,-16.298791,14.995072,-16.300773,14.995359,-16.297634,14.994748
0,-16.361390,14.981505,-16.319751,15.001018,-16.322540,15.001772
0,-16.361390,14.981505,-16.313047,14.998172,-16.319751,15.001018
0,-16.361390,14.981505,-16.367512,14.945554,-16.313047,14.998172
0,-16.302942,14.995654,-16.293882,14.993789,-16.297634,14.994748
0,-16.367748,14.944103,-16.288545,14.992500,-16.293882,14.993789
0,-16.293882,14.993789,-16.288545,14.992500,-16.291136,14.993398
0,-16.286655,14.992122,-16.288545,14.992500,-16.284111,14.991314
0,-16.118382,14.861324,-16.196988,14.957767,-16.197064,14.957741
0,-16.118382,14.861324,-16.196858,14.957812,-16.196988,14.957767
0,-16.188852,14.960691,-16.186943,14.961304,-16.188823,14.960702
0,-16.196646,14.957886,-16.196604,14.957900,-16.196617,14.957896
0,-16.118382,14.861324,-16.196310,14.958003,-16.196604,14.957900
0,-16.196604,14.957900,-16.196527,14.957928,-16.196552,14.957919
0,-16.196604,14.957900,-16.196310,14.958003,-16.196527,14.957928
0,-16.257888,14.981960,-16.244350,14.960704,-16.245157,14.965284
0,-16.268308,14.986042,-16.270806,14.987022,-16.244350,14.960704
0,-16.245751,14.968657,-16.255016,14.980601,-16.245157,14.965284
0,-16.195036,14.958472,-16.118382,14.861324,-16.194485,14.958674
0,-16.194485,14.958674,-16.118382,14.861324,-16.194189,14.958783
0,-16.196310,14.958003,-16.118382,14.861324,-16.196004,14.958116
0,-16.196004,14.958116,-16.118382,14.861324,-16.195036,14.958472
0,-16.190346,14.960161,-16.190687,14.960040,-16.178992,14.962671
0,-16.189471,14.960471,-16.190346,14.960161,-16.179673,14.962601
0,-16.188852,14.960691,-16.189471,14.960471,-16.180575,14.962509
0,-16.188144,14.960942,-16.188823,14.960702,-16.187632,14.961103
0,-16.187632,14.961103,-16.188823,14.960702,-16.187559,14.961124
0,-16.188144,14.960942,-16.187632,14.961103,-16.187829,14.961045
0,-16.187982,14.961000,-16.188144,14.960942,-16.187829,14.961045
0,-16.191367,14.959798,-16.178121,14.962760,-16.178459,14.962725
0,-16.177110,14.962863,-16.118382,14.861324,-16.177040,14.962870
0,-16.191367,14.959798,-16.178459,14.962725,-16.190687,14.960040
0,-16.194189,14.958783,-16.118382,14.861324,-16.194026,14.958843
0,-16.194026,14.958843,-16.118382,14.861324,-16.193486,14.959042
0,-16.193486,14.959042,-16.118382,14.861324,-16.192534,14.959384
0,-16.193226,14.959137,-16.193486,14.959042,-16.192534,14.959384
0,-16.118382,14.861324,-16.197064,14.957741,-16.197349,14.957642
0,-16.118382,14.861324,-16.197477,14.957597,-16.197699,14.957521
0,-16.118382,14.861324,-16.197349,14.957642,-16.197477,14.957597
0,-16.197899,14.957451,-16.197975,14.957425,-16.118382,14.861324
0,-16.197899,14.957451,-16.197974,14.957425,-16.197975,14.957425
0,-16.197699,14.957521,-16.197899,14.957451,-16.118382,14.861324
0,-16.197699,14.957521,-16.197833,14.957474,-16.197899,14.957451
0,-16.197975,14.957425,-16.198002,14.957415,-16.118382,14.861324
0,-16.198002,14.957415,-16.199006,14.957070,-16.118382,14.861324
0,-16.231088,14.957526,-16.235062,14.955294,-16.230772,14.955964
0,-16.199006,14.957070,-16.199817,14.956792,-16.118382,14.861324
0,-16.118382,14.861324,-16.199817,14.956792,-16.201400,14.956247
0,-16.230772,14.955964,-16.235062,14.955294,-16.229416,14.954616
0,-16.229416,14.954616,-16.235062,14.955294,-16.237960,14.953452
0,-16.229416,14.954616,-16.235062,14.955294,-16.235062,14.955294
0,-16.370880,14.895381,-16.242257,14.953866,-16.371345,14.911603
0,-16.221535,14.768608,-16.238790,14.953532,-16.242257,14.953866
0,-16.238790,14.953532,-16.221535,14.768608,-16.238019,14.953458
0,-16.215337,14.952702,-16.210521,14.953776,-16.210915,14.953708
0,-16.215337,14.952702,-16.209585,14.953939,-16.210521,14.953776
0,-16.204981,14.955220,-16.206811,14.954420,-16.201400,14.956247
0,-16.118382,14.861324,-16.209007,14.954039,-16.209585,14.953939
0,-16.204981,14.955220,-16.201400,14.956247,-16.203629,14.955811
0,-16.118382,14.861324,-16.206811,14.954420,-16.207243,14.954345
0,-16.118382,14.861324,-16.201400,14.956247,-16.206811,14.954420
0,-16.209007,14.954039,-16.118382,14.861324,-16.208399,14.954145
0,-16.208399,14.954145,-16.118382,14.861324,-16.207243,14.954345
0,-16.100686,14.874831,-16.101404,14.891024,-16.103502,14.891635
0,-16.101179,14.899511,-16.146963,14.962132,-16.103502,14.891635
0,-16.136801,14.960845,-16.099964,14.903058,-16.099856,14.903373
0,-16.136801,14.960845,-16.101179,14.899511,-16.099964,14.903058
0,-16.098903,14.906152,-16.098884,14.906568,-16.099856,14.903373
0,-16.098884,14.906553,-16.098884,14.906568,-16.098903,14.906152
0,-16.098879,14.906190,-16.098884,14.906553,-16.098903,14.906152
0,-16.098843,14.906216,-16.098827,14.906251,-16.098879,14.906190
0,-16.098827,14.906251,-16.098884,14.906553,-16.098879,14.906190
0,-16.101404,14.891024,-16.099135,14.875662,-16.098547,14.890192
0,-16.098835,14.906506,-16.098834,14.906525,-16.098860,14.906541
0,-16.098827,14.906251,-16.098835,14.906506,-16.098884,14.906553
0,-16.098884,14.906553,-16.098835,14.906506,-16.098860,14.906541
0,-16.098665,14.906716,-16.098504,14.906848,-16.098583,14.906904
0,-16.098665,14.906716,-16.098672,14.906918,-16.098717,14.906940
0,-16.098507,14.906896,-16.098583,14.906904,-16.098500,14.906875
0,-16.098672,14.906918,-16.098665,14.906716,-16.098583,14.906904
0,-16.098329,14.907821,-16.098717,14.906964,-16.098692,14.906984
0,-16.098329,14.907821,-16.098639,14.907009,-16.098522,14.907035
0,-16.098639,14.907009,-16.098329,14.907821,-16.098692,14.906984
0,-16.121267,14.957902,-16.126934,14.959326,-16.098717,14.906964
0,-16.098665,14.906716,-16.098717,14.906940,-16.098775,14.906639
0,-16.126934,14.959326,-16.136801,14.960845,-16.098884,14.906568
0,-16.098717,14.906940,-16.098717,14.906964,-16.098859,14.906595
0,-16.098717,14.906940,-16.098837,14.906616,-16.098775,14.906639
0,-16.098717,14.906940,-16.098859,14.906595,-16.098837,14.906616
0,-16.139546,14.961238,-16.101179,14.899511,-16.137487,14.960943
0,-16.134486,14.960874,-16.136801,14.960845,-16.126934,14.959326
0,-16.187559,14.961124,-16.188823,14.960702,-16.187548,14.961127
0,-16.146963,14.962132,-16.101179,14.899511,-16.139546,14.961238
0,-16.187548,14.961127,-16.188823,14.960702,-16.186943,14.961304
0,-16.186943,14.961304,-16.188852,14.960691,-16.181101,14.962455
0,-16.186358,14.961476,-16.186943,14.961304,-16.181101,14.962455
0,-16.185242,14.961803,-16.185656,14.961682,-16.182632,14.962298
0,-16.184876,14.961910,-16.185242,14.961803,-16.182854,14.962276
0,-16.186358,14.961476,-16.181101,14.962455,-16.181638,14.962400
0,-16.186194,14.961524,-16.181904,14.962373,-16.185656,14.961682
0,-16.184043,14.962154,-16.184876,14.961910,-16.183527,14.962207
0,-16.183527,14.962207,-16.184876,14.961910,-16.182854,14.962276
0,-16.182854,14.962276,-16.185242,14.961803,-16.182632,14.962298
0,-16.181638,14.962400,-16.186194,14.961524,-16.186358,14.961476
0,-16.179673,14.962601,-16.180157,14.962552,-16.189471,14.960471
0,-16.181101,14.962455,-16.188852,14.960691,-16.180575,14.962509
0,-16.182632,14.962298,-16.185656,14.961682,-16.181904,14.962373
0,-16.181904,14.962373,-16.186194,14.961524,-16.181638,14.962400
0,-16.178121,14.962760,-16.191367,14.959798,-16.177676,14.962805
0,-16.177676,14.962805,-16.192534,14.959384,-16.177314,14.962842
0,-16.177314,14.962842,-16.118382,14.861324,-16.177110,14.962863
0,-16.177040,14.962870,-16.163837,14.963484,-16.170218,14.964382
0,-16.172421,14.964590,-16.177040,14.962870,-16.170218,14.964382
0,-16.146963,14.962132,-16.160532,14.962633,-16.103502,14.891635
0,-16.178992,14.962671,-16.179673,14.962601,-16.190346,14.960161
0,-16.180157,14.962552,-16.180575,14.962509,-16.189471,14.960471
0,-16.142237,14.961722,-16.146963,14.962132,-16.139546,14.961238
0,-16.148564,14.962567,-16.152155,14.963100,-16.146963,14.962132
0,-16.098329,14.907821,-16.098522,14.907035,-16.098469,14.907047
0,-16.098583,14.906904,-16.098504,14.906848,-16.098500,14.906875
0,-16.121267,14.957902,-16.096669,14.911536,-16.095704,14.913976
0,-16.121267,14.957902,-16.096798,14.911211,-16.096669,14.911536
0,-16.096798,14.911211,-16.098329,14.907821,-16.097161,14.910295
0,-16.121267,14.957902,-16.098717,14.906964,-16.098329,14.907821
0,-16.090617,14.923824,-16.092477,14.917894,-16.090964,14.919461
0,-16.090498,14.919943,-16.089076,14.921416,-16.090617,14.923824
0,-16.086206,14.935838,-16.108134,14.959849,-16.089233,14.929737
0,-16.099670,14.962003,-16.085673,14.947055,-16.093657,14.962031
0,-16.083298,14.958977,-16.082493,14.960720,-16.087934,14.961918
0,-16.093657,14.962031,-16.085673,14.947055,-16.087934,14.961918
0,-16.085696,14.936866,-16.085673,14.947055,-16.086206,14.935838
0,-16.085673,14.947055,-16.083298,14.958977,-16.087934,14.961918
0,-16.068949,14.883617,-16.077277,14.886048,-16.069349,14.883539
0,-16.066761,14.884044,-16.066658,14.884064,-16.077277,14.886048
0,-16.079404,14.881576,-16.078895,14.881675,-16.080547,14.886659
0,-16.066876,14.884021,-16.077277,14.886048,-16.067534,14.883893
0,-16.066876,14.884021,-16.066761,14.884044,-16.077277,14.886048
0,-16.067534,14.883893,-16.077277,14.886048,-16.067819,14.883837
0,-16.068263,14.883750,-16.077277,14.886048,-16.068694,14.883666
0,-16.067819,14.883837,-16.077277,14.886048,-16.068263,14.883750
0,-16.070275,14.883358,-16.077277,14.886048,-16.070519,14.883310
0,-16.069594,14.883491,-16.077277,14.886048,-16.069883,14.883434
0,-16.069349,14.883539,-16.077277,14.886048,-16.069594,14.883491
0,-16.068694,14.883666,-16.077277,14.886048,-16.068949,14.883617
0,-16.070519,14.883310,-16.077277,14.886048,-16.070982,14.883220
0,-16.071627,14.883094,-16.077277,14.886048,-16.072147,14.882992
0,-16.070982,14.883220,-16.077277,14.886048,-16.071403,14.883138
0,-16.072966,14.882833,-16.077277,14.886048,-16.073351,14.882758
0,-16.072708,14.882883,-16.077277,14.886048,-16.072966,14.882833
0,-16.072587,14.882907,-16.077277,14.886048,-16.072708,14.882883
0,-16.072147,14.882992,-16.077277,14.886048,-16.072587,14.882907
0,-16.073351,14.882758,-16.077277,14.886048,-16.073618,14.882705
0,-16.073980,14.882635,-16.077277,14.886048,-16.074368,14.882559
0,-16.073618,14.882705,-16.077277,14.886048,-16.073980,14.882635
0,-16.075328,14.882372,-16.077277,14.886048,-16.075654,14.882308
0,-16.074927,14.882450,-16.077277,14.886048,-16.075328,14.882372
0,-16.074598,14.882514,-16.077277,14.886048,-16.074927,14.882450
0,-16.074368,14.882559,-16.077277,14.886048,-16.074598,14.882514
0,-16.083964,14.887330,-16.082091,14.880870,-16.081737,14.881120
0,-16.083964,14.887330,-16.082283,14.880734,-16.082091,14.880870
0,-16.083964,14.887330,-16.082640,14.880482,-16.082283,14.880734
0,-16.089615,14.877526,-16.083964,14.887330,-16.089615,14.877526
0,-16.083964,14.887330,-16.084359,14.879267,-16.083866,14.879616
0,-16.083964,14.887330,-16.083866,14.879616,-16.083267,14.880039
0,-16.083964,14.887330,-16.083034,14.880203,-16.082640,14.880482
0,-16.083964,14.887330,-16.083267,14.880039,-16.083034,14.880203
0,-16.080547,14.886659,-16.081121,14.881241,-16.080720,14.881319
0,-16.080547,14.886659,-16.081737,14.881120,-16.081121,14.881241
0,-16.080547,14.886659,-16.079881,14.881483,-16.079404,14.881576
0,-16.080547,14.886659,-16.080194,14.881422,-16.079881,14.881483
0,-16.077277,14.886048,-16.080547,14.886659,-16.078895,14.881675
0,-16.077277,14.886048,-16.077561,14.881936,-16.076682,14.882107
0,-16.075654,14.882308,-16.077277,14.886048,-16.076270,14.882188
0,-16.077277,14.886048,-16.078895,14.881675,-16.078388,14.881774
0,-16.077277,14.886048,-16.077951,14.881860,-16.077561,14.881936
0,-16.077277,14.886048,-16.078388,14.881774,-16.077951,14.881860
0,-16.084359,14.879267,-16.083964,14.887330,-16.084537,14.879141
0,-16.089615,14.877526,-16.083964,14.887330,-16.089639,14.877526
0,-16.084537,14.879141,-16.083964,14.887330,-16.085506,14.878456
0,-16.086308,14.877889,-16.085733,14.878296,-16.089615,14.877526
0,-16.086663,14.877638,-16.089615,14.877526,-16.086788,14.877550
0,-16.089615,14.877526,-16.085506,14.878456,-16.083964,14.887330
0,-16.086802,14.877539,-16.086788,14.877550,-16.086804,14.877539
0,-16.086663,14.877638,-16.086308,14.877889,-16.089615,14.877526
0,-16.086804,14.877539,-16.086788,14.877550,-16.089615,14.877526
0,-16.092415,14.876981,-16.098547,14.890192,-16.092965,14.876873
0,-16.091295,14.877201,-16.098547,14.890192,-16.091701,14.877121
0,-16.090818,14.877294,-16.098547,14.890192,-16.091295,14.877201
0,-16.089741,14.877505,-16.083964,14.887330,-16.090309,14.877394
0,-16.097425,14.875997,-16.098547,14.890192,-16.098079,14.875869
0,-16.099135,14.875662,-16.101404,14.891024,-16.099915,14.875244
0,-16.098688,14.875749,-16.098547,14.890192,-16.099135,14.875662
0,-16.102600,14.873806,-16.103502,14.891635,-16.103690,14.873223
0,-16.101568,14.874359,-16.103502,14.891635,-16.101734,14.874270
0,-16.100056,14.875169,-16.101404,14.891024,-16.100686,14.874831
0,-16.099915,14.875244,-16.101404,14.891024,-16.100056,14.875169
0,-16.095813,14.876314,-16.098547,14.890192,-16.096320,14.876214
0,-16.095065,14.876461,-16.098547,14.890192,-16.095628,14.876350
0,-16.094392,14.876593,-16.098547,14.890192,-16.095065,14.876461
0,-16.093323,14.876802,-16.098547,14.890192,-16.093829,14.876703
0,-16.092965,14.876873,-16.098547,14.890192,-16.093323,14.876802
0,-16.094170,14.876636,-16.098547,14.890192,-16.094392,14.876593
0,-16.093829,14.876703,-16.098547,14.890192,-16.094170,14.876636
0,-16.103690,14.873223,-16.103502,14.891635,-16.104606,14.872732
0,-16.104853,14.872600,-16.103502,14.891635,-16.105640,14.871989
0,-16.104606,14.872732,-16.103502,14.891635,-16.104853,14.872600
0,-16.103502,14.891635,-16.112742,14.866484,-16.111987,14.867070
0,-16.108418,14.869836,-16.103502,14.891635,-16.110294,14.868382
0,-16.107461,14.870579,-16.103502,14.891635,-16.108213,14.869995
0,-16.106181,14.871571,-16.103502,14.891635,-16.107461,14.870579
0,-16.103502,14.891635,-16.114220,14.865339,-16.112742,14.866484
0,-16.115593,14.864274,-16.103502,14.891635,-16.116073,14.863771
0,-16.103502,14.891635,-16.115226,14.864559,-16.114220,14.865339
0,-16.103502,14.891635,-16.115593,14.864274,-16.115226,14.864559
0,-16.218098,14.952041,-16.118552,14.860243,-16.118382,14.861324
0,-16.218108,14.952039,-16.118902,14.858012,-16.118552,14.860243
0,-16.117775,14.861968,-16.103502,14.891635,-16.118233,14.861482
0,-16.116639,14.863171,-16.103502,14.891635,-16.117775,14.861968
0,-16.116073,14.863771,-16.103502,14.891635,-16.116639,14.863171
0,-16.218108,14.952039,-16.173691,14.792960,-16.118902,14.858012
0,-16.118902,14.858012,-16.173691,14.792960,-16.119179,14.856244
0,-16.143722,14.805680,-16.138656,14.807076,-16.117887,14.839834
0,-16.164966,14.796195,-16.173691,14.792960,-16.168479,14.794749
0,-16.119422,14.854696,-16.143722,14.805680,-16.119247,14.853005
0,-16.119247,14.853005,-16.143722,14.805680,-16.119117,14.851750
0,-16.138656,14.807076,-16.117785,14.838839,-16.117887,14.839834
0,-16.119049,14.851083,-16.119117,14.851750,-16.143722,14.805680
0,-16.118767,14.848355,-16.119049,14.851083,-16.143722,14.805680
0,-16.118287,14.843707,-16.118444,14.845225,-16.143722,14.805680
0,-16.118625,14.846977,-16.143722,14.805680,-16.118444,14.845225
0,-16.118240,14.843252,-16.143722,14.805680,-16.118112,14.842011
0,-16.118240,14.843252,-16.118287,14.843707,-16.143722,14.805680
0,-16.118112,14.842011,-16.143722,14.805680,-16.118006,14.840988
0,-16.118006,14.840988,-16.143722,14.805680,-16.117887,14.839834
0,-16.117785,14.838839,-16.138656,14.807076,-16.117684,14.837863
0,-16.117684,14.837863,-16.138656,14.807076,-16.117515,14.836233
0,-16.116570,14.828985,-16.134990,14.806820,-16.116546,14.828848
0,-16.116834,14.830461,-16.138656,14.807076,-16.116570,14.828985
0,-16.116570,14.828985,-16.138656,14.807076,-16.134990,14.806820
0,-16.138656,14.807076,-16.117037,14.831593,-16.117113,14.832333
0,-16.138656,14.807076,-16.116834,14.830461,-16.117037,14.831593
0,-16.117388,14.834997,-16.138656,14.807076,-16.117373,14.834854
0,-16.138656,14.807076,-16.117113,14.832333,-16.117173,14.832913
0,-16.117478,14.835868,-16.138656,14.807076,-16.117388,14.834997
0,-16.114641,14.822750,-16.134990,14.806820,-16.114620,14.822633
0,-16.117515,14.836233,-16.138656,14.807076,-16.117478,14.835868
0,-16.119422,14.854696,-16.147655,14.803192,-16.143722,14.805680
0,-16.150190,14.799180,-16.147254,14.799339,-16.147655,14.803192
0,-16.118767,14.848355,-16.143722,14.805680,-16.118625,14.846977
0,-16.118322,14.804428,-16.121505,14.802648,-16.120494,14.802641
0,-16.112334,14.806610,-16.112227,14.819453,-16.112599,14.819605
0,-16.178160,14.790931,-16.173691,14.792960,-16.218108,14.952039
0,-16.173691,14.792960,-16.171325,14.793442,-16.169688,14.794194
0,-16.237960,14.953452,-16.221535,14.768608,-16.180768,14.789517
0,-16.220642,14.951879,-16.180679,14.789578,-16.178160,14.790931
0,-16.220642,14.951879,-16.180768,14.789517,-16.180679,14.789578
0,-16.173691,14.792960,-16.178160,14.790931,-16.175739,14.791738
0,-16.164966,14.796195,-16.119179,14.856244,-16.173691,14.792960
0,-16.119422,14.854696,-16.164966,14.796195,-16.147655,14.803192
0,-16.119422,14.854696,-16.119179,14.856244,-16.164966,14.796195
0,-16.164966,14.796195,-16.161086,14.796938,-16.147655,14.803192
0,-16.155117,14.797944,-16.152749,14.798155,-16.147655,14.803192
0,-16.147655,14.803192,-16.152749,14.798155,-16.150190,14.799180
0,-16.113364,14.820724,-16.115920,14.805827,-16.113103,14.820328
0,-16.115920,14.805827,-16.112746,14.819785,-16.113103,14.820328
0,-16.115920,14.805827,-16.112639,14.819622,-16.112746,14.819785
0,-16.115920,14.805827,-16.112334,14.806610,-16.112639,14.819622
0,-16.114064,14.821789,-16.118322,14.804428,-16.113827,14.821428
0,-16.113827,14.821428,-16.118322,14.804428,-16.113364,14.820724
0,-16.116323,14.827604,-16.134990,14.806820,-16.114641,14.822750
0,-16.132444,14.805187,-16.118322,14.804428,-16.114064,14.821789
0,-16.114620,14.822633,-16.132444,14.805187,-16.114064,14.821789
0,-16.115739,14.826562,-16.115001,14.824737,-16.115515,14.826162
0,-16.116472,14.828434,-16.134990,14.806820,-16.116378,14.827910
0,-16.116378,14.827910,-16.134990,14.806820,-16.116323,14.827604
0,-16.115515,14.826162,-16.115019,14.824831,-16.115207,14.825611
0,-16.115207,14.825611,-16.115019,14.824831,-16.115138,14.825488
0,-16.116049,14.827114,-16.114816,14.823717,-16.115739,14.826562
0,-16.116323,14.827604,-16.114641,14.822750,-16.114776,14.823494
0,-16.112334,14.806610,-16.111598,14.819194,-16.112227,14.819453
0,-16.112334,14.806610,-16.112622,14.819615,-16.112639,14.819622
0,-16.112334,14.806610,-16.112599,14.819605,-16.112622,14.819615
0,-16.110441,14.818718,-16.111143,14.819007,-16.112334,14.806610
0,-16.106340,14.813021,-16.110441,14.818718,-16.112334,14.806610
0,-16.109220,14.818216,-16.107009,14.815682,-16.108757,14.818026
0,-16.108757,14.818026,-16.107009,14.815682,-16.108081,14.817748
0,-16.108081,14.817748,-16.107009,14.815682,-16.107676,14.817581
0,-16.107676,14.817581,-16.107009,14.815682,-16.107465,14.817494
0,-16.106340,14.813021,-16.112334,14.806610,-16.108603,14.807824
0,-16.110441,14.818718,-16.106340,14.813021,-16.107009,14.815682
0,-16.108603,14.807824,-16.105509,14.809720,-16.105726,14.810582
0,-16.108603,14.807824,-16.105210,14.808531,-16.105509,14.809720
