56,0,37,54,120,
0,-16.238705,13.843474,-16.243044,13.843706,-16.241478,13.837016
0,-15.905365,13.722710,-15.910817,13.722129,-15.911686,13.720796
0,-16.238937,13.831859,-16.232273,13.842609,-16.239802,13.834875
0,-16.125847,13.639737,-16.056543,13.591418,-15.983891,13.747071
0,-16.167099,13.745480,-16.166626,13.744864,-16.046918,13.805271
0,-15.897124,13.689484,-15.898322,13.690183,-15.890228,13.668090
0,-16.166626,13.744864,-16.164800,13.742488,-16.046918,13.805271
0,-16.161652,13.720832,-16.161573,13.719460,-16.023784,13.785016
0,-16.137872,13.650335,-16.160242,13.696153,-16.156784,13.678230
0,-16.165487,13.852907,-16.166514,13.853335,-16.223297,13.783715
0,-16.230968,13.790450,-16.244193,13.807597,-16.233887,13.791235
0,-16.245440,13.800517,-16.243668,13.796301,-16.241643,13.795406
0,-16.244193,13.807597,-16.234916,13.791524,-16.233887,13.791235
0,-16.194475,13.873016,-16.194842,13.873609,-16.207502,13.869180
0,-16.239229,13.828028,-16.239857,13.826512,-16.240593,13.824153
0,-16.207980,13.866977,-16.208986,13.864580,-16.192006,13.870634
0,-16.192470,13.877062,-16.191186,13.879070,-16.202527,13.887113
0,-16.068189,13.858566,-16.048888,13.855383,-16.048871,13.856761
0,-16.208986,13.864580,-16.187224,13.866751,-16.188127,13.867524
0,-16.115559,13.855227,-16.117021,13.855175,-16.167099,13.745480
0,-16.161760,13.722728,-16.025798,13.786883,-16.161808,13.723564
0,-16.048959,13.829297,-16.074215,13.857111,-16.048923,13.827942
0,-16.068472,13.857832,-16.048906,13.854004,-16.068189,13.858566
0,-16.022778,13.784083,-16.161573,13.719460,-16.161488,13.717973
0,-15.942627,13.742536,-15.937967,13.736879,-15.941623,13.741805
0,-15.926030,13.717417,-15.927391,13.717682,-15.902014,13.692720
0,-16.160699,13.704146,-16.125847,13.639737,-16.012714,13.774748
0,-15.896570,13.716691,-15.905365,13.722710,-15.913485,13.718432
0,-15.888649,13.680618,-15.888419,13.672151,-15.887996,13.673119
0,-16.159092,13.686551,-16.160242,13.696153,-16.159848,13.689245
0,-16.016739,13.778482,-16.161062,13.710514,-16.015733,13.777548
0,-16.147945,13.660320,-16.153351,13.669187,-16.151456,13.663040
0,-16.156784,13.678230,-16.160242,13.696153,-16.159092,13.686551
0,-16.142303,13.616757,-16.142024,13.614937,-16.139027,13.621682
0,-16.130410,13.606699,-16.091357,13.591518,-16.128462,13.626850
0,-16.136693,13.647604,-16.126688,13.640158,-16.137872,13.650335
0,-16.131254,13.606867,-16.131437,13.625395,-16.134997,13.623653
0,-16.127129,13.636394,-16.127827,13.631393,-16.125847,13.639737
0,-16.024791,13.785950,-16.161652,13.720832,-16.023784,13.785016
0,-16.161488,13.717973,-16.161469,13.717626,-16.021772,13.783150
0,-16.161140,13.711881,-16.161062,13.710514,-16.016739,13.778482
0,-16.161140,13.711881,-16.016739,13.778482,-16.017746,13.779416
0,-16.162242,13.730791,-16.041875,13.800687,-16.162421,13.733383
0,-16.162089,13.728487,-16.030830,13.791551,-16.162179,13.729868
0,-16.175834,13.739714,-16.177689,13.739893,-16.177671,13.739876
0,-16.163772,13.852751,-16.164577,13.852702,-16.167099,13.745480
0,-16.221875,13.781196,-16.216104,13.772742,-16.214698,13.771382
0,-16.196030,13.756458,-16.189253,13.750337,-16.170923,13.745409
0,-16.165487,13.852907,-16.221875,13.781196,-16.202564,13.762358
0,-16.225673,13.786602,-16.223297,13.783715,-16.224402,13.842520
0,-16.227626,13.842557,-16.232273,13.842609,-16.238937,13.831859
0,-16.240593,13.824153,-16.224402,13.842520,-16.239229,13.828028
0,-16.246021,13.839613,-16.241478,13.837016,-16.243044,13.843706
0,-16.247728,13.841487,-16.246021,13.839613,-16.245524,13.843055
0,-16.246021,13.839613,-16.243044,13.843706,-16.245524,13.843055
0,-16.223297,13.783715,-16.166514,13.853335,-16.167924,13.854015
0,-16.206142,13.881535,-16.193541,13.875369,-16.204630,13.883868
0,-16.214968,13.857323,-16.209844,13.863773,-16.214331,13.858997
0,-16.194842,13.873609,-16.193541,13.875369,-16.206142,13.881535
0,-16.140417,13.858195,-16.146165,13.856966,-16.147339,13.856599
0,-16.207502,13.869180,-16.193547,13.871860,-16.194475,13.873016
0,-16.194842,13.873609,-16.208067,13.872086,-16.207502,13.869180
0,-16.189873,13.868808,-16.208986,13.864580,-16.188127,13.867524
0,-16.202527,13.887113,-16.191186,13.879070,-16.190555,13.882236
0,-16.115559,13.855227,-16.167099,13.745480,-16.046918,13.805271
0,-16.147339,13.856599,-16.167099,13.745480,-16.117021,13.855175
0,-16.114432,13.855738,-16.048240,13.815897,-16.048352,13.817220
0,-16.086535,13.859769,-16.114432,13.855738,-16.085691,13.859411
0,-16.121645,13.856582,-16.140417,13.858195,-16.147339,13.856599
0,-16.159676,13.853177,-16.167099,13.745480,-16.156229,13.854320
0,-16.120714,13.856299,-16.147339,13.856599,-16.117021,13.855175
0,-16.165487,13.852907,-16.202564,13.762358,-16.201255,13.761599
0,-16.157930,13.853791,-16.159676,13.853177,-16.156229,13.854320
0,-16.161146,13.852927,-16.167099,13.745480,-16.159676,13.853177
0,-16.033850,13.794351,-16.034856,13.795284,-16.041875,13.800687
0,-16.164736,13.740846,-16.163524,13.736926,-16.162973,13.736075
0,-16.034856,13.795284,-16.040746,13.799960,-16.041875,13.800687
0,-16.046257,13.804261,-16.164800,13.742488,-16.162562,13.735439
0,-16.068472,13.857832,-16.048943,13.851245,-16.048924,13.852625
0,-16.085691,13.859411,-16.114432,13.855738,-16.083374,13.858635
0,-16.067685,13.861696,-16.068189,13.858566,-16.048856,13.858140
0,-16.048888,13.855383,-16.068189,13.858566,-16.048906,13.854004
0,-16.058572,13.870139,-16.063082,13.868087,-16.048831,13.860893
0,-16.014726,13.776615,-16.015733,13.777548,-16.161062,13.710514
0,-16.161246,13.713734,-16.161207,13.713040,-16.018752,13.780348
0,-16.161853,13.724358,-16.026804,13.787817,-16.027811,13.788750
0,-16.161573,13.719460,-16.022778,13.784083,-16.023784,13.785016
0,-16.161469,13.717626,-16.161390,13.716256,-16.021772,13.783150
0,-16.018752,13.780348,-16.161207,13.713040,-16.017746,13.779416
0,-16.014726,13.776615,-16.160699,13.704146,-16.013720,13.775681
0,-15.900186,13.641426,-15.934193,13.719004,-15.900690,13.640114
0,-15.990579,13.753742,-16.125847,13.639737,-15.989608,13.752773
0,-15.973275,13.749220,-15.970719,13.751313,-15.972046,13.751741
0,-15.989608,13.752773,-16.125847,13.639737,-15.988637,13.751805
0,-15.902014,13.692720,-15.923309,13.716888,-15.924670,13.717153
0,-15.892024,13.684936,-15.889688,13.669345,-15.891126,13.683896
0,-15.930112,13.718211,-15.931472,13.718476,-15.902014,13.692720
0,-15.927391,13.717682,-15.928751,13.717947,-15.902014,13.692720
0,-15.987666,13.750835,-15.988637,13.751805,-16.125847,13.639737
0,-15.948427,13.745456,-15.936497,13.731579,-15.947176,13.744957
0,-15.935347,13.724309,-15.957996,13.748190,-15.935099,13.722873
0,-15.956571,13.747855,-15.957996,13.748190,-15.935347,13.724309
0,-15.928751,13.717947,-15.930112,13.718211,-15.902014,13.692720
0,-15.944802,13.743838,-15.945967,13.744419,-15.936785,13.732977
0,-15.948427,13.745456,-15.949715,13.745920,-15.936242,13.730148
0,-15.959430,13.748518,-15.974208,13.748398,-15.935099,13.722873
0,-15.973275,13.749220,-15.969364,13.750911,-15.970719,13.751313
0,-15.893246,13.660420,-15.892754,13.661711,-15.902014,13.692720
0,-15.900690,13.640114,-15.897631,13.631193,-15.896693,13.639623
0,-15.899169,13.643690,-15.898302,13.646514,-15.899820,13.642259
0,-15.894724,13.656552,-15.894229,13.657840,-15.902014,13.692720
0,-15.934193,13.719004,-15.900186,13.641426,-15.898302,13.646514
0,-15.932833,13.718739,-15.902014,13.692720,-15.931472,13.718476
0,-15.897232,13.614804,-15.898153,13.621160,-15.911470,13.591584
0,-15.969892,13.591659,-15.934193,13.719004,-15.999102,13.591690
0,-15.892024,13.684936,-15.892953,13.685951,-15.889688,13.669345
0,-15.901487,13.692325,-15.901739,13.692510,-15.892754,13.661711
0,-15.890747,13.666830,-15.890228,13.668090,-15.898322,13.690183
0,-15.889120,13.670601,-15.888419,13.672151,-15.890255,13.682842
0,-15.888419,13.672151,-15.888649,13.680618,-15.889426,13.681750
0,-15.888649,13.680618,-15.887996,13.673119,-15.887492,13.674382
0,-16.161296,13.714597,-16.161246,13.713734,-16.019759,13.781282
0,-16.161207,13.713040,-16.161140,13.711881,-16.017746,13.779416
0,-16.020765,13.782216,-16.161296,13.714597,-16.019759,13.781282
0,-16.020765,13.782216,-16.161390,13.716256,-16.161296,13.714597
0,-16.161929,13.725681,-16.028817,13.789683,-16.162014,13.727178
0,-16.162089,13.728487,-16.162014,13.727178,-16.029824,13.790617
0,-16.162014,13.727178,-16.028817,13.789683,-16.029824,13.790617
0,-16.025798,13.786883,-16.161760,13.722728,-16.161720,13.722026
0,-16.025798,13.786883,-16.161720,13.722026,-16.024791,13.785950
0,-16.024791,13.785950,-16.161720,13.722026,-16.161652,13.720832
0,-16.137872,13.650335,-16.156784,13.678230,-16.142789,13.654644
0,-16.012714,13.774748,-16.013720,13.775681,-16.160699,13.704146
0,-16.160699,13.704146,-16.160500,13.700668,-16.137872,13.650335
0,-16.156784,13.678230,-16.153351,13.669187,-16.142789,13.654644
0,-16.154119,13.670450,-16.153351,13.669187,-16.156784,13.678230
0,-16.154119,13.670450,-16.156784,13.678230,-16.155559,13.672819
0,-16.137882,13.640894,-16.134636,13.639896,-16.136693,13.647604
0,-16.137872,13.650335,-16.160500,13.700668,-16.160242,13.696153
0,-16.147442,13.659766,-16.153351,13.669187,-16.147945,13.660320
0,-16.142789,13.654644,-16.153351,13.669187,-16.147442,13.659766
0,-16.142024,13.614937,-16.139040,13.611594,-16.139027,13.621682
0,-16.141747,13.613130,-16.139040,13.611594,-16.142024,13.614937
0,-16.139040,13.611594,-16.137213,13.610558,-16.139027,13.621682
0,-16.137213,13.610558,-16.134997,13.623653,-16.139027,13.621682
0,-16.142303,13.616757,-16.140710,13.620859,-16.142778,13.619847
0,-16.142303,13.616757,-16.139027,13.621682,-16.140710,13.620859
0,-16.136693,13.647604,-16.134636,13.639896,-16.132523,13.640457
0,-16.131254,13.606867,-16.134997,13.623653,-16.137213,13.610558
0,-16.091357,13.591518,-16.133301,13.598445,-16.141427,13.591656
0,-16.091357,13.591518,-16.130410,13.606699,-16.133301,13.598445
0,-16.131254,13.606867,-16.130410,13.606699,-16.131437,13.625395
0,-16.085389,13.591502,-16.125847,13.639737,-16.091357,13.591518
0,-16.056543,13.591418,-16.125847,13.639737,-16.085389,13.591502
0,-16.126700,13.639466,-16.127129,13.636394,-16.125847,13.639737
0,-16.127827,13.631393,-16.091357,13.591518,-16.125847,13.639737
0,-16.127827,13.631393,-16.128462,13.626850,-16.091357,13.591518
0,-16.131437,13.625395,-16.130410,13.606699,-16.128462,13.626850
0,-16.137882,13.640894,-16.137135,13.640355,-16.134636,13.639896
0,-16.138449,13.641411,-16.138267,13.641172,-16.137882,13.640894
0,-16.137872,13.650335,-16.126688,13.640158,-16.125847,13.639737
0,-16.136693,13.647604,-16.128381,13.640476,-16.126688,13.640158
0,-16.130501,13.640466,-16.128381,13.640476,-16.136693,13.647604
0,-16.132523,13.640457,-16.130501,13.640466,-16.136693,13.647604
0,-16.141379,13.652371,-16.137872,13.650335,-16.142789,13.654644
0,-16.125847,13.639737,-16.160699,13.704146,-16.137872,13.650335
0,-16.138449,13.641411,-16.137882,13.640894,-16.136693,13.647604
0,-16.139699,13.642347,-16.138449,13.641411,-16.136693,13.647604
0,-16.139699,13.642347,-16.138969,13.641337,-16.138449,13.641411
0,-16.164007,13.737675,-16.164705,13.740033,-16.164288,13.738109
0,-16.164674,13.739253,-16.164651,13.738672,-16.164288,13.738109
0,-16.162421,13.733383,-16.041875,13.800687,-16.043245,13.801615
0,-16.162242,13.730791,-16.031837,13.792484,-16.032843,13.793417
0,-16.162179,13.729868,-16.031837,13.792484,-16.162242,13.730791
0,-16.164784,13.742058,-16.162973,13.736075,-16.162562,13.735439
0,-16.162493,13.734427,-16.162421,13.733383,-16.043245,13.801615
0,-16.164784,13.742058,-16.164736,13.740846,-16.162973,13.736075
0,-16.164784,13.742058,-16.162562,13.735439,-16.164800,13.742488
0,-16.183709,13.745330,-16.181009,13.742891,-16.173189,13.744870
0,-16.164705,13.740033,-16.163524,13.736926,-16.164736,13.740846
0,-16.164288,13.738109,-16.164705,13.740033,-16.164674,13.739253
0,-16.164007,13.737675,-16.163524,13.736926,-16.164705,13.740033
0,-16.201255,13.761599,-16.196030,13.756458,-16.167099,13.745480
0,-16.186167,13.747550,-16.173189,13.744870,-16.172068,13.745359
0,-16.167099,13.745480,-16.196030,13.756458,-16.169539,13.745469
0,-16.169539,13.745469,-16.196030,13.756458,-16.170923,13.745409
0,-16.179791,13.741791,-16.173775,13.744147,-16.181009,13.742891
0,-16.173189,13.744870,-16.181009,13.742891,-16.173775,13.744147
0,-16.175834,13.739714,-16.174119,13.741607,-16.177689,13.739893
0,-16.174119,13.741607,-16.174087,13.742977,-16.177689,13.739893
0,-16.174087,13.742977,-16.179791,13.741791,-16.177689,13.739893
0,-16.174087,13.742977,-16.173775,13.744147,-16.179791,13.741791
0,-16.175834,13.739714,-16.177671,13.739876,-16.176727,13.739318
0,-16.221875,13.781196,-16.214698,13.771382,-16.214071,13.770775
0,-16.218514,13.775074,-16.216803,13.773418,-16.221875,13.781196
0,-16.216803,13.773418,-16.216104,13.772742,-16.221875,13.781196
0,-16.221875,13.781196,-16.214071,13.770775,-16.205956,13.764325
0,-16.221875,13.781196,-16.205956,13.764325,-16.202564,13.762358
0,-16.210914,13.767720,-16.205956,13.764325,-16.214071,13.770775
0,-16.189253,13.750337,-16.172068,13.745359,-16.170923,13.745409
0,-16.186167,13.747550,-16.172068,13.745359,-16.189253,13.750337
0,-16.186167,13.747550,-16.183709,13.745330,-16.173189,13.744870
0,-16.201255,13.761599,-16.198982,13.759124,-16.196030,13.756458
0,-16.210914,13.767720,-16.209572,13.766422,-16.205956,13.764325
0,-16.164577,13.852702,-16.201255,13.761599,-16.167099,13.745480
0,-16.219744,13.776264,-16.218514,13.775074,-16.221875,13.781196
0,-16.219744,13.776264,-16.221875,13.781196,-16.221425,13.779177
0,-16.219744,13.776264,-16.221425,13.779177,-16.221203,13.777676
0,-16.221875,13.781196,-16.165487,13.852907,-16.223297,13.783715
0,-16.243266,13.812253,-16.244193,13.807597,-16.230968,13.790450
0,-16.230968,13.790450,-16.225673,13.786602,-16.224402,13.842520
0,-16.245657,13.797552,-16.243668,13.796301,-16.245440,13.800517
0,-16.230968,13.790450,-16.224402,13.842520,-16.240593,13.824153
0,-16.242844,13.814372,-16.243266,13.812253,-16.230968,13.790450
0,-16.244193,13.807597,-16.241643,13.795406,-16.234916,13.791524
0,-16.245440,13.800517,-16.241643,13.795406,-16.245014,13.802934
0,-16.245014,13.802934,-16.241643,13.795406,-16.244193,13.807597
0,-16.246021,13.839613,-16.247728,13.841487,-16.247947,13.840802
0,-16.239035,13.830575,-16.239229,13.828028,-16.224402,13.842520
0,-16.240593,13.824153,-16.242844,13.814372,-16.230968,13.790450
0,-16.227626,13.842557,-16.239035,13.830575,-16.224402,13.842520
0,-16.227626,13.842557,-16.238937,13.831859,-16.239035,13.830575
0,-16.232273,13.842609,-16.233740,13.842806,-16.239802,13.834875
0,-16.238705,13.843474,-16.241478,13.837016,-16.239802,13.834875
0,-16.233740,13.842806,-16.238705,13.843474,-16.239802,13.834875
0,-16.167924,13.854015,-16.224402,13.842520,-16.223297,13.783715
0,-16.165487,13.852907,-16.201255,13.761599,-16.164577,13.852702
0,-16.163772,13.852751,-16.167099,13.745480,-16.161146,13.852927
0,-16.171353,13.855953,-16.224402,13.842520,-16.167924,13.854015
0,-16.173625,13.857294,-16.222268,13.845532,-16.171353,13.855953
0,-16.171353,13.855953,-16.167924,13.854015,-16.168871,13.854652
0,-16.177981,13.860224,-16.217584,13.852142,-16.175708,13.858636
0,-16.216198,13.854097,-16.209844,13.863773,-16.214968,13.857323
0,-16.218706,13.850557,-16.173625,13.857294,-16.175708,13.858636
0,-16.218706,13.850557,-16.222268,13.845532,-16.173625,13.857294
0,-16.171353,13.855953,-16.222268,13.845532,-16.224402,13.842520
0,-16.175708,13.858636,-16.217584,13.852142,-16.218706,13.850557
0,-16.184010,13.864470,-16.187224,13.866751,-16.209844,13.863773
0,-16.209844,13.863773,-16.216198,13.854097,-16.184010,13.864470
0,-16.214331,13.858997,-16.211941,13.862873,-16.212998,13.862495
0,-16.214331,13.858997,-16.210912,13.863241,-16.211941,13.862873
0,-16.214331,13.858997,-16.209844,13.863773,-16.210912,13.863241
0,-16.207980,13.866977,-16.192006,13.870634,-16.193547,13.871860
0,-16.209844,13.863773,-16.187224,13.866751,-16.208986,13.864580
0,-16.207502,13.869180,-16.207980,13.866977,-16.193547,13.871860
0,-16.208067,13.872086,-16.194842,13.873609,-16.207710,13.877521
0,-16.208584,13.874035,-16.208067,13.872086,-16.207710,13.877521
0,-16.208897,13.874483,-16.208584,13.874035,-16.207710,13.877521
0,-16.202527,13.887113,-16.190555,13.882236,-16.190670,13.883605
0,-16.207710,13.877521,-16.194842,13.873609,-16.206142,13.881535
0,-16.192470,13.877062,-16.202527,13.887113,-16.204630,13.883868
0,-16.202527,13.887113,-16.196545,13.889496,-16.201856,13.888147
0,-16.196545,13.889496,-16.200846,13.890560,-16.201856,13.888147
0,-16.201856,13.888147,-16.200846,13.890560,-16.201099,13.890623
0,-16.196545,13.889496,-16.191954,13.888661,-16.192842,13.890512
0,-16.196545,13.889496,-16.191548,13.886658,-16.191954,13.888661
0,-16.196545,13.889496,-16.202527,13.887113,-16.190670,13.883605
0,-16.191186,13.879070,-16.190653,13.880444,-16.190555,13.882236
0,-16.193541,13.875369,-16.192470,13.877062,-16.204630,13.883868
0,-16.191548,13.886658,-16.196545,13.889496,-16.190670,13.883605
0,-16.192006,13.870634,-16.208986,13.864580,-16.189873,13.868808
0,-16.177981,13.860224,-16.184010,13.864470,-16.216198,13.854097
0,-16.217584,13.852142,-16.177981,13.860224,-16.216198,13.854097
0,-16.153791,13.855049,-16.156229,13.854320,-16.167099,13.745480
0,-16.086535,13.859769,-16.097015,13.862941,-16.114432,13.855738
0,-16.131895,13.860070,-16.134576,13.859551,-16.123398,13.857578
0,-16.121645,13.856582,-16.122451,13.856985,-16.136747,13.858899
0,-16.130055,13.860268,-16.126608,13.859362,-16.128360,13.860086
0,-16.131895,13.860070,-16.126608,13.859362,-16.130055,13.860268
0,-16.097015,13.862941,-16.099227,13.863051,-16.114432,13.855738
0,-16.090776,13.861992,-16.095747,13.862946,-16.097015,13.862941
0,-16.086535,13.859769,-16.090776,13.861992,-16.097015,13.862941
0,-16.048843,13.859516,-16.063082,13.868087,-16.067685,13.861696
0,-16.048843,13.859516,-16.067685,13.861696,-16.048856,13.858140
0,-16.058572,13.870139,-16.061350,13.869507,-16.063082,13.868087
0,-16.048817,13.863641,-16.054768,13.870584,-16.058572,13.870139
0,-16.048817,13.866384,-16.052086,13.870739,-16.054768,13.870584
0,-15.945967,13.744419,-15.947176,13.744957,-15.936657,13.732355
0,-16.048848,13.870484,-16.051153,13.870766,-16.048833,13.869120
0,-16.052086,13.870739,-16.048817,13.866384,-16.048823,13.867753
0,-16.051153,13.870766,-16.052086,13.870739,-16.048823,13.867753
0,-16.067685,13.861696,-16.063082,13.868087,-16.065496,13.866579
0,-16.061350,13.869507,-16.062858,13.868499,-16.063082,13.868087
0,-16.067685,13.861696,-16.065496,13.866579,-16.067552,13.862981
0,-16.067552,13.862981,-16.066423,13.865782,-16.066998,13.865288
0,-16.067552,13.862981,-16.065496,13.866579,-16.066423,13.865782
0,-16.120714,13.856299,-16.121645,13.856582,-16.147339,13.856599
0,-16.122451,13.856985,-16.123398,13.857578,-16.136747,13.858899
0,-16.049014,13.832016,-16.070113,13.856578,-16.071956,13.856850
0,-16.123398,13.857578,-16.134576,13.859551,-16.136747,13.858899
0,-16.126608,13.859362,-16.131895,13.860070,-16.123398,13.857578
0,-16.124345,13.858314,-16.126608,13.859362,-16.123398,13.857578
0,-16.121645,13.856582,-16.138346,13.858566,-16.140417,13.858195
0,-16.121645,13.856582,-16.136747,13.858899,-16.138346,13.858566
0,-16.141879,13.858233,-16.143718,13.857809,-16.140417,13.858195
0,-16.150685,13.855887,-16.167099,13.745480,-16.147339,13.856599
0,-16.143718,13.857809,-16.145410,13.857575,-16.146165,13.856966
0,-16.140417,13.858195,-16.143718,13.857809,-16.146165,13.856966
0,-16.167099,13.745480,-16.150685,13.855887,-16.153791,13.855049
0,-16.147339,13.856599,-16.149031,13.856310,-16.150685,13.855887
0,-16.162655,13.852858,-16.163772,13.852751,-16.161146,13.852927
0,-16.114432,13.855738,-16.115559,13.855227,-16.048240,13.815897
0,-16.049039,13.842975,-16.049027,13.844352,-16.070113,13.856578
0,-16.074215,13.857111,-16.048990,13.830655,-16.071956,13.856850
0,-16.048962,13.849866,-16.048943,13.851245,-16.068472,13.857832
0,-16.049059,13.837482,-16.049059,13.838853,-16.070113,13.856578
0,-16.027811,13.788750,-16.028817,13.789683,-16.161929,13.725681
0,-16.049055,13.840226,-16.049048,13.841600,-16.070113,13.856578
0,-16.049059,13.838853,-16.049055,13.840226,-16.070113,13.856578
0,-16.049059,13.837482,-16.070113,13.856578,-16.049055,13.836112
0,-16.047145,13.806774,-16.115559,13.855227,-16.046918,13.805271
0,-16.047338,13.808063,-16.115559,13.855227,-16.047145,13.806774
0,-16.047145,13.806774,-16.046918,13.805271,-16.046926,13.805948
0,-16.164800,13.742488,-16.046257,13.804261,-16.046918,13.805271
0,-16.162562,13.735439,-16.045153,13.803199,-16.046257,13.804261
0,-16.035863,13.796217,-16.036870,13.797151,-16.039481,13.799138
0,-16.039481,13.799138,-16.040746,13.799960,-16.035863,13.796217
0,-16.036870,13.797151,-16.038269,13.798294,-16.039481,13.799138
0,-16.162562,13.735439,-16.044387,13.802489,-16.045153,13.803199
0,-16.162562,13.735439,-16.162544,13.735174,-16.043245,13.801615
0,-16.162562,13.735439,-16.043245,13.801615,-16.044387,13.802489
0,-16.162544,13.735174,-16.162493,13.734427,-16.043245,13.801615
0,-16.047841,13.811957,-16.115559,13.855227,-16.047685,13.810654
0,-16.047685,13.810654,-16.115559,13.855227,-16.047517,13.809355
0,-16.047517,13.809355,-16.115559,13.855227,-16.047338,13.808063
0,-16.047985,13.813266,-16.115559,13.855227,-16.047841,13.811957
0,-16.048240,13.815897,-16.115559,13.855227,-16.048117,13.814579
0,-16.048117,13.814579,-16.115559,13.855227,-16.047985,13.813266
0,-16.083374,13.858635,-16.048454,13.818548,-16.048546,13.819878
0,-16.083374,13.858635,-16.048352,13.817220,-16.048454,13.818548
0,-16.083374,13.858635,-16.114432,13.855738,-16.048352,13.817220
0,-16.083374,13.858635,-16.048546,13.819878,-16.048630,13.821213
0,-16.074215,13.857111,-16.083374,13.858635,-16.048770,13.823895
0,-16.083374,13.858635,-16.048704,13.822552,-16.048770,13.823895
0,-16.083374,13.858635,-16.048630,13.821213,-16.048704,13.822552
0,-16.049032,13.833380,-16.070113,13.856578,-16.049014,13.832016
0,-16.049014,13.832016,-16.071956,13.856850,-16.048990,13.830655
0,-16.048990,13.830655,-16.074215,13.857111,-16.048959,13.829297
0,-16.049046,13.834745,-16.070113,13.856578,-16.049032,13.833380
0,-16.049055,13.836112,-16.070113,13.856578,-16.049046,13.834745
0,-16.049048,13.841600,-16.049039,13.842975,-16.070113,13.856578
0,-16.070113,13.856578,-16.049027,13.844352,-16.049013,13.845730
0,-16.070113,13.856578,-16.049013,13.845730,-16.048997,13.847107
0,-16.070113,13.856578,-16.048997,13.847107,-16.068472,13.857832
0,-16.048906,13.854004,-16.068472,13.857832,-16.048924,13.852625
0,-16.048997,13.847107,-16.048980,13.848486,-16.068472,13.857832
0,-16.048980,13.848486,-16.048962,13.849866,-16.068472,13.857832
0,-16.049584,13.871276,-16.051153,13.870766,-16.048848,13.870484
0,-16.049527,13.871295,-16.049584,13.871276,-16.048848,13.870484
0,-16.049527,13.871295,-16.048848,13.870484,-16.048864,13.871465
0,-15.953762,13.747143,-15.955158,13.747506,-15.935574,13.725765
0,-16.051153,13.870766,-16.048823,13.867753,-16.048833,13.869120
0,-16.054768,13.870584,-16.048817,13.863641,-16.048815,13.865013
0,-16.054768,13.870584,-16.048815,13.865013,-16.048817,13.866384
0,-16.058572,13.870139,-16.048823,13.862268,-16.048817,13.863641
0,-16.063082,13.868087,-16.048843,13.859516,-16.048831,13.860893
0,-16.058572,13.870139,-16.048831,13.860893,-16.048823,13.862268
0,-16.074215,13.857111,-16.048879,13.826590,-16.048923,13.827942
0,-16.068189,13.858566,-16.048871,13.856761,-16.048856,13.858140
0,-16.074215,13.857111,-16.048829,13.825241,-16.048879,13.826590
0,-16.074215,13.857111,-16.048770,13.823895,-16.048829,13.825241
0,-16.022778,13.784083,-16.161488,13.717973,-16.021772,13.783150
0,-16.021772,13.783150,-16.161390,13.716256,-16.020765,13.782216
0,-16.161853,13.724358,-16.161808,13.723564,-16.026804,13.787817
0,-16.161929,13.725681,-16.161853,13.724358,-16.027811,13.788750
0,-16.026804,13.787817,-16.161808,13.723564,-16.025798,13.786883
0,-16.162242,13.730791,-16.032843,13.793417,-16.041875,13.800687
0,-16.040746,13.799960,-16.034856,13.795284,-16.035863,13.796217
0,-16.032843,13.793417,-16.033850,13.794351,-16.041875,13.800687
0,-16.031837,13.792484,-16.162179,13.729868,-16.030830,13.791551
0,-16.030830,13.791551,-16.162089,13.728487,-16.029824,13.790617
0,-16.161062,13.710514,-16.160699,13.704146,-16.014726,13.776615
0,-16.019759,13.781282,-16.161246,13.713734,-16.018752,13.780348
0,-16.011707,13.773815,-16.012714,13.774748,-16.125847,13.639737
0,-16.125847,13.639737,-16.010701,13.772881,-16.011707,13.773815
0,-16.125847,13.639737,-16.009694,13.771947,-16.010701,13.772881
0,-16.125847,13.639737,-16.008688,13.771014,-16.009694,13.771947
0,-16.125847,13.639737,-16.004662,13.767280,-16.005669,13.768213
0,-16.125847,13.639737,-16.007681,13.770081,-16.008688,13.771014
0,-16.125847,13.639737,-16.006675,13.769147,-16.007681,13.770081
0,-16.125847,13.639737,-16.005669,13.768213,-16.006675,13.769147
0,-16.125847,13.639737,-16.003656,13.766346,-16.004662,13.767280
0,-16.125847,13.639737,-16.002650,13.765412,-16.003656,13.766346
0,-16.125847,13.639737,-16.000637,13.763546,-16.001644,13.764479
0,-16.002650,13.765412,-16.125847,13.639737,-16.001644,13.764479
0,-15.967985,13.750533,-15.969364,13.750911,-15.973275,13.749220
0,-15.986695,13.749867,-15.987666,13.750835,-16.125847,13.639737
0,-15.973275,13.749220,-15.966586,13.750172,-15.967985,13.750533
0,-15.990579,13.753742,-15.991550,13.754710,-16.125847,13.639737
0,-15.992521,13.755679,-16.125847,13.639737,-15.991550,13.754710
0,-16.125847,13.639737,-15.996406,13.759553,-15.998624,13.761679
0,-16.125847,13.639737,-15.999631,13.762612,-16.000637,13.763546
0,-16.125847,13.639737,-15.998624,13.761679,-15.999631,13.762612
0,-15.996406,13.759553,-15.997377,13.760521,-15.998624,13.761679
0,-16.125847,13.639737,-15.995435,13.758584,-15.996406,13.759553
0,-15.995435,13.758584,-16.125847,13.639737,-15.994464,13.757616
0,-16.125847,13.639737,-15.993492,13.756647,-15.994464,13.757616
0,-16.125847,13.639737,-15.992521,13.755679,-15.993492,13.756647
0,-15.935099,13.722873,-15.957996,13.748190,-15.959430,13.748518
0,-15.985724,13.748899,-15.986695,13.749867,-16.125847,13.639737
0,-15.934193,13.719004,-15.934820,13.721465,-15.975568,13.748184
0,-15.978411,13.747922,-15.979782,13.747715,-15.975568,13.748184
0,-15.978411,13.747922,-15.975568,13.748184,-15.977038,13.748124
0,-15.934820,13.721465,-15.974208,13.748398,-15.975568,13.748184
0,-15.974208,13.748398,-15.966586,13.750172,-15.973275,13.749220
0,-15.966586,13.750172,-15.974208,13.748398,-15.965170,13.749826
0,-15.965170,13.749826,-15.974208,13.748398,-15.963743,13.749493
0,-15.960869,13.748842,-15.962308,13.749166,-15.974208,13.748398
0,-15.963743,13.749493,-15.974208,13.748398,-15.962308,13.749166
0,-15.959430,13.748518,-15.960869,13.748842,-15.974208,13.748398
0,-15.912787,13.719613,-15.913485,13.718432,-15.911686,13.720796
0,-15.905365,13.722710,-15.911686,13.720796,-15.913485,13.718432
0,-15.897881,13.721455,-15.905365,13.722710,-15.896570,13.716691
0,-15.897079,13.703776,-15.914788,13.717444,-15.915992,13.716949
0,-15.897079,13.703776,-15.915992,13.716949,-15.902014,13.692720
0,-15.897881,13.721455,-15.896570,13.716691,-15.896396,13.721091
0,-15.897079,13.703776,-15.899472,13.695108,-15.896985,13.701289
0,-15.917397,13.716550,-15.902014,13.692720,-15.915992,13.716949
0,-15.902014,13.692720,-15.921949,13.716624,-15.923309,13.716888
0,-15.902014,13.692720,-15.920588,13.716359,-15.921949,13.716624
0,-15.902014,13.692720,-15.919230,13.716095,-15.920588,13.716359
0,-15.902014,13.692720,-15.917397,13.716550,-15.919230,13.716095
0,-15.902014,13.692720,-15.924670,13.717153,-15.926030,13.717417
0,-15.934193,13.719004,-15.981152,13.747505,-15.982522,13.747289
0,-15.935099,13.722873,-15.974208,13.748398,-15.934820,13.721465
0,-15.999102,13.591690,-15.934193,13.719004,-15.983891,13.747071
0,-15.934193,13.719004,-15.902014,13.692720,-15.932833,13.718739
0,-15.935574,13.725765,-15.956571,13.747855,-15.935347,13.724309
0,-15.953762,13.747143,-15.935574,13.725765,-15.935792,13.727231
0,-15.955158,13.747506,-15.956571,13.747855,-15.935574,13.725765
0,-15.949715,13.745920,-15.951036,13.746354,-15.936011,13.728695
0,-15.936785,13.732977,-15.945967,13.744419,-15.936657,13.732355
0,-15.951036,13.746354,-15.952387,13.746760,-15.936011,13.728695
0,-15.953762,13.747143,-15.935792,13.727231,-15.952387,13.746760
0,-15.952387,13.746760,-15.935792,13.727231,-15.936011,13.728695
0,-15.934193,13.719004,-15.975568,13.748184,-15.979782,13.747715
0,-15.981152,13.747505,-15.934193,13.719004,-15.979782,13.747715
0,-16.125847,13.639737,-15.983891,13.747071,-15.985724,13.748899
0,-16.056543,13.591418,-16.027697,13.591331,-15.983891,13.747071
0,-15.983891,13.747071,-15.934193,13.719004,-15.982522,13.747289
0,-15.941623,13.741805,-15.939126,13.739133,-15.940684,13.741014
0,-15.937119,13.734334,-15.944802,13.743838,-15.936785,13.732977
0,-15.942627,13.742536,-15.943688,13.743212,-15.937510,13.735638
0,-15.939849,13.740124,-15.940684,13.741014,-15.939126,13.739133
0,-15.939126,13.739133,-15.941623,13.741805,-15.938502,13.738048
0,-15.938502,13.738048,-15.941623,13.741805,-15.937967,13.736879
0,-15.937119,13.734334,-15.943688,13.743212,-15.944802,13.743838
0,-15.937967,13.736879,-15.942627,13.742536,-15.937510,13.735638
0,-15.937510,13.735638,-15.943688,13.743212,-15.937119,13.734334
0,-15.947176,13.744957,-15.936497,13.731579,-15.936657,13.732355
0,-15.948427,13.745456,-15.936242,13.730148,-15.936497,13.731579
0,-15.949715,13.745920,-15.936011,13.728695,-15.936242,13.730148
0,-15.899472,13.695108,-15.896872,13.698260,-15.896985,13.701289
0,-15.895223,13.655268,-15.894724,13.656552,-15.902014,13.692720
0,-15.891257,13.665559,-15.899504,13.690903,-15.891761,13.664281
0,-15.913485,13.718432,-15.897079,13.703776,-15.896570,13.716691
0,-15.913485,13.718432,-15.914788,13.717444,-15.897079,13.703776
0,-15.896872,13.698260,-15.899472,13.695108,-15.899216,13.695099
0,-15.897079,13.703776,-15.902014,13.692720,-15.899472,13.695108
0,-15.897104,13.650639,-15.902014,13.692720,-15.934193,13.719004
0,-15.897104,13.650639,-15.896444,13.652219,-15.902014,13.692720
0,-15.900631,13.691693,-15.901487,13.692325,-15.892259,13.662997
0,-15.891761,13.664281,-15.900631,13.691693,-15.892259,13.662997
0,-15.899504,13.690903,-15.900631,13.691693,-15.891761,13.664281
0,-15.897007,13.648960,-15.897104,13.650639,-15.897282,13.648127
0,-15.897799,13.627968,-15.897631,13.631193,-15.900690,13.640114
0,-15.899820,13.642259,-15.898302,13.646514,-15.900186,13.641426
0,-15.940681,13.591623,-15.900690,13.640114,-15.969892,13.591659
0,-15.969892,13.591659,-15.900690,13.640114,-15.934193,13.719004
0,-15.898153,13.621160,-15.900690,13.640114,-15.940681,13.591623
0,-15.999102,13.591690,-15.983891,13.747071,-16.027697,13.591331
0,-15.898153,13.621160,-15.940681,13.591623,-15.911470,13.591584
0,-15.898302,13.646514,-15.897104,13.650639,-15.934193,13.719004
0,-15.897282,13.648127,-15.897104,13.650639,-15.898302,13.646514
0,-15.898390,13.645447,-15.898302,13.646514,-15.899169,13.643690
0,-15.898153,13.621160,-15.897799,13.627968,-15.900690,13.640114
0,-15.891561,13.591555,-15.897232,13.614804,-15.911470,13.591584
0,-15.891561,13.591555,-15.891040,13.614596,-15.897232,13.614804
0,-15.895727,13.653990,-15.902014,13.692720,-15.896444,13.652219
0,-15.893246,13.660420,-15.902014,13.692720,-15.893737,13.659130
0,-15.895223,13.655268,-15.902014,13.692720,-15.895727,13.653990
0,-15.893737,13.659130,-15.902014,13.692720,-15.894229,13.657840
0,-15.890747,13.666830,-15.898322,13.690183,-15.899504,13.690903
0,-15.897124,13.689484,-15.893916,13.686933,-15.894917,13.687868
0,-15.895972,13.688734,-15.897124,13.689484,-15.894917,13.687868
0,-15.890228,13.668090,-15.892953,13.685951,-15.893916,13.686933
0,-15.892754,13.661711,-15.901739,13.692510,-15.902014,13.692720
0,-15.892259,13.662997,-15.901487,13.692325,-15.892754,13.661711
0,-15.888419,13.672151,-15.889426,13.681750,-15.890255,13.682842
0,-15.889120,13.670601,-15.890255,13.682842,-15.891126,13.683896
0,-15.887492,13.674382,-15.887929,13.679457,-15.888649,13.680618
0,-15.887059,13.675647,-15.887929,13.679457,-15.887492,13.674382
0,-15.887059,13.675647,-15.887262,13.678258,-15.887929,13.679457
0,-15.886802,13.676929,-15.887262,13.678258,-15.887059,13.675647
0,-15.889120,13.670601,-15.891126,13.683896,-15.889688,13.669345
0,-15.890228,13.668090,-15.893916,13.686933,-15.897124,13.689484
0,-15.889688,13.669345,-15.892953,13.685951,-15.890228,13.668090
0,-15.890747,13.666830,-15.899504,13.690903,-15.891257,13.665559
0,-15.890980,13.591558,-15.891040,13.614596,-15.891561,13.591555
