60,12,42,65,53,
0,-15.589608,14.043050,-15.561412,14.015017,-15.557756,14.016642
0,-15.535687,13.994737,-15.534659,13.995057,-15.542106,13.994811
0,-15.563176,13.863920,-15.565512,13.861826,-15.561291,13.864991
0,-15.553106,14.003720,-15.552402,14.000829,-15.546552,13.995652
0,-15.492887,13.809034,-15.534070,13.817290,-15.493083,13.808937
0,-15.496697,13.979340,-15.495507,13.978053,-15.498706,13.983278
0,-15.105039,13.819100,-15.115026,13.808941,-15.104650,13.817074
0,-15.456635,14.055244,-15.498706,13.983278,-15.452494,14.055026
0,-15.495518,13.806817,-15.516225,13.799654,-15.513818,13.799071
0,-15.493833,13.808491,-15.534070,13.817290,-15.494011,13.808364
0,-15.485764,13.808046,-15.470600,13.802358,-15.485903,13.808183
0,-15.525664,13.997337,-15.522507,13.997642,-15.554089,14.013673
0,-15.397872,13.750140,-15.397629,13.752266,-15.398662,13.749608
0,-15.423967,13.798819,-15.490464,13.919061,-15.492398,13.914211
0,-15.534063,13.814184,-15.534058,13.812137,-15.528190,13.804809
0,-15.494829,13.807651,-15.534070,13.817290,-15.494978,13.807494
0,-15.496059,13.805884,-15.508340,13.798612,-15.505510,13.798726
0,-15.311836,13.785884,-15.267943,14.000118,-15.269542,14.000623
0,-15.550562,13.867710,-15.550512,13.818713,-15.537394,13.818129
0,-15.543555,13.870890,-15.550562,13.867710,-15.537394,13.818129
0,-15.563586,14.013055,-15.561412,14.015017,-15.593102,14.030283
0,-15.584285,13.837550,-15.585205,13.835558,-15.580077,13.831231
0,-15.563586,14.013055,-15.593767,14.025699,-15.568456,14.009045
0,-15.578429,14.074433,-15.549733,14.076100,-15.567047,14.084613
0,-15.590279,14.040868,-15.591610,14.036163,-15.561412,14.015017
0,-15.541905,14.060123,-15.586708,14.050090,-15.557756,14.016642
0,-15.563325,14.085183,-15.556357,14.084159,-15.560631,14.085849
0,-15.491741,14.056197,-15.496408,14.055961,-15.509442,13.997796
0,-15.531743,13.995587,-15.554089,14.013673,-15.534408,13.995102
0,-15.500042,13.984650,-15.498706,13.983278,-15.500758,13.986213
0,-15.495129,13.977644,-15.448344,14.054762,-15.452494,14.055026
0,-15.326551,14.026286,-15.331906,14.027906,-15.325106,14.025604
0,-15.262136,13.998578,-15.302944,13.785064,-15.182227,13.922403
0,-15.259496,13.997994,-15.262136,13.998578,-15.182227,13.922403
0,-15.127914,13.992375,-15.130020,13.982282,-15.126544,13.992068
0,-15.107635,13.869349,-15.124454,13.804885,-15.103419,13.840331
0,-15.374174,14.038550,-15.379631,14.039889,-15.476480,13.945509
0,-15.264887,13.772538,-15.185851,13.767682,-15.268285,13.774804
0,-15.487009,13.808987,-15.457107,13.801172,-15.493539,13.912438
0,-15.474754,13.802558,-15.470600,13.802358,-15.485764,13.808046
0,-15.466777,13.801516,-15.457107,13.801172,-15.470600,13.802358
0,-15.423967,13.798819,-15.440935,13.801292,-15.427684,13.798733
0,-15.457107,13.801172,-15.464176,13.801023,-15.461067,13.800821
0,-15.333539,13.784382,-15.329237,13.784831,-15.282628,14.006648
0,-15.524308,13.802304,-15.522511,13.801485,-15.534070,13.817290
0,-15.511551,13.798813,-15.508340,13.798612,-15.495861,13.806268
0,-15.427949,13.783472,-15.430885,13.781182,-15.429828,13.778218
0,-15.534058,13.812137,-15.531794,13.806944,-15.530181,13.805799
0,-15.534070,13.817290,-15.527384,13.804192,-15.524308,13.802304
0,-15.526577,13.803574,-15.524308,13.802304,-15.527384,13.804192
0,-15.496059,13.805884,-15.505510,13.798726,-15.496147,13.805688
0,-15.496436,13.804878,-15.496374,13.805084,-15.504694,13.798707
0,-15.496491,13.804670,-15.504694,13.798707,-15.496539,13.804461
0,-15.496579,13.804250,-15.504694,13.798707,-15.502446,13.798651
0,-15.496374,13.805084,-15.505510,13.798726,-15.504694,13.798707
0,-15.477909,13.802389,-15.484435,13.805711,-15.481017,13.802184
0,-15.484686,13.806442,-15.484613,13.806263,-15.477909,13.802389
0,-15.485630,13.807905,-15.474754,13.802558,-15.485764,13.808046
0,-15.484944,13.806963,-15.477909,13.802389,-15.474754,13.802558
0,-15.484351,13.805334,-15.481017,13.802184,-15.484389,13.805523
0,-15.492281,13.809284,-15.534070,13.817290,-15.492486,13.809207
0,-15.486048,13.808314,-15.470600,13.802358,-15.486197,13.808441
0,-15.488869,13.809604,-15.488674,13.809573,-15.507248,13.899374
0,-15.486839,13.808890,-15.470600,13.802358,-15.457107,13.801172
0,-15.518492,13.892410,-15.491007,13.809605,-15.490789,13.809634
0,-15.528921,13.886665,-15.536995,13.876239,-15.518492,13.892410
0,-15.535377,13.880718,-15.536121,13.878366,-15.531832,13.884806
0,-15.536995,13.876239,-15.491652,13.809475,-15.491438,13.809525
0,-15.580839,13.843607,-15.571242,13.828268,-15.580652,13.844480
0,-15.585205,13.835558,-15.585893,13.833206,-15.580077,13.831231
0,-15.550512,13.818713,-15.541797,13.816920,-15.537394,13.818129
0,-15.582469,13.840601,-15.575633,13.829885,-15.580839,13.843607
0,-15.575935,13.855065,-15.572083,13.858230,-15.575700,13.855370
0,-15.572083,13.858230,-15.578819,13.850022,-15.566843,13.826551
0,-15.550562,13.867710,-15.559692,13.865745,-15.565512,13.861826
0,-15.550653,13.998025,-15.546552,13.995652,-15.552402,14.000829
0,-15.536121,13.878366,-15.536995,13.876239,-15.528921,13.886665
0,-15.488674,13.809573,-15.488480,13.809535,-15.507248,13.899374
0,-15.490789,13.809634,-15.490571,13.809657,-15.518492,13.892410
0,-15.493539,13.912438,-15.503649,13.903119,-15.487009,13.808987
0,-15.590606,14.010318,-15.574934,14.004106,-15.568456,14.009045
0,-15.587480,14.006004,-15.585344,14.004089,-15.582227,14.002816
0,-15.521183,13.997563,-15.515814,13.998524,-15.522507,13.997642
0,-15.574934,14.004106,-15.587480,14.006004,-15.582227,14.002816
0,-15.575345,14.003793,-15.574934,14.004106,-15.578784,14.002663
0,-15.568456,14.009045,-15.593800,14.019276,-15.590606,14.010318
0,-15.593767,14.025699,-15.593800,14.019276,-15.568456,14.009045
0,-15.546732,14.068349,-15.547415,14.071160,-15.579534,14.069683
0,-15.549733,14.076100,-15.564158,14.085055,-15.567047,14.084613
0,-15.579534,14.069683,-15.580315,14.066869,-15.546732,14.068349
0,-15.580998,14.063969,-15.545949,14.066091,-15.580589,14.065350
0,-15.586708,14.050090,-15.541905,14.060123,-15.583964,14.056408
0,-15.539938,14.058680,-15.557756,14.016642,-15.555663,14.015881
0,-15.553553,14.008058,-15.542106,13.994811,-15.534659,13.995057
0,-15.515205,14.057685,-15.523153,14.059256,-15.522507,13.997642
0,-15.521183,13.997563,-15.517600,13.997960,-15.515814,13.998524
0,-15.510768,13.998562,-15.503897,14.056854,-15.512463,13.999011
0,-15.511295,14.057106,-15.515205,14.057685,-15.512463,13.999011
0,-15.513833,13.998628,-15.512463,13.999011,-15.515814,13.998524
0,-15.491150,13.970174,-15.490815,13.969414,-15.488760,13.965495
0,-15.484887,13.959075,-15.414099,14.048250,-15.425663,14.050924
0,-15.425663,14.050924,-15.417102,14.049330,-15.420531,14.050463
0,-15.482359,13.954721,-15.482163,13.954465,-15.483642,13.957016
0,-15.343191,14.030956,-15.476236,13.943855,-15.335010,14.028670
0,-15.423967,13.798819,-15.476236,13.943855,-15.477472,13.941419
0,-15.476480,13.945509,-15.480113,13.951795,-15.479247,13.949356
0,-15.490735,13.923825,-15.478079,13.940179,-15.488737,13.934285
0,-15.501904,13.905152,-15.493539,13.912438,-15.498773,13.909344
0,-15.497263,13.910819,-15.493539,13.912438,-15.495951,13.911653
0,-15.487009,13.808987,-15.486839,13.808890,-15.457107,13.801172
0,-15.495951,13.911653,-15.493539,13.912438,-15.494582,13.912262
0,-15.443055,13.801921,-15.440935,13.801292,-15.423967,13.798819
0,-15.492398,13.914211,-15.443055,13.801921,-15.423967,13.798819
0,-15.490167,13.921142,-15.478079,13.940179,-15.490502,13.922727
0,-15.237965,13.996813,-15.207024,13.978308,-15.236168,13.996679
0,-15.207024,13.978308,-15.237965,13.996813,-15.247169,13.997301
0,-15.297345,14.015021,-15.297750,14.015229,-15.323720,14.024950
0,-15.297750,14.015229,-15.319360,14.023782,-15.323720,14.024950
0,-15.207024,13.978308,-15.231306,13.996575,-15.232631,13.996619
0,-15.253022,13.997169,-15.255857,13.997810,-15.258357,13.997778
0,-15.259496,13.997994,-15.182227,13.922403,-15.258357,13.997778
0,-15.253022,13.997169,-15.207024,13.978308,-15.248772,13.997290
0,-15.255857,13.997810,-15.256468,13.997879,-15.258357,13.997778
0,-15.323720,14.024950,-15.335010,14.028670,-15.476236,13.943855
0,-15.262136,13.998578,-15.259496,13.997994,-15.261191,13.998489
0,-15.442463,14.054619,-15.436061,14.053682,-15.438544,14.054355
0,-15.425663,14.050924,-15.491150,13.970174,-15.487711,13.963753
0,-15.487878,14.055888,-15.509442,13.997796,-15.508106,13.996841
0,-15.456635,14.055244,-15.466630,14.055749,-15.502673,13.989881
0,-15.396373,14.043813,-15.397892,14.044187,-15.476480,13.945509
0,-15.414099,14.048250,-15.484887,13.959075,-15.483642,13.957016
0,-15.383300,14.040661,-15.386581,14.042066,-15.393353,14.043465
0,-15.383300,14.040661,-15.393353,14.043465,-15.396373,14.043813
0,-15.383300,14.040661,-15.396373,14.043813,-15.476480,13.945509
0,-15.332305,14.028004,-15.335010,14.028670,-15.323720,14.024950
0,-15.173446,13.977629,-15.170928,13.975497,-15.173235,13.977596
0,-15.140474,13.994598,-15.149085,13.986796,-15.130020,13.982282
0,-15.161891,13.970990,-15.166935,13.973243,-15.173368,13.929738
0,-15.175348,13.977919,-15.177573,13.978021,-15.170928,13.975497
0,-15.148889,13.990466,-15.140474,13.994598,-15.146778,13.993774
0,-15.130020,13.982282,-15.133443,13.993909,-15.134907,13.994080
0,-15.131416,13.993512,-15.133443,13.993909,-15.130020,13.982282
0,-15.130723,13.980437,-15.149501,13.980845,-15.132489,13.976051
0,-15.129378,13.992971,-15.130020,13.982282,-15.127914,13.992375
0,-15.135420,13.970090,-15.134302,13.972216,-15.150758,13.975305
0,-15.132489,13.976051,-15.149501,13.980845,-15.134302,13.972216
0,-15.143630,13.952402,-15.143495,13.954659,-15.161891,13.970990
0,-15.173368,13.929738,-15.166935,13.973243,-15.184669,13.976050
0,-15.161127,13.929250,-15.143630,13.952402,-15.168348,13.929749
0,-15.140447,13.961237,-15.140333,13.961489,-15.153068,13.972842
0,-15.161127,13.929250,-15.143425,13.951491,-15.143464,13.951657
0,-15.143362,13.951222,-15.161127,13.929250,-15.143103,13.950153
0,-15.161127,13.929250,-15.143362,13.951222,-15.143425,13.951491
0,-15.113103,13.880334,-15.113749,13.881535,-15.138159,13.901196
0,-15.142199,13.946175,-15.150606,13.927230,-15.140260,13.944814
0,-15.103786,13.859188,-15.102928,13.843915,-15.103460,13.857863
0,-15.103049,13.843035,-15.102949,13.843765,-15.105468,13.864339
0,-15.103875,13.834098,-15.121604,13.806623,-15.103948,13.832204
0,-15.103996,13.826515,-15.104449,13.823151,-15.104033,13.824860
0,-15.124454,13.804885,-15.103573,13.838978,-15.103419,13.840331
0,-15.102930,13.855180,-15.103174,13.856526,-15.102694,13.845736
0,-15.169354,13.777622,-15.173470,13.914343,-15.174187,13.914786
0,-15.114390,13.882738,-15.115032,13.883940,-15.138159,13.901196
0,-15.103239,13.841683,-15.103049,13.843035,-15.106512,13.866857
0,-15.118241,13.889832,-15.132978,13.900126,-15.117773,13.888959
0,-15.117597,13.888630,-15.132978,13.900126,-15.116350,13.886328
0,-15.118241,13.889832,-15.125976,13.897888,-15.132978,13.900126
0,-15.448384,13.801559,-15.445793,13.801672,-15.444797,13.801763
0,-15.428539,13.776755,-15.427949,13.783472,-15.429828,13.778218
0,-15.264979,13.999290,-15.262136,13.998578,-15.263655,13.998984
0,-15.297938,13.784129,-15.182227,13.922403,-15.302944,13.785064
0,-15.311836,13.785884,-15.269542,14.000623,-15.270482,14.000920
0,-15.422143,13.762283,-15.421878,13.761657,-15.404068,13.753868
0,-15.419864,13.757574,-15.404068,13.753868,-15.420773,13.759363
0,-15.394921,13.757293,-15.392485,13.759212,-15.424136,13.766844
0,-15.299881,13.784272,-15.297938,13.784129,-15.302944,13.785064
0,-15.397629,13.752266,-15.397872,13.750140,-15.397429,13.750986
0,-15.397951,13.752990,-15.404068,13.753868,-15.400798,13.748929
0,-15.397629,13.752266,-15.397951,13.752990,-15.398662,13.749608
0,-15.377800,13.768249,-15.373871,13.769892,-15.423967,13.798819
0,-15.104055,13.829251,-15.103996,13.830848,-15.121604,13.806623
0,-15.121604,13.806623,-15.103996,13.830848,-15.103969,13.831602
0,-15.353892,13.778457,-15.350008,13.779593,-15.345894,13.781246
0,-15.323720,14.024950,-15.333539,13.784382,-15.297345,14.015021
0,-15.105039,13.819100,-15.104485,13.821406,-15.104449,13.823151
0,-15.225618,13.749333,-15.215050,13.750370,-15.248249,13.758965
0,-15.215050,13.750370,-15.251546,13.762072,-15.248249,13.758965
0,-15.185851,13.767682,-15.251546,13.762072,-15.215050,13.750370
0,-15.495518,13.806817,-15.513818,13.799071,-15.511551,13.798813
0,-15.500007,13.798923,-15.496613,13.804038,-15.502446,13.798651
0,-15.500007,13.798923,-15.499718,13.798955,-15.496613,13.804038
0,-15.522511,13.801485,-15.520992,13.800629,-15.518540,13.800372
0,-15.495518,13.806817,-15.511551,13.798813,-15.495639,13.806638
0,-15.522511,13.801485,-15.518540,13.800372,-15.534070,13.817290
0,-15.494352,13.808095,-15.494184,13.808233,-15.534070,13.817290
0,-15.533193,13.807922,-15.534125,13.809879,-15.534064,13.808531
0,-15.527384,13.804192,-15.534070,13.817290,-15.528190,13.804809
0,-15.504694,13.798707,-15.496579,13.804250,-15.496539,13.804461
0,-15.496613,13.804038,-15.497071,13.798879,-15.496840,13.798923
0,-15.496436,13.804878,-15.504694,13.798707,-15.496491,13.804670
0,-15.502446,13.798651,-15.496613,13.804038,-15.496579,13.804250
0,-15.499718,13.798955,-15.497071,13.798879,-15.496613,13.804038
0,-15.518540,13.800372,-15.516225,13.799654,-15.495392,13.806993
0,-15.518540,13.800372,-15.495260,13.807164,-15.495122,13.807331
0,-15.494829,13.807651,-15.494675,13.807804,-15.534070,13.817290
0,-15.534070,13.817290,-15.518540,13.800372,-15.495122,13.807331
0,-15.493651,13.808611,-15.534070,13.817290,-15.493833,13.808491
0,-15.493466,13.808726,-15.534070,13.817290,-15.493651,13.808611
0,-15.494352,13.808095,-15.534070,13.817290,-15.494516,13.807952
0,-15.494516,13.807952,-15.534070,13.817290,-15.494675,13.807804
0,-15.494184,13.808233,-15.494011,13.808364,-15.534070,13.817290
0,-15.495392,13.806993,-15.516225,13.799654,-15.495518,13.806817
0,-15.495260,13.807164,-15.518540,13.800372,-15.495392,13.806993
0,-15.495753,13.806455,-15.511551,13.798813,-15.495861,13.806268
0,-15.495639,13.806638,-15.511551,13.798813,-15.495753,13.806455
0,-15.496305,13.805288,-15.505510,13.798726,-15.496374,13.805084
0,-15.496230,13.805489,-15.505510,13.798726,-15.496305,13.805288
0,-15.496147,13.805688,-15.505510,13.798726,-15.496230,13.805489
0,-15.495963,13.806078,-15.508340,13.798612,-15.496059,13.805884
0,-15.495861,13.806268,-15.508340,13.798612,-15.495963,13.806078
0,-15.484435,13.805711,-15.477909,13.802389,-15.484487,13.805897
0,-15.484389,13.805523,-15.481017,13.802184,-15.484435,13.805711
0,-15.484546,13.806081,-15.477909,13.802389,-15.484613,13.806263
0,-15.484487,13.805897,-15.477909,13.802389,-15.484546,13.806081
0,-15.484320,13.805143,-15.481017,13.802184,-15.484351,13.805334
0,-15.484296,13.804952,-15.481017,13.802184,-15.484320,13.805143
0,-15.484296,13.804952,-15.483321,13.801909,-15.481017,13.802184
0,-15.484296,13.804952,-15.484319,13.801789,-15.483321,13.801909
0,-15.457107,13.801172,-15.466777,13.801516,-15.464176,13.801023
0,-15.451492,13.801400,-15.493539,13.912438,-15.457107,13.801172
0,-15.451492,13.801400,-15.457107,13.801172,-15.454415,13.801005
0,-15.440869,13.801240,-15.439082,13.799840,-15.432650,13.798637
0,-15.492937,13.913287,-15.443055,13.801921,-15.492398,13.914211
0,-15.440935,13.801292,-15.440869,13.801240,-15.432650,13.798637
0,-15.451492,13.801400,-15.448384,13.801559,-15.493539,13.912438
0,-15.448384,13.801559,-15.444797,13.801763,-15.493539,13.912438
0,-15.444797,13.801763,-15.443055,13.801921,-15.493539,13.912438
0,-15.485044,13.807130,-15.484944,13.806963,-15.474754,13.802558
0,-15.484944,13.806963,-15.484852,13.806792,-15.477909,13.802389
0,-15.484852,13.806792,-15.484765,13.806619,-15.477909,13.802389
0,-15.484765,13.806619,-15.484686,13.806442,-15.477909,13.802389
0,-15.485260,13.807452,-15.485149,13.807293,-15.474754,13.802558
0,-15.485149,13.807293,-15.485044,13.807130,-15.474754,13.802558
0,-15.485501,13.807758,-15.485378,13.807607,-15.474754,13.802558
0,-15.485378,13.807607,-15.485260,13.807452,-15.474754,13.802558
0,-15.486351,13.808562,-15.470600,13.802358,-15.486509,13.808677
0,-15.486197,13.808441,-15.470600,13.802358,-15.486351,13.808562
0,-15.485903,13.808183,-15.470600,13.802358,-15.486048,13.808314
0,-15.485630,13.807905,-15.485501,13.807758,-15.474754,13.802558
0,-15.493276,13.808835,-15.534070,13.817290,-15.493466,13.808726
0,-15.493083,13.808937,-15.534070,13.817290,-15.493276,13.808835
0,-15.492688,13.809124,-15.534070,13.817290,-15.492887,13.809034
0,-15.486672,13.808786,-15.470600,13.802358,-15.486839,13.808890
0,-15.486509,13.808677,-15.470600,13.802358,-15.486672,13.808786
0,-15.492486,13.809207,-15.534070,13.817290,-15.492688,13.809124
0,-15.492281,13.809284,-15.536995,13.876239,-15.534070,13.817290
0,-15.536995,13.876239,-15.534866,13.817994,-15.534070,13.817290
0,-15.536995,13.876239,-15.492281,13.809284,-15.492073,13.809355
0,-15.518492,13.892410,-15.491223,13.809569,-15.491007,13.809605
0,-15.518492,13.892410,-15.491438,13.809525,-15.491223,13.809569
0,-15.489261,13.809645,-15.489065,13.809628,-15.507248,13.899374
0,-15.536995,13.876239,-15.492073,13.809355,-15.491863,13.809418
0,-15.518492,13.892410,-15.536995,13.876239,-15.491438,13.809525
0,-15.536995,13.876239,-15.491863,13.809418,-15.491652,13.809475
0,-15.505721,13.900765,-15.487724,13.809314,-15.487541,13.809242
0,-15.487183,13.809078,-15.505721,13.900765,-15.487360,13.809163
0,-15.505721,13.900765,-15.507248,13.899374,-15.487910,13.809379
0,-15.503649,13.903119,-15.505721,13.900765,-15.487183,13.809078
0,-15.507248,13.899374,-15.488098,13.809438,-15.487910,13.809379
0,-15.505721,13.900765,-15.487910,13.809379,-15.487724,13.809314
0,-15.489065,13.809628,-15.488869,13.809604,-15.507248,13.899374
0,-15.488480,13.809535,-15.488288,13.809490,-15.507248,13.899374
0,-15.533193,13.807922,-15.531794,13.806944,-15.534056,13.811149
0,-15.534125,13.809879,-15.533193,13.807922,-15.534056,13.811149
0,-15.518492,13.892410,-15.490571,13.809657,-15.513735,13.895356
0,-15.490571,13.809657,-15.489261,13.809645,-15.513735,13.895356
0,-15.534070,13.817290,-15.534063,13.814184,-15.528190,13.804809
0,-15.534058,13.812137,-15.530181,13.805799,-15.528190,13.804809
0,-15.534056,13.811149,-15.531794,13.806944,-15.534058,13.812137
0,-15.540136,13.873176,-15.534866,13.817994,-15.538733,13.874617
0,-15.494978,13.807494,-15.534070,13.817290,-15.495122,13.807331
0,-15.546431,13.870133,-15.550562,13.867710,-15.543555,13.870890
0,-15.543555,13.870890,-15.537394,13.818129,-15.534866,13.817994
0,-15.550562,13.867710,-15.554119,13.868219,-15.554996,13.867944
0,-15.541797,13.816920,-15.545443,13.816306,-15.544875,13.816064
0,-15.537394,13.818129,-15.541797,13.816920,-15.540137,13.817135
0,-15.550562,13.867710,-15.554762,13.820114,-15.550512,13.818713
0,-15.547057,13.816993,-15.541797,13.816920,-15.548042,13.817484
0,-15.541797,13.816920,-15.547057,13.816993,-15.545443,13.816306
0,-15.565512,13.861826,-15.559828,13.822326,-15.550562,13.867710
0,-15.548042,13.817484,-15.541797,13.816920,-15.550512,13.818713
0,-15.546431,13.870133,-15.548826,13.869151,-15.550562,13.867710
0,-15.553165,13.868518,-15.554119,13.868219,-15.550562,13.867710
0,-15.557630,13.866636,-15.559692,13.865745,-15.550562,13.867710
0,-15.554996,13.867944,-15.557630,13.866636,-15.550562,13.867710
0,-15.566843,13.826551,-15.565512,13.861826,-15.566927,13.861171
0,-15.572083,13.858230,-15.574718,13.856641,-15.575700,13.855370
0,-15.568803,13.860327,-15.566843,13.826551,-15.566927,13.861171
0,-15.566843,13.826551,-15.559828,13.822326,-15.565512,13.861826
0,-15.565512,13.861826,-15.563176,13.863920,-15.564766,13.863220
0,-15.565512,13.861826,-15.559692,13.865745,-15.561291,13.864991
0,-15.564033,13.823999,-15.559828,13.822326,-15.566843,13.826551
0,-15.559828,13.822326,-15.554762,13.820114,-15.550562,13.867710
0,-15.577236,13.853263,-15.578819,13.850022,-15.572083,13.858230
0,-15.566843,13.826551,-15.579646,13.847443,-15.571242,13.828268
0,-15.568803,13.860327,-15.570771,13.859164,-15.566843,13.826551
0,-15.566843,13.826551,-15.570771,13.859164,-15.572083,13.858230
0,-15.584285,13.837550,-15.580077,13.831231,-15.583538,13.838845
0,-15.583538,13.838845,-15.580077,13.831231,-15.582469,13.840601
0,-15.582469,13.840601,-15.580077,13.831231,-15.575633,13.829885
0,-15.585893,13.833206,-15.584888,13.831056,-15.580077,13.831231
0,-15.585893,13.833206,-15.587008,13.831169,-15.584888,13.831056
0,-15.587845,13.829368,-15.584888,13.831056,-15.587008,13.831169
0,-15.589004,14.007855,-15.587480,14.006004,-15.574934,14.004106
0,-15.582469,13.840601,-15.580980,13.843441,-15.581863,13.842402
0,-15.575633,13.829885,-15.571242,13.828268,-15.580839,13.843607
0,-15.582469,13.840601,-15.580839,13.843607,-15.580980,13.843441
0,-15.571242,13.828268,-15.579646,13.847443,-15.580024,13.846471
0,-15.580652,13.844480,-15.571242,13.828268,-15.580024,13.846471
0,-15.575935,13.855065,-15.577236,13.853263,-15.572083,13.858230
0,-15.578819,13.850022,-15.579646,13.847443,-15.566843,13.826551
0,-15.580473,13.845317,-15.580652,13.844480,-15.580024,13.846471
0,-15.578407,13.851597,-15.578819,13.850022,-15.577236,13.853263
0,-15.578784,14.002663,-15.574934,14.004106,-15.582227,14.002816
0,-15.534408,13.995102,-15.553553,14.008058,-15.534659,13.995057
0,-15.542106,13.994811,-15.553106,14.003720,-15.546552,13.995652
0,-15.538733,13.874617,-15.534866,13.817994,-15.536995,13.876239
0,-15.543555,13.870890,-15.534866,13.817994,-15.541863,13.871509
0,-15.541863,13.871509,-15.534866,13.817994,-15.540136,13.873176
0,-15.533468,13.883780,-15.535377,13.880718,-15.531832,13.884806
0,-15.535377,13.880718,-15.533468,13.883780,-15.534780,13.882754
0,-15.531832,13.884806,-15.536121,13.878366,-15.528921,13.886665
0,-15.531743,13.995587,-15.530753,13.995870,-15.554089,14.013673
0,-15.585344,14.004089,-15.587480,14.006004,-15.586658,14.005045
0,-15.575345,14.003793,-15.575039,14.003998,-15.574934,14.004106
0,-15.542106,13.994811,-15.553553,14.008058,-15.553373,14.005676
0,-15.554089,14.013673,-15.522507,13.997642,-15.523153,14.059256
0,-15.542106,13.994811,-15.553373,14.005676,-15.553106,14.003720
0,-15.523153,14.059256,-15.523879,14.059399,-15.533707,14.059433
0,-15.530876,14.059939,-15.525035,14.059627,-15.529832,14.060266
0,-15.534408,13.995102,-15.554089,14.013673,-15.553553,14.008058
0,-15.528819,13.996299,-15.527264,13.996592,-15.525664,13.997337
0,-15.561412,14.015017,-15.591610,14.036163,-15.592949,14.031332
0,-15.557756,14.016642,-15.586708,14.050090,-15.588891,14.045383
0,-15.574934,14.004106,-15.590606,14.010318,-15.589004,14.007855
0,-15.589608,14.043050,-15.590279,14.040868,-15.561412,14.015017
0,-15.588631,14.007281,-15.587480,14.006004,-15.589004,14.007855
0,-15.593767,14.025699,-15.594160,14.022992,-15.593800,14.019276
0,-15.593800,14.019276,-15.593399,14.015128,-15.590606,14.010318
0,-15.593102,14.030283,-15.593767,14.025699,-15.563586,14.013055
0,-15.592949,14.031332,-15.593102,14.030283,-15.561412,14.015017
0,-15.588891,14.045383,-15.589608,14.043050,-15.557756,14.016642
0,-15.585689,14.053085,-15.586708,14.050090,-15.583964,14.056408
0,-15.583964,14.056408,-15.543865,14.062207,-15.582228,14.060081
0,-15.546732,14.068349,-15.580315,14.066869,-15.580589,14.065350
0,-15.549733,14.076100,-15.579215,14.071574,-15.579534,14.069683
0,-15.545073,14.063968,-15.582021,14.060518,-15.582228,14.060081
0,-15.582228,14.060081,-15.543865,14.062207,-15.545073,14.063968
0,-15.547415,14.071160,-15.548338,14.073608,-15.579534,14.069683
0,-15.578429,14.074433,-15.578434,14.074424,-15.579215,14.071574
0,-15.573592,14.083795,-15.573613,14.083793,-15.578429,14.074433
0,-15.570778,14.084098,-15.573592,14.083795,-15.578429,14.074433
0,-15.555971,14.083817,-15.563325,14.085183,-15.555769,14.083637
0,-15.567047,14.084613,-15.570778,14.084098,-15.578429,14.074433
0,-15.579215,14.071574,-15.549733,14.076100,-15.578429,14.074433
0,-15.554110,14.082166,-15.563325,14.085183,-15.564158,14.085055
0,-15.554110,14.082166,-15.555769,14.083637,-15.563325,14.085183
0,-15.552244,14.080127,-15.554110,14.082166,-15.564158,14.085055
0,-15.560631,14.085849,-15.556357,14.084159,-15.558603,14.086062
0,-15.563325,14.085183,-15.555971,14.083817,-15.556357,14.084159
0,-15.549733,14.076100,-15.552244,14.080127,-15.564158,14.085055
0,-15.549733,14.076100,-15.550934,14.078457,-15.552244,14.080127
0,-15.548338,14.073608,-15.549733,14.076100,-15.579534,14.069683
0,-15.533707,14.059433,-15.554089,14.013673,-15.523153,14.059256
0,-15.580589,14.065350,-15.545949,14.066091,-15.546732,14.068349
0,-15.580998,14.063969,-15.582021,14.060518,-15.545073,14.063968
0,-15.545949,14.066091,-15.580998,14.063969,-15.545073,14.063968
0,-15.583964,14.056408,-15.541905,14.060123,-15.543865,14.062207
0,-15.557756,14.016642,-15.539938,14.058680,-15.541905,14.060123
0,-15.555663,14.015881,-15.554089,14.013673,-15.534815,14.059235
0,-15.539938,14.058680,-15.555663,14.015881,-15.534815,14.059235
0,-15.534815,14.059235,-15.554089,14.013673,-15.533707,14.059433
0,-15.533707,14.059433,-15.525035,14.059627,-15.530876,14.059939
0,-15.530753,13.995870,-15.528819,13.996299,-15.554089,14.013673
0,-15.504589,13.993412,-15.506740,13.995657,-15.506065,13.994783
0,-15.504589,13.993412,-15.507021,13.996020,-15.506740,13.995657
0,-15.502673,13.989881,-15.501669,13.988092,-15.456635,14.055244
0,-15.515814,13.998524,-15.512463,13.999011,-15.515205,14.057685
0,-15.487878,14.055888,-15.491741,14.056197,-15.509442,13.997796
0,-15.528819,13.996299,-15.525664,13.997337,-15.554089,14.013673
0,-15.524015,13.997349,-15.522507,13.997642,-15.525664,13.997337
0,-15.519107,13.997486,-15.517600,13.997960,-15.521183,13.997563
0,-15.522507,13.997642,-15.515814,13.998524,-15.515205,14.057685
0,-15.525035,14.059627,-15.533707,14.059433,-15.523879,14.059399
0,-15.507951,14.056887,-15.511295,14.057106,-15.512463,13.999011
0,-15.507951,14.056887,-15.512463,13.999011,-15.503897,14.056854
0,-15.503524,14.056851,-15.503897,14.056854,-15.510768,13.998562
0,-15.507021,13.996020,-15.487878,14.055888,-15.508106,13.996841
0,-15.496408,14.055961,-15.510768,13.998562,-15.509442,13.997796
0,-15.500689,14.056730,-15.503524,14.056851,-15.496408,14.055961
0,-15.503524,14.056851,-15.510768,13.998562,-15.496408,14.055961
0,-15.480950,14.055965,-15.483923,14.056131,-15.487878,14.055888
0,-15.507021,13.996020,-15.480950,14.055965,-15.487878,14.055888
0,-15.504589,13.993412,-15.478505,14.055943,-15.507021,13.996020
0,-15.507021,13.996020,-15.478505,14.055943,-15.480950,14.055965
0,-15.466630,14.055749,-15.504589,13.993412,-15.503780,13.991850
0,-15.470493,14.055878,-15.504589,13.993412,-15.466630,14.055749
0,-15.466630,14.055749,-15.456635,14.055244,-15.462527,14.055947
0,-15.498706,13.983278,-15.498377,13.982133,-15.496697,13.979340
0,-15.504589,13.993412,-15.475012,14.055778,-15.478505,14.055943
0,-15.504589,13.993412,-15.473724,14.055807,-15.475012,14.055778
0,-15.473724,14.055807,-15.504589,13.993412,-15.470493,14.055878
0,-15.502673,13.989881,-15.466630,14.055749,-15.503780,13.991850
0,-15.495129,13.977644,-15.498706,13.983278,-15.495507,13.978053
0,-15.448344,14.054762,-15.432909,14.052322,-15.442463,14.054619
0,-15.447340,14.054872,-15.448344,14.054762,-15.442463,14.054619
0,-15.445992,14.055020,-15.447340,14.054872,-15.442463,14.054619
0,-15.476480,13.945509,-15.402063,14.045106,-15.408076,14.046588
0,-15.478460,13.947818,-15.476480,13.945509,-15.479247,13.949356
0,-15.423967,13.798819,-15.477472,13.941419,-15.478079,13.940179
0,-15.490464,13.919061,-15.423967,13.798819,-15.478079,13.940179
0,-15.486466,13.961458,-15.484887,13.959075,-15.487711,13.963753
0,-15.483642,13.957016,-15.480113,13.951795,-15.414099,14.048250
0,-15.482163,13.954465,-15.480113,13.951795,-15.483642,13.957016
0,-15.491150,13.970174,-15.488760,13.965495,-15.487711,13.963753
0,-15.488737,13.934285,-15.491563,13.927496,-15.490906,13.924630
0,-15.498127,13.981263,-15.496697,13.979340,-15.498377,13.982133
0,-15.498706,13.983278,-15.495129,13.977644,-15.452494,14.055026
0,-15.501669,13.988092,-15.498706,13.983278,-15.456635,14.055244
0,-15.501669,13.988092,-15.500758,13.986213,-15.498706,13.983278
0,-15.432909,14.052322,-15.495129,13.977644,-15.493121,13.974112
0,-15.448344,14.054762,-15.495129,13.977644,-15.432909,14.052322
0,-15.495129,13.977644,-15.494597,13.975809,-15.493121,13.974112
0,-15.432909,14.052322,-15.491150,13.970174,-15.425663,14.050924
0,-15.493121,13.974112,-15.492200,13.971863,-15.491150,13.970174
0,-15.490815,13.969414,-15.490099,13.967789,-15.488760,13.965495
0,-15.493539,13.912438,-15.497263,13.910819,-15.498773,13.909344
0,-15.493539,13.912438,-15.443055,13.801921,-15.492937,13.913287
0,-15.505721,13.900765,-15.487541,13.809242,-15.487360,13.809163
0,-15.497263,13.910819,-15.498714,13.909423,-15.498773,13.909344
0,-15.530511,13.885784,-15.531832,13.884806,-15.528921,13.886665
0,-15.489261,13.809645,-15.507248,13.899374,-15.513735,13.895356
0,-15.488288,13.809490,-15.488098,13.809438,-15.507248,13.899374
0,-15.487009,13.808987,-15.503649,13.903119,-15.487183,13.809078
0,-15.501904,13.905152,-15.503649,13.903119,-15.493539,13.912438
0,-15.488737,13.934285,-15.478079,13.940179,-15.484118,13.939031
0,-15.490502,13.922727,-15.478079,13.940179,-15.490735,13.923825
0,-15.491459,13.929845,-15.491563,13.927496,-15.488737,13.934285
0,-15.490906,13.924630,-15.490735,13.923825,-15.488737,13.934285
0,-15.488737,13.934285,-15.490999,13.931587,-15.491459,13.929845
0,-15.491265,13.917258,-15.492398,13.914211,-15.490464,13.919061
0,-15.490464,13.919061,-15.478079,13.940179,-15.490167,13.921142
0,-15.490653,13.937008,-15.488737,13.934285,-15.484118,13.939031
0,-15.207024,13.978308,-15.253022,13.997169,-15.182227,13.922403
0,-15.253022,13.997169,-15.254578,13.997664,-15.255857,13.997810
0,-15.270482,14.000920,-15.272872,14.002093,-15.276206,14.003464
0,-15.249911,13.997325,-15.251986,13.997405,-15.253022,13.997169
0,-15.248772,13.997290,-15.249911,13.997325,-15.253022,13.997169
0,-15.258357,13.997778,-15.182227,13.922403,-15.253022,13.997169
0,-15.182227,13.922403,-15.204267,13.976034,-15.207024,13.978308
0,-15.241697,13.997704,-15.245003,13.997638,-15.240234,13.997254
0,-15.240234,13.997254,-15.247169,13.997301,-15.237965,13.996813
0,-15.232631,13.996619,-15.236168,13.996679,-15.207024,13.978308
0,-15.207024,13.978308,-15.247169,13.997301,-15.248772,13.997290
0,-15.240234,13.997254,-15.245593,13.997546,-15.247169,13.997301
0,-15.240234,13.997254,-15.245003,13.997638,-15.245593,13.997546
0,-15.241697,13.997704,-15.243300,13.998019,-15.245003,13.997638
0,-15.264979,13.999290,-15.265925,14.000021,-15.267943,14.000118
0,-15.320200,13.785819,-15.279302,14.004961,-15.282628,14.006648
0,-15.264979,13.999290,-15.267943,14.000118,-15.307719,13.785501
0,-15.285910,14.008751,-15.297345,14.015021,-15.333539,13.784382
0,-15.262136,13.998578,-15.264979,13.999290,-15.302944,13.785064
0,-15.311836,13.785884,-15.270482,14.000920,-15.313307,13.785904
0,-15.282628,14.006648,-15.329237,13.784831,-15.324834,13.785325
0,-15.316277,13.785942,-15.276206,14.003464,-15.320200,13.785819
0,-15.289469,14.011043,-15.293639,14.013290,-15.286634,14.009217
0,-15.286634,14.009217,-15.297345,14.015021,-15.285910,14.008751
0,-15.285910,14.008751,-15.333539,13.784382,-15.282628,14.006648
0,-15.293639,14.013290,-15.297345,14.015021,-15.286634,14.009217
0,-15.297750,14.015229,-15.304008,14.018214,-15.319360,14.023782
0,-15.317702,14.023299,-15.319360,14.023782,-15.304008,14.018214
0,-15.297750,14.015229,-15.300718,14.016753,-15.304008,14.018214
0,-15.476236,13.943855,-15.374174,14.038550,-15.476480,13.945509
0,-15.476480,13.945509,-15.379631,14.039889,-15.383300,14.040661
0,-15.370597,14.037643,-15.374174,14.038550,-15.476236,13.943855
0,-15.386581,14.042066,-15.390065,14.043154,-15.393353,14.043465
0,-15.476480,13.945509,-15.397892,14.044187,-15.402063,14.045106
0,-15.402063,14.045106,-15.397892,14.044187,-15.399478,14.044577
0,-15.432909,14.052322,-15.493121,13.974112,-15.491150,13.970174
0,-15.432909,14.052322,-15.425663,14.050924,-15.429472,14.051976
0,-15.487711,13.963753,-15.484887,13.959075,-15.425663,14.050924
0,-15.436061,14.053682,-15.442463,14.054619,-15.432909,14.052322
0,-15.425663,14.050924,-15.414099,14.048250,-15.417102,14.049330
0,-15.480113,13.951795,-15.410615,14.047162,-15.414099,14.048250
0,-15.480113,13.951795,-15.476480,13.945509,-15.408076,14.046588
0,-15.410615,14.047162,-15.480113,13.951795,-15.408076,14.046588
0,-15.402063,14.045106,-15.405213,14.046050,-15.408076,14.046588
0,-15.369133,14.037393,-15.359785,14.034783,-15.366929,14.037015
0,-15.363306,14.036288,-15.366929,14.037015,-15.363081,14.036192
0,-15.359785,14.034783,-15.369133,14.037393,-15.370597,14.037643
0,-15.476236,13.943855,-15.359785,14.034783,-15.370597,14.037643
0,-15.363081,14.036192,-15.366929,14.037015,-15.359785,14.034783
0,-15.347091,14.031819,-15.351603,14.032869,-15.476236,13.943855
0,-15.359785,14.034783,-15.476236,13.943855,-15.355744,14.033686
0,-15.476236,13.943855,-15.351603,14.032869,-15.355744,14.033686
0,-15.343191,14.030956,-15.347091,14.031819,-15.476236,13.943855
0,-15.331906,14.027906,-15.332305,14.028004,-15.323720,14.024950
0,-15.338485,14.030130,-15.343191,14.030956,-15.335010,14.028670
0,-15.330258,14.027655,-15.331906,14.027906,-15.326551,14.026286
0,-15.331906,14.027906,-15.323720,14.024950,-15.325106,14.025604
0,-15.476236,13.943855,-15.423967,13.798819,-15.333539,13.784382
0,-15.314477,14.022360,-15.317702,14.023299,-15.304008,14.018214
0,-15.307242,14.019765,-15.314477,14.022360,-15.304008,14.018214
0,-15.307242,14.019765,-15.310856,14.021270,-15.314477,14.022360
0,-15.207024,13.978308,-15.229371,13.996496,-15.231306,13.996575
0,-15.204267,13.976034,-15.182227,13.922403,-15.180810,13.926717
0,-15.170928,13.975497,-15.177573,13.978021,-15.181794,13.977291
0,-15.199076,13.975314,-15.204267,13.976034,-15.180810,13.926717
0,-15.190600,13.974183,-15.173368,13.929738,-15.184669,13.976050
0,-15.227195,13.996326,-15.229371,13.996496,-15.207024,13.978308
0,-15.184669,13.976050,-15.166935,13.973243,-15.170928,13.975497
0,-15.207024,13.978308,-15.225028,13.995975,-15.227195,13.996326
0,-15.181068,13.977604,-15.181794,13.977291,-15.177573,13.978021
0,-15.207024,13.978308,-15.209892,13.987099,-15.225028,13.995975
0,-15.225028,13.995975,-15.209892,13.987099,-15.221157,13.996232
0,-15.223704,13.996212,-15.225028,13.995975,-15.221157,13.996232
0,-15.234279,13.996744,-15.236168,13.996679,-15.232631,13.996619
0,-15.221157,13.996232,-15.209892,13.987099,-15.219510,13.996568
0,-15.219510,13.996568,-15.209892,13.987099,-15.217713,13.996760
0,-15.217713,13.996760,-15.209892,13.987099,-15.216343,13.996725
0,-15.216343,13.996725,-15.209892,13.987099,-15.214909,13.996593
0,-15.216343,13.996725,-15.214909,13.996593,-15.214925,13.996623
0,-15.181794,13.977291,-15.184669,13.976050,-15.170928,13.975497
0,-15.130723,13.980437,-15.149085,13.986796,-15.149501,13.980845
0,-15.140474,13.994598,-15.148889,13.990466,-15.149085,13.986796
0,-15.146778,13.993774,-15.148877,13.990695,-15.148889,13.990466
0,-15.140474,13.994598,-15.130020,13.982282,-15.134907,13.994080
0,-15.131416,13.993512,-15.130020,13.982282,-15.130558,13.993285
0,-15.130020,13.982282,-15.149085,13.986796,-15.130723,13.980437
0,-15.130558,13.993285,-15.130020,13.982282,-15.129378,13.992971
0,-15.173446,13.977629,-15.175348,13.977919,-15.170928,13.975497
0,-15.133228,13.973600,-15.132489,13.976051,-15.134302,13.972216
0,-15.131268,13.978176,-15.130723,13.980437,-15.132489,13.976051
0,-15.141303,13.959363,-15.153068,13.972842,-15.155798,13.971404
0,-15.143495,13.954659,-15.142802,13.956867,-15.155798,13.971404
0,-15.142377,13.957518,-15.141303,13.959363,-15.155798,13.971404
0,-15.137808,13.966707,-15.136642,13.968100,-15.150758,13.975305
0,-15.140333,13.961489,-15.139490,13.963153,-15.153068,13.972842
0,-15.134302,13.972216,-15.149501,13.980845,-15.150758,13.975305
0,-15.133573,13.941876,-15.137253,13.925380,-15.135768,13.925588
0,-15.136642,13.968100,-15.135420,13.970090,-15.150758,13.975305
0,-15.144582,13.925655,-15.140260,13.944814,-15.150606,13.927230
0,-15.133573,13.941876,-15.137614,13.943452,-15.137253,13.925380
0,-15.153068,13.972842,-15.138649,13.965143,-15.150758,13.975305
0,-15.142199,13.946175,-15.161127,13.929250,-15.154593,13.927911
0,-15.138649,13.965143,-15.137808,13.966707,-15.150758,13.975305
0,-15.141303,13.959363,-15.140447,13.961237,-15.153068,13.972842
0,-15.153068,13.972842,-15.139490,13.963153,-15.138649,13.965143
0,-15.142377,13.957518,-15.155798,13.971404,-15.142802,13.956867
0,-15.168348,13.929749,-15.143630,13.952402,-15.161891,13.970990
0,-15.161891,13.970990,-15.143495,13.954659,-15.155798,13.971404
0,-15.161127,13.929250,-15.143464,13.951657,-15.143630,13.952402
0,-15.143103,13.950153,-15.161127,13.929250,-15.142799,13.948822
0,-15.142799,13.948822,-15.161127,13.929250,-15.142199,13.946175
0,-15.142199,13.946175,-15.154593,13.927911,-15.150606,13.927230
0,-15.137614,13.943452,-15.140260,13.944814,-15.144582,13.925655
0,-15.161891,13.970990,-15.171172,13.929743,-15.168348,13.929749
0,-15.161891,13.970990,-15.173368,13.929738,-15.171172,13.929743
0,-15.190600,13.974183,-15.199076,13.975314,-15.180810,13.926717
0,-15.190600,13.974183,-15.178318,13.928650,-15.173368,13.929738
0,-15.190600,13.974183,-15.180810,13.926717,-15.178318,13.928650
0,-15.133491,13.926235,-15.133573,13.941876,-15.135768,13.925588
0,-15.131068,13.927528,-15.133573,13.941876,-15.133491,13.926235
0,-15.144582,13.925655,-15.139366,13.925084,-15.137614,13.943452
0,-15.133573,13.941876,-15.131068,13.927528,-15.130120,13.940371
0,-15.139366,13.925084,-15.137253,13.925380,-15.137614,13.943452
0,-15.128204,13.929180,-15.125340,13.931836,-15.128136,13.939368
0,-15.130120,13.940371,-15.131068,13.927528,-15.128204,13.929180
0,-15.123212,13.935783,-15.124829,13.937576,-15.123358,13.933487
0,-15.128204,13.929180,-15.128136,13.939368,-15.130120,13.940371
0,-15.125340,13.931836,-15.124829,13.937576,-15.128136,13.939368
0,-15.123358,13.933487,-15.124829,13.937576,-15.125340,13.931836
0,-15.102928,13.843915,-15.104549,13.861789,-15.102949,13.843765
0,-15.102930,13.855180,-15.102694,13.845736,-15.102732,13.853828
0,-15.103174,13.856526,-15.103460,13.857863,-15.102694,13.845736
0,-15.104149,13.860497,-15.104549,13.861789,-15.102928,13.843915
0,-15.102732,13.853828,-15.102694,13.845736,-15.102558,13.847086
0,-15.102558,13.847086,-15.102583,13.852475,-15.102732,13.853828
0,-15.102442,13.849779,-15.102495,13.851274,-15.102469,13.848433
0,-15.102484,13.851124,-15.102495,13.851274,-15.102442,13.849779
0,-15.102558,13.847086,-15.102495,13.851274,-15.102583,13.852475
0,-15.102469,13.848433,-15.102495,13.851274,-15.102558,13.847086
0,-15.108209,13.870580,-15.108213,13.870588,-15.124454,13.804885
0,-15.102694,13.845736,-15.103460,13.857863,-15.102928,13.843915
0,-15.152856,13.787563,-15.166380,13.909971,-15.169354,13.777622
0,-15.104990,13.863069,-15.102949,13.843765,-15.104549,13.861789
0,-15.107635,13.869349,-15.103419,13.840331,-15.103239,13.841683
0,-15.107066,13.868106,-15.103239,13.841683,-15.106512,13.866857
0,-15.103875,13.834098,-15.103841,13.834917,-15.121604,13.806623
0,-15.103771,13.836272,-15.103687,13.837625,-15.121604,13.806623
0,-15.103841,13.834917,-15.103771,13.836272,-15.121604,13.806623
0,-15.103948,13.832204,-15.121604,13.806623,-15.103969,13.831602
0,-15.104449,13.823151,-15.104055,13.829251,-15.115026,13.808941
0,-15.104055,13.829251,-15.121604,13.806623,-15.115026,13.808941
0,-15.103996,13.826515,-15.104055,13.829251,-15.104449,13.823151
0,-15.103786,13.859188,-15.104149,13.860497,-15.102928,13.843915
0,-15.124454,13.804885,-15.121604,13.806623,-15.103687,13.837625
0,-15.124454,13.804885,-15.103687,13.837625,-15.103573,13.838978
0,-15.103049,13.843035,-15.105468,13.864339,-15.105977,13.865602
0,-15.102949,13.843765,-15.104990,13.863069,-15.105468,13.864339
0,-15.150309,13.903703,-15.137131,13.797154,-15.108793,13.871825
0,-15.103239,13.841683,-15.107066,13.868106,-15.107635,13.869349
0,-15.103049,13.843035,-15.105977,13.865602,-15.106512,13.866857
0,-15.132978,13.900126,-15.138159,13.901196,-15.116350,13.886328
0,-15.116350,13.886328,-15.138159,13.901196,-15.115690,13.885135
0,-15.115690,13.885135,-15.138159,13.901196,-15.115032,13.883940
0,-15.152856,13.787563,-15.151485,13.904162,-15.166380,13.909971
0,-15.125976,13.897888,-15.118241,13.889832,-15.118884,13.891034
0,-15.117773,13.888959,-15.132978,13.900126,-15.117597,13.888630
0,-15.125976,13.897888,-15.118905,13.891074,-15.122073,13.895199
0,-15.125976,13.897888,-15.118884,13.891034,-15.118905,13.891074
0,-15.289203,13.782530,-15.285705,13.781504,-15.181054,13.919938
0,-15.268285,13.774804,-15.174187,13.914786,-15.181054,13.919938
0,-15.268285,13.774804,-15.169354,13.777622,-15.174187,13.914786
0,-15.169354,13.777622,-15.168838,13.911487,-15.173470,13.914343
0,-15.169354,13.777622,-15.166380,13.909971,-15.168838,13.911487
0,-15.151485,13.904162,-15.137230,13.797093,-15.150309,13.903703
0,-15.112456,13.879131,-15.150309,13.903703,-15.111814,13.877928
0,-15.114390,13.882738,-15.138159,13.901196,-15.113749,13.881535
0,-15.112456,13.879131,-15.138159,13.901196,-15.150309,13.903703
0,-15.137131,13.797154,-15.124454,13.804885,-15.108793,13.871825
0,-15.115026,13.808941,-15.104204,13.814270,-15.104650,13.817074
0,-15.105039,13.819100,-15.104449,13.823151,-15.115026,13.808941
0,-15.440935,13.801292,-15.431729,13.798639,-15.427684,13.798733
0,-15.338745,13.783200,-15.333539,13.784382,-15.423967,13.798819
0,-15.440935,13.801292,-15.432650,13.798637,-15.431729,13.798639
0,-15.439082,13.799840,-15.438357,13.798627,-15.432650,13.798637
0,-15.152856,13.787563,-15.137230,13.797093,-15.151485,13.904162
0,-15.137230,13.797093,-15.137131,13.797154,-15.150309,13.903703
0,-15.104163,13.812626,-15.104204,13.814270,-15.115026,13.808941
0,-15.150309,13.903703,-15.110559,13.875509,-15.111180,13.876721
0,-15.138159,13.901196,-15.112456,13.879131,-15.113103,13.880334
0,-15.150309,13.903703,-15.111180,13.876721,-15.111814,13.877928
0,-15.150309,13.903703,-15.109954,13.874288,-15.110559,13.875509
0,-15.150309,13.903703,-15.109371,13.873060,-15.109954,13.874288
0,-15.150309,13.903703,-15.108793,13.871825,-15.109371,13.873060
0,-15.124454,13.804885,-15.108213,13.870588,-15.108793,13.871825
0,-15.107635,13.869349,-15.108209,13.870580,-15.124454,13.804885
0,-15.373871,13.769892,-15.370182,13.771408,-15.423967,13.798819
0,-15.361751,13.775344,-15.360937,13.775703,-15.423967,13.798819
0,-15.423967,13.798819,-15.366013,13.773557,-15.361751,13.775344
0,-15.423967,13.798819,-15.370182,13.771408,-15.366013,13.773557
0,-15.428539,13.776755,-15.427619,13.774314,-15.423809,13.783525
0,-15.423896,13.792029,-15.377800,13.768249,-15.423967,13.798819
0,-15.385758,13.764078,-15.423896,13.792029,-15.423809,13.783525
0,-15.392485,13.759212,-15.423809,13.783525,-15.424136,13.766844
0,-15.427949,13.783472,-15.431120,13.781842,-15.430885,13.781182
0,-15.427949,13.783472,-15.431457,13.783427,-15.431444,13.782983
0,-15.427949,13.783472,-15.431444,13.782983,-15.431120,13.781842
0,-15.427949,13.783472,-15.428539,13.776755,-15.423809,13.783525
0,-15.427619,13.774314,-15.427534,13.774089,-15.423809,13.783525
0,-15.426045,13.770564,-15.425565,13.769273,-15.424136,13.766844
0,-15.427534,13.774089,-15.426624,13.772120,-15.423809,13.783525
0,-15.426624,13.772120,-15.426045,13.770564,-15.423809,13.783525
0,-15.394921,13.757293,-15.424136,13.766844,-15.422984,13.764269
0,-15.404068,13.753868,-15.421878,13.761657,-15.420773,13.759363
0,-15.423809,13.783525,-15.426045,13.770564,-15.424136,13.766844
0,-15.404068,13.753868,-15.422984,13.764269,-15.422143,13.762283
0,-15.404068,13.753868,-15.394921,13.757293,-15.422984,13.764269
0,-15.418629,13.755144,-15.404068,13.753868,-15.419163,13.756195
0,-15.419163,13.756195,-15.404068,13.753868,-15.419864,13.757574
0,-15.400798,13.748929,-15.404068,13.753868,-15.404056,13.747358
0,-15.398662,13.749608,-15.397951,13.752990,-15.400798,13.748929
0,-15.404068,13.753868,-15.397951,13.752990,-15.397977,13.753690
0,-15.389121,13.761640,-15.385758,13.764078,-15.423809,13.783525
0,-15.381830,13.766371,-15.423896,13.792029,-15.385758,13.764078
0,-15.377800,13.768249,-15.423896,13.792029,-15.381830,13.766371
0,-15.404068,13.753868,-15.397238,13.754826,-15.394921,13.757293
0,-15.404068,13.753868,-15.397977,13.753690,-15.397238,13.754826
0,-15.389121,13.761640,-15.423809,13.783525,-15.392485,13.759212
0,-15.360937,13.775703,-15.358007,13.776995,-15.423967,13.798819
0,-15.358007,13.776995,-15.353892,13.778457,-15.423967,13.798819
0,-15.345894,13.781246,-15.423967,13.798819,-15.353892,13.778457
0,-15.289203,13.782530,-15.182227,13.922403,-15.293496,13.783240
0,-15.181054,13.919938,-15.282113,13.780575,-15.278245,13.779359
0,-15.181054,13.919938,-15.285705,13.781504,-15.282113,13.780575
0,-15.342574,13.782200,-15.423967,13.798819,-15.345894,13.781246
0,-15.338745,13.783200,-15.423967,13.798819,-15.342574,13.782200
0,-15.476236,13.943855,-15.333539,13.784382,-15.323720,14.024950
0,-15.320200,13.785819,-15.282628,14.006648,-15.324834,13.785325
0,-15.276206,14.003464,-15.279302,14.004961,-15.320200,13.785819
0,-15.270482,14.000920,-15.316277,13.785942,-15.313307,13.785904
0,-15.270482,14.000920,-15.276206,14.003464,-15.316277,13.785942
0,-15.307719,13.785501,-15.267943,14.000118,-15.311836,13.785884
0,-15.302944,13.785064,-15.264979,13.999290,-15.307719,13.785501
0,-15.297938,13.784129,-15.293496,13.783240,-15.182227,13.922403
0,-15.182227,13.922403,-15.289203,13.782530,-15.181054,13.919938
0,-15.181054,13.919938,-15.278245,13.779359,-15.275989,13.778405
0,-15.181054,13.919938,-15.271914,13.776798,-15.268285,13.774804
0,-15.181054,13.919938,-15.273584,13.777457,-15.271914,13.776798
0,-15.273725,13.777512,-15.181054,13.919938,-15.275989,13.778405
0,-15.273584,13.777457,-15.181054,13.919938,-15.273725,13.777512
0,-15.261444,13.770218,-15.185851,13.767682,-15.264887,13.772538
0,-15.257675,13.767120,-15.185851,13.767682,-15.261444,13.770218
0,-15.169354,13.777622,-15.268285,13.774804,-15.185851,13.767682
0,-15.245331,13.755921,-15.225618,13.749333,-15.248249,13.758965
0,-15.242220,13.753139,-15.225618,13.749333,-15.245331,13.755921
0,-15.254000,13.764430,-15.185851,13.767682,-15.257675,13.767120
0,-15.251546,13.762072,-15.185851,13.767682,-15.254000,13.764430
0,-15.234517,13.749472,-15.225618,13.749333,-15.242220,13.753139
0,-15.239207,13.750321,-15.242220,13.753139,-15.239304,13.750321
0,-15.234517,13.749472,-15.239207,13.750321,-15.239300,13.749547
0,-15.234517,13.749472,-15.242220,13.753139,-15.239207,13.750321
0,-15.215156,13.749737,-15.215050,13.750370,-15.225618,13.749333
