38,8,40,22,79,
0,-16.487285,13.954079,-16.451658,13.902226,-16.486782,13.956568
0,-16.491646,13.975827,-16.492777,13.986059,-16.492906,13.979184
0,-16.446823,14.152472,-16.446342,14.158478,-16.447167,14.155598
0,-16.286842,14.147308,-16.347768,14.156783,-16.264491,14.031892
0,-16.386946,13.899264,-16.486750,13.958819,-16.449208,13.900902
0,-16.261926,13.883401,-16.200469,13.940801,-16.208267,13.961402
0,-16.419286,13.884796,-16.417677,13.883613,-16.410914,13.887751
0,-16.490152,13.971436,-16.488440,13.995573,-16.491646,13.975827
0,-16.451658,13.902226,-16.449208,13.900902,-16.486750,13.958819
0,-16.466827,13.900887,-16.460566,13.901530,-16.467124,13.902549
0,-16.498011,14.041226,-16.498206,14.040534,-16.496792,14.034553
0,-16.514240,14.047959,-16.520580,14.061487,-16.521651,14.056762
0,-16.508432,14.105422,-16.501828,14.094110,-16.500087,14.094040
0,-16.514240,14.047959,-16.521386,14.054458,-16.516402,14.048578
0,-16.415207,14.154157,-16.416947,14.155367,-16.446584,14.142502
0,-16.498630,14.087831,-16.499433,14.087418,-16.499416,14.042158
0,-16.500182,14.087332,-16.506724,14.087906,-16.509007,14.084439
0,-16.499876,14.119192,-16.498262,14.092505,-16.497515,14.091579
0,-16.458352,14.137188,-16.497515,14.091579,-16.497294,14.090432
0,-16.466077,14.137024,-16.474178,14.136405,-16.477856,14.135054
0,-16.507514,14.108076,-16.500087,14.094040,-16.506177,14.110408
0,-16.458352,14.137188,-16.497294,14.090432,-16.453405,14.137092
0,-16.487238,13.962676,-16.484596,14.002665,-16.485106,14.001161
0,-16.402734,14.149132,-16.449487,14.138490,-16.397093,14.147745
0,-16.373150,14.157282,-16.381652,14.152080,-16.371007,14.157537
0,-16.483923,14.014483,-16.275126,14.012400,-16.389386,14.146207
0,-16.431272,14.169131,-16.422732,14.166388,-16.423897,14.167638
0,-16.373150,14.157282,-16.376333,14.156500,-16.381652,14.152080
0,-16.402734,14.149132,-16.408840,14.150355,-16.449487,14.138490
0,-16.354206,14.156057,-16.354869,14.156074,-16.387667,14.146407
0,-16.309364,14.160721,-16.293628,14.153761,-16.293923,14.154032
0,-16.285182,14.146475,-16.285355,14.146549,-16.262440,14.034624
0,-16.292882,14.153043,-16.293085,14.153242,-16.309364,14.160721
0,-16.255352,14.040767,-16.248568,14.124900,-16.250066,14.126023
0,-16.248362,14.044234,-16.246834,14.045968,-16.252009,14.042298
0,-16.264569,14.029915,-16.264491,14.031892,-16.264700,14.029271
0,-16.411661,13.885064,-16.410914,13.887751,-16.417677,13.883613
0,-16.502172,13.923380,-16.490222,13.904055,-16.472325,13.905546
0,-16.373197,13.906193,-16.373143,13.906108,-16.333376,13.879785
0,-16.412189,13.884018,-16.411661,13.885064,-16.414277,13.883057
0,-16.402909,13.891218,-16.408434,13.888705,-16.406882,13.888497
0,-16.245542,13.997729,-16.249678,13.996865,-16.251551,13.995807
0,-16.501315,13.929586,-16.502172,13.923380,-16.471108,13.906286
0,-16.490222,13.904055,-16.497273,13.908377,-16.493765,13.905325
0,-16.501277,13.915069,-16.499464,13.911873,-16.501948,13.917270
0,-16.501948,13.917270,-16.499464,13.911873,-16.502342,13.920135
0,-16.472325,13.905546,-16.471108,13.906286,-16.502172,13.923380
0,-16.447117,13.897887,-16.434306,13.892908,-16.449208,13.900902
0,-16.409701,13.888875,-16.402909,13.891218,-16.426612,13.890702
0,-16.402909,13.891218,-16.409701,13.888875,-16.408434,13.888705
0,-16.460566,13.901530,-16.467557,13.903695,-16.467124,13.902549
0,-16.360826,13.886424,-16.355023,13.885990,-16.368031,13.890493
0,-16.460566,13.901530,-16.454206,13.902482,-16.469043,13.905898
0,-16.410914,13.887751,-16.426612,13.890702,-16.419286,13.884796
0,-16.410914,13.887751,-16.409701,13.888875,-16.426612,13.890702
0,-16.508932,14.040552,-16.509731,14.040927,-16.509505,14.040287
0,-16.491511,13.989534,-16.492777,13.986059,-16.491646,13.975827
0,-16.471108,13.906286,-16.489068,13.950388,-16.491313,13.947891
0,-16.460566,13.901530,-16.468144,13.904813,-16.467557,13.903695
0,-16.469043,13.905898,-16.454206,13.902482,-16.487702,13.952883
0,-16.488494,13.966573,-16.488109,13.965663,-16.488975,13.967953
0,-16.449487,14.138490,-16.484758,14.016187,-16.389386,14.146207
0,-16.483946,14.008147,-16.483749,14.013373,-16.483916,14.011962
0,-16.495591,14.032056,-16.484758,14.016187,-16.495953,14.033627
0,-16.490841,14.020570,-16.489158,14.019360,-16.488025,14.018933
0,-16.497294,14.090432,-16.497582,14.089102,-16.451379,14.137493
0,-16.511003,14.076734,-16.510364,14.079531,-16.511074,14.079038
0,-16.496792,14.034553,-16.495953,14.033627,-16.498011,14.041226
0,-16.493927,14.022395,-16.495550,14.025675,-16.495514,14.024428
0,-16.521010,14.060616,-16.521531,14.059655,-16.521697,14.059052
0,-16.521651,14.056762,-16.521386,14.054458,-16.514240,14.047959
0,-16.500268,14.042216,-16.511057,14.045403,-16.504026,14.042156
0,-16.511003,14.076734,-16.516285,14.068836,-16.499416,14.042158
0,-16.500182,14.087332,-16.509400,14.082140,-16.509689,14.081136
0,-16.509689,14.081136,-16.510364,14.079531,-16.500182,14.087332
0,-16.506814,14.094567,-16.501828,14.094110,-16.508354,14.096411
0,-16.458352,14.137188,-16.463058,14.137223,-16.497515,14.091579
0,-16.501488,14.088770,-16.503557,14.089300,-16.500182,14.087332
0,-16.453405,14.137092,-16.497294,14.090432,-16.451379,14.137493
0,-16.505792,14.092576,-16.505086,14.092300,-16.504516,14.092936
0,-16.505396,14.088673,-16.500182,14.087332,-16.503557,14.089300
0,-16.497213,14.123282,-16.487820,14.131702,-16.495645,14.125706
0,-16.500087,14.094040,-16.504036,14.112917,-16.506177,14.110408
0,-16.498597,14.121140,-16.497515,14.091579,-16.497213,14.123282
0,-16.501467,14.116702,-16.502658,14.114743,-16.498262,14.092505
0,-16.504036,14.112917,-16.500087,14.094040,-16.502658,14.114743
0,-16.497515,14.091579,-16.483948,14.133317,-16.497213,14.123282
0,-16.497213,14.123282,-16.483948,14.133317,-16.485742,14.132646
0,-16.411021,14.151443,-16.411512,14.151503,-16.410749,14.150767
0,-16.509537,14.103092,-16.508767,14.097203,-16.501828,14.094110
0,-16.499273,14.093355,-16.498262,14.092505,-16.502658,14.114743
0,-16.446342,14.158478,-16.446823,14.152472,-16.441956,14.165103
0,-16.425667,14.169218,-16.428541,14.169518,-16.423897,14.167638
0,-16.437027,14.167952,-16.439632,14.166735,-16.419919,14.159616
0,-16.449487,14.138490,-16.451379,14.137493,-16.484758,14.016187
0,-16.381652,14.152080,-16.378259,14.155849,-16.380139,14.155080
0,-16.380150,14.155091,-16.381652,14.152080,-16.380139,14.155080
0,-16.398922,14.148358,-16.400945,14.148834,-16.397093,14.147745
0,-16.431272,14.169131,-16.423897,14.167638,-16.428541,14.169518
0,-16.400945,14.148834,-16.402734,14.149132,-16.397093,14.147745
0,-16.477856,14.135054,-16.474178,14.136405,-16.475972,14.136005
0,-16.456280,14.137537,-16.458352,14.137188,-16.453405,14.137092
0,-16.413578,14.152811,-16.446584,14.142502,-16.410749,14.150767
0,-16.312777,14.160835,-16.291363,14.151507,-16.292110,14.152279
0,-16.281931,14.145593,-16.277447,14.143940,-16.280739,14.145481
0,-16.350507,14.156304,-16.350738,14.156289,-16.271370,14.019664
0,-16.387667,14.146407,-16.354869,14.156074,-16.355396,14.156083
0,-16.312777,14.160835,-16.313980,14.160955,-16.288905,14.148837
0,-16.320474,14.161480,-16.321213,14.161533,-16.345088,14.157510
0,-16.339324,14.160538,-16.340106,14.160265,-16.341136,14.159820
0,-16.345088,14.157510,-16.330900,14.161956,-16.343552,14.158506
0,-16.333425,14.161862,-16.336687,14.161337,-16.338414,14.160849
0,-16.321213,14.161533,-16.322720,14.161611,-16.345088,14.157510
0,-16.293628,14.153761,-16.309364,14.160721,-16.293085,14.153242
0,-16.309364,14.160721,-16.294133,14.154228,-16.294556,14.154612
0,-16.308992,14.160699,-16.294556,14.154612,-16.295505,14.155442
0,-16.269035,14.140685,-16.260448,14.135777,-16.261994,14.137305
0,-16.245094,14.122485,-16.246365,14.123411,-16.244592,14.121869
0,-16.257266,14.133172,-16.260448,14.135777,-16.269035,14.140685
0,-16.277447,14.143940,-16.251277,14.127363,-16.269035,14.140685
0,-16.252158,14.129167,-16.254318,14.131117,-16.251277,14.127363
0,-16.251277,14.127363,-16.254318,14.131117,-16.257266,14.133172
0,-16.239424,14.118568,-16.241440,14.119663,-16.230663,14.105405
0,-16.243399,14.121446,-16.244592,14.121869,-16.241440,14.119663
0,-16.229259,14.094723,-16.244592,14.121869,-16.229281,14.091966
0,-16.241440,14.119663,-16.230369,14.103062,-16.230663,14.105405
0,-16.229281,14.091966,-16.228791,14.083408,-16.228506,14.089014
0,-16.241440,14.119663,-16.244592,14.121869,-16.229259,14.094723
0,-16.244592,14.121869,-16.248568,14.124900,-16.229281,14.091966
0,-16.253995,14.041529,-16.248568,14.124900,-16.255352,14.040767
0,-16.389386,14.146207,-16.391170,14.147101,-16.393004,14.146973
0,-16.274545,14.000948,-16.373197,13.906193,-16.291238,13.884004
0,-16.261926,13.883401,-16.259998,13.882785,-16.199576,13.931150
0,-16.205506,13.957275,-16.206985,13.959663,-16.208027,13.961094
0,-16.198896,13.928351,-16.198454,13.923480,-16.198040,13.925779
0,-16.259998,13.882785,-16.258998,13.882233,-16.198454,13.923480
0,-16.201720,13.892621,-16.201174,13.894304,-16.215834,13.880414
0,-16.251284,13.878861,-16.230227,13.877990,-16.258998,13.882233
0,-16.196543,13.906807,-16.196565,13.907125,-16.201174,13.894304
0,-16.198454,13.923480,-16.197657,13.916125,-16.197537,13.919805
0,-16.218819,13.879628,-16.201174,13.894304,-16.220935,13.879293
0,-16.241058,13.998089,-16.222465,13.978130,-16.222695,13.983535
0,-16.207757,13.972929,-16.214555,13.976620,-16.207713,13.964513
0,-16.207896,13.974614,-16.208860,13.976815,-16.214555,13.976620
0,-16.282131,13.886374,-16.263983,13.994096,-16.269866,13.997097
0,-16.227643,13.996427,-16.222695,13.983535,-16.222001,13.985407
0,-16.218732,13.976478,-16.208267,13.961402,-16.207842,13.963355
0,-16.274545,14.000948,-16.275773,14.004479,-16.373197,13.906193
0,-16.286378,13.885087,-16.282131,13.886374,-16.289403,13.884648
0,-16.218732,13.976478,-16.207842,13.963355,-16.207713,13.964513
0,-16.222465,13.978130,-16.208267,13.961402,-16.218732,13.976478
0,-16.218732,13.976478,-16.207713,13.964513,-16.214555,13.976620
0,-16.200489,13.941593,-16.200526,13.943006,-16.200823,13.944886
0,-16.204171,13.955167,-16.205506,13.957275,-16.200823,13.944886
0,-16.272126,13.878997,-16.270327,13.880627,-16.282104,13.885850
0,-16.355023,13.885990,-16.373143,13.906108,-16.373344,13.904193
0,-16.258998,13.882233,-16.254639,13.880028,-16.251284,13.878861
0,-16.199918,13.934593,-16.200027,13.937810,-16.200469,13.940801
0,-16.281107,13.872790,-16.281417,13.872222,-16.281372,13.872221
0,-16.355023,13.885990,-16.342336,13.880242,-16.333376,13.879785
0,-16.355023,13.885990,-16.333376,13.879785,-16.373143,13.906108
0,-16.280248,13.873074,-16.279178,13.873429,-16.281624,13.876005
0,-16.281624,13.876005,-16.278315,13.873753,-16.281602,13.876358
0,-16.233168,13.876920,-16.247069,13.876795,-16.234286,13.876225
0,-16.279178,13.873429,-16.278315,13.873753,-16.281624,13.876005
0,-16.245710,13.875896,-16.242922,13.874170,-16.234286,13.876225
0,-16.235649,13.874921,-16.234286,13.876225,-16.242922,13.874170
0,-16.275543,13.875538,-16.273950,13.877181,-16.281802,13.879851
0,-16.236433,13.874105,-16.239069,13.873215,-16.237645,13.873431
0,-16.258998,13.882233,-16.230227,13.877990,-16.198454,13.923480
0,-16.230227,13.877990,-16.229314,13.878075,-16.225872,13.878863
0,-16.202527,13.887113,-16.201720,13.892621,-16.210195,13.881618
0,-16.210195,13.881618,-16.204630,13.883868,-16.202527,13.887113
0,-16.209120,13.881377,-16.206142,13.881535,-16.204630,13.883868
0,-16.239069,13.873215,-16.236433,13.874105,-16.235649,13.874921
0,-16.222345,13.879084,-16.220935,13.879293,-16.223922,13.879035
0,-16.493765,13.905325,-16.497273,13.908377,-16.494954,13.906050
0,-16.488904,13.903511,-16.472325,13.905546,-16.490222,13.904055
0,-16.487061,13.902865,-16.472325,13.905546,-16.488904,13.903511
0,-16.494954,13.906050,-16.497273,13.908377,-16.496609,13.907378
0,-16.494954,13.906050,-16.496609,13.907378,-16.495753,13.906552
0,-16.501755,13.916078,-16.501277,13.915069,-16.501948,13.917270
0,-16.490222,13.904055,-16.499464,13.911873,-16.497273,13.908377
0,-16.502172,13.923380,-16.499464,13.911873,-16.490222,13.904055
0,-16.502342,13.920135,-16.499464,13.911873,-16.502172,13.923380
0,-16.502181,13.924663,-16.502172,13.923380,-16.501915,13.927036
0,-16.501915,13.927036,-16.502172,13.923380,-16.501315,13.929586
0,-16.497006,13.939761,-16.471108,13.906286,-16.493741,13.944657
0,-16.493741,13.944657,-16.471108,13.906286,-16.491313,13.947891
0,-16.501315,13.929586,-16.471108,13.906286,-16.499886,13.933856
0,-16.499886,13.933856,-16.471108,13.906286,-16.497006,13.939761
0,-16.485633,13.901848,-16.474033,13.903789,-16.487061,13.902865
0,-16.484205,13.900527,-16.476303,13.901422,-16.485633,13.901848
0,-16.476303,13.901422,-16.474033,13.903789,-16.485633,13.901848
0,-16.474033,13.903789,-16.472325,13.905546,-16.487061,13.902865
0,-16.471108,13.906286,-16.469043,13.905898,-16.489068,13.950388
0,-16.487285,13.954079,-16.454206,13.902482,-16.451658,13.902226
0,-16.469043,13.905898,-16.468144,13.904813,-16.460566,13.901530
0,-16.466775,13.900064,-16.460566,13.901530,-16.466827,13.900887
0,-16.429923,13.891922,-16.426612,13.890702,-16.402909,13.891218
0,-16.482901,13.899451,-16.478022,13.899781,-16.484205,13.900527
0,-16.479870,13.898805,-16.478022,13.899781,-16.482901,13.899451
0,-16.479870,13.898805,-16.482901,13.899451,-16.481290,13.898675
0,-16.417677,13.883613,-16.415307,13.882584,-16.414277,13.883057
0,-16.476303,13.901422,-16.484205,13.900527,-16.478022,13.899781
0,-16.374835,13.896067,-16.372538,13.889265,-16.369159,13.890387
0,-16.414277,13.883057,-16.411661,13.885064,-16.417677,13.883613
0,-16.360826,13.886424,-16.368031,13.890493,-16.365553,13.887801
0,-16.369159,13.890387,-16.372538,13.889265,-16.371507,13.888369
0,-16.364831,13.887003,-16.360826,13.886424,-16.365553,13.887801
0,-16.342336,13.880242,-16.354215,13.885383,-16.349600,13.880331
0,-16.373344,13.904193,-16.373840,13.901284,-16.368031,13.890493
0,-16.342336,13.880242,-16.337141,13.879574,-16.333376,13.879785
0,-16.326529,13.878258,-16.321255,13.878241,-16.330217,13.879250
0,-16.333376,13.879785,-16.330217,13.879250,-16.373197,13.906193
0,-16.330217,13.879250,-16.291238,13.884004,-16.373197,13.906193
0,-16.356102,13.885549,-16.355023,13.885990,-16.360826,13.886424
0,-16.354215,13.885383,-16.342336,13.880242,-16.355023,13.885990
0,-16.362670,13.885913,-16.360826,13.886424,-16.364831,13.887003
0,-16.372538,13.889265,-16.374835,13.896067,-16.374593,13.889855
0,-16.368031,13.890493,-16.374835,13.896067,-16.369159,13.890387
0,-16.365553,13.887801,-16.368031,13.890493,-16.366995,13.888695
0,-16.373840,13.901284,-16.374835,13.896067,-16.368031,13.890493
0,-16.355023,13.885990,-16.373344,13.904193,-16.368031,13.890493
0,-16.275965,14.008184,-16.373197,13.906193,-16.275773,14.004479
0,-16.483749,14.013373,-16.483946,14.008147,-16.373197,13.906193
0,-16.486750,13.958819,-16.386946,13.899264,-16.373197,13.906193
0,-16.449208,13.900902,-16.434306,13.892908,-16.429923,13.891922
0,-16.374593,13.889855,-16.374835,13.896067,-16.375210,13.890052
0,-16.449208,13.900902,-16.387239,13.899116,-16.386946,13.899264
0,-16.429923,13.891922,-16.402909,13.891218,-16.387239,13.899116
0,-16.449208,13.900902,-16.429923,13.891922,-16.387239,13.899116
0,-16.438122,13.892009,-16.434306,13.892908,-16.445212,13.895185
0,-16.445212,13.895185,-16.434306,13.892908,-16.447117,13.897887
0,-16.441368,13.891664,-16.445212,13.895185,-16.444159,13.892525
0,-16.441368,13.891664,-16.438122,13.892009,-16.445212,13.895185
0,-16.486478,13.998532,-16.489305,13.968918,-16.488975,13.967953
0,-16.489977,13.992851,-16.491511,13.989534,-16.491646,13.975827
0,-16.486478,13.998532,-16.490152,13.971436,-16.489305,13.968918
0,-16.486478,13.998532,-16.488440,13.995573,-16.490152,13.971436
0,-16.488109,13.965663,-16.486478,13.998532,-16.488975,13.967953
0,-16.487733,13.964769,-16.486478,13.998532,-16.488109,13.965663
0,-16.489068,13.950388,-16.469043,13.905898,-16.488023,13.952330
0,-16.485633,14.000132,-16.486478,13.998532,-16.487733,13.964769
0,-16.488023,13.952330,-16.469043,13.905898,-16.487702,13.952883
0,-16.487098,13.955328,-16.487285,13.954079,-16.486782,13.956568
0,-16.487702,13.952883,-16.454206,13.902482,-16.487285,13.954079
0,-16.451658,13.902226,-16.486742,13.957445,-16.486782,13.956568
0,-16.451658,13.902226,-16.486750,13.958819,-16.486742,13.957445
0,-16.373197,13.906193,-16.487044,13.961303,-16.486750,13.958819
0,-16.373197,13.906193,-16.484596,14.002665,-16.487238,13.962676
0,-16.486750,13.958819,-16.487044,13.961303,-16.486988,13.959785
0,-16.487530,13.963506,-16.487238,13.962676,-16.487733,13.964769
0,-16.487044,13.961303,-16.373197,13.906193,-16.487238,13.962676
0,-16.485133,14.001080,-16.485633,14.000132,-16.487733,13.964769
0,-16.487238,13.962676,-16.485133,14.001080,-16.487733,13.964769
0,-16.487238,13.962676,-16.485106,14.001161,-16.485133,14.001080
0,-16.373197,13.906193,-16.484138,14.004691,-16.484596,14.002665
0,-16.373197,13.906193,-16.483964,14.006357,-16.484138,14.004691
0,-16.484027,14.010397,-16.483946,14.008147,-16.483916,14.011962
0,-16.483964,14.006357,-16.373197,13.906193,-16.483946,14.008147
0,-16.373197,13.906193,-16.275965,14.008184,-16.483749,14.013373
0,-16.484758,14.016187,-16.498011,14.041226,-16.495953,14.033627
0,-16.389386,14.146207,-16.484758,14.016187,-16.483923,14.014483
0,-16.451379,14.137493,-16.497582,14.089102,-16.484758,14.016187
0,-16.495591,14.032056,-16.488025,14.018933,-16.484758,14.016187
0,-16.493399,13.982399,-16.493295,13.980565,-16.492906,13.979184
0,-16.489977,13.992851,-16.491646,13.975827,-16.488440,13.995573
0,-16.492777,13.986059,-16.493399,13.982399,-16.492906,13.979184
0,-16.510662,14.041627,-16.509731,14.040927,-16.508365,14.041515
0,-16.495591,14.032056,-16.495707,14.030040,-16.490841,14.020570
0,-16.495550,14.025675,-16.493927,14.022395,-16.492431,14.021599
0,-16.500268,14.042216,-16.499416,14.042158,-16.516285,14.068836
0,-16.499364,14.042124,-16.498630,14.087831,-16.499416,14.042158
0,-16.498011,14.041226,-16.498630,14.087831,-16.499364,14.042124
0,-16.511057,14.045403,-16.507269,14.042380,-16.505294,14.042085
0,-16.498256,14.040356,-16.496792,14.034553,-16.498206,14.040534
0,-16.512696,14.046929,-16.500268,14.042216,-16.516285,14.068836
0,-16.499778,14.038078,-16.498816,14.035354,-16.497638,14.035063
0,-16.498870,14.039493,-16.497638,14.035063,-16.498547,14.039947
0,-16.498547,14.039947,-16.497638,14.035063,-16.498256,14.040356
0,-16.492431,14.021599,-16.490841,14.020570,-16.495716,14.028431
0,-16.490841,14.020570,-16.488025,14.018933,-16.495591,14.032056
0,-16.498816,14.035354,-16.500493,14.037025,-16.500217,14.035779
0,-16.495550,14.025675,-16.492431,14.021599,-16.495716,14.028431
0,-16.495716,14.028431,-16.490841,14.020570,-16.495707,14.030040
0,-16.498256,14.040356,-16.497638,14.035063,-16.496792,14.034553
0,-16.498870,14.039493,-16.499778,14.038078,-16.497638,14.035063
0,-16.499778,14.038078,-16.500493,14.037025,-16.498816,14.035354
0,-16.507794,14.042015,-16.507269,14.042380,-16.510981,14.043749
0,-16.504026,14.042156,-16.502007,14.042051,-16.500268,14.042216
0,-16.510891,14.042782,-16.508365,14.041515,-16.507794,14.042015
0,-16.505294,14.042085,-16.504026,14.042156,-16.511057,14.045403
0,-16.510891,14.042782,-16.507794,14.042015,-16.510981,14.043749
0,-16.508932,14.040552,-16.508365,14.041515,-16.509731,14.040927
0,-16.511057,14.045403,-16.500268,14.042216,-16.512696,14.046929
0,-16.510969,14.044662,-16.507269,14.042380,-16.511057,14.045403
0,-16.510981,14.043749,-16.507269,14.042380,-16.510969,14.044662
0,-16.508365,14.041515,-16.510891,14.042782,-16.510662,14.041627
0,-16.520373,14.051093,-16.517336,14.048446,-16.516402,14.048578
0,-16.516402,14.048578,-16.521386,14.054458,-16.520975,14.052527
0,-16.512696,14.046929,-16.517951,14.065914,-16.514240,14.047959
0,-16.521697,14.059052,-16.521825,14.057863,-16.521651,14.056762
0,-16.521607,14.055704,-16.521386,14.054458,-16.521651,14.056762
0,-16.521820,14.058605,-16.521825,14.057863,-16.521697,14.059052
0,-16.521697,14.059052,-16.521651,14.056762,-16.521010,14.060616
0,-16.520580,14.061487,-16.521010,14.060616,-16.521651,14.056762
0,-16.519922,14.048746,-16.520373,14.051093,-16.520630,14.049356
0,-16.520373,14.051093,-16.516402,14.048578,-16.520975,14.052527
0,-16.520050,14.062539,-16.520580,14.061487,-16.514240,14.047959
0,-16.519922,14.048746,-16.517336,14.048446,-16.520373,14.051093
0,-16.514240,14.047959,-16.519150,14.063855,-16.520050,14.062539
0,-16.514240,14.047959,-16.517951,14.065914,-16.518620,14.064816
0,-16.512696,14.046929,-16.516285,14.068836,-16.517283,14.067103
0,-16.511003,14.076734,-16.499433,14.087418,-16.500182,14.087332
0,-16.511003,14.076734,-16.515994,14.069660,-16.516285,14.068836
0,-16.519150,14.063855,-16.514240,14.047959,-16.518620,14.064816
0,-16.512696,14.046929,-16.517283,14.067103,-16.517951,14.065914
0,-16.510364,14.079531,-16.511003,14.076734,-16.500182,14.087332
0,-16.500182,14.087332,-16.509157,14.083335,-16.509400,14.082140
0,-16.508957,14.085307,-16.509007,14.084439,-16.508426,14.086178
0,-16.506724,14.087906,-16.500182,14.087332,-16.505396,14.088673
0,-16.509007,14.084439,-16.509157,14.083335,-16.500182,14.087332
0,-16.497582,14.089102,-16.498630,14.087831,-16.498011,14.041226
0,-16.509007,14.084439,-16.506724,14.087906,-16.508426,14.086178
0,-16.508426,14.086178,-16.506724,14.087906,-16.507572,14.087313
0,-16.511644,14.078492,-16.511508,14.077571,-16.511074,14.079038
0,-16.511074,14.079038,-16.511508,14.077571,-16.511003,14.076734
0,-16.514161,14.075339,-16.515355,14.073795,-16.515543,14.072872
0,-16.499416,14.042158,-16.499433,14.087418,-16.511003,14.076734
0,-16.511003,14.076734,-16.511713,14.076241,-16.515994,14.069660
0,-16.511713,14.076241,-16.512981,14.076116,-16.514161,14.075339
0,-16.515607,14.071362,-16.511713,14.076241,-16.515543,14.072872
0,-16.514161,14.075339,-16.515543,14.072872,-16.511713,14.076241
0,-16.515994,14.069660,-16.511713,14.076241,-16.515607,14.071362
0,-16.501488,14.088770,-16.502335,14.089425,-16.503557,14.089300
0,-16.500512,14.088116,-16.501488,14.088770,-16.500182,14.087332
0,-16.506814,14.094567,-16.504516,14.092936,-16.503334,14.093432
0,-16.506074,14.093270,-16.505792,14.092576,-16.504516,14.092936
0,-16.508354,14.096411,-16.507326,14.094980,-16.506814,14.094567
0,-16.506814,14.094567,-16.503334,14.093432,-16.501828,14.094110
0,-16.506074,14.093270,-16.504516,14.092936,-16.506814,14.094567
0,-16.508354,14.096411,-16.501828,14.094110,-16.508767,14.097203
0,-16.511338,14.100602,-16.508767,14.097203,-16.509537,14.103092
0,-16.507514,14.108076,-16.508432,14.105422,-16.500087,14.094040
0,-16.509537,14.103092,-16.501828,14.094110,-16.508432,14.105422
0,-16.499876,14.119192,-16.501467,14.116702,-16.498262,14.092505
0,-16.483948,14.133317,-16.497515,14.091579,-16.477856,14.135054
0,-16.483948,14.133317,-16.477856,14.135054,-16.481305,14.134255
0,-16.497515,14.091579,-16.463058,14.137223,-16.466077,14.137024
0,-16.472077,14.138126,-16.474178,14.136405,-16.470358,14.137242
0,-16.458352,14.137188,-16.460705,14.137346,-16.463058,14.137223
0,-16.470358,14.137242,-16.474178,14.136405,-16.468570,14.137226
0,-16.474178,14.136405,-16.466077,14.137024,-16.468570,14.137226
0,-16.477856,14.135054,-16.497515,14.091579,-16.466077,14.137024
0,-16.495645,14.125706,-16.487820,14.131702,-16.490849,14.130255
0,-16.497213,14.123282,-16.485742,14.132646,-16.487820,14.131702
0,-16.490849,14.130255,-16.494121,14.127803,-16.495645,14.125706
0,-16.490849,14.130255,-16.492602,14.129259,-16.494121,14.127803
0,-16.500087,14.094040,-16.499273,14.093355,-16.502658,14.114743
0,-16.499876,14.119192,-16.497515,14.091579,-16.498597,14.121140
0,-16.484758,14.016187,-16.497582,14.089102,-16.498011,14.041226
0,-16.431272,14.169131,-16.421936,14.165100,-16.422732,14.166388
0,-16.441956,14.165103,-16.443999,14.163011,-16.446342,14.158478
0,-16.446342,14.158478,-16.443999,14.163011,-16.445379,14.161367
0,-16.446823,14.152472,-16.419319,14.158463,-16.419919,14.159616
0,-16.419919,14.159616,-16.439632,14.166735,-16.441956,14.165103
0,-16.420467,14.161276,-16.432705,14.169039,-16.437027,14.167952
0,-16.437027,14.167952,-16.433359,14.169013,-16.434097,14.168982
0,-16.437027,14.167952,-16.432705,14.169039,-16.433359,14.169013
0,-16.431272,14.169131,-16.421342,14.163441,-16.421936,14.165100
0,-16.432666,14.169073,-16.432705,14.169039,-16.431272,14.169131
0,-16.425667,14.169218,-16.426513,14.169548,-16.428541,14.169518
0,-16.432705,14.169039,-16.420467,14.161276,-16.431272,14.169131
0,-16.425667,14.169218,-16.423897,14.167638,-16.424543,14.168701
0,-16.330900,14.161956,-16.339324,14.160538,-16.342627,14.159040
0,-16.338414,14.160849,-16.338956,14.160693,-16.339324,14.160538
0,-16.421342,14.163441,-16.431272,14.169131,-16.420467,14.161276
0,-16.330900,14.161956,-16.338414,14.160849,-16.339324,14.160538
0,-16.330900,14.161956,-16.333425,14.161862,-16.338414,14.160849
0,-16.333425,14.161862,-16.336519,14.161377,-16.336687,14.161337
0,-16.332130,14.161946,-16.333425,14.161862,-16.330900,14.161956
0,-16.338414,14.160849,-16.337059,14.161246,-16.338177,14.160944
0,-16.338414,14.160849,-16.336687,14.161337,-16.337059,14.161246
0,-16.342627,14.159040,-16.341136,14.159820,-16.341964,14.159422
0,-16.339324,14.160538,-16.339599,14.160462,-16.340106,14.160265
0,-16.420467,14.161276,-16.437027,14.167952,-16.419919,14.159616
0,-16.339324,14.160538,-16.341136,14.159820,-16.342627,14.159040
0,-16.364461,14.157427,-16.366615,14.157585,-16.381652,14.152080
0,-16.419919,14.159616,-16.441956,14.165103,-16.446823,14.152472
0,-16.371007,14.157537,-16.381652,14.152080,-16.366615,14.157585
0,-16.345088,14.157510,-16.343552,14.158506,-16.344082,14.158201
0,-16.271370,14.019664,-16.353281,14.156119,-16.387667,14.146407
0,-16.330900,14.161956,-16.342627,14.159040,-16.343552,14.158506
0,-16.286233,14.146967,-16.286842,14.147308,-16.262440,14.034624
0,-16.287188,14.147532,-16.287804,14.147941,-16.345088,14.157510
0,-16.347768,14.156783,-16.350335,14.156334,-16.264491,14.031892
0,-16.264491,14.031892,-16.350335,14.156334,-16.350507,14.156304
0,-16.387667,14.146407,-16.357345,14.156210,-16.386407,14.147608
0,-16.387667,14.146407,-16.355396,14.156083,-16.357345,14.156210
0,-16.357345,14.156210,-16.359743,14.156533,-16.386407,14.147608
0,-16.364461,14.157427,-16.383857,14.149930,-16.359743,14.156533
0,-16.359743,14.156533,-16.383857,14.149930,-16.386407,14.147608
0,-16.419319,14.158463,-16.446779,14.147048,-16.418292,14.157077
0,-16.418292,14.157077,-16.446746,14.144752,-16.416947,14.155367
0,-16.415207,14.154157,-16.446584,14.142502,-16.413736,14.152941
0,-16.355395,14.156087,-16.355396,14.156083,-16.354869,14.156074
0,-16.413736,14.152941,-16.446584,14.142502,-16.413578,14.152811
0,-16.411512,14.151503,-16.413578,14.152811,-16.410749,14.150767
0,-16.419319,14.158463,-16.446823,14.152472,-16.446779,14.147048
0,-16.446779,14.147048,-16.446746,14.144752,-16.418292,14.157077
0,-16.410749,14.150767,-16.448353,14.139536,-16.408840,14.150355
0,-16.408840,14.150355,-16.448353,14.139536,-16.449487,14.138490
0,-16.410749,14.150767,-16.447344,14.141133,-16.448353,14.139536
0,-16.447502,14.149992,-16.446779,14.147048,-16.446823,14.152472
0,-16.410749,14.150767,-16.446584,14.142502,-16.447344,14.141133
0,-16.416947,14.155367,-16.446746,14.144752,-16.446584,14.142502
0,-16.395027,14.147549,-16.397093,14.147745,-16.393004,14.146973
0,-16.397093,14.147745,-16.449487,14.138490,-16.393004,14.146973
0,-16.393004,14.146973,-16.449487,14.138490,-16.389386,14.146207
0,-16.353281,14.156119,-16.354206,14.156057,-16.387667,14.146407
0,-16.364461,14.157427,-16.381652,14.152080,-16.383857,14.149930
0,-16.376333,14.156500,-16.378259,14.155849,-16.381652,14.152080
0,-16.353281,14.156119,-16.271370,14.019664,-16.350738,14.156289
0,-16.483923,14.014483,-16.275965,14.008184,-16.275126,14.012400
0,-16.273423,14.016453,-16.271370,14.019664,-16.387667,14.146407
0,-16.291081,14.151204,-16.312777,14.160835,-16.290813,14.150915
0,-16.320474,14.161480,-16.345088,14.157510,-16.288686,14.148644
0,-16.291081,14.151204,-16.291134,14.151260,-16.312777,14.160835
0,-16.290813,14.150915,-16.290304,14.150358,-16.290542,14.150623
0,-16.289958,14.149967,-16.290304,14.150358,-16.312777,14.160835
0,-16.289704,14.149681,-16.312777,14.160835,-16.288905,14.148837
0,-16.287188,14.147532,-16.345088,14.157510,-16.347768,14.156783
0,-16.285942,14.146828,-16.285949,14.146832,-16.286233,14.146967
0,-16.262440,14.034624,-16.285942,14.146828,-16.286233,14.146967
0,-16.285355,14.146549,-16.285942,14.146828,-16.262440,14.034624
0,-16.288342,14.148354,-16.345088,14.157510,-16.287804,14.147941
0,-16.286842,14.147308,-16.287188,14.147532,-16.347768,14.156783
0,-16.288905,14.148837,-16.318145,14.161316,-16.319135,14.161386
0,-16.288686,14.148644,-16.345088,14.157510,-16.288342,14.148354
0,-16.308710,14.160690,-16.308992,14.160699,-16.307997,14.160640
0,-16.292110,14.152279,-16.292462,14.152633,-16.292628,14.152795
0,-16.312777,14.160835,-16.291134,14.151260,-16.291363,14.151507
0,-16.307997,14.160640,-16.295814,14.155694,-16.306552,14.160474
0,-16.309364,14.160721,-16.293923,14.154032,-16.294133,14.154228
0,-16.295814,14.155694,-16.296167,14.155994,-16.306199,14.160426
0,-16.309364,14.160721,-16.294556,14.154612,-16.308992,14.160699
0,-16.295814,14.155694,-16.307997,14.160640,-16.308992,14.160699
0,-16.295775,14.155662,-16.295814,14.155694,-16.308992,14.160699
0,-16.295505,14.155442,-16.295775,14.155662,-16.308992,14.160699
0,-16.304114,14.160037,-16.296304,14.156111,-16.296847,14.156551
0,-16.304114,14.160037,-16.296167,14.155994,-16.296304,14.156111
0,-16.304114,14.160037,-16.306199,14.160426,-16.296167,14.155994
0,-16.304114,14.160037,-16.296847,14.156551,-16.303139,14.159791
0,-16.303139,14.159791,-16.296847,14.156551,-16.297326,14.156929
0,-16.288686,14.148644,-16.288905,14.148837,-16.319135,14.161386
0,-16.289704,14.149681,-16.289809,14.149797,-16.312777,14.160835
0,-16.288905,14.148837,-16.316649,14.161193,-16.318145,14.161316
0,-16.289809,14.149797,-16.289958,14.149967,-16.312777,14.160835
0,-16.288905,14.148837,-16.313980,14.160955,-16.316649,14.161193
0,-16.290304,14.150358,-16.290813,14.150915,-16.312777,14.160835
0,-16.329052,14.161884,-16.330900,14.161956,-16.345088,14.157510
0,-16.288686,14.148644,-16.319135,14.161386,-16.320474,14.161480
0,-16.322720,14.161611,-16.325350,14.161747,-16.345088,14.157510
0,-16.332130,14.161946,-16.333314,14.161873,-16.333425,14.161862
0,-16.328684,14.161869,-16.329052,14.161884,-16.345088,14.157510
0,-16.332130,14.161946,-16.333105,14.161892,-16.333314,14.161873
0,-16.327792,14.161831,-16.328684,14.161869,-16.345088,14.157510
0,-16.325350,14.161747,-16.326810,14.161804,-16.345088,14.157510
0,-16.345088,14.157510,-16.326810,14.161804,-16.327792,14.161831
0,-16.325350,14.161747,-16.326045,14.161783,-16.326810,14.161804
0,-16.292628,14.152795,-16.292882,14.153043,-16.312777,14.160835
0,-16.307997,14.160640,-16.306552,14.160474,-16.307161,14.160557
0,-16.292628,14.152795,-16.312777,14.160835,-16.292110,14.152279
0,-16.292882,14.153043,-16.309364,14.160721,-16.312777,14.160835
0,-16.295814,14.155694,-16.306199,14.160426,-16.306552,14.160474
0,-16.304114,14.160037,-16.305941,14.160390,-16.306199,14.160426
0,-16.303139,14.159791,-16.303256,14.159827,-16.304114,14.160037
0,-16.297326,14.156929,-16.301323,14.159238,-16.303139,14.159791
0,-16.301323,14.159238,-16.298024,14.157468,-16.300956,14.159110
0,-16.300956,14.159110,-16.298521,14.157841,-16.300403,14.158912
0,-16.300956,14.159110,-16.301147,14.159184,-16.301323,14.159238
0,-16.297326,14.156929,-16.298024,14.157468,-16.301323,14.159238
0,-16.300403,14.158912,-16.298976,14.158165,-16.299985,14.158748
0,-16.299985,14.158748,-16.298976,14.158165,-16.299487,14.158540
0,-16.300403,14.158912,-16.298521,14.157841,-16.298976,14.158165
0,-16.278646,14.145551,-16.278983,14.145518,-16.278240,14.144967
0,-16.300956,14.159110,-16.298024,14.157468,-16.298521,14.157841
0,-16.277447,14.143940,-16.278240,14.144967,-16.280388,14.145478
0,-16.280739,14.145481,-16.277447,14.143940,-16.280684,14.145475
0,-16.278240,14.144967,-16.279288,14.145488,-16.279398,14.145487
0,-16.278240,14.144967,-16.278983,14.145518,-16.279288,14.145488
0,-16.282647,14.145707,-16.277447,14.143940,-16.281931,14.145593
0,-16.280684,14.145475,-16.277447,14.143940,-16.280388,14.145478
0,-16.277447,14.143940,-16.270633,14.141436,-16.272704,14.142384
0,-16.284352,14.146156,-16.283598,14.145856,-16.284141,14.146076
0,-16.262440,14.034624,-16.284352,14.146156,-16.285182,14.146475
0,-16.285182,14.146475,-16.284352,14.146156,-16.284421,14.146183
0,-16.262440,14.034624,-16.283598,14.145856,-16.284352,14.146156
0,-16.284141,14.146076,-16.283598,14.145856,-16.283837,14.145997
0,-16.283598,14.145856,-16.261011,14.035897,-16.258211,14.038587
0,-16.283598,14.145856,-16.283216,14.145831,-16.283257,14.145842
0,-16.283598,14.145856,-16.282647,14.145707,-16.283216,14.145831
0,-16.283598,14.145856,-16.277447,14.143940,-16.282647,14.145707
0,-16.280388,14.145478,-16.278240,14.144967,-16.279398,14.145487
0,-16.275286,14.143554,-16.277447,14.143940,-16.274060,14.142991
0,-16.258211,14.038587,-16.260838,14.036045,-16.259260,14.037397
0,-16.278373,14.145578,-16.278646,14.145551,-16.278240,14.144967
0,-16.277447,14.143940,-16.272704,14.142384,-16.274060,14.142991
0,-16.270633,14.141436,-16.277447,14.143940,-16.269035,14.140685
0,-16.266493,14.140202,-16.269035,14.140685,-16.264431,14.139082
0,-16.260448,14.135777,-16.257266,14.133172,-16.258804,14.134936
0,-16.269035,14.140685,-16.251277,14.127363,-16.257266,14.133172
0,-16.269035,14.140685,-16.261994,14.137305,-16.264431,14.139082
0,-16.277447,14.143940,-16.283598,14.145856,-16.256645,14.040042
0,-16.253995,14.041529,-16.252009,14.042298,-16.246834,14.045968
0,-16.244592,14.121869,-16.247041,14.123868,-16.248568,14.124900
0,-16.244592,14.121869,-16.246365,14.123411,-16.247041,14.123868
0,-16.245094,14.122485,-16.245669,14.123123,-16.246365,14.123411
0,-16.229415,14.098040,-16.229259,14.094723,-16.229248,14.096197
0,-16.228276,14.077144,-16.228439,14.079955,-16.246834,14.045968
0,-16.228328,14.081745,-16.228791,14.083408,-16.228439,14.079955
0,-16.201551,13.949575,-16.202848,13.953428,-16.204171,13.955167
0,-16.228506,14.089014,-16.228791,14.083408,-16.228297,14.086258
0,-16.239103,14.118368,-16.239424,14.118568,-16.230663,14.105405
0,-16.241440,14.119663,-16.229259,14.094723,-16.230369,14.103062
0,-16.230369,14.103062,-16.229415,14.098040,-16.229532,14.100797
0,-16.230369,14.103062,-16.229259,14.094723,-16.229415,14.098040
0,-16.230663,14.105405,-16.231535,14.109736,-16.235960,14.116087
0,-16.231535,14.109736,-16.230663,14.105405,-16.230940,14.107615
0,-16.239424,14.118568,-16.240832,14.119444,-16.241440,14.119663
0,-16.245669,14.123123,-16.245094,14.122485,-16.245584,14.123088
0,-16.230663,14.105405,-16.237272,14.117156,-16.239103,14.118368
0,-16.237272,14.117156,-16.230663,14.105405,-16.235960,14.116087
0,-16.235960,14.116087,-16.231535,14.109736,-16.232589,14.112787
0,-16.235960,14.116087,-16.232589,14.112787,-16.233804,14.114869
0,-16.241959,14.048634,-16.246834,14.045968,-16.244522,14.046923
0,-16.227643,13.996427,-16.230186,13.997639,-16.230718,13.997706
0,-16.233797,14.053269,-16.237748,14.050753,-16.236369,14.051158
0,-16.228439,14.079955,-16.228791,14.083408,-16.246834,14.045968
0,-16.234524,14.052288,-16.233797,14.053269,-16.236369,14.051158
0,-16.230299,14.059020,-16.228826,14.062253,-16.227897,14.068304
0,-16.243997,14.047140,-16.241959,14.048634,-16.244522,14.046923
0,-16.253995,14.041529,-16.229281,14.091966,-16.248568,14.124900
0,-16.241959,14.048634,-16.237748,14.050753,-16.230299,14.059020
0,-16.239361,14.049434,-16.237748,14.050753,-16.241959,14.048634
0,-16.246834,14.045968,-16.241959,14.048634,-16.228276,14.077144
0,-16.231518,14.056345,-16.237748,14.050753,-16.233797,14.053269
0,-16.230299,14.059020,-16.237748,14.050753,-16.231518,14.056345
0,-16.228826,14.062253,-16.230299,14.059020,-16.229271,14.060415
0,-16.227897,14.068304,-16.241959,14.048634,-16.230299,14.059020
0,-16.228276,14.077144,-16.241959,14.048634,-16.228073,14.072412
0,-16.228073,14.072412,-16.241959,14.048634,-16.227897,14.068304
0,-16.227897,14.068304,-16.228826,14.062253,-16.227726,14.064310
0,-16.200469,13.940801,-16.200489,13.941593,-16.200823,13.944886
0,-16.263781,13.883810,-16.261926,13.883401,-16.208267,13.961402
0,-16.199576,13.931150,-16.199918,13.934593,-16.261926,13.883401
0,-16.198454,13.923480,-16.199576,13.931150,-16.259998,13.882785
0,-16.201174,13.894304,-16.196425,13.905047,-16.196543,13.906807
0,-16.201174,13.894304,-16.196213,13.903019,-16.196425,13.905047
0,-16.201174,13.894304,-16.195977,13.900221,-16.196213,13.903019
0,-16.201099,13.890623,-16.201720,13.892621,-16.201856,13.888147
0,-16.197501,13.912817,-16.196647,13.908353,-16.196675,13.908771
0,-16.197501,13.912817,-16.225872,13.878863,-16.201174,13.894304
0,-16.199576,13.931150,-16.198454,13.923480,-16.198896,13.928351
0,-16.230227,13.877990,-16.197657,13.916125,-16.198454,13.923480
0,-16.201551,13.949575,-16.204171,13.955167,-16.200823,13.944886
0,-16.205506,13.957275,-16.208267,13.961402,-16.200469,13.940801
0,-16.201551,13.949575,-16.201134,13.951321,-16.202848,13.953428
0,-16.200744,13.947555,-16.201551,13.949575,-16.200823,13.944886
0,-16.208027,13.961094,-16.208267,13.961402,-16.205506,13.957275
0,-16.200823,13.944886,-16.205506,13.957275,-16.200469,13.940801
0,-16.207270,13.960123,-16.208027,13.961094,-16.206985,13.959663
0,-16.251551,13.995807,-16.253788,13.996293,-16.263983,13.994096
0,-16.222465,13.978130,-16.263781,13.883810,-16.208267,13.961402
0,-16.207842,13.963355,-16.207806,13.963520,-16.207713,13.964513
0,-16.214555,13.976620,-16.207757,13.972929,-16.207896,13.974614
0,-16.207896,13.974614,-16.207592,13.976858,-16.208860,13.976815
0,-16.219451,13.993811,-16.222001,13.985407,-16.219194,13.993729
0,-16.253995,14.041529,-16.228791,14.083408,-16.229281,14.091966
0,-16.251277,14.127363,-16.277447,14.143940,-16.256645,14.040042
0,-16.228791,14.083408,-16.253995,14.041529,-16.246834,14.045968
0,-16.258211,14.038587,-16.261011,14.035897,-16.260838,14.036045
0,-16.283598,14.145856,-16.262440,14.034624,-16.261011,14.035897
0,-16.256645,14.040042,-16.283598,14.145856,-16.258211,14.038587
0,-16.250066,14.126023,-16.256645,14.040042,-16.255352,14.040767
0,-16.250066,14.126023,-16.251277,14.127363,-16.256645,14.040042
0,-16.264700,14.029271,-16.264491,14.031892,-16.267936,14.022715
0,-16.263309,14.033435,-16.286842,14.147308,-16.264491,14.031892
0,-16.262440,14.034624,-16.286842,14.147308,-16.263309,14.033435
0,-16.264884,14.028360,-16.264700,14.029271,-16.267936,14.022715
0,-16.265531,14.024749,-16.264897,14.027091,-16.267936,14.022715
0,-16.264655,14.026717,-16.264897,14.027091,-16.265531,14.024749
0,-16.264897,14.027091,-16.264884,14.028360,-16.267936,14.022715
0,-16.265531,14.024749,-16.264642,14.026697,-16.264655,14.026717
0,-16.271370,14.019664,-16.264491,14.031892,-16.350507,14.156304
0,-16.267936,14.022715,-16.264491,14.031892,-16.271370,14.019664
0,-16.483923,14.014483,-16.483749,14.013373,-16.275965,14.008184
0,-16.387667,14.146407,-16.275126,14.012400,-16.273423,14.016453
0,-16.387667,14.146407,-16.389386,14.146207,-16.275126,14.012400
0,-16.269866,13.997097,-16.274545,14.000948,-16.291238,13.884004
0,-16.289403,13.884648,-16.269866,13.997097,-16.291238,13.884004
0,-16.263983,13.994096,-16.253788,13.996293,-16.262248,13.996273
0,-16.245542,13.997729,-16.251551,13.995807,-16.222465,13.978130
0,-16.232776,13.997963,-16.235153,13.998495,-16.222695,13.983535
0,-16.227643,13.996427,-16.232776,13.997963,-16.222695,13.983535
0,-16.222465,13.978130,-16.241058,13.998089,-16.245542,13.997729
0,-16.222695,13.983535,-16.235153,13.998495,-16.241058,13.998089
0,-16.227643,13.996427,-16.230718,13.997706,-16.232776,13.997963
0,-16.219451,13.993811,-16.227643,13.996427,-16.222001,13.985407
0,-16.263983,13.994096,-16.222465,13.978130,-16.251551,13.995807
0,-16.263983,13.994096,-16.263781,13.883810,-16.222465,13.978130
0,-16.282131,13.886374,-16.263781,13.883810,-16.263983,13.994096
0,-16.282131,13.886374,-16.265642,13.883166,-16.263781,13.883810
0,-16.282131,13.886374,-16.282104,13.885850,-16.270327,13.880627
0,-16.282131,13.886374,-16.270327,13.880627,-16.268688,13.882113
0,-16.282131,13.886374,-16.268688,13.882113,-16.267899,13.882386
0,-16.282131,13.886374,-16.266828,13.882756,-16.265642,13.883166
0,-16.282131,13.886374,-16.267899,13.882386,-16.266828,13.882756
0,-16.286378,13.885087,-16.283030,13.885949,-16.282131,13.886374
0,-16.281802,13.879851,-16.273950,13.877181,-16.272126,13.878997
0,-16.282131,13.886374,-16.269866,13.997097,-16.289403,13.884648
0,-16.291848,13.876934,-16.291851,13.877556,-16.296603,13.878102
0,-16.304193,13.878378,-16.296603,13.878102,-16.291238,13.884004
0,-16.281628,13.876396,-16.281602,13.876358,-16.281802,13.879851
0,-16.281602,13.876358,-16.277202,13.874239,-16.275543,13.875538
0,-16.281802,13.879851,-16.272126,13.878997,-16.282104,13.885850
0,-16.330217,13.879250,-16.321255,13.878241,-16.291238,13.884004
0,-16.296603,13.878102,-16.291443,13.881996,-16.291238,13.884004
0,-16.296603,13.878102,-16.291750,13.878719,-16.291443,13.881996
0,-16.321255,13.878241,-16.304193,13.878378,-16.291238,13.884004
0,-16.291851,13.877556,-16.291750,13.878719,-16.296603,13.878102
0,-16.281624,13.876005,-16.281417,13.872222,-16.281107,13.872790
0,-16.281624,13.876005,-16.280805,13.872890,-16.280248,13.873074
0,-16.281624,13.876005,-16.281107,13.872790,-16.280805,13.872890
0,-16.281802,13.879851,-16.281602,13.876358,-16.275543,13.875538
0,-16.281602,13.876358,-16.278315,13.873753,-16.277202,13.874239
0,-16.278315,13.873753,-16.277338,13.874132,-16.277202,13.874239
0,-16.236433,13.874105,-16.237645,13.873431,-16.236464,13.874076
0,-16.235649,13.874921,-16.241707,13.873619,-16.239069,13.873215
0,-16.242922,13.874170,-16.241707,13.873619,-16.235649,13.874921
0,-16.247069,13.876795,-16.245710,13.875896,-16.234286,13.876225
0,-16.244708,13.875066,-16.242922,13.874170,-16.245710,13.875896
0,-16.231388,13.877740,-16.251284,13.878861,-16.248928,13.878038
0,-16.200469,13.940801,-16.261926,13.883401,-16.199918,13.934593
0,-16.263781,13.883810,-16.262496,13.883398,-16.261926,13.883401
0,-16.257210,13.881128,-16.254639,13.880028,-16.258998,13.882233
0,-16.231388,13.877740,-16.248928,13.878038,-16.233168,13.876920
0,-16.229314,13.878075,-16.227738,13.878327,-16.225872,13.878863
0,-16.231388,13.877740,-16.233168,13.876920,-16.232299,13.877290
0,-16.248928,13.878038,-16.247069,13.876795,-16.233168,13.876920
0,-16.230227,13.877990,-16.251284,13.878861,-16.231388,13.877740
0,-16.215834,13.880414,-16.214632,13.880704,-16.201720,13.892621
0,-16.201720,13.892621,-16.202527,13.887113,-16.201856,13.888147
0,-16.209120,13.881377,-16.204630,13.883868,-16.210195,13.881618
0,-16.201174,13.894304,-16.195946,13.899849,-16.195977,13.900221
0,-16.195946,13.899849,-16.201174,13.894304,-16.195770,13.897761
0,-16.214632,13.880704,-16.210195,13.881618,-16.201720,13.892621
0,-16.196647,13.908353,-16.201174,13.894304,-16.196565,13.907125
0,-16.196647,13.908353,-16.197501,13.912817,-16.201174,13.894304
0,-16.219815,13.879421,-16.218819,13.879628,-16.220935,13.879293
0,-16.216912,13.880084,-16.215834,13.880414,-16.201174,13.894304
0,-16.216912,13.880084,-16.201174,13.894304,-16.218819,13.879628
0,-16.225872,13.878863,-16.197657,13.916125,-16.230227,13.877990
0,-16.197501,13.912817,-16.197657,13.916125,-16.225872,13.878863
0,-16.201174,13.894304,-16.223922,13.879035,-16.220935,13.879293
0,-16.201174,13.894304,-16.225872,13.878863,-16.223922,13.879035
