75,2,25,12,29,
0,-14.850217,12.914994,-14.853073,12.916262,-14.854278,12.915541
0,-14.603354,12.992086,-14.606754,12.995684,-14.613185,12.994707
0,-14.353430,13.046137,-14.295989,13.043985,-14.352445,13.046435
0,-14.535513,13.047348,-14.558432,13.037035,-14.566527,13.027979
0,-14.861895,12.895014,-14.854907,12.829013,-14.806337,12.873605
0,-14.777225,12.811140,-14.775865,12.810853,-14.771222,12.820991
0,-14.821774,12.899684,-14.827887,12.903225,-14.820941,12.897658
0,-14.860708,12.909831,-14.861293,12.908906,-14.861120,12.908620
0,-14.805650,12.871358,-14.827841,12.820055,-14.801970,12.867156
0,-14.657666,12.976719,-14.646051,12.986526,-14.657006,12.977753
0,-14.757609,12.811736,-14.754988,12.812375,-14.757609,12.811736
0,-14.477622,13.028439,-14.407483,13.020238,-14.461563,13.034863
0,-14.169960,12.880113,-14.220667,12.842273,-14.216140,12.839269
0,-14.466283,12.681268,-14.454453,12.681066,-14.407483,13.020238
0,-14.231972,12.828472,-14.230553,12.829152,-14.233524,12.828442
0,-14.811466,12.817568,-14.810100,12.817325,-14.801970,12.867156
0,-14.613146,12.748446,-14.539490,12.680660,-14.521188,12.680814
0,-14.803253,12.816106,-14.801970,12.867156,-14.804624,12.816351
0,-14.659988,12.755669,-14.691517,12.767533,-14.673631,12.757229
0,-14.691517,12.767533,-14.679094,12.758756,-14.673631,12.757229
0,-14.825092,12.819795,-14.823723,12.819638,-14.801970,12.867156
0,-14.819634,12.819031,-14.818277,12.818786,-14.801970,12.867156
0,-14.808732,12.817082,-14.807364,12.816839,-14.801970,12.867156
0,-14.774506,12.810561,-14.773149,12.810266,-14.771222,12.820991
0,-14.884146,12.870754,-14.884302,12.845154,-14.878696,12.840366
0,-14.805650,12.871358,-14.831979,12.820333,-14.830598,12.820252
0,-14.843058,12.820798,-14.853514,12.827754,-14.844442,12.820862
0,-14.810100,12.817325,-14.808732,12.817082,-14.801970,12.867156
0,-14.814195,12.818054,-14.812831,12.817811,-14.801970,12.867156
0,-14.833362,12.820404,-14.805650,12.871358,-14.834746,12.820468
0,-14.815557,12.818298,-14.814195,12.818054,-14.801970,12.867156
0,-14.843058,12.820798,-14.841673,12.820739,-14.853514,12.827754
0,-14.860708,12.909831,-14.859930,12.906643,-14.856889,12.905462
0,-14.820941,12.897658,-14.830585,12.903286,-14.861017,12.895681
0,-14.775388,12.881122,-14.776521,12.880133,-14.776964,12.879016
0,-14.850217,12.914994,-14.854278,12.915541,-14.856889,12.905462
0,-14.834032,12.911277,-14.835523,12.910687,-14.833322,12.909217
0,-14.833295,12.908157,-14.835523,12.910687,-14.831855,12.905146
0,-14.634809,12.990249,-14.624669,12.990854,-14.627770,12.992765
0,-14.638786,12.989864,-14.639186,12.989884,-14.642819,12.988954
0,-14.726219,12.913866,-14.735218,12.909139,-14.736117,12.906600
0,-14.665665,12.950681,-14.667565,12.945628,-14.667501,12.944258
0,-14.570201,13.021538,-14.579902,13.011018,-14.581687,13.007612
0,-14.432685,13.042132,-14.424998,13.042685,-14.432432,13.042233
0,-14.430086,13.043176,-14.430210,13.043126,-14.426722,13.043317
0,-14.450391,13.038740,-14.407483,13.020238,-14.445289,13.039765
0,-14.416016,13.036320,-14.433711,13.041719,-14.414055,13.032348
0,-14.415415,13.035420,-14.415461,13.035489,-14.414055,13.032348
0,-14.322884,13.053897,-14.334357,13.050990,-14.310504,13.050390
0,-14.131645,13.009069,-14.154741,13.024097,-14.156817,13.023506
0,-14.229036,12.830179,-14.224930,12.835613,-14.225010,12.836770
0,-14.140010,12.947505,-14.171166,12.935458,-14.140152,12.947300
0,-14.144432,12.937600,-14.148593,12.932903,-14.145750,12.933668
0,-14.287645,13.042294,-14.292745,13.042915,-14.223973,12.840921
0,-14.174885,12.927846,-14.224149,13.026347,-14.175610,12.924583
0,-14.144432,12.937600,-14.145750,12.933668,-14.145151,12.934130
0,-14.144647,12.816841,-14.159974,12.813212,-14.145213,12.812918
0,-14.354159,13.045916,-14.354709,13.045750,-14.295989,13.043985
0,-14.220191,12.830710,-14.223177,12.832729,-14.222073,12.830683
0,-14.173308,12.901646,-14.173541,12.902049,-14.173458,12.899984
0,-14.277537,13.042442,-14.278396,13.042586,-14.281683,13.042733
0,-14.331506,12.701220,-14.330078,12.702780,-14.336721,12.701318
0,-14.371363,12.680614,-14.337929,12.702533,-14.391172,12.680630
0,-14.288442,12.726729,-14.287159,12.727827,-14.290379,12.725871
0,-14.457903,13.035965,-14.407483,13.020238,-14.450391,13.038740
0,-14.284903,12.768765,-14.280917,12.767847,-14.286217,12.773079
0,-14.239326,12.810885,-14.238316,12.812771,-14.240649,12.810390
0,-14.237045,12.820848,-14.240649,12.810390,-14.237420,12.817015
0,-14.239326,12.810885,-14.238325,12.812030,-14.238316,12.812771
0,-14.168011,12.876885,-14.161903,12.871520,-14.166916,12.876171
0,-14.161768,12.816467,-14.159974,12.813212,-14.144443,12.818088
0,-14.143640,12.802915,-14.144027,12.805925,-14.145668,12.802472
0,-14.836131,12.820526,-14.834746,12.820468,-14.853744,12.827961
0,-14.861895,12.895014,-14.863243,12.894381,-14.854907,12.829013
0,-14.876846,12.892713,-14.879906,12.888993,-14.872671,12.893229
0,-14.854907,12.829013,-14.875285,12.833905,-14.869163,12.828768
0,-14.807903,12.880228,-14.808402,12.881673,-14.807444,12.877221
0,-14.785059,12.875499,-14.786335,12.873853,-14.783878,12.875251
0,-14.807444,12.877221,-14.812627,12.888862,-14.813242,12.889626
0,-14.788709,12.872873,-14.790489,12.872600,-14.793453,12.871124
0,-14.762569,12.821100,-14.776964,12.879016,-14.779890,12.877253
0,-14.821774,12.899684,-14.822310,12.900987,-14.824067,12.902243
0,-14.763276,12.884602,-14.768905,12.882877,-14.770034,12.882134
0,-14.799487,12.867539,-14.797764,12.815118,-14.796391,12.814868
0,-14.790901,12.813850,-14.789530,12.813591,-14.771222,12.820991
0,-14.785419,12.812798,-14.784050,12.812529,-14.771222,12.820991
0,-14.594224,12.680553,-14.575980,12.680590,-14.620282,12.732593
0,-14.627807,12.750072,-14.689586,12.925599,-14.640883,12.751856
0,-14.557735,12.680625,-14.613147,12.748444,-14.575980,12.680590
0,-14.405265,12.680642,-14.337929,12.702533,-14.302073,12.755215
0,-14.430794,12.680662,-14.302073,12.755215,-14.442624,12.680864
0,-14.696541,12.919594,-14.699165,12.922326,-14.703051,12.922163
0,-14.640883,12.751856,-14.689586,12.925599,-14.643081,12.752308
0,-14.672407,12.941144,-14.669750,12.943929,-14.671971,12.942652
0,-14.635333,12.750713,-14.631334,12.750372,-14.640883,12.751856
0,-14.773149,12.810266,-14.771794,12.809968,-14.771222,12.820991
0,-14.742541,12.816005,-14.760719,12.885770,-14.762569,12.821100
0,-14.762569,12.821100,-14.752586,12.813230,-14.748655,12.814940
0,-14.659988,12.755669,-14.703883,12.782233,-14.691517,12.767533
0,-14.815912,12.896026,-14.813800,12.893144,-14.813785,12.893408
0,-14.812627,12.888862,-14.810772,12.887511,-14.811537,12.888520
0,-14.815912,12.896026,-14.813813,12.893023,-14.813800,12.893144
0,-14.782260,12.876397,-14.783878,12.875251,-14.780991,12.876474
0,-14.753261,12.897897,-14.755617,12.895709,-14.756128,12.893382
0,-14.729460,12.917356,-14.732066,12.915418,-14.726219,12.913866
0,-14.739829,12.903572,-14.743151,12.902491,-14.756192,12.892845
0,-14.702874,12.922330,-14.703051,12.922163,-14.699165,12.922326
0,-14.723128,12.913560,-14.713853,12.916582,-14.717561,12.917192
0,-14.662396,12.972472,-14.663630,12.970174,-14.661036,12.973495
0,-14.710300,12.915365,-14.735775,12.814927,-14.731632,12.810210
0,-14.706185,12.919224,-14.696541,12.919594,-14.703051,12.922163
0,-14.813242,12.889626,-14.814084,12.890673,-14.807444,12.877221
0,-14.814009,12.891321,-14.814001,12.891395,-14.818311,12.895969
0,-14.739048,12.816217,-14.735775,12.814927,-14.739829,12.903572
0,-14.723128,12.913560,-14.726219,12.913866,-14.736117,12.906600
0,-14.859930,12.906643,-14.860708,12.909831,-14.861120,12.908620
0,-14.853073,12.916262,-14.850807,12.915994,-14.851767,12.916709
0,-14.850217,12.914994,-14.850807,12.915994,-14.853073,12.916262
0,-14.854278,12.915541,-14.857581,12.914031,-14.856889,12.905462
0,-14.880879,12.886380,-14.881425,12.884018,-14.872671,12.893229
0,-14.848619,12.915079,-14.842436,12.914304,-14.846433,12.916054
0,-14.845115,12.916086,-14.842436,12.914304,-14.843501,12.915479
0,-14.855964,12.903739,-14.855721,12.901682,-14.840821,12.913697
0,-14.825398,12.902811,-14.827887,12.903225,-14.821774,12.899684
0,-14.813785,12.893408,-14.813800,12.893144,-14.813775,12.893356
0,-14.879906,12.888993,-14.879632,12.890370,-14.879886,12.890053
0,-14.874516,12.893645,-14.876009,12.893102,-14.872671,12.893229
0,-14.879906,12.888993,-14.878607,12.891655,-14.879632,12.890370
0,-14.876009,12.893102,-14.876846,12.892713,-14.872671,12.893229
0,-14.881425,12.884018,-14.863243,12.894381,-14.872671,12.893229
0,-14.807016,12.875823,-14.807444,12.877221,-14.861895,12.895014
0,-14.831111,12.903642,-14.855721,12.901682,-14.830585,12.903286
0,-14.856889,12.905462,-14.858767,12.912571,-14.860708,12.909831
0,-14.640883,12.751856,-14.631334,12.750372,-14.627807,12.750072
0,-14.680761,12.933067,-14.621531,12.749537,-14.619690,12.749380
0,-14.662396,12.972472,-14.663001,12.971920,-14.663630,12.970174
0,-14.653519,12.984229,-14.652119,12.986662,-14.652908,12.986228
0,-14.624669,12.990854,-14.663946,12.952886,-14.663964,12.952643
0,-14.647598,12.986579,-14.653519,12.984229,-14.647413,12.986449
0,-14.651085,12.987079,-14.653519,12.984229,-14.647598,12.986579
0,-14.638047,12.989827,-14.638361,12.989843,-14.646051,12.986526
0,-14.654983,12.981300,-14.647413,12.986449,-14.654456,12.982354
0,-14.654456,12.982354,-14.647413,12.986449,-14.653667,12.983932
0,-14.651085,12.987079,-14.647598,12.986579,-14.648122,12.986945
0,-14.648669,12.987328,-14.650356,12.987373,-14.648122,12.986945
0,-14.639754,12.989913,-14.642058,12.989350,-14.639581,12.989904
0,-14.642819,12.988954,-14.646051,12.986526,-14.638361,12.989843
0,-14.636490,12.989748,-14.624669,12.990854,-14.634809,12.990249
0,-14.629631,12.993967,-14.634809,12.990249,-14.627770,12.992765
0,-14.646642,12.986493,-14.647413,12.986449,-14.654983,12.981300
0,-14.629631,12.993967,-14.634725,12.992164,-14.634809,12.990249
0,-14.639186,12.989884,-14.639581,12.989904,-14.642058,12.989350
0,-14.634687,12.993020,-14.634725,12.992164,-14.629631,12.993967
0,-14.491309,13.036541,-14.532644,13.047795,-14.570201,13.021538
0,-14.442624,12.680864,-14.407483,13.020238,-14.454453,12.681066
0,-14.570201,13.021538,-14.566527,13.027979,-14.568792,13.025821
0,-14.566527,13.027979,-14.559937,13.035940,-14.561581,13.034743
0,-14.561581,13.034743,-14.565915,13.029868,-14.566527,13.027979
0,-14.480819,13.029716,-14.585682,13.000105,-14.479067,13.029016
0,-14.622422,12.991274,-14.623170,12.991134,-14.663987,12.952334
0,-14.581687,13.007612,-14.584781,13.003827,-14.584869,13.003464
0,-14.619363,12.993099,-14.620529,12.992403,-14.615945,12.993685
0,-14.535606,13.047359,-14.548780,13.045075,-14.552593,13.042232
0,-14.558432,13.037035,-14.559937,13.035940,-14.566527,13.027979
0,-14.547352,13.046030,-14.548780,13.045075,-14.535606,13.047359
0,-14.545685,13.047146,-14.541064,13.048009,-14.542944,13.048980
0,-14.545685,13.047146,-14.547352,13.046030,-14.541064,13.048009
0,-14.532644,13.047795,-14.494448,13.039619,-14.495011,13.040172
0,-14.499630,13.045583,-14.501085,13.046380,-14.497370,13.043435
0,-14.370370,13.043514,-14.373046,13.043034,-14.374022,13.042417
0,-14.507954,13.051369,-14.515853,13.052927,-14.505312,13.049482
0,-14.501085,13.046380,-14.520930,13.051770,-14.524502,13.050955
0,-14.496253,13.041732,-14.501085,13.046380,-14.495977,13.041312
0,-14.524502,13.050955,-14.495621,13.040770,-14.501085,13.046380
0,-14.495977,13.041312,-14.501085,13.046380,-14.495621,13.040770
0,-14.434788,13.041286,-14.412939,13.029825,-14.413361,13.030779
0,-14.424998,13.042685,-14.430535,13.042996,-14.431301,13.042688
0,-14.407520,13.020315,-14.407990,13.021283,-14.442792,13.040064
0,-14.433033,13.041992,-14.433711,13.041719,-14.416016,13.036320
0,-14.416510,13.037059,-14.433033,13.041992,-14.416016,13.036320
0,-14.495011,13.040172,-14.495621,13.040770,-14.532644,13.047795
0,-14.469399,13.032598,-14.473742,13.030718,-14.474735,13.030135
0,-14.471563,13.031972,-14.471650,13.031947,-14.472051,13.031711
0,-14.613146,12.748446,-14.484585,12.681117,-14.466283,12.681268
0,-14.414055,13.032348,-14.434788,13.041286,-14.413361,13.030779
0,-14.442792,13.040064,-14.408409,13.022148,-14.440979,13.040282
0,-14.412614,13.029091,-14.439826,13.040420,-14.409142,13.023660
0,-14.292745,13.042915,-14.355340,13.045559,-14.404706,13.020738
0,-14.394408,13.031651,-14.399320,13.026800,-14.382865,13.037829
0,-14.363968,13.044016,-14.368764,13.043801,-14.376753,13.040690
0,-14.402144,13.023379,-14.402398,13.023072,-14.379641,13.038863
0,-14.433033,13.041992,-14.416510,13.037059,-14.424998,13.042685
0,-14.401367,13.024320,-14.401703,13.023914,-14.379641,13.038863
0,-14.173412,12.895838,-14.173047,12.893019,-14.173050,12.893608
0,-14.175978,12.921295,-14.223973,12.840921,-14.222979,12.841511
0,-14.171560,12.884500,-14.169960,12.880113,-14.170850,12.882817
0,-14.220191,12.830710,-14.222073,12.830683,-14.221514,12.830215
0,-14.152677,12.863122,-14.170190,12.820023,-14.151357,12.862469
0,-14.226032,13.027422,-14.271014,13.041014,-14.175610,12.924583
0,-14.176053,12.919331,-14.176012,12.920407,-14.176369,12.915183
0,-14.176495,12.913922,-14.222979,12.841511,-14.221372,12.842281
0,-14.171166,12.935458,-14.186414,13.019115,-14.187975,13.019472
0,-14.172921,12.934223,-14.191719,13.020325,-14.192516,13.020626
0,-14.192516,13.020626,-14.193944,13.021165,-14.172921,12.934223
0,-14.179582,13.019512,-14.184887,13.019947,-14.186014,13.019333
0,-14.178351,13.018540,-14.177773,13.017909,-14.178061,13.018311
0,-14.138029,12.949068,-14.135917,12.949021,-14.127513,12.969731
0,-14.426722,13.043317,-14.428298,13.043894,-14.430086,13.043176
0,-14.376753,13.040690,-14.368764,13.043801,-14.370370,13.043514
0,-14.402877,13.022492,-14.362199,13.044332,-14.379641,13.038863
0,-14.402877,13.022492,-14.356792,13.045299,-14.360658,13.044608
0,-14.292745,13.042915,-14.293397,13.043130,-14.355340,13.045559
0,-14.345438,13.048316,-14.295989,13.043985,-14.343729,13.048703
0,-14.376753,13.040690,-14.370370,13.043514,-14.374022,13.042417
0,-14.326436,13.054207,-14.329559,13.053567,-14.331736,13.052398
0,-14.345438,13.048316,-14.350311,13.047081,-14.351737,13.046649
0,-14.317236,13.053839,-14.313123,13.052732,-14.314293,13.053809
0,-14.242225,13.039439,-14.242451,13.039626,-14.254050,13.042236
0,-14.262349,13.041890,-14.254050,13.042236,-14.259235,13.042778
0,-14.271014,13.041014,-14.228046,13.028572,-14.267537,13.040886
0,-14.242224,13.039439,-14.236576,13.037696,-14.241215,13.039535
0,-14.172921,12.934223,-14.199089,13.023101,-14.224149,13.026347
0,-14.232000,13.031933,-14.254050,13.042236,-14.264974,13.041239
0,-14.162579,12.933888,-14.160239,12.933483,-14.142998,12.942651
0,-14.164930,12.934295,-14.162579,12.933888,-14.141782,12.944934
0,-14.135788,12.826135,-14.135457,12.831720,-14.139174,12.822194
0,-14.171166,12.935458,-14.164930,12.934295,-14.141249,12.945707
0,-14.159321,13.022437,-14.162010,13.021070,-14.131645,13.009069
0,-14.174593,13.015668,-14.134642,12.980072,-14.134928,12.985605
0,-14.116478,12.948008,-14.114738,12.960717,-14.122651,12.964781
0,-14.127513,12.969731,-14.135917,12.949021,-14.133009,12.948991
0,-14.131073,12.998002,-14.128928,13.000986,-14.129782,13.005192
0,-14.122651,12.964781,-14.133009,12.948991,-14.130733,12.947889
0,-14.122651,12.964781,-14.118928,12.946436,-14.116478,12.948008
0,-14.118928,12.946436,-14.121853,12.945399,-14.121344,12.945464
0,-14.150714,12.862153,-14.151357,12.862469,-14.163154,12.818470
0,-14.144158,12.940046,-14.143361,12.941837,-14.152976,12.933594
0,-14.162579,12.933888,-14.142998,12.942651,-14.142255,12.944046
0,-14.141844,12.944811,-14.141984,12.944555,-14.141907,12.944688
0,-14.173069,12.888943,-14.173155,12.889497,-14.220667,12.842273
0,-14.173042,12.892294,-14.173047,12.893019,-14.173412,12.895838
0,-14.134642,12.980072,-14.171166,12.935458,-14.140010,12.947505
0,-14.158702,12.933253,-14.152976,12.933594,-14.143361,12.941837
0,-14.220667,12.842273,-14.172963,12.888265,-14.173020,12.888627
0,-14.220667,12.842273,-14.171937,12.885355,-14.172052,12.885613
0,-14.172929,12.888041,-14.172963,12.888265,-14.220667,12.842273
0,-14.146257,12.933276,-14.145750,12.933668,-14.148593,12.932903
0,-14.169965,12.811282,-14.170239,12.811932,-14.170351,12.810454
0,-14.168011,12.876885,-14.214976,12.838193,-14.209839,12.831205
0,-14.143113,12.819104,-14.163154,12.818470,-14.144443,12.818088
0,-14.213899,12.825885,-14.210140,12.829591,-14.212461,12.828181
0,-14.209839,12.831205,-14.185068,12.818420,-14.161903,12.871520
0,-14.175645,12.808106,-14.177050,12.808628,-14.176303,12.808158
0,-14.297035,12.719234,-14.292084,12.724732,-14.299101,12.719393
0,-14.201362,12.808510,-14.200466,12.808731,-14.202292,12.809398
0,-14.171636,12.817079,-14.171706,12.819067,-14.173788,12.814004
0,-14.184043,12.813786,-14.184599,12.810417,-14.182526,12.810812
0,-14.179169,12.812256,-14.173788,12.814004,-14.182233,12.815662
0,-14.207665,12.816296,-14.205061,12.813865,-14.198538,12.812687
0,-14.187596,12.811557,-14.186759,12.810717,-14.186488,12.813858
0,-14.198538,12.812687,-14.192784,12.814107,-14.209662,12.830279
0,-14.184134,12.817948,-14.171226,12.819896,-14.185068,12.818420
0,-14.213761,12.821676,-14.209773,12.817011,-14.210140,12.829591
0,-14.193730,12.813654,-14.198538,12.812687,-14.194348,12.813106
0,-14.213920,12.816221,-14.212893,12.815610,-14.212085,12.816342
0,-14.198538,12.812687,-14.196952,12.811653,-14.194348,12.813106
0,-14.234684,12.809867,-14.237535,12.807353,-14.235107,12.805894
0,-14.213761,12.821676,-14.210140,12.829591,-14.213899,12.825885
0,-14.212085,12.816342,-14.211137,12.816979,-14.213908,12.817238
0,-14.211137,12.816979,-14.209773,12.817011,-14.213782,12.819919
0,-14.213908,12.817238,-14.213920,12.816221,-14.212085,12.816342
0,-14.237437,12.815581,-14.237978,12.813599,-14.237498,12.814427
0,-14.240649,12.810390,-14.238316,12.812771,-14.237978,12.813599
0,-14.240832,12.806924,-14.238193,12.803290,-14.239987,12.806731
0,-14.234684,12.809867,-14.235107,12.805894,-14.234027,12.805699
0,-14.238954,12.806628,-14.238193,12.803290,-14.237424,12.804761
0,-14.234684,12.809867,-14.232073,12.807944,-14.233785,12.810366
0,-14.286484,12.737575,-14.287159,12.727827,-14.286589,12.728422
0,-14.442624,12.680864,-14.294924,12.768217,-14.407483,13.020238
0,-14.302073,12.755215,-14.430794,12.680662,-14.410983,12.680647
0,-14.297035,12.719234,-14.292221,12.720943,-14.292389,12.722748
0,-14.290379,12.725871,-14.286484,12.737575,-14.287641,12.739204
0,-14.290379,12.725871,-14.287641,12.739204,-14.292084,12.724732
0,-14.308468,12.722444,-14.299687,12.750511,-14.309543,12.722964
0,-14.323945,12.713166,-14.337929,12.702533,-14.324955,12.711096
0,-14.336721,12.701318,-14.333349,12.700267,-14.331506,12.701220
0,-14.391172,12.680630,-14.337929,12.702533,-14.405265,12.680642
0,-14.287641,12.739204,-14.288193,12.740227,-14.292084,12.724732
0,-14.283690,12.767967,-14.280917,12.767847,-14.284903,12.768765
0,-14.276731,12.768128,-14.286217,12.773079,-14.280917,12.767847
0,-14.269735,12.775501,-14.273419,12.769898,-14.269276,12.774479
0,-14.276731,12.768128,-14.274461,12.769215,-14.286217,12.773079
0,-14.241508,12.809335,-14.240649,12.810390,-14.237045,12.820848
0,-14.272178,12.779778,-14.287002,12.774334,-14.286217,12.773079
0,-14.269299,12.792925,-14.290911,12.773772,-14.272371,12.787547
0,-14.252124,12.798159,-14.251479,12.797044,-14.248752,12.797015
0,-14.159974,12.813212,-14.154880,12.806733,-14.145213,12.812918
0,-14.143640,12.802915,-14.145668,12.802472,-14.144684,12.802093
0,-14.269735,12.775501,-14.269720,12.776840,-14.270089,12.777446
0,-14.291670,12.773178,-14.407483,13.020238,-14.294924,12.768217
0,-14.236110,12.828468,-14.268962,12.793661,-14.236542,12.827733
0,-14.257679,12.793547,-14.256266,12.793763,-14.254640,12.796151
0,-14.840288,12.820684,-14.838902,12.820633,-14.853514,12.827754
0,-14.838902,12.820633,-14.837516,12.820580,-14.853514,12.827754
0,-14.836131,12.820526,-14.853744,12.827961,-14.853514,12.827754
0,-14.837516,12.820580,-14.836131,12.820526,-14.853514,12.827754
0,-14.805650,12.871358,-14.854907,12.829013,-14.834746,12.820468
0,-14.816918,12.818542,-14.815557,12.818298,-14.801970,12.867156
0,-14.805650,12.871358,-14.833362,12.820404,-14.831979,12.820333
0,-14.818277,12.818786,-14.816918,12.818542,-14.801970,12.867156
0,-14.805650,12.871358,-14.830598,12.820252,-14.829218,12.820161
0,-14.853514,12.827754,-14.845825,12.820934,-14.844442,12.820862
0,-14.841673,12.820739,-14.840288,12.820684,-14.853514,12.827754
0,-14.883842,12.879160,-14.884146,12.870754,-14.881425,12.884018
0,-14.853460,12.825633,-14.847206,12.821016,-14.853514,12.827754
0,-14.847206,12.821016,-14.845825,12.820934,-14.853514,12.827754
0,-14.852241,12.822110,-14.847206,12.821016,-14.853460,12.825633
0,-14.889425,12.864762,-14.888688,12.851855,-14.888641,12.851783
0,-14.884146,12.870754,-14.888641,12.851783,-14.884302,12.845154
0,-14.897953,12.854251,-14.888688,12.851855,-14.889428,12.864757
0,-14.889428,12.864757,-14.888688,12.851855,-14.889425,12.864762
0,-14.889425,12.864762,-14.888641,12.851783,-14.884146,12.870754
0,-14.889425,12.864762,-14.884146,12.870754,-14.887461,12.868363
0,-14.884177,12.870852,-14.884146,12.870754,-14.884438,12.876653
0,-14.884914,12.873181,-14.884177,12.870852,-14.884905,12.873265
0,-14.884905,12.873265,-14.884177,12.870852,-14.884726,12.875031
0,-14.863243,12.894381,-14.881425,12.884018,-14.884146,12.870754
0,-14.863243,12.894381,-14.884146,12.870754,-14.854907,12.829013
0,-14.854907,12.829013,-14.878696,12.840366,-14.875285,12.833905
0,-14.834746,12.820468,-14.854907,12.829013,-14.853744,12.827961
0,-14.884146,12.870754,-14.878696,12.840366,-14.854907,12.829013
0,-14.822356,12.819460,-14.820993,12.819258,-14.801970,12.867156
0,-14.820993,12.819258,-14.819634,12.819031,-14.801970,12.867156
0,-14.805650,12.871358,-14.829218,12.820161,-14.827841,12.820055
0,-14.827841,12.820055,-14.826465,12.819934,-14.801970,12.867156
0,-14.826465,12.819934,-14.825092,12.819795,-14.801970,12.867156
0,-14.823723,12.819638,-14.822356,12.819460,-14.801970,12.867156
0,-14.807016,12.875823,-14.861895,12.895014,-14.806337,12.873605
0,-14.803416,12.870397,-14.805650,12.871358,-14.801970,12.867156
0,-14.806337,12.873605,-14.854907,12.829013,-14.805650,12.871358
0,-14.796596,12.868578,-14.798003,12.868405,-14.799487,12.867539
0,-14.771222,12.820991,-14.796596,12.868578,-14.799487,12.867539
0,-14.786335,12.873853,-14.788709,12.872873,-14.771222,12.820991
0,-14.788709,12.872873,-14.793453,12.871124,-14.796596,12.868578
0,-14.801970,12.867156,-14.807364,12.816839,-14.805994,12.816595
0,-14.801970,12.867156,-14.805994,12.816595,-14.804624,12.816351
0,-14.812831,12.817811,-14.811466,12.817568,-14.801970,12.867156
0,-14.801881,12.815861,-14.801970,12.867156,-14.803253,12.816106
0,-14.799487,12.867539,-14.801970,12.867156,-14.801881,12.815861
0,-14.799487,12.867539,-14.801881,12.815861,-14.800509,12.815615
0,-14.799487,12.867539,-14.799137,12.815366,-14.797764,12.815118
0,-14.799487,12.867539,-14.800509,12.815615,-14.799137,12.815366
0,-14.799487,12.867539,-14.796391,12.814868,-14.795018,12.814616
0,-14.799487,12.867539,-14.795018,12.814616,-14.771222,12.820991
0,-14.795018,12.814616,-14.793646,12.814363,-14.771222,12.820991
0,-14.625536,12.680488,-14.628865,12.689733,-14.625536,12.680488
0,-14.628865,12.689733,-14.613034,12.678383,-14.630388,12.693959
0,-14.625536,12.680488,-14.613034,12.678383,-14.628865,12.689733
0,-14.680761,12.933067,-14.627807,12.750072,-14.621531,12.749537
0,-14.674409,12.938377,-14.680761,12.933067,-14.619690,12.749380
0,-14.630388,12.693959,-14.629088,12.713580,-14.643004,12.695296
0,-14.630388,12.693959,-14.613034,12.678383,-14.629088,12.713580
0,-14.675630,12.938097,-14.680761,12.933067,-14.674409,12.938377
0,-14.616606,12.740759,-14.575980,12.680590,-14.613147,12.748444
0,-14.613146,12.748446,-14.667501,12.944258,-14.674409,12.938377
0,-14.594224,12.680553,-14.620282,12.732593,-14.629088,12.713580
0,-14.575980,12.680590,-14.616606,12.740759,-14.620282,12.732593
0,-14.613146,12.748446,-14.613147,12.748444,-14.557735,12.680625
0,-14.585682,13.000105,-14.613146,12.748446,-14.477622,13.028439
0,-14.597998,12.993466,-14.586988,12.999616,-14.587710,12.999346
0,-14.613034,12.678383,-14.594224,12.680553,-14.629088,12.713580
0,-14.543982,12.680651,-14.613146,12.748446,-14.557735,12.680625
0,-14.539490,12.680660,-14.613146,12.748446,-14.543982,12.680651
0,-14.405265,12.680642,-14.302073,12.755215,-14.410983,12.680647
0,-14.371363,12.680614,-14.351552,12.680594,-14.338078,12.701793
0,-14.336721,12.701318,-14.335136,12.700193,-14.333349,12.700267
0,-14.326465,12.681086,-14.329212,12.683772,-14.326125,12.680391
0,-14.351552,12.680594,-14.335550,12.692616,-14.337838,12.698046
0,-14.332226,12.687315,-14.335550,12.692616,-14.351552,12.680594
0,-14.521188,12.680814,-14.502888,12.680966,-14.613146,12.748446
0,-14.502888,12.680966,-14.484585,12.681117,-14.613146,12.748446
0,-14.613146,12.748446,-14.466283,12.681268,-14.477622,13.028439
0,-14.371363,12.680614,-14.338078,12.701793,-14.337929,12.702533
0,-14.351552,12.680594,-14.337838,12.698046,-14.338078,12.701793
0,-14.703883,12.782233,-14.651605,12.754127,-14.696541,12.919594
0,-14.679094,12.758756,-14.691517,12.767533,-14.685331,12.761634
0,-14.651605,12.754127,-14.703883,12.782233,-14.659988,12.755669
0,-14.645367,12.752779,-14.643081,12.752308,-14.689586,12.925599
0,-14.635094,12.750664,-14.631334,12.750372,-14.635333,12.750713
0,-14.760719,12.885770,-14.742541,12.816005,-14.739048,12.816217
0,-14.696541,12.919594,-14.706185,12.919224,-14.710300,12.915365
0,-14.754988,12.812375,-14.752586,12.813230,-14.762569,12.821100
0,-14.754988,12.812375,-14.762569,12.821100,-14.757609,12.811736
0,-14.762569,12.821100,-14.744984,12.815579,-14.742541,12.816005
0,-14.762569,12.821100,-14.748655,12.814940,-14.744984,12.815579
0,-14.780991,12.876474,-14.783878,12.875251,-14.786335,12.873853
0,-14.786335,12.873853,-14.771222,12.820991,-14.780991,12.876474
0,-14.784050,12.812529,-14.782683,12.812258,-14.771222,12.820991
0,-14.782683,12.812258,-14.781316,12.811983,-14.771222,12.820991
0,-14.781316,12.811983,-14.779951,12.811705,-14.771222,12.820991
0,-14.779951,12.811705,-14.778587,12.811425,-14.771222,12.820991
0,-14.778587,12.811425,-14.777225,12.811140,-14.771222,12.820991
0,-14.775865,12.810853,-14.774506,12.810561,-14.771222,12.820991
0,-14.789530,12.813591,-14.788159,12.813329,-14.771222,12.820991
0,-14.788159,12.813329,-14.786788,12.813065,-14.771222,12.820991
0,-14.786788,12.813065,-14.785419,12.812798,-14.771222,12.820991
0,-14.796596,12.868578,-14.793453,12.871124,-14.795553,12.870079
0,-14.793646,12.814363,-14.792273,12.814107,-14.771222,12.820991
0,-14.792273,12.814107,-14.790901,12.813850,-14.771222,12.820991
0,-14.771222,12.820991,-14.788709,12.872873,-14.796596,12.868578
0,-14.807443,12.877411,-14.807903,12.880228,-14.807444,12.877221
0,-14.808402,12.881673,-14.812627,12.888862,-14.807444,12.877221
0,-14.807438,12.878884,-14.807903,12.880228,-14.807443,12.877411
0,-14.808402,12.881673,-14.808485,12.883102,-14.810772,12.887511
0,-14.810772,12.887511,-14.808485,12.883102,-14.808959,12.885121
0,-14.776964,12.879016,-14.779374,12.877618,-14.779890,12.877253
0,-14.762569,12.821100,-14.780991,12.876474,-14.771222,12.820991
0,-14.762569,12.821100,-14.779890,12.877253,-14.780991,12.876474
0,-14.771195,12.882626,-14.775388,12.881122,-14.770034,12.882134
0,-14.778545,12.878331,-14.779374,12.877618,-14.776964,12.879016
0,-14.771195,12.882626,-14.773806,12.882505,-14.775388,12.881122
0,-14.770034,12.882134,-14.775388,12.881122,-14.776964,12.879016
0,-14.771976,12.882957,-14.773806,12.882505,-14.771612,12.882803
0,-14.771612,12.882803,-14.773806,12.882505,-14.771195,12.882626
0,-14.762569,12.821100,-14.770034,12.882134,-14.776964,12.879016
0,-14.762569,12.821100,-14.763276,12.884602,-14.770034,12.882134
0,-14.766333,12.884622,-14.763276,12.884602,-14.764980,12.885068
0,-14.751033,12.899057,-14.756192,12.892845,-14.746575,12.901378
0,-14.762569,12.821100,-14.760719,12.885770,-14.763276,12.884602
0,-14.739048,12.816217,-14.739829,12.903572,-14.760719,12.885770
0,-14.773123,12.883443,-14.773806,12.882505,-14.771976,12.882957
0,-14.763276,12.884602,-14.768253,12.883307,-14.768905,12.882877
0,-14.763276,12.884602,-14.767998,12.883475,-14.768253,12.883307
0,-14.763276,12.884602,-14.766333,12.884622,-14.767998,12.883475
0,-14.753261,12.897897,-14.755023,12.896886,-14.755617,12.895709
0,-14.752300,12.898981,-14.753261,12.897897,-14.751033,12.899057
0,-14.753261,12.897897,-14.756192,12.892845,-14.751033,12.899057
0,-14.710300,12.915365,-14.737366,12.905581,-14.738700,12.904493
0,-14.735775,12.814927,-14.710300,12.915365,-14.739829,12.903572
0,-14.739829,12.903572,-14.710300,12.915365,-14.738700,12.904493
0,-14.736117,12.906600,-14.737366,12.905581,-14.710300,12.915365
0,-14.723128,12.913560,-14.736117,12.906600,-14.710300,12.915365
0,-14.723128,12.913560,-14.710300,12.915365,-14.713853,12.916582
0,-14.731632,12.810210,-14.708629,12.787019,-14.696541,12.919594
0,-14.726219,12.913866,-14.733327,12.914480,-14.735218,12.909139
0,-14.848619,12.915079,-14.846883,12.916097,-14.848476,12.915736
0,-14.732066,12.915418,-14.733327,12.914480,-14.726219,12.913866
0,-14.753261,12.897897,-14.756128,12.893382,-14.756192,12.892845
0,-14.757117,12.892223,-14.758574,12.890234,-14.756192,12.892845
0,-14.756128,12.893382,-14.755617,12.895709,-14.755939,12.894943
0,-14.755939,12.894943,-14.755617,12.895709,-14.755919,12.895111
0,-14.758000,12.891786,-14.758349,12.890844,-14.757117,12.892223
0,-14.757117,12.892223,-14.758349,12.890844,-14.758574,12.890234
0,-14.758867,12.889443,-14.756192,12.892845,-14.758574,12.890234
0,-14.739829,12.903572,-14.756192,12.892845,-14.760719,12.885770
0,-14.743151,12.902491,-14.746575,12.901378,-14.756192,12.892845
0,-14.808402,12.881673,-14.810772,12.887511,-14.812627,12.888862
0,-14.759102,12.888808,-14.760177,12.888551,-14.760719,12.885770
0,-14.758902,12.889349,-14.759102,12.888808,-14.756192,12.892845
0,-14.760719,12.885770,-14.756192,12.892845,-14.759102,12.888808
0,-14.814084,12.890673,-14.861017,12.895681,-14.807444,12.877221
0,-14.758867,12.889443,-14.758902,12.889349,-14.756192,12.892845
0,-14.855867,12.902495,-14.855721,12.901682,-14.855964,12.903739
0,-14.835523,12.910687,-14.836012,12.911459,-14.837643,12.912668
0,-14.855964,12.903739,-14.840821,12.913697,-14.842436,12.914304
0,-14.835523,12.910687,-14.837643,12.912668,-14.840821,12.913697
0,-14.849309,12.914461,-14.842436,12.914304,-14.848619,12.915079
0,-14.848476,12.915736,-14.846883,12.916097,-14.848366,12.916237
0,-14.848619,12.915079,-14.846433,12.916054,-14.846883,12.916097
0,-14.842436,12.914304,-14.845115,12.916086,-14.846433,12.916054
0,-14.837643,12.912668,-14.838836,12.913330,-14.840821,12.913697
0,-14.833322,12.909217,-14.835523,12.910687,-14.833295,12.908157
0,-14.833295,12.908157,-14.831855,12.905146,-14.832810,12.907569
0,-14.835523,12.910687,-14.840821,12.913697,-14.855721,12.901682
0,-14.855721,12.901682,-14.859599,12.897284,-14.830585,12.903286
0,-14.820941,12.897658,-14.827887,12.903225,-14.830585,12.903286
0,-14.814001,12.891395,-14.813970,12.891660,-14.818311,12.895969
0,-14.813857,12.892645,-14.813813,12.893023,-14.815912,12.896026
0,-14.818311,12.895969,-14.814084,12.890673,-14.814065,12.890841
0,-14.814065,12.890841,-14.814009,12.891321,-14.818311,12.895969
0,-14.818311,12.895969,-14.813915,12.892137,-14.813857,12.892645
0,-14.818311,12.895969,-14.813970,12.891660,-14.813915,12.892137
0,-14.814084,12.890673,-14.818311,12.895969,-14.819543,12.896354
0,-14.813857,12.892645,-14.815912,12.896026,-14.818311,12.895969
0,-14.815912,12.896026,-14.813785,12.893408,-14.814154,12.895331
0,-14.824067,12.902243,-14.822310,12.900987,-14.822744,12.902044
0,-14.825398,12.902811,-14.821774,12.899684,-14.824067,12.902243
0,-14.859599,12.897284,-14.860606,12.896151,-14.830585,12.903286
0,-14.819543,12.896354,-14.820273,12.897305,-14.820941,12.897658
0,-14.819543,12.896354,-14.861017,12.895681,-14.814084,12.890673
0,-14.807444,12.877221,-14.861017,12.895681,-14.861895,12.895014
0,-14.819543,12.896354,-14.820941,12.897658,-14.861017,12.895681
0,-14.878059,12.892360,-14.878607,12.891655,-14.877548,12.892508
0,-14.877548,12.892508,-14.878607,12.891655,-14.876846,12.892713
0,-14.884726,12.875031,-14.884177,12.870852,-14.884438,12.876653
0,-14.884146,12.870754,-14.883842,12.879160,-14.884438,12.876653
0,-14.881425,12.884018,-14.882881,12.882090,-14.883842,12.879160
0,-14.879906,12.888993,-14.880879,12.886380,-14.872671,12.893229
0,-14.880879,12.886380,-14.879906,12.888993,-14.880580,12.887682
0,-14.876846,12.892713,-14.878607,12.891655,-14.879906,12.888993
0,-14.861017,12.895681,-14.830585,12.903286,-14.860823,12.895903
0,-14.860823,12.895903,-14.830585,12.903286,-14.860606,12.896151
0,-14.855721,12.901682,-14.859010,12.898176,-14.859599,12.897284
0,-14.855721,12.901682,-14.858334,12.899345,-14.859010,12.898176
0,-14.855721,12.901682,-14.857431,12.900844,-14.858334,12.899345
0,-14.831855,12.905146,-14.835523,12.910687,-14.855721,12.901682
0,-14.831855,12.905146,-14.855721,12.901682,-14.831111,12.903642
0,-14.857581,12.914031,-14.858767,12.912571,-14.856889,12.905462
0,-14.849309,12.914461,-14.850217,12.914994,-14.856889,12.905462
0,-14.842436,12.914304,-14.849309,12.914461,-14.855964,12.903739
0,-14.859051,12.905373,-14.856889,12.905462,-14.859930,12.906643
0,-14.855964,12.903739,-14.849309,12.914461,-14.856889,12.905462
0,-14.710300,12.915365,-14.731632,12.810210,-14.696541,12.919594
0,-14.703883,12.782233,-14.696541,12.919594,-14.708629,12.787019
0,-14.645367,12.752779,-14.693208,12.922472,-14.651605,12.754127
0,-14.696541,12.919594,-14.651605,12.754127,-14.693208,12.922472
0,-14.677776,12.937605,-14.679865,12.936542,-14.680761,12.933067
0,-14.693208,12.922472,-14.645367,12.752779,-14.689586,12.925599
0,-14.667501,12.944258,-14.669750,12.943929,-14.672407,12.941144
0,-14.671628,12.943838,-14.671971,12.942652,-14.669750,12.943929
0,-14.677776,12.937605,-14.680761,12.933067,-14.675630,12.938097
0,-14.689586,12.925599,-14.627807,12.750072,-14.680761,12.933067
0,-14.613146,12.748446,-14.674409,12.938377,-14.619690,12.749380
0,-14.667501,12.944258,-14.672407,12.941144,-14.673617,12.939472
0,-14.674409,12.938377,-14.667501,12.944258,-14.673617,12.939472
0,-14.667610,12.946584,-14.667565,12.945628,-14.665665,12.950681
0,-14.663987,12.952334,-14.665665,12.950681,-14.667501,12.944258
0,-14.667696,12.948405,-14.667610,12.946584,-14.666831,12.949532
0,-14.666831,12.949532,-14.667610,12.946584,-14.665665,12.950681
0,-14.613146,12.748446,-14.599917,12.991842,-14.667501,12.944258
0,-14.623170,12.991134,-14.624669,12.990854,-14.663987,12.952334
0,-14.663987,12.952334,-14.624669,12.990854,-14.663964,12.952643
0,-14.624669,12.990854,-14.663929,12.953111,-14.663946,12.952886
0,-14.624669,12.990854,-14.663831,12.954438,-14.663875,12.953839
0,-14.624669,12.990854,-14.663806,12.954776,-14.663831,12.954438
0,-14.624669,12.990854,-14.663774,12.955199,-14.663806,12.954776
0,-14.664046,12.960684,-14.664377,12.957593,-14.663774,12.955199
0,-14.624669,12.990854,-14.663908,12.953396,-14.663915,12.953311
0,-14.663929,12.953111,-14.624669,12.990854,-14.663915,12.953311
0,-14.624669,12.990854,-14.663875,12.953839,-14.663908,12.953396
0,-14.658841,12.974877,-14.663774,12.955199,-14.646051,12.986526
0,-14.646051,12.986526,-14.656628,12.978355,-14.657006,12.977753
0,-14.646051,12.986526,-14.656364,12.978759,-14.656628,12.978355
0,-14.646051,12.986526,-14.655851,12.979562,-14.656364,12.978759
0,-14.646051,12.986526,-14.655662,12.979941,-14.655851,12.979562
0,-14.655662,12.979941,-14.646051,12.986526,-14.655450,12.980366
0,-14.655450,12.980366,-14.646051,12.986526,-14.655353,12.980560
0,-14.653519,12.984229,-14.651085,12.987079,-14.652119,12.986662
0,-14.658218,12.975855,-14.646051,12.986526,-14.657666,12.976719
0,-14.642058,12.989350,-14.642819,12.988954,-14.639186,12.989884
0,-14.655353,12.980560,-14.646051,12.986526,-14.646642,12.986493
0,-14.658218,12.975855,-14.658841,12.974877,-14.646051,12.986526
0,-14.655353,12.980560,-14.646642,12.986493,-14.655277,12.980711
0,-14.655277,12.980711,-14.646642,12.986493,-14.654983,12.981300
0,-14.653667,12.983932,-14.647413,12.986449,-14.653519,12.984229
0,-14.661036,12.973495,-14.661806,12.973010,-14.662396,12.972472
0,-14.663630,12.970174,-14.659999,12.974159,-14.661036,12.973495
0,-14.664302,12.964183,-14.658841,12.974877,-14.659999,12.974159
0,-14.664046,12.960684,-14.663774,12.955199,-14.658841,12.974877
0,-14.658841,12.974877,-14.664250,12.963758,-14.664198,12.963324
0,-14.663995,12.961658,-14.664046,12.960684,-14.658841,12.974877
0,-14.664198,12.963324,-14.663995,12.961658,-14.658841,12.974877
0,-14.659999,12.974159,-14.663630,12.970174,-14.664397,12.964968
0,-14.664046,12.960684,-14.664813,12.959327,-14.664377,12.957593
0,-14.659999,12.974159,-14.664397,12.964968,-14.664302,12.964183
0,-14.664250,12.963758,-14.658841,12.974877,-14.664302,12.964183
0,-14.664476,12.965673,-14.664368,12.968151,-14.664580,12.966475
0,-14.664476,12.965673,-14.663630,12.970174,-14.664368,12.968151
0,-14.664397,12.964968,-14.663630,12.970174,-14.664476,12.965673
0,-14.664580,12.966475,-14.664368,12.968151,-14.664677,12.967267
0,-14.648122,12.986945,-14.650356,12.987373,-14.651085,12.987079
0,-14.650356,12.987373,-14.648669,12.987328,-14.649326,12.987788
0,-14.646051,12.986526,-14.642819,12.988954,-14.643950,12.988540
0,-14.645102,12.988118,-14.646051,12.986526,-14.643950,12.988540
0,-14.646051,12.986526,-14.636490,12.989748,-14.636854,12.989767
0,-14.646051,12.986526,-14.663774,12.955199,-14.636490,12.989748
0,-14.646051,12.986526,-14.637398,12.989794,-14.638047,12.989827
0,-14.646051,12.986526,-14.636854,12.989767,-14.637398,12.989794
0,-14.642058,12.989350,-14.640115,12.989931,-14.640867,12.989969
0,-14.640115,12.989931,-14.642058,12.989350,-14.639754,12.989913
0,-14.638361,12.989843,-14.638786,12.989864,-14.642819,12.988954
0,-14.632136,12.996177,-14.634687,12.993020,-14.630246,12.994778
0,-14.634876,12.996936,-14.636632,12.996067,-14.634687,12.993020
0,-14.631041,12.995826,-14.632136,12.996177,-14.630246,12.994778
0,-14.630246,12.994778,-14.634687,12.993020,-14.629631,12.993967
0,-14.579278,13.012383,-14.579902,13.011018,-14.572085,13.020166
0,-14.634876,12.996936,-14.634687,12.993020,-14.634294,12.996862
0,-14.634294,12.996862,-14.634687,12.993020,-14.634278,12.996860
0,-14.634278,12.996860,-14.634687,12.993020,-14.632136,12.996177
0,-14.603354,12.992086,-14.615945,12.993685,-14.622422,12.991274
0,-14.606754,12.995684,-14.610616,12.996946,-14.613185,12.994707
0,-14.606754,12.995684,-14.608130,12.997141,-14.610616,12.996946
0,-14.636490,12.989748,-14.663774,12.955199,-14.624669,12.990854
0,-14.603354,12.992086,-14.622422,12.991274,-14.663987,12.952334
0,-14.615945,12.993685,-14.620529,12.992403,-14.620657,12.992327
0,-14.615945,12.993685,-14.620657,12.992327,-14.622422,12.991274
0,-14.593138,12.997026,-14.596500,12.994734,-14.589143,12.998810
0,-14.589143,12.998810,-14.597998,12.993466,-14.588853,12.998918
0,-14.588853,12.998918,-14.597998,12.993466,-14.588466,12.999063
0,-14.588466,12.999063,-14.597998,12.993466,-14.587710,12.999346
0,-14.585682,13.000105,-14.581687,13.007612,-14.584869,13.003464
0,-14.581687,13.007612,-14.584365,13.005545,-14.584781,13.003827
0,-14.570201,13.021538,-14.581687,13.007612,-14.585682,13.000105
0,-14.579902,13.011018,-14.581029,13.009909,-14.581687,13.007612
0,-14.570201,13.021538,-14.572085,13.020166,-14.579902,13.011018
0,-14.491309,13.036541,-14.570201,13.021538,-14.487988,13.034300
0,-14.570060,13.023201,-14.570201,13.021538,-14.568792,13.025821
0,-14.575519,13.017957,-14.579278,13.012383,-14.572085,13.020166
0,-14.579278,13.012383,-14.575519,13.017957,-14.577967,13.015248
0,-14.575519,13.017957,-14.572085,13.020166,-14.575092,13.019620
0,-14.599917,12.991842,-14.585682,13.000105,-14.586988,12.999616
0,-14.593138,12.997026,-14.590620,12.998257,-14.591460,12.997943
0,-14.593138,12.997026,-14.589143,12.998810,-14.590620,12.998257
0,-14.595472,12.995604,-14.594243,12.996422,-14.594986,12.996015
0,-14.596011,12.995148,-14.593138,12.997026,-14.594243,12.996422
0,-14.615945,12.993685,-14.603354,12.992086,-14.613185,12.994707
0,-14.667501,12.944258,-14.599917,12.991842,-14.663987,12.952334
0,-14.663987,12.952334,-14.599917,12.991842,-14.603354,12.992086
0,-14.613146,12.748446,-14.585682,13.000105,-14.599917,12.991842
0,-14.599917,12.991842,-14.586988,12.999616,-14.597998,12.993466
0,-14.597998,12.993466,-14.589143,12.998810,-14.596500,12.994734
0,-14.596500,12.994734,-14.593138,12.997026,-14.596011,12.995148
0,-14.596011,12.995148,-14.594243,12.996422,-14.595472,12.995604
0,-14.552593,13.042232,-14.555148,13.040327,-14.558432,13.037035
0,-14.494448,13.039619,-14.532644,13.047795,-14.493610,13.038797
0,-14.447435,13.039507,-14.450391,13.038740,-14.445289,13.039765
0,-14.445289,13.039765,-14.407483,13.020238,-14.442792,13.040064
0,-14.433711,13.041719,-14.434788,13.041286,-14.414055,13.032348
0,-14.436773,13.040945,-14.412614,13.029091,-14.434788,13.041286
0,-14.433033,13.041992,-14.424998,13.042685,-14.432685,13.042132
0,-14.436773,13.040945,-14.439826,13.040420,-14.412614,13.029091
0,-14.440979,13.040282,-14.409142,13.023660,-14.439826,13.040420
0,-14.541064,13.048009,-14.547352,13.046030,-14.535606,13.047359
0,-14.535606,13.047359,-14.552593,13.042232,-14.535513,13.047348
0,-14.524502,13.050955,-14.532644,13.047795,-14.495621,13.040770
0,-14.535513,13.047348,-14.570201,13.021538,-14.532644,13.047795
0,-14.527932,13.051332,-14.532644,13.047795,-14.524502,13.050955
0,-14.505312,13.049482,-14.515853,13.052927,-14.520930,13.051770
0,-14.507954,13.051369,-14.509089,13.052180,-14.515853,13.052927
0,-14.515853,13.052927,-14.509089,13.052180,-14.511519,13.053915
0,-14.505312,13.049482,-14.501085,13.046380,-14.502815,13.048137
0,-14.505312,13.049482,-14.520930,13.051770,-14.501085,13.046380
0,-14.501085,13.046380,-14.496253,13.041732,-14.496729,13.042458
0,-14.498302,13.044855,-14.499630,13.045583,-14.497370,13.043435
0,-14.497370,13.043435,-14.501085,13.046380,-14.496729,13.042458
0,-14.424998,13.042685,-14.431301,13.042688,-14.432432,13.042233
0,-14.424998,13.042685,-14.426722,13.043317,-14.430535,13.042996
0,-14.404706,13.020738,-14.355340,13.045559,-14.356792,13.045299
0,-14.402877,13.022492,-14.360658,13.044608,-14.362199,13.044332
0,-14.354709,13.045750,-14.355340,13.045559,-14.295989,13.043985
0,-14.295989,13.043985,-14.353430,13.046137,-14.354159,13.045916
0,-14.347014,13.047959,-14.348945,13.047494,-14.350311,13.047081
0,-14.347014,13.047959,-14.348594,13.047601,-14.348945,13.047494
0,-14.345438,13.048316,-14.347014,13.047959,-14.350311,13.047081
0,-14.343729,13.048703,-14.295989,13.043985,-14.339822,13.049474
0,-14.339822,13.049474,-14.341447,13.049220,-14.343729,13.048703
0,-14.336089,13.050059,-14.310504,13.050390,-14.335466,13.050394
0,-14.335466,13.050394,-14.310504,13.050390,-14.334357,13.050990
0,-14.352445,13.046435,-14.295989,13.043985,-14.351737,13.046649
0,-14.351737,13.046649,-14.295989,13.043985,-14.345438,13.048316
0,-14.322884,13.053897,-14.333866,13.051253,-14.334357,13.050990
0,-14.379641,13.038863,-14.362199,13.044332,-14.363968,13.044016
0,-14.430535,13.042996,-14.426722,13.043317,-14.430210,13.043126
0,-14.417799,13.038989,-14.420538,13.041472,-14.424998,13.042685
0,-14.422749,13.042771,-14.424998,13.042685,-14.421777,13.042200
0,-14.421777,13.042200,-14.424998,13.042685,-14.420538,13.041472
0,-14.420538,13.041472,-14.417799,13.038989,-14.418337,13.039749
0,-14.418337,13.039749,-14.417799,13.038989,-14.418273,13.039699
0,-14.400054,13.025911,-14.400695,13.025135,-14.382865,13.037829
0,-14.382865,13.037829,-14.400695,13.025135,-14.379641,13.038863
0,-14.379641,13.038863,-14.363968,13.044016,-14.378098,13.039839
0,-14.378098,13.039839,-14.363968,13.044016,-14.376753,13.040690
0,-14.415616,13.035721,-14.416016,13.036320,-14.414055,13.032348
0,-14.399092,13.027076,-14.399320,13.026800,-14.394408,13.031651
0,-14.394408,13.031651,-14.382865,13.037829,-14.385480,13.036989
0,-14.415461,13.035489,-14.415616,13.035721,-14.414055,13.032348
0,-14.385480,13.036989,-14.393229,13.032706,-14.394408,13.031651
0,-14.385480,13.036989,-14.392124,13.033694,-14.393229,13.032706
0,-14.469731,13.032502,-14.470201,13.032366,-14.472972,13.031170
0,-14.469399,13.032598,-14.469731,13.032502,-14.473742,13.030718
0,-14.461563,13.034863,-14.407483,13.020238,-14.461375,13.034917
0,-14.454044,13.037792,-14.457903,13.035965,-14.450391,13.038740
0,-14.461375,13.034917,-14.407483,13.020238,-14.457903,13.035965
0,-14.424998,13.042685,-14.417231,13.038139,-14.417799,13.038989
0,-14.424998,13.042685,-14.416510,13.037059,-14.417231,13.038139
0,-14.489293,13.035234,-14.491309,13.036541,-14.487988,13.034300
0,-14.492190,13.037404,-14.532644,13.047795,-14.491309,13.036541
0,-14.570201,13.021538,-14.486766,13.033426,-14.487988,13.034300
0,-14.570201,13.021538,-14.585682,13.000105,-14.482284,13.030302
0,-14.552593,13.042232,-14.558432,13.037035,-14.535513,13.047348
0,-14.555148,13.040327,-14.556972,13.038967,-14.558432,13.037035
0,-14.493610,13.038797,-14.532644,13.047795,-14.493086,13.038284
0,-14.493086,13.038284,-14.532644,13.047795,-14.492190,13.037404
0,-14.486766,13.033426,-14.570201,13.021538,-14.485240,13.032333
0,-14.469731,13.032502,-14.472972,13.031170,-14.473742,13.030718
0,-14.469399,13.032598,-14.476016,13.029382,-14.461563,13.034863
0,-14.470575,13.032258,-14.471044,13.032122,-14.472051,13.031711
0,-14.472972,13.031170,-14.470575,13.032258,-14.472051,13.031711
0,-14.472051,13.031711,-14.471044,13.032122,-14.471563,13.031972
0,-14.470201,13.032366,-14.470251,13.032352,-14.472972,13.031170
0,-14.472972,13.031170,-14.470251,13.032352,-14.470575,13.032258
0,-14.476016,13.029382,-14.477622,13.028439,-14.461563,13.034863
0,-14.412939,13.029825,-14.434788,13.041286,-14.412617,13.029097
0,-14.409242,13.023865,-14.412614,13.029091,-14.409142,13.023660
0,-14.412617,13.029097,-14.434788,13.041286,-14.412614,13.029091
0,-14.480819,13.029716,-14.482284,13.030302,-14.585682,13.000105
0,-14.485240,13.032333,-14.570201,13.021538,-14.482284,13.030302
0,-14.474735,13.030135,-14.476016,13.029382,-14.469399,13.032598
0,-14.570201,13.021538,-14.535513,13.047348,-14.566527,13.027979
0,-14.585682,13.000105,-14.477622,13.028439,-14.479067,13.029016
0,-14.466283,12.681268,-14.407483,13.020238,-14.477622,13.028439
0,-14.410099,13.025635,-14.410336,13.026096,-14.412614,13.029091
0,-14.410099,13.025635,-14.410301,13.026050,-14.410336,13.026096
0,-14.409972,13.025373,-14.410099,13.025635,-14.412614,13.029091
0,-14.409659,13.024727,-14.409972,13.025373,-14.412614,13.029091
0,-14.409242,13.023865,-14.409659,13.024727,-14.412614,13.029091
0,-14.407483,13.020238,-14.407520,13.020315,-14.442792,13.040064
0,-14.408409,13.022148,-14.409142,13.023660,-14.440979,13.040282
0,-14.291670,12.773178,-14.404706,13.020738,-14.407483,13.020238
0,-14.268063,12.794114,-14.266133,12.794326,-14.263161,12.795174
0,-14.269299,12.792925,-14.268962,12.793661,-14.290911,12.773772
0,-14.407990,13.021283,-14.408409,13.022148,-14.442792,13.040064
0,-14.402398,13.023072,-14.402877,13.022492,-14.379641,13.038863
0,-14.404706,13.020738,-14.356792,13.045299,-14.402877,13.022492
0,-14.398965,13.027230,-14.399092,13.027076,-14.394408,13.031651
0,-14.397872,13.028553,-14.398965,13.027230,-14.394408,13.031651
0,-14.402144,13.023379,-14.379641,13.038863,-14.401703,13.023914
0,-14.401367,13.024320,-14.379641,13.038863,-14.400695,13.025135
0,-14.400054,13.025911,-14.382865,13.037829,-14.399320,13.026800
0,-14.224740,12.839726,-14.236110,12.828468,-14.234980,12.828595
0,-14.223973,12.840921,-14.236110,12.828468,-14.224740,12.839726
0,-14.175322,12.907730,-14.175660,12.910209,-14.175822,12.910930
0,-14.220667,12.842273,-14.173155,12.889497,-14.173232,12.889992
0,-14.219782,12.841525,-14.216140,12.839269,-14.220667,12.842273
0,-14.218387,12.840170,-14.219782,12.841525,-14.219087,12.840593
0,-14.217357,12.839744,-14.216140,12.839269,-14.219782,12.841525
0,-14.176053,12.919331,-14.176369,12.915183,-14.176219,12.916681
0,-14.176053,12.919331,-14.176219,12.916681,-14.176199,12.916883
0,-14.217357,12.839744,-14.219782,12.841525,-14.218387,12.840170
0,-14.168011,12.876885,-14.209839,12.831205,-14.161903,12.871520
0,-14.222979,12.841511,-14.176495,12.913922,-14.176369,12.915183
0,-14.174219,12.903219,-14.173458,12.899984,-14.173541,12.902049
0,-14.173458,12.899984,-14.174626,12.903921,-14.173309,12.897488
0,-14.174626,12.903921,-14.173412,12.895838,-14.173309,12.897488
0,-14.173168,12.890608,-14.173042,12.892294,-14.173412,12.895838
0,-14.173458,12.899984,-14.174219,12.903219,-14.174626,12.903921
0,-14.221372,12.842281,-14.173232,12.889992,-14.173412,12.895838
0,-14.221372,12.842281,-14.220667,12.842273,-14.173232,12.889992
0,-14.173042,12.892294,-14.173168,12.890608,-14.173075,12.891497
0,-14.173412,12.895838,-14.173232,12.889992,-14.173168,12.890608
0,-14.175322,12.907730,-14.176495,12.913922,-14.221372,12.842281
0,-14.221372,12.842281,-14.173412,12.895838,-14.174626,12.903921
0,-14.175322,12.907730,-14.175978,12.911624,-14.176495,12.913922
0,-14.175322,12.907730,-14.175822,12.910930,-14.175978,12.911624
0,-14.175114,12.908886,-14.175660,12.910209,-14.175322,12.907730
0,-14.174626,12.903921,-14.175322,12.907730,-14.221372,12.842281
0,-14.174626,12.903921,-14.174768,12.906036,-14.175322,12.907730
0,-14.176012,12.920407,-14.222979,12.841511,-14.176369,12.915183
0,-14.175978,12.921295,-14.222979,12.841511,-14.176012,12.920407
0,-14.175965,12.921627,-14.223973,12.840921,-14.175978,12.921295
0,-14.175773,12.923223,-14.271014,13.041014,-14.175965,12.921627
0,-14.175610,12.924583,-14.271014,13.041014,-14.175646,12.924281
0,-14.271014,13.041014,-14.273761,13.041501,-14.287645,13.042294
0,-14.174729,12.928551,-14.224149,13.026347,-14.174885,12.927846
0,-14.173874,12.932821,-14.174729,12.928551,-14.174557,12.929021
0,-14.173874,12.932821,-14.224149,13.026347,-14.174729,12.928551
0,-14.186414,13.019115,-14.171166,12.935458,-14.176361,13.015973
0,-14.177029,13.016872,-14.177773,13.017909,-14.186014,13.019333
0,-14.133688,12.991582,-14.162010,13.021070,-14.174593,13.015668
0,-14.173874,12.932821,-14.174557,12.929021,-14.174008,12.930514
0,-14.179582,13.019512,-14.180804,13.020196,-14.184887,13.019947
0,-14.236801,13.037928,-14.238383,13.039129,-14.239730,13.039453
0,-14.186014,13.019333,-14.178351,13.018540,-14.179582,13.019512
0,-14.171166,12.935458,-14.187975,13.019472,-14.172921,12.934223
0,-14.177773,13.017909,-14.178351,13.018540,-14.186014,13.019333
0,-14.180804,13.020196,-14.183177,13.020540,-14.184887,13.019947
0,-14.180804,13.020196,-14.181408,13.020534,-14.183177,13.020540
0,-14.172921,12.934223,-14.187975,13.019472,-14.191719,13.020325
0,-14.177029,13.016872,-14.186414,13.019115,-14.176361,13.015973
0,-14.177029,13.016872,-14.186413,13.019115,-14.186414,13.019115
0,-14.177029,13.016872,-14.186014,13.019333,-14.186413,13.019115
0,-14.172921,12.934223,-14.194424,13.021346,-14.199089,13.023101
0,-14.172921,12.934223,-14.193944,13.021165,-14.194424,13.021346
0,-14.210787,13.026722,-14.224149,13.026347,-14.205726,13.025199
0,-14.224149,13.026347,-14.203172,13.024430,-14.204435,13.024810
0,-14.224149,13.026347,-14.199089,13.023101,-14.203172,13.024430
0,-14.175965,12.921627,-14.271014,13.041014,-14.223973,12.840921
0,-14.281683,13.042733,-14.287645,13.042294,-14.273761,13.041501
0,-14.278396,13.042586,-14.278057,13.042571,-14.278058,13.042571
0,-14.278396,13.042586,-14.277537,13.042442,-14.278057,13.042571
0,-14.273761,13.041501,-14.277537,13.042442,-14.281683,13.042733
0,-14.223973,12.840921,-14.271014,13.041014,-14.287645,13.042294
0,-14.293397,13.043130,-14.295766,13.043911,-14.355340,13.045559
0,-14.295989,13.043985,-14.336089,13.050059,-14.339822,13.049474
0,-14.281683,13.042733,-14.284551,13.042892,-14.287645,13.042294
0,-14.307880,13.048867,-14.336089,13.050059,-14.295989,13.043985
0,-14.355340,13.045559,-14.295766,13.043911,-14.295989,13.043985
0,-14.323162,13.053899,-14.332269,13.052111,-14.333866,13.051253
0,-14.323162,13.053899,-14.331736,13.052398,-14.332269,13.052111
0,-14.328081,13.054361,-14.329559,13.053567,-14.326436,13.054207
0,-14.322884,13.053897,-14.323162,13.053899,-14.333866,13.051253
0,-14.326436,13.054207,-14.331736,13.052398,-14.323162,13.053899
0,-14.313979,13.053754,-14.314146,13.053808,-14.314293,13.053809
0,-14.313979,13.053754,-14.314023,13.053807,-14.314146,13.053808
0,-14.314293,13.053809,-14.313123,13.052732,-14.313979,13.053754
0,-14.317236,13.053839,-14.322884,13.053897,-14.310504,13.050390
0,-14.313123,13.052732,-14.317236,13.053839,-14.312818,13.052367
0,-14.307880,13.048867,-14.298301,13.046265,-14.301541,13.048850
0,-14.312818,13.052367,-14.317236,13.053839,-14.312175,13.051818
0,-14.295990,13.043986,-14.298301,13.046265,-14.307880,13.048867
0,-14.312175,13.051818,-14.317236,13.053839,-14.310504,13.050390
0,-14.295990,13.043986,-14.307880,13.048867,-14.295989,13.043985
0,-14.310504,13.050390,-14.336089,13.050059,-14.307880,13.048867
0,-14.175646,12.924281,-14.271014,13.041014,-14.175773,12.923223
0,-14.229749,13.030072,-14.230378,13.030592,-14.267537,13.040886
0,-14.267537,13.040886,-14.230378,13.030592,-14.266346,13.041051
0,-14.266346,13.041051,-14.232000,13.031933,-14.264974,13.041239
0,-14.264974,13.041239,-14.254050,13.042236,-14.262349,13.041890
0,-14.254050,13.042236,-14.246485,13.042921,-14.248370,13.045079
0,-14.254050,13.042236,-14.242451,13.039626,-14.243389,13.040399
0,-14.246485,13.042921,-14.254050,13.042236,-14.245300,13.041958
0,-14.245300,13.041958,-14.254050,13.042236,-14.243389,13.040399
0,-14.232000,13.031933,-14.242225,13.039439,-14.254050,13.042236
0,-14.233763,13.034091,-14.234440,13.035081,-14.242225,13.039439
0,-14.234440,13.035081,-14.235923,13.037024,-14.242225,13.039439
0,-14.239730,13.039453,-14.240395,13.039613,-14.241215,13.039535
0,-14.242224,13.039439,-14.242225,13.039439,-14.235923,13.037024
0,-14.241215,13.039535,-14.236801,13.037928,-14.239730,13.039453
0,-14.230378,13.030592,-14.232000,13.031933,-14.266346,13.041051
0,-14.233763,13.034091,-14.242225,13.039439,-14.232000,13.031933
0,-14.267537,13.040886,-14.228046,13.028572,-14.229749,13.030072
0,-14.236576,13.037696,-14.236801,13.037928,-14.241215,13.039535
0,-14.235923,13.037024,-14.236576,13.037696,-14.242224,13.039439
0,-14.235402,13.036489,-14.235923,13.037024,-14.234440,13.035081
0,-14.271014,13.041014,-14.226032,13.027422,-14.228046,13.028572
0,-14.224149,13.026347,-14.204435,13.024810,-14.205726,13.025199
0,-14.175610,12.924583,-14.224149,13.026347,-14.226032,13.027422
0,-14.173874,12.932821,-14.172921,12.934223,-14.224149,13.026347
0,-14.221217,13.027654,-14.224149,13.026347,-14.217738,13.028242
0,-14.217738,13.028242,-14.224149,13.026347,-14.210787,13.026722
0,-14.213774,13.028051,-14.217738,13.028242,-14.212544,13.027505
0,-14.212544,13.027505,-14.217738,13.028242,-14.210787,13.026722
0,-14.171166,12.935458,-14.140249,12.947158,-14.140152,12.947300
0,-14.171166,12.935458,-14.141249,12.945707,-14.140249,12.947158
0,-14.140010,12.947505,-14.139857,12.947626,-14.133542,12.977712
0,-14.139857,12.947626,-14.139466,12.947935,-14.133542,12.977712
0,-14.139466,12.947935,-14.139264,12.948094,-14.133542,12.977712
0,-14.139264,12.948094,-14.138209,12.948926,-14.131918,12.974232
0,-14.134928,12.985605,-14.133688,12.991582,-14.174593,13.015668
0,-14.167744,13.020850,-14.168963,13.021033,-14.170310,13.019721
0,-14.165061,13.020542,-14.174593,13.015668,-14.162010,13.021070
0,-14.138209,12.948926,-14.138029,12.949068,-14.131918,12.974232
0,-14.165061,13.020542,-14.173002,13.017098,-14.174593,13.015668
0,-14.165061,13.020542,-14.166647,13.020607,-14.173002,13.017098
0,-14.166647,13.020607,-14.167744,13.020850,-14.170310,13.019721
0,-14.173002,13.017098,-14.166647,13.020607,-14.170310,13.019721
0,-14.131645,13.009069,-14.162010,13.021070,-14.133688,12.991582
0,-14.163474,13.020955,-14.165061,13.020542,-14.162010,13.021070
0,-14.156817,13.023506,-14.159321,13.022437,-14.131645,13.009069
0,-14.132146,13.014154,-14.152602,13.025166,-14.154741,13.024097
0,-14.150584,13.026715,-14.151806,13.026121,-14.152602,13.025166
0,-14.152602,13.025166,-14.149180,13.027009,-14.150584,13.026715
0,-14.152602,13.025166,-14.143511,13.026034,-14.149180,13.027009
0,-14.149180,13.027009,-14.146008,13.027118,-14.148203,13.027425
0,-14.132146,13.014154,-14.143511,13.026034,-14.152602,13.025166
0,-14.146008,13.027118,-14.149180,13.027009,-14.143511,13.026034
0,-14.143511,13.026034,-14.139062,13.025002,-14.141742,13.025908
0,-14.143511,13.026034,-14.133046,13.018463,-14.139062,13.025002
0,-14.131073,12.998002,-14.131645,13.009069,-14.133688,12.991582
0,-14.134642,12.980072,-14.140010,12.947505,-14.133542,12.977712
0,-14.133542,12.977712,-14.139264,12.948094,-14.131918,12.974232
0,-14.135468,13.023555,-14.133046,13.018463,-14.133885,13.022652
0,-14.135468,13.023555,-14.139062,13.025002,-14.133046,13.018463
0,-14.131178,13.011758,-14.132146,13.014154,-14.131645,13.009069
0,-14.133046,13.018463,-14.143511,13.026034,-14.132146,13.014154
0,-14.132146,13.014154,-14.154741,13.024097,-14.131645,13.009069
0,-14.129782,13.005192,-14.128928,13.000986,-14.128310,13.003376
0,-14.130739,13.006374,-14.131073,12.998002,-14.129782,13.005192
0,-14.131645,13.009069,-14.131073,12.998002,-14.130739,13.006374
0,-14.131918,12.974232,-14.138029,12.949068,-14.127513,12.969731
0,-14.127513,12.969731,-14.133009,12.948991,-14.122808,12.964941
0,-14.122808,12.964941,-14.133009,12.948991,-14.122651,12.964781
0,-14.109638,12.949996,-14.109881,12.948318,-14.109689,12.948619
0,-14.112535,12.951283,-14.109638,12.949996,-14.109420,12.955795
0,-14.114738,12.960717,-14.116478,12.948008,-14.112535,12.951283
0,-14.112535,12.951283,-14.116478,12.948008,-14.113656,12.949726
0,-14.111984,12.958168,-14.114738,12.960717,-14.112535,12.951283
0,-14.111984,12.958168,-14.112535,12.951283,-14.109420,12.955795
0,-14.109689,12.948619,-14.109881,12.948318,-14.109689,12.948619
0,-14.125720,12.945309,-14.130733,12.947889,-14.129537,12.946854
0,-14.125722,12.945309,-14.125720,12.945309,-14.129537,12.946854
0,-14.125722,12.945309,-14.129537,12.946854,-14.128521,12.946101
0,-14.125722,12.945309,-14.128521,12.946101,-14.127725,12.945511
0,-14.121853,12.945399,-14.122651,12.964781,-14.130733,12.947889
0,-14.118928,12.946436,-14.122651,12.964781,-14.121853,12.945399
0,-14.164930,12.934295,-14.141782,12.944934,-14.141249,12.945707
0,-14.121853,12.945399,-14.130733,12.947889,-14.125720,12.945309
0,-14.121853,12.945399,-14.125720,12.945309,-14.123964,12.945131
0,-14.153578,12.933442,-14.152976,12.933594,-14.158702,12.933253
0,-14.142998,12.942651,-14.160239,12.933483,-14.158702,12.933253
0,-14.162579,12.933888,-14.141984,12.944555,-14.141782,12.944934
0,-14.162579,12.933888,-14.142255,12.944046,-14.141984,12.944555
0,-14.141782,12.944934,-14.141984,12.944555,-14.141844,12.944811
0,-14.153578,12.933442,-14.158139,12.933136,-14.157170,12.932848
0,-14.153578,12.933442,-14.157170,12.932848,-14.156042,12.932513
0,-14.158702,12.933253,-14.143361,12.941837,-14.142998,12.942651
0,-14.151200,12.934046,-14.144158,12.940046,-14.152976,12.933594
0,-14.144432,12.937600,-14.151200,12.934046,-14.148593,12.932903
0,-14.144432,12.937600,-14.144158,12.940046,-14.151200,12.934046
0,-14.174593,13.015668,-14.175263,13.015790,-14.171166,12.935458
0,-14.158356,12.933201,-14.153578,12.933442,-14.158702,12.933253
0,-14.158139,12.933136,-14.153578,12.933442,-14.158356,12.933201
0,-14.173134,12.894876,-14.173412,12.895838,-14.173050,12.893608
0,-14.175263,13.015790,-14.176361,13.015973,-14.171166,12.935458
0,-14.174593,13.015668,-14.171166,12.935458,-14.134642,12.980072
0,-14.173020,12.888627,-14.173069,12.888943,-14.220667,12.842273
0,-14.173056,12.894603,-14.173134,12.894876,-14.173050,12.893608
0,-14.173040,12.891839,-14.173042,12.892294,-14.173075,12.891497
0,-14.172904,12.887881,-14.172929,12.888041,-14.220667,12.842273
0,-14.172140,12.885830,-14.172305,12.886273,-14.220667,12.842273
0,-14.172087,12.885694,-14.172140,12.885830,-14.220667,12.842273
0,-14.172087,12.885694,-14.220667,12.842273,-14.172052,12.885613
0,-14.171937,12.885355,-14.220667,12.842273,-14.171818,12.885083
0,-14.220667,12.842273,-14.172716,12.887376,-14.172904,12.887881
0,-14.220667,12.842273,-14.172582,12.887015,-14.172716,12.887376
0,-14.220667,12.842273,-14.172447,12.886655,-14.172582,12.887015
0,-14.220667,12.842273,-14.172305,12.886273,-14.172447,12.886655
0,-14.171818,12.885083,-14.220667,12.842273,-14.171666,12.884739
0,-14.171666,12.884739,-14.220667,12.842273,-14.171560,12.884500
0,-14.171560,12.884500,-14.220667,12.842273,-14.169960,12.880113
0,-14.170850,12.882817,-14.169960,12.880113,-14.170036,12.881356
0,-14.216140,12.839269,-14.214976,12.838193,-14.168011,12.876885
0,-14.216140,12.839269,-14.168011,12.876885,-14.169960,12.880113
0,-14.214976,12.838193,-14.211233,12.832606,-14.209839,12.831205
0,-14.161948,12.871935,-14.162135,12.873654,-14.162888,12.874278
0,-14.171226,12.819896,-14.154122,12.863837,-14.159153,12.868805
0,-14.170190,12.820023,-14.154122,12.863837,-14.171226,12.819896
0,-14.159153,12.868805,-14.185068,12.818420,-14.171226,12.819896
0,-14.162888,12.874278,-14.162135,12.873654,-14.162173,12.873999
0,-14.162888,12.874278,-14.163984,12.874704,-14.161948,12.871935
0,-14.165585,12.875325,-14.161903,12.871520,-14.163984,12.874704
0,-14.165585,12.875325,-14.166916,12.876171,-14.161903,12.871520
0,-14.163984,12.874704,-14.161903,12.871520,-14.161948,12.871935
0,-14.185068,12.818420,-14.159153,12.868805,-14.161903,12.871520
0,-14.136389,12.844403,-14.150714,12.862153,-14.163154,12.818470
0,-14.136389,12.844403,-14.136113,12.853732,-14.150714,12.862153
0,-14.137468,12.858347,-14.137801,12.859479,-14.141941,12.860928
0,-14.136113,12.853732,-14.137468,12.858347,-14.141941,12.860928
0,-14.136113,12.853732,-14.141941,12.860928,-14.150714,12.862153
0,-14.136389,12.844403,-14.163154,12.818470,-14.135918,12.839617
0,-14.135918,12.839617,-14.163154,12.818470,-14.135457,12.831720
0,-14.135457,12.831720,-14.134691,12.827324,-14.132713,12.827515
0,-14.135457,12.831720,-14.135788,12.826135,-14.134691,12.827324
0,-14.134691,12.827324,-14.132713,12.827515,-14.132713,12.827515
0,-14.136198,12.823272,-14.139174,12.822194,-14.136629,12.822629
0,-14.163154,12.818470,-14.162410,12.817815,-14.144443,12.818088
0,-14.136003,12.823917,-14.139174,12.822194,-14.136198,12.823272
0,-14.135788,12.826135,-14.139174,12.822194,-14.136003,12.823917
0,-14.184134,12.817948,-14.171706,12.819067,-14.171226,12.819896
0,-14.167523,12.818886,-14.163154,12.818470,-14.170190,12.820023
0,-14.151357,12.862469,-14.170190,12.820023,-14.163154,12.818470
0,-14.152677,12.863122,-14.154122,12.863837,-14.170190,12.820023
0,-14.170190,12.820023,-14.169304,12.819412,-14.167523,12.818886
0,-14.163154,12.818470,-14.167523,12.818886,-14.165600,12.818495
0,-14.144443,12.818088,-14.162410,12.817815,-14.161768,12.816467
0,-14.143113,12.819104,-14.135457,12.831720,-14.163154,12.818470
0,-14.139174,12.822194,-14.135457,12.831720,-14.143113,12.819104
0,-14.144443,12.818088,-14.159974,12.813212,-14.144647,12.816841
0,-14.145213,12.812918,-14.152271,12.804717,-14.144519,12.808826
0,-14.144519,12.808826,-14.152271,12.804717,-14.150728,12.803914
0,-14.144027,12.805925,-14.147585,12.803373,-14.145668,12.802472
0,-14.144027,12.805925,-14.144519,12.808826,-14.147585,12.803373
0,-14.143836,12.802269,-14.143640,12.802915,-14.144684,12.802093
0,-14.147585,12.803373,-14.144519,12.808826,-14.150728,12.803914
0,-14.171673,12.810051,-14.170351,12.810454,-14.170239,12.811932
0,-14.177050,12.808628,-14.173845,12.809288,-14.178611,12.811788
0,-14.145213,12.812918,-14.154880,12.806733,-14.152271,12.804717
0,-14.172509,12.814776,-14.171636,12.817079,-14.173788,12.814004
0,-14.170239,12.811932,-14.171547,12.812639,-14.171673,12.810051
0,-14.177050,12.808628,-14.174653,12.808604,-14.173845,12.809288
0,-14.171547,12.812639,-14.173040,12.809789,-14.171673,12.810051
0,-14.173045,12.813210,-14.173788,12.814004,-14.173845,12.809288
0,-14.177050,12.808628,-14.175645,12.808106,-14.174653,12.808604
0,-14.173045,12.813210,-14.173845,12.809288,-14.173040,12.809789
0,-14.173788,12.814004,-14.178611,12.811788,-14.173845,12.809288
0,-14.183054,12.813868,-14.182526,12.810812,-14.180631,12.811948
0,-14.182053,12.815013,-14.180631,12.811948,-14.179169,12.812256
0,-14.196952,12.811653,-14.195067,12.812050,-14.194348,12.813106
0,-14.184599,12.810417,-14.186488,12.813858,-14.186759,12.810717
0,-14.173788,12.814004,-14.179169,12.812256,-14.178611,12.811788
0,-14.182053,12.815013,-14.182345,12.814230,-14.180631,12.811948
0,-14.185872,12.818012,-14.185068,12.818420,-14.209662,12.830279
0,-14.187596,12.811557,-14.186488,12.813858,-14.187960,12.812578
0,-14.187381,12.813866,-14.187960,12.812578,-14.186488,12.813858
0,-14.186488,12.813858,-14.184599,12.810417,-14.184043,12.813786
0,-14.184043,12.813786,-14.182526,12.810812,-14.183054,12.813868
0,-14.183054,12.813868,-14.180631,12.811948,-14.182345,12.814230
0,-14.171547,12.812639,-14.173045,12.813210,-14.173040,12.809789
0,-14.182233,12.815662,-14.182053,12.815013,-14.179169,12.812256
0,-14.171636,12.817079,-14.172509,12.814776,-14.171791,12.815924
0,-14.173788,12.814004,-14.171706,12.819067,-14.182233,12.815662
0,-14.188819,12.815360,-14.192784,12.814107,-14.190240,12.814543
0,-14.188819,12.815360,-14.185872,12.818012,-14.192784,12.814107
0,-14.185068,12.818420,-14.209839,12.831205,-14.209662,12.830279
0,-14.182233,12.815662,-14.171706,12.819067,-14.184134,12.817948
0,-14.220191,12.830710,-14.221514,12.830215,-14.220856,12.830162
0,-14.211233,12.832606,-14.214976,12.838193,-14.213505,12.835312
0,-14.209662,12.830279,-14.192784,12.814107,-14.185872,12.818012
0,-14.210140,12.829591,-14.207665,12.816296,-14.209662,12.830279
0,-14.213899,12.825885,-14.212461,12.828181,-14.213648,12.827223
0,-14.213761,12.821676,-14.213782,12.819919,-14.209773,12.817011
0,-14.220191,12.830710,-14.218991,12.832732,-14.223177,12.832729
0,-14.218991,12.832732,-14.220800,12.834832,-14.223177,12.832729
0,-14.218991,12.832732,-14.218979,12.833749,-14.220800,12.834832
0,-14.218979,12.833749,-14.219578,12.834727,-14.220800,12.834832
0,-14.224277,12.835098,-14.224930,12.835613,-14.224581,12.833206
0,-14.225010,12.836770,-14.224740,12.839726,-14.234980,12.828595
0,-14.224277,12.835098,-14.224581,12.833206,-14.223177,12.832729
0,-14.220800,12.834832,-14.224277,12.835098,-14.223177,12.832729
0,-14.229036,12.830179,-14.225010,12.836770,-14.234980,12.828595
0,-14.230553,12.829152,-14.229036,12.830179,-14.234980,12.828595
0,-14.229036,12.830179,-14.225577,12.832522,-14.224930,12.835613
0,-14.225577,12.832522,-14.224581,12.833206,-14.224930,12.835613
0,-14.237978,12.813599,-14.237420,12.817015,-14.240649,12.810390
0,-14.268063,12.794114,-14.237366,12.825567,-14.236542,12.827733
0,-14.253218,12.801221,-14.252463,12.801445,-14.241508,12.809335
0,-14.241508,12.809335,-14.237045,12.820848,-14.237366,12.825567
0,-14.237420,12.817015,-14.236929,12.818766,-14.237045,12.820848
0,-14.292745,13.042915,-14.236110,12.828468,-14.223973,12.840921
0,-14.292745,13.042915,-14.404706,13.020738,-14.236110,12.828468
0,-14.230553,12.829152,-14.234980,12.828595,-14.233524,12.828442
0,-14.237978,12.813599,-14.237437,12.815581,-14.237420,12.817015
0,-14.232841,12.810588,-14.233785,12.810366,-14.231630,12.809605
0,-14.232073,12.807944,-14.234684,12.809867,-14.234027,12.805699
0,-14.238584,12.801953,-14.238193,12.803290,-14.239392,12.801313
0,-14.253218,12.801221,-14.241508,12.809335,-14.237366,12.825567
0,-14.252463,12.801445,-14.251806,12.801254,-14.241508,12.809335
0,-14.241508,12.809335,-14.251806,12.801254,-14.241336,12.807993
0,-14.241336,12.807993,-14.245628,12.798833,-14.240832,12.806924
0,-14.240832,12.806924,-14.239392,12.801313,-14.238193,12.803290
0,-14.263161,12.795174,-14.262359,12.795443,-14.253218,12.801221
0,-14.251674,12.800467,-14.248752,12.797015,-14.245628,12.798833
0,-14.238193,12.803290,-14.238954,12.806628,-14.239987,12.806731
0,-14.237424,12.804761,-14.237535,12.807353,-14.238954,12.806628
0,-14.236286,12.805536,-14.237535,12.807353,-14.237424,12.804761
0,-14.235107,12.805894,-14.237535,12.807353,-14.236286,12.805536
0,-14.232073,12.807944,-14.234027,12.805699,-14.232608,12.806378
0,-14.234027,12.805699,-14.233134,12.805689,-14.232608,12.806378
0,-14.232073,12.807944,-14.231630,12.809605,-14.233785,12.810366
0,-14.232841,12.810588,-14.231630,12.809605,-14.231995,12.810579
0,-14.202292,12.809398,-14.200466,12.808731,-14.199604,12.810063
0,-14.213908,12.817238,-14.211137,12.816979,-14.213782,12.819919
0,-14.199152,12.812555,-14.198538,12.812687,-14.205061,12.813865
0,-14.210140,12.829591,-14.209773,12.817011,-14.207665,12.816296
0,-14.202292,12.809398,-14.199441,12.811911,-14.205061,12.813865
0,-14.205061,12.813865,-14.199441,12.811911,-14.199152,12.812555
0,-14.192784,12.814107,-14.198538,12.812687,-14.193730,12.813654
0,-14.209662,12.830279,-14.207665,12.816296,-14.198538,12.812687
0,-14.202292,12.809398,-14.199604,12.810063,-14.199441,12.811911
0,-14.196952,12.811653,-14.196061,12.811458,-14.195067,12.812050
0,-14.286484,12.737575,-14.290379,12.725871,-14.287159,12.727827
0,-14.290911,12.773772,-14.404706,13.020738,-14.291670,12.773178
0,-14.271894,12.788190,-14.269596,12.791726,-14.269299,12.792925
0,-14.289779,12.774084,-14.272755,12.786811,-14.272371,12.787547
0,-14.292143,12.719555,-14.292221,12.720943,-14.293804,12.718139
0,-14.294603,12.751108,-14.289958,12.750321,-14.292200,12.751547
0,-14.308468,12.722444,-14.292084,12.724732,-14.288193,12.740227
0,-14.292221,12.720943,-14.295073,12.718105,-14.293804,12.718139
0,-14.300945,12.718487,-14.308107,12.721147,-14.302417,12.717207
0,-14.292765,12.718591,-14.292143,12.719555,-14.293804,12.718139
0,-14.297035,12.719234,-14.292389,12.722748,-14.292084,12.724732
0,-14.299632,12.755227,-14.294828,12.760126,-14.301228,12.755473
0,-14.294112,12.769318,-14.291670,12.773178,-14.294924,12.768217
0,-14.294245,12.757762,-14.294828,12.760126,-14.299632,12.755227
0,-14.295224,12.766601,-14.301228,12.755473,-14.294828,12.760126
0,-14.294245,12.757762,-14.299632,12.755227,-14.296817,12.754737
0,-14.294785,12.755687,-14.294245,12.757762,-14.296817,12.754737
0,-14.296817,12.754737,-14.295736,12.754818,-14.294785,12.755687
0,-14.294924,12.768217,-14.302073,12.755215,-14.295224,12.766601
0,-14.312804,12.721471,-14.311568,12.722707,-14.301778,12.752520
0,-14.295224,12.766601,-14.302073,12.755215,-14.301228,12.755473
0,-14.294924,12.768217,-14.442624,12.680864,-14.302073,12.755215
0,-14.323945,12.713166,-14.301778,12.752520,-14.302073,12.755215
0,-14.311568,12.722707,-14.309543,12.722964,-14.300902,12.751077
0,-14.311568,12.722707,-14.300902,12.751077,-14.301778,12.752520
0,-14.309543,12.722964,-14.299687,12.750511,-14.300902,12.751077
0,-14.324091,12.708546,-14.325965,12.705004,-14.323748,12.705676
0,-14.313357,12.714127,-14.315834,12.711239,-14.312630,12.711993
0,-14.308107,12.721147,-14.308482,12.717082,-14.302417,12.717207
0,-14.292084,12.724732,-14.308468,12.722444,-14.299101,12.719393
0,-14.308468,12.722444,-14.308107,12.721147,-14.300945,12.718487
0,-14.313209,12.710659,-14.312630,12.711993,-14.314007,12.710665
0,-14.299101,12.719393,-14.308468,12.722444,-14.300945,12.718487
0,-14.295073,12.718105,-14.292221,12.720943,-14.297035,12.719234
0,-14.324091,12.708546,-14.323748,12.705676,-14.323020,12.707611
0,-14.301778,12.752520,-14.323945,12.713166,-14.312804,12.721471
0,-14.324739,12.709384,-14.328375,12.703825,-14.325965,12.705004
0,-14.337929,12.702533,-14.330078,12.702780,-14.324955,12.711096
0,-14.324955,12.711096,-14.328375,12.703825,-14.324739,12.709384
0,-14.324739,12.709384,-14.325965,12.705004,-14.324091,12.708546
0,-14.312804,12.721471,-14.323945,12.713166,-14.322529,12.713615
0,-14.302073,12.755215,-14.337929,12.702533,-14.323945,12.713166
0,-14.329212,12.683772,-14.332226,12.687315,-14.351552,12.680594
0,-14.308268,12.715139,-14.302770,12.715084,-14.308482,12.717082
0,-14.324955,12.711096,-14.330078,12.702780,-14.328375,12.703825
0,-14.337929,12.702533,-14.336721,12.701318,-14.330078,12.702780
0,-14.326125,12.680391,-14.329212,12.683772,-14.351552,12.680594
0,-14.307484,12.713791,-14.302770,12.715084,-14.308268,12.715139
0,-14.322890,12.706638,-14.323020,12.707611,-14.323748,12.705676
0,-14.314007,12.710665,-14.312630,12.711993,-14.315834,12.711239
0,-14.307484,12.713791,-14.305802,12.712987,-14.302770,12.715084
0,-14.322529,12.713615,-14.320411,12.713872,-14.312804,12.721471
0,-14.320411,12.713872,-14.317979,12.712785,-14.313712,12.715933
0,-14.320411,12.713872,-14.313712,12.715933,-14.312804,12.721471
0,-14.317979,12.712785,-14.315834,12.711239,-14.313357,12.714127
0,-14.313712,12.715933,-14.317979,12.712785,-14.313357,12.714127
0,-14.312630,12.711993,-14.313209,12.710659,-14.312544,12.711206
0,-14.308482,12.717082,-14.302770,12.715084,-14.302417,12.717207
0,-14.303919,12.713293,-14.302770,12.715084,-14.305802,12.712987
0,-14.302971,12.713930,-14.302770,12.715084,-14.303919,12.713293
0,-14.284397,12.735103,-14.286484,12.737575,-14.285301,12.730073
0,-14.294603,12.751108,-14.298466,12.750406,-14.287998,12.744986
0,-14.286589,12.728422,-14.285301,12.730073,-14.286484,12.737575
0,-14.284160,12.731171,-14.283950,12.733065,-14.285301,12.730073
0,-14.269878,12.771204,-14.269276,12.774479,-14.273419,12.769898
0,-14.284397,12.735103,-14.285301,12.730073,-14.283950,12.733065
0,-14.288806,12.748183,-14.287998,12.744986,-14.287982,12.746326
0,-14.294603,12.751108,-14.287998,12.744986,-14.288806,12.748183
0,-14.288193,12.740227,-14.299687,12.750511,-14.308468,12.722444
0,-14.292200,12.751547,-14.289958,12.750321,-14.290981,12.751210
0,-14.294603,12.751108,-14.288806,12.748183,-14.289958,12.750321
0,-14.298466,12.750406,-14.299687,12.750511,-14.288193,12.740227
0,-14.298466,12.750406,-14.288127,12.741937,-14.287998,12.744986
0,-14.298466,12.750406,-14.288193,12.740227,-14.288127,12.741937
0,-14.280917,12.767847,-14.278429,12.767544,-14.276731,12.768128
0,-14.278429,12.767544,-14.277440,12.767720,-14.276731,12.768128
0,-14.288368,12.774070,-14.287002,12.774334,-14.289779,12.774084
0,-14.287002,12.774334,-14.272755,12.786811,-14.289779,12.774084
0,-14.272178,12.779778,-14.272766,12.781772,-14.287002,12.774334
0,-14.271894,12.788190,-14.270178,12.790161,-14.269596,12.791726
0,-14.284580,12.768207,-14.283690,12.767967,-14.284903,12.768765
0,-14.272758,12.782419,-14.272677,12.785376,-14.287002,12.774334
0,-14.287002,12.774334,-14.272677,12.785376,-14.272755,12.786811
0,-14.272758,12.782419,-14.272502,12.784312,-14.272677,12.785376
0,-14.269735,12.775501,-14.271716,12.779034,-14.273419,12.769898
0,-14.274461,12.769215,-14.271716,12.779034,-14.272178,12.779778
0,-14.271716,12.779034,-14.274461,12.769215,-14.273419,12.769898
0,-14.272758,12.782419,-14.287002,12.774334,-14.272766,12.781772
0,-14.272758,12.782419,-14.272515,12.783110,-14.272502,12.784312
0,-14.236110,12.828468,-14.404706,13.020738,-14.268962,12.793661
0,-14.262359,12.795443,-14.254412,12.799569,-14.253218,12.801221
0,-14.260906,12.795058,-14.254759,12.798093,-14.254412,12.799569
0,-14.257679,12.793547,-14.254640,12.796151,-14.254759,12.798093
0,-14.252086,12.797419,-14.251479,12.797044,-14.252124,12.798159
0,-14.260906,12.795058,-14.257679,12.793547,-14.254759,12.798093
0,-14.256266,12.793763,-14.255370,12.793985,-14.255329,12.794106
0,-14.260906,12.795058,-14.254412,12.799569,-14.262359,12.795443
0,-14.268063,12.794114,-14.253218,12.801221,-14.237366,12.825567
0,-14.268063,12.794114,-14.263161,12.795174,-14.253218,12.801221
0,-14.241336,12.807993,-14.251806,12.801254,-14.245628,12.798833
0,-14.240832,12.806924,-14.241045,12.800683,-14.239392,12.801313
0,-14.252124,12.798159,-14.248752,12.797015,-14.251674,12.800467
0,-14.240832,12.806924,-14.245628,12.798833,-14.241045,12.800683
0,-14.251806,12.801254,-14.251674,12.800467,-14.245628,12.798833
0,-14.256266,12.793763,-14.255329,12.794106,-14.254640,12.796151
0,-14.272371,12.787547,-14.271894,12.788190,-14.269299,12.792925
0,-14.269596,12.791726,-14.270178,12.790161,-14.269793,12.790988
0,-14.268962,12.793661,-14.404706,13.020738,-14.290911,12.773772
0,-14.268063,12.794114,-14.236542,12.827733,-14.268962,12.793661
0,-14.289779,12.774084,-14.272371,12.787547,-14.290911,12.773772
0,-14.274461,12.769215,-14.272178,12.779778,-14.286217,12.773079
0,-14.270089,12.777446,-14.271716,12.779034,-14.269735,12.775501
0,-14.269878,12.771204,-14.268685,12.772671,-14.269276,12.774479
0,-14.269276,12.774479,-14.268685,12.772671,-14.268577,12.773871
0,-14.112535,12.951283,-14.109881,12.948318,-14.109638,12.949996
0,-14.112535,12.951283,-14.110606,12.947177,-14.109881,12.948318
