5,9,12,45,11,
0,-17.384255,14.766735,-17.384433,14.766749,-17.381996,14.759572
0,-17.421158,14.735590,-17.418476,14.734167,-17.417173,14.734982
0,-17.372337,14.765182,-17.372314,14.765397,-17.373229,14.764111
0,-17.398547,14.766348,-17.397597,14.766962,-17.398210,14.767049
0,-17.380775,14.745003,-17.377703,14.748291,-17.380923,14.744974
0,-17.372228,14.765565,-17.371944,14.766113,-17.371899,14.766970
0,-17.388266,14.767118,-17.396610,14.767675,-17.397071,14.766770
0,-17.399388,14.740476,-17.400784,14.737426,-17.399328,14.740051
0,-17.406619,14.753035,-17.397466,14.742354,-17.397131,14.742514
0,-17.399388,14.740476,-17.403477,14.736700,-17.402595,14.736967
0,-17.382899,14.766888,-17.383453,14.766671,-17.380068,14.760609
0,-17.421122,14.735423,-17.420999,14.735034,-17.418476,14.734167
0,-17.410790,14.734348,-17.409057,14.734883,-17.414425,14.736516
0,-17.396551,14.742660,-17.395326,14.742838,-17.400120,14.757309
0,-17.397807,14.763410,-17.396913,14.761858,-17.397075,14.766761
0,-17.397597,14.766962,-17.397881,14.767094,-17.398210,14.767049
0,-17.401902,14.758327,-17.404965,14.755594,-17.400506,14.757513
0,-17.377069,14.775124,-17.371745,14.775425,-17.373675,14.776450
0,-17.373229,14.764111,-17.372793,14.764348,-17.372337,14.765182
0,-17.369690,14.773247,-17.369917,14.772933,-17.369688,14.773245
0,-17.371241,14.774886,-17.370593,14.771792,-17.370510,14.771943
0,-17.386359,14.743884,-17.386814,14.743780,-17.386441,14.743862
0,-17.373838,14.763820,-17.373412,14.764021,-17.372314,14.765397
0,-17.398764,14.738824,-17.399102,14.738304,-17.398605,14.738606
0,-17.399102,14.738304,-17.399597,14.737687,-17.398969,14.737808
0,-17.377819,14.745710,-17.377820,14.745717,-17.377953,14.745665
0,-17.415868,14.735739,-17.422279,14.740333,-17.415915,14.735712
0,-17.424187,14.744182,-17.424101,14.745119,-17.424446,14.744490
0,-17.420032,14.733212,-17.419903,14.733289,-17.420176,14.733480
0,-17.417010,14.735076,-17.415915,14.735712,-17.422279,14.740333
0,-17.422279,14.740333,-17.415868,14.735739,-17.415702,14.735837
0,-17.422279,14.740333,-17.419299,14.745848,-17.419434,14.745829
0,-17.406267,14.735849,-17.404985,14.736254,-17.409686,14.746697
0,-17.413995,14.735472,-17.410790,14.734348,-17.414369,14.736380
0,-17.394807,14.742915,-17.394343,14.742909,-17.400120,14.757309
0,-17.399237,14.758418,-17.390614,14.743166,-17.390535,14.743174
0,-17.399237,14.758418,-17.390436,14.743183,-17.389793,14.743246
0,-17.421154,14.745594,-17.421250,14.745580,-17.423281,14.743773
0,-17.413208,14.746480,-17.413357,14.746469,-17.414464,14.736585
0,-17.422279,14.740333,-17.419833,14.745775,-17.420161,14.745730
0,-17.424490,14.744755,-17.424482,14.744703,-17.424101,14.745119
0,-17.424506,14.745003,-17.424506,14.745002,-17.424505,14.745006
0,-17.424101,14.745119,-17.424482,14.744703,-17.424446,14.744490
0,-17.424506,14.745002,-17.424490,14.744755,-17.424101,14.745119
0,-17.421250,14.745580,-17.423761,14.745222,-17.423281,14.743773
0,-17.422279,14.740333,-17.419434,14.745829,-17.419833,14.745775
0,-17.417828,14.746029,-17.422279,14.740333,-17.414464,14.736585
0,-17.414425,14.736516,-17.409057,14.734883,-17.414464,14.736585
0,-17.414956,14.746329,-17.415905,14.746230,-17.414464,14.736585
0,-17.408878,14.748622,-17.397596,14.742248,-17.408385,14.750030
0,-17.398635,14.741233,-17.397596,14.742248,-17.408878,14.748622
0,-17.399094,14.740755,-17.398635,14.741233,-17.408878,14.748622
0,-17.388278,14.767519,-17.391562,14.769844,-17.388279,14.767290
0,-17.397881,14.767094,-17.398016,14.767156,-17.398210,14.767049
0,-17.396941,14.767091,-17.396610,14.767675,-17.396852,14.767285
0,-17.393397,14.770031,-17.393949,14.770020,-17.394139,14.769961
0,-17.397877,14.763096,-17.397480,14.762280,-17.397807,14.763410
0,-17.398126,14.767199,-17.398445,14.767231,-17.398210,14.767049
0,-17.405440,14.754871,-17.400120,14.757309,-17.404965,14.755594
0,-17.394343,14.742909,-17.392682,14.742976,-17.400120,14.757309
0,-17.388266,14.767118,-17.397071,14.766770,-17.397075,14.766761
0,-17.388220,14.767947,-17.388206,14.768223,-17.391562,14.769844
0,-17.381996,14.759572,-17.383453,14.766671,-17.383916,14.766707
0,-17.378899,14.771396,-17.379085,14.770831,-17.371886,14.769175
0,-17.372314,14.765397,-17.371899,14.766970,-17.374250,14.763626
0,-17.378706,14.771907,-17.378827,14.771594,-17.371886,14.769175
0,-17.371886,14.769175,-17.378450,14.772567,-17.378505,14.772429
0,-17.377643,14.774385,-17.378022,14.773679,-17.378139,14.773306
0,-17.371886,14.769175,-17.378247,14.773047,-17.378326,14.772874
0,-17.376374,14.776793,-17.376395,14.776629,-17.375347,14.776699
0,-17.395555,14.769156,-17.395911,14.768729,-17.396045,14.768477
0,-17.376368,14.776822,-17.376372,14.776803,-17.376374,14.776793
0,-17.371990,14.775686,-17.373675,14.776450,-17.371745,14.775425
0,-17.372743,14.776282,-17.373403,14.776414,-17.371990,14.775686
0,-17.377069,14.775124,-17.370939,14.771125,-17.371433,14.775092
0,-17.377331,14.774839,-17.377496,14.774610,-17.377069,14.775124
0,-17.377643,14.774385,-17.378139,14.773306,-17.371073,14.770837
0,-17.379360,14.770143,-17.379433,14.770055,-17.374250,14.763626
0,-17.370847,14.771287,-17.371241,14.774886,-17.371433,14.775092
0,-17.370666,14.771650,-17.370593,14.771792,-17.371241,14.774886
0,-17.372472,14.764511,-17.372309,14.764924,-17.372793,14.764348
0,-17.372472,14.764511,-17.372273,14.764565,-17.372309,14.764924
0,-17.372272,14.764546,-17.372273,14.764565,-17.372472,14.764511
0,-17.384255,14.766735,-17.381996,14.759572,-17.383916,14.766707
0,-17.397713,14.760572,-17.397915,14.760255,-17.381996,14.759572
0,-17.381996,14.759572,-17.396913,14.761858,-17.397713,14.760572
0,-17.373363,14.764043,-17.373229,14.764111,-17.372314,14.765397
0,-17.399237,14.758418,-17.390535,14.743174,-17.390436,14.743183
0,-17.398307,14.759638,-17.389793,14.743246,-17.389340,14.743308
0,-17.398307,14.759638,-17.381286,14.758081,-17.381419,14.758361
0,-17.379501,14.745258,-17.377779,14.747594,-17.380435,14.745071
0,-17.399102,14.738304,-17.400303,14.737536,-17.399597,14.737687
0,-17.377962,14.745566,-17.377953,14.745665,-17.379501,14.745258
0,-17.386641,14.743813,-17.386441,14.743862,-17.386814,14.743780
0,-17.377881,14.751175,-17.378024,14.751399,-17.377564,14.749601
0,-17.377585,14.749341,-17.377564,14.749601,-17.378024,14.751399
0,-17.377703,14.748290,-17.377703,14.748291,-17.377703,14.748291
0,-17.381715,14.744821,-17.377585,14.749339,-17.378024,14.751399
0,-17.377585,14.749341,-17.377572,14.749457,-17.377564,14.749601
0,-17.420285,14.733680,-17.420176,14.733480,-17.419447,14.733563
0,-17.418860,14.733929,-17.418476,14.734167,-17.420678,14.734405
0,-17.419903,14.733289,-17.419447,14.733563,-17.420176,14.733480
0,-17.420678,14.734405,-17.418476,14.734167,-17.420999,14.735034
0,-17.421122,14.735423,-17.418476,14.734167,-17.421158,14.735590
0,-17.420285,14.733680,-17.419447,14.733563,-17.420678,14.734405
0,-17.419447,14.733563,-17.418860,14.733929,-17.420678,14.734405
0,-17.415702,14.735837,-17.415165,14.736203,-17.422279,14.740333
0,-17.415165,14.736203,-17.414464,14.736585,-17.422279,14.740333
0,-17.414464,14.736585,-17.415905,14.746230,-17.417828,14.746029
0,-17.414425,14.736516,-17.414369,14.736380,-17.410790,14.734348
0,-17.413755,14.734855,-17.411838,14.734031,-17.413898,14.735222
0,-17.411838,14.734031,-17.413995,14.735472,-17.413898,14.735222
0,-17.411838,14.734031,-17.410790,14.734348,-17.413995,14.735472
0,-17.417173,14.734982,-17.417010,14.735076,-17.421158,14.735590
0,-17.413619,14.734505,-17.412239,14.733884,-17.413755,14.734855
0,-17.413573,14.734388,-17.412239,14.733884,-17.413619,14.734505
0,-17.413165,14.733603,-17.413573,14.734388,-17.413310,14.733546
0,-17.413032,14.733656,-17.412895,14.733676,-17.413573,14.734388
0,-17.413032,14.733656,-17.413573,14.734388,-17.413165,14.733603
0,-17.412532,14.733737,-17.412758,14.733725,-17.412688,14.733631
0,-17.412758,14.733725,-17.413573,14.734388,-17.412895,14.733676
0,-17.412532,14.733737,-17.412239,14.733884,-17.412758,14.733725
0,-17.412239,14.733884,-17.413573,14.734388,-17.412758,14.733725
0,-17.411838,14.734031,-17.413755,14.734855,-17.412239,14.733884
0,-17.399255,14.739698,-17.400303,14.737536,-17.399184,14.739508
0,-17.377703,14.748291,-17.380715,14.745014,-17.377703,14.748290
0,-17.409429,14.747708,-17.409585,14.747407,-17.409628,14.747083
0,-17.410050,14.746665,-17.409057,14.734883,-17.407216,14.735495
0,-17.410050,14.746665,-17.414464,14.736585,-17.409057,14.734883
0,-17.411540,14.746590,-17.411803,14.746577,-17.414464,14.736585
0,-17.413136,14.746485,-17.413208,14.746480,-17.414464,14.736585
0,-17.399184,14.739508,-17.400303,14.737536,-17.399102,14.738304
0,-17.397596,14.742248,-17.397466,14.742354,-17.408026,14.750843
0,-17.406619,14.753035,-17.397131,14.742514,-17.396933,14.742592
0,-17.395910,14.742688,-17.395326,14.742838,-17.396551,14.742660
0,-17.400120,14.757309,-17.406619,14.753035,-17.396933,14.742592
0,-17.405440,14.754871,-17.406619,14.753035,-17.400120,14.757309
0,-17.396933,14.742592,-17.396551,14.742660,-17.400120,14.757309
0,-17.391615,14.743062,-17.390614,14.743166,-17.399237,14.758418
0,-17.398307,14.759638,-17.389340,14.743308,-17.388403,14.743461
0,-17.398307,14.759638,-17.381066,14.757607,-17.381163,14.757818
0,-17.388403,14.743461,-17.381066,14.757607,-17.398307,14.759638
0,-17.391968,14.743034,-17.391615,14.743062,-17.400044,14.757408
0,-17.395461,14.742783,-17.395326,14.742838,-17.395910,14.742688
0,-17.395326,14.742838,-17.394807,14.742915,-17.400120,14.757309
0,-17.400044,14.757408,-17.392406,14.743001,-17.391968,14.743034
0,-17.400120,14.757309,-17.392682,14.742976,-17.392406,14.743001
0,-17.421154,14.745594,-17.423281,14.743773,-17.420884,14.745631
0,-17.420884,14.745631,-17.423281,14.743773,-17.422279,14.740333
0,-17.420161,14.745730,-17.420884,14.745631,-17.422279,14.740333
0,-17.409686,14.746697,-17.409688,14.746697,-17.410050,14.746665
0,-17.399255,14.739698,-17.400784,14.737426,-17.400303,14.737536
0,-17.398764,14.738824,-17.399184,14.739508,-17.399102,14.738304
0,-17.399296,14.739851,-17.400784,14.737426,-17.399255,14.739698
0,-17.400784,14.737426,-17.399388,14.740476,-17.402595,14.736967
0,-17.399094,14.740755,-17.408878,14.748622,-17.408971,14.748467
0,-17.399328,14.740051,-17.400784,14.737426,-17.399296,14.739851
0,-17.423761,14.745222,-17.424187,14.744182,-17.423866,14.744003
0,-17.424405,14.744347,-17.424187,14.744182,-17.424446,14.744490
0,-17.423608,14.743895,-17.423761,14.745222,-17.423866,14.744003
0,-17.421158,14.735590,-17.417010,14.735076,-17.422279,14.740333
0,-17.424508,14.745005,-17.424506,14.745003,-17.424505,14.745006
0,-17.423761,14.745222,-17.423608,14.743895,-17.423281,14.743773
0,-17.424505,14.745006,-17.424506,14.745002,-17.424101,14.745119
0,-17.424101,14.745119,-17.424187,14.744182,-17.423761,14.745222
0,-17.419299,14.745848,-17.422279,14.740333,-17.418447,14.745965
0,-17.418447,14.745965,-17.422279,14.740333,-17.418383,14.745972
0,-17.418383,14.745972,-17.422279,14.740333,-17.417828,14.746029
0,-17.413357,14.746469,-17.414956,14.746329,-17.414464,14.736585
0,-17.411803,14.746577,-17.413136,14.746485,-17.414464,14.736585
0,-17.399094,14.740755,-17.409686,14.746697,-17.399388,14.740476
0,-17.410050,14.746665,-17.411540,14.746590,-17.414464,14.736585
0,-17.409628,14.747083,-17.408971,14.748467,-17.409429,14.747708
0,-17.397596,14.742248,-17.408026,14.750843,-17.408385,14.750030
0,-17.408385,14.750030,-17.408026,14.750843,-17.408237,14.750449
0,-17.409686,14.746697,-17.403477,14.736700,-17.399388,14.740476
0,-17.404985,14.736254,-17.403477,14.736700,-17.409686,14.746697
0,-17.406267,14.735849,-17.409686,14.746697,-17.407216,14.735495
0,-17.410050,14.746665,-17.407216,14.735495,-17.409686,14.746697
0,-17.408971,14.748467,-17.409686,14.746697,-17.399094,14.740755
0,-17.408971,14.748467,-17.409628,14.747083,-17.409686,14.746697
0,-17.408237,14.750449,-17.408026,14.750843,-17.408064,14.750786
0,-17.397466,14.742354,-17.406919,14.752568,-17.408026,14.750843
0,-17.397466,14.742354,-17.406619,14.753035,-17.406919,14.752568
0,-17.404965,14.755594,-17.405023,14.755520,-17.405440,14.754871
0,-17.400506,14.757513,-17.404965,14.755594,-17.400120,14.757309
0,-17.398547,14.766348,-17.397075,14.766761,-17.397597,14.766962
0,-17.397963,14.762661,-17.397685,14.762442,-17.397877,14.763096
0,-17.400120,14.757309,-17.392406,14.743001,-17.400111,14.757321
0,-17.398853,14.759603,-17.399442,14.759402,-17.399237,14.758418
0,-17.400111,14.757321,-17.392406,14.743001,-17.400044,14.757408
0,-17.398737,14.763993,-17.397835,14.763455,-17.398739,14.765993
0,-17.399276,14.764291,-17.399008,14.765535,-17.399661,14.764600
0,-17.397480,14.762280,-17.397877,14.763096,-17.397685,14.762442
0,-17.399008,14.765535,-17.398737,14.763993,-17.398739,14.765993
0,-17.399276,14.764291,-17.398737,14.763993,-17.399008,14.765535
0,-17.399793,14.759087,-17.400002,14.758908,-17.399237,14.758418
0,-17.399237,14.758418,-17.399442,14.759402,-17.399793,14.759087
0,-17.398853,14.759603,-17.399237,14.758418,-17.398307,14.759638
0,-17.400044,14.757408,-17.391615,14.743062,-17.399237,14.758418
0,-17.396852,14.767285,-17.396610,14.767675,-17.396758,14.767462
0,-17.388266,14.767118,-17.396414,14.767964,-17.396610,14.767675
0,-17.388266,14.767118,-17.391562,14.769844,-17.396414,14.767964
0,-17.396414,14.767964,-17.391562,14.769844,-17.396199,14.768246
0,-17.396199,14.768246,-17.393397,14.770031,-17.396045,14.768477
0,-17.395100,14.769533,-17.395555,14.769156,-17.396045,14.768477
0,-17.395100,14.769533,-17.395491,14.769232,-17.395555,14.769156
0,-17.394225,14.769933,-17.395100,14.769533,-17.396045,14.768477
0,-17.394614,14.769809,-17.395100,14.769533,-17.394225,14.769933
0,-17.394225,14.769933,-17.396045,14.768477,-17.393397,14.770031
0,-17.394139,14.769961,-17.394225,14.769933,-17.393397,14.770031
0,-17.391562,14.769844,-17.393397,14.770031,-17.396199,14.768246
0,-17.388659,14.769504,-17.391562,14.769844,-17.388206,14.768223
0,-17.395033,14.769583,-17.395100,14.769533,-17.394614,14.769809
0,-17.394975,14.769626,-17.395033,14.769583,-17.394614,14.769809
0,-17.388145,14.768837,-17.388659,14.769504,-17.388206,14.768223
0,-17.397075,14.766761,-17.397835,14.763455,-17.397807,14.763410
0,-17.396913,14.761858,-17.388233,14.767056,-17.397075,14.766761
0,-17.398739,14.765993,-17.397835,14.763455,-17.397075,14.766761
0,-17.396610,14.767675,-17.396941,14.767091,-17.397071,14.766770
0,-17.398016,14.767156,-17.398126,14.767199,-17.398210,14.767049
0,-17.398739,14.765993,-17.397075,14.766761,-17.398627,14.766184
0,-17.398627,14.766184,-17.397075,14.766761,-17.398547,14.766348
0,-17.399237,14.758418,-17.389793,14.743246,-17.398307,14.759638
0,-17.398307,14.759638,-17.381616,14.758774,-17.398108,14.759951
0,-17.398108,14.759951,-17.381616,14.758774,-17.397915,14.760255
0,-17.397385,14.761267,-17.397713,14.760572,-17.396913,14.761858
0,-17.397915,14.760255,-17.381616,14.758774,-17.381996,14.759572
0,-17.397713,14.760572,-17.397631,14.760838,-17.397695,14.760728
0,-17.397184,14.762060,-17.397807,14.763410,-17.397480,14.762280
0,-17.396963,14.761895,-17.397807,14.763410,-17.397184,14.762060
0,-17.397713,14.760572,-17.397385,14.761267,-17.397631,14.760838
0,-17.396913,14.761858,-17.397807,14.763410,-17.396963,14.761895
0,-17.388220,14.767947,-17.391562,14.769844,-17.388278,14.767519
0,-17.391562,14.769844,-17.388266,14.767118,-17.388279,14.767290
0,-17.386133,14.766856,-17.381996,14.759572,-17.385757,14.766824
0,-17.397075,14.766761,-17.388233,14.767056,-17.388266,14.767118
0,-17.396913,14.761858,-17.381996,14.759572,-17.388233,14.767056
0,-17.382899,14.766888,-17.380068,14.760609,-17.382288,14.767031
0,-17.382288,14.767031,-17.380068,14.760609,-17.381847,14.767117
0,-17.376906,14.762234,-17.376395,14.762496,-17.381413,14.767348
0,-17.381515,14.767170,-17.378021,14.761623,-17.376906,14.762234
0,-17.375027,14.763222,-17.380214,14.769215,-17.380400,14.768942
0,-17.378827,14.771594,-17.378899,14.771396,-17.371886,14.769175
0,-17.375027,14.763222,-17.379588,14.769897,-17.380214,14.769215
0,-17.380036,14.769479,-17.380214,14.769215,-17.379588,14.769897
0,-17.379588,14.769897,-17.375027,14.763222,-17.379433,14.770055
0,-17.388413,14.769493,-17.388145,14.768837,-17.388095,14.769389
0,-17.381113,14.767871,-17.376395,14.762496,-17.375689,14.762880
0,-17.388145,14.768837,-17.388413,14.769493,-17.388659,14.769504
0,-17.388095,14.769389,-17.388100,14.769482,-17.388413,14.769493
0,-17.388413,14.769493,-17.388100,14.769482,-17.388122,14.769547
0,-17.371151,14.770623,-17.371073,14.770837,-17.378139,14.773306
0,-17.371886,14.769175,-17.378505,14.772429,-17.378706,14.771907
0,-17.371886,14.769175,-17.378326,14.772874,-17.378450,14.772567
0,-17.371886,14.769175,-17.371640,14.769522,-17.378247,14.773047
0,-17.371073,14.770837,-17.377069,14.775124,-17.377496,14.774610
0,-17.377747,14.774239,-17.378022,14.773679,-17.377643,14.774385
0,-17.377747,14.774239,-17.377921,14.773936,-17.378022,14.773679
0,-17.375347,14.776699,-17.376395,14.776629,-17.376496,14.776246
0,-17.376496,14.776246,-17.376616,14.775948,-17.375347,14.776699
0,-17.376372,14.776803,-17.376368,14.776822,-17.376371,14.776813
0,-17.376370,14.776823,-17.376371,14.776813,-17.376368,14.776822
0,-17.376616,14.775948,-17.376803,14.775603,-17.374516,14.776563
0,-17.371073,14.770837,-17.377496,14.774610,-17.377643,14.774385
0,-17.377069,14.775124,-17.374516,14.776563,-17.376954,14.775319
0,-17.376886,14.775465,-17.376954,14.775319,-17.376803,14.775603
0,-17.372512,14.776193,-17.372743,14.776282,-17.372506,14.776188
0,-17.372506,14.776188,-17.372743,14.776282,-17.372384,14.776108
0,-17.372384,14.776108,-17.372743,14.776282,-17.371990,14.775686
0,-17.371990,14.775686,-17.373403,14.776414,-17.373675,14.776450
0,-17.376368,14.776822,-17.376374,14.776793,-17.375347,14.776699
0,-17.376616,14.775948,-17.374516,14.776563,-17.375347,14.776699
0,-17.376803,14.775603,-17.376954,14.775319,-17.374516,14.776563
0,-17.374516,14.776563,-17.377069,14.775124,-17.373675,14.776450
0,-17.372743,14.776282,-17.372512,14.776193,-17.372519,14.776197
0,-17.371745,14.775425,-17.377069,14.775124,-17.371433,14.775092
0,-17.370346,14.773955,-17.371241,14.774886,-17.370389,14.772167
0,-17.371433,14.775092,-17.370939,14.771125,-17.370847,14.771287
0,-17.370346,14.773955,-17.370389,14.772167,-17.370300,14.772314
0,-17.369690,14.773247,-17.369690,14.773248,-17.369917,14.772933
0,-17.369691,14.773248,-17.369917,14.772933,-17.369690,14.773248
0,-17.370317,14.773924,-17.370346,14.773955,-17.370300,14.772314
0,-17.370317,14.773924,-17.369917,14.772933,-17.369691,14.773248
0,-17.370317,14.773924,-17.370082,14.772678,-17.369917,14.772933
0,-17.370847,14.771287,-17.370724,14.771539,-17.371241,14.774886
0,-17.370666,14.771650,-17.371241,14.774886,-17.370724,14.771539
0,-17.370389,14.772167,-17.371241,14.774886,-17.370510,14.771943
0,-17.370082,14.772678,-17.370317,14.773924,-17.370300,14.772314
0,-17.377069,14.775124,-17.371073,14.770837,-17.370939,14.771125
0,-17.379085,14.770831,-17.379251,14.770328,-17.371886,14.769175
0,-17.378247,14.773047,-17.371640,14.769522,-17.371366,14.770030
0,-17.378247,14.773047,-17.371201,14.770473,-17.371151,14.770623
0,-17.378247,14.773047,-17.371151,14.770623,-17.378139,14.773306
0,-17.379360,14.770143,-17.371840,14.768352,-17.379251,14.770328
0,-17.371711,14.769407,-17.371640,14.769522,-17.371886,14.769175
0,-17.379251,14.770328,-17.371840,14.768352,-17.371886,14.769175
0,-17.371840,14.768352,-17.371789,14.769060,-17.371886,14.769175
0,-17.378247,14.773047,-17.371366,14.770030,-17.371201,14.770473
0,-17.371886,14.769175,-17.371789,14.769060,-17.371832,14.769130
0,-17.371366,14.770030,-17.371269,14.770267,-17.371201,14.770473
0,-17.371571,14.769627,-17.371488,14.769777,-17.371640,14.769522
0,-17.371488,14.769777,-17.371366,14.770030,-17.371640,14.769522
0,-17.372314,14.765397,-17.372228,14.765565,-17.371899,14.766970
0,-17.372228,14.765565,-17.372082,14.765758,-17.371944,14.766113
0,-17.372082,14.765758,-17.371951,14.765840,-17.371944,14.766113
0,-17.379360,14.770143,-17.371899,14.766970,-17.371840,14.768352
0,-17.379360,14.770143,-17.374250,14.763626,-17.371899,14.766970
0,-17.373363,14.764043,-17.372314,14.765397,-17.373412,14.764021
0,-17.372337,14.765182,-17.372793,14.764348,-17.372309,14.764924
0,-17.383686,14.744417,-17.379185,14.753710,-17.379522,14.754398
0,-17.375689,14.762880,-17.375027,14.763222,-17.380400,14.768942
0,-17.383686,14.744417,-17.379033,14.753400,-17.379185,14.753710
0,-17.381515,14.767170,-17.378712,14.761286,-17.378553,14.761363
0,-17.379372,14.760969,-17.381847,14.767117,-17.380068,14.760609
0,-17.378021,14.761623,-17.381515,14.767170,-17.378553,14.761363
0,-17.376906,14.762234,-17.381413,14.767348,-17.381515,14.767170
0,-17.376395,14.762496,-17.381113,14.767871,-17.381413,14.767348
0,-17.372314,14.765397,-17.374250,14.763626,-17.373838,14.763820
0,-17.379433,14.770055,-17.375027,14.763222,-17.374250,14.763626
0,-17.381113,14.767871,-17.375689,14.762880,-17.380400,14.768942
0,-17.384791,14.766787,-17.381996,14.759572,-17.384433,14.766749
0,-17.383453,14.766671,-17.381996,14.759572,-17.380068,14.760609
0,-17.381515,14.767170,-17.379372,14.760969,-17.378712,14.761286
0,-17.381515,14.767170,-17.381847,14.767117,-17.379372,14.760969
0,-17.387385,14.766971,-17.381996,14.759572,-17.386749,14.766908
0,-17.388233,14.767056,-17.381996,14.759572,-17.387385,14.766971
0,-17.386749,14.766908,-17.381996,14.759572,-17.386483,14.766885
0,-17.386483,14.766885,-17.381996,14.759572,-17.386133,14.766856
0,-17.385757,14.766824,-17.381996,14.759572,-17.384791,14.766787
0,-17.381840,14.759602,-17.380068,14.760609,-17.381996,14.759572
0,-17.398307,14.759638,-17.381441,14.758407,-17.381616,14.758774
0,-17.398307,14.759638,-17.381430,14.758384,-17.381441,14.758407
0,-17.398307,14.759638,-17.381419,14.758361,-17.381430,14.758384
0,-17.381286,14.758081,-17.381286,14.758081,-17.381419,14.758361
0,-17.398307,14.759638,-17.381286,14.758080,-17.381286,14.758081
0,-17.381286,14.758080,-17.398307,14.759638,-17.381163,14.757818
0,-17.387204,14.743707,-17.380774,14.757073,-17.381066,14.757607
0,-17.383686,14.744417,-17.379522,14.754398,-17.384931,14.744174
0,-17.383686,14.744417,-17.382789,14.744593,-17.379033,14.753400
0,-17.381715,14.744821,-17.378024,14.751399,-17.378077,14.751532
0,-17.378783,14.752911,-17.381715,14.744821,-17.378077,14.751532
0,-17.380923,14.744974,-17.377703,14.748291,-17.377585,14.749339
0,-17.377953,14.745665,-17.377910,14.746147,-17.379501,14.745258
0,-17.380775,14.745003,-17.380715,14.745014,-17.377703,14.748291
0,-17.377779,14.747594,-17.379501,14.745258,-17.377802,14.747382
0,-17.380715,14.745014,-17.380435,14.745071,-17.377703,14.748290
0,-17.387737,14.743590,-17.381066,14.757607,-17.388403,14.743461
0,-17.387204,14.743707,-17.381066,14.757607,-17.387737,14.743590
0,-17.386814,14.743780,-17.380774,14.757073,-17.387204,14.743707
0,-17.386359,14.743884,-17.380774,14.757073,-17.386814,14.743780
0,-17.379522,14.754398,-17.386359,14.743884,-17.384931,14.744174
0,-17.379522,14.754398,-17.380774,14.757073,-17.386359,14.743884
0,-17.379033,14.753400,-17.382789,14.744593,-17.378783,14.752911
0,-17.380923,14.744974,-17.377585,14.749339,-17.381715,14.744821
0,-17.382789,14.744593,-17.381715,14.744821,-17.378783,14.752911
0,-17.377820,14.745717,-17.377822,14.745724,-17.377953,14.745665
0,-17.377910,14.746147,-17.377849,14.746841,-17.379501,14.745258
0,-17.377910,14.746147,-17.377953,14.745665,-17.377822,14.745724
0,-17.377849,14.746841,-17.377802,14.747382,-17.379501,14.745258
0,-17.377779,14.747594,-17.377703,14.748290,-17.380435,14.745071
0,-17.377585,14.749340,-17.377585,14.749341,-17.378024,14.751399
0,-17.377881,14.751175,-17.377564,14.749601,-17.377727,14.750854
0,-17.377564,14.749601,-17.377616,14.750514,-17.377727,14.750854
0,-17.377538,14.750067,-17.377616,14.750514,-17.377564,14.749601
0,-17.377703,14.748290,-17.377585,14.749339,-17.377703,14.748291
0,-17.378024,14.751399,-17.377585,14.749339,-17.377585,14.749340
0,-17.377779,14.747594,-17.377703,14.748290,-17.377703,14.748290
0,-17.377585,14.749340,-17.377585,14.749340,-17.377585,14.749340
0,-17.377585,14.749340,-17.377585,14.749339,-17.377585,14.749340
