106,11,21,114,17,
0,-14.173843,13.849640,-14.171961,13.846548,-14.171371,13.873918
0,-13.972389,14.156702,-13.974986,14.147944,-13.975154,14.143433
0,-13.889559,13.742782,-13.836908,13.733227,-13.952570,13.815296
0,-13.511475,13.886437,-13.494709,13.899260,-13.508748,13.898570
0,-13.689962,13.929659,-13.704473,13.949987,-13.689493,13.927650
0,-13.970777,14.162934,-13.971889,14.158780,-13.963796,14.116795
0,-13.645491,14.130004,-13.647318,14.128960,-13.647143,14.128912
0,-13.634708,13.781032,-13.634658,13.781009,-13.590298,13.866488
0,-13.638390,13.782704,-13.694100,13.728870,-13.688267,13.728612
0,-13.861790,13.734292,-13.853241,13.732964,-13.842820,13.732748
0,-13.777563,13.738772,-13.776482,13.738658,-13.771211,13.738578
0,-13.952570,13.815296,-13.836908,13.733227,-13.820250,13.734371
0,-14.055593,13.811389,-14.052015,13.809916,-14.051487,13.809763
0,-13.811977,13.734791,-13.804767,13.735850,-13.819117,13.734508
0,-13.687475,13.906295,-13.689493,13.927650,-13.704473,13.949987
0,-13.904037,13.749655,-13.903050,13.748979,-13.896110,13.745913
0,-13.926507,13.763152,-13.952038,13.812319,-13.932193,13.767588
0,-13.993482,13.802239,-13.992375,13.803501,-13.998876,13.800174
0,-14.175881,13.884161,-14.177714,13.887899,-14.178145,13.885596
0,-14.167871,13.838839,-14.147183,13.830310,-14.169799,13.842071
0,-14.115123,13.829464,-14.110307,13.828297,-14.101805,13.827257
0,-14.175881,13.884161,-14.175172,13.883792,-14.177714,13.887899
0,-14.031983,13.806422,-13.984088,13.813729,-13.981698,13.815323
0,-13.973363,14.154518,-13.974102,14.152795,-13.974472,14.150943
0,-13.956420,14.107099,-13.963796,14.116795,-13.957941,14.108732
0,-13.973363,14.154518,-13.974986,14.147944,-13.972389,14.156702
0,-13.971925,14.076707,-13.959549,13.820759,-13.954254,13.817374
0,-13.865349,14.313908,-13.881345,14.281045,-13.666597,14.125422
0,-13.952570,13.815296,-13.704473,13.949987,-13.954254,13.817374
0,-13.618987,14.162532,-13.623393,14.159526,-13.621328,14.159988
0,-13.666597,14.125422,-13.623393,14.159526,-13.865349,14.313908
0,-13.521332,14.292447,-13.519065,14.295717,-13.515719,14.307115
0,-13.512261,13.888078,-13.508748,13.898570,-13.512861,13.889808
0,-13.524280,14.344700,-13.522647,14.350556,-13.557997,14.409127
0,-13.572247,14.231831,-13.636838,14.407572,-13.666740,14.408252
0,-13.515485,14.297677,-13.514420,14.301647,-13.516239,14.297166
0,-13.771211,13.738578,-13.762458,13.736897,-13.759513,13.736558
0,-13.668947,13.896874,-13.661508,13.891825,-13.663994,13.894026
0,-13.696484,14.008760,-13.695450,13.993630,-13.693978,14.000167
0,-14.003865,14.050559,-14.004018,14.050434,-13.959549,13.820759
0,-13.949917,14.094719,-13.953255,14.102429,-13.950828,14.096497
0,-13.563620,13.868345,-13.564391,13.869389,-13.570068,13.871528
0,-13.628359,13.887302,-13.628360,13.887230,-13.610461,13.878739
0,-13.575351,13.870004,-13.578020,13.869224,-13.579886,13.868268
0,-13.463478,13.868929,-13.477301,13.837847,-13.472777,13.839708
0,-13.682757,13.728303,-13.675254,13.729302,-13.688267,13.728612
0,-14.000294,13.800087,-13.999556,13.800133,-14.002702,13.801110
0,-13.954630,13.799500,-13.948149,13.786318,-13.954194,13.805710
0,-13.945283,13.781695,-13.932193,13.767588,-13.952038,13.812319
0,-13.948149,13.786318,-13.945283,13.781695,-13.952038,13.812319
0,-13.913466,13.755067,-13.952038,13.812319,-13.923649,13.761096
0,-14.044827,13.808955,-14.038690,13.807412,-14.034769,13.807031
0,-13.896110,13.745913,-13.901584,13.747975,-13.900128,13.746979
0,-13.903050,13.748979,-13.901584,13.747975,-13.896110,13.745913
0,-13.687585,13.904912,-13.819117,13.734508,-13.804767,13.735850
0,-13.637194,13.778548,-13.638119,13.781701,-13.675254,13.729302
0,-13.789540,13.738497,-13.687431,13.904269,-13.795446,13.737504
0,-13.771211,13.738578,-13.687431,13.904269,-13.777563,13.738772
0,-13.954254,13.817374,-13.704473,13.949987,-13.971925,14.076707
0,-13.816112,13.734476,-13.811977,13.734791,-13.819117,13.734508
0,-13.808507,13.735181,-13.804767,13.735850,-13.811977,13.734791
0,-14.051487,13.809763,-14.044827,13.808955,-14.055593,13.811389
0,-13.976526,13.818616,-14.044827,13.808955,-14.034769,13.807031
0,-14.022492,13.804084,-14.020603,13.803708,-14.014649,13.803411
0,-14.055593,13.811389,-14.058361,13.813077,-14.057198,13.812178
0,-13.976526,13.818616,-14.034769,13.807031,-13.978335,13.817565
0,-13.971213,13.821252,-14.081377,13.987061,-13.973448,13.820104
0,-14.080400,13.825877,-13.976526,13.818616,-14.084750,13.984296
0,-14.055593,13.811389,-14.058754,13.813381,-14.058361,13.813077
0,-14.044827,13.808955,-13.976526,13.818616,-14.062198,13.814961
0,-14.167071,13.837500,-14.167404,13.836672,-14.166566,13.836444
0,-14.174784,13.869826,-14.177458,13.858313,-14.176144,13.854808
0,-14.165402,13.880353,-14.147183,13.830310,-14.123959,13.830447
0,-14.147183,13.830310,-14.165402,13.880353,-14.167724,13.877595
0,-14.167071,13.837500,-14.147183,13.830310,-14.167871,13.838839
0,-14.177330,13.890617,-14.175172,13.883792,-14.173145,13.882403
0,-14.115123,13.829464,-14.165402,13.880353,-14.123959,13.830447
0,-14.173145,13.882403,-14.169415,13.881286,-14.177330,13.890617
0,-14.175807,13.894806,-14.165402,13.880353,-14.175281,13.897293
0,-14.174709,13.899181,-14.165402,13.880353,-14.174281,13.900286
0,-14.172131,13.909404,-14.172708,13.905627,-14.165588,13.918003
0,-13.974472,14.150943,-13.974585,14.150493,-13.974986,14.147944
0,-13.963796,14.116795,-13.962760,14.114467,-13.957941,14.108732
0,-13.698818,13.985675,-13.696484,14.008760,-13.701257,13.978185
0,-14.101805,13.827257,-14.096515,13.826732,-14.138647,13.940104
0,-13.972348,14.124731,-13.972274,14.124652,-13.970031,14.122889
0,-14.028183,14.030645,-13.962903,13.821741,-14.004018,14.050434
0,-13.974035,14.126522,-13.977977,14.136059,-13.975929,14.127706
0,-13.968039,14.120890,-13.975414,14.141355,-13.970031,14.122889
0,-13.977977,14.136059,-13.978952,14.133523,-13.975929,14.127706
0,-13.975154,14.143433,-13.966147,14.119255,-13.972389,14.156702
0,-13.912609,14.271520,-13.927519,14.251664,-13.887276,14.264875
0,-13.726545,14.409602,-13.756448,14.410270,-13.834208,14.370698
0,-13.965217,14.117850,-13.963796,14.116795,-13.966147,14.119255
0,-13.968924,14.176059,-13.969511,14.174650,-13.968073,14.176405
0,-13.682475,14.048362,-13.686993,14.037184,-13.685719,14.038072
0,-13.695000,13.994514,-13.694139,13.996227,-13.693978,14.000167
0,-13.698064,13.987940,-13.698033,13.988582,-13.698818,13.985675
0,-13.695450,13.993630,-13.695000,13.994514,-13.693978,14.000167
0,-13.697025,13.990023,-13.695939,13.992204,-13.695768,13.992936
0,-13.887276,14.264875,-13.953255,14.102429,-13.949917,14.094719
0,-13.688327,14.034833,-13.682475,14.048362,-13.694040,14.026826
0,-13.696484,14.008760,-13.696487,14.016498,-13.701257,13.978185
0,-13.692441,14.027938,-13.688327,14.034833,-13.694040,14.026826
0,-13.694040,14.026826,-13.682475,14.048362,-13.675643,14.075434
0,-13.698818,13.985675,-13.698033,13.988582,-13.696484,14.008760
0,-13.703013,13.955611,-13.702693,13.958240,-13.703936,13.954360
0,-13.701909,13.965920,-13.701513,13.972264,-13.701554,13.976442
0,-13.687475,13.906295,-13.704473,13.949987,-13.687585,13.904912
0,-13.781466,13.738746,-13.687431,13.904269,-13.785831,13.738704
0,-13.702316,13.962740,-13.701554,13.976442,-13.703936,13.954360
0,-13.949917,14.094719,-13.704473,13.949987,-13.704343,13.951092
0,-13.670236,13.898038,-13.671532,13.899573,-13.675108,13.901988
0,-13.656839,13.891176,-13.641670,13.889772,-13.655345,13.891619
0,-13.638054,13.887772,-13.635166,13.886499,-13.636587,13.887203
0,-13.649071,13.893302,-13.650000,13.892684,-13.642788,13.891676
0,-13.655345,13.891619,-13.641670,13.889772,-13.653279,13.892033
0,-13.685212,13.903905,-13.686767,13.903868,-13.670236,13.898038
0,-13.686767,13.903868,-13.668947,13.896874,-13.670236,13.898038
0,-13.685212,13.903905,-13.670236,13.898038,-13.683232,13.903849
0,-13.675108,13.901988,-13.676306,13.902880,-13.677581,13.903312
0,-13.968073,14.176405,-13.954661,14.104876,-13.966981,14.181981
0,-13.640180,14.135145,-13.637630,14.138869,-13.656875,14.127069
0,-13.953255,14.102429,-13.887276,14.264875,-13.954661,14.104876
0,-13.588375,14.198810,-13.618987,14.162532,-13.589319,14.195706
0,-13.520812,14.361704,-13.516231,14.373624,-13.516400,14.378308
0,-13.645491,14.130004,-13.656875,14.127069,-13.647318,14.128960
0,-13.678501,14.055155,-13.682475,14.048362,-13.680837,14.049798
0,-13.590595,14.181531,-13.599658,14.171099,-13.597631,14.171773
0,-13.636838,14.407572,-13.568404,14.235439,-13.616589,14.407109
0,-13.524361,14.343688,-13.524280,14.344700,-13.616589,14.407109
0,-13.656875,14.127069,-13.645491,14.130004,-13.640180,14.135145
0,-13.629244,14.152917,-13.662439,14.126776,-13.632344,14.148317
0,-13.647185,14.128884,-13.647143,14.128912,-13.647318,14.128960
0,-13.726545,14.409602,-13.865349,14.313908,-13.623393,14.159526
0,-13.590595,14.181531,-13.600036,14.170974,-13.599658,14.171099
0,-13.601524,14.169950,-13.618987,14.162532,-13.608465,14.165174
0,-13.557997,14.409127,-13.521999,14.353137,-13.521267,14.357336
0,-13.520812,14.361704,-13.520712,14.361750,-13.516231,14.373624
0,-13.504388,14.414898,-13.516400,14.378308,-13.502939,14.415627
0,-13.514136,14.320944,-13.514657,14.322041,-13.515846,14.323098
0,-13.514757,14.302607,-13.516239,14.297166,-13.514420,14.301647
0,-13.491405,13.895684,-13.494709,13.899260,-13.511475,13.886437
0,-13.515290,14.306109,-13.515719,14.307115,-13.519065,14.295717
0,-13.568404,14.235439,-13.568390,14.235447,-13.550989,14.251484
0,-13.512861,13.889808,-13.508748,13.898570,-13.513287,13.892604
0,-13.513351,13.891275,-13.512861,13.889808,-13.513287,13.892604
0,-13.508748,13.898570,-13.494709,13.899260,-13.494717,13.899268
0,-13.513287,13.892604,-13.508748,13.898570,-13.513043,13.894537
0,-13.464099,13.871672,-13.510725,13.871997,-13.463478,13.868929
0,-13.464748,13.878401,-13.464561,13.879581,-13.467068,13.881715
0,-13.546073,13.858756,-13.507719,13.818509,-13.506325,13.819518
0,-13.464099,13.871672,-13.480557,13.889130,-13.510725,13.871997
0,-13.526862,13.871243,-13.546073,13.858756,-13.515824,13.870527
0,-13.477301,13.837847,-13.463478,13.868929,-13.510725,13.871997
0,-13.515824,13.870527,-13.517916,13.871769,-13.526862,13.871243
0,-13.526862,13.871243,-13.517916,13.871769,-13.521659,13.872758
0,-13.512730,13.895692,-13.513043,13.894537,-13.508748,13.898570
0,-13.573774,13.870682,-13.563620,13.868345,-13.571568,13.871320
0,-13.590298,13.866488,-13.594358,13.869711,-13.638390,13.782704
0,-13.590298,13.866488,-13.600169,13.771184,-13.584063,13.770461
0,-13.628564,13.885703,-13.629824,13.885358,-13.610461,13.878739
0,-13.592339,13.869383,-13.592960,13.869930,-13.594204,13.869735
0,-13.590327,13.866540,-13.592339,13.869383,-13.594358,13.869711
0,-13.594358,13.869711,-13.592339,13.869383,-13.594204,13.869735
0,-13.590327,13.866540,-13.594358,13.869711,-13.590298,13.866488
0,-13.590298,13.866488,-13.634658,13.781009,-13.634268,13.780823
0,-13.565785,13.871443,-13.566978,13.871879,-13.565541,13.870471
0,-13.570068,13.871528,-13.571144,13.871379,-13.563620,13.868345
0,-13.714973,13.730272,-13.638390,13.782704,-13.724571,13.731762
0,-13.634770,13.780804,-13.634709,13.780872,-13.634868,13.781033
0,-13.638119,13.781701,-13.638217,13.782033,-13.675254,13.729302
0,-13.633837,13.767113,-13.649805,13.737823,-13.632884,13.752950
0,-13.544698,13.779680,-13.557028,13.859206,-13.549693,13.777623
0,-13.633778,13.748717,-13.633832,13.748816,-13.649805,13.737823
0,-13.633417,13.750887,-13.649805,13.737823,-13.633832,13.748816
0,-13.633060,13.752268,-13.632884,13.752950,-13.649805,13.737823
0,-13.582962,13.867286,-13.557028,13.859206,-13.581378,13.867778
0,-13.524048,13.792917,-13.518783,13.801570,-13.527424,13.790053
0,-13.660406,13.730617,-13.675254,13.729302,-13.664949,13.727528
0,-13.511269,13.870879,-13.512710,13.869939,-13.490245,13.829739
0,-13.506325,13.819518,-13.514595,13.870312,-13.515824,13.870527
0,-13.456949,13.852698,-13.456857,13.857154,-13.457683,13.858243
0,-13.463478,13.868929,-13.472777,13.839708,-13.466051,13.844448
0,-13.558265,13.774091,-13.557028,13.859206,-13.570520,13.772272
0,-13.472777,13.839708,-13.468909,13.841691,-13.466051,13.844448
0,-13.461048,13.864375,-13.463781,13.846468,-13.461512,13.848207
0,-13.461048,13.864375,-13.466051,13.844448,-13.463781,13.846468
0,-13.932193,13.767588,-13.938367,13.772833,-13.935061,13.769545
0,-13.932193,13.767588,-13.929883,13.765011,-13.929601,13.764855
0,-13.913466,13.755067,-13.952570,13.815296,-13.952038,13.812319
0,-13.932193,13.767588,-13.929601,13.764855,-13.926507,13.763152
0,-13.952570,13.815296,-13.904037,13.749655,-13.896110,13.745913
0,-13.945283,13.781695,-13.938367,13.772833,-13.932193,13.767588
0,-14.014649,13.803411,-14.008133,13.801959,-13.986477,13.811198
0,-13.942115,13.776384,-13.938423,13.772886,-13.942860,13.777633
0,-13.997098,13.799958,-13.995414,13.800412,-13.994401,13.801438
0,-13.999556,13.800133,-13.999101,13.800160,-14.002702,13.801110
0,-13.999101,13.800160,-13.998876,13.800174,-14.002702,13.801110
0,-13.998876,13.800174,-13.994401,13.801438,-13.993482,13.802239
0,-13.995414,13.800412,-13.997098,13.799958,-13.996211,13.799981
0,-13.954337,13.796615,-13.948149,13.786318,-13.954630,13.799500
0,-13.945283,13.781695,-13.942860,13.777633,-13.938423,13.772886
0,-13.938367,13.772833,-13.945283,13.781695,-13.938423,13.772886
0,-13.907391,13.751372,-13.904037,13.749655,-13.913466,13.755067
0,-13.916216,13.756290,-13.923649,13.761096,-13.920057,13.757826
0,-13.913466,13.755067,-13.923649,13.761096,-13.916216,13.756290
0,-13.908079,13.751725,-13.907391,13.751372,-13.913466,13.755067
0,-13.842820,13.732748,-13.836908,13.733227,-13.861790,13.734292
0,-13.881679,13.738895,-13.866032,13.734855,-13.889559,13.742782
0,-13.889559,13.742782,-13.866032,13.734855,-13.861790,13.734292
0,-13.881679,13.738895,-13.870791,13.735446,-13.866032,13.734855
0,-13.892163,13.743553,-13.889559,13.742782,-13.896110,13.745913
0,-13.886857,13.740903,-13.884088,13.739456,-13.881679,13.738895
0,-13.876123,13.736393,-13.881679,13.738895,-13.880095,13.737414
0,-13.886857,13.740903,-13.885125,13.739697,-13.884088,13.739456
0,-13.886857,13.740903,-13.881679,13.738895,-13.889559,13.742782
0,-13.881679,13.738895,-13.876123,13.736393,-13.871021,13.735487
0,-13.881679,13.738895,-13.871002,13.735484,-13.870791,13.735446
0,-13.881679,13.738895,-13.871021,13.735487,-13.871002,13.735484
0,-13.842820,13.732748,-13.853241,13.732964,-13.848083,13.732547
0,-13.952570,13.815296,-13.820250,13.734371,-13.819117,13.734508
0,-13.861790,13.734292,-13.856274,13.733209,-13.853241,13.732964
0,-13.827634,13.733478,-13.820250,13.734371,-13.836908,13.733227
0,-13.638390,13.782704,-13.714973,13.730272,-13.714706,13.730230
0,-13.714973,13.730272,-13.724571,13.731762,-13.721386,13.731109
0,-13.714706,13.730230,-13.711629,13.729783,-13.638390,13.782704
0,-13.675254,13.729302,-13.638362,13.782528,-13.688267,13.728612
0,-13.638362,13.782528,-13.675254,13.729302,-13.638217,13.782033
0,-13.680158,13.728324,-13.675254,13.729302,-13.680153,13.728417
0,-13.682757,13.728303,-13.680152,13.728429,-13.675254,13.729302
0,-13.680153,13.728417,-13.675254,13.729302,-13.680152,13.728429
0,-13.637194,13.778548,-13.675254,13.729302,-13.649805,13.737823
0,-13.711629,13.729783,-13.714706,13.730230,-13.711628,13.729751
0,-13.711629,13.729783,-13.703179,13.729243,-13.638390,13.782704
0,-13.703179,13.729243,-13.694100,13.728870,-13.638390,13.782704
0,-13.709715,13.729485,-13.703179,13.729243,-13.711629,13.729783
0,-13.700204,13.728883,-13.694100,13.728870,-13.703179,13.729243
0,-13.745845,13.734762,-13.686767,13.903868,-13.687431,13.904269
0,-13.753240,13.735486,-13.745845,13.734762,-13.687431,13.904269
0,-13.686767,13.903868,-13.745845,13.734762,-13.738785,13.733939
0,-13.686767,13.903868,-13.738785,13.733939,-13.729358,13.732743
0,-13.771211,13.738578,-13.763114,13.736973,-13.762458,13.736897
0,-13.771211,13.738578,-13.763940,13.737068,-13.763114,13.736973
0,-13.687431,13.904269,-13.759513,13.736558,-13.753240,13.735486
0,-13.771211,13.738578,-13.776482,13.738658,-13.774217,13.738475
0,-13.777563,13.738772,-13.687431,13.904269,-13.781466,13.738746
0,-13.687477,13.904462,-13.687585,13.904912,-13.795446,13.737504
0,-13.785831,13.738704,-13.687431,13.904269,-13.789540,13.738497
0,-13.804767,13.735850,-13.798900,13.736608,-13.795446,13.737504
0,-13.789540,13.738497,-13.795446,13.737504,-13.792160,13.737985
0,-13.889559,13.742782,-13.861790,13.734292,-13.836908,13.733227
0,-13.827634,13.733478,-13.836908,13.733227,-13.828685,13.733351
0,-13.804767,13.735850,-13.795446,13.737504,-13.687585,13.904912
0,-14.044827,13.808955,-14.041240,13.807883,-14.038690,13.807412
0,-14.027072,13.805206,-14.014649,13.803411,-13.984088,13.813729
0,-14.051487,13.809763,-14.047616,13.808873,-14.044827,13.808955
0,-14.055593,13.811389,-14.044827,13.808955,-14.058754,13.813381
0,-14.022492,13.804084,-14.014649,13.803411,-14.027072,13.805206
0,-13.984088,13.813729,-14.014649,13.803411,-13.986477,13.811198
0,-14.008133,13.801959,-14.014649,13.803411,-14.011392,13.802293
0,-13.990729,13.805465,-13.989809,13.806636,-14.002702,13.801110
0,-13.986477,13.811198,-14.008133,13.801959,-14.005818,13.801674
0,-13.997098,13.799958,-13.994401,13.801438,-13.998876,13.800174
0,-14.002702,13.801110,-13.998876,13.800174,-13.992375,13.803501
0,-14.002702,13.801110,-13.992375,13.803501,-13.990729,13.805465
0,-13.954622,13.803406,-13.954630,13.799500,-13.954194,13.805710
0,-13.948149,13.786318,-13.952486,13.811345,-13.954194,13.805710
0,-13.913466,13.755067,-13.904037,13.749655,-13.952570,13.815296
0,-14.005818,13.801674,-14.002702,13.801110,-13.989809,13.806636
0,-13.988162,13.808827,-14.005818,13.801674,-13.989809,13.806636
0,-13.986477,13.811198,-14.005818,13.801674,-13.988162,13.808827
0,-13.954254,13.817374,-13.959549,13.820759,-13.957492,13.819376
0,-13.952570,13.815296,-13.896110,13.745913,-13.889559,13.742782
0,-13.952038,13.812319,-13.926507,13.763152,-13.923649,13.761096
0,-13.952486,13.811345,-13.948149,13.786318,-13.952038,13.812319
0,-13.675108,13.901988,-13.677581,13.903312,-13.681445,13.903839
0,-13.683232,13.903849,-13.675108,13.901988,-13.681445,13.903839
0,-13.687585,13.904912,-13.952570,13.815296,-13.819117,13.734508
0,-13.677581,13.903312,-13.678679,13.903887,-13.681445,13.903839
0,-14.004018,14.050434,-13.962903,13.821741,-13.959549,13.820759
0,-14.030832,14.028475,-13.965919,13.821862,-13.962903,13.821741
0,-13.968872,13.821531,-14.057794,14.006388,-13.971213,13.821252
0,-14.030832,14.028475,-14.057794,14.006388,-13.965919,13.821862
0,-13.965919,13.821862,-14.057794,14.006388,-13.968872,13.821531
0,-14.031983,13.806422,-14.027072,13.805206,-13.984088,13.813729
0,-13.978335,13.817565,-14.031983,13.806422,-13.981698,13.815323
0,-14.034769,13.807031,-14.031983,13.806422,-13.978335,13.817565
0,-14.081377,13.987061,-13.976526,13.818616,-13.974616,13.819530
0,-14.080400,13.825877,-14.062198,13.814961,-13.976526,13.818616
0,-13.973448,13.820104,-14.081377,13.987061,-13.974616,13.819530
0,-14.165402,13.880353,-14.115123,13.829464,-14.139696,13.939244
0,-14.101805,13.827257,-14.110307,13.828297,-14.107711,13.827690
0,-14.115123,13.829464,-14.123959,13.830447,-14.121027,13.829621
0,-14.165588,13.918003,-14.165402,13.880353,-14.139696,13.939244
0,-14.138647,13.940104,-14.115123,13.829464,-14.101805,13.827257
0,-14.082416,13.826049,-14.138647,13.940104,-14.096515,13.826732
0,-14.065076,13.816306,-14.080400,13.825877,-14.069973,13.818343
0,-14.111701,13.962202,-14.138647,13.940104,-14.082416,13.826049
0,-14.058754,13.813381,-14.044827,13.808955,-14.062198,13.814961
0,-14.054367,13.810601,-14.052015,13.809916,-14.055593,13.811389
0,-14.082416,13.826049,-14.093683,13.825802,-14.089996,13.824425
0,-14.065076,13.816306,-14.069973,13.818343,-14.069654,13.818165
0,-14.089996,13.824425,-14.093683,13.825802,-14.090039,13.824429
0,-14.082416,13.826049,-14.096515,13.826732,-14.093683,13.825802
0,-14.093683,13.825802,-14.090284,13.824454,-14.090039,13.824429
0,-14.062198,13.814961,-14.080400,13.825877,-14.065076,13.816306
0,-14.111701,13.962202,-14.082416,13.826049,-14.080400,13.825877
0,-14.167724,13.877595,-14.171961,13.846548,-14.147183,13.830310
0,-14.169799,13.842071,-14.147183,13.830310,-14.171961,13.846548
0,-14.171961,13.846548,-14.171210,13.844608,-14.169799,13.842071
0,-14.166566,13.836444,-14.147183,13.830310,-14.167071,13.837500
0,-14.174408,13.850702,-14.173843,13.849640,-14.171371,13.873918
0,-14.177458,13.858313,-14.178430,13.866104,-14.179105,13.861130
0,-14.174408,13.850702,-14.176144,13.854808,-14.175629,13.853009
0,-14.174408,13.850702,-14.171371,13.873918,-14.176144,13.854808
0,-14.180140,13.862515,-14.178430,13.866104,-14.180988,13.863577
0,-14.179105,13.861130,-14.178430,13.866104,-14.180140,13.862515
0,-14.171371,13.873918,-14.174784,13.869826,-14.176144,13.854808
0,-14.178430,13.866104,-14.177458,13.858313,-14.174784,13.869826
0,-14.171371,13.873918,-14.171961,13.846548,-14.167724,13.877595
0,-14.175172,13.883792,-14.177330,13.890617,-14.177714,13.887899
0,-14.169415,13.881286,-14.175807,13.894806,-14.177330,13.890617
0,-14.169415,13.881286,-14.165402,13.880353,-14.175807,13.894806
0,-14.165402,13.880353,-14.174709,13.899181,-14.175281,13.897293
0,-14.174281,13.900286,-14.165402,13.880353,-14.173042,13.904338
0,-14.165588,13.918003,-14.172708,13.905627,-14.165402,13.880353
0,-14.173042,13.904338,-14.165402,13.880353,-14.172708,13.905627
0,-14.172131,13.909404,-14.169187,13.915157,-14.171415,13.912304
0,-14.115123,13.829464,-14.138647,13.940104,-14.139696,13.939244
0,-14.080400,13.825877,-14.107633,13.965538,-14.111701,13.962202
0,-14.169187,13.915157,-14.172131,13.909404,-14.168647,13.915584
0,-14.168647,13.915584,-14.172131,13.909404,-14.165588,13.918003
0,-14.080400,13.825877,-14.106613,13.966374,-14.107633,13.965538
0,-14.080400,13.825877,-14.084750,13.984296,-14.106613,13.966374
0,-13.976526,13.818616,-14.081377,13.987061,-14.084750,13.984296
0,-13.971213,13.821252,-14.068110,13.997934,-14.081377,13.987061
0,-13.976893,14.072640,-14.003865,14.050559,-13.959549,13.820759
0,-13.701554,13.976442,-13.701257,13.978185,-13.949917,14.094719
0,-13.971213,13.821252,-14.065181,14.000334,-14.068110,13.997934
0,-13.978952,14.133523,-13.978512,14.130284,-13.975929,14.127706
0,-13.971213,13.821252,-14.057794,14.006388,-14.065181,14.000334
0,-14.030832,14.028475,-13.962903,13.821741,-14.028183,14.030645
0,-13.682475,14.048362,-13.675751,14.069495,-13.675643,14.075434
0,-13.704473,13.949987,-13.949917,14.094719,-13.971925,14.076707
0,-13.704343,13.951092,-13.703936,13.954360,-13.949917,14.094719
0,-13.957941,14.108732,-13.962760,14.114467,-13.961123,14.111901
0,-13.968073,14.176405,-13.970777,14.162934,-13.954661,14.104876
0,-13.972288,14.157123,-13.972389,14.156702,-13.963796,14.116795
0,-13.966147,14.119255,-13.963796,14.116795,-13.972389,14.156702
0,-13.957941,14.108732,-13.961123,14.111901,-13.959943,14.110495
0,-13.962760,14.114467,-13.962063,14.112954,-13.961123,14.111901
0,-13.975414,14.141355,-13.972348,14.124731,-13.970031,14.122889
0,-13.959549,13.820759,-13.971925,14.076707,-13.976893,14.072640
0,-13.968039,14.120890,-13.966380,14.119457,-13.975414,14.141355
0,-13.975414,14.141355,-13.974035,14.126522,-13.972348,14.124731
0,-13.976882,14.138242,-13.977977,14.136059,-13.974035,14.126522
0,-13.978952,14.133523,-13.978978,14.131787,-13.978512,14.130284
0,-13.978512,14.130284,-13.977704,14.128762,-13.975929,14.127706
0,-13.976143,14.139857,-13.976882,14.138242,-13.974035,14.126522
0,-13.974035,14.126522,-13.975414,14.141355,-13.976143,14.139857
0,-13.966380,14.119457,-13.966147,14.119255,-13.975154,14.143433
0,-13.975246,14.145748,-13.975154,14.143433,-13.974986,14.147944
0,-13.975414,14.141355,-13.966380,14.119457,-13.975154,14.143433
0,-13.974986,14.147944,-13.973363,14.154518,-13.974472,14.150943
0,-13.974849,14.149444,-13.974986,14.147944,-13.974585,14.150493
0,-13.971889,14.158780,-13.972288,14.157123,-13.963796,14.116795
0,-13.956420,14.107099,-13.970777,14.162934,-13.963796,14.116795
0,-13.970777,14.162934,-13.971511,14.160514,-13.971889,14.158780
0,-13.856779,14.345828,-13.865349,14.313908,-13.834208,14.370698
0,-13.970082,14.171263,-13.970103,14.169300,-13.968073,14.176405
0,-13.970492,14.166522,-13.970777,14.162934,-13.970113,14.168365
0,-13.954661,14.104876,-13.970777,14.162934,-13.956420,14.107099
0,-13.970777,14.162934,-13.970492,14.166522,-13.970762,14.164326
0,-13.967362,14.183281,-13.966981,14.181981,-13.962870,14.204567
0,-13.672764,14.106905,-13.887276,14.264875,-13.949917,14.094719
0,-13.666597,14.125422,-13.881345,14.281045,-13.887276,14.264875
0,-13.865349,14.313908,-13.726545,14.409602,-13.834208,14.370698
0,-13.865632,14.313883,-13.865349,14.313908,-13.865631,14.313889
0,-13.865628,14.313899,-13.865349,14.313908,-13.856779,14.345828
0,-13.834208,14.370698,-13.783380,14.410869,-13.816947,14.426908
0,-13.865631,14.313889,-13.865349,14.313908,-13.865628,14.313899
0,-13.887276,14.264875,-13.927519,14.251664,-13.962870,14.204567
0,-13.970588,14.194281,-13.967362,14.183281,-13.962870,14.204567
0,-13.968073,14.176405,-13.970103,14.169300,-13.970113,14.168365
0,-13.887276,14.264875,-13.966981,14.181981,-13.954661,14.104876
0,-13.887276,14.264875,-13.962870,14.204567,-13.966981,14.181981
0,-13.969511,14.174650,-13.968924,14.176059,-13.969296,14.175926
0,-13.969511,14.174650,-13.970082,14.171263,-13.968073,14.176405
0,-13.968065,14.176513,-13.968073,14.176405,-13.966981,14.181981
0,-13.970113,14.168365,-13.970777,14.162934,-13.968073,14.176405
0,-13.702693,13.958240,-13.702316,13.962740,-13.703936,13.954360
0,-13.702318,13.960724,-13.702316,13.962740,-13.702693,13.958240
0,-13.701513,13.972264,-13.701485,13.975563,-13.701554,13.976442
0,-13.702316,13.962740,-13.701909,13.965920,-13.701554,13.976442
0,-13.701554,13.976442,-13.949917,14.094719,-13.703936,13.954360
0,-13.701513,13.972264,-13.701271,13.974152,-13.701485,13.975563
0,-13.701392,13.970745,-13.701513,13.972264,-13.701652,13.967302
0,-13.701652,13.967302,-13.701513,13.972264,-13.701909,13.965920
0,-13.775546,14.410695,-13.834208,14.370698,-13.756448,14.410270
0,-13.701257,13.978185,-13.696487,14.016498,-13.949917,14.094719
0,-13.816947,14.426908,-13.783380,14.410869,-13.809445,14.451327
0,-13.783380,14.410869,-13.834208,14.370698,-13.775546,14.410695
0,-13.699122,13.984149,-13.698818,13.985675,-13.701257,13.978185
0,-13.726545,14.409602,-13.623393,14.159526,-13.696643,14.408928
0,-13.700808,13.979114,-13.699122,13.984149,-13.701257,13.978185
0,-13.699122,13.984149,-13.700808,13.979114,-13.700536,13.979673
0,-13.699122,13.984149,-13.700536,13.979673,-13.699325,13.982631
0,-13.688327,14.034833,-13.686993,14.037184,-13.682475,14.048362
0,-13.688327,14.034833,-13.686821,14.035899,-13.686987,14.036575
0,-13.674303,14.055593,-13.673137,14.057169,-13.677329,14.055989
0,-13.678501,14.055155,-13.675751,14.069495,-13.682475,14.048362
0,-13.694040,14.026826,-13.675643,14.075434,-13.674984,14.091830
0,-13.678501,14.055155,-13.677329,14.055989,-13.675650,14.067786
0,-13.678501,14.055155,-13.675650,14.067786,-13.675751,14.069495
0,-13.677329,14.055989,-13.673690,14.063934,-13.675650,14.067786
0,-13.686987,14.036575,-13.686993,14.037184,-13.688327,14.034833
0,-13.686987,14.036575,-13.686821,14.035899,-13.686827,14.036532
0,-13.949917,14.094719,-13.695111,14.024011,-13.694040,14.026826
0,-13.949917,14.094719,-13.696487,14.016498,-13.695111,14.024011
0,-13.697025,13.990023,-13.696521,13.990725,-13.695939,13.992204
0,-13.695768,13.992936,-13.696484,14.008760,-13.698033,13.988582
0,-13.696484,14.008760,-13.695768,13.992936,-13.695450,13.993630
0,-13.698033,13.988582,-13.697025,13.990023,-13.695768,13.992936
0,-13.691179,13.938724,-13.692027,13.941233,-13.694877,13.942921
0,-13.691018,13.937855,-13.691179,13.938724,-13.694877,13.942921
0,-13.699605,13.946499,-13.690331,13.931668,-13.690819,13.935241
0,-13.647126,13.896826,-13.647576,13.895807,-13.643718,13.895704
0,-13.694877,13.942921,-13.692027,13.941233,-13.694105,13.942806
0,-13.643718,13.895704,-13.647576,13.895807,-13.647878,13.894796
0,-13.691179,13.938724,-13.691347,13.940098,-13.692027,13.941233
0,-13.694105,13.942806,-13.692027,13.941233,-13.692621,13.942100
0,-13.692990,13.942640,-13.694105,13.942806,-13.692621,13.942100
0,-13.699605,13.946499,-13.703623,13.949594,-13.704473,13.949987
0,-13.699605,13.946499,-13.702294,13.948972,-13.703623,13.949594
0,-13.704343,13.951092,-13.704175,13.951157,-13.704031,13.952380
0,-13.704343,13.951092,-13.704031,13.952380,-13.703936,13.954360
0,-13.696267,13.944230,-13.697520,13.945349,-13.699605,13.946499
0,-13.700818,13.948178,-13.702294,13.948972,-13.699605,13.946499
0,-13.690819,13.935241,-13.696267,13.944230,-13.699605,13.946499
0,-13.694877,13.942921,-13.696267,13.944230,-13.690819,13.935241
0,-13.691018,13.937855,-13.694877,13.942921,-13.690819,13.935241
0,-13.646574,13.897854,-13.647126,13.896826,-13.644687,13.897608
0,-13.690819,13.935241,-13.690331,13.931668,-13.690405,13.933232
0,-13.699605,13.946499,-13.704473,13.949987,-13.689962,13.929659
0,-13.690331,13.931668,-13.699605,13.946499,-13.689962,13.929659
0,-13.685835,13.916240,-13.687899,13.922904,-13.686617,13.910811
0,-13.688236,13.925699,-13.689493,13.927650,-13.687899,13.922904
0,-13.704473,13.949987,-13.952570,13.815296,-13.687585,13.904912
0,-13.759513,13.736558,-13.687431,13.904269,-13.771211,13.738578
0,-13.689493,13.927650,-13.687475,13.906295,-13.687899,13.922904
0,-13.687477,13.904462,-13.795446,13.737504,-13.687431,13.904269
0,-13.687475,13.906295,-13.687163,13.907487,-13.686617,13.910811
0,-13.687163,13.907487,-13.686774,13.909193,-13.686617,13.910811
0,-13.687475,13.906295,-13.686617,13.910811,-13.687899,13.922904
0,-13.685965,13.918030,-13.686434,13.920220,-13.687899,13.922904
0,-13.687899,13.922904,-13.685835,13.916240,-13.685965,13.918030
0,-13.686617,13.910811,-13.685425,13.912025,-13.685283,13.914365
0,-13.685835,13.916240,-13.686617,13.910811,-13.685283,13.914365
0,-13.678679,13.903887,-13.679814,13.904418,-13.681445,13.903839
0,-13.668947,13.896874,-13.665662,13.895183,-13.667525,13.896342
0,-13.663994,13.894026,-13.665662,13.895183,-13.668947,13.896874
0,-13.686767,13.903868,-13.660164,13.890516,-13.668947,13.896874
0,-13.665662,13.895183,-13.666674,13.896229,-13.667525,13.896342
0,-13.651832,13.892703,-13.653279,13.892033,-13.650000,13.892684
0,-13.610461,13.878739,-13.631989,13.885415,-13.638390,13.782704
0,-13.662658,13.892952,-13.663994,13.894026,-13.661508,13.891825
0,-13.638054,13.887772,-13.659837,13.890557,-13.635166,13.886499
0,-13.648381,13.894139,-13.649071,13.893302,-13.643196,13.893098
0,-13.647878,13.894796,-13.648381,13.894139,-13.643196,13.893098
0,-13.643356,13.894193,-13.647878,13.894796,-13.643196,13.893098
0,-13.643196,13.893098,-13.649071,13.893302,-13.642788,13.891676
0,-13.647126,13.896826,-13.643718,13.895704,-13.644164,13.896981
0,-13.643718,13.895704,-13.647878,13.894796,-13.643356,13.894193
0,-13.644687,13.897608,-13.647126,13.896826,-13.644164,13.896981
0,-13.683232,13.903849,-13.670236,13.898038,-13.675108,13.901988
0,-13.645890,13.898201,-13.646574,13.897854,-13.644687,13.897608
0,-13.645553,13.898372,-13.645890,13.898201,-13.644687,13.897608
0,-13.672764,14.106905,-13.668982,14.114985,-13.666597,14.125422
0,-13.672764,14.106905,-13.666597,14.125422,-13.887276,14.264875
0,-13.675643,14.075434,-13.674550,14.081929,-13.674984,14.091830
0,-13.675108,13.901988,-13.671532,13.899573,-13.673067,13.901064
0,-13.949917,14.094719,-13.674984,14.091830,-13.672764,14.106905
0,-13.677329,14.055989,-13.673137,14.057169,-13.673690,14.063934
0,-13.674984,14.091830,-13.674550,14.081929,-13.673005,14.084885
0,-13.949917,14.094719,-13.694040,14.026826,-13.674984,14.091830
0,-13.672764,14.106905,-13.674984,14.091830,-13.674540,14.093727
0,-13.672764,14.106905,-13.674427,14.094210,-13.672870,14.100857
0,-13.672764,14.106905,-13.674540,14.093727,-13.674427,14.094210
0,-13.623130,14.159362,-13.622984,14.159412,-13.623393,14.159526
0,-13.637630,14.138869,-13.640180,14.135145,-13.640125,14.135183
0,-13.662439,14.126776,-13.656875,14.127069,-13.637630,14.138869
0,-13.666597,14.125422,-13.629244,14.152917,-13.626821,14.155576
0,-13.666597,14.125422,-13.662439,14.126776,-13.629244,14.152917
0,-13.662439,14.126776,-13.637630,14.138869,-13.632344,14.148317
0,-13.666597,14.125422,-13.626821,14.155576,-13.623393,14.159526
0,-13.622984,14.159412,-13.621328,14.159988,-13.623393,14.159526
0,-13.666740,14.408252,-13.696643,14.408928,-13.572247,14.231831
0,-13.600036,14.170974,-13.590560,14.191619,-13.601524,14.169950
0,-13.590560,14.191619,-13.618987,14.162532,-13.601524,14.169950
0,-13.585852,14.203758,-13.578634,14.215584,-13.572247,14.231831
0,-13.618987,14.162532,-13.613221,14.163213,-13.608465,14.165174
0,-13.623393,14.159526,-13.618987,14.162532,-13.588375,14.198810
0,-13.616589,14.407109,-13.568404,14.235439,-13.550989,14.251484
0,-13.567111,14.235502,-13.559052,14.240230,-13.568390,14.235447
0,-13.568390,14.235447,-13.568404,14.235439,-13.568393,14.235435
0,-13.636838,14.407572,-13.572247,14.231831,-13.568404,14.235439
0,-13.557997,14.409127,-13.520812,14.361704,-13.556829,14.409167
0,-13.514757,14.302607,-13.519065,14.295717,-13.516239,14.297166
0,-13.517003,14.295997,-13.516239,14.297166,-13.519065,14.295717
0,-13.578634,14.215584,-13.572359,14.229586,-13.572247,14.231831
0,-13.623393,14.159526,-13.585852,14.203758,-13.696643,14.408928
0,-13.571515,14.222462,-13.572359,14.229586,-13.578634,14.215584
0,-13.600036,14.170974,-13.590595,14.181531,-13.590560,14.191619
0,-13.589319,14.195706,-13.618987,14.162532,-13.590560,14.191619
0,-13.581997,14.208336,-13.578634,14.215584,-13.585852,14.203758
0,-13.623393,14.159526,-13.588375,14.198810,-13.585852,14.203758
0,-13.696643,14.408928,-13.585852,14.203758,-13.572247,14.231831
0,-13.524005,14.337105,-13.534411,14.268805,-13.523424,14.335257
0,-13.524005,14.337105,-13.616589,14.407109,-13.550989,14.251484
0,-13.523424,14.335257,-13.522955,14.290105,-13.520425,14.330258
0,-13.522283,14.333885,-13.521089,14.332143,-13.521528,14.333158
0,-13.522283,14.333885,-13.523424,14.335257,-13.520899,14.331454
0,-13.524280,14.344700,-13.557997,14.409127,-13.616589,14.407109
0,-13.524453,14.342260,-13.524192,14.338299,-13.524066,14.340558
0,-13.616589,14.407109,-13.524005,14.337105,-13.524192,14.338299
0,-13.616589,14.407109,-13.524192,14.338299,-13.524453,14.342260
0,-13.616589,14.407109,-13.524411,14.342902,-13.524361,14.343688
0,-13.616589,14.407109,-13.524453,14.342260,-13.524411,14.342902
0,-13.557997,14.409127,-13.522647,14.350556,-13.521999,14.353137
0,-13.522922,14.348162,-13.522647,14.350556,-13.523480,14.346548
0,-13.523480,14.346548,-13.522647,14.350556,-13.524280,14.344700
0,-13.522922,14.348162,-13.522638,14.348992,-13.522647,14.350556
0,-13.521041,14.359268,-13.557997,14.409127,-13.521267,14.357336
0,-13.521999,14.353137,-13.522647,14.350556,-13.522230,14.351891
0,-13.521443,14.355954,-13.521267,14.357336,-13.521999,14.353137
0,-13.521999,14.353137,-13.521581,14.354662,-13.521443,14.355954
0,-13.521041,14.359268,-13.521267,14.357336,-13.521084,14.358434
0,-13.521089,14.332143,-13.522283,14.333885,-13.520899,14.331454
0,-13.521084,14.358437,-13.521041,14.359268,-13.521084,14.358434
0,-13.520903,14.360560,-13.520812,14.361704,-13.521041,14.359268
0,-13.521041,14.359268,-13.520812,14.361704,-13.557997,14.409127
0,-13.504388,14.414898,-13.512783,14.410674,-13.516400,14.378308
0,-13.523424,14.335257,-13.520425,14.330258,-13.520899,14.331454
0,-13.519947,14.329613,-13.517949,14.327513,-13.518380,14.328103
0,-13.556829,14.409167,-13.516400,14.378308,-13.512783,14.410674
0,-13.556829,14.409167,-13.520812,14.361704,-13.516400,14.378308
0,-13.515846,14.323098,-13.516191,14.325541,-13.517285,14.327003
0,-13.517949,14.327513,-13.515846,14.323098,-13.517285,14.327003
0,-13.515719,14.307115,-13.519947,14.329613,-13.520425,14.330258
0,-13.514427,14.311961,-13.514290,14.314355,-13.514481,14.314998
0,-13.519374,14.329339,-13.519947,14.329613,-13.518380,14.328103
0,-13.517285,14.327003,-13.516191,14.325541,-13.516574,14.326456
0,-13.519947,14.329613,-13.515846,14.323098,-13.517949,14.327513
0,-13.513888,14.319152,-13.513606,14.319702,-13.514136,14.320944
0,-13.515846,14.323098,-13.514657,14.322041,-13.515089,14.322550
0,-13.514215,14.317392,-13.513888,14.319152,-13.515846,14.323098
0,-13.514215,14.317392,-13.513931,14.318321,-13.513888,14.319152
0,-13.515846,14.323098,-13.513888,14.319152,-13.514136,14.320944
0,-13.513229,14.299624,-13.513750,14.300640,-13.513649,14.299166
0,-13.513750,14.300640,-13.514589,14.298466,-13.513649,14.299166
0,-13.513750,14.300640,-13.514420,14.301647,-13.514589,14.298466
0,-13.515846,14.323098,-13.514481,14.314998,-13.514215,14.317392
0,-13.519947,14.329613,-13.514481,14.314998,-13.515846,14.323098
0,-13.519947,14.329613,-13.515719,14.307115,-13.514481,14.314998
0,-13.514481,14.314998,-13.514250,14.316244,-13.514215,14.317392
0,-13.514703,14.310760,-13.514481,14.314998,-13.515719,14.307115
0,-13.514427,14.311961,-13.514481,14.314998,-13.514703,14.310760
0,-13.514703,14.310760,-13.515719,14.307115,-13.514859,14.309933
0,-13.520425,14.330258,-13.522955,14.290105,-13.521332,14.292447
0,-13.514859,14.309933,-13.515719,14.307115,-13.514972,14.309334
0,-13.514589,14.298466,-13.514420,14.301647,-13.515485,14.297677
0,-13.514757,14.302607,-13.514814,14.305238,-13.515290,14.306109
0,-13.515290,14.306109,-13.519065,14.295717,-13.514757,14.302607
0,-13.534411,14.268805,-13.522955,14.290105,-13.523424,14.335257
0,-13.520425,14.330258,-13.521332,14.292447,-13.515719,14.307115
0,-13.538544,14.262725,-13.534411,14.268805,-13.550989,14.251484
0,-13.534411,14.268805,-13.525895,14.282374,-13.522955,14.290105
0,-13.524005,14.337105,-13.550989,14.251484,-13.534411,14.268805
0,-13.568390,14.235447,-13.559052,14.240230,-13.550989,14.251484
0,-13.543403,14.253507,-13.540497,14.258510,-13.550989,14.251484
0,-13.540497,14.258510,-13.538544,14.262725,-13.550989,14.251484
0,-13.512233,13.896756,-13.512730,13.895692,-13.508748,13.898570
0,-13.511364,13.898007,-13.512233,13.896756,-13.510160,13.898586
0,-13.512233,13.896756,-13.508748,13.898570,-13.510160,13.898586
0,-13.510160,13.898586,-13.508748,13.898570,-13.510158,13.898587
0,-13.512261,13.888078,-13.511475,13.886437,-13.508748,13.898570
0,-13.511728,13.880103,-13.512862,13.878057,-13.512856,13.877415
0,-13.480557,13.889130,-13.487866,13.891809,-13.510725,13.871997
0,-13.470321,13.883790,-13.476115,13.887792,-13.480557,13.889130
0,-13.482038,13.890206,-13.482435,13.890493,-13.487866,13.891809
0,-13.487866,13.891809,-13.480557,13.889130,-13.482038,13.890206
0,-13.481383,13.890121,-13.482038,13.890206,-13.480557,13.889130
0,-13.476115,13.887792,-13.479281,13.888878,-13.480557,13.889130
0,-13.476115,13.887792,-13.477351,13.888360,-13.479281,13.888878
0,-13.464099,13.871672,-13.470321,13.883790,-13.480557,13.889130
0,-13.463734,13.875023,-13.464748,13.878401,-13.464173,13.873046
0,-13.463554,13.870114,-13.464099,13.871672,-13.463478,13.868929
0,-13.464173,13.873046,-13.470321,13.883790,-13.464099,13.871672
0,-13.466051,13.844448,-13.461048,13.864375,-13.463478,13.868929
0,-13.469445,13.883185,-13.464748,13.878401,-13.467068,13.881715
0,-13.464561,13.879581,-13.464536,13.879738,-13.467068,13.881715
0,-13.487866,13.891809,-13.510749,13.882826,-13.510773,13.881868
0,-13.487866,13.891809,-13.491405,13.895684,-13.510749,13.882826
0,-13.464173,13.873046,-13.469445,13.883185,-13.470321,13.883790
0,-13.464173,13.873046,-13.464748,13.878401,-13.469445,13.883185
0,-13.512862,13.878057,-13.511728,13.880103,-13.512705,13.879394
0,-13.510725,13.871997,-13.487866,13.891809,-13.510879,13.872630
0,-13.546073,13.858756,-13.506325,13.819518,-13.515824,13.870527
0,-13.477301,13.837847,-13.510725,13.871997,-13.511269,13.870879
0,-13.517916,13.871769,-13.519244,13.872573,-13.520288,13.872733
0,-13.510879,13.872630,-13.511084,13.880848,-13.512634,13.875995
0,-13.521659,13.872758,-13.517916,13.871769,-13.521602,13.872759
0,-13.512180,13.874446,-13.511742,13.873585,-13.510879,13.872630
0,-13.523055,13.872731,-13.525585,13.871996,-13.521659,13.872758
0,-13.517916,13.871769,-13.520288,13.872733,-13.521602,13.872759
0,-13.511084,13.880848,-13.511728,13.880103,-13.512634,13.875995
0,-13.512634,13.875995,-13.512180,13.874446,-13.510879,13.872630
0,-13.491405,13.895684,-13.511009,13.884066,-13.510749,13.882826
0,-13.491405,13.895684,-13.511207,13.884980,-13.511009,13.884066
0,-13.487866,13.891809,-13.510773,13.881868,-13.510879,13.872630
0,-13.512634,13.875995,-13.511728,13.880103,-13.512856,13.877415
0,-13.511207,13.884980,-13.491405,13.895684,-13.511475,13.886437
0,-13.510773,13.881868,-13.511084,13.880848,-13.510879,13.872630
0,-13.628360,13.887230,-13.628384,13.886398,-13.610461,13.878739
0,-13.628646,13.888854,-13.628359,13.887302,-13.628342,13.888739
0,-13.610461,13.878739,-13.638390,13.782704,-13.594358,13.869711
0,-13.628384,13.886398,-13.628564,13.885703,-13.610461,13.878739
0,-13.635166,13.886499,-13.638390,13.782704,-13.633790,13.886022
0,-13.633790,13.886022,-13.638390,13.782704,-13.631989,13.885415
0,-13.641670,13.889772,-13.650000,13.892684,-13.653279,13.892033
0,-13.660164,13.890516,-13.638390,13.782704,-13.635166,13.886499
0,-13.641052,13.889416,-13.641670,13.889772,-13.656839,13.891176
0,-13.658433,13.890732,-13.639909,13.888750,-13.656839,13.891176
0,-13.659837,13.890557,-13.660164,13.890516,-13.635166,13.886499
0,-13.661508,13.891825,-13.668947,13.896874,-13.660164,13.890516
0,-13.642788,13.891676,-13.650000,13.892684,-13.641670,13.889772
0,-13.639909,13.888750,-13.641052,13.889416,-13.656839,13.891176
0,-13.639198,13.888348,-13.639909,13.888750,-13.658433,13.890732
0,-13.638054,13.887772,-13.639198,13.888348,-13.658433,13.890732
0,-13.659837,13.890557,-13.638054,13.887772,-13.658433,13.890732
0,-13.570068,13.871528,-13.564391,13.869389,-13.565541,13.870471
0,-13.569029,13.871891,-13.570068,13.871528,-13.568869,13.871890
0,-13.610461,13.878739,-13.629824,13.885358,-13.631989,13.885415
0,-13.628359,13.887302,-13.610461,13.878739,-13.628342,13.888739
0,-13.573774,13.870682,-13.575351,13.870004,-13.563620,13.868345
0,-13.563620,13.868345,-13.571144,13.871379,-13.571568,13.871320
0,-13.566978,13.871879,-13.566986,13.871879,-13.565541,13.870471
0,-13.568869,13.871890,-13.565541,13.870471,-13.566986,13.871879
0,-13.568869,13.871890,-13.570068,13.871528,-13.565541,13.870471
0,-13.546071,13.858762,-13.546073,13.858756,-13.527037,13.871244
0,-13.526862,13.871243,-13.521659,13.872758,-13.525585,13.871996
0,-13.524276,13.872657,-13.525585,13.871996,-13.523055,13.872731
0,-13.542688,13.871977,-13.527037,13.871244,-13.542686,13.871983
0,-13.546073,13.858756,-13.527022,13.871244,-13.527037,13.871244
0,-13.542688,13.871977,-13.546071,13.858762,-13.527037,13.871244
0,-13.557028,13.859206,-13.579886,13.868268,-13.581378,13.867778
0,-13.557028,13.859206,-13.561180,13.866458,-13.562423,13.867452
0,-13.582964,13.867290,-13.582962,13.867286,-13.582960,13.867291
0,-13.586352,13.866407,-13.557028,13.859206,-13.582962,13.867286
0,-13.582962,13.867286,-13.581378,13.867778,-13.582960,13.867291
0,-13.619507,13.775923,-13.614972,13.774417,-13.590298,13.866488
0,-13.590298,13.866488,-13.614972,13.774417,-13.600169,13.771184
0,-13.592960,13.869930,-13.592339,13.869383,-13.592819,13.869952
0,-13.638390,13.782704,-13.729358,13.732743,-13.724571,13.731762
0,-13.594358,13.869711,-13.594364,13.869736,-13.610461,13.878739
0,-13.686767,13.903868,-13.638390,13.782704,-13.660164,13.890516
0,-13.686767,13.903868,-13.729358,13.732743,-13.638390,13.782704
0,-13.638390,13.782704,-13.688267,13.728612,-13.638362,13.782528
0,-13.635004,13.771091,-13.635978,13.774406,-13.649805,13.737823
0,-13.634709,13.780872,-13.634708,13.781032,-13.634868,13.781033
0,-13.638390,13.782704,-13.634708,13.781032,-13.590298,13.866488
0,-13.638390,13.782704,-13.634868,13.781033,-13.634708,13.781032
0,-13.619507,13.775923,-13.590298,13.866488,-13.634268,13.780823
0,-13.633837,13.767113,-13.635004,13.771091,-13.649805,13.737823
0,-13.631387,13.758768,-13.633837,13.767113,-13.632884,13.752950
0,-13.649805,13.737823,-13.636084,13.774768,-13.637194,13.778548
0,-13.649805,13.737823,-13.635978,13.774406,-13.636084,13.774768
0,-13.675254,13.729302,-13.670128,13.725560,-13.664949,13.727528
0,-13.659529,13.731213,-13.675254,13.729302,-13.660406,13.730617
0,-13.649805,13.737823,-13.675254,13.729302,-13.659529,13.731213
0,-13.633821,13.748823,-13.633417,13.750887,-13.633832,13.748816
0,-13.633388,13.750999,-13.649805,13.737823,-13.633417,13.750887
0,-13.633388,13.750999,-13.633182,13.751795,-13.649805,13.737823
0,-13.584063,13.770461,-13.586352,13.866407,-13.590298,13.866488
0,-13.570520,13.772272,-13.586352,13.866407,-13.584063,13.770461
0,-13.633182,13.751795,-13.633060,13.752268,-13.649805,13.737823
0,-13.631161,13.758708,-13.631387,13.758768,-13.632884,13.752950
0,-13.557028,13.859206,-13.586352,13.866407,-13.570520,13.772272
0,-13.549693,13.777623,-13.557028,13.859206,-13.558265,13.774091
0,-13.557028,13.859206,-13.559002,13.864976,-13.559659,13.865482
0,-13.516960,13.808515,-13.557028,13.859206,-13.527424,13.790053
0,-13.481833,13.834726,-13.477301,13.837847,-13.511269,13.870879
0,-13.527424,13.790053,-13.544698,13.779680,-13.530048,13.787294
0,-13.544698,13.779680,-13.533796,13.784062,-13.530048,13.787294
0,-13.579886,13.868268,-13.557028,13.859206,-13.575351,13.870004
0,-13.557028,13.859206,-13.559659,13.865482,-13.561180,13.866458
0,-13.557028,13.859206,-13.562423,13.867452,-13.575351,13.870004
0,-13.575351,13.870004,-13.562423,13.867452,-13.563620,13.868345
0,-13.527424,13.790053,-13.557028,13.859206,-13.544698,13.779680
0,-13.542846,13.871984,-13.546071,13.858762,-13.542688,13.871977
0,-13.516802,13.809116,-13.550975,13.858957,-13.557028,13.859206
0,-13.506325,13.819518,-13.497358,13.826004,-13.512710,13.869939
0,-13.527022,13.871244,-13.546073,13.858756,-13.526862,13.871243
0,-13.550975,13.858957,-13.516802,13.809116,-13.546073,13.858756
0,-13.463478,13.868929,-13.461048,13.864375,-13.461958,13.867401
0,-13.514595,13.870312,-13.506325,13.819518,-13.512834,13.869963
0,-13.497358,13.826004,-13.490245,13.829739,-13.512710,13.869939
0,-13.463478,13.868929,-13.461958,13.867401,-13.462530,13.868300
0,-13.461958,13.867401,-13.461048,13.864375,-13.461605,13.866847
0,-13.461048,13.864375,-13.461512,13.848207,-13.459351,13.862023
0,-13.461512,13.848207,-13.458668,13.860519,-13.459351,13.862023
0,-13.461512,13.848207,-13.458322,13.859567,-13.458668,13.860519
0,-13.461512,13.848207,-13.459251,13.850181,-13.458322,13.859567
0,-13.458322,13.859567,-13.459251,13.850181,-13.457683,13.858243
0,-13.457683,13.858243,-13.459251,13.850181,-13.456949,13.852698
0,-13.456949,13.852698,-13.455774,13.854516,-13.456857,13.857154
0,-13.455774,13.854516,-13.455774,13.854516,-13.456949,13.852698
0,-13.455774,13.854516,-13.456949,13.852698,-13.455699,13.854400
0,-13.557028,13.859206,-13.516960,13.808515,-13.516802,13.809116
0,-13.527424,13.790053,-13.518783,13.801570,-13.516960,13.808515
0,-13.516802,13.809116,-13.507719,13.818509,-13.546073,13.858756
0,-13.512834,13.869963,-13.506325,13.819518,-13.512710,13.869939
0,-13.481833,13.834726,-13.511269,13.870879,-13.490245,13.829739
