83,1,0,39,71,
0,-15.935694,12.525788,-15.907134,12.581540,-15.951845,12.555707
0,-15.898327,12.468680,-15.893413,12.466744,-15.901598,12.470433
0,-15.827105,12.573578,-15.836253,12.582737,-15.877964,12.588607
0,-15.920371,12.464074,-15.923097,12.467677,-15.921623,12.464008
0,-15.920681,12.490751,-15.919984,12.489460,-15.921051,12.491995
0,-15.914021,12.466859,-15.923924,12.470086,-15.916239,12.465633
0,-15.917908,12.465003,-15.923097,12.467677,-15.919353,12.464460
0,-15.952562,12.549099,-15.951845,12.555707,-15.952867,12.552428
0,-15.959242,12.587930,-15.956347,12.563940,-15.957340,12.589808
0,-15.956347,12.563940,-15.954977,12.562318,-15.923627,12.594001
0,-15.966011,12.625459,-15.966131,12.625503,-15.966162,12.624585
0,-15.870670,12.592363,-15.877964,12.588607,-15.865229,12.593616
0,-15.763216,12.601706,-15.788591,12.587525,-15.792018,12.582768
0,-15.802426,12.570272,-15.777522,12.437849,-15.801451,12.570700
0,-15.719034,12.595739,-15.736943,12.433808,-15.666396,12.555826
0,-15.723423,12.597342,-15.726106,12.598591,-15.728666,12.599301
0,-15.827105,12.573578,-15.877964,12.588607,-15.885936,12.584880
0,-15.690546,12.592684,-15.667895,12.570177,-15.684892,12.591837
0,-15.592966,12.566334,-15.549506,12.485137,-15.585652,12.571798
0,-15.654576,12.542840,-15.708155,12.428645,-15.703041,12.427869
0,-15.549506,12.485137,-15.577470,12.576340,-15.585652,12.571798
0,-15.660324,12.549090,-15.660632,12.549429,-15.736943,12.433808
0,-15.909650,12.468841,-15.912533,12.467944,-15.909675,12.468827
0,-15.916239,12.465633,-15.914836,12.466162,-15.914021,12.466859
0,-15.909230,12.469067,-15.919360,12.484685,-15.909509,12.468917
0,-15.911612,12.467954,-15.909719,12.468804,-15.911791,12.467943
0,-15.909693,12.468818,-15.909675,12.468827,-15.912533,12.467944
0,-15.909230,12.469067,-15.908835,12.469280,-15.919360,12.484685
0,-15.908736,12.469334,-15.908682,12.469362,-15.907616,12.470075
0,-15.907825,12.469892,-15.907712,12.469991,-15.908302,12.469568
0,-15.907825,12.469892,-15.908302,12.469568,-15.908029,12.469715
0,-15.918712,12.485579,-15.918752,12.485523,-15.906453,12.470803
0,-15.906453,12.470803,-15.918752,12.485523,-15.906883,12.470608
0,-15.905601,12.471175,-15.918712,12.485579,-15.905736,12.471129
0,-15.903876,12.471167,-15.919335,12.487894,-15.918712,12.485579
0,-15.931040,12.523417,-15.907134,12.581540,-15.935694,12.525788
0,-15.919335,12.487894,-15.902246,12.470683,-15.901840,12.470563
0,-15.919984,12.489460,-15.919335,12.487894,-15.920540,12.502113
0,-15.931718,12.523645,-15.931375,12.523549,-15.935694,12.525788
0,-15.962601,12.569037,-15.958446,12.565081,-15.963982,12.573626
0,-15.959242,12.587930,-15.964836,12.580704,-15.963982,12.573626
0,-15.957340,12.589808,-15.958290,12.588966,-15.959242,12.587930
0,-15.923627,12.594001,-15.957155,12.589972,-15.956347,12.563940
0,-15.965574,12.619291,-15.961371,12.620460,-15.966177,12.621134
0,-15.965082,12.616606,-15.964874,12.615466,-15.958267,12.617966
0,-15.959948,12.597005,-15.959943,12.597004,-15.959952,12.597129
0,-15.961893,12.606606,-15.952187,12.614208,-15.962252,12.607584
0,-15.934276,12.601907,-15.956813,12.591474,-15.956869,12.590951
0,-15.952187,12.614208,-15.954946,12.615925,-15.962252,12.607584
0,-15.958267,12.617966,-15.964610,12.614022,-15.963472,12.610916
0,-15.952187,12.614208,-15.961893,12.606606,-15.961246,12.605460
0,-15.951845,12.555707,-15.939045,12.527484,-15.935694,12.525788
0,-15.951845,12.555707,-15.952872,12.553921,-15.952867,12.552428
0,-15.919084,12.590569,-15.954977,12.562318,-15.951887,12.556396
0,-15.920418,12.508966,-15.823706,12.570948,-15.920694,12.510255
0,-15.890950,12.582536,-15.893722,12.581378,-15.895017,12.580258
0,-15.920694,12.510255,-15.827105,12.573578,-15.897219,12.578352
0,-15.750717,12.602294,-15.756685,12.602516,-15.763216,12.601706
0,-15.845226,12.589145,-15.865229,12.593616,-15.877964,12.588607
0,-15.870670,12.592363,-15.865229,12.593616,-15.867020,12.593380
0,-15.792851,12.581418,-15.763216,12.601706,-15.792018,12.582768
0,-15.793077,12.581052,-15.750717,12.602294,-15.792851,12.581418
0,-15.739087,12.602084,-15.732080,12.600608,-15.736895,12.602150
0,-15.736943,12.433808,-15.719034,12.595739,-15.797863,12.573203
0,-15.667082,12.557356,-15.710132,12.593494,-15.666396,12.555826
0,-15.667895,12.570177,-15.678487,12.589661,-15.684892,12.591837
0,-15.489145,12.582306,-15.490820,12.582754,-15.503041,12.505305
0,-15.477009,12.576929,-15.503041,12.505305,-15.475542,12.576158
0,-15.664345,12.553630,-15.666396,12.555826,-15.736943,12.433808
0,-15.660632,12.549429,-15.662685,12.552103,-15.664345,12.553630
0,-15.477009,12.576929,-15.480656,12.578846,-15.503041,12.505305
0,-15.450835,12.558959,-15.458399,12.523383,-15.435269,12.545685
0,-15.471220,12.573463,-15.458019,12.565230,-15.457166,12.566367
0,-15.809901,12.567425,-15.811518,12.442055,-15.808992,12.567738
0,-15.721045,12.596272,-15.797863,12.573203,-15.719034,12.595739
0,-15.695368,12.592502,-15.667895,12.570177,-15.690546,12.592684
0,-15.833728,12.444667,-15.811518,12.442055,-15.813173,12.567362
0,-15.909719,12.468804,-15.909702,12.468813,-15.912533,12.467944
0,-15.883072,12.449725,-15.887792,12.450507,-15.887807,12.450456
0,-15.887345,12.452122,-15.887792,12.450507,-15.883072,12.449725
0,-15.657409,12.545896,-15.736943,12.433808,-15.708155,12.428645
0,-15.777522,12.437849,-15.801004,12.570896,-15.801451,12.570700
0,-15.703041,12.427869,-15.680843,12.424532,-15.654576,12.542840
0,-15.837197,12.444760,-15.888724,12.462453,-15.883072,12.449725
0,-15.612117,12.548587,-15.621354,12.541579,-15.589875,12.467596
0,-15.625183,12.449286,-15.589157,12.463981,-15.589875,12.467596
0,-15.435269,12.545685,-15.433211,12.533235,-15.425551,12.537626
0,-15.920371,12.464074,-15.921623,12.464008,-15.921589,12.463897
0,-15.921623,12.464008,-15.923097,12.467677,-15.921624,12.464008
0,-15.919353,12.464460,-15.923097,12.467677,-15.920371,12.464074
0,-15.919353,12.464460,-15.920371,12.464074,-15.919363,12.464454
0,-15.916239,12.465633,-15.923924,12.470086,-15.923097,12.467677
0,-15.950245,12.533982,-15.952956,12.545078,-15.953240,12.542630
0,-15.917908,12.465003,-15.916239,12.465633,-15.923097,12.467677
0,-15.912533,12.467944,-15.909509,12.468917,-15.919360,12.484685
0,-15.909702,12.468813,-15.909693,12.468818,-15.912533,12.467944
0,-15.909719,12.468804,-15.912533,12.467944,-15.912256,12.467943
0,-15.909719,12.468804,-15.912256,12.467943,-15.912241,12.467943
0,-15.923924,12.470086,-15.913661,12.467167,-15.912533,12.467944
0,-15.923924,12.470086,-15.914021,12.466859,-15.913661,12.467167
0,-15.912016,12.467942,-15.909719,12.468804,-15.912241,12.467943
0,-15.911894,12.467941,-15.909719,12.468804,-15.912016,12.467942
0,-15.911791,12.467943,-15.909719,12.468804,-15.911894,12.467941
0,-15.911077,12.467987,-15.909719,12.468804,-15.911612,12.467954
0,-15.911077,12.467987,-15.910425,12.468026,-15.909719,12.468804
0,-15.909509,12.468917,-15.912533,12.467944,-15.909650,12.468841
0,-15.908835,12.469280,-15.907135,12.470493,-15.919360,12.484685
0,-15.907135,12.470493,-15.908736,12.469334,-15.907616,12.470075
0,-15.908682,12.469362,-15.908412,12.469508,-15.907616,12.470075
0,-15.908736,12.469334,-15.907135,12.470493,-15.908835,12.469280
0,-15.906883,12.470608,-15.918752,12.485523,-15.907135,12.470493
0,-15.901840,12.470563,-15.920391,12.504135,-15.920540,12.502113
0,-15.908412,12.469508,-15.907708,12.469994,-15.907616,12.470075
0,-15.908302,12.469568,-15.907712,12.469991,-15.908412,12.469508
0,-15.907712,12.469991,-15.907708,12.469994,-15.908412,12.469508
0,-15.912533,12.467944,-15.920467,12.483878,-15.922387,12.482610
0,-15.906435,12.470812,-15.918712,12.485579,-15.906453,12.470803
0,-15.906449,12.470803,-15.906435,12.470812,-15.906453,12.470803
0,-15.905736,12.471129,-15.918712,12.485579,-15.906435,12.470812
0,-15.906435,12.470812,-15.906434,12.470812,-15.905736,12.471129
0,-15.905581,12.471182,-15.918712,12.485579,-15.905601,12.471175
0,-15.903945,12.471187,-15.918712,12.485579,-15.905581,12.471182
0,-15.902246,12.470683,-15.919335,12.487894,-15.903876,12.471167
0,-15.912533,12.467944,-15.919360,12.484685,-15.920467,12.483878
0,-15.907135,12.470493,-15.918752,12.485523,-15.919360,12.484685
0,-15.918723,12.485581,-15.918712,12.485579,-15.918845,12.485900
0,-15.901840,12.470563,-15.901598,12.470433,-15.920391,12.504135
0,-15.903876,12.471167,-15.918712,12.485579,-15.903945,12.471187
0,-15.919335,12.487894,-15.918845,12.485900,-15.918712,12.485579
0,-15.921399,12.498484,-15.920540,12.502113,-15.920966,12.500827
0,-15.920338,12.505608,-15.901598,12.470433,-15.893413,12.466744
0,-15.920391,12.504135,-15.901598,12.470433,-15.920338,12.505608
0,-15.921204,12.511546,-15.897219,12.578352,-15.922412,12.514036
0,-15.920694,12.510255,-15.897219,12.578352,-15.921204,12.511546
0,-15.921415,12.494839,-15.920540,12.502113,-15.921399,12.498484
0,-15.920418,12.508966,-15.920338,12.505608,-15.893413,12.466744
0,-15.912533,12.467944,-15.922387,12.482610,-15.923924,12.470086
0,-15.919984,12.489460,-15.920540,12.502113,-15.921415,12.494839
0,-15.921051,12.491995,-15.919984,12.489460,-15.921415,12.494839
0,-15.921415,12.494839,-15.921399,12.498484,-15.921497,12.497288
0,-15.923924,12.470086,-15.922387,12.482610,-15.925569,12.472722
0,-15.939045,12.527484,-15.936585,12.526057,-15.935694,12.525788
0,-15.927395,12.476849,-15.925542,12.481506,-15.927637,12.479145
0,-15.927637,12.479145,-15.925542,12.481506,-15.927058,12.480640
0,-15.927395,12.476849,-15.922717,12.482442,-15.925542,12.481506
0,-15.927395,12.476849,-15.925569,12.472722,-15.922717,12.482442
0,-15.921716,12.512284,-15.921204,12.511546,-15.922412,12.514036
0,-15.922412,12.514036,-15.897219,12.578352,-15.923483,12.515697
0,-15.925569,12.472722,-15.922566,12.482493,-15.922717,12.482442
0,-15.925569,12.472722,-15.922387,12.482610,-15.922566,12.482493
0,-15.956347,12.563940,-15.959242,12.587930,-15.963982,12.573626
0,-15.960008,12.565985,-15.958446,12.565081,-15.962601,12.569037
0,-15.963982,12.573626,-15.963288,12.570423,-15.962601,12.569037
0,-15.963982,12.573626,-15.958446,12.565081,-15.956347,12.563940
0,-15.957340,12.589808,-15.956347,12.563940,-15.957155,12.589972
0,-15.953240,12.542630,-15.952956,12.545078,-15.953185,12.543779
0,-15.939045,12.527484,-15.951845,12.555707,-15.952562,12.549099
0,-15.945262,12.608544,-15.956895,12.595237,-15.956862,12.595198
0,-15.945262,12.608544,-15.957626,12.596095,-15.956895,12.595237
0,-15.932610,12.600831,-15.956869,12.590951,-15.957155,12.589972
0,-15.934276,12.601907,-15.938598,12.604443,-15.956813,12.591474
0,-15.956813,12.591474,-15.938598,12.604443,-15.956862,12.595193
0,-15.960101,12.601579,-15.960058,12.600297,-15.957626,12.596095
0,-15.957626,12.596095,-15.960058,12.600297,-15.959744,12.596925
0,-15.958679,12.588621,-15.959242,12.587930,-15.958290,12.588966
0,-15.960673,12.588318,-15.964836,12.580704,-15.959242,12.587930
0,-15.965251,12.618185,-15.965082,12.616606,-15.961371,12.620460
0,-15.965082,12.616606,-15.958267,12.617966,-15.961371,12.620460
0,-15.964874,12.615466,-15.964610,12.614022,-15.958267,12.617966
0,-15.963472,12.610916,-15.962252,12.607584,-15.954946,12.615925
0,-15.966177,12.621134,-15.964875,12.624047,-15.966172,12.622468
0,-15.964875,12.624047,-15.966011,12.625459,-15.966162,12.624585
0,-15.966172,12.622468,-15.964875,12.624047,-15.966162,12.624585
0,-15.958267,12.617966,-15.963472,12.610916,-15.954946,12.615925
0,-15.966177,12.621134,-15.961371,12.620460,-15.964875,12.624047
0,-15.965574,12.619291,-15.965251,12.618185,-15.961371,12.620460
0,-15.949057,12.611570,-15.961246,12.605460,-15.960101,12.601579
0,-15.949057,12.611570,-15.952187,12.614208,-15.961246,12.605460
0,-15.945262,12.608544,-15.960101,12.601579,-15.957626,12.596095
0,-15.959744,12.596925,-15.960058,12.600297,-15.959952,12.597129
0,-15.959744,12.596925,-15.959952,12.597129,-15.959943,12.597004
0,-15.952956,12.545078,-15.943517,12.529353,-15.940563,12.528148
0,-15.907134,12.581540,-15.951887,12.556396,-15.951845,12.555707
0,-15.923627,12.594001,-15.926945,12.596596,-15.957155,12.589972
0,-15.938598,12.604443,-15.956862,12.595198,-15.956862,12.595193
0,-15.934276,12.601907,-15.956869,12.590951,-15.932610,12.600831
0,-15.949057,12.611570,-15.960101,12.601579,-15.945262,12.608544
0,-15.938598,12.604443,-15.943027,12.606984,-15.956862,12.595198
0,-15.945262,12.608544,-15.956862,12.595198,-15.943027,12.606984
0,-15.932610,12.600831,-15.957155,12.589972,-15.926945,12.596596
0,-15.928270,12.598030,-15.932610,12.600831,-15.926945,12.596596
0,-15.927550,12.597565,-15.928270,12.598030,-15.926945,12.596596
0,-15.907134,12.581540,-15.919084,12.590569,-15.951887,12.556396
0,-15.954977,12.562318,-15.920041,12.591292,-15.923627,12.594001
0,-15.954977,12.562318,-15.919084,12.590569,-15.920041,12.591292
0,-15.933973,12.524405,-15.931718,12.523645,-15.935694,12.525788
0,-15.931040,12.523417,-15.935694,12.525788,-15.931375,12.523549
0,-15.950245,12.533982,-15.946006,12.530369,-15.943517,12.529353
0,-15.936248,12.525740,-15.935694,12.525788,-15.936585,12.526057
0,-15.934643,12.524631,-15.933973,12.524405,-15.935694,12.525788
0,-15.931040,12.523417,-15.931375,12.523549,-15.931306,12.523507
0,-15.952956,12.545078,-15.950245,12.533982,-15.943517,12.529353
0,-15.952562,12.549099,-15.940563,12.528148,-15.939045,12.527484
0,-15.952562,12.549099,-15.952956,12.545078,-15.940563,12.528148
0,-15.903772,12.580330,-15.907134,12.581540,-15.931040,12.523417
0,-15.903772,12.580330,-15.931040,12.523417,-15.902252,12.579783
0,-15.931040,12.523417,-15.928002,12.521515,-15.901398,12.579476
0,-15.925580,12.518421,-15.925056,12.517773,-15.926650,12.519899
0,-15.926650,12.519899,-15.897219,12.578352,-15.928002,12.521515
0,-15.925056,12.517773,-15.897219,12.578352,-15.926650,12.519899
0,-15.924460,12.517037,-15.897219,12.578352,-15.925056,12.517773
0,-15.923483,12.515697,-15.897219,12.578352,-15.924460,12.517037
0,-15.931040,12.523417,-15.901398,12.579476,-15.902252,12.579783
0,-15.890950,12.582536,-15.897219,12.578352,-15.885936,12.584880
0,-15.928002,12.521515,-15.899226,12.578694,-15.901398,12.579476
0,-15.928002,12.521515,-15.897219,12.578352,-15.899226,12.578694
0,-15.897219,12.578352,-15.890950,12.582536,-15.895017,12.580258
0,-15.897219,12.578352,-15.827105,12.573578,-15.885936,12.584880
0,-15.750717,12.602294,-15.793077,12.581052,-15.794652,12.578476
0,-15.750717,12.602294,-15.763216,12.601706,-15.792851,12.581418
0,-15.788591,12.587525,-15.790896,12.584588,-15.792018,12.582768
0,-15.783674,12.592683,-15.786225,12.590343,-15.788591,12.587525
0,-15.763216,12.601706,-15.783674,12.592683,-15.788591,12.587525
0,-15.666396,12.555826,-15.713105,12.594247,-15.714617,12.594630
0,-15.845226,12.589145,-15.858807,12.594465,-15.865229,12.593616
0,-15.845226,12.589145,-15.858109,12.594557,-15.858807,12.594465
0,-15.845226,12.589145,-15.877964,12.588607,-15.836253,12.582737
0,-15.844206,12.588716,-15.845226,12.589145,-15.836253,12.582737
0,-15.772525,12.599685,-15.778147,12.597245,-15.783674,12.592683
0,-15.766547,12.601292,-15.772525,12.599685,-15.783674,12.592683
0,-15.766547,12.601292,-15.770503,12.600563,-15.772525,12.599685
0,-15.763216,12.601706,-15.766547,12.601292,-15.783674,12.592683
0,-15.795646,12.576927,-15.747954,12.602265,-15.750717,12.602294
0,-15.794652,12.578476,-15.795646,12.576927,-15.750717,12.602294
0,-15.746030,12.602244,-15.747954,12.602265,-15.745488,12.602193
0,-15.745488,12.602193,-15.747954,12.602265,-15.742923,12.601954
0,-15.739087,12.602084,-15.740670,12.601780,-15.732080,12.600608
0,-15.742923,12.601954,-15.728666,12.599301,-15.740670,12.601780
0,-15.736895,12.602150,-15.732080,12.600608,-15.734519,12.601738
0,-15.740670,12.601780,-15.728666,12.599301,-15.732080,12.600608
0,-15.742923,12.601954,-15.723423,12.597342,-15.728666,12.599301
0,-15.742923,12.601954,-15.721045,12.596272,-15.723423,12.597342
0,-15.798105,12.573013,-15.800536,12.571102,-15.777522,12.437849
0,-15.666396,12.555826,-15.714617,12.594630,-15.719034,12.595739
0,-15.696001,12.592478,-15.696568,12.592496,-15.667816,12.564487
0,-15.667816,12.564487,-15.695368,12.592502,-15.696001,12.592478
0,-15.684892,12.591837,-15.678487,12.589661,-15.684184,12.591802
0,-15.684184,12.591802,-15.678487,12.589661,-15.683041,12.591746
0,-15.666396,12.555826,-15.710132,12.593494,-15.713105,12.594247
0,-15.667775,12.561565,-15.667816,12.564487,-15.696568,12.592496
0,-15.667082,12.557356,-15.704576,12.592743,-15.710132,12.593494
0,-15.704576,12.592743,-15.667775,12.561565,-15.696568,12.592496
0,-15.704576,12.592743,-15.667082,12.557356,-15.667367,12.559084
0,-15.559459,12.596487,-15.562252,12.590682,-15.536102,12.589366
0,-15.559459,12.596487,-15.536102,12.589366,-15.559318,12.597034
0,-15.559318,12.597034,-15.536102,12.589366,-15.559243,12.597330
0,-15.667895,12.570177,-15.678261,12.589557,-15.678487,12.589661
0,-15.562252,12.590682,-15.564736,12.586983,-15.536102,12.589366
0,-15.564736,12.586983,-15.565457,12.585909,-15.536102,12.589366
0,-15.500154,12.584650,-15.490820,12.582754,-15.496420,12.585845
0,-15.568313,12.581769,-15.511859,12.501479,-15.531259,12.588046
0,-15.531259,12.588046,-15.511859,12.501479,-15.521113,12.585280
0,-15.500578,12.584725,-15.503041,12.505305,-15.500154,12.584650
0,-15.497639,12.586305,-15.500154,12.584650,-15.496420,12.585845
0,-15.500578,12.584725,-15.521113,12.585280,-15.503041,12.505305
0,-15.490820,12.582754,-15.491994,12.584175,-15.496420,12.585845
0,-15.667895,12.570177,-15.672697,12.585647,-15.678261,12.589557
0,-15.667895,12.570177,-15.672112,12.585023,-15.672697,12.585647
0,-15.667237,12.579462,-15.671732,12.584618,-15.666641,12.575253
0,-15.667237,12.579462,-15.668121,12.582235,-15.671732,12.584618
0,-15.536102,12.589366,-15.568313,12.581769,-15.531259,12.588046
0,-15.511859,12.501479,-15.568313,12.581769,-15.573333,12.578370
0,-15.536102,12.589366,-15.565457,12.585909,-15.568313,12.581769
0,-15.490820,12.582754,-15.500154,12.584650,-15.503041,12.505305
0,-15.490820,12.582754,-15.489145,12.582306,-15.489935,12.582563
0,-15.489145,12.582306,-15.480656,12.578846,-15.484144,12.580679
0,-15.489145,12.582306,-15.503041,12.505305,-15.480656,12.578846
0,-15.549506,12.485137,-15.595494,12.564319,-15.602299,12.557796
0,-15.549506,12.485137,-15.592966,12.566334,-15.595494,12.564319
0,-15.582617,12.573814,-15.585652,12.571798,-15.577470,12.576340
0,-15.549506,12.485137,-15.602299,12.557796,-15.555664,12.482461
0,-15.458019,12.565230,-15.471220,12.573463,-15.458399,12.523383
0,-15.471181,12.574694,-15.471220,12.573463,-15.457166,12.566367
0,-15.458399,12.523383,-15.471220,12.573463,-15.503041,12.505305
0,-15.660632,12.549429,-15.664345,12.553630,-15.736943,12.433808
0,-15.635917,12.444513,-15.654576,12.542840,-15.680843,12.424532
0,-15.659072,12.547719,-15.660324,12.549090,-15.736943,12.433808
0,-15.555664,12.482461,-15.602299,12.557796,-15.603767,12.556327
0,-15.667367,12.559084,-15.667775,12.561565,-15.704576,12.592743
0,-15.667895,12.570177,-15.671732,12.584618,-15.672112,12.585023
0,-15.612117,12.548587,-15.555664,12.482461,-15.609297,12.550794
0,-15.511859,12.501479,-15.509815,12.502366,-15.521113,12.585280
0,-15.742923,12.601954,-15.797863,12.573203,-15.721045,12.596272
0,-15.777522,12.437849,-15.802426,12.570272,-15.804091,12.569541
0,-15.736943,12.433808,-15.797863,12.573203,-15.798105,12.573013
0,-15.742923,12.601954,-15.747954,12.602265,-15.797165,12.574375
0,-15.797863,12.573203,-15.742923,12.601954,-15.797165,12.574375
0,-15.797165,12.574375,-15.747954,12.602265,-15.795646,12.576927
0,-15.836253,12.582737,-15.827105,12.573578,-15.830685,12.577988
0,-15.888724,12.462453,-15.888249,12.460215,-15.883072,12.449725
0,-15.920694,12.510255,-15.823706,12.570948,-15.827105,12.573578
0,-15.823434,12.570811,-15.891656,12.465601,-15.821891,12.570035
0,-15.920418,12.508966,-15.893413,12.466744,-15.823706,12.570948
0,-15.823706,12.570948,-15.891656,12.465601,-15.823434,12.570811
0,-15.833728,12.444667,-15.813173,12.567362,-15.816098,12.568043
0,-15.837197,12.444760,-15.816098,12.568043,-15.821891,12.570035
0,-15.837197,12.444760,-15.833728,12.444667,-15.816098,12.568043
0,-15.810727,12.567409,-15.813173,12.567362,-15.811518,12.442055
0,-15.809901,12.567425,-15.810727,12.567409,-15.811518,12.442055
0,-15.805122,12.569089,-15.777522,12.437849,-15.804091,12.569541
0,-15.805339,12.568994,-15.808992,12.567738,-15.777522,12.437849
0,-15.667816,12.564487,-15.667895,12.570177,-15.695368,12.592502
0,-15.666641,12.575253,-15.671732,12.584618,-15.667895,12.570177
0,-15.805122,12.569089,-15.805339,12.568994,-15.777522,12.437849
0,-15.888249,12.460215,-15.887303,12.456945,-15.883072,12.449725
0,-15.657409,12.545896,-15.659072,12.547719,-15.736943,12.433808
0,-15.654576,12.542840,-15.657409,12.545896,-15.708155,12.428645
0,-15.649407,12.540652,-15.654576,12.542840,-15.635917,12.444513
0,-15.919335,12.487894,-15.901840,12.470563,-15.920540,12.502113
0,-15.823706,12.570948,-15.893413,12.466744,-15.891656,12.465601
0,-15.821891,12.570035,-15.891656,12.465601,-15.837197,12.444760
0,-15.891656,12.465601,-15.888724,12.462453,-15.837197,12.444760
0,-15.887176,12.454132,-15.887345,12.452122,-15.883072,12.449725
0,-15.887303,12.456945,-15.887176,12.454132,-15.883072,12.449725
0,-15.811518,12.442055,-15.777522,12.437849,-15.808992,12.567738
0,-15.777522,12.437849,-15.800536,12.571102,-15.801004,12.570896
0,-15.736943,12.433808,-15.798105,12.573013,-15.777522,12.437849
0,-15.628361,12.538692,-15.633622,12.538680,-15.625183,12.449286
0,-15.628361,12.538692,-15.625183,12.449286,-15.589875,12.467596
0,-15.625183,12.449286,-15.624369,12.446771,-15.589157,12.463981
0,-15.625183,12.449286,-15.642683,12.539328,-15.635917,12.444513
0,-15.635917,12.444513,-15.642683,12.539328,-15.649407,12.540652
0,-15.625183,12.449286,-15.638200,12.538764,-15.642683,12.539328
0,-15.625183,12.449286,-15.633622,12.538680,-15.638200,12.538764
0,-15.621354,12.541579,-15.628361,12.538692,-15.589875,12.467596
0,-15.555664,12.482461,-15.612117,12.548587,-15.589875,12.467596
0,-15.471220,12.573463,-15.475542,12.576158,-15.503041,12.505305
0,-15.435269,12.545685,-15.458399,12.523383,-15.433211,12.533235
0,-15.450835,12.558959,-15.458019,12.565230,-15.458399,12.523383
0,-15.445401,12.563267,-15.450835,12.558959,-15.435269,12.545685
0,-15.503041,12.505305,-15.521113,12.585280,-15.503893,12.504936
0,-15.503893,12.504936,-15.521113,12.585280,-15.509815,12.502366
0,-15.609297,12.550794,-15.555664,12.482461,-15.603767,12.556327
0,-15.577470,12.576340,-15.549506,12.485137,-15.573333,12.578370
0,-15.549506,12.485137,-15.511859,12.501479,-15.573333,12.578370
