39,7,41,83,20,
0,-16.462650,15.660289,-16.422814,15.833839,-16.473993,15.831985
0,-16.453552,15.836842,-16.460616,15.836087,-16.467220,15.834220
0,-16.176064,15.957553,-16.098824,15.936773,-16.099250,15.937976
0,-16.178402,15.955843,-16.182083,15.953374,-16.094148,15.913967
0,-16.228952,15.917417,-16.232858,15.914819,-16.185820,15.739942
0,-16.436486,15.836484,-16.473993,15.831985,-16.422814,15.833839
0,-16.549837,15.656882,-16.569790,15.708168,-16.573079,15.701457
0,-16.381186,15.620289,-16.444385,15.651823,-16.418225,15.630316
0,-16.374554,15.618813,-16.367348,15.615179,-16.326963,15.625342
0,-16.331757,15.597292,-16.330465,15.602781,-16.337523,15.596109
0,-16.373078,15.831939,-16.444385,15.651823,-16.294357,15.670397
0,-16.180127,15.732996,-16.179241,15.731925,-16.151360,15.731977
0,-16.591184,15.667034,-16.581556,15.659775,-16.580904,15.660550
0,-16.474392,15.648073,-16.485477,15.642151,-16.479463,15.642381
0,-16.422814,15.833839,-16.462650,15.660289,-16.455609,15.658921
0,-16.418225,15.630316,-16.406003,15.623939,-16.381186,15.620289
0,-16.462650,15.660289,-16.473993,15.831985,-16.463022,15.660361
0,-16.541196,15.772929,-16.515487,15.806923,-16.539710,15.778382
0,-16.330465,15.602781,-16.331757,15.597292,-16.329785,15.600134
0,-16.326593,15.831845,-16.285025,15.674940,-16.325429,15.832323
0,-16.111493,15.960814,-16.114970,15.964883,-16.167152,15.964507
0,-16.072640,15.840906,-16.075044,15.817852,-16.073621,15.819996
0,-16.125295,15.749553,-16.116581,15.751641,-16.076887,15.811539
0,-16.093457,15.912765,-16.094148,15.913967,-16.088044,15.882285
0,-16.112271,15.751997,-16.106485,15.752171,-16.076887,15.811539
0,-16.070644,15.825684,-16.072640,15.840906,-16.070656,15.825645
0,-16.068258,15.788701,-16.069372,15.801748,-16.069907,15.802799
0,-16.339193,15.596709,-16.337523,15.596109,-16.330465,15.602781
0,-16.130346,15.747719,-16.076783,15.812822,-16.088693,15.878910
0,-16.153287,15.730074,-16.179241,15.731925,-16.178355,15.730855
0,-16.428592,15.630273,-16.419764,15.627796,-16.419624,15.628242
0,-16.294357,15.670397,-16.381186,15.620289,-16.307620,15.649162
0,-16.343640,15.599319,-16.332569,15.610973,-16.348078,15.601703
0,-16.406003,15.623939,-16.401324,15.621861,-16.398081,15.621216
0,-16.331907,15.616762,-16.355125,15.606542,-16.351595,15.604086
0,-16.339193,15.596709,-16.330814,15.604142,-16.340918,15.597294
0,-16.340918,15.597294,-16.330814,15.604142,-16.331556,15.607031
0,-16.234602,15.684555,-16.228625,15.686848,-16.228428,15.686964
0,-16.396963,15.620994,-16.406003,15.623939,-16.398081,15.621216
0,-16.343640,15.599319,-16.340918,15.597294,-16.331556,15.607031
0,-16.428592,15.630273,-16.419528,15.628549,-16.418765,15.629633
0,-16.307620,15.649162,-16.320332,15.632088,-16.308237,15.647518
0,-16.328579,15.622820,-16.362708,15.611601,-16.331907,15.616762
0,-16.315013,15.635353,-16.308237,15.647518,-16.320332,15.632088
0,-16.307620,15.649162,-16.381186,15.620289,-16.374554,15.618813
0,-16.294357,15.670397,-16.444385,15.651823,-16.381186,15.620289
0,-16.418225,15.630316,-16.428592,15.630273,-16.418765,15.629633
0,-16.479463,15.642381,-16.476316,15.644302,-16.474392,15.648073
0,-16.470965,15.657737,-16.555958,15.737016,-16.524437,15.650741
0,-16.569790,15.708168,-16.545732,15.655740,-16.536256,15.653197
0,-16.580319,15.685724,-16.562865,15.659987,-16.579995,15.686444
0,-16.575806,15.695752,-16.579995,15.686444,-16.562865,15.659987
0,-16.589698,15.669610,-16.580248,15.661088,-16.579427,15.661627
0,-16.575806,15.695752,-16.562865,15.659987,-16.557909,15.659117
0,-16.569790,15.708168,-16.547467,15.656223,-16.545732,15.655740
0,-16.453552,15.836842,-16.467220,15.834220,-16.436486,15.836484
0,-16.311477,15.851718,-16.312917,15.850705,-16.305298,15.853950
0,-16.347521,15.837763,-16.344438,15.839733,-16.345302,15.839621
0,-16.359918,15.832494,-16.292023,15.673059,-16.333223,15.831302
0,-16.436486,15.836484,-16.467220,15.834220,-16.473993,15.831985
0,-16.216818,15.704202,-16.224841,15.688629,-16.218759,15.692222
0,-16.305298,15.853950,-16.319554,15.840776,-16.297277,15.855962
0,-16.203619,15.722235,-16.203244,15.722607,-16.204009,15.721891
0,-16.297277,15.855962,-16.322927,15.834516,-16.289345,15.858051
0,-16.265263,15.877807,-16.270803,15.872027,-16.185820,15.739942
0,-16.279807,15.865855,-16.285497,15.861199,-16.185820,15.739942
0,-16.345187,15.839702,-16.345302,15.839621,-16.344438,15.839733
0,-16.239145,15.911457,-16.239535,15.911269,-16.265263,15.877807
0,-16.256575,15.898249,-16.251682,15.905562,-16.252450,15.905193
0,-16.164752,15.967837,-16.167152,15.964507,-16.116224,15.966630
0,-16.463022,15.660361,-16.473993,15.831985,-16.503333,15.816001
0,-16.196046,15.942401,-16.088693,15.878910,-16.094148,15.913967
0,-16.150829,15.988958,-16.153414,15.985238,-16.142894,15.985741
0,-16.097523,15.933097,-16.094148,15.913967,-16.094031,15.915233
0,-16.176064,15.957553,-16.094148,15.913967,-16.097523,15.933097
0,-16.083777,15.894598,-16.088044,15.882285,-16.083287,15.890317
0,-16.090018,15.909295,-16.092078,15.911265,-16.086755,15.902917
0,-16.076197,15.857017,-16.088693,15.878910,-16.075807,15.815925
0,-16.074782,15.855733,-16.076197,15.857017,-16.071884,15.847045
0,-16.081771,15.873707,-16.075925,15.858683,-16.077742,15.868920
0,-16.086978,15.877125,-16.088693,15.878910,-16.076197,15.857017
0,-16.072331,15.855206,-16.074782,15.855733,-16.071884,15.847045
0,-16.075807,15.815925,-16.088693,15.878910,-16.076330,15.814262
0,-16.075246,15.817343,-16.075044,15.817852,-16.072640,15.840906
0,-16.064188,15.762010,-16.066685,15.769961,-16.066773,15.755705
0,-16.077742,15.868920,-16.075925,15.858683,-16.075700,15.860066
0,-16.071884,15.847045,-16.076197,15.857017,-16.071878,15.846942
0,-16.066685,15.769961,-16.067806,15.778179,-16.068330,15.779426
0,-16.109187,15.751398,-16.106485,15.752171,-16.109642,15.751487
0,-16.066685,15.769961,-16.066305,15.772304,-16.067241,15.776834
0,-16.205176,15.720862,-16.211280,15.711659,-16.204226,15.719048
0,-16.325429,15.832323,-16.211944,15.710765,-16.211280,15.711659
0,-16.325429,15.832323,-16.276548,15.675611,-16.211944,15.710765
0,-16.300513,15.654828,-16.303938,15.651076,-16.302612,15.651483
0,-16.224841,15.688629,-16.228428,15.686964,-16.227820,15.686955
0,-16.227497,15.686950,-16.224841,15.688629,-16.227820,15.686955
0,-16.151360,15.731977,-16.150831,15.732518,-16.180499,15.733445
0,-16.153287,15.730074,-16.151360,15.731977,-16.179241,15.731925
0,-16.322927,15.834516,-16.205176,15.720862,-16.289345,15.858051
0,-16.151360,15.731977,-16.151169,15.732165,-16.150831,15.732518
0,-16.166235,15.717728,-16.160947,15.722421,-16.167444,15.718669
0,-16.150831,15.732518,-16.150787,15.732564,-16.180499,15.733445
0,-16.419528,15.628549,-16.428592,15.630273,-16.419624,15.628242
0,-16.415628,15.628214,-16.406003,15.623939,-16.418225,15.630316
0,-16.428592,15.630273,-16.437317,15.639825,-16.436173,15.635907
0,-16.372813,15.831950,-16.294357,15.670397,-16.292023,15.673059
0,-16.432370,15.631331,-16.428592,15.630273,-16.436173,15.635907
0,-16.432370,15.631331,-16.436173,15.635907,-16.435870,15.635131
0,-16.432370,15.631331,-16.435870,15.635131,-16.434750,15.632263
0,-16.428592,15.630273,-16.418225,15.630316,-16.437317,15.639825
0,-16.396963,15.620994,-16.381186,15.620289,-16.406003,15.623939
0,-16.369405,15.615524,-16.374554,15.618813,-16.369580,15.615554
0,-16.307620,15.649162,-16.374554,15.618813,-16.320332,15.632088
0,-16.367348,15.615179,-16.374554,15.618813,-16.369405,15.615524
0,-16.348473,15.601915,-16.348078,15.601703,-16.332569,15.610973
0,-16.326963,15.625342,-16.320332,15.632088,-16.374554,15.618813
0,-16.343640,15.599319,-16.331691,15.607556,-16.332569,15.610973
0,-16.331691,15.607556,-16.343640,15.599319,-16.331556,15.607031
0,-16.331757,15.597292,-16.337523,15.596109,-16.334038,15.595162
0,-16.330814,15.604142,-16.339193,15.596709,-16.330465,15.602781
0,-16.351595,15.604086,-16.348473,15.601915,-16.332569,15.610973
0,-16.351595,15.604086,-16.332569,15.610973,-16.331907,15.616762
0,-16.355125,15.606542,-16.331907,15.616762,-16.362708,15.611601
0,-16.307804,15.643054,-16.309701,15.639589,-16.308698,15.640689
0,-16.307804,15.643054,-16.308698,15.640689,-16.307820,15.641652
0,-16.307785,15.644637,-16.309701,15.639589,-16.307804,15.643054
0,-16.308123,15.646243,-16.315013,15.635353,-16.309701,15.639589
0,-16.331907,15.616762,-16.329059,15.620566,-16.328579,15.622820
0,-16.367348,15.615179,-16.362708,15.611601,-16.328579,15.622820
0,-16.320332,15.632088,-16.326963,15.625342,-16.325402,15.626346
0,-16.367348,15.615179,-16.328579,15.622820,-16.326963,15.625342
0,-16.418225,15.630316,-16.439305,15.644413,-16.437317,15.639825
0,-16.418225,15.630316,-16.442127,15.648590,-16.439305,15.644413
0,-16.307785,15.644637,-16.308123,15.646243,-16.309701,15.639589
0,-16.308237,15.647518,-16.315013,15.635353,-16.308123,15.646243
0,-16.298722,15.659932,-16.294357,15.670397,-16.307620,15.649162
0,-16.304845,15.650724,-16.300126,15.655814,-16.305217,15.650548
0,-16.301669,15.651881,-16.300513,15.654828,-16.302612,15.651483
0,-16.304393,15.650937,-16.300126,15.655814,-16.304845,15.650724
0,-16.300513,15.654828,-16.304393,15.650937,-16.303938,15.651076
0,-16.300513,15.654828,-16.300126,15.655814,-16.304393,15.650937
0,-16.418225,15.630316,-16.444385,15.651823,-16.442127,15.648590
0,-16.300126,15.655814,-16.306432,15.649987,-16.305217,15.650548
0,-16.296682,15.663369,-16.294357,15.670397,-16.298722,15.659932
0,-16.409748,15.832116,-16.422329,15.833745,-16.455609,15.658921
0,-16.383317,15.832110,-16.447216,15.654168,-16.444385,15.651823
0,-16.383317,15.832110,-16.450707,15.657059,-16.447216,15.654168
0,-16.502419,15.645641,-16.485477,15.642151,-16.473726,15.653116
0,-16.554748,15.739237,-16.555958,15.737016,-16.470965,15.657737
0,-16.554748,15.739237,-16.470965,15.657737,-16.468601,15.659106
0,-16.409748,15.832116,-16.455609,15.658921,-16.450707,15.657059
0,-16.422329,15.833745,-16.422814,15.833839,-16.455609,15.658921
0,-16.566171,15.716816,-16.536256,15.653197,-16.527735,15.651426
0,-16.524437,15.650741,-16.519360,15.649131,-16.470965,15.657737
0,-16.519360,15.649131,-16.507118,15.646609,-16.470965,15.657737
0,-16.474392,15.648073,-16.473726,15.653116,-16.485477,15.642151
0,-16.470965,15.657737,-16.507118,15.646609,-16.502419,15.645641
0,-16.470965,15.657737,-16.502419,15.645641,-16.473726,15.653116
0,-16.563049,15.724679,-16.527735,15.651426,-16.524437,15.650741
0,-16.563049,15.724679,-16.524437,15.650741,-16.561000,15.728774
0,-16.580780,15.649652,-16.581116,15.654034,-16.599051,15.649314
0,-16.601437,15.649270,-16.599334,15.652911,-16.601579,15.649267
0,-16.599051,15.649314,-16.581116,15.654034,-16.599334,15.652911
0,-16.601164,15.649275,-16.599334,15.652911,-16.601437,15.649270
0,-16.601164,15.649275,-16.599051,15.649314,-16.599334,15.652911
0,-16.569790,15.708168,-16.549837,15.656882,-16.547467,15.656223
0,-16.573079,15.701457,-16.555816,15.658546,-16.549837,15.656882
0,-16.580248,15.661088,-16.589698,15.669610,-16.580904,15.660550
0,-16.592144,15.665371,-16.581116,15.654034,-16.581556,15.659775
0,-16.573079,15.701457,-16.575806,15.695752,-16.555816,15.658546
0,-16.555816,15.658546,-16.575806,15.695752,-16.557909,15.659117
0,-16.599334,15.652911,-16.581116,15.654034,-16.592144,15.665371
0,-16.592144,15.665371,-16.581556,15.659775,-16.591184,15.667034
0,-16.579427,15.661627,-16.578384,15.661794,-16.585992,15.676032
0,-16.578384,15.661794,-16.577176,15.661962,-16.585992,15.676032
0,-16.577176,15.661962,-16.576961,15.661964,-16.585992,15.676032
0,-16.580319,15.685724,-16.573052,15.661939,-16.562865,15.659987
0,-16.584048,15.679399,-16.574579,15.661963,-16.573052,15.661939
0,-16.584048,15.679399,-16.584721,15.678233,-16.574579,15.661963
0,-16.576351,15.661968,-16.585992,15.676032,-16.576961,15.661964
0,-16.574579,15.661963,-16.584721,15.678233,-16.575361,15.661975
0,-16.575361,15.661975,-16.584721,15.678233,-16.576351,15.661968
0,-16.582768,15.681616,-16.573052,15.661939,-16.580319,15.685724
0,-16.582751,15.681723,-16.582768,15.681616,-16.580319,15.685724
0,-16.536256,15.653197,-16.566534,15.715947,-16.569790,15.708168
0,-16.583382,15.680551,-16.573052,15.661939,-16.582768,15.681616
0,-16.584048,15.679399,-16.573052,15.661939,-16.583382,15.680551
0,-16.591184,15.667034,-16.580904,15.660550,-16.589698,15.669610
0,-16.589698,15.669610,-16.579427,15.661627,-16.585992,15.676032
0,-16.585992,15.676032,-16.576351,15.661968,-16.584721,15.678233
0,-16.536256,15.653197,-16.566171,15.716816,-16.566534,15.715947
0,-16.527735,15.651426,-16.563049,15.724679,-16.566171,15.716816
0,-16.563049,15.724679,-16.564382,15.722017,-16.566171,15.716816
0,-16.561000,15.728774,-16.524437,15.650741,-16.555958,15.737016
0,-16.553105,15.742250,-16.554748,15.739237,-16.468601,15.659106
0,-16.515487,15.806923,-16.521311,15.803578,-16.539710,15.778382
0,-16.468601,15.659106,-16.550491,15.747042,-16.553105,15.742250
0,-16.468601,15.659106,-16.466091,15.659798,-16.549557,15.749551
0,-16.550491,15.747042,-16.468601,15.659106,-16.549557,15.749551
0,-16.521311,15.803578,-16.538154,15.784094,-16.539710,15.778382
0,-16.521311,15.803578,-16.527633,15.801646,-16.536224,15.791643
0,-16.535851,15.793103,-16.527633,15.801646,-16.533821,15.801572
0,-16.535851,15.793103,-16.536224,15.791643,-16.527633,15.801646
0,-16.538154,15.784094,-16.521311,15.803578,-16.536224,15.791643
0,-16.543444,15.765394,-16.463022,15.660361,-16.515487,15.806923
0,-16.463022,15.660361,-16.543444,15.765394,-16.544142,15.763627
0,-16.549557,15.749551,-16.466091,15.659798,-16.548986,15.751083
0,-16.466091,15.659798,-16.547153,15.756004,-16.548209,15.753169
0,-16.463022,15.660361,-16.544142,15.763627,-16.547153,15.756004
0,-16.503333,15.816001,-16.480800,15.829578,-16.493163,15.823362
0,-16.444539,15.837610,-16.453552,15.836842,-16.436486,15.836484
0,-16.335372,15.832750,-16.337151,15.835540,-16.347521,15.837763
0,-16.347521,15.837763,-16.343187,15.839786,-16.344438,15.839733
0,-16.345187,15.839702,-16.345263,15.839699,-16.345302,15.839621
0,-16.345310,15.839697,-16.345302,15.839621,-16.345263,15.839699
0,-16.319554,15.840776,-16.305298,15.853950,-16.312917,15.850705
0,-16.297277,15.855962,-16.289345,15.858051,-16.294264,15.857124
0,-16.294264,15.857124,-16.289345,15.858051,-16.292286,15.857718
0,-16.292907,15.857647,-16.294264,15.857124,-16.292286,15.857718
0,-16.319554,15.840776,-16.312917,15.850705,-16.314767,15.849404
0,-16.319554,15.840776,-16.314767,15.849404,-16.316568,15.848137
0,-16.337151,15.835540,-16.338892,15.840290,-16.343187,15.839786
0,-16.347521,15.837763,-16.337151,15.835540,-16.343187,15.839786
0,-16.322927,15.834516,-16.297277,15.855962,-16.319554,15.840776
0,-16.333223,15.831302,-16.352860,15.834190,-16.359918,15.832494
0,-16.335372,15.832750,-16.347521,15.837763,-16.352860,15.834190
0,-16.352860,15.834190,-16.333223,15.831302,-16.335372,15.832750
0,-16.359918,15.832494,-16.372813,15.831950,-16.292023,15.673059
0,-16.292023,15.673059,-16.328214,15.831179,-16.330579,15.830953
0,-16.288514,15.674472,-16.285025,15.674940,-16.328214,15.831179
0,-16.328214,15.831179,-16.285025,15.674940,-16.326593,15.831845
0,-16.205176,15.720862,-16.322927,15.834516,-16.325429,15.832323
0,-16.450707,15.657059,-16.383317,15.832110,-16.398184,15.831778
0,-16.398184,15.831778,-16.409748,15.832116,-16.450707,15.657059
0,-16.372813,15.831950,-16.373078,15.831939,-16.294357,15.670397
0,-16.383317,15.832110,-16.444385,15.651823,-16.373078,15.831939
0,-16.480800,15.829578,-16.489305,15.825981,-16.493163,15.823362
0,-16.473993,15.831985,-16.480800,15.829578,-16.503333,15.816001
0,-16.543444,15.765394,-16.515487,15.806923,-16.541196,15.772929
0,-16.463022,15.660361,-16.507245,15.812879,-16.515487,15.806923
0,-16.463022,15.660361,-16.503333,15.816001,-16.507245,15.812879
0,-16.493163,15.823362,-16.499491,15.819068,-16.503333,15.816001
0,-16.547153,15.756004,-16.466091,15.659798,-16.463022,15.660361
0,-16.548209,15.753169,-16.548986,15.751083,-16.466091,15.659798
0,-16.306432,15.649987,-16.298722,15.659932,-16.307620,15.649162
0,-16.292023,15.673059,-16.330579,15.830953,-16.333223,15.831302
0,-16.300126,15.655814,-16.298722,15.659932,-16.306432,15.649987
0,-16.248049,15.679825,-16.247297,15.680012,-16.242573,15.681860
0,-16.185820,15.739942,-16.285497,15.861199,-16.289345,15.858051
0,-16.270803,15.872027,-16.273261,15.875264,-16.279807,15.865855
0,-16.130346,15.747719,-16.127031,15.749137,-16.076783,15.812822
0,-16.265263,15.877807,-16.239535,15.911269,-16.256575,15.898249
0,-16.265263,15.877807,-16.256575,15.898249,-16.261237,15.892724
0,-16.245387,15.908451,-16.251682,15.905562,-16.256575,15.898249
0,-16.256575,15.898249,-16.239535,15.911269,-16.245387,15.908451
0,-16.256575,15.898249,-16.252450,15.905193,-16.256534,15.901272
0,-16.196046,15.942401,-16.208971,15.932128,-16.088693,15.878910
0,-16.215664,15.926787,-16.088693,15.878910,-16.208971,15.932128
0,-16.193353,15.944541,-16.196046,15.942401,-16.094148,15.913967
0,-16.190094,15.947005,-16.193353,15.944541,-16.094148,15.913967
0,-16.185998,15.950280,-16.190094,15.947005,-16.094148,15.913967
0,-16.219695,15.923788,-16.088693,15.878910,-16.215664,15.926787
0,-16.232858,15.914819,-16.265263,15.877807,-16.185820,15.739942
0,-16.239145,15.911457,-16.265263,15.877807,-16.232858,15.914819
0,-16.219695,15.923788,-16.224471,15.920630,-16.088693,15.878910
0,-16.088693,15.878910,-16.224471,15.920630,-16.228952,15.917417
0,-16.182083,15.953374,-16.185998,15.950280,-16.094148,15.913967
0,-16.178402,15.955843,-16.094148,15.913967,-16.176064,15.957553
0,-16.176738,15.957101,-16.178402,15.955843,-16.176064,15.957553
0,-16.167152,15.964507,-16.176065,15.957621,-16.176064,15.957553
0,-16.116224,15.966630,-16.124676,15.977533,-16.125887,15.978082
0,-16.153414,15.985238,-16.158512,15.977904,-16.142894,15.985741
0,-16.161208,15.972267,-16.164752,15.967837,-16.116224,15.966630
0,-16.158512,15.977904,-16.161208,15.972267,-16.135421,15.982407
0,-16.150874,15.988963,-16.153414,15.985238,-16.150829,15.988958
0,-16.150874,15.988963,-16.150829,15.988958,-16.150867,15.988973
0,-16.158512,15.977904,-16.135421,15.982407,-16.142894,15.985741
0,-16.161208,15.972267,-16.125887,15.978082,-16.135421,15.982407
0,-16.161208,15.972267,-16.116224,15.966630,-16.125887,15.978082
0,-16.114970,15.964883,-16.116224,15.966630,-16.167152,15.964507
0,-16.116224,15.966630,-16.123744,15.977110,-16.124676,15.977533
0,-16.102380,15.946815,-16.109902,15.958952,-16.167152,15.964507
0,-16.102629,15.947881,-16.102826,15.948725,-16.109902,15.958952
0,-16.109902,15.958952,-16.111493,15.960814,-16.167152,15.964507
0,-16.103594,15.952006,-16.105158,15.954445,-16.102826,15.948725
0,-16.109902,15.958952,-16.105158,15.954445,-16.107605,15.957741
0,-16.097523,15.933097,-16.098824,15.936773,-16.176064,15.957553
0,-16.099250,15.937976,-16.167152,15.964507,-16.176064,15.957553
0,-16.097523,15.933097,-16.093925,15.918670,-16.093644,15.922142
0,-16.097523,15.933097,-16.094031,15.915233,-16.093925,15.918670
0,-16.109902,15.958952,-16.102826,15.948725,-16.105158,15.954445
0,-16.107605,15.957741,-16.105158,15.954445,-16.107100,15.957475
0,-16.099250,15.937976,-16.102380,15.946815,-16.167152,15.964507
0,-16.102629,15.947881,-16.109902,15.958952,-16.102380,15.946815
0,-16.094148,15.913967,-16.088693,15.878910,-16.088044,15.882285
0,-16.092078,15.911265,-16.093457,15.912765,-16.088044,15.882285
0,-16.088044,15.882285,-16.083777,15.894598,-16.086755,15.902917
0,-16.086978,15.877125,-16.076197,15.857017,-16.084904,15.875763
0,-16.092078,15.911265,-16.088044,15.882285,-16.086755,15.902917
0,-16.084904,15.875763,-16.075925,15.858683,-16.081771,15.873707
0,-16.075800,15.866060,-16.075700,15.860066,-16.074972,15.863696
0,-16.070656,15.825645,-16.072640,15.840906,-16.073621,15.819996
0,-16.070656,15.825645,-16.073621,15.819996,-16.071539,15.822891
0,-16.074972,15.863696,-16.075700,15.860066,-16.075035,15.861615
0,-16.075800,15.866060,-16.077742,15.868920,-16.075700,15.860066
0,-16.071878,15.846942,-16.076197,15.857017,-16.072640,15.840906
0,-16.075925,15.858683,-16.084904,15.875763,-16.076197,15.857017
0,-16.109642,15.751487,-16.106485,15.752171,-16.112271,15.751997
0,-16.076197,15.857017,-16.075807,15.815925,-16.072640,15.840906
0,-16.075807,15.815925,-16.075246,15.817343,-16.072640,15.840906
0,-16.088693,15.878910,-16.076783,15.812822,-16.076330,15.814262
0,-16.069907,15.802799,-16.076887,15.811539,-16.068258,15.788701
0,-16.127031,15.749137,-16.076887,15.811539,-16.076783,15.812822
0,-16.076887,15.811539,-16.070892,15.804731,-16.075446,15.810371
0,-16.075446,15.810371,-16.070892,15.804731,-16.073450,15.808565
0,-16.073450,15.808565,-16.070892,15.804731,-16.071785,15.806650
0,-16.076887,15.811539,-16.106485,15.752171,-16.068258,15.788701
0,-16.068258,15.788701,-16.106485,15.752171,-16.101454,15.752115
0,-16.076887,15.811539,-16.069907,15.802799,-16.070892,15.804731
0,-16.066685,15.769961,-16.067241,15.776834,-16.067806,15.778179
0,-16.068258,15.788701,-16.101454,15.752115,-16.068330,15.779426
0,-16.066773,15.755705,-16.064007,15.759389,-16.064188,15.762010
0,-16.094006,15.752198,-16.083755,15.751987,-16.068330,15.779426
0,-16.083755,15.751987,-16.066685,15.769961,-16.068330,15.779426
0,-16.064007,15.759389,-16.066773,15.755705,-16.063007,15.756529
0,-16.094006,15.752198,-16.068330,15.779426,-16.101454,15.752115
0,-16.066773,15.755705,-16.066685,15.769961,-16.083755,15.751987
0,-16.228952,15.917417,-16.185820,15.739942,-16.088693,15.878910
0,-16.116581,15.751641,-16.112271,15.751997,-16.076887,15.811539
0,-16.174791,15.726594,-16.156789,15.726617,-16.175686,15.727653
0,-16.180499,15.733445,-16.150787,15.732564,-16.150556,15.732805
0,-16.180499,15.733445,-16.150556,15.732805,-16.147593,15.735896
0,-16.185820,15.739942,-16.147593,15.735896,-16.146867,15.736456
0,-16.185820,15.739942,-16.146867,15.736456,-16.142129,15.740110
0,-16.076887,15.811539,-16.127031,15.749137,-16.125295,15.749553
0,-16.088693,15.878910,-16.185820,15.739942,-16.130346,15.747719
0,-16.142129,15.740110,-16.130346,15.747719,-16.185820,15.739942
0,-16.142129,15.740110,-16.140421,15.740435,-16.130346,15.747719
0,-16.175686,15.727653,-16.156789,15.726617,-16.176578,15.728717
0,-16.173892,15.725539,-16.158460,15.724930,-16.174791,15.726594
0,-16.156789,15.726617,-16.153287,15.730074,-16.177467,15.729785
0,-16.185820,15.739942,-16.180499,15.733445,-16.147593,15.735896
0,-16.279807,15.865855,-16.185820,15.739942,-16.270803,15.872027
0,-16.180499,15.733445,-16.180127,15.732996,-16.151360,15.731977
0,-16.177467,15.729785,-16.153287,15.730074,-16.178355,15.730855
0,-16.176578,15.728717,-16.156789,15.726617,-16.177467,15.729785
0,-16.172081,15.723446,-16.160947,15.722421,-16.172989,15.724489
0,-16.172989,15.724489,-16.158460,15.724930,-16.173892,15.725539
0,-16.206458,15.702025,-16.207690,15.702316,-16.206440,15.700599
0,-16.203058,15.722793,-16.204009,15.721891,-16.203244,15.722607
0,-16.289345,15.858051,-16.203058,15.722793,-16.185820,15.739942
0,-16.289345,15.858051,-16.205176,15.720862,-16.203058,15.722793
0,-16.170246,15.721382,-16.160947,15.722421,-16.171166,15.722410
0,-16.171166,15.722410,-16.160947,15.722421,-16.172081,15.723446
0,-16.174791,15.726594,-16.157418,15.725982,-16.156789,15.726617
0,-16.165170,15.716639,-16.160947,15.722421,-16.166235,15.717728
0,-16.168627,15.719615,-16.160947,15.722421,-16.170246,15.721382
0,-16.174791,15.726594,-16.158460,15.724930,-16.157418,15.725982
0,-16.172989,15.724489,-16.160947,15.722421,-16.158460,15.724930
0,-16.214508,15.694713,-16.216818,15.704202,-16.218759,15.692222
0,-16.212310,15.696164,-16.216818,15.704202,-16.214508,15.694713
0,-16.216818,15.704202,-16.212310,15.696164,-16.209638,15.702776
0,-16.216818,15.704202,-16.228428,15.686964,-16.224841,15.688629
0,-16.216818,15.704202,-16.242573,15.681860,-16.234602,15.684555
0,-16.216818,15.704202,-16.248049,15.679825,-16.242573,15.681860
0,-16.288514,15.674472,-16.328214,15.831179,-16.292023,15.673059
0,-16.325429,15.832323,-16.285025,15.674940,-16.282734,15.675247
0,-16.325429,15.832323,-16.282734,15.675247,-16.276548,15.675611
0,-16.211944,15.710765,-16.276548,15.675611,-16.272681,15.675839
0,-16.266329,15.676192,-16.272681,15.675839,-16.270550,15.675372
0,-16.266329,15.676192,-16.216818,15.704202,-16.272681,15.675839
0,-16.216818,15.704202,-16.258079,15.677333,-16.248049,15.679825
0,-16.258079,15.677333,-16.216818,15.704202,-16.266329,15.676192
0,-16.266329,15.676192,-16.262171,15.676360,-16.258079,15.677333
0,-16.212310,15.696164,-16.208488,15.698592,-16.209638,15.702776
0,-16.208488,15.698592,-16.207690,15.702316,-16.209638,15.702776
0,-16.206440,15.700599,-16.207690,15.702316,-16.208488,15.698592
0,-16.205961,15.701651,-16.206458,15.702025,-16.206440,15.700599
0,-16.272681,15.675839,-16.216818,15.704202,-16.211944,15.710765
0,-16.234602,15.684555,-16.228428,15.686964,-16.216818,15.704202
0,-16.205961,15.701651,-16.206315,15.701991,-16.206458,15.702025
0,-16.205790,15.701488,-16.205961,15.701651,-16.206440,15.700599
0,-16.205660,15.701363,-16.205790,15.701488,-16.206440,15.700599
0,-16.203058,15.722793,-16.205176,15.720862,-16.204009,15.721891
0,-16.325429,15.832323,-16.211280,15.711659,-16.205176,15.720862
0,-16.167444,15.718669,-16.160947,15.722421,-16.168627,15.719615
0,-16.165990,15.716958,-16.165170,15.716639,-16.166235,15.717728
0,-16.165830,15.716453,-16.165170,15.716639,-16.165990,15.716958
0,-16.211280,15.711659,-16.203863,15.716240,-16.204226,15.719048
0,-16.204226,15.719048,-16.203863,15.716240,-16.203743,15.716626
0,-16.165757,15.716222,-16.165170,15.716639,-16.165830,15.716453
