31,8,17,18,90,
0,-16.485564,14.530294,-16.486235,14.530777,-16.485783,14.530218
0,-16.455527,14.458280,-16.455523,14.458267,-16.338274,14.454511
0,-16.485042,14.591637,-16.479556,14.589746,-16.481425,14.592534
0,-16.480082,14.525817,-16.481601,14.524280,-16.481903,14.520786
0,-16.479556,14.589746,-16.479768,14.591598,-16.481425,14.592534
0,-16.372979,14.349836,-16.372716,14.352450,-16.373231,14.353288
0,-16.434770,14.376452,-16.437367,14.380742,-16.437155,14.380147
0,-16.485994,14.590962,-16.487259,14.591388,-16.511916,14.558772
0,-16.447188,14.405738,-16.447321,14.402790,-16.444086,14.414386
0,-16.363705,14.364533,-16.363833,14.366070,-16.365467,14.361857
0,-16.447210,14.406227,-16.447207,14.405810,-16.447188,14.405738
0,-16.437367,14.380742,-16.434770,14.376452,-16.433429,14.374732
0,-16.372979,14.349836,-16.372354,14.350889,-16.372359,14.350912
0,-16.355199,14.593103,-16.343569,14.587036,-16.354763,14.593049
0,-16.447307,14.400638,-16.442291,14.389224,-16.447321,14.402790
0,-16.444086,14.414386,-16.444758,14.413443,-16.447188,14.405738
0,-16.512055,14.555087,-16.511531,14.554860,-16.511955,14.556503
0,-16.520200,14.559728,-16.520451,14.559997,-16.520252,14.559711
0,-16.511933,14.558772,-16.511916,14.558772,-16.513413,14.559307
0,-16.508866,14.553629,-16.511200,14.557191,-16.510199,14.554268
0,-16.333329,14.470265,-16.392242,14.599345,-16.463533,14.493126
0,-16.457669,14.594536,-16.455658,14.594931,-16.456893,14.594997
0,-16.459454,14.593475,-16.452399,14.594726,-16.458984,14.593754
0,-16.448536,14.594415,-16.479356,14.526357,-16.442161,14.594635
0,-16.358091,14.596508,-16.359440,14.601044,-16.365157,14.605374
0,-16.421398,14.597208,-16.423050,14.595369,-16.420840,14.597375
0,-16.354763,14.593049,-16.345458,14.589119,-16.352239,14.592735
0,-16.345458,14.589119,-16.346679,14.590463,-16.352239,14.592735
0,-16.392242,14.599345,-16.341739,14.585020,-16.355199,14.593103
0,-16.313296,14.548303,-16.313313,14.551160,-16.340574,14.584523
0,-16.301606,14.495957,-16.296302,14.495065,-16.289632,14.504000
0,-16.447599,14.428178,-16.447355,14.426589,-16.444535,14.422972
0,-16.354340,14.394246,-16.439108,14.384498,-16.355610,14.389529
0,-16.338178,14.419659,-16.338329,14.434808,-16.340633,14.415596
0,-16.312601,14.498951,-16.313077,14.548093,-16.313296,14.548303
0,-16.350459,14.401203,-16.440789,14.420382,-16.351322,14.399688
0,-16.293080,14.494345,-16.291762,14.495366,-16.294312,14.494615
0,-16.297923,14.531680,-16.296343,14.528508,-16.296920,14.530026
0,-16.445606,14.412046,-16.447146,14.407340,-16.447188,14.405738
0,-16.447201,14.405718,-16.447321,14.402790,-16.447188,14.405738
0,-16.447146,14.407340,-16.447210,14.406227,-16.447188,14.405738
0,-16.447355,14.426589,-16.446879,14.425002,-16.445823,14.423873
0,-16.447078,14.407967,-16.447146,14.407340,-16.445606,14.412046
0,-16.445494,14.392712,-16.442291,14.389224,-16.446706,14.396683
0,-16.439108,14.384498,-16.433429,14.374732,-16.355610,14.389529
0,-16.356101,14.385429,-16.360594,14.374775,-16.359498,14.376138
0,-16.390216,14.345388,-16.392246,14.345757,-16.391725,14.344813
0,-16.346971,14.406298,-16.339388,14.438507,-16.441031,14.421857
0,-16.442213,14.417354,-16.442885,14.416341,-16.443414,14.415399
0,-16.471195,14.495707,-16.470446,14.494068,-16.470060,14.494071
0,-16.455523,14.458267,-16.455345,14.457477,-16.338274,14.454511
0,-16.454849,14.455280,-16.338274,14.454511,-16.455345,14.457477
0,-16.339421,14.438892,-16.441031,14.421857,-16.339388,14.438507
0,-16.473275,14.504346,-16.464781,14.494761,-16.473850,14.506205
0,-16.413899,14.597882,-16.423050,14.595369,-16.410361,14.597668
0,-16.481903,14.520786,-16.481243,14.518827,-16.479356,14.526357
0,-16.495301,14.532637,-16.497740,14.536208,-16.495609,14.532771
0,-16.500046,14.541890,-16.499161,14.539563,-16.498580,14.538566
0,-16.512435,14.555223,-16.511955,14.556503,-16.512896,14.555481
0,-16.511963,14.557812,-16.511916,14.558772,-16.512200,14.558209
0,-16.520200,14.559728,-16.519859,14.559841,-16.520451,14.559997
0,-16.519859,14.559841,-16.520720,14.560828,-16.520451,14.559997
0,-16.496530,14.592728,-16.517696,14.579505,-16.517994,14.578409
0,-16.518488,14.561323,-16.520720,14.560828,-16.519009,14.560519
0,-16.443414,14.415399,-16.444086,14.414386,-16.447321,14.402790
0,-16.518488,14.561323,-16.520954,14.561467,-16.520720,14.560828
0,-16.519764,14.574059,-16.517306,14.561426,-16.516579,14.560855
0,-16.519050,14.575293,-16.511916,14.558772,-16.518613,14.576624
0,-16.517994,14.578409,-16.518613,14.576624,-16.511916,14.558772
0,-16.510842,14.591299,-16.517696,14.579505,-16.504450,14.593214
0,-16.517627,14.583094,-16.511445,14.591080,-16.517563,14.584513
0,-16.507833,14.593070,-16.510038,14.592208,-16.510842,14.591299
0,-16.448536,14.594415,-16.442161,14.594635,-16.444798,14.594791
0,-16.467546,14.588665,-16.479356,14.526357,-16.448536,14.594415
0,-16.452399,14.594726,-16.455658,14.594931,-16.458984,14.593754
0,-16.465584,14.589831,-16.467546,14.588665,-16.448536,14.594415
0,-16.498580,14.538566,-16.498427,14.538011,-16.490541,14.531489
0,-16.479556,14.589746,-16.485994,14.590962,-16.479057,14.588578
0,-16.476474,14.587901,-16.478562,14.588007,-16.501474,14.544620
0,-16.333329,14.470265,-16.320720,14.482794,-16.319145,14.486537
0,-16.295862,14.517102,-16.304826,14.496400,-16.301606,14.495957
0,-16.320720,14.482794,-16.322028,14.479718,-16.321875,14.479986
0,-16.346679,14.590463,-16.348296,14.592245,-16.352239,14.592735
0,-16.416835,14.598578,-16.420840,14.597375,-16.413899,14.597882
0,-16.463533,14.493126,-16.424168,14.594960,-16.464781,14.494761
0,-16.420840,14.597375,-16.423050,14.595369,-16.413899,14.597882
0,-16.358081,14.594841,-16.384267,14.603004,-16.388979,14.600842
0,-16.371397,14.607713,-16.369086,14.607038,-16.370929,14.607629
0,-16.384267,14.603004,-16.358081,14.594841,-16.367860,14.606519
0,-16.369086,14.607038,-16.370154,14.607490,-16.370929,14.607629
0,-16.373629,14.608113,-16.375028,14.608364,-16.378350,14.606830
0,-16.343569,14.587036,-16.345458,14.589119,-16.354763,14.593049
0,-16.319599,14.578066,-16.323172,14.580138,-16.312798,14.556031
0,-16.300650,14.536712,-16.301504,14.537123,-16.300601,14.536589
0,-16.308675,14.568271,-16.315048,14.576776,-16.317505,14.576941
0,-16.301368,14.538230,-16.303923,14.543171,-16.301504,14.537123
0,-16.359440,14.601044,-16.361836,14.604543,-16.362553,14.604723
0,-16.310868,14.575723,-16.307491,14.574217,-16.307945,14.575650
0,-16.301099,14.540790,-16.301044,14.541005,-16.301087,14.541176
0,-16.295862,14.517102,-16.307763,14.497030,-16.304826,14.496400
0,-16.295862,14.517102,-16.295582,14.517656,-16.295403,14.525609
0,-16.292587,14.514574,-16.294711,14.516695,-16.295862,14.517102
0,-16.346971,14.406298,-16.441031,14.421857,-16.350459,14.401203
0,-16.431257,14.371660,-16.404508,14.356678,-16.433429,14.374732
0,-16.338178,14.419659,-16.340633,14.415596,-16.339435,14.417229
0,-16.338178,14.419659,-16.337022,14.423182,-16.338329,14.434808
0,-16.338274,14.454511,-16.454849,14.455280,-16.452473,14.446572
0,-16.404508,14.356678,-16.430490,14.370553,-16.406202,14.356581
0,-16.441245,14.418903,-16.441332,14.418705,-16.439108,14.384498
0,-16.370489,14.359740,-16.363833,14.366070,-16.372703,14.359438
0,-16.404508,14.356678,-16.431257,14.371660,-16.430490,14.370553
0,-16.359498,14.376138,-16.356103,14.385397,-16.356101,14.385429
0,-16.414947,14.357225,-16.412447,14.356805,-16.429401,14.368461
0,-16.428759,14.367169,-16.416108,14.357392,-16.414947,14.357225
0,-16.412447,14.356805,-16.410930,14.356640,-16.408967,14.356652
0,-16.404508,14.356678,-16.378360,14.359532,-16.377269,14.360116
0,-16.391725,14.344813,-16.391125,14.343828,-16.390216,14.345388
0,-16.374065,14.348601,-16.374903,14.355276,-16.375161,14.347419
0,-16.388698,14.351851,-16.399834,14.353344,-16.398053,14.351683
0,-16.372979,14.349836,-16.373231,14.353288,-16.374065,14.348601
0,-16.363833,14.366070,-16.363831,14.366076,-16.372703,14.359438
0,-16.391125,14.343828,-16.391293,14.343630,-16.391285,14.343609
0,-16.363281,14.368811,-16.377269,14.360116,-16.372703,14.359438
0,-16.377269,14.360116,-16.362074,14.372670,-16.355610,14.389529
0,-16.442213,14.417354,-16.443414,14.415399,-16.442291,14.389224
0,-16.437156,14.380150,-16.437155,14.380147,-16.437367,14.380742
0,-16.436683,14.378663,-16.434770,14.376452,-16.437155,14.380147
0,-16.446944,14.409220,-16.447078,14.407967,-16.446312,14.410928
0,-16.447307,14.400638,-16.446706,14.396683,-16.442291,14.389224
0,-16.446806,14.409986,-16.446944,14.409220,-16.446312,14.410928
0,-16.441031,14.421857,-16.447599,14.428178,-16.443366,14.422411
0,-16.447355,14.426589,-16.445823,14.423873,-16.444535,14.422972
0,-16.442291,14.389224,-16.443414,14.415399,-16.447321,14.402790
0,-16.446312,14.410928,-16.447078,14.407967,-16.445606,14.412046
0,-16.445606,14.412046,-16.447188,14.405738,-16.444758,14.413443
0,-16.441332,14.418705,-16.442213,14.417354,-16.442291,14.389224
0,-16.447599,14.428178,-16.444535,14.422972,-16.443366,14.422411
0,-16.441332,14.418705,-16.441719,14.418227,-16.442213,14.417354
0,-16.339276,14.448612,-16.338943,14.450804,-16.450542,14.440528
0,-16.449306,14.434452,-16.449188,14.433323,-16.448083,14.430901
0,-16.354340,14.394246,-16.441245,14.418903,-16.439108,14.384498
0,-16.440789,14.420382,-16.441245,14.418903,-16.354340,14.394246
0,-16.439108,14.384498,-16.441332,14.418705,-16.442291,14.389224
0,-16.437367,14.380742,-16.433429,14.374732,-16.439108,14.384498
0,-16.437422,14.380723,-16.437156,14.380150,-16.437367,14.380742
0,-16.427624,14.357856,-16.427423,14.356068,-16.421396,14.354129
0,-16.428165,14.363223,-16.427905,14.362298,-16.417353,14.357384
0,-16.427155,14.353724,-16.423476,14.352697,-16.427423,14.356068
0,-16.427086,14.352799,-16.426511,14.352061,-16.425307,14.351945
0,-16.427423,14.356068,-16.423476,14.352697,-16.421396,14.354129
0,-16.427155,14.353724,-16.427086,14.352799,-16.425307,14.351945
0,-16.391293,14.343630,-16.391125,14.343828,-16.391725,14.344813
0,-16.427155,14.353724,-16.425307,14.351945,-16.423476,14.352697
0,-16.420389,14.354999,-16.427624,14.357856,-16.421396,14.354129
0,-16.427905,14.362298,-16.427696,14.359214,-16.417932,14.356927
0,-16.427624,14.357856,-16.420389,14.354999,-16.420011,14.355310
0,-16.408967,14.356652,-16.406202,14.356581,-16.430490,14.370553
0,-16.429401,14.368461,-16.408967,14.356652,-16.430490,14.370553
0,-16.413250,14.356800,-16.414053,14.356882,-16.413696,14.356797
0,-16.413250,14.356800,-16.412447,14.356805,-16.414947,14.357225
0,-16.414053,14.356882,-16.413250,14.356800,-16.414947,14.357225
0,-16.415661,14.357220,-16.414947,14.357225,-16.416108,14.357392
0,-16.412447,14.356805,-16.408967,14.356652,-16.429401,14.368461
0,-16.427696,14.359214,-16.427624,14.357856,-16.420011,14.355310
0,-16.428555,14.364825,-16.428165,14.363223,-16.417353,14.357384
0,-16.417353,14.357384,-16.427905,14.362298,-16.417932,14.356927
0,-16.428165,14.363223,-16.428555,14.364825,-16.428422,14.363900
0,-16.417932,14.356927,-16.427696,14.359214,-16.420011,14.355310
0,-16.416554,14.357389,-16.416108,14.357392,-16.428759,14.367169
0,-16.428759,14.367169,-16.414947,14.357225,-16.429401,14.368461
0,-16.417353,14.357384,-16.428759,14.367169,-16.428555,14.364825
0,-16.417353,14.357384,-16.416554,14.357389,-16.428759,14.367169
0,-16.335620,14.465035,-16.460098,14.479331,-16.457554,14.464909
0,-16.455972,14.459973,-16.335620,14.465035,-16.457554,14.464909
0,-16.455972,14.459973,-16.455527,14.458280,-16.336918,14.459066
0,-16.455972,14.459973,-16.455587,14.458267,-16.455527,14.458280
0,-16.454333,14.452868,-16.452473,14.446572,-16.454849,14.455280
0,-16.339276,14.448612,-16.450542,14.440528,-16.441031,14.421857
0,-16.449306,14.434452,-16.441031,14.421857,-16.450542,14.440528
0,-16.441031,14.421857,-16.448083,14.430901,-16.447599,14.428178
0,-16.441031,14.421857,-16.449306,14.434452,-16.448083,14.430901
0,-16.452473,14.446572,-16.450743,14.441158,-16.338943,14.450804
0,-16.453834,14.450532,-16.452473,14.446572,-16.454333,14.452868
0,-16.462387,14.489847,-16.333329,14.470265,-16.463533,14.493126
0,-16.457554,14.464909,-16.460098,14.479331,-16.459108,14.471263
0,-16.334175,14.468425,-16.333329,14.470265,-16.460881,14.482956
0,-16.459108,14.471263,-16.460098,14.479331,-16.460005,14.477892
0,-16.460098,14.479331,-16.335036,14.466548,-16.460881,14.482956
0,-16.392242,14.599345,-16.410361,14.597668,-16.463533,14.493126
0,-16.423483,14.595211,-16.410361,14.597668,-16.423050,14.595369
0,-16.462387,14.489847,-16.460881,14.482956,-16.333329,14.470265
0,-16.473275,14.504346,-16.472814,14.502597,-16.464781,14.494761
0,-16.466191,14.494858,-16.471887,14.498441,-16.466243,14.494861
0,-16.471887,14.498441,-16.467813,14.494304,-16.466243,14.494861
0,-16.468936,14.494078,-16.467813,14.494304,-16.471195,14.495707
0,-16.470509,14.494068,-16.470446,14.494068,-16.471195,14.495707
0,-16.471195,14.495707,-16.469996,14.494071,-16.468936,14.494078
0,-16.471195,14.495707,-16.470060,14.494071,-16.469996,14.494071
0,-16.481903,14.520786,-16.479356,14.526357,-16.480082,14.525817
0,-16.473850,14.506205,-16.464781,14.494761,-16.479356,14.526357
0,-16.467546,14.588665,-16.484697,14.529739,-16.481661,14.527656
0,-16.467546,14.588665,-16.481661,14.527656,-16.479356,14.526357
0,-16.483100,14.522770,-16.481903,14.520786,-16.481601,14.524280
0,-16.482439,14.514685,-16.481318,14.513387,-16.481237,14.518206
0,-16.479356,14.526357,-16.481243,14.518827,-16.477586,14.510124
0,-16.466191,14.494858,-16.464781,14.494761,-16.472814,14.502597
0,-16.466191,14.494858,-16.472814,14.502597,-16.471887,14.498441
0,-16.471195,14.495707,-16.467813,14.494304,-16.471887,14.498441
0,-16.479356,14.526357,-16.477586,14.510124,-16.474642,14.507076
0,-16.481237,14.518206,-16.481318,14.513387,-16.480186,14.512298
0,-16.474642,14.507076,-16.473850,14.506205,-16.479356,14.526357
0,-16.481243,14.518827,-16.481237,14.518206,-16.477586,14.510124
0,-16.477586,14.510124,-16.481237,14.518206,-16.480186,14.512298
0,-16.484697,14.529739,-16.486235,14.530777,-16.485542,14.530280
0,-16.486235,14.530777,-16.500046,14.541890,-16.498580,14.538566
0,-16.486235,14.530777,-16.485835,14.530200,-16.485783,14.530218
0,-16.472569,14.587853,-16.486235,14.530777,-16.484697,14.529739
0,-16.485542,14.530280,-16.486235,14.530777,-16.485564,14.530294
0,-16.474705,14.587792,-16.501474,14.544620,-16.486235,14.530777
0,-16.493159,14.532130,-16.498427,14.538011,-16.497740,14.536208
0,-16.486235,14.530777,-16.498580,14.538566,-16.490541,14.531489
0,-16.495301,14.532637,-16.493159,14.532130,-16.497740,14.536208
0,-16.493159,14.532130,-16.495301,14.532637,-16.494679,14.532366
0,-16.493159,14.532130,-16.490541,14.531489,-16.498427,14.538011
0,-16.497740,14.536208,-16.496200,14.532850,-16.495609,14.532771
0,-16.501474,14.544620,-16.500881,14.543371,-16.500046,14.541890
0,-16.508720,14.552983,-16.508664,14.551829,-16.504229,14.546025
0,-16.501474,14.544620,-16.500046,14.541890,-16.486235,14.530777
0,-16.519859,14.559841,-16.519269,14.560101,-16.520720,14.560828
0,-16.519050,14.575293,-16.513413,14.559307,-16.511916,14.558772
0,-16.519050,14.575293,-16.519764,14.574059,-16.513413,14.559307
0,-16.511955,14.556503,-16.512435,14.555223,-16.512055,14.555087
0,-16.511373,14.556905,-16.511531,14.554860,-16.510199,14.554268
0,-16.511916,14.558772,-16.511963,14.557812,-16.511200,14.557191
0,-16.511955,14.556503,-16.511531,14.554860,-16.511373,14.556905
0,-16.511373,14.556905,-16.510199,14.554268,-16.511200,14.557191
0,-16.511996,14.558772,-16.511933,14.558772,-16.513413,14.559307
0,-16.513413,14.559307,-16.519764,14.574059,-16.516579,14.560855
0,-16.513413,14.559307,-16.516579,14.560855,-16.514533,14.559652
0,-16.516579,14.560855,-16.515654,14.560157,-16.514533,14.559652
0,-16.519764,14.574059,-16.520583,14.572824,-16.517306,14.561426
0,-16.523359,14.567662,-16.524597,14.565512,-16.522769,14.562543
0,-16.517623,14.561547,-16.517306,14.561426,-16.521205,14.571546
0,-16.518292,14.561484,-16.521120,14.561722,-16.518488,14.561323
0,-16.519269,14.560101,-16.519009,14.560519,-16.520720,14.560828
0,-16.521120,14.561722,-16.523359,14.567662,-16.522769,14.562543
0,-16.518488,14.561323,-16.521120,14.561722,-16.520954,14.561467
0,-16.518292,14.561484,-16.523359,14.567662,-16.521120,14.561722
0,-16.524023,14.563175,-16.522769,14.562543,-16.524597,14.565512
0,-16.524847,14.563586,-16.524597,14.565512,-16.525606,14.563899
0,-16.524847,14.563586,-16.524023,14.563175,-16.524597,14.565512
0,-16.517635,14.561552,-16.522497,14.569079,-16.518292,14.561484
0,-16.518292,14.561484,-16.522863,14.568477,-16.523359,14.567662
0,-16.517635,14.561552,-16.517623,14.561547,-16.521735,14.570358
0,-16.518292,14.561484,-16.522817,14.568553,-16.522863,14.568477
0,-16.518292,14.561484,-16.522497,14.569079,-16.522817,14.568553
0,-16.517635,14.561552,-16.521735,14.570358,-16.522497,14.569079
0,-16.521735,14.570358,-16.517623,14.561547,-16.521205,14.571546
0,-16.521205,14.571546,-16.517306,14.561426,-16.520583,14.572824
0,-16.517545,14.591141,-16.518261,14.591035,-16.518132,14.590439
0,-16.516899,14.591489,-16.517545,14.591141,-16.517957,14.589202
0,-16.507833,14.593070,-16.510842,14.591299,-16.504450,14.593214
0,-16.515469,14.591327,-16.517957,14.589202,-16.517828,14.588009
0,-16.518281,14.591050,-16.518261,14.591035,-16.517545,14.591141
0,-16.516899,14.591489,-16.517957,14.589202,-16.515469,14.591327
0,-16.508705,14.593032,-16.510038,14.592208,-16.507833,14.593070
0,-16.511445,14.591080,-16.517743,14.586446,-16.517563,14.584513
0,-16.512153,14.591205,-16.517743,14.586446,-16.511445,14.591080
0,-16.517696,14.579505,-16.510842,14.591299,-16.517781,14.581068
0,-16.512153,14.591205,-16.513951,14.591250,-16.517743,14.586446
0,-16.517957,14.589202,-16.517545,14.591141,-16.518132,14.590439
0,-16.512995,14.591457,-16.513951,14.591250,-16.512153,14.591205
0,-16.513951,14.591250,-16.517828,14.588009,-16.517743,14.586446
0,-16.513951,14.591250,-16.515469,14.591327,-16.517828,14.588009
0,-16.510842,14.591299,-16.511445,14.591080,-16.517627,14.583094
0,-16.511916,14.558772,-16.496530,14.592728,-16.517994,14.578409
0,-16.503892,14.593237,-16.504450,14.593214,-16.517696,14.579505
0,-16.517781,14.581068,-16.510842,14.591299,-16.517627,14.583094
0,-16.462101,14.591902,-16.448536,14.594415,-16.452399,14.594726
0,-16.459454,14.593475,-16.459896,14.593213,-16.452399,14.594726
0,-16.462101,14.591902,-16.463476,14.591084,-16.448536,14.594415
0,-16.438516,14.595065,-16.432565,14.596303,-16.435635,14.595959
0,-16.458984,14.593754,-16.455658,14.594931,-16.457669,14.594536
0,-16.456893,14.594997,-16.455658,14.594931,-16.456886,14.595001
0,-16.479356,14.526357,-16.438516,14.595065,-16.442161,14.594635
0,-16.438516,14.595065,-16.424992,14.594859,-16.432565,14.596303
0,-16.432565,14.596303,-16.426017,14.595274,-16.429923,14.596289
0,-16.392242,14.599345,-16.409272,14.598114,-16.410361,14.597668
0,-16.392242,14.599345,-16.408368,14.598561,-16.409272,14.598114
0,-16.392242,14.599345,-16.406383,14.599539,-16.406899,14.599287
0,-16.408368,14.598561,-16.392242,14.599345,-16.407241,14.599121
0,-16.407241,14.599121,-16.392242,14.599345,-16.406899,14.599287
0,-16.424168,14.594960,-16.424992,14.594859,-16.464781,14.494761
0,-16.428938,14.596292,-16.429923,14.596289,-16.426017,14.595274
0,-16.428113,14.596331,-16.428938,14.596292,-16.426017,14.595274
0,-16.479356,14.526357,-16.424992,14.594859,-16.438516,14.595065
0,-16.432565,14.596303,-16.424992,14.594859,-16.426017,14.595274
0,-16.479356,14.526357,-16.464781,14.494761,-16.424992,14.594859
0,-16.410361,14.597668,-16.424168,14.594960,-16.463533,14.493126
0,-16.410361,14.597668,-16.423483,14.595211,-16.424168,14.594960
0,-16.460815,14.592666,-16.452399,14.594726,-16.459896,14.593213
0,-16.465584,14.589831,-16.448536,14.594415,-16.463476,14.591084
0,-16.462101,14.591902,-16.452399,14.594726,-16.460815,14.592666
0,-16.511916,14.558772,-16.511200,14.557191,-16.508866,14.553629
0,-16.491145,14.592779,-16.487259,14.591388,-16.488856,14.592959
0,-16.496530,14.592728,-16.500356,14.592973,-16.517696,14.579505
0,-16.485994,14.590962,-16.479556,14.589746,-16.485042,14.591637
0,-16.489510,14.593516,-16.491145,14.592779,-16.488856,14.592959
0,-16.494098,14.592581,-16.511916,14.558772,-16.487259,14.591388
0,-16.503892,14.593237,-16.517696,14.579505,-16.500356,14.592973
0,-16.495161,14.592645,-16.496530,14.592728,-16.511916,14.558772
0,-16.494327,14.592595,-16.495161,14.592645,-16.511916,14.558772
0,-16.494098,14.592581,-16.494327,14.592595,-16.511916,14.558772
0,-16.491145,14.592779,-16.494098,14.592581,-16.487259,14.591388
0,-16.507567,14.547141,-16.508409,14.549196,-16.508258,14.547904
0,-16.504229,14.546025,-16.502004,14.545242,-16.508720,14.552983
0,-16.478562,14.588007,-16.511916,14.558772,-16.508866,14.553629
0,-16.507567,14.547141,-16.508258,14.547904,-16.508207,14.547396
0,-16.508409,14.549196,-16.504229,14.546025,-16.508664,14.551829
0,-16.508409,14.549196,-16.507567,14.547141,-16.504229,14.546025
0,-16.478562,14.588007,-16.502004,14.545242,-16.501474,14.544620
0,-16.508866,14.553629,-16.508720,14.552983,-16.502004,14.545242
0,-16.476474,14.587901,-16.501474,14.544620,-16.474705,14.587792
0,-16.511916,14.558772,-16.478562,14.588007,-16.485994,14.590962
0,-16.508866,14.553629,-16.502004,14.545242,-16.478562,14.588007
0,-16.479057,14.588578,-16.485994,14.590962,-16.478562,14.588007
0,-16.472569,14.587853,-16.484697,14.529739,-16.467546,14.588665
0,-16.470657,14.588320,-16.472569,14.587853,-16.467546,14.588665
0,-16.474705,14.587792,-16.486235,14.530777,-16.472569,14.587853
0,-16.468692,14.588829,-16.470657,14.588320,-16.467546,14.588665
0,-16.322386,14.467157,-16.323656,14.472260,-16.323241,14.466594
0,-16.332392,14.470376,-16.331746,14.469705,-16.323656,14.472260
0,-16.320720,14.482794,-16.333329,14.470265,-16.322028,14.479718
0,-16.333329,14.470265,-16.332392,14.470376,-16.322028,14.479718
0,-16.317139,14.489245,-16.314384,14.494420,-16.313565,14.497045
0,-16.333329,14.470265,-16.341739,14.585020,-16.392242,14.599345
0,-16.317139,14.489245,-16.314505,14.494032,-16.314384,14.494420
0,-16.317139,14.489245,-16.313565,14.497045,-16.319145,14.486537
0,-16.313565,14.497045,-16.312601,14.498951,-16.313296,14.548303
0,-16.311772,14.547889,-16.312401,14.548097,-16.313077,14.548093
0,-16.311772,14.547889,-16.309377,14.547056,-16.310035,14.548004
0,-16.333329,14.470265,-16.313296,14.548303,-16.341739,14.585020
0,-16.319145,14.486537,-16.313565,14.497045,-16.313296,14.548303
0,-16.310132,14.497477,-16.312601,14.498951,-16.312595,14.498017
0,-16.301504,14.537123,-16.313077,14.548093,-16.312601,14.498951
0,-16.312798,14.556031,-16.333422,14.583724,-16.336718,14.584119
0,-16.312788,14.554338,-16.312798,14.556031,-16.313313,14.551160
0,-16.309086,14.558659,-16.308047,14.560901,-16.307867,14.562672
0,-16.312798,14.556031,-16.308675,14.568271,-16.317505,14.576941
0,-16.317505,14.576941,-16.319599,14.578066,-16.312798,14.556031
0,-16.307975,14.564813,-16.308675,14.568271,-16.312798,14.556031
0,-16.312798,14.556031,-16.323172,14.580138,-16.333422,14.583724
0,-16.323172,14.580138,-16.324783,14.582688,-16.329136,14.583210
0,-16.330833,14.583413,-16.323172,14.580138,-16.329136,14.583210
0,-16.313313,14.551160,-16.312798,14.556031,-16.336718,14.584119
0,-16.333422,14.583724,-16.323172,14.580138,-16.330833,14.583413
0,-16.392242,14.599345,-16.355199,14.593103,-16.357169,14.594072
0,-16.341739,14.585020,-16.343569,14.587036,-16.355199,14.593103
0,-16.313296,14.548303,-16.340574,14.584523,-16.341739,14.585020
0,-16.313313,14.551160,-16.336718,14.584119,-16.340574,14.584523
0,-16.392242,14.599345,-16.403032,14.601086,-16.406383,14.599539
0,-16.393382,14.600960,-16.398875,14.603595,-16.403032,14.601086
0,-16.392242,14.599345,-16.393382,14.600960,-16.403032,14.601086
0,-16.357169,14.594072,-16.358070,14.594832,-16.392242,14.599345
0,-16.392242,14.599345,-16.358081,14.594841,-16.388979,14.600842
0,-16.380229,14.605963,-16.367860,14.606519,-16.378350,14.606830
0,-16.393382,14.600960,-16.394464,14.602492,-16.398875,14.603595
0,-16.367860,14.606519,-16.380229,14.605963,-16.384267,14.603004
0,-16.372132,14.607845,-16.373629,14.608113,-16.378350,14.606830
0,-16.371397,14.607713,-16.372132,14.607845,-16.378350,14.606830
0,-16.369086,14.607038,-16.371397,14.607713,-16.378350,14.606830
0,-16.358081,14.594841,-16.366470,14.605930,-16.367860,14.606519
0,-16.367860,14.606519,-16.369086,14.607038,-16.378350,14.606830
0,-16.357709,14.598731,-16.358557,14.599863,-16.358091,14.596508
0,-16.364109,14.605112,-16.365157,14.605374,-16.359440,14.601044
0,-16.361836,14.604543,-16.359440,14.601044,-16.360645,14.604245
0,-16.364109,14.605112,-16.359440,14.601044,-16.362553,14.604723
0,-16.358091,14.596508,-16.358557,14.599863,-16.359440,14.601044
0,-16.366470,14.605930,-16.358081,14.594841,-16.365157,14.605374
0,-16.358070,14.594832,-16.358081,14.594841,-16.392242,14.599345
0,-16.358091,14.596508,-16.365157,14.605374,-16.358081,14.594841
0,-16.358091,14.596508,-16.357234,14.597569,-16.357709,14.598731
0,-16.309377,14.547056,-16.311772,14.547889,-16.313077,14.548093
0,-16.306432,14.545061,-16.309377,14.547056,-16.313077,14.548093
0,-16.312401,14.548097,-16.311772,14.547889,-16.312099,14.548099
0,-16.309086,14.558659,-16.312798,14.556031,-16.311172,14.556569
0,-16.309844,14.557444,-16.311172,14.556569,-16.310164,14.556903
0,-16.309086,14.558659,-16.311172,14.556569,-16.309844,14.557444
0,-16.310868,14.575723,-16.308675,14.568271,-16.307491,14.574217
0,-16.310868,14.575723,-16.315048,14.576776,-16.308675,14.568271
0,-16.307967,14.564994,-16.308675,14.568271,-16.307975,14.564813
0,-16.308047,14.560901,-16.309086,14.558659,-16.308327,14.559688
0,-16.307867,14.562672,-16.312798,14.556031,-16.309086,14.558659
0,-16.307975,14.564813,-16.312798,14.556031,-16.307867,14.562672
0,-16.307491,14.574217,-16.307470,14.574497,-16.307945,14.575650
0,-16.307491,14.574217,-16.307431,14.574500,-16.307470,14.574497
0,-16.309377,14.547056,-16.306432,14.545061,-16.307961,14.546429
0,-16.303923,14.543171,-16.301099,14.540790,-16.301087,14.541176
0,-16.313077,14.548093,-16.301504,14.537123,-16.306432,14.545061
0,-16.301044,14.541005,-16.300924,14.541035,-16.301087,14.541176
0,-16.306432,14.545061,-16.301504,14.537123,-16.303923,14.543171
0,-16.301343,14.538472,-16.301099,14.540790,-16.303923,14.543171
0,-16.295862,14.517102,-16.295403,14.525609,-16.296343,14.528508
0,-16.300601,14.536589,-16.300591,14.536682,-16.300650,14.536712
0,-16.303923,14.543171,-16.301368,14.538230,-16.301343,14.538472
0,-16.300584,14.536713,-16.300650,14.536712,-16.300591,14.536682
0,-16.301504,14.537123,-16.299785,14.534505,-16.300601,14.536589
0,-16.301504,14.537123,-16.312601,14.498951,-16.298995,14.532988
0,-16.294175,14.521882,-16.294538,14.523263,-16.294237,14.520430
0,-16.295582,14.517656,-16.294237,14.520430,-16.294538,14.523263
0,-16.301606,14.495957,-16.290120,14.507121,-16.295862,14.517102
0,-16.292587,14.514574,-16.292829,14.515791,-16.293456,14.516092
0,-16.296343,14.528508,-16.298995,14.532988,-16.295862,14.517102
0,-16.294923,14.518398,-16.294548,14.518953,-16.294237,14.520430
0,-16.297923,14.531680,-16.298995,14.532988,-16.296343,14.528508
0,-16.301504,14.537123,-16.298995,14.532988,-16.299785,14.534505
0,-16.312601,14.498951,-16.295862,14.517102,-16.298995,14.532988
0,-16.295339,14.516996,-16.295862,14.517102,-16.294711,14.516695
0,-16.312601,14.498951,-16.307763,14.497030,-16.295862,14.517102
0,-16.294237,14.520430,-16.295582,14.517656,-16.294923,14.518398
0,-16.294538,14.523263,-16.295403,14.525609,-16.295582,14.517656
0,-16.295339,14.517105,-16.295862,14.517102,-16.295339,14.516996
0,-16.312601,14.498951,-16.310132,14.497477,-16.307763,14.497030
0,-16.296302,14.495065,-16.289712,14.500909,-16.289632,14.504000
0,-16.290821,14.496293,-16.294312,14.494615,-16.291762,14.495366
0,-16.294312,14.494615,-16.290821,14.496293,-16.296302,14.495065
0,-16.290821,14.496293,-16.289712,14.500909,-16.296302,14.495065
0,-16.294711,14.516695,-16.292587,14.514574,-16.293456,14.516092
0,-16.295862,14.517102,-16.290120,14.507121,-16.292587,14.514574
0,-16.289878,14.496852,-16.289712,14.500909,-16.290821,14.496293
0,-16.289632,14.504000,-16.290120,14.507121,-16.301606,14.495957
0,-16.289497,14.502971,-16.289632,14.504000,-16.289712,14.500909
0,-16.318784,14.470800,-16.318601,14.472009,-16.321366,14.471994
0,-16.323656,14.472260,-16.320300,14.469212,-16.321366,14.471994
0,-16.319145,14.486537,-16.313296,14.548303,-16.333329,14.470265
0,-16.322028,14.479718,-16.332392,14.470376,-16.323656,14.472260
0,-16.317552,14.472015,-16.318601,14.472009,-16.318784,14.470800
0,-16.318784,14.470800,-16.321366,14.471994,-16.320300,14.469212
0,-16.323241,14.466594,-16.323656,14.472260,-16.326390,14.466948
0,-16.320300,14.469212,-16.323656,14.472260,-16.322386,14.467157
0,-16.326390,14.466948,-16.323656,14.472260,-16.328394,14.467309
0,-16.329926,14.468415,-16.323656,14.472260,-16.331746,14.469705
0,-16.328394,14.467309,-16.323656,14.472260,-16.329926,14.468415
0,-16.337022,14.423182,-16.336556,14.427240,-16.337099,14.431447
0,-16.337022,14.423182,-16.336626,14.425345,-16.336556,14.427240
0,-16.337022,14.423182,-16.338178,14.419659,-16.337700,14.420385
0,-16.337022,14.423182,-16.337099,14.431447,-16.338329,14.434808
0,-16.338329,14.434808,-16.337099,14.431447,-16.337629,14.433297
0,-16.336556,14.427240,-16.336570,14.429598,-16.337099,14.431447
0,-16.339029,14.436320,-16.340633,14.415596,-16.338329,14.434808
0,-16.336918,14.459066,-16.455527,14.458280,-16.338274,14.454511
0,-16.338274,14.454511,-16.337594,14.456368,-16.336918,14.459066
0,-16.335620,14.465035,-16.335036,14.466548,-16.460098,14.479331
0,-16.335036,14.466548,-16.334175,14.468425,-16.460881,14.482956
0,-16.455972,14.459973,-16.336918,14.459066,-16.335620,14.465035
0,-16.336918,14.459066,-16.336020,14.462004,-16.335620,14.465035
0,-16.338274,14.454511,-16.452473,14.446572,-16.338943,14.450804
0,-16.338943,14.450804,-16.450743,14.441158,-16.450542,14.440528
0,-16.338606,14.452321,-16.338274,14.454511,-16.338943,14.450804
0,-16.339421,14.438892,-16.339574,14.440695,-16.441031,14.421857
0,-16.339586,14.442716,-16.441031,14.421857,-16.339574,14.440695
0,-16.339586,14.442716,-16.339595,14.444232,-16.441031,14.421857
0,-16.339605,14.445949,-16.441031,14.421857,-16.339595,14.444232
0,-16.339605,14.445949,-16.339606,14.446083,-16.441031,14.421857
0,-16.339276,14.448612,-16.441031,14.421857,-16.339606,14.446083
0,-16.339029,14.436320,-16.339388,14.438507,-16.344062,14.411030
0,-16.339029,14.436320,-16.342520,14.413229,-16.340633,14.415596
0,-16.339029,14.436320,-16.344062,14.411030,-16.342520,14.413229
0,-16.355610,14.389529,-16.360594,14.374775,-16.356070,14.385857
0,-16.355674,14.387784,-16.355610,14.389529,-16.356070,14.385857
0,-16.357196,14.380345,-16.356173,14.384428,-16.356103,14.385397
0,-16.356070,14.385857,-16.360594,14.374775,-16.356101,14.385429
0,-16.357196,14.380345,-16.358643,14.377236,-16.357594,14.378698
0,-16.357196,14.380345,-16.356103,14.385397,-16.359498,14.376138
0,-16.363831,14.366076,-16.363281,14.368811,-16.372703,14.359438
0,-16.357196,14.380345,-16.356282,14.382502,-16.356173,14.384428
0,-16.354340,14.394246,-16.355610,14.389529,-16.354883,14.391911
0,-16.433429,14.374732,-16.404508,14.356678,-16.355610,14.389529
0,-16.351322,14.399688,-16.353813,14.395894,-16.352285,14.397956
0,-16.440789,14.420382,-16.354340,14.394246,-16.353813,14.395894
0,-16.344062,14.411030,-16.339388,14.438507,-16.346971,14.406298
0,-16.344062,14.411030,-16.346971,14.406298,-16.345087,14.409172
0,-16.348168,14.404271,-16.350459,14.401203,-16.349087,14.402702
0,-16.440789,14.420382,-16.353813,14.395894,-16.351322,14.399688
0,-16.346971,14.406298,-16.350459,14.401203,-16.348168,14.404271
0,-16.441031,14.421857,-16.440789,14.420382,-16.350459,14.401203
0,-16.388698,14.351851,-16.378937,14.358299,-16.378925,14.358323
0,-16.377269,14.360116,-16.363281,14.368811,-16.362657,14.370886
0,-16.387947,14.351846,-16.386868,14.351193,-16.378937,14.358299
0,-16.383833,14.347721,-16.382899,14.346660,-16.376877,14.346008
0,-16.385841,14.349988,-16.378937,14.358299,-16.386868,14.351193
0,-16.378360,14.359532,-16.401442,14.354615,-16.388698,14.351851
0,-16.389420,14.350111,-16.393396,14.347087,-16.389484,14.348457
0,-16.388698,14.351851,-16.387947,14.351846,-16.378937,14.358299
0,-16.378925,14.358323,-16.378360,14.359532,-16.388698,14.351851
0,-16.403839,14.356487,-16.401442,14.354615,-16.378360,14.359532
0,-16.403049,14.355775,-16.401442,14.354615,-16.403839,14.356487
0,-16.401442,14.354615,-16.399834,14.353344,-16.388698,14.351851
0,-16.388698,14.351851,-16.398053,14.351683,-16.396213,14.349911
0,-16.389687,14.346756,-16.393396,14.347087,-16.392246,14.345757
0,-16.389420,14.350111,-16.388698,14.351851,-16.396213,14.349911
0,-16.389420,14.350111,-16.394949,14.348693,-16.393396,14.347087
0,-16.389420,14.350111,-16.396213,14.349911,-16.394949,14.348693
0,-16.382014,14.345825,-16.378576,14.345013,-16.376877,14.346008
0,-16.392246,14.345757,-16.390216,14.345388,-16.389687,14.346756
0,-16.393396,14.347087,-16.389687,14.346756,-16.389484,14.348457
0,-16.385841,14.349988,-16.383833,14.347721,-16.377996,14.357690
0,-16.385841,14.349988,-16.385339,14.348282,-16.383833,14.347721
0,-16.382014,14.345825,-16.376877,14.346008,-16.382899,14.346660
0,-16.381124,14.344573,-16.380002,14.344471,-16.382014,14.345825
0,-16.376877,14.346008,-16.375161,14.347419,-16.383833,14.347721
0,-16.380002,14.344471,-16.378576,14.345013,-16.382014,14.345825
0,-16.374903,14.355276,-16.374065,14.348601,-16.373877,14.354161
0,-16.364231,14.362949,-16.363703,14.364507,-16.363705,14.364533
0,-16.372359,14.350912,-16.372716,14.352450,-16.372979,14.349836
0,-16.383833,14.347721,-16.375161,14.347419,-16.374903,14.355276
0,-16.374065,14.348601,-16.373231,14.353288,-16.373877,14.354161
0,-16.368305,14.360503,-16.366937,14.361134,-16.363833,14.366070
0,-16.385841,14.349988,-16.377996,14.357690,-16.378937,14.358299
0,-16.375670,14.359366,-16.374399,14.359311,-16.377269,14.360116
0,-16.355610,14.389529,-16.404508,14.356678,-16.377269,14.360116
0,-16.404508,14.356678,-16.403839,14.356487,-16.378360,14.359532
0,-16.374399,14.359311,-16.372703,14.359438,-16.377269,14.360116
0,-16.383833,14.347721,-16.376729,14.356847,-16.377996,14.357690
0,-16.383833,14.347721,-16.375612,14.356013,-16.376729,14.356847
0,-16.383833,14.347721,-16.374903,14.355276,-16.375612,14.356013
0,-16.363442,14.367311,-16.363281,14.368811,-16.363831,14.366076
0,-16.358643,14.377236,-16.357196,14.380345,-16.359498,14.376138
0,-16.355610,14.389529,-16.362074,14.372670,-16.360594,14.374775
0,-16.377269,14.360116,-16.362657,14.370886,-16.362074,14.372670
0,-16.362074,14.372670,-16.361263,14.373587,-16.360594,14.374775
0,-16.363833,14.366070,-16.366937,14.361134,-16.365467,14.361857
0,-16.368305,14.360503,-16.363833,14.366070,-16.370489,14.359740
0,-16.363705,14.364533,-16.365467,14.361857,-16.364231,14.362949
0,-16.307470,14.574497,-16.306938,14.575625,-16.307945,14.575650
0,-16.307470,14.574497,-16.306571,14.575580,-16.306938,14.575625
