14,5,7,78,95,
0,-17.095272,14.966465,-17.089040,14.937029,-17.094377,14.967693
0,-16.924712,14.984219,-16.916270,14.984900,-16.916443,14.984912
0,-16.764617,15.047378,-16.762693,15.043484,-16.764306,15.047807
0,-17.060796,14.895203,-17.055506,14.873284,-16.972771,14.841429
0,-16.862476,14.978509,-16.871466,14.874389,-16.869766,14.874466
0,-16.985665,14.829983,-16.993154,14.828608,-16.990422,14.824340
0,-16.668529,14.945096,-16.665235,14.948039,-16.680299,14.964622
0,-16.822633,14.871899,-16.866607,14.873398,-16.824953,14.870534
0,-17.027149,15.015926,-17.050283,15.015127,-17.051180,15.014170
0,-17.051180,15.014170,-17.054359,15.011159,-17.027149,15.015926
0,-17.048697,15.016971,-17.050283,15.015127,-17.027149,15.015926
0,-16.909499,14.984315,-16.911107,14.984454,-16.885797,14.867925
0,-16.741828,15.069704,-16.734052,15.078692,-16.734661,15.078299
0,-16.980287,14.998509,-16.982548,14.998706,-16.984295,14.998618
0,-16.736549,15.077077,-16.741828,15.069704,-16.735324,15.077870
0,-16.688223,14.930195,-16.695349,14.919936,-16.690925,14.924249
0,-16.686312,14.934401,-16.673373,14.940198,-16.680299,14.964622
0,-16.784098,14.879615,-16.782629,14.878915,-16.779388,14.878737
0,-16.810038,14.878162,-16.806569,14.879439,-16.852942,14.976851
0,-16.930238,14.983703,-16.920434,14.852228,-16.916902,14.853066
0,-16.868085,14.874271,-16.818233,14.874468,-16.852942,14.976851
0,-16.720210,14.907618,-16.713317,14.910333,-16.695866,14.989762
0,-16.745815,14.882185,-16.745466,14.882380,-16.742349,14.884844
0,-17.058899,14.843045,-17.059219,14.832667,-17.056432,14.834457
0,-17.058094,14.849278,-17.047553,14.841147,-17.042568,14.843628
0,-17.003458,14.828357,-17.018452,14.827487,-17.013058,14.824402
0,-16.998981,14.831573,-16.981621,14.834778,-16.981453,14.834904
0,-16.934738,14.850375,-16.934656,14.850378,-16.934629,14.984000
0,-17.018452,14.827487,-17.003458,14.828357,-17.020253,14.828863
0,-16.916902,14.853066,-16.903330,14.857625,-16.898881,14.859948
0,-16.898881,14.859948,-16.930238,14.983703,-16.916902,14.853066
0,-16.843205,14.986494,-16.852942,14.976851,-16.836893,14.986093
0,-17.037184,14.841587,-17.033955,14.840572,-17.055506,14.873284
0,-16.953764,14.989422,-16.963595,14.845990,-16.950416,14.849689
0,-17.089040,14.937029,-17.089137,14.973637,-17.090448,14.972269
0,-17.100376,14.960861,-17.101755,14.959289,-17.099918,14.945307
0,-17.087342,14.975483,-17.083754,14.979243,-17.085688,14.977396
0,-17.080511,14.982797,-17.082582,14.980677,-17.083754,14.979243
0,-17.080930,14.923911,-17.080817,14.922275,-17.069028,14.903704
0,-17.057942,15.006654,-17.027149,15.015926,-17.056634,15.008428
0,-17.080511,14.982797,-17.083754,14.979243,-17.082267,14.930531
0,-16.953764,14.989422,-17.060796,14.895203,-16.963595,14.845990
0,-17.060358,15.004125,-17.061256,15.003235,-17.062911,15.001323
0,-16.961474,14.994967,-16.962507,14.995988,-16.972590,14.998657
0,-16.958328,14.992382,-16.960107,14.993813,-16.976272,14.998670
0,-16.965367,14.998665,-16.966729,14.999132,-16.964476,14.997787
0,-16.947022,14.987229,-16.951498,14.988763,-16.950416,14.849689
0,-16.927691,14.983733,-16.911107,14.984454,-16.912155,14.984545
0,-16.924712,14.984219,-16.927691,14.983733,-16.912155,14.984545
0,-16.882632,14.869770,-16.909499,14.984315,-16.885797,14.867925
0,-16.881450,14.870494,-16.909499,14.984315,-16.882632,14.869770
0,-16.946978,14.849856,-16.941087,14.850143,-16.936424,14.984147
0,-16.941087,14.850143,-16.934738,14.850375,-16.934629,14.984000
0,-16.874776,14.981788,-16.876757,14.981943,-16.871522,14.980766
0,-16.852942,14.976851,-16.854970,14.978145,-16.857709,14.977752
0,-16.906209,14.984031,-16.908898,14.984271,-16.881450,14.870494
0,-16.871522,14.980766,-16.865205,14.979164,-16.869166,14.980288
0,-16.867300,14.979996,-16.867323,14.980005,-16.869166,14.980288
0,-16.807959,14.995412,-16.790092,15.026817,-16.807270,14.999406
0,-16.741828,15.069704,-16.734661,15.078299,-16.735324,15.077870
0,-16.761726,15.051365,-16.762927,15.049709,-16.762693,15.043484
0,-16.762790,15.040843,-16.758645,15.055612,-16.762693,15.043484
0,-16.704545,15.069862,-16.734052,15.078692,-16.741828,15.069704
0,-16.721726,15.083904,-16.727057,15.082422,-16.704545,15.069862
0,-16.716092,15.084524,-16.721726,15.083904,-16.704545,15.069862
0,-16.709579,15.082928,-16.716092,15.084524,-16.704352,15.072520
0,-16.705743,15.079026,-16.709579,15.082928,-16.704352,15.072520
0,-16.665235,14.948039,-16.662763,14.949691,-16.680299,14.964622
0,-16.704545,15.069862,-16.733264,15.079202,-16.733742,15.078888
0,-16.762693,15.043484,-16.758645,15.055612,-16.759109,15.054992
0,-16.708254,15.045431,-16.758645,15.055612,-16.762790,15.040843
0,-16.781567,15.032668,-16.790092,15.026817,-16.707438,15.004068
0,-16.686312,14.934401,-16.708313,14.912106,-16.688223,14.930195
0,-16.808998,14.994905,-16.818532,14.985239,-16.807959,14.995412
0,-16.773754,14.880000,-16.790181,14.882108,-16.788295,14.881513
0,-16.839104,14.864163,-16.839106,14.864174,-16.839695,14.863823
0,-16.708313,14.912106,-16.695349,14.919936,-16.688223,14.930195
0,-16.731888,14.893479,-16.733075,14.891138,-16.731859,14.893128
0,-16.836893,14.986093,-16.830123,14.985430,-16.832341,14.986010
0,-16.792484,14.882497,-16.790181,14.882108,-16.818532,14.985239
0,-16.730138,14.894342,-16.728806,14.895337,-16.730943,14.897400
0,-16.732566,14.901243,-16.734261,14.889828,-16.731989,14.899956
0,-16.686312,14.934401,-16.680172,14.933487,-16.677254,14.936202
0,-16.863516,14.870531,-16.861349,14.868837,-16.833816,14.865864
0,-16.815839,14.875604,-16.813549,14.876741,-16.852942,14.976851
0,-16.833816,14.865864,-16.839106,14.864174,-16.835232,14.865274
0,-16.856957,14.862942,-16.845673,14.860259,-16.857610,14.864852
0,-16.788295,14.881513,-16.776679,14.879774,-16.773754,14.880000
0,-16.818532,14.985239,-16.790181,14.882108,-16.732754,14.902678
0,-16.758697,14.878795,-16.748925,14.880448,-16.747348,14.881329
0,-16.745466,14.882380,-16.745106,14.882581,-16.742349,14.884844
0,-16.763154,14.879152,-16.732754,14.902678,-16.765533,14.879342
0,-16.758697,14.878795,-16.742349,14.884844,-16.761163,14.878992
0,-17.052885,14.837621,-17.058899,14.843045,-17.056432,14.834457
0,-17.016287,14.825418,-17.013058,14.824402,-17.018452,14.827487
0,-17.052885,14.837621,-17.047553,14.841147,-17.058899,14.843045
0,-17.029276,14.837482,-17.026753,14.835417,-16.998981,14.831573
0,-17.022058,14.830587,-17.003458,14.828357,-17.024230,14.833351
0,-17.024230,14.833351,-16.998981,14.831573,-17.026753,14.835417
0,-17.058094,14.849278,-17.058899,14.843045,-17.047553,14.841147
0,-17.055986,14.867053,-17.042568,14.843628,-17.037184,14.841587
0,-17.057163,14.856995,-17.058094,14.849278,-17.042568,14.843628
0,-17.042568,14.843628,-17.039694,14.842261,-17.037184,14.841587
0,-17.032153,14.839196,-17.029276,14.837482,-17.033955,14.840572
0,-16.981453,14.834904,-16.972771,14.841429,-16.998981,14.831573
0,-17.033955,14.840572,-17.029276,14.837482,-16.998981,14.831573
0,-16.998981,14.831573,-16.993154,14.828608,-16.981621,14.834778
0,-16.972771,14.841429,-17.055506,14.873284,-16.998981,14.831573
0,-16.963595,14.845990,-17.060796,14.895203,-16.972771,14.841429
0,-16.981621,14.834778,-16.993154,14.828608,-16.985665,14.829983
0,-17.003458,14.828357,-17.022058,14.830587,-17.020253,14.828863
0,-17.013058,14.824402,-17.008987,14.824382,-17.003458,14.828357
0,-16.998981,14.831573,-17.024230,14.833351,-17.003458,14.828357
0,-17.060796,14.895203,-16.953764,14.989422,-16.991242,14.997826
0,-16.953764,14.989422,-16.955083,14.990250,-16.991242,14.997826
0,-16.936424,14.984147,-16.937980,14.984522,-16.940382,14.984854
0,-16.940382,14.984854,-16.950416,14.849689,-16.946978,14.849856
0,-16.934656,14.850378,-16.934648,14.850378,-16.934629,14.984000
0,-16.934648,14.850378,-16.930238,14.983703,-16.930851,14.983755
0,-16.920434,14.852228,-16.930238,14.983703,-16.934648,14.850378
0,-16.921602,14.851951,-16.934648,14.850378,-16.921602,14.851951
0,-16.921602,14.851951,-16.934648,14.850378,-16.928600,14.850599
0,-16.921602,14.851951,-16.928600,14.850599,-16.927840,14.850627
0,-16.900869,14.858766,-16.898881,14.859948,-16.903330,14.857625
0,-16.896800,14.860987,-16.894664,14.862215,-16.898881,14.859948
0,-16.894664,14.862215,-16.927691,14.983733,-16.898881,14.859948
0,-16.885797,14.867925,-16.927691,14.983733,-16.894664,14.862215
0,-16.903330,14.857625,-16.916902,14.853066,-16.908392,14.855360
0,-16.905650,14.856214,-16.903330,14.857625,-16.908392,14.855360
0,-16.920434,14.852228,-16.934648,14.850378,-16.921602,14.851951
0,-16.908392,14.855360,-16.916902,14.853066,-16.913785,14.853553
0,-16.908392,14.855360,-16.913785,14.853553,-16.910807,14.854229
0,-17.042568,14.843628,-17.055986,14.867053,-17.057163,14.856995
0,-17.033955,14.840572,-16.998981,14.831573,-17.055506,14.873284
0,-16.890783,14.864428,-16.894664,14.862215,-16.892966,14.863089
0,-16.885797,14.867925,-16.894664,14.862215,-16.890783,14.864428
0,-16.885797,14.867925,-16.890783,14.864428,-16.889120,14.865458
0,-16.885797,14.867925,-16.889120,14.865458,-16.887041,14.866797
0,-16.877656,14.872495,-16.875480,14.873353,-16.873824,14.874126
0,-16.873824,14.874126,-16.876757,14.981943,-16.886704,14.983877
0,-16.885797,14.867925,-16.884131,14.868651,-16.882632,14.869770
0,-16.906209,14.984031,-16.881450,14.870494,-16.879129,14.871859
0,-16.908898,14.984271,-16.909499,14.984315,-16.881450,14.870494
0,-16.871466,14.874389,-16.865205,14.979164,-16.873824,14.874126
0,-16.857709,14.977752,-16.869766,14.874466,-16.852942,14.976851
0,-16.839106,14.864174,-16.833816,14.865864,-16.861349,14.868837
0,-16.865205,14.979164,-16.867300,14.979996,-16.869166,14.980288
0,-16.873824,14.874126,-16.902288,14.984236,-16.877656,14.872495
0,-16.906209,14.984031,-16.877656,14.872495,-16.902288,14.984236
0,-17.055986,14.867053,-17.037184,14.841587,-17.055506,14.873284
0,-17.069028,14.903704,-17.080817,14.922275,-17.077534,14.911878
0,-16.989070,14.998233,-16.991242,14.997826,-16.987369,14.998221
0,-17.087342,14.975483,-17.082267,14.930531,-17.083754,14.979243
0,-17.087342,14.975483,-17.089137,14.973637,-17.089040,14.937029
0,-17.077534,14.911878,-17.080817,14.922275,-17.080390,14.916081
0,-17.069028,14.903704,-17.082267,14.930531,-17.080930,14.923911
0,-17.090448,14.972269,-17.091758,14.970766,-17.089040,14.937029
0,-17.089040,14.937029,-17.091758,14.970766,-17.094377,14.967693
0,-17.082267,14.930531,-17.087342,14.975483,-17.089040,14.937029
0,-17.099918,14.945307,-17.104508,14.955740,-17.105613,14.954645
0,-17.104508,14.955740,-17.099918,14.945307,-17.103754,14.956967
0,-17.099918,14.945307,-17.106300,14.953622,-17.107809,14.951649
0,-17.099918,14.945307,-17.105613,14.954645,-17.106300,14.953622
0,-17.099918,14.945307,-17.102719,14.958128,-17.103754,14.956967
0,-17.099918,14.945307,-17.101755,14.959289,-17.102719,14.958128
0,-17.097204,14.964414,-17.089040,14.937029,-17.095272,14.966465
0,-17.099918,14.945307,-17.098788,14.962502,-17.100376,14.960861
0,-17.099918,14.945307,-17.089040,14.937029,-17.098788,14.962502
0,-17.098788,14.962502,-17.089040,14.937029,-17.097204,14.964414
0,-17.076784,14.986694,-17.078442,14.985120,-17.080511,14.982797
0,-17.082267,14.930531,-17.076784,14.986694,-17.080511,14.982797
0,-17.073471,14.990180,-17.074645,14.989018,-17.082267,14.930531
0,-17.082267,14.930531,-17.074645,14.989018,-17.076784,14.986694
0,-16.995959,14.998128,-17.060796,14.895203,-16.991242,14.997826
0,-17.082267,14.930531,-17.072160,14.991548,-17.073471,14.990180
0,-16.968859,14.999231,-16.963820,14.997234,-16.964476,14.997787
0,-16.976272,14.998670,-16.977881,14.998683,-16.980287,14.998509
0,-17.060796,14.895203,-16.995959,14.998128,-17.069028,14.903704
0,-17.072160,14.991548,-17.068089,14.995990,-17.069401,14.994690
0,-17.072160,14.991548,-17.082267,14.930531,-16.995959,14.998128
0,-16.980287,14.998509,-16.984295,14.998618,-16.985855,14.998442
0,-16.987369,14.998221,-16.991242,14.997826,-16.955083,14.990250
0,-16.958328,14.992382,-16.976272,14.998670,-16.980287,14.998509
0,-16.972590,14.998657,-16.974146,14.998933,-16.976272,14.998670
0,-16.980287,14.998509,-16.985855,14.998442,-16.987369,14.998221
0,-16.995959,14.998128,-16.999376,15.000682,-17.005114,15.003876
0,-16.995959,14.998128,-17.082267,14.930531,-17.069028,14.903704
0,-17.062911,15.001323,-17.065052,14.999203,-17.013956,15.008921
0,-16.995959,14.998128,-17.005114,15.003876,-17.072160,14.991548
0,-16.995959,14.998128,-16.991242,14.997826,-16.994360,14.998115
0,-17.066710,14.997629,-17.068089,14.995990,-17.065052,14.999203
0,-17.065052,14.999203,-17.068089,14.995990,-17.005114,15.003876
0,-17.013956,15.008921,-17.060358,15.004125,-17.062911,15.001323
0,-17.013956,15.008921,-17.057942,15.006654,-17.060358,15.004125
0,-17.055462,15.009862,-17.056634,15.008428,-17.027149,15.015926
0,-17.045867,15.019978,-17.048697,15.016971,-17.034525,15.020984
0,-17.054359,15.011159,-17.055462,15.009862,-17.027149,15.015926
0,-17.013956,15.008921,-17.027149,15.015926,-17.057942,15.006654
0,-17.042347,15.023805,-17.034525,15.020984,-17.041052,15.025177
0,-17.042347,15.023805,-17.045867,15.019978,-17.034525,15.020984
0,-17.005114,15.003876,-17.013956,15.008921,-17.065052,14.999203
0,-17.034525,15.020984,-17.048697,15.016971,-17.027149,15.015926
0,-17.072160,14.991548,-17.005114,15.003876,-17.068089,14.995990
0,-16.963820,14.997234,-16.968859,14.999231,-16.970650,14.999008
0,-16.964476,14.997787,-16.966729,14.999132,-16.968859,14.999231
0,-16.987369,14.998221,-16.955083,14.990250,-16.956298,14.991044
0,-16.940382,14.984854,-16.941604,14.985323,-16.950416,14.849689
0,-16.950416,14.849689,-16.951498,14.988763,-16.953764,14.989422
0,-16.930851,14.983755,-16.934629,14.984000,-16.934648,14.850378
0,-16.949327,14.988203,-16.950532,14.988513,-16.947022,14.987229
0,-16.970650,14.999008,-16.972590,14.998657,-16.962507,14.995988
0,-16.972590,14.998657,-16.976272,14.998670,-16.960107,14.993813
0,-16.963820,14.997234,-16.970650,14.999008,-16.962507,14.995988
0,-16.961474,14.994967,-16.972590,14.998657,-16.960107,14.993813
0,-16.956298,14.991044,-16.958328,14.992382,-16.980287,14.998509
0,-16.987369,14.998221,-16.956298,14.991044,-16.980287,14.998509
0,-16.916290,14.984908,-16.916443,14.984912,-16.916270,14.984900
0,-16.950532,14.988513,-16.951498,14.988763,-16.947022,14.987229
0,-16.941604,14.985323,-16.943914,14.986894,-16.947022,14.987229
0,-16.950416,14.849689,-16.941604,14.985323,-16.947022,14.987229
0,-16.921928,14.984758,-16.916443,14.984912,-16.919179,14.985151
0,-16.921928,14.984758,-16.924712,14.984219,-16.916443,14.984912
0,-16.924712,14.984219,-16.914746,14.984769,-16.916270,14.984900
0,-16.897419,14.984529,-16.902288,14.984236,-16.890341,14.984173
0,-16.902288,14.984236,-16.897419,14.984529,-16.899966,14.984544
0,-16.902288,14.984236,-16.873824,14.874126,-16.890341,14.984173
0,-16.894726,14.984841,-16.890341,14.984173,-16.892227,14.985052
0,-16.894726,14.984841,-16.897419,14.984529,-16.890341,14.984173
0,-16.881286,14.983117,-16.884158,14.984052,-16.886704,14.983877
0,-16.924712,14.984219,-16.912155,14.984545,-16.914746,14.984769
0,-16.946978,14.849856,-16.936424,14.984147,-16.940382,14.984854
0,-16.934629,14.984000,-16.936424,14.984147,-16.941087,14.850143
0,-16.927691,14.983733,-16.885797,14.867925,-16.911107,14.984454
0,-16.877656,14.872495,-16.906209,14.984031,-16.879129,14.871859
0,-16.930851,14.983755,-16.932453,14.983892,-16.934629,14.984000
0,-16.930238,14.983703,-16.898881,14.859948,-16.927691,14.983733
0,-16.890341,14.984173,-16.886704,14.983877,-16.888642,14.984394
0,-16.890341,14.984173,-16.873824,14.874126,-16.886704,14.983877
0,-16.886704,14.983877,-16.876757,14.981943,-16.881286,14.983117
0,-16.881286,14.983117,-16.876757,14.981943,-16.878595,14.982732
0,-16.873824,14.874126,-16.871522,14.980766,-16.876757,14.981943
0,-16.873824,14.874126,-16.865205,14.979164,-16.871522,14.980766
0,-16.871466,14.874389,-16.862476,14.978509,-16.865205,14.979164
0,-16.869766,14.874466,-16.857709,14.977752,-16.862476,14.978509
0,-16.860021,14.978402,-16.862476,14.978509,-16.857709,14.977752
0,-16.818532,14.985239,-16.823172,14.985316,-16.806569,14.879439
0,-16.830123,14.985430,-16.836893,14.986093,-16.852942,14.976851
0,-16.823172,14.985316,-16.852942,14.976851,-16.806569,14.879439
0,-16.830123,14.985430,-16.852942,14.976851,-16.823172,14.985316
0,-16.852942,14.976851,-16.843205,14.986494,-16.852413,14.981910
0,-16.852413,14.981910,-16.843205,14.986494,-16.851877,14.987045
0,-16.807959,14.995412,-16.807270,14.999406,-16.807803,14.997576
0,-16.807270,14.999406,-16.795066,15.023425,-16.798019,15.020869
0,-16.807270,14.999406,-16.806134,15.010533,-16.806939,15.008046
0,-16.805892,15.011281,-16.806262,15.016985,-16.807653,15.016191
0,-16.807270,14.999406,-16.798019,15.020869,-16.806134,15.010533
0,-16.798019,15.020869,-16.806262,15.016985,-16.805892,15.011281
0,-16.807270,14.999406,-16.806939,15.008046,-16.807276,15.007006
0,-16.732754,14.902678,-16.807959,14.995412,-16.818532,14.985239
0,-16.732754,14.902678,-16.720210,14.907618,-16.707438,15.004068
0,-16.814118,14.992611,-16.818607,14.987635,-16.818532,14.985239
0,-16.818700,14.990558,-16.818607,14.987635,-16.814118,14.992611
0,-16.814118,14.992611,-16.818532,14.985239,-16.808998,14.994905
0,-16.806134,15.010533,-16.798019,15.020869,-16.805892,15.011281
0,-16.807270,14.999406,-16.790092,15.026817,-16.795066,15.023425
0,-16.790092,15.026817,-16.807959,14.995412,-16.707438,15.004068
0,-16.790092,15.026817,-16.781567,15.032668,-16.785832,15.030086
0,-16.765128,15.046660,-16.764839,15.045029,-16.764617,15.047378
0,-16.707438,15.004068,-16.763432,15.039977,-16.781567,15.032668
0,-16.776351,15.036170,-16.781567,15.032668,-16.763432,15.039977
0,-16.767744,15.040829,-16.770546,15.041322,-16.771862,15.039902
0,-16.776351,15.036170,-16.765772,15.040476,-16.771862,15.039902
0,-16.764839,15.045029,-16.762693,15.043484,-16.764617,15.047378
0,-16.763912,15.048350,-16.764306,15.047807,-16.762693,15.043484
0,-16.762927,15.049709,-16.763912,15.048350,-16.762693,15.043484
0,-16.762790,15.040843,-16.706222,15.032004,-16.708254,15.045431
0,-16.764624,15.047379,-16.765128,15.046660,-16.764617,15.047378
0,-16.765975,15.045847,-16.764839,15.045029,-16.765128,15.046660
0,-16.771862,15.039902,-16.765772,15.040476,-16.767744,15.040829
0,-16.776351,15.036170,-16.763432,15.039977,-16.765772,15.040476
0,-16.709609,15.016760,-16.706222,15.032004,-16.762790,15.040843
0,-16.763432,15.039977,-16.709609,15.016760,-16.762790,15.040843
0,-16.741828,15.069704,-16.708254,15.045431,-16.704841,15.052019
0,-16.743676,15.069345,-16.755108,15.060837,-16.741828,15.069704
0,-16.736549,15.077077,-16.737800,15.076267,-16.741828,15.069704
0,-16.745987,15.070733,-16.746489,15.070384,-16.743676,15.069345
0,-16.741828,15.069704,-16.737800,15.076267,-16.741310,15.072096
0,-16.739559,15.075129,-16.741069,15.073210,-16.741310,15.072096
0,-16.739559,15.075129,-16.741608,15.073710,-16.741069,15.073210
0,-16.741667,15.073765,-16.741608,15.073710,-16.739559,15.075129
0,-16.739559,15.075129,-16.741310,15.072096,-16.737800,15.076267
0,-16.727057,15.082422,-16.733264,15.079202,-16.704545,15.069862
0,-16.733751,15.078887,-16.734052,15.078692,-16.733742,15.078888
0,-16.716092,15.084524,-16.709579,15.082928,-16.712231,15.084264
0,-16.709579,15.082928,-16.705743,15.079026,-16.707821,15.081848
0,-16.706546,15.080547,-16.707821,15.081848,-16.705743,15.079026
0,-16.704545,15.069862,-16.733742,15.078888,-16.734052,15.078692
0,-16.705743,15.079026,-16.704352,15.072520,-16.704304,15.074717
0,-16.704610,15.076920,-16.705743,15.079026,-16.704304,15.074717
0,-16.705089,15.037104,-16.708254,15.045431,-16.705712,15.034297
0,-16.704841,15.052019,-16.704545,15.069862,-16.741828,15.069704
0,-16.705089,15.037104,-16.704990,15.043074,-16.708254,15.045431
0,-16.704927,15.046860,-16.704841,15.052019,-16.708254,15.045431
0,-16.704352,15.072520,-16.716092,15.084524,-16.704545,15.069862
0,-16.755108,15.060837,-16.708254,15.045431,-16.741828,15.069704
0,-16.746489,15.070384,-16.750512,15.066422,-16.743676,15.069345
0,-16.761726,15.051365,-16.762693,15.043484,-16.759109,15.054992
0,-16.708254,15.045431,-16.755108,15.060837,-16.758645,15.055612
0,-16.743676,15.069345,-16.750512,15.066422,-16.755108,15.060837
0,-16.705712,15.034297,-16.708254,15.045431,-16.706222,15.032004
0,-16.763432,15.039977,-16.707438,15.004068,-16.709609,15.016760
0,-16.807959,14.995412,-16.732754,14.902678,-16.707438,15.004068
0,-16.682112,14.931362,-16.680172,14.933487,-16.686312,14.934401
0,-16.686312,14.934401,-16.713317,14.910333,-16.708313,14.912106
0,-16.695866,14.989762,-16.713317,14.910333,-16.686312,14.934401
0,-16.695866,14.989762,-16.686312,14.934401,-16.680299,14.964622
0,-16.680299,14.964622,-16.673373,14.940198,-16.668529,14.945096
0,-16.686312,14.934401,-16.677254,14.936202,-16.673373,14.940198
0,-16.707438,15.004068,-16.720210,14.907618,-16.695866,14.989762
0,-16.705277,14.913182,-16.695349,14.919936,-16.708313,14.912106
0,-16.705277,14.913182,-16.700565,14.914852,-16.695349,14.919936
0,-16.731888,14.893479,-16.730138,14.894342,-16.730943,14.897400
0,-16.733075,14.891138,-16.731810,14.892534,-16.731859,14.893128
0,-16.731989,14.899956,-16.731888,14.893479,-16.731446,14.898675
0,-16.731888,14.893479,-16.730943,14.897400,-16.731446,14.898675
0,-16.742349,14.884844,-16.747348,14.881329,-16.745815,14.882185
0,-16.742224,14.884946,-16.761163,14.878992,-16.742349,14.884844
0,-16.732566,14.901243,-16.742224,14.884946,-16.741072,14.885391
0,-16.732754,14.902678,-16.761163,14.878992,-16.742224,14.884946
0,-16.734261,14.889828,-16.733075,14.891138,-16.731888,14.893479
0,-16.734261,14.889828,-16.731888,14.893479,-16.731989,14.899956
0,-16.736782,14.887044,-16.734261,14.889828,-16.741072,14.885391
0,-16.742224,14.884946,-16.732566,14.901243,-16.732754,14.902678
0,-16.741072,14.885391,-16.734261,14.889828,-16.732566,14.901243
0,-16.794470,14.882481,-16.792484,14.882497,-16.818532,14.985239
0,-16.776679,14.879774,-16.788295,14.881513,-16.786407,14.880715
0,-16.776679,14.879774,-16.786407,14.880715,-16.784098,14.879615
0,-16.742349,14.884844,-16.758697,14.878795,-16.747348,14.881329
0,-16.796662,14.882159,-16.794470,14.882481,-16.818532,14.985239
0,-16.802607,14.880690,-16.800625,14.881113,-16.818532,14.985239
0,-16.806569,14.879439,-16.802607,14.880690,-16.818532,14.985239
0,-16.796662,14.882159,-16.818532,14.985239,-16.800625,14.881113
0,-16.796662,14.882159,-16.800625,14.881113,-16.798434,14.881637
0,-16.806569,14.879439,-16.804311,14.880051,-16.802607,14.880690
0,-16.806569,14.879439,-16.810038,14.878162,-16.808286,14.878700
0,-16.776679,14.879774,-16.784098,14.879615,-16.779388,14.878737
0,-16.773754,14.880000,-16.732754,14.902678,-16.790181,14.882108
0,-16.772414,14.879893,-16.732754,14.902678,-16.773754,14.880000
0,-16.768126,14.879550,-16.732754,14.902678,-16.770251,14.879720
0,-16.770251,14.879720,-16.732754,14.902678,-16.772414,14.879893
0,-16.765533,14.879342,-16.732754,14.902678,-16.768126,14.879550
0,-16.761163,14.878992,-16.732754,14.902678,-16.763154,14.879152
0,-16.757700,14.877462,-16.756173,14.876758,-16.758697,14.878795
0,-16.840909,14.863099,-16.858140,14.866484,-16.842352,14.862239
0,-16.861349,14.868837,-16.858140,14.866484,-16.839106,14.864174
0,-16.858144,14.866415,-16.857610,14.864852,-16.858140,14.866484
0,-16.858140,14.866484,-16.857610,14.864852,-16.845673,14.860259
0,-16.858140,14.866484,-16.839695,14.863823,-16.839106,14.864174
0,-16.858140,14.866484,-16.840909,14.863099,-16.839695,14.863823
0,-16.833816,14.865864,-16.830090,14.867563,-16.865108,14.871965
0,-16.818233,14.874468,-16.815839,14.875604,-16.852942,14.976851
0,-16.869766,14.874466,-16.868085,14.874271,-16.852942,14.976851
0,-16.859435,14.867203,-16.858140,14.866484,-16.861349,14.868837
0,-16.847868,14.859010,-16.856957,14.862942,-16.852939,14.858703
0,-16.856957,14.862942,-16.856657,14.862115,-16.852939,14.858703
0,-16.856657,14.862115,-16.856216,14.860949,-16.852939,14.858703
0,-16.852939,14.858703,-16.856216,14.860949,-16.855568,14.858879
0,-16.849868,14.858326,-16.847868,14.859010,-16.852939,14.858703
0,-16.858140,14.866484,-16.845673,14.860259,-16.842352,14.862239
0,-16.856957,14.862942,-16.847868,14.859010,-16.845673,14.860259
0,-16.845673,14.860259,-16.847868,14.859010,-16.847633,14.859090
0,-16.865108,14.871965,-16.863516,14.870531,-16.833816,14.865864
0,-16.831963,14.866628,-16.830090,14.867563,-16.833816,14.865864
0,-16.830090,14.867563,-16.866607,14.873398,-16.865108,14.871965
0,-16.828009,14.868698,-16.866607,14.873398,-16.830090,14.867563
0,-16.828009,14.868698,-16.824953,14.870534,-16.866607,14.873398
0,-16.819794,14.873642,-16.822633,14.871899,-16.821161,14.872670
0,-16.866607,14.873398,-16.819794,14.873642,-16.868085,14.874271
0,-16.868085,14.874271,-16.819794,14.873642,-16.818233,14.874468
0,-16.866607,14.873398,-16.822633,14.871899,-16.819794,14.873642
0,-16.813549,14.876741,-16.810038,14.878162,-16.852942,14.976851
0,-16.810038,14.878162,-16.813549,14.876741,-16.812090,14.877260
0,-16.751185,14.879297,-16.748925,14.880448,-16.758697,14.878795
0,-16.782629,14.878915,-16.781164,14.878621,-16.779388,14.878737
0,-16.757700,14.877462,-16.758697,14.878795,-16.758142,14.877720
0,-16.756173,14.876758,-16.751185,14.879297,-16.758697,14.878795
0,-16.757700,14.877462,-16.758142,14.877720,-16.758081,14.877636
