19,5,18,85,72,
0,-16.961896,14.786396,-16.961479,14.786472,-16.958489,14.791907
0,-16.922640,14.797572,-16.901908,14.811704,-16.923998,14.798021
0,-16.935251,14.796690,-16.935025,14.796727,-16.941087,14.850143
0,-16.934738,14.850375,-16.931993,14.797007,-16.934656,14.850378
0,-16.901908,14.811704,-16.924004,14.798022,-16.923998,14.798021
0,-16.904151,14.835715,-16.904758,14.836541,-16.924004,14.798022
0,-16.899750,14.797837,-16.899072,14.794925,-16.898947,14.796498
0,-16.934648,14.850378,-16.928093,14.797434,-16.927900,14.797459
0,-16.900097,14.788078,-16.901574,14.780581,-16.901535,14.780548
0,-16.897116,14.816418,-16.896902,14.817445,-16.896903,14.817448
0,-16.898778,14.794174,-16.899072,14.794925,-16.900097,14.788078
0,-16.897066,14.824538,-16.898464,14.827975,-16.898958,14.828647
0,-16.896903,14.817448,-16.896691,14.821022,-16.901908,14.811704
0,-16.901358,14.831913,-16.902258,14.833138,-16.901908,14.811704
0,-16.899752,14.797843,-16.912592,14.790004,-16.899750,14.797837
0,-16.896691,14.821022,-16.897066,14.824538,-16.901908,14.811704
0,-16.901576,14.810205,-16.901885,14.810324,-16.901677,14.808758
0,-16.901422,14.811608,-16.901363,14.811606,-16.901908,14.811704
0,-16.970767,14.786016,-16.968978,14.785955,-16.970335,14.786626
0,-16.963995,14.786122,-16.970153,14.790244,-16.964634,14.786088
0,-16.970153,14.790244,-16.963839,14.786137,-16.958552,14.792354
0,-16.963839,14.786137,-16.963573,14.786163,-16.958552,14.792354
0,-16.963249,14.786200,-16.963152,14.786211,-16.958552,14.792354
0,-16.960256,14.786771,-16.958254,14.790223,-16.960659,14.786660
0,-16.959275,14.787072,-16.958010,14.788481,-16.959456,14.787013
0,-16.939602,14.795108,-16.938317,14.795628,-16.950416,14.849689
0,-16.961896,14.786396,-16.958489,14.791907,-16.962313,14.786327
0,-16.968062,14.785971,-16.967790,14.785976,-16.970084,14.789408
0,-16.962732,14.786266,-16.958489,14.791907,-16.962878,14.786246
0,-16.962313,14.786327,-16.958489,14.791907,-16.962732,14.786266
0,-16.975966,14.794438,-16.974579,14.793275,-16.958552,14.792354
0,-16.970335,14.786626,-16.968978,14.785955,-16.970084,14.789408
0,-16.974143,14.792863,-16.971858,14.791218,-16.958552,14.792354
0,-16.967790,14.785976,-16.967208,14.785997,-16.970084,14.789408
0,-16.958010,14.788481,-16.958273,14.787424,-16.957883,14.787573
0,-16.958803,14.787232,-16.958665,14.787280,-16.958010,14.788481
0,-16.984969,14.812934,-16.983555,14.808970,-16.972771,14.841429
0,-16.981453,14.834904,-16.984969,14.812934,-16.972771,14.841429
0,-16.942854,14.793773,-16.943377,14.793513,-16.943282,14.793552
0,-16.937063,14.796153,-16.936143,14.796487,-16.946978,14.849856
0,-16.901885,14.810324,-16.922640,14.797572,-16.921841,14.797146
0,-16.950416,14.849689,-16.938317,14.795628,-16.937063,14.796153
0,-16.958665,14.787280,-16.958273,14.787424,-16.958010,14.788481
0,-16.972771,14.841429,-16.983555,14.808970,-16.955020,14.793043
0,-16.972771,14.841429,-16.955020,14.793043,-16.953805,14.793272
0,-16.943377,14.793513,-16.943303,14.793541,-16.943282,14.793552
0,-16.921841,14.797146,-16.921151,14.796700,-16.919820,14.796078
0,-16.927840,14.850627,-16.928600,14.850599,-16.907415,14.840157
0,-16.900182,14.830313,-16.900830,14.831196,-16.901908,14.811704
0,-16.901908,14.811704,-16.902884,14.833990,-16.904151,14.835715
0,-16.897066,14.824538,-16.898958,14.828647,-16.901908,14.811704
0,-16.900830,14.831196,-16.901358,14.831913,-16.901908,14.811704
0,-16.901908,14.811704,-16.901363,14.811606,-16.901230,14.811601
0,-16.899943,14.811731,-16.899467,14.811755,-16.897427,14.814887
0,-16.899943,14.811731,-16.899669,14.811733,-16.899467,14.811755
0,-16.897971,14.812221,-16.899467,14.811755,-16.899317,14.811718
0,-16.899157,14.811678,-16.899081,14.811659,-16.897971,14.812221
0,-16.897971,14.812221,-16.899317,14.811718,-16.899157,14.811678
0,-16.897971,14.812221,-16.899081,14.811659,-16.898897,14.811511
0,-16.898765,14.811435,-16.898897,14.811511,-16.898826,14.811454
0,-16.899072,14.794925,-16.911581,14.789134,-16.909723,14.787551
0,-16.900097,14.788078,-16.901296,14.780346,-16.901090,14.780172
0,-16.927420,14.797519,-16.934648,14.850378,-16.927900,14.797459
0,-16.901677,14.808758,-16.919820,14.796078,-16.901676,14.808751
0,-16.919820,14.796078,-16.901608,14.808249,-16.901676,14.808751
0,-16.908862,14.786770,-16.908074,14.786082,-16.900097,14.788078
0,-16.908864,14.786771,-16.908862,14.786770,-16.900097,14.788078
0,-16.906937,14.785134,-16.906261,14.784553,-16.900097,14.788078
0,-16.908074,14.786082,-16.906937,14.785134,-16.900097,14.788078
0,-16.900097,14.788078,-16.901609,14.780611,-16.901574,14.780581
0,-16.900989,14.780091,-16.900097,14.788078,-16.901090,14.780172
0,-16.900989,14.780089,-16.900989,14.780091,-16.901040,14.780130
0,-16.970767,14.786016,-16.971231,14.785359,-16.968978,14.785955
0,-16.971286,14.785282,-16.968978,14.785955,-16.971231,14.785359
0,-16.968978,14.785955,-16.968386,14.785966,-16.970084,14.789408
0,-16.968386,14.785966,-16.968062,14.785971,-16.970084,14.789408
0,-16.963573,14.786163,-16.963249,14.786200,-16.958552,14.792354
0,-16.963152,14.786211,-16.962878,14.786246,-16.958552,14.792354
0,-16.962878,14.786246,-16.958489,14.791907,-16.958552,14.792354
0,-16.964763,14.786081,-16.964634,14.786088,-16.970153,14.790244
0,-16.970153,14.790244,-16.963995,14.786122,-16.963839,14.786137
0,-16.961479,14.786472,-16.958254,14.790223,-16.958489,14.791907
0,-16.961232,14.786521,-16.958254,14.790223,-16.961479,14.786472
0,-16.961064,14.786555,-16.960960,14.786582,-16.961232,14.786521
0,-16.960960,14.786582,-16.958254,14.790223,-16.961232,14.786521
0,-16.960659,14.786660,-16.958254,14.790223,-16.960960,14.786582
0,-16.959855,14.786888,-16.958254,14.790223,-16.960256,14.786771
0,-16.959456,14.787013,-16.958254,14.790223,-16.959855,14.786888
0,-16.959059,14.787143,-16.958010,14.788481,-16.959275,14.787072
0,-16.959059,14.787143,-16.958803,14.787232,-16.958010,14.788481
0,-16.958334,14.792401,-16.983511,14.808846,-16.958552,14.792354
0,-16.983555,14.808970,-16.955695,14.792916,-16.955020,14.793043
0,-16.983555,14.808970,-16.983511,14.808846,-16.955695,14.792916
0,-16.951517,14.790182,-16.953311,14.793364,-16.953011,14.789576
0,-16.948133,14.791569,-16.953311,14.793364,-16.951517,14.790182
0,-16.948059,14.791599,-16.953311,14.793364,-16.948133,14.791569
0,-16.943377,14.793513,-16.942854,14.793773,-16.943840,14.793338
0,-16.942854,14.793773,-16.953311,14.793364,-16.943840,14.793338
0,-16.950416,14.849689,-16.963595,14.845990,-16.939602,14.795108
0,-16.972771,14.841429,-16.953805,14.793272,-16.953311,14.793364
0,-16.948059,14.791599,-16.944480,14.793096,-16.953311,14.793364
0,-16.944480,14.793096,-16.943840,14.793338,-16.953311,14.793364
0,-16.974579,14.793275,-16.974143,14.792863,-16.958552,14.792354
0,-16.957534,14.792570,-16.983511,14.808846,-16.957642,14.792550
0,-16.955695,14.792916,-16.983511,14.808846,-16.956828,14.792703
0,-16.956828,14.792703,-16.983511,14.808846,-16.957534,14.792570
0,-16.965606,14.786052,-16.970084,14.789408,-16.967208,14.785997
0,-16.965606,14.786052,-16.964763,14.786081,-16.970153,14.790244
0,-16.957642,14.792550,-16.983511,14.808846,-16.958334,14.792401
0,-16.970153,14.790244,-16.970084,14.789408,-16.965606,14.786052
0,-16.958254,14.790223,-16.959456,14.787013,-16.958010,14.788481
0,-16.971858,14.791218,-16.971319,14.790910,-16.958552,14.792354
0,-16.971319,14.790910,-16.971231,14.790860,-16.958552,14.792354
0,-16.971231,14.790860,-16.970153,14.790244,-16.958552,14.792354
0,-16.974051,14.792775,-16.971858,14.791218,-16.974143,14.792863
0,-16.973024,14.791803,-16.971858,14.791218,-16.974051,14.792775
0,-16.983511,14.808846,-16.975966,14.794438,-16.958552,14.792354
0,-16.942237,14.794049,-16.953311,14.793364,-16.942854,14.793773
0,-16.941474,14.794359,-16.953311,14.793364,-16.942237,14.794049
0,-16.940450,14.794769,-16.953311,14.793364,-16.941474,14.794359
0,-16.939602,14.795108,-16.953311,14.793364,-16.940450,14.794769
0,-16.932955,14.796888,-16.933008,14.796939,-16.933845,14.796868
0,-16.936143,14.796487,-16.935922,14.796546,-16.946978,14.849856
0,-16.933008,14.796939,-16.931993,14.797007,-16.934738,14.850375
0,-16.981508,14.800280,-16.975966,14.794438,-16.981969,14.801448
0,-16.979789,14.796309,-16.977418,14.795149,-16.980771,14.798413
0,-16.987294,14.819454,-16.984969,14.812934,-16.981453,14.834904
0,-16.981969,14.801448,-16.975966,14.794438,-16.983511,14.808846
0,-16.981508,14.800280,-16.977418,14.795149,-16.975966,14.794438
0,-16.990422,14.824340,-16.987294,14.819454,-16.985665,14.829983
0,-16.985665,14.829983,-16.987294,14.819454,-16.981453,14.834904
0,-16.963595,14.845990,-16.953311,14.793364,-16.939602,14.795108
0,-16.950416,14.849689,-16.937063,14.796153,-16.946978,14.849856
0,-16.946978,14.849856,-16.935922,14.796546,-16.941087,14.850143
0,-16.980771,14.798413,-16.977418,14.795149,-16.981508,14.800280
0,-16.981621,14.834778,-16.985665,14.829983,-16.981453,14.834904
0,-16.972771,14.841429,-16.953311,14.793364,-16.963595,14.845990
0,-16.934648,14.850378,-16.931993,14.797007,-16.928093,14.797434
0,-16.928600,14.850599,-16.934648,14.850378,-16.927420,14.797519
0,-16.928600,14.850599,-16.927420,14.797519,-16.925926,14.797708
0,-16.941087,14.850143,-16.935025,14.796727,-16.934798,14.796759
0,-16.934656,14.850378,-16.931993,14.797007,-16.934648,14.850378
0,-16.924004,14.798022,-16.906573,14.839010,-16.907415,14.840157
0,-16.907415,14.840157,-16.928600,14.850599,-16.924004,14.798022
0,-16.921602,14.851951,-16.927840,14.850627,-16.912198,14.846665
0,-16.921602,14.851951,-16.921602,14.851951,-16.914075,14.849220
0,-16.928600,14.850599,-16.925926,14.797708,-16.924004,14.798022
0,-16.901907,14.811666,-16.901908,14.811704,-16.922640,14.797572
0,-16.901885,14.810324,-16.921841,14.797146,-16.919820,14.796078
0,-16.933845,14.796868,-16.933008,14.796939,-16.934738,14.850375
0,-16.932952,14.796893,-16.933008,14.796939,-16.932955,14.796888
0,-16.935476,14.796648,-16.935251,14.796690,-16.941087,14.850143
0,-16.941087,14.850143,-16.934798,14.796759,-16.933845,14.796868
0,-16.941087,14.850143,-16.933845,14.796868,-16.934738,14.850375
0,-16.935922,14.796546,-16.935699,14.796600,-16.941087,14.850143
0,-16.935699,14.796600,-16.935476,14.796648,-16.941087,14.850143
0,-16.918930,14.795544,-16.901456,14.807116,-16.919820,14.796078
0,-16.918204,14.794993,-16.901369,14.806378,-16.918930,14.795544
0,-16.917969,14.794779,-16.917963,14.794773,-16.918204,14.794993
0,-16.901908,14.811704,-16.904151,14.835715,-16.924004,14.798022
0,-16.901422,14.811608,-16.901784,14.811664,-16.901511,14.811611
0,-16.901422,14.811608,-16.901908,14.811704,-16.901784,14.811664
0,-16.901784,14.811664,-16.901634,14.811616,-16.901511,14.811611
0,-16.901908,14.811704,-16.901230,14.811601,-16.901131,14.811598
0,-16.897427,14.814887,-16.901131,14.811598,-16.899943,14.811731
0,-16.921602,14.851951,-16.914075,14.849220,-16.920434,14.852228
0,-16.902258,14.833138,-16.902884,14.833990,-16.901908,14.811704
0,-16.905520,14.837578,-16.906573,14.839010,-16.924004,14.798022
0,-16.914075,14.849220,-16.914934,14.850388,-16.920434,14.852228
0,-16.904758,14.836541,-16.905520,14.837578,-16.924004,14.798022
0,-16.913141,14.847948,-16.914075,14.849220,-16.921602,14.851951
0,-16.916055,14.851914,-16.916902,14.853066,-16.920434,14.852228
0,-16.912198,14.846665,-16.913141,14.847948,-16.921602,14.851951
0,-16.911335,14.845491,-16.912198,14.846665,-16.927840,14.850627
0,-16.915554,14.851231,-16.916055,14.851914,-16.920434,14.852228
0,-16.914934,14.850388,-16.915554,14.851231,-16.920434,14.852228
0,-16.910456,14.844294,-16.911335,14.845491,-16.927840,14.850627
0,-16.909505,14.843001,-16.910456,14.844294,-16.927840,14.850627
0,-16.909282,14.842697,-16.909505,14.843001,-16.927840,14.850627
0,-16.909045,14.842375,-16.909282,14.842697,-16.927840,14.850627
0,-16.907415,14.840157,-16.909045,14.842375,-16.927840,14.850627
0,-16.897833,14.827116,-16.898464,14.827975,-16.897066,14.824538
0,-16.899542,14.829442,-16.900182,14.830313,-16.901908,14.811704
0,-16.898958,14.828647,-16.899542,14.829442,-16.901908,14.811704
0,-16.896500,14.819184,-16.896691,14.821022,-16.896903,14.817448
0,-16.896497,14.819199,-16.896691,14.821022,-16.896500,14.819184
0,-16.897427,14.814887,-16.897116,14.816418,-16.901908,14.811704
0,-16.897116,14.816418,-16.896903,14.817448,-16.901908,14.811704
0,-16.896903,14.817448,-16.896859,14.817451,-16.896500,14.819184
0,-16.899771,14.811723,-16.899669,14.811733,-16.899860,14.811727
0,-16.899467,14.811755,-16.897971,14.812221,-16.897427,14.814887
0,-16.899943,14.811731,-16.899860,14.811727,-16.899669,14.811733
0,-16.901131,14.811598,-16.900929,14.811590,-16.899943,14.811731
0,-16.901908,14.811704,-16.901131,14.811598,-16.897427,14.814887
0,-16.900929,14.811590,-16.899981,14.811714,-16.899943,14.811731
0,-16.900803,14.811566,-16.899981,14.811714,-16.900929,14.811590
0,-16.900754,14.811560,-16.899981,14.811714,-16.900803,14.811566
0,-16.900256,14.811590,-16.899981,14.811714,-16.900754,14.811560
0,-16.900256,14.811590,-16.900754,14.811560,-16.900458,14.811520
0,-16.898897,14.811511,-16.898765,14.811435,-16.898631,14.811432
0,-16.898897,14.811511,-16.898631,14.811432,-16.897971,14.812221
0,-16.898631,14.811432,-16.898449,14.811428,-16.897971,14.812221
0,-16.898449,14.811428,-16.898260,14.811423,-16.897971,14.812221
0,-16.898260,14.811423,-16.898137,14.811421,-16.897971,14.812221
0,-16.900590,14.800946,-16.914350,14.791698,-16.900121,14.799212
0,-16.913427,14.790882,-16.912654,14.790061,-16.899752,14.797843
0,-16.899824,14.798110,-16.913427,14.790882,-16.899752,14.797843
0,-16.899752,14.797843,-16.912654,14.790061,-16.912592,14.790004
0,-16.913427,14.790882,-16.899824,14.798110,-16.900095,14.799116
0,-16.900121,14.799212,-16.913427,14.790882,-16.900095,14.799116
0,-16.919820,14.796078,-16.901456,14.807116,-16.901608,14.808249
0,-16.918204,14.794993,-16.917963,14.794773,-16.901369,14.806378
0,-16.918930,14.795544,-16.901369,14.806378,-16.901456,14.807116
0,-16.917963,14.794773,-16.900590,14.800946,-16.900767,14.804519
0,-16.901350,14.808851,-16.901576,14.810205,-16.901677,14.808758
0,-16.901907,14.811666,-16.922640,14.797572,-16.901885,14.810324
0,-16.901885,14.810324,-16.919820,14.796078,-16.901677,14.808758
0,-16.901369,14.806378,-16.917963,14.794773,-16.900767,14.804519
0,-16.901162,14.806280,-16.901369,14.806378,-16.900818,14.804811
0,-16.900818,14.804811,-16.901369,14.806378,-16.900767,14.804519
0,-16.900441,14.802834,-16.900590,14.800946,-16.900344,14.801955
0,-16.900767,14.804519,-16.900590,14.800946,-16.900532,14.803186
0,-16.900532,14.803186,-16.900590,14.800946,-16.900441,14.802834
0,-16.916826,14.793813,-16.916303,14.793351,-16.900590,14.800946
0,-16.914350,14.791698,-16.913427,14.790882,-16.900121,14.799212
0,-16.913427,14.790882,-16.912879,14.790267,-16.912654,14.790061
0,-16.913427,14.790882,-16.913482,14.790818,-16.912879,14.790267
0,-16.917963,14.794773,-16.916826,14.793813,-16.900590,14.800946
0,-16.900590,14.800946,-16.916303,14.793351,-16.915606,14.792737
0,-16.900590,14.800946,-16.915606,14.792737,-16.914350,14.791698
0,-16.911581,14.789134,-16.899750,14.797837,-16.912592,14.790004
0,-16.900097,14.788078,-16.909723,14.787551,-16.908864,14.786771
0,-16.900097,14.788078,-16.906261,14.784553,-16.905217,14.783657
0,-16.903149,14.781911,-16.905217,14.783657,-16.903151,14.781907
0,-16.900989,14.780089,-16.901040,14.780130,-16.900989,14.780088
0,-16.900989,14.780091,-16.901090,14.780172,-16.901040,14.780130
0,-16.905217,14.783657,-16.903149,14.781911,-16.900097,14.788078
0,-16.903149,14.781911,-16.902539,14.781396,-16.900097,14.788078
0,-16.900097,14.788078,-16.901535,14.780548,-16.901296,14.780346
0,-16.899750,14.797837,-16.911581,14.789134,-16.899072,14.794925
0,-16.899072,14.794925,-16.909723,14.787551,-16.900097,14.788078
0,-16.898633,14.793660,-16.898778,14.794174,-16.900097,14.788078
0,-16.902539,14.781396,-16.901609,14.780611,-16.900097,14.788078
0,-16.898739,14.794075,-16.898633,14.793660,-16.898599,14.793789
0,-16.898739,14.794075,-16.898778,14.794174,-16.898633,14.793660
