84,1,24,88,55,
0,-15.894939,12.710333,-15.898040,12.708468,-15.889693,12.708197
0,-15.923627,12.594001,-15.920041,12.591292,-15.927811,12.651416
0,-15.930110,12.673136,-15.928340,12.668692,-15.926148,12.668999
0,-15.912587,12.690913,-15.908361,12.696187,-15.911156,12.693788
0,-15.830685,12.577988,-15.827105,12.573578,-15.821891,12.570035
0,-15.866765,12.701694,-15.867742,12.702528,-15.878832,12.703269
0,-15.952187,12.614208,-15.954106,12.647161,-15.954946,12.615925
0,-15.950372,12.651911,-15.948040,12.653641,-15.949996,12.655501
0,-15.948040,12.653641,-15.950372,12.651911,-15.946670,12.652020
0,-15.928851,12.681968,-15.929258,12.680005,-15.927094,12.681376
0,-15.801451,12.570700,-15.797165,12.574375,-15.802426,12.570272
0,-15.659623,12.716013,-15.683041,12.591746,-15.650843,12.713284
0,-15.668121,12.582235,-15.672112,12.585023,-15.671732,12.584618
0,-15.604275,12.697966,-15.625728,12.707363,-15.678261,12.589557
0,-15.659623,12.716013,-15.690546,12.592684,-15.683041,12.591746
0,-15.559243,12.597330,-15.558282,12.599117,-15.582617,12.573814
0,-15.808992,12.567738,-15.816098,12.568043,-15.810727,12.567409
0,-15.564736,12.586983,-15.562252,12.590682,-15.559243,12.597330
0,-15.804091,12.569541,-15.802426,12.570272,-15.795646,12.576927
0,-15.877964,12.588607,-15.927811,12.651416,-15.920041,12.591292
0,-15.919084,12.590569,-15.907134,12.581540,-15.890950,12.582536
0,-15.919084,12.590569,-15.877964,12.588607,-15.920041,12.591292
0,-15.916200,12.680505,-15.916877,12.679067,-15.880598,12.703084
0,-15.830685,12.577988,-15.790896,12.584588,-15.836253,12.582737
0,-15.747954,12.602265,-15.746030,12.602244,-15.805355,12.717918
0,-15.823434,12.570811,-15.827105,12.573578,-15.823706,12.570948
0,-15.893722,12.581378,-15.907134,12.581540,-15.903772,12.580330
0,-15.805122,12.569089,-15.816098,12.568043,-15.805339,12.568994
0,-15.893722,12.581378,-15.890950,12.582536,-15.907134,12.581540
0,-15.945262,12.608544,-15.943027,12.606984,-15.930095,12.649686
0,-15.946670,12.652020,-15.950372,12.651911,-15.950368,12.650762
0,-15.941748,12.651846,-15.942477,12.651365,-15.931902,12.650971
0,-15.858807,12.594465,-15.858109,12.594557,-15.862742,12.701050
0,-15.927550,12.597565,-15.926945,12.596596,-15.923627,12.594001
0,-15.927550,12.597565,-15.927811,12.651416,-15.930095,12.649686
0,-15.952187,12.614208,-15.942477,12.651365,-15.954106,12.647161
0,-15.963843,12.644972,-15.965018,12.646595,-15.974985,12.636688
0,-15.949996,12.655501,-15.952037,12.654010,-15.950372,12.651911
0,-15.974985,12.636688,-15.965018,12.646595,-15.970689,12.649500
0,-15.941418,12.655005,-15.941365,12.653761,-15.932833,12.652451
0,-15.912587,12.690913,-15.913166,12.689332,-15.908361,12.696187
0,-15.915865,12.682133,-15.913166,12.689332,-15.915717,12.688664
0,-15.882549,12.703377,-15.915865,12.682133,-15.916200,12.680505
0,-15.915865,12.682133,-15.882549,12.703377,-15.913166,12.689332
0,-15.908361,12.696187,-15.911054,12.693993,-15.911156,12.693788
0,-15.900942,12.702179,-15.907150,12.697174,-15.882549,12.703377
0,-15.889693,12.708197,-15.898040,12.708468,-15.899136,12.706449
0,-15.889760,12.710051,-15.890010,12.711725,-15.891391,12.711843
0,-15.892140,12.711299,-15.894939,12.710333,-15.889693,12.708197
0,-15.839724,12.702563,-15.824539,12.704293,-15.830989,12.705814
0,-15.820727,12.705735,-15.824539,12.704293,-15.778147,12.597245
0,-15.882549,12.703377,-15.916200,12.680505,-15.880598,12.703084
0,-15.845226,12.589145,-15.839724,12.702563,-15.858109,12.594557
0,-15.746030,12.602244,-15.745488,12.602193,-15.739087,12.602084
0,-15.701833,12.734327,-15.746030,12.602244,-15.739087,12.602084
0,-15.683041,12.591746,-15.690546,12.592684,-15.684184,12.591802
0,-15.639504,12.710321,-15.645965,12.711741,-15.683041,12.591746
0,-15.804178,12.735712,-15.802535,12.727974,-15.780576,12.752478
0,-15.742697,12.763165,-15.727149,12.766197,-15.740075,12.766761
0,-15.717256,12.751658,-15.722252,12.758435,-15.746782,12.759996
0,-15.734519,12.601738,-15.732080,12.600608,-15.726106,12.598591
0,-15.639504,12.710321,-15.678261,12.589557,-15.632921,12.708901
0,-15.597060,12.694205,-15.604275,12.697966,-15.672697,12.585647
0,-15.544491,12.698646,-15.545743,12.695895,-15.533022,12.693434
0,-15.555421,12.674628,-15.566827,12.677995,-15.543952,12.619124
0,-15.545743,12.695895,-15.549441,12.687769,-15.533022,12.693434
0,-15.579279,12.692293,-15.588366,12.696521,-15.589154,12.696250
0,-15.524919,12.646303,-15.526359,12.652894,-15.531426,12.630647
0,-15.537630,12.624998,-15.555421,12.674628,-15.540886,12.622643
0,-15.553928,12.677909,-15.555421,12.674628,-15.529448,12.673822
0,-15.736895,12.602150,-15.692069,12.728611,-15.697805,12.731706
0,-15.736895,12.602150,-15.734519,12.601738,-15.692069,12.728611
0,-15.714617,12.594630,-15.669258,12.719339,-15.682553,12.724090
0,-15.575079,12.680622,-15.578181,12.681814,-15.554401,12.607020
0,-15.597060,12.694205,-15.599243,12.695584,-15.604275,12.697966
0,-15.824539,12.704293,-15.845226,12.589145,-15.844206,12.588716
0,-15.815360,12.707654,-15.817348,12.706943,-15.772525,12.599685
0,-15.815360,12.707654,-15.770503,12.600563,-15.813681,12.708377
0,-15.756685,12.602516,-15.750717,12.602294,-15.805355,12.717918
0,-15.816098,12.568043,-15.804091,12.569541,-15.795646,12.576927
0,-15.800536,12.571102,-15.798105,12.573013,-15.801004,12.570896
0,-15.797165,12.574375,-15.795646,12.576927,-15.802426,12.570272
0,-15.798105,12.573013,-15.797165,12.574375,-15.801004,12.570896
0,-15.666641,12.575253,-15.667895,12.570177,-15.667816,12.564487
0,-15.810727,12.567409,-15.816098,12.568043,-15.813173,12.567362
0,-15.649407,12.540652,-15.642683,12.539328,-15.657409,12.545896
0,-15.578181,12.681814,-15.597060,12.694205,-15.668121,12.582235
0,-15.660324,12.549090,-15.662685,12.552103,-15.660632,12.549429
0,-15.666641,12.575253,-15.642683,12.539328,-15.638200,12.538764
0,-15.930095,12.649686,-15.928270,12.598030,-15.927550,12.597565
0,-15.923627,12.594001,-15.927811,12.651416,-15.927550,12.597565
0,-15.885936,12.584880,-15.877964,12.588607,-15.919084,12.590569
0,-15.885936,12.584880,-15.919084,12.590569,-15.890950,12.582536
0,-15.938598,12.604443,-15.930095,12.649686,-15.943027,12.606984
0,-15.954946,12.615925,-15.954106,12.647161,-15.958267,12.617966
0,-15.930095,12.649686,-15.938598,12.604443,-15.934276,12.601907
0,-15.930095,12.649686,-15.934276,12.601907,-15.932610,12.600831
0,-15.930095,12.649686,-15.932610,12.600831,-15.928270,12.598030
0,-15.901398,12.579476,-15.895017,12.580258,-15.893722,12.581378
0,-15.902252,12.579783,-15.901398,12.579476,-15.893722,12.581378
0,-15.899226,12.578694,-15.897219,12.578352,-15.895017,12.580258
0,-15.902252,12.579783,-15.893722,12.581378,-15.903772,12.580330
0,-15.899226,12.578694,-15.895017,12.580258,-15.901398,12.579476
0,-15.823434,12.570811,-15.821891,12.570035,-15.827105,12.573578
0,-15.821891,12.570035,-15.795646,12.576927,-15.830685,12.577988
0,-15.816098,12.568043,-15.795646,12.576927,-15.821891,12.570035
0,-15.808992,12.567738,-15.805339,12.568994,-15.816098,12.568043
0,-15.809901,12.567425,-15.808992,12.567738,-15.810727,12.567409
0,-15.804091,12.569541,-15.816098,12.568043,-15.805122,12.569089
0,-15.801004,12.570896,-15.797165,12.574375,-15.801451,12.570700
0,-15.778147,12.597245,-15.844206,12.588716,-15.783674,12.592683
0,-15.877964,12.588607,-15.870670,12.592363,-15.927811,12.651416
0,-15.786225,12.590343,-15.836253,12.582737,-15.788591,12.587525
0,-15.794652,12.578476,-15.830685,12.577988,-15.795646,12.576927
0,-15.865229,12.593616,-15.858807,12.594465,-15.862742,12.701050
0,-15.867020,12.593380,-15.865229,12.593616,-15.924241,12.661237
0,-15.870670,12.592363,-15.867020,12.593380,-15.925730,12.655347
0,-15.949057,12.611570,-15.930095,12.649686,-15.952187,12.614208
0,-15.942477,12.651365,-15.951143,12.649468,-15.954106,12.647161
0,-15.944719,12.651452,-15.946670,12.652020,-15.951143,12.649468
0,-15.950368,12.650762,-15.951143,12.649468,-15.946670,12.652020
0,-15.942477,12.651365,-15.944719,12.651452,-15.951143,12.649468
0,-15.932833,12.652451,-15.941748,12.651846,-15.931902,12.650971
0,-15.952187,12.614208,-15.930095,12.649686,-15.942477,12.651365
0,-15.949057,12.611570,-15.945262,12.608544,-15.930095,12.649686
0,-15.931902,12.650971,-15.942477,12.651365,-15.930095,12.649686
0,-15.932833,12.652451,-15.941365,12.653761,-15.941748,12.651846
0,-15.938926,12.659853,-15.939729,12.659460,-15.935099,12.659094
0,-15.935099,12.659094,-15.941418,12.655005,-15.932833,12.652451
0,-15.870670,12.592363,-15.925730,12.655347,-15.927811,12.651416
0,-15.865229,12.593616,-15.862742,12.701050,-15.924241,12.661237
0,-15.952828,12.657069,-15.952037,12.654010,-15.949996,12.655501
0,-15.966636,12.649125,-15.970689,12.649500,-15.965018,12.646595
0,-15.952037,12.654010,-15.952828,12.657069,-15.954428,12.654911
0,-15.954428,12.654911,-15.952828,12.657069,-15.955757,12.658638
0,-15.954106,12.647161,-15.958922,12.644990,-15.961371,12.620460
0,-15.962184,12.644261,-15.963843,12.644972,-15.971573,12.632361
0,-15.967355,12.627011,-15.962184,12.644261,-15.971573,12.632361
0,-15.966011,12.625459,-15.958922,12.644990,-15.962184,12.644261
0,-15.964875,12.624047,-15.958922,12.644990,-15.966011,12.625459
0,-15.958922,12.644990,-15.964875,12.624047,-15.961371,12.620460
0,-15.954106,12.647161,-15.961371,12.620460,-15.958267,12.617966
0,-15.966011,12.625459,-15.962184,12.644261,-15.967355,12.627011
0,-15.966011,12.625459,-15.967355,12.627011,-15.966538,12.625975
0,-15.966011,12.625459,-15.966538,12.625975,-15.966533,12.625969
0,-15.966011,12.625459,-15.966533,12.625969,-15.966131,12.625503
0,-15.974985,12.636688,-15.971607,12.649585,-15.981554,12.645019
0,-15.971573,12.632361,-15.963843,12.644972,-15.974985,12.636688
0,-15.970689,12.649500,-15.971607,12.649585,-15.974985,12.636688
0,-15.981554,12.645019,-15.971607,12.649585,-15.983271,12.647196
0,-15.954428,12.654911,-15.955757,12.658638,-15.958087,12.656237
0,-15.958087,12.656237,-15.955757,12.658638,-15.957901,12.658726
0,-15.941418,12.655005,-15.939729,12.659460,-15.943086,12.657917
0,-15.943086,12.657917,-15.939729,12.659460,-15.942796,12.658588
0,-15.941418,12.655005,-15.935099,12.659094,-15.939729,12.659460
0,-15.938926,12.659853,-15.935099,12.659094,-15.936276,12.661147
0,-15.925730,12.655347,-15.867020,12.593380,-15.924241,12.661237
0,-15.918672,12.676764,-15.923817,12.665850,-15.923694,12.664163
0,-15.916877,12.679067,-15.866765,12.701694,-15.880598,12.703084
0,-15.924671,12.678346,-15.930110,12.673136,-15.923326,12.676916
0,-15.930110,12.673136,-15.926148,12.668999,-15.923326,12.676916
0,-15.926148,12.668999,-15.924987,12.668046,-15.921449,12.676515
0,-15.924987,12.668046,-15.923887,12.666794,-15.919548,12.676522
0,-15.930283,12.667011,-15.928340,12.668692,-15.930723,12.670777
0,-15.932907,12.668377,-15.930283,12.667011,-15.930723,12.670777
0,-15.932907,12.668377,-15.931681,12.666348,-15.930283,12.667011
0,-15.932907,12.668377,-15.933146,12.667061,-15.931681,12.666348
0,-15.928340,12.668692,-15.930110,12.673136,-15.930723,12.670777
0,-15.924671,12.678346,-15.929258,12.680005,-15.930110,12.673136
0,-15.926188,12.679992,-15.929258,12.680005,-15.924671,12.678346
0,-15.926148,12.668999,-15.921449,12.676515,-15.923326,12.676916
0,-15.924987,12.668046,-15.919548,12.676522,-15.921449,12.676515
0,-15.923887,12.666794,-15.923817,12.665850,-15.918672,12.676764
0,-15.927094,12.681376,-15.927682,12.682211,-15.928851,12.681968
0,-15.927094,12.681376,-15.929258,12.680005,-15.926188,12.679992
0,-15.908361,12.696187,-15.913166,12.689332,-15.907150,12.697174
0,-15.888163,12.706289,-15.900942,12.702179,-15.885233,12.704504
0,-15.888163,12.706289,-15.900642,12.703675,-15.900942,12.702179
0,-15.917822,12.677557,-15.924241,12.661237,-15.866765,12.701694
0,-15.923887,12.666794,-15.918672,12.676764,-15.919548,12.676522
0,-15.923694,12.664163,-15.924241,12.661237,-15.917822,12.677557
0,-15.918672,12.676764,-15.923694,12.664163,-15.917822,12.677557
0,-15.917822,12.677557,-15.866765,12.701694,-15.916877,12.679067
0,-15.804097,12.739165,-15.804178,12.735712,-15.785078,12.753713
0,-15.889760,12.710051,-15.891391,12.711843,-15.892140,12.711299
0,-15.889693,12.708197,-15.889760,12.710051,-15.892140,12.711299
0,-15.890317,12.712621,-15.891391,12.711843,-15.890010,12.711725
0,-15.756685,12.602516,-15.808760,12.713846,-15.813681,12.708377
0,-15.812061,12.711848,-15.813681,12.708377,-15.808760,12.713846
0,-15.803636,12.749350,-15.803795,12.749256,-15.804049,12.741167
0,-15.801010,12.751368,-15.803636,12.749350,-15.804049,12.741167
0,-15.785078,12.753713,-15.801010,12.751368,-15.804049,12.741167
0,-15.804178,12.735712,-15.780576,12.752478,-15.785078,12.753713
0,-15.803795,12.749256,-15.805096,12.748485,-15.804049,12.741167
0,-15.802535,12.727974,-15.804178,12.735712,-15.804312,12.731693
0,-15.756685,12.602516,-15.805355,12.717918,-15.808760,12.713846
0,-15.760939,12.750482,-15.803177,12.722733,-15.805355,12.717918
0,-15.771763,12.751168,-15.802535,12.727974,-15.802815,12.725687
0,-15.803177,12.722733,-15.771763,12.751168,-15.802815,12.725687
0,-15.839724,12.702563,-15.830989,12.705814,-15.833593,12.705561
0,-15.818214,12.706634,-15.820727,12.705735,-15.778147,12.597245
0,-15.824539,12.704293,-15.844206,12.588716,-15.778147,12.597245
0,-15.772525,12.599685,-15.818214,12.706634,-15.778147,12.597245
0,-15.888163,12.706289,-15.899136,12.706449,-15.900642,12.703675
0,-15.889693,12.708197,-15.899136,12.706449,-15.888163,12.706289
0,-15.870746,12.707901,-15.878481,12.707338,-15.878470,12.704347
0,-15.836880,12.704762,-15.839724,12.702563,-15.833593,12.705561
0,-15.900942,12.702179,-15.882549,12.703377,-15.885233,12.704504
0,-15.907150,12.697174,-15.913166,12.689332,-15.882549,12.703377
0,-15.866765,12.701694,-15.878832,12.703269,-15.880598,12.703084
0,-15.867742,12.702528,-15.869580,12.705513,-15.878832,12.703269
0,-15.878470,12.704347,-15.869580,12.705513,-15.870746,12.707901
0,-15.878470,12.704347,-15.878832,12.703269,-15.869580,12.705513
0,-15.862742,12.701050,-15.866765,12.701694,-15.924241,12.661237
0,-15.857442,12.701067,-15.862742,12.701050,-15.858109,12.594557
0,-15.839724,12.702563,-15.846595,12.702542,-15.858109,12.594557
0,-15.839724,12.702563,-15.845226,12.589145,-15.824539,12.704293
0,-15.858109,12.594557,-15.846595,12.702542,-15.857442,12.701067
0,-15.857442,12.701067,-15.846595,12.702542,-15.853425,12.701977
0,-15.763216,12.601706,-15.756685,12.602516,-15.813681,12.708377
0,-15.805355,12.717918,-15.750717,12.602294,-15.747954,12.602265
0,-15.609951,12.702319,-15.620120,12.706060,-15.604275,12.697966
0,-15.668121,12.582235,-15.597060,12.694205,-15.672697,12.585647
0,-15.578181,12.681814,-15.593562,12.694797,-15.597060,12.694205
0,-15.578181,12.681814,-15.591828,12.695328,-15.593562,12.694797
0,-15.591828,12.695328,-15.579279,12.692293,-15.589154,12.696250
0,-15.591828,12.695328,-15.578181,12.681814,-15.579279,12.692293
0,-15.632921,12.708901,-15.678261,12.589557,-15.625728,12.707363
0,-15.625728,12.707363,-15.604275,12.697966,-15.620120,12.706060
0,-15.612514,12.703928,-15.620120,12.706060,-15.609951,12.702319
0,-15.580172,12.698370,-15.580318,12.700264,-15.588366,12.696521
0,-15.609951,12.702319,-15.604275,12.697966,-15.608243,12.701246
0,-15.734519,12.601738,-15.682553,12.724090,-15.692069,12.728611
0,-15.726106,12.598591,-15.714617,12.594630,-15.682553,12.724090
0,-15.678487,12.589661,-15.678261,12.589557,-15.639504,12.710321
0,-15.672697,12.585647,-15.672112,12.585023,-15.668121,12.582235
0,-15.701833,12.734327,-15.805355,12.717918,-15.746030,12.602244
0,-15.760939,12.750482,-15.805355,12.717918,-15.701833,12.734327
0,-15.706599,12.739099,-15.757724,12.751209,-15.701833,12.734327
0,-15.804049,12.741167,-15.804097,12.739165,-15.785078,12.753713
0,-15.802535,12.727974,-15.778345,12.751866,-15.780576,12.752478
0,-15.802535,12.727974,-15.771763,12.751168,-15.778345,12.751866
0,-15.803177,12.722733,-15.765327,12.750900,-15.771763,12.751168
0,-15.803177,12.722733,-15.760939,12.750482,-15.765327,12.750900
0,-15.711977,12.744826,-15.716114,12.750179,-15.757724,12.751209
0,-15.785078,12.753713,-15.795469,12.756265,-15.801010,12.751368
0,-15.795469,12.756265,-15.785078,12.753713,-15.791670,12.757281
0,-15.789769,12.757287,-15.791670,12.757281,-15.785078,12.753713
0,-15.746782,12.759996,-15.757724,12.751209,-15.717256,12.751658
0,-15.727149,12.766197,-15.736288,12.772083,-15.740075,12.766761
0,-15.727149,12.766197,-15.734264,12.773275,-15.736288,12.772083
0,-15.734264,12.773275,-15.727149,12.766197,-15.732291,12.774437
0,-15.722252,12.758435,-15.742697,12.763165,-15.746782,12.759996
0,-15.727149,12.766197,-15.742697,12.763165,-15.722252,12.758435
0,-15.760939,12.750482,-15.701833,12.734327,-15.757724,12.751209
0,-15.757724,12.751209,-15.717236,12.751631,-15.717256,12.751658
0,-15.757724,12.751209,-15.716114,12.750179,-15.717236,12.751631
0,-15.706599,12.739099,-15.711977,12.744826,-15.757724,12.751209
0,-15.554401,12.607020,-15.552684,12.609085,-15.550759,12.612291
0,-15.552692,12.609071,-15.552684,12.609085,-15.554401,12.607020
0,-15.543952,12.619124,-15.566827,12.677995,-15.547112,12.615648
0,-15.580172,12.698370,-15.588366,12.696521,-15.579279,12.692293
0,-15.553928,12.677909,-15.530559,12.680758,-15.549441,12.687769
0,-15.536461,12.706466,-15.541495,12.705229,-15.535237,12.703956
0,-15.537049,12.707424,-15.541495,12.705229,-15.536461,12.706466
0,-15.539791,12.708971,-15.537049,12.707424,-15.539028,12.710648
0,-15.539791,12.708971,-15.541495,12.705229,-15.537049,12.707424
0,-15.535237,12.703956,-15.541495,12.705229,-15.543260,12.701350
0,-15.533022,12.693434,-15.534496,12.699173,-15.544491,12.698646
0,-15.543260,12.701350,-15.534496,12.699173,-15.535237,12.703956
0,-15.543260,12.701350,-15.544491,12.698646,-15.534496,12.699173
0,-15.533022,12.693434,-15.549441,12.687769,-15.531425,12.686977
0,-15.549441,12.687769,-15.530559,12.680758,-15.531425,12.686977
0,-15.526359,12.652894,-15.524919,12.646303,-15.524885,12.646676
0,-15.555421,12.674628,-15.526359,12.652894,-15.527470,12.659710
0,-15.555421,12.674628,-15.541279,12.622359,-15.540886,12.622643
0,-15.527029,12.636041,-15.525600,12.639018,-15.524919,12.646303
0,-15.530559,12.680758,-15.553928,12.677909,-15.530071,12.677715
0,-15.530071,12.677715,-15.553928,12.677909,-15.529448,12.673822
0,-15.555421,12.674628,-15.528581,12.666766,-15.529448,12.673822
0,-15.555421,12.674628,-15.527470,12.659710,-15.528581,12.666766
0,-15.524919,12.646303,-15.531426,12.630647,-15.527029,12.636041
0,-15.554401,12.607020,-15.578181,12.681814,-15.555856,12.604026
0,-15.554401,12.607020,-15.550759,12.612291,-15.575079,12.680622
0,-15.550759,12.612291,-15.566827,12.677995,-15.575079,12.680622
0,-15.547112,12.615648,-15.566827,12.677995,-15.550759,12.612291
0,-15.541279,12.622359,-15.555421,12.674628,-15.543952,12.619124
0,-15.526359,12.652894,-15.555421,12.674628,-15.537630,12.624998
0,-15.527029,12.636041,-15.531426,12.630647,-15.527783,12.634468
0,-15.526359,12.652894,-15.537630,12.624998,-15.533496,12.628476
0,-15.526359,12.652894,-15.533496,12.628476,-15.531426,12.630647
0,-15.577470,12.576340,-15.559243,12.597330,-15.582617,12.573814
0,-15.564736,12.586983,-15.559243,12.597330,-15.577470,12.576340
0,-15.558282,12.599117,-15.578181,12.681814,-15.582617,12.573814
0,-15.555856,12.604026,-15.578181,12.681814,-15.558282,12.599117
0,-15.669258,12.719339,-15.690546,12.592684,-15.659623,12.716013
0,-15.678261,12.589557,-15.672697,12.585647,-15.604275,12.697966
0,-15.562252,12.590682,-15.559318,12.597034,-15.559243,12.597330
0,-15.559459,12.596487,-15.559318,12.597034,-15.562252,12.590682
0,-15.714617,12.594630,-15.696568,12.592496,-15.669258,12.719339
0,-15.649250,12.712780,-15.650843,12.713284,-15.683041,12.591746
0,-15.649250,12.712780,-15.683041,12.591746,-15.645965,12.711741
0,-15.683041,12.591746,-15.678487,12.589661,-15.639504,12.710321
0,-15.695368,12.592502,-15.696568,12.592496,-15.696001,12.592478
0,-15.684184,12.591802,-15.690546,12.592684,-15.684892,12.591837
0,-15.669258,12.719339,-15.696568,12.592496,-15.695368,12.592502
0,-15.713105,12.594247,-15.704576,12.592743,-15.696568,12.592496
0,-15.690546,12.592684,-15.669258,12.719339,-15.695368,12.592502
0,-15.745488,12.602193,-15.742923,12.601954,-15.739087,12.602084
0,-15.701833,12.734327,-15.739087,12.602084,-15.736895,12.602150
0,-15.701833,12.734327,-15.736895,12.602150,-15.697805,12.731706
0,-15.728666,12.599301,-15.726106,12.598591,-15.732080,12.600608
0,-15.770503,12.600563,-15.766547,12.601292,-15.813681,12.708377
0,-15.766547,12.601292,-15.763216,12.601706,-15.813681,12.708377
0,-15.739087,12.602084,-15.742923,12.601954,-15.740670,12.601780
0,-15.786225,12.590343,-15.844206,12.588716,-15.836253,12.582737
0,-15.783674,12.592683,-15.844206,12.588716,-15.786225,12.590343
0,-15.815360,12.707654,-15.772525,12.599685,-15.770503,12.600563
0,-15.817348,12.706943,-15.818214,12.706634,-15.772525,12.599685
0,-15.734519,12.601738,-15.726106,12.598591,-15.682553,12.724090
0,-15.719034,12.595739,-15.714617,12.594630,-15.723423,12.597342
0,-15.721045,12.596272,-15.719034,12.595739,-15.723423,12.597342
0,-15.714617,12.594630,-15.726106,12.598591,-15.723423,12.597342
0,-15.713105,12.594247,-15.696568,12.592496,-15.714617,12.594630
0,-15.713105,12.594247,-15.710132,12.593494,-15.704576,12.592743
0,-15.667775,12.561565,-15.667367,12.559084,-15.664345,12.553630
0,-15.792018,12.582768,-15.790896,12.584588,-15.830685,12.577988
0,-15.788591,12.587525,-15.836253,12.582737,-15.790896,12.584588
0,-15.582617,12.573814,-15.578181,12.681814,-15.668121,12.582235
0,-15.595494,12.564319,-15.668121,12.582235,-15.667237,12.579462
0,-15.609297,12.550794,-15.603767,12.556327,-15.666641,12.575253
0,-15.794652,12.578476,-15.793077,12.581052,-15.830685,12.577988
0,-15.793077,12.581052,-15.792851,12.581418,-15.830685,12.577988
0,-15.792851,12.581418,-15.792018,12.582768,-15.830685,12.577988
0,-15.798105,12.573013,-15.797863,12.573203,-15.797165,12.574375
0,-15.666641,12.575253,-15.667816,12.564487,-15.662685,12.552103
0,-15.664345,12.553630,-15.662685,12.552103,-15.667775,12.561565
0,-15.666396,12.555826,-15.667367,12.559084,-15.667082,12.557356
0,-15.609297,12.550794,-15.666641,12.575253,-15.612117,12.548587
0,-15.664345,12.553630,-15.667367,12.559084,-15.666396,12.555826
0,-15.662685,12.552103,-15.667816,12.564487,-15.667775,12.561565
0,-15.662685,12.552103,-15.660324,12.549090,-15.666641,12.575253
0,-15.666641,12.575253,-15.638200,12.538764,-15.633622,12.538680
0,-15.666641,12.575253,-15.633622,12.538680,-15.612117,12.548587
0,-15.633622,12.538680,-15.628361,12.538692,-15.621354,12.541579
0,-15.633622,12.538680,-15.621354,12.541579,-15.612117,12.548587
0,-15.660324,12.549090,-15.642683,12.539328,-15.666641,12.575253
0,-15.659072,12.547719,-15.642683,12.539328,-15.660324,12.549090
0,-15.657409,12.545896,-15.642683,12.539328,-15.659072,12.547719
0,-15.657409,12.545896,-15.654576,12.542840,-15.649407,12.540652
0,-15.582617,12.573814,-15.668121,12.582235,-15.585652,12.571798
0,-15.564736,12.586983,-15.577470,12.576340,-15.565457,12.585909
0,-15.577470,12.576340,-15.573333,12.578370,-15.565457,12.585909
0,-15.573333,12.578370,-15.568313,12.581769,-15.565457,12.585909
0,-15.585652,12.571798,-15.668121,12.582235,-15.592966,12.566334
0,-15.602299,12.557796,-15.595494,12.564319,-15.667237,12.579462
0,-15.592966,12.566334,-15.668121,12.582235,-15.595494,12.564319
0,-15.666641,12.575253,-15.603767,12.556327,-15.667237,12.579462
0,-15.603767,12.556327,-15.602299,12.557796,-15.667237,12.579462
