0,0,0,3,0,13,18,24,6,0,0,0,0,0,0,0,0,70,0,
0.0,-16.10261,14.34432
0.0,-16.11556,14.293731
0.0,-16.123369,14.271201
0.0,-16.124641,14.25731
0.0,-16.12031,14.232351
0.0,-16.11621,14.205311
0.0,-16.11154,14.19124
0.0,-16.103461,14.190401
0.0,-16.088979,14.18892
0.0,-16.07757,14.187179
0.0,-16.0659,14.182661
0.0,-16.0594,14.174851
0.0,-16.052381,14.16242
0.0,-16.048139,14.143262
0.0,-16.05153,14.13846
0.0,-16.078119,14.119231
0.0,-16.08097,14.11944
0.0,-16.085929,14.117309
0.0,-16.089911,14.11264
0.0,-16.09462,14.10982
0.0,-16.100799,14.110449
0.0,-16.108901,14.113841
0.0,-16.113881,14.114251
0.0,-16.121001,14.114422
0.0,-16.126261,14.117831
0.0,-16.126341,14.125701
0.0,-16.124741,14.131032
0.0,-16.12764,14.136099
0.0,-16.131469,14.139062
0.0,-16.13811,14.139
0.0,-16.14451,14.138469
0.0,-16.14812,14.143059
0.0,-16.14892,14.150692
0.0,-16.148061,14.158562
0.0,-16.148581,14.162949
0.0,-16.152879,14.165452
0.0,-16.16118,14.165372
0.0,-16.165879,14.16116
0.0,-16.173141,14.15275
0.0,-16.1797,14.145281
0.0,-16.184429,14.14408
0.0,-16.19154,14.14377
0.0,-16.199401,14.146929
0.0,-16.202769,14.150831
0.0,-16.206409,14.15819
0.0,-16.207938,14.16743
0.0,-16.212239,14.17016
0.0,-16.221451,14.16567
0.0,-16.230659,14.162341
0.0,-16.24179,14.161071
0.0,-16.2542,14.166951
0.0,-16.261781,14.165711
0.0,-16.26475,14.156431
0.0,-16.264099,14.134599
0.0,-16.267691,14.137338
0.0,-16.27608,14.144892
0.0,-16.28498,14.154751
0.0,-16.293819,14.15974
0.0,-16.316138,14.162051
0.0,-16.33343,14.159551
0.0,-16.34382,14.156192
0.0,-16.355672,14.155141
0.0,-16.36488,14.1518
0.0,-16.3647,14.154402
0.0,-16.36477,14.16018
0.0,-16.36338,14.162512
0.0,-16.360791,14.163931
0.0,-16.356069,14.16629
0.0,-16.35396,14.168171
0.0,-16.35352,14.170721
0.0,-16.356889,14.174609
0.0,-16.360319,14.1836
0.0,-16.361399,14.194
0.0,-16.357839,14.23265
0.0,-16.34161,14.234252
0.0,-16.333389,14.24082
0.0,-16.315571,14.2586
0.0,-16.301251,14.27217
0.0,-16.29048,14.284322
0.0,-16.277069,14.29487
0.0,-16.267649,14.301222
0.0,-16.264399,14.307271
0.0,-16.25887,14.32144
0.0,-16.255889,14.33026
0.0,-16.25451,14.33444
0.0,-16.251459,14.337251
0.0,-16.24437,14.3401
0.0,-16.23488,14.340899
0.0,-16.217479,14.33483
0.0,-16.209641,14.33468
0.0,-16.201869,14.340311
0.0,-16.18839,14.344849
0.0,-16.169669,14.348051
0.0,-16.152831,14.349841
0.0,-16.135799,14.355561
0.0,-16.11709,14.36014
0.0,-16.102369,14.360521
0.0,-16.09524,14.360131
0.0,-16.08995,14.35833
0.0,-16.10261,14.34432
