0,0,0,9,4,27,19,77,22,0,0,0,0,0,0,0,0,38,60,
0.0,-16.822915,14.15486
0.0,-16.822915,14.154582
0.0,-16.822083,14.154582
0.0,-16.822083,14.154029
0.0,-16.821805,14.154029
0.0,-16.821805,14.153751
0.0,-16.822083,14.153751
0.0,-16.822083,14.153472
0.0,-16.821805,14.153472
0.0,-16.821805,14.152916
0.0,-16.821527,14.152916
0.0,-16.821527,14.152488
0.0,-16.821527,14.15236
0.0,-16.821252,14.15236
0.0,-16.821252,14.152085
0.0,-16.820973,14.152085
0.0,-16.820973,14.151806
0.0,-16.820693,14.151806
0.0,-16.820693,14.15125
0.0,-16.820417,14.15125
0.0,-16.820417,14.150972
0.0,-16.820139,14.150972
0.0,-16.820139,14.150694
0.0,-16.819864,14.150694
0.0,-16.819861,14.150138
0.0,-16.819647,14.150138
0.0,-16.819583,14.149582
0.0,-16.819861,14.149582
0.0,-16.819861,14.149862
0.0,-16.820139,14.149862
0.0,-16.820139,14.150138
0.0,-16.821252,14.150138
0.0,-16.821252,14.150416
0.0,-16.821527,14.150416
0.0,-16.821527,14.150694
0.0,-16.824862,14.150694
0.0,-16.824855,14.152638
0.0,-16.825137,14.152638
0.0,-16.825137,14.152729
0.0,-16.825137,14.153472
0.0,-16.824862,14.153472
0.0,-16.824862,14.154029
0.0,-16.824584,14.154029
0.0,-16.824584,14.154304
0.0,-16.824306,14.154304
0.0,-16.824306,14.154582
0.0,-16.824028,14.154582
0.0,-16.824028,14.15486
0.0,-16.822915,14.15486
1.0,-16.777219,14.490231
1.0,-16.767959,14.474621
1.0,-16.73312,14.48062
1.0,-16.706989,14.48095
1.0,-16.69535,14.48157
1.0,-16.69065,14.485331
1.0,-16.677839,14.503999
1.0,-16.67053,14.507559
1.0,-16.660299,14.507229
1.0,-16.62848,14.491651
1.0,-16.61439,14.486511
1.0,-16.606299,14.485679
1.0,-16.579349,14.495721
1.0,-16.561622,14.50265
1.0,-16.550039,14.50765
1.0,-16.54033,14.51031
1.0,-16.535981,14.511561
1.0,-16.54208,14.487639
1.0,-16.59355,14.446061
1.0,-16.61261,14.45023
1.0,-16.63643,14.42077
1.0,-16.66986,14.41643
1.0,-16.695471,14.39597
1.0,-16.70249,14.369001
1.0,-16.729019,14.267081
1.0,-16.755979,14.244059
1.0,-16.75492,14.236431
1.0,-16.742469,14.21206
1.0,-16.737851,14.204712
1.0,-16.731408,14.202241
1.0,-16.729241,14.19973
1.0,-16.72783,14.184241
1.0,-16.749532,14.175161
1.0,-16.757039,14.169281
1.0,-16.7593,14.16162
1.0,-16.761039,14.150949
1.0,-16.758069,14.142191
1.0,-16.75799,14.136871
1.0,-16.7771,14.129681
1.0,-16.78249,14.124981
1.0,-16.780911,14.114351
1.0,-16.773171,14.10381
1.0,-16.755619,14.086901
1.0,-16.76402,14.04491
1.0,-16.772918,14.036013
1.0,-16.772918,14.037918
1.0,-16.773196,14.037918
1.0,-16.773196,14.039028
1.0,-16.773472,14.039028
1.0,-16.773472,14.048195
1.0,-16.77375,14.048195
1.0,-16.77375,14.054305
1.0,-16.774028,14.054305
1.0,-16.774028,14.054861
1.0,-16.774306,14.054861
1.0,-16.774306,14.055417
1.0,-16.774584,14.055417
1.0,-16.774584,14.055971
1.0,-16.77486,14.055971
1.0,-16.77486,14.057083
1.0,-16.775138,14.057083
1.0,-16.775138,14.058749
1.0,-16.775418,14.058749
1.0,-16.775418,14.060696
1.0,-16.775694,14.060696
1.0,-16.775694,14.061806
1.0,-16.775972,14.061806
1.0,-16.775972,14.062362
1.0,-16.77625,14.062362
1.0,-16.77625,14.063194
1.0,-16.776528,14.063194
1.0,-16.776528,14.063472
1.0,-16.776806,14.063472
1.0,-16.776806,14.06375
1.0,-16.777082,14.06375
1.0,-16.777082,14.065416
1.0,-16.77736,14.065416
1.0,-16.77736,14.065972
1.0,-16.77764,14.065972
1.0,-16.77764,14.066806
1.0,-16.777916,14.066806
1.0,-16.777916,14.06736
1.0,-16.778194,14.06736
1.0,-16.778194,14.067916
1.0,-16.778472,14.067916
1.0,-16.778472,14.069582
1.0,-16.77875,14.069582
1.0,-16.77875,14.069862
1.0,-16.779028,14.069862
1.0,-16.779028,14.070138
1.0,-16.779306,14.070138
1.0,-16.779306,14.07125
1.0,-16.779582,14.07125
1.0,-16.779582,14.075695
1.0,-16.779862,14.075695
1.0,-16.779862,14.077083
1.0,-16.780138,14.077083
1.0,-16.780138,14.078749
1.0,-16.780416,14.078749
1.0,-16.780416,14.080139
1.0,-16.780694,14.080139
1.0,-16.780694,14.080973
1.0,-16.780972,14.080973
1.0,-16.780972,14.082083
1.0,-16.78125,14.082083
1.0,-16.78125,14.083195
1.0,-16.781528,14.083195
1.0,-16.781528,14.084583
1.0,-16.781804,14.084583
1.0,-16.781804,14.085693
1.0,-16.782085,14.085693
1.0,-16.782085,14.087084
1.0,-16.782363,14.087084
1.0,-16.782363,14.088196
1.0,-16.782638,14.088196
1.0,-16.782638,14.089306
1.0,-16.782916,14.089306
1.0,-16.782916,14.089862
1.0,-16.783195,14.089862
1.0,-16.783195,14.090694
1.0,-16.783473,14.090694
1.0,-16.783473,14.091528
1.0,-16.783751,14.091528
1.0,-16.783751,14.092084
1.0,-16.784026,14.092084
1.0,-16.784026,14.094028
1.0,-16.784304,14.094028
1.0,-16.784304,14.094584
1.0,-16.784585,14.094584
1.0,-16.784585,14.095416
1.0,-16.784861,14.095416
1.0,-16.784861,14.095972
1.0,-16.785139,14.095972
1.0,-16.785139,14.096806
1.0,-16.785417,14.096806
1.0,-16.785417,14.097362
1.0,-16.785695,14.097362
1.0,-16.785695,14.09875
1.0,-16.785973,14.09875
1.0,-16.785973,14.099585
1.0,-16.786249,14.099585
1.0,-16.786249,14.100416
1.0,-16.786527,14.100416
1.0,-16.786527,14.100973
1.0,-16.786807,14.100973
1.0,-16.786807,14.101529
1.0,-16.787083,14.101529
1.0,-16.787083,14.102083
1.0,-16.787361,14.102083
1.0,-16.787361,14.102361
1.0,-16.787639,14.102361
1.0,-16.787639,14.102917
1.0,-16.787917,14.102917
1.0,-16.787917,14.103473
1.0,-16.788195,14.103473
1.0,-16.788195,14.104305
1.0,-16.788473,14.104305
1.0,-16.788473,14.104861
1.0,-16.788749,14.104861
1.0,-16.788749,14.105139
1.0,-16.789029,14.105139
1.0,-16.789029,14.105417
1.0,-16.789305,14.105417
1.0,-16.789305,14.105973
1.0,-16.789583,14.105973
1.0,-16.789583,14.107917
1.0,-16.789861,14.107917
1.0,-16.789861,14.108751
1.0,-16.790139,14.108751
1.0,-16.790139,14.109305
1.0,-16.790417,14.109305
1.0,-16.790417,14.109861
1.0,-16.790695,14.109861
1.0,-16.790695,14.110417
1.0,-16.790971,14.110417
1.0,-16.790971,14.110973
1.0,-16.791251,14.110973
1.0,-16.791251,14.111527
1.0,-16.791529,14.111527
1.0,-16.791529,14.111805
1.0,-16.791805,14.111805
1.0,-16.791805,14.112361
1.0,-16.792083,14.112361
1.0,-16.792083,14.112918
1.0,-16.792361,14.112918
1.0,-16.792361,14.113471
1.0,-16.792639,14.113471
1.0,-16.792639,14.113749
1.0,-16.792917,14.113749
1.0,-16.792917,14.114306
1.0,-16.793193,14.114306
1.0,-16.793193,14.11625
1.0,-16.793471,14.11625
1.0,-16.793471,14.116806
1.0,-16.793751,14.116806
1.0,-16.793751,14.117084
1.0,-16.794305,14.117084
1.0,-16.794305,14.117638
1.0,-16.794583,14.117638
1.0,-16.794583,14.117918
1.0,-16.794861,14.117918
1.0,-16.794861,14.118194
1.0,-16.795139,14.118194
1.0,-16.795139,14.118472
1.0,-16.795415,14.118472
1.0,-16.795415,14.119028
1.0,-16.795693,14.119028
1.0,-16.795693,14.11986
1.0,-16.795974,14.119862
1.0,-16.795974,14.120416
1.0,-16.796249,14.120416
1.0,-16.796249,14.120694
1.0,-16.796527,14.120694
1.0,-16.796527,14.12125
1.0,-16.796806,14.12125
1.0,-16.796806,14.121528
1.0,-16.797084,14.121528
1.0,-16.797084,14.122084
1.0,-16.797362,14.122084
1.0,-16.797362,14.122916
1.0,-16.797637,14.122916
1.0,-16.797637,14.124582
1.0,-16.797915,14.124582
1.0,-16.797915,14.12486
1.0,-16.798196,14.12486
1.0,-16.798196,14.125138
1.0,-16.799306,14.125138
1.0,-16.799306,14.125694
1.0,-16.799584,14.125694
1.0,-16.799584,14.126251
1.0,-16.799862,14.126251
1.0,-16.799862,14.126529
1.0,-16.800138,14.126529
1.0,-16.800138,14.127085
1.0,-16.800418,14.127085
1.0,-16.800418,14.127638
1.0,-16.800694,14.127638
1.0,-16.800694,14.127917
1.0,-16.800972,14.127917
1.0,-16.800972,14.128473
1.0,-16.80125,14.128473
1.0,-16.80125,14.129026
1.0,-16.801528,14.129026
1.0,-16.801528,14.129583
1.0,-16.802084,14.129583
1.0,-16.802084,14.129861
1.0,-16.80236,14.129861
1.0,-16.80236,14.130417
1.0,-16.802084,14.130417
1.0,-16.802084,14.132083
1.0,-16.801806,14.132083
1.0,-16.801806,14.132917
1.0,-16.802918,14.132917
1.0,-16.802918,14.133195
1.0,-16.803472,14.133195
1.0,-16.803472,14.133473
1.0,-16.804028,14.133473
1.0,-16.804028,14.133749
1.0,-16.80486,14.133749
1.0,-16.80486,14.134027
1.0,-16.80514,14.134027
1.0,-16.80514,14.134583
1.0,-16.805416,14.134583
1.0,-16.805416,14.134861
1.0,-16.805694,14.134861
1.0,-16.805694,14.135417
1.0,-16.806528,14.135417
1.0,-16.806528,14.137083
1.0,-16.806804,14.137083
1.0,-16.806804,14.137639
1.0,-16.807082,14.137639
1.0,-16.807082,14.137917
1.0,-16.807638,14.137917
1.0,-16.807638,14.138193
1.0,-16.807916,14.138193
1.0,-16.807916,14.138474
1.0,-16.808472,14.138474
1.0,-16.808472,14.137083
1.0,-16.809029,14.137083
1.0,-16.809029,14.136805
1.0,-16.809585,14.136805
1.0,-16.809585,14.136527
1.0,-16.810138,14.136527
1.0,-16.810138,14.136805
1.0,-16.810417,14.136805
1.0,-16.810417,14.137083
1.0,-16.810973,14.137083
1.0,-16.810973,14.137361
1.0,-16.811807,14.137361
1.0,-16.811807,14.137639
1.0,-16.812639,14.137639
1.0,-16.812639,14.137917
1.0,-16.812917,14.137917
1.0,-16.812917,14.138193
1.0,-16.813195,14.138193
1.0,-16.813195,14.138474
1.0,-16.813749,14.138474
1.0,-16.813749,14.138749
1.0,-16.814027,14.138749
1.0,-16.814027,14.139027
1.0,-16.814307,14.139027
1.0,-16.814307,14.139305
1.0,-16.814861,14.139305
1.0,-16.814861,14.139583
1.0,-16.815695,14.139583
1.0,-16.815695,14.139861
1.0,-16.815971,14.139861
1.0,-16.815971,14.14014
1.0,-16.816249,14.14014
1.0,-16.816249,14.140418
1.0,-16.816529,14.140418
1.0,-16.816529,14.140696
1.0,-16.817083,14.140696
1.0,-16.817083,14.140971
1.0,-16.817361,14.140971
1.0,-16.817361,14.141528
1.0,-16.817639,14.141528
1.0,-16.817639,14.144028
1.0,-16.817917,14.144028
1.0,-16.817917,14.144862
1.0,-16.817639,14.144862
1.0,-16.817639,14.145138
1.0,-16.817361,14.145138
1.0,-16.817361,14.145694
1.0,-16.817083,14.145694
1.0,-16.817083,14.145972
1.0,-16.816529,14.145972
1.0,-16.816529,14.14625
1.0,-16.815695,14.14625
1.0,-16.815695,14.146528
1.0,-16.814583,14.146528
1.0,-16.814583,14.146806
1.0,-16.814307,14.146806
1.0,-16.814307,14.14736
1.0,-16.813749,14.14736
1.0,-16.813749,14.149306
1.0,-16.816805,14.149306
1.0,-16.816805,14.149582
1.0,-16.817361,14.149584
1.0,-16.817361,14.150694
1.0,-16.817639,14.150694
1.0,-16.817639,14.15125
1.0,-16.817917,14.15125
1.0,-16.817917,14.151806
1.0,-16.818195,14.151806
1.0,-16.818195,14.152085
1.0,-16.818471,14.152085
1.0,-16.818471,14.15236
1.0,-16.818751,14.15236
1.0,-16.818751,14.152638
1.0,-16.819027,14.152638
1.0,-16.819027,14.152916
1.0,-16.819305,14.152916
1.0,-16.819305,14.153194
1.0,-16.819583,14.153194
1.0,-16.819583,14.153472
1.0,-16.819861,14.153472
1.0,-16.819861,14.154304
1.0,-16.820139,14.154304
1.0,-16.820139,14.15486
1.0,-16.820417,14.15486
1.0,-16.820417,14.155695
1.0,-16.820139,14.155695
1.0,-16.820139,14.157361
1.0,-16.820417,14.157361
1.0,-16.820417,14.157639
1.0,-16.820693,14.157639
1.0,-16.820693,14.158195
1.0,-16.820973,14.158195
1.0,-16.820973,14.158749
1.0,-16.821252,14.158749
1.0,-16.821252,14.159029
1.0,-16.822361,14.159029
1.0,-16.822361,14.158749
1.0,-16.82264,14.158749
1.0,-16.82264,14.158473
1.0,-16.822915,14.158473
1.0,-16.822915,14.158195
1.0,-16.823474,14.158195
1.0,-16.823474,14.157917
1.0,-16.823749,14.157917
1.0,-16.823749,14.157361
1.0,-16.824028,14.157361
1.0,-16.824028,14.157083
1.0,-16.824306,14.157083
1.0,-16.824306,14.156527
1.0,-16.824584,14.156527
1.0,-16.824584,14.155973
1.0,-16.824862,14.155973
1.0,-16.824862,14.155417
1.0,-16.825137,14.155417
1.0,-16.825137,14.15486
1.0,-16.827084,14.15486
1.0,-16.827084,14.155139
1.0,-16.82736,14.155139
1.0,-16.827362,14.155417
1.0,-16.828194,14.155417
1.0,-16.828194,14.155139
1.0,-16.828472,14.155139
1.0,-16.828472,14.15486
1.0,-16.82875,14.15486
1.0,-16.82875,14.154582
1.0,-16.829028,14.154582
1.0,-16.829028,14.154029
1.0,-16.829306,14.154029
1.0,-16.829306,14.15301
1.0,-16.829306,14.15125
1.0,-16.829028,14.15125
1.0,-16.829028,14.150972
1.0,-16.82875,14.150972
1.0,-16.82875,14.150416
1.0,-16.828472,14.150416
1.0,-16.828472,14.149862
1.0,-16.828194,14.149862
1.0,-16.828194,14.149582
1.0,-16.827918,14.149582
1.0,-16.827918,14.149028
1.0,-16.827638,14.149028
1.0,-16.827638,14.147916
1.0,-16.827362,14.147916
1.0,-16.827362,14.14736
1.0,-16.827084,14.14736
1.0,-16.827084,14.147084
1.0,-16.826806,14.147084
1.0,-16.826806,14.146806
1.0,-16.82625,14.146806
1.0,-16.82625,14.145694
1.0,-16.826528,14.145694
1.0,-16.826528,14.145138
1.0,-16.82625,14.145138
1.0,-16.82625,14.144862
1.0,-16.825972,14.144862
1.0,-16.825972,14.144584
1.0,-16.825696,14.144584
1.0,-16.825696,14.144028
1.0,-16.825416,14.144028
1.0,-16.825416,14.14375
1.0,-16.825137,14.14375
1.0,-16.825137,14.143472
1.0,-16.825696,14.143472
1.0,-16.825696,14.14375
1.0,-16.82625,14.14375
1.0,-16.82625,14.144028
1.0,-16.826528,14.144028
1.0,-16.826528,14.144306
1.0,-16.826806,14.144306
1.0,-16.826806,14.144862
1.0,-16.827084,14.144862
1.0,-16.827084,14.145138
1.0,-16.827638,14.145138
1.0,-16.827638,14.14625
1.0,-16.827918,14.14625
1.0,-16.827918,14.146528
1.0,-16.828194,14.146528
1.0,-16.828194,14.146806
1.0,-16.828472,14.146806
1.0,-16.828472,14.147084
1.0,-16.82875,14.147084
1.0,-16.82875,14.14764
1.0,-16.829028,14.14764
1.0,-16.829028,14.147916
1.0,-16.829584,14.147916
1.0,-16.829584,14.148194
1.0,-16.82986,14.148194
1.0,-16.82986,14.148472
1.0,-16.830694,14.148472
1.0,-16.830694,14.149028
1.0,-16.83125,14.149028
1.0,-16.83125,14.149306
1.0,-16.831528,14.149306
1.0,-16.831528,14.149582
1.0,-16.831806,14.149584
1.0,-16.831806,14.150694
1.0,-16.832362,14.150694
1.0,-16.832362,14.150972
1.0,-16.83264,14.150972
1.0,-16.83264,14.15125
1.0,-16.833194,14.15125
1.0,-16.833194,14.151528
1.0,-16.833472,14.151528
1.0,-16.833472,14.151806
1.0,-16.83375,14.151806
1.0,-16.83375,14.152085
1.0,-16.834304,14.152085
1.0,-16.834304,14.152638
1.0,-16.834582,14.152638
1.0,-16.834582,14.153194
1.0,-16.834863,14.153194
1.0,-16.834863,14.153386
1.0,-16.834863,14.153472
1.0,-16.835143,14.153404
1.0,-16.835138,14.153751
1.0,-16.835416,14.153751
1.0,-16.835416,14.154029
1.0,-16.835694,14.154029
1.0,-16.835694,14.154304
1.0,-16.835972,14.154304
1.0,-16.835972,14.154582
1.0,-16.836251,14.154582
1.0,-16.836251,14.15486
1.0,-16.836526,14.15486
1.0,-16.836526,14.155139
1.0,-16.836804,14.155139
1.0,-16.836804,14.155417
1.0,-16.837085,14.155417
1.0,-16.837085,14.155695
1.0,-16.83736,14.155695
1.0,-16.83736,14.155973
1.0,-16.837639,14.155973
1.0,-16.837639,14.156251
1.0,-16.837917,14.156251
1.0,-16.837917,14.156527
1.0,-16.838751,14.156527
1.0,-16.838751,14.156807
1.0,-16.839027,14.156807
1.0,-16.839027,14.157083
1.0,-16.839307,14.157083
1.0,-16.839307,14.157361
1.0,-16.839861,14.157361
1.0,-16.839861,14.157639
1.0,-16.840139,14.157639
1.0,-16.840139,14.158195
1.0,-16.840695,14.158195
1.0,-16.840695,14.158473
1.0,-16.840973,14.158473
1.0,-16.840973,14.158749
1.0,-16.841249,14.158749
1.0,-16.841249,14.159305
1.0,-16.841529,14.159305
1.0,-16.841529,14.159583
1.0,-16.841807,14.159583
1.0,-16.841807,14.159861
1.0,-16.842083,14.159861
1.0,-16.842083,14.160417
1.0,-16.842639,14.160417
1.0,-16.842639,14.160695
1.0,-16.842917,14.160695
1.0,-16.842917,14.161251
1.0,-16.843195,14.161251
1.0,-16.843195,14.161527
1.0,-16.843471,14.161527
1.0,-16.843471,14.162083
1.0,-16.844029,14.162083
1.0,-16.844029,14.162361
1.0,-16.845139,14.162361
1.0,-16.845139,14.162639
1.0,-16.845417,14.162639
1.0,-16.845417,14.162917
1.0,-16.845693,14.162917
1.0,-16.845693,14.163471
1.0,-16.845971,14.163471
1.0,-16.845971,14.164027
1.0,-16.846251,14.164027
1.0,-16.846251,14.164305
1.0,-16.846527,14.164305
1.0,-16.846527,14.164583
1.0,-16.846805,14.164583
1.0,-16.846805,14.165139
1.0,-16.847083,14.165139
1.0,-16.847083,14.165417
1.0,-16.847361,14.165417
1.0,-16.847361,14.165971
1.0,-16.847639,14.165974
1.0,-16.847639,14.166527
1.0,-16.848193,14.166527
1.0,-16.848193,14.166805
1.0,-16.848474,14.166805
1.0,-16.848474,14.167083
1.0,-16.848749,14.167083
1.0,-16.848749,14.16764
1.0,-16.849027,14.16764
1.0,-16.849027,14.168196
1.0,-16.849305,14.168196
1.0,-16.849305,14.16875
1.0,-16.849583,14.16875
1.0,-16.849583,14.169306
1.0,-16.85014,14.169306
1.0,-16.85014,14.169584
1.0,-16.850415,14.169584
1.0,-16.850415,14.169862
1.0,-16.850696,14.169862
1.0,-16.850696,14.170694
1.0,-16.850974,14.170694
1.0,-16.850974,14.170972
1.0,-16.85125,14.170972
1.0,-16.85125,14.17125
1.0,-16.851528,14.17125
1.0,-16.851528,14.173194
1.0,-16.851806,14.173194
1.0,-16.851806,14.174028
1.0,-16.852084,14.174028
1.0,-16.852084,14.174584
1.0,-16.852362,14.174584
1.0,-16.852362,14.175138
1.0,-16.852638,14.175138
1.0,-16.852638,14.175416
1.0,-16.852916,14.175416
1.0,-16.852916,14.175694
1.0,-16.853196,14.175694
1.0,-16.853196,14.17625
1.0,-16.853472,14.17625
1.0,-16.853472,14.176806
1.0,-16.85375,14.176806
1.0,-16.85375,14.177362
1.0,-16.854306,14.177362
1.0,-16.854306,14.177638
1.0,-16.854584,14.177638
1.0,-16.854584,14.177916
1.0,-16.85486,14.177916
1.0,-16.85486,14.179028
1.0,-16.855138,14.179028
1.0,-16.855138,14.179306
1.0,-16.855694,14.179306
1.0,-16.855694,14.179585
1.0,-16.85625,14.179585
1.0,-16.85625,14.17986
1.0,-16.856528,14.17986
1.0,-16.856528,14.180416
1.0,-16.856806,14.180416
1.0,-16.856806,14.180694
1.0,-16.857082,14.180694
1.0,-16.857084,14.180973
1.0,-16.85736,14.180973
1.0,-16.85736,14.181251
1.0,-16.858194,14.181251
1.0,-16.858194,14.181529
1.0,-16.858472,14.181529
1.0,-16.858472,14.181807
1.0,-16.85875,14.181807
1.0,-16.85875,14.181529
1.0,-16.859306,14.181529
1.0,-16.859306,14.181807
1.0,-16.860138,14.181807
1.0,-16.860138,14.182082
1.0,-16.860416,14.182082
1.0,-16.860416,14.182361
1.0,-16.860694,14.182361
1.0,-16.860694,14.182639
1.0,-16.860972,14.182639
1.0,-16.860972,14.182917
1.0,-16.86125,14.182917
1.0,-16.86125,14.183195
1.0,-16.861804,14.183195
1.0,-16.861804,14.183473
1.0,-16.862638,14.183473
1.0,-16.862638,14.183751
1.0,-16.862916,14.183751
1.0,-16.862916,14.184027
1.0,-16.863194,14.184027
1.0,-16.863194,14.184305
1.0,-16.864026,14.184305
1.0,-16.864026,14.184583
1.0,-16.864304,14.184583
1.0,-16.864304,14.184861
1.0,-16.865139,14.184861
1.0,-16.865139,14.185139
1.0,-16.865417,14.185139
1.0,-16.865417,14.185417
1.0,-16.865695,14.185417
1.0,-16.865695,14.185695
1.0,-16.866527,14.185695
1.0,-16.866527,14.185973
1.0,-16.867083,14.185973
1.0,-16.867083,14.190417
1.0,-16.866807,14.190417
1.0,-16.866807,14.191527
1.0,-16.867083,14.191527
1.0,-16.867083,14.192083
1.0,-16.867361,14.192083
1.0,-16.867361,14.192639
1.0,-16.867639,14.192639
1.0,-16.867639,14.19514
1.0,-16.867917,14.19514
1.0,-16.867917,14.197084
1.0,-16.868195,14.197084
1.0,-16.868195,14.197362
1.0,-16.868473,14.197362
1.0,-16.868473,14.197638
1.0,-16.868195,14.197638
1.0,-16.868195,14.199028
1.0,-16.868473,14.199028
1.0,-16.868473,14.20014
1.0,-16.868749,14.20014
1.0,-16.868749,14.200694
1.0,-16.869029,14.200694
1.0,-16.869029,14.202084
1.0,-16.868749,14.202084
1.0,-16.868749,14.205694
1.0,-16.869029,14.205694
1.0,-16.869029,14.20625
1.0,-16.869305,14.20625
1.0,-16.869305,14.209861
1.0,-16.869583,14.209861
1.0,-16.869583,14.212083
1.0,-16.869861,14.212083
1.0,-16.869861,14.215417
1.0,-16.870139,14.215417
1.0,-16.870139,14.215695
1.0,-16.870417,14.215695
1.0,-16.870417,14.215971
1.0,-16.870695,14.215971
1.0,-16.870695,14.216251
1.0,-16.870971,14.216251
1.0,-16.870971,14.219027
1.0,-16.871251,14.219027
1.0,-16.871251,14.219861
1.0,-16.870971,14.219861
1.0,-16.870971,14.220971
1.0,-16.871251,14.220971
1.0,-16.871251,14.221527
1.0,-16.871529,14.221527
1.0,-16.871529,14.222362
1.0,-16.871805,14.222362
1.0,-16.871805,14.223194
1.0,-16.872083,14.223194
1.0,-16.872083,14.224028
1.0,-16.872361,14.224028
1.0,-16.872361,14.224584
1.0,-16.872639,14.224584
1.0,-16.872639,14.225138
1.0,-16.872917,14.225138
1.0,-16.872917,14.225418
1.0,-16.873193,14.225418
1.0,-16.873193,14.22625
1.0,-16.873471,14.22625
1.0,-16.873471,14.22764
1.0,-16.873751,14.22764
1.0,-16.873751,14.227916
1.0,-16.874027,14.227916
1.0,-16.874027,14.228472
1.0,-16.874305,14.228472
1.0,-16.874305,14.229862
1.0,-16.874583,14.229862
1.0,-16.874583,14.230416
1.0,-16.874861,14.230416
1.0,-16.874861,14.230972
1.0,-16.875139,14.230972
1.0,-16.875139,14.231528
1.0,-16.875415,14.231528
1.0,-16.875415,14.232084
1.0,-16.875693,14.232084
1.0,-16.875693,14.23375
1.0,-16.875974,14.23375
1.0,-16.875974,14.234304
1.0,-16.876249,14.234304
1.0,-16.876249,14.23486
1.0,-16.876527,14.23486
1.0,-16.876527,14.235417
1.0,-16.876805,14.235417
1.0,-16.876805,14.235973
1.0,-16.877084,14.235973
1.0,-16.877084,14.236526
1.0,-16.877362,14.236526
1.0,-16.877362,14.237361
1.0,-16.87764,14.237361
1.0,-16.87764,14.237639
1.0,-16.877915,14.237639
1.0,-16.877915,14.237917
1.0,-16.878196,14.237917
1.0,-16.878196,14.238751
1.0,-16.878472,14.238751
1.0,-16.878472,14.239305
1.0,-16.87875,14.239305
1.0,-16.87875,14.239583
1.0,-16.879028,14.239583
1.0,-16.879028,14.239861
1.0,-16.879306,14.239861
1.0,-16.879306,14.240139
1.0,-16.879584,14.240139
1.0,-16.879584,14.240417
1.0,-16.879862,14.240417
1.0,-16.879862,14.240973
1.0,-16.880138,14.240973
1.0,-16.880138,14.241527
1.0,-16.880418,14.241527
1.0,-16.880418,14.242083
1.0,-16.880696,14.242083
1.0,-16.880696,14.242639
1.0,-16.880972,14.242639
1.0,-16.880972,14.242917
1.0,-16.88125,14.242917
1.0,-16.88125,14.243471
1.0,-16.881528,14.243471
1.0,-16.881528,14.243749
1.0,-16.881806,14.243749
1.0,-16.881806,14.244027
1.0,-16.882084,14.244027
1.0,-16.882084,14.244305
1.0,-16.88236,14.244305
1.0,-16.88236,14.244583
1.0,-16.88264,14.244583
1.0,-16.88264,14.244861
1.0,-16.883194,14.244861
1.0,-16.883194,14.245139
1.0,-16.883472,14.245139
1.0,-16.883472,14.245693
1.0,-16.88375,14.245693
1.0,-16.88375,14.245973
1.0,-16.884028,14.245973
1.0,-16.884028,14.246249
1.0,-16.884306,14.246249
1.0,-16.884306,14.246527
1.0,-16.884582,14.246527
1.0,-16.884582,14.246805
1.0,-16.88486,14.246805
1.0,-16.88486,14.247083
1.0,-16.88514,14.247083
1.0,-16.88514,14.247361
1.0,-16.885416,14.247361
1.0,-16.885416,14.24764
1.0,-16.885694,14.24764
1.0,-16.885694,14.247915
1.0,-16.885972,14.247915
1.0,-16.885972,14.248196
1.0,-16.88625,14.248196
1.0,-16.88625,14.248471
1.0,-16.886528,14.248471
1.0,-16.886528,14.248749
1.0,-16.886804,14.248749
1.0,-16.886806,14.249028
1.0,-16.887082,14.249028
1.0,-16.887082,14.249862
1.0,-16.887362,14.249862
1.0,-16.887362,14.250418
1.0,-16.887638,14.250418
1.0,-16.887638,14.250694
1.0,-16.887916,14.250694
1.0,-16.887916,14.250972
1.0,-16.888194,14.250972
1.0,-16.888194,14.25125
1.0,-16.888472,14.25125
1.0,-16.888472,14.251528
1.0,-16.88875,14.251528
1.0,-16.88875,14.251806
1.0,-16.889028,14.251806
1.0,-16.889028,14.252084
1.0,-16.889304,14.252084
1.0,-16.889304,14.252638
1.0,-16.889585,14.252638
1.0,-16.889585,14.253194
1.0,-16.88986,14.253194
1.0,-16.889863,14.25375
1.0,-16.890138,14.25375
1.0,-16.890138,14.254028
1.0,-16.890416,14.254028
1.0,-16.890416,14.254584
1.0,-16.890695,14.254584
1.0,-16.890695,14.25486
1.0,-16.891251,14.25486
1.0,-16.891251,14.255416
1.0,-16.891526,14.255416
1.0,-16.891526,14.255694
1.0,-16.891807,14.255694
1.0,-16.891807,14.255972
1.0,-16.892085,14.255972
1.0,-16.892085,14.25625
1.0,-16.892361,14.25625
1.0,-16.892361,14.256528
1.0,-16.892917,14.256528
1.0,-16.892917,14.257082
1.0,-16.893473,14.257082
1.0,-16.893473,14.257362
1.0,-16.893749,14.257362
1.0,-16.893749,14.257638
1.0,-16.894027,14.257638
1.0,-16.894027,14.257916
1.0,-16.894307,14.257916
1.0,-16.894307,14.258194
1.0,-16.894583,14.258194
1.0,-16.894583,14.258472
1.0,-16.894861,14.258472
1.0,-16.894861,14.25875
1.0,-16.895139,14.25875
1.0,-16.895139,14.259028
1.0,-16.895417,14.259028
1.0,-16.895417,14.259306
1.0,-16.895695,14.259306
1.0,-16.895695,14.259584
1.0,-16.895971,14.259584
1.0,-16.895971,14.25986
1.0,-16.896249,14.25986
1.0,-16.896249,14.260138
1.0,-16.896529,14.260138
1.0,-16.896529,14.260416
1.0,-16.896805,14.260416
1.0,-16.896805,14.260694
1.0,-16.897083,14.260694
1.0,-16.897156,14.260972
1.0,-16.886309,14.268981
1.0,-16.87611,14.28532
1.0,-16.86497,14.30282
1.0,-16.864598,14.30999
1.0,-16.87036,14.329809
1.0,-16.87206,14.34807
1.0,-16.869309,14.371011
1.0,-16.870371,14.378861
1.0,-16.874,14.383209
1.0,-16.882171,14.389352
1.0,-16.891791,14.39755
1.0,-16.900299,14.41039
1.0,-16.91071,14.423669
1.0,-16.916241,14.42822
1.0,-16.91734,14.43815
1.0,-16.91378,14.453701
1.0,-16.908381,14.4584
1.0,-16.89871,14.462929
1.0,-16.889231,14.46491
1.0,-16.88576,14.486479
1.0,-16.882371,14.49855
1.0,-16.84882,14.533831
1.0,-16.85228,14.52094
1.0,-16.853139,14.514221
1.0,-16.84356,14.509492
1.0,-16.831619,14.505478
1.0,-16.81925,14.504719
1.0,-16.81567,14.503609
1.0,-16.81087,14.500671
1.0,-16.804662,14.498201
1.0,-16.798219,14.496899
1.0,-16.780599,14.494351
1.0,-16.777219,14.490231
