0,0,0,10,10,0,16,86,87,0,0,0,0,0,0,0,0,9,90,
0.0,-15.9867,13.15974
0.0,-15.898361,13.159421
0.0,-15.901851,13.14511
0.0,-15.91091,13.13115
0.0,-15.9186,13.122521
0.0,-15.925269,13.105811
0.0,-15.92371,13.091719
0.0,-15.914662,13.083931
0.0,-15.900962,13.081741
0.0,-15.89174,13.079981
0.0,-15.88934,13.076073
0.0,-15.89161,13.06818
0.0,-15.899539,13.05863
0.0,-15.90653,13.050932
0.0,-15.91303,13.0407
0.0,-15.921581,13.023281
0.0,-15.930549,13.001461
0.0,-15.940701,12.980089
0.0,-15.954631,12.95985
0.0,-15.960431,12.95054
0.0,-15.97234,12.939787
0.0,-15.978409,12.93465
0.0,-15.983501,12.925351
0.0,-15.983619,12.91448
0.0,-15.98544,12.908221
0.0,-15.98165,12.906642
0.0,-15.97904,12.904581
0.0,-15.96826,12.897562
0.0,-15.974001,12.889459
0.0,-15.974639,12.88607
0.0,-15.97504,12.876771
0.0,-15.972041,12.86755
0.0,-15.972499,12.86672
0.0,-15.971501,12.86095
0.0,-15.97388,12.854741
0.0,-15.98343,12.852521
0.0,-16.004241,12.859721
0.0,-16.02509,12.869462
0.0,-16.036921,12.87328
0.0,-16.047029,12.871338
0.0,-16.06136,12.866809
0.0,-16.078511,12.861779
0.0,-16.09098,12.86027
0.0,-16.102079,12.862251
0.0,-16.11345,12.86768
0.0,-16.12798,12.880261
0.0,-16.14129,12.89007
0.0,-16.166349,12.896062
0.0,-16.210979,12.903002
0.0,-16.227069,12.90769
0.0,-16.235919,12.918689
0.0,-16.249539,12.933349
0.0,-16.26089,12.936701
0.0,-16.26746,12.93408
0.0,-16.270229,12.929201
0.0,-16.272021,12.921322
0.0,-16.276171,12.913181
0.0,-16.28408,12.90454
0.0,-16.29174,12.89521
0.0,-16.292788,12.884559
0.0,-16.288741,12.861709
0.0,-16.288791,12.84668
0.0,-16.30593,12.860601
0.0,-16.317779,12.86556
0.0,-16.331231,12.8668
0.0,-16.338091,12.869271
0.0,-16.34285,12.87268
0.0,-16.348142,12.881179
0.0,-16.35621,12.88571
0.0,-16.357479,12.911371
0.0,-16.35494,12.91556
0.0,-16.349819,12.921401
0.0,-16.344048,12.93117
0.0,-16.34272,12.937891
0.0,-16.343531,12.94621
0.0,-16.346701,12.954731
0.0,-16.347481,12.959809
0.0,-16.345908,12.96677
0.0,-16.339151,12.97262
0.0,-16.33072,12.977571
0.0,-16.325649,12.986881
0.0,-16.323839,12.992909
0.0,-16.31756,13.00061
0.0,-16.310819,13.008079
0.0,-16.30923,13.012961
0.0,-16.30933,13.02128
0.0,-16.3139,13.02863
0.0,-16.32107,13.035723
0.0,-16.32866,13.03911
0.0,-16.341441,13.04267
0.0,-16.372709,13.053429
0.0,-16.38601,13.05998
0.0,-16.39439,13.070069
0.0,-16.400961,13.08526
0.0,-16.40476,13.105572
0.0,-16.407221,13.131679
0.0,-16.408069,13.161556
0.0,-16.395928,13.161451
0.0,-16.387899,13.159061
0.0,-16.381331,13.16017
0.0,-16.37269,13.161629
0.0,-16.286288,13.160829
0.0,-16.252429,13.160519
0.0,-16.218659,13.1602
0.0,-16.158581,13.16146
0.0,-16.12341,13.160749
0.0,-16.11629,13.160606
0.0,-16.077788,13.159831
0.0,-16.07243,13.161761
0.0,-16.057591,13.159482
0.0,-16.02034,13.159767
0.0,-16.00572,13.159879
0.0,-15.99942,13.16206
0.0,-15.995361,13.16131
0.0,-15.9867,13.15974
