0,0,0,1,8,6,9,5,55,0,0,0,0,0,0,0,0,16,39,
0.0,-16.288602,14.698881
0.0,-16.295879,14.691622
0.0,-16.303639,14.684372
0.0,-16.313298,14.67732
0.0,-16.325551,14.668161
0.0,-16.32858,14.6628
0.0,-16.329321,14.645891
0.0,-16.33137,14.619711
0.0,-16.33296,14.614141
0.0,-16.345869,14.6015
0.0,-16.355699,14.594162
0.0,-16.35977,14.59666
0.0,-16.364009,14.593831
0.0,-16.367551,14.591481
0.0,-16.37205,14.590041
0.0,-16.378229,14.59044
0.0,-16.390142,14.592161
0.0,-16.41015,14.59518
0.0,-16.427522,14.59614
0.0,-16.459338,14.594162
0.0,-16.46949,14.588019
0.0,-16.479869,14.582121
0.0,-16.489188,14.58618
0.0,-16.51193,14.59818
0.0,-16.516479,14.60021
0.0,-16.529841,14.603757
0.0,-16.54797,14.608181
0.0,-16.56197,14.606631
0.0,-16.57221,14.607661
0.0,-16.586049,14.611431
0.0,-16.608241,14.616951
0.0,-16.621241,14.628832
0.0,-16.624241,14.639681
0.0,-16.62358,14.643161
0.0,-16.62198,14.648501
0.0,-16.61764,14.66105
0.0,-16.608079,14.675292
0.0,-16.6018,14.68555
0.0,-16.602341,14.69041
0.0,-16.606521,14.70008
0.0,-16.604699,14.70635
0.0,-16.602208,14.714949
0.0,-16.597509,14.71963
0.0,-16.597869,14.72866
0.0,-16.59899,14.74115
0.0,-16.53432,14.7195
0.0,-16.470281,14.697331
0.0,-16.45801,14.70488
0.0,-16.437461,14.71576
0.0,-16.41451,14.743331
0.0,-16.38541,14.77445
0.0,-16.38286,14.779569
0.0,-16.37878,14.795359
0.0,-16.37416,14.80606
0.0,-16.365668,14.8124
0.0,-16.343652,14.821211
0.0,-16.34163,14.792519
0.0,-16.33787,14.777981
0.0,-16.32987,14.766031
0.0,-16.32169,14.75848
0.0,-16.318278,14.7525
0.0,-16.3139,14.744211
0.0,-16.310281,14.739851
0.0,-16.29994,14.7314
0.0,-16.281429,14.715391
0.0,-16.279681,14.7087
0.0,-16.288602,14.698881
