0,0,0,4,1,17,15,39,58,0,0,0,0,0,0,0,0,64,89,
0.0,-14.02377,13.28635
0.0,-14.028121,13.269168
0.0,-14.029771,13.264311
0.0,-14.029051,13.258059
0.0,-14.027859,13.251361
0.0,-14.021721,13.24789
0.0,-14.00826,13.242101
0.0,-14.000931,13.236551
0.0,-13.990301,13.229379
0.0,-13.9617,13.196541
0.0,-13.94988,13.173629
0.0,-13.94704,13.16577
0.0,-13.94774,13.15236
0.0,-13.95009,13.135711
0.0,-13.946291,13.10564
0.0,-13.943439,13.078119
0.0,-13.94106,13.05892
0.0,-13.94199,13.039032
0.0,-13.9408,13.023539
0.0,-13.938669,13.009431
0.0,-13.904931,12.98467
0.0,-13.920441,12.8975
0.0,-13.938359,12.902371
0.0,-13.947079,12.902371
0.0,-13.954382,12.899601
0.0,-13.95886,12.8959
0.0,-13.95956,12.892201
0.0,-13.956971,12.886651
0.0,-13.95625,12.881099
0.0,-13.9579,12.872541
0.0,-13.958839,12.86838
0.0,-13.95718,12.863762
0.0,-13.960241,12.853349
0.0,-13.963769,12.848271
0.0,-13.983559,12.84018
0.0,-14.006649,12.837411
0.0,-14.01678,12.836711
0.0,-14.03138,12.82816
0.0,-14.03845,12.82746
0.0,-14.049531,12.831852
0.0,-14.059201,12.841561
0.0,-14.062499,12.841101
0.0,-14.064379,12.836239
0.0,-14.063659,12.82653
0.0,-14.064359,12.82168
0.0,-14.070011,12.816591
0.0,-14.07542,12.813122
0.0,-14.07683,12.809881
0.0,-14.07753,12.805949
0.0,-14.07918,12.80318
0.0,-14.08318,12.80109
0.0,-14.086241,12.80109
0.0,-14.092372,12.804101
0.0,-14.099681,12.809181
0.0,-14.11029,12.813111
0.0,-14.119721,12.817261
0.0,-14.1242,12.819811
0.0,-14.1275,12.820269
0.0,-14.13269,12.820721
0.0,-14.136699,12.823959
0.0,-14.140471,12.826731
0.0,-14.148491,12.829962
0.0,-14.155572,12.835049
0.0,-14.16076,12.84105
0.0,-14.16408,12.84799
0.0,-14.165509,12.856081
0.0,-14.167168,12.866251
0.0,-14.17002,12.877811
0.0,-14.174051,12.88914
0.0,-14.177379,12.902551
0.0,-14.17481,12.914341
0.0,-14.167513,12.92105
0.0,-14.154319,12.926379
0.0,-14.14112,12.928929
0.0,-14.12768,12.92825
0.0,-14.11566,12.930801
0.0,-14.109541,12.93473
0.0,-14.10413,12.94167
0.0,-14.102961,12.95046
0.0,-14.10676,12.967109
0.0,-14.11574,12.978902
0.0,-14.12332,13.000861
0.0,-14.12569,13.01011
0.0,-14.12877,13.01496
0.0,-14.13467,13.017271
0.0,-14.142918,13.017729
0.0,-14.151411,13.017029
0.0,-14.163909,13.012861
0.0,-14.17381,13.011231
0.0,-14.18018,13.011461
0.0,-14.19599,13.015382
0.0,-14.21416,13.020218
0.0,-14.241769,13.030599
0.0,-14.24839,13.034059
0.0,-14.259961,13.0389
0.0,-14.273641,13.04189
0.0,-14.28993,13.04465
0.0,-14.30055,13.049719
0.0,-14.310259,13.06173
0.0,-14.311449,13.0689
0.0,-14.311472,13.077221
0.0,-14.308689,13.09434
0.0,-14.30497,13.11562
0.0,-14.30429,13.12834
0.0,-14.305501,13.141532
0.0,-14.30883,13.151701
0.0,-14.314061,13.16719
0.0,-14.340392,13.229657
0.0,-14.31188,13.234021
0.0,-14.298971,13.2337
0.0,-14.27974,13.2362
0.0,-14.26562,13.233121
0.0,-14.244771,13.21678
0.0,-14.23913,13.21569
0.0,-14.197839,13.219102
0.0,-14.188971,13.219031
0.0,-14.17154,13.218902
0.0,-14.156529,13.220431
0.0,-14.153229,13.21954
0.0,-14.141991,13.221721
0.0,-14.13429,13.22663
0.0,-14.12735,13.23613
0.0,-14.119949,13.269542
0.0,-14.11391,13.275809
0.0,-14.09791,13.28101
0.0,-14.095661,13.28174
0.0,-14.071021,13.285129
0.0,-14.06329,13.286191
0.0,-14.05483,13.28558
0.0,-14.047999,13.283121
0.0,-14.034379,13.283709
0.0,-14.025951,13.28609
0.0,-14.02377,13.28635
