0,0,0,3,0,12,24,23,84,0,0,0,0,0,0,0,0,52,46,
0.0,-15.51968,14.05531
0.0,-15.510429,14.054681
0.0,-15.47748,14.055381
0.0,-15.460639,14.053409
0.0,-15.42785,14.0453
0.0,-15.383231,14.037492
0.0,-15.3683,14.03805
0.0,-15.355013,14.036279
0.0,-15.33479,14.026461
0.0,-15.273219,14.00276
0.0,-15.21617,13.9781
0.0,-15.19693,13.97173
0.0,-15.183661,13.97204
0.0,-15.15124,13.97869
0.0,-15.132749,13.9781
0.0,-15.132809,13.950791
0.0,-15.13246,13.93344
0.0,-15.120579,13.892541
0.0,-15.102909,13.833172
0.0,-15.102359,13.816306
0.0,-15.10823,13.813209
0.0,-15.143181,13.794809
0.0,-15.166959,13.779311
0.0,-15.187971,13.768451
0.0,-15.222221,13.75402
0.0,-15.23573,13.751711
0.0,-15.24326,13.752288
0.0,-15.284271,13.772652
0.0,-15.306921,13.77693
0.0,-15.32339,13.77693
0.0,-15.34537,13.77215
0.0,-15.355049,13.770051
0.0,-15.36882,13.762491
0.0,-15.37199,13.761388
0.0,-15.381221,13.758179
0.0,-15.410451,13.7374
0.0,-15.41069,13.76635
0.0,-15.41438,13.783439
0.0,-15.42418,13.794949
0.0,-15.436779,13.801572
0.0,-15.450269,13.80033
0.0,-15.46822,13.79511
0.0,-15.492089,13.789861
0.0,-15.51011,13.792742
0.0,-15.534809,13.802511
0.0,-15.57172,13.825849
0.0,-15.557539,13.856731
0.0,-15.55211,13.858149
0.0,-15.537661,13.8578
0.0,-15.531019,13.857381
0.0,-15.525109,13.858122
0.0,-15.521151,13.865782
0.0,-15.51277,13.883429
0.0,-15.507141,13.88995
0.0,-15.49652,13.894191
0.0,-15.489689,13.899089
0.0,-15.48052,13.907251
0.0,-15.47725,13.91283
0.0,-15.470148,13.914501
0.0,-15.444129,13.91861
0.0,-15.460678,13.944179
0.0,-15.48824,13.980561
0.0,-15.499469,13.99182
0.0,-15.512059,13.995661
0.0,-15.528371,13.99092
0.0,-15.540911,13.98759
0.0,-15.552281,13.987741
0.0,-15.582229,13.9977
0.0,-15.5889,14.001819
0.0,-15.590359,14.005971
0.0,-15.588599,14.02103
0.0,-15.58372,14.0324
0.0,-15.563191,14.07004
0.0,-15.54283,14.073432
0.0,-15.53359,14.07396
0.0,-15.525201,14.062681
0.0,-15.51968,14.05531
