0,0,0,6,3,21,1,53,16,0,0,0,0,0,0,0,0,58,33,
0.0,-13.44308,16.083461
0.0,-13.43563,16.07838
0.0,-13.434,16.077259
0.0,-13.403448,16.066602
0.0,-13.373899,16.054349
0.0,-13.37095,16.049691
0.0,-13.36974,16.042081
0.0,-13.374841,16.02111
0.0,-13.37462,16.01239
0.0,-13.372461,16.004999
0.0,-13.375059,16.000001
0.0,-13.374891,15.995381
0.0,-13.374041,15.97238
0.0,-13.366481,15.961951
0.0,-13.35749,15.945621
0.0,-13.326869,15.92163
0.0,-13.321671,15.914381
0.0,-13.33197,15.90252
0.0,-13.33569,15.892959
0.0,-13.333319,15.886151
0.0,-13.327191,15.87935
0.0,-13.32139,15.87713
0.0,-13.31778,15.875749
0.0,-13.31071,15.869409
0.0,-13.30504,15.860791
0.0,-13.30873,15.841229
0.0,-13.30635,15.831231
0.0,-13.30019,15.814438
0.0,-13.28871,15.80193
0.0,-13.271439,15.786339
0.0,-13.271949,15.783971
0.0,-13.27674,15.78349
0.0,-13.28442,15.78671
0.0,-13.290171,15.785299
0.0,-13.293991,15.78065
0.0,-13.29683,15.771821
0.0,-13.291509,15.75839
0.0,-13.233081,15.70818
0.0,-13.221731,15.698419
0.0,-13.216081,15.69366
0.0,-13.215101,15.689029
0.0,-13.21699,15.680671
0.0,-13.223679,15.673221
0.0,-13.230368,15.66949
0.0,-13.243799,15.674552
0.0,-13.25099,15.673601
0.0,-13.254801,15.66802
0.0,-13.255261,15.661989
0.0,-13.24993,15.643911
0.0,-13.236431,15.617031
0.0,-13.231921,15.613122
0.0,-13.226829,15.60871
0.0,-13.2206,15.60687
0.0,-13.201959,15.620851
0.0,-13.19238,15.62181
0.0,-13.183277,15.62044
0.0,-13.16702,15.61131
0.0,-13.160249,15.607509
0.0,-13.150412,15.602777
0.0,-13.1729,15.570532
0.0,-13.18588,15.54372
0.0,-13.198841,15.520389
0.0,-13.211789,15.500531
0.0,-13.219479,15.48366
0.0,-13.22429,15.47187
0.0,-13.22171,15.455189
0.0,-13.22148,15.451951
0.0,-13.23319,15.448521
0.0,-13.24514,15.44277
0.0,-13.258771,15.4331
0.0,-13.27573,15.42691
0.0,-13.28982,15.4258
0.0,-13.30749,15.422381
0.0,-13.3223,15.41618
0.0,-13.341419,15.40351
0.0,-13.362691,15.385979
0.0,-13.390899,15.360831
0.0,-13.39665,15.35228
0.0,-13.40168,15.340029
0.0,-13.407911,15.324299
0.0,-13.4194,15.30628
0.0,-13.428961,15.292869
0.0,-13.43805,15.281091
0.0,-13.446891,15.26885
0.0,-13.47388,15.241833
0.0,-13.520669,15.20213
0.0,-13.549789,15.17904
0.0,-13.556469,15.173269
0.0,-13.560289,15.16888
0.0,-13.57703,15.11682
0.0,-13.57966,15.108959
0.0,-13.584191,15.104109
0.0,-13.59397,15.097411
0.0,-13.604689,15.09141
0.0,-13.61495,15.08403
0.0,-13.62663,15.074321
0.0,-13.64046,15.057681
0.0,-13.613329,15.027539
0.0,-13.589749,15.019852
0.0,-13.576419,15.012189
0.0,-13.562391,14.99804
0.0,-13.548119,14.981571
0.0,-13.534799,14.963949
0.0,-13.520541,14.949561
0.0,-13.505791,14.93726
0.0,-13.492941,14.929131
0.0,-13.4839,14.92679
0.0,-13.48224,14.92447
0.0,-13.4799,14.894841
0.0,-13.489199,14.884209
0.0,-13.498981,14.870352
0.0,-13.504961,14.854621
0.0,-13.50879,14.837731
0.0,-13.523639,14.76207
0.0,-13.525321,14.750959
0.0,-13.529849,14.744261
0.0,-13.54462,14.72763
0.0,-13.55177,14.71398
0.0,-13.55703,14.69247
0.0,-13.56062,14.67188
0.0,-13.54756,14.655881
0.0,-13.54854,14.631569
0.0,-13.54738,14.605421
0.0,-13.542681,14.56536
0.0,-13.53892,14.52832
0.0,-13.530259,14.429471
0.0,-13.527089,14.40064
0.0,-13.67158,14.403491
0.0,-13.787711,14.40505
0.0,-13.836869,14.406021
0.0,-13.99343,14.47486
0.0,-14.030739,14.490142
0.0,-14.09492,14.510959
0.0,-14.14912,14.53038
0.0,-14.29704,14.58048
0.0,-14.29472,14.603631
0.0,-14.299019,14.610571
0.0,-14.306389,14.61495
0.0,-14.315201,14.620041
0.0,-14.320919,14.624431
0.0,-14.336909,14.651491
0.0,-14.32888,14.67279
0.0,-14.324889,14.6934
0.0,-14.318961,14.701972
0.0,-14.306879,14.72051
0.0,-14.27819,14.76568
0.0,-14.3214,14.82628
0.0,-14.387561,14.916001
0.0,-14.387089,14.918309
0.0,-14.38546,14.928732
0.0,-14.381211,14.94379
0.0,-14.3822,14.95837
0.0,-14.38581,14.972719
0.0,-14.398489,14.991451
0.0,-14.409231,14.999301
0.0,-14.425201,15.005521
0.0,-14.4419,15.014291
0.0,-14.462909,15.029761
0.0,-14.562769,15.109401
0.0,-14.543499,15.185151
0.0,-14.499439,15.347541
0.0,-14.49283,15.368391
0.0,-14.419359,15.378032
0.0,-14.419619,15.38359
0.0,-14.41773,15.39007
0.0,-14.412511,15.399811
0.0,-14.408461,15.4056
0.0,-14.407519,15.409071
0.0,-14.408009,15.413009
0.0,-14.413039,15.419949
0.0,-14.4152,15.425501
0.0,-14.411649,15.434301
0.0,-14.409751,15.438941
0.0,-14.417659,15.450731
0.0,-14.42583,15.46623
0.0,-14.42583,15.46947
0.0,-14.35733,15.476761
0.0,-14.347309,15.477931
0.0,-14.34111,15.480021
0.0,-14.33515,15.484661
0.0,-14.328479,15.491621
0.0,-14.323711,15.495102
0.0,-14.31823,15.49788
0.0,-14.310829,15.500439
0.0,-14.30486,15.499981
0.0,-14.30104,15.499291
0.0,-14.29674,15.4986
0.0,-14.289569,15.496531
0.0,-14.280501,15.49538
0.0,-14.274769,15.496079
0.0,-14.271432,15.496549
0.0,-14.266899,15.499099
0.0,-14.264039,15.50258
0.0,-14.262379,15.508141
0.0,-14.261921,15.515541
0.0,-14.26219,15.534531
0.0,-14.261263,15.54333
0.0,-14.25079,15.56371
0.0,-14.233881,15.5915
0.0,-14.20074,15.62302
0.0,-14.187631,15.635772
0.0,-14.1664,15.652449
0.0,-14.137061,15.683721
0.0,-13.69949,15.70413
0.0,-13.613689,15.70052
0.0,-13.554491,15.843939
0.0,-13.562609,15.85113
0.0,-13.561641,15.864331
0.0,-13.560681,15.868953
0.0,-13.53603,15.877459
0.0,-13.501809,15.88665
0.0,-13.494199,16.080274
0.0,-13.488499,16.079821
0.0,-13.481691,16.08607
0.0,-13.470781,16.10276
0.0,-13.46499,16.10606
0.0,-13.45761,16.107011
0.0,-13.452751,16.10253
0.0,-13.446519,16.087449
0.0,-13.44308,16.083461
