0,0,0,9,4,29,25,83,19,0,0,0,0,0,0,0,0,62,86,
0.0,-16.420411,15.325709
0.0,-16.4051,15.322181
0.0,-16.353591,15.32436
0.0,-16.334788,15.289141
0.0,-16.3429,15.270529
0.0,-16.344459,15.261021
0.0,-16.340308,15.253892
0.0,-16.329229,15.24498
0.0,-16.32038,15.243221
0.0,-16.31132,15.243321
0.0,-16.307069,15.24638
0.0,-16.30366,15.260073
0.0,-16.301611,15.267731
0.0,-16.298541,15.270541
0.0,-16.295931,15.27173
0.0,-16.294001,15.270361
0.0,-16.28557,15.24382
0.0,-16.27355,15.2157
0.0,-16.261489,15.184809
0.0,-16.25588,15.17375
0.0,-16.25694,15.16263
0.0,-16.258711,15.151729
0.0,-16.25812,15.141781
0.0,-16.255659,15.13532
0.0,-16.25054,15.125879
0.0,-16.23867,15.11003
0.0,-16.227101,15.09904
0.0,-16.221531,15.091451
0.0,-16.21571,15.08318
0.0,-16.206828,15.057339
0.0,-16.197789,15.018069
0.0,-16.18847,14.994551
0.0,-16.18558,14.97189
0.0,-16.181861,14.958971
0.0,-16.193899,14.949579
0.0,-16.200759,14.945579
0.0,-16.20883,14.943412
0.0,-16.215031,14.94405
0.0,-16.230142,14.953381
0.0,-16.246969,14.966641
0.0,-16.28227,14.990811
0.0,-16.302131,14.997783
0.0,-16.32355,14.996621
0.0,-16.344789,14.999859
0.0,-16.35556,15.003921
0.0,-16.361071,15.0064
0.0,-16.380448,15.01337
0.0,-16.42269,15.018922
0.0,-16.421489,15.041891
0.0,-16.42279,15.05067
0.0,-16.42524,15.055741
0.0,-16.431481,15.059372
0.0,-16.447309,15.066829
0.0,-16.459329,15.07503
0.0,-16.46085,15.081733
0.0,-16.453529,15.08713
0.0,-16.43884,15.093092
0.0,-16.4312,15.092709
0.0,-16.4261,15.085359
0.0,-16.42271,15.080768
0.0,-16.415791,15.079918
0.0,-16.409799,15.07791
0.0,-16.402711,15.063399
0.0,-16.392852,15.056801
0.0,-16.387131,15.05663
0.0,-16.384061,15.05851
0.0,-16.382459,15.063862
0.0,-16.38283,15.07404
0.0,-16.38216,15.077521
0.0,-16.37509,15.083622
0.0,-16.312911,15.103512
0.0,-16.318,15.1104
0.0,-16.32283,15.115441
0.0,-16.325061,15.12283
0.0,-16.329241,15.13227
0.0,-16.335251,15.136612
0.0,-16.343148,15.13999
0.0,-16.34512,15.14437
0.0,-16.34493,15.148539
0.0,-16.340981,15.156689
0.0,-16.33895,15.165969
0.0,-16.34243,15.177041
0.0,-16.370769,15.174881
0.0,-16.375669,15.166489
0.0,-16.38131,15.14143
0.0,-16.38559,15.14068
0.0,-16.39392,15.139901
0.0,-16.401038,15.13704
0.0,-16.408609,15.132562
0.0,-16.41224,15.13691
0.0,-16.42044,15.144459
0.0,-16.42403,15.14558
0.0,-16.43422,15.14107
0.0,-16.457549,15.13918
0.0,-16.472161,15.144101
0.0,-16.474171,15.151953
0.0,-16.466089,15.171961
0.0,-16.465932,15.17775
0.0,-16.46938,15.185812
0.0,-16.49154,15.220739
0.0,-16.48141,15.23012
0.0,-16.474381,15.23946
0.0,-16.474189,15.243171
0.0,-16.481191,15.24911
0.0,-16.498699,15.255371
0.0,-16.493879,15.270012
0.0,-16.492491,15.291092
0.0,-16.491399,15.298752
0.0,-16.48768,15.30643
0.0,-16.47826,15.3158
0.0,-16.46554,15.328212
0.0,-16.4488,15.34392
0.0,-16.443132,15.34815
0.0,-16.432,15.33577
0.0,-16.420411,15.325709
