0,0,0,1,8,8,6,8,8,0,0,0,0,0,0,0,0,48,24,
0.0,-15.75445,14.788932
0.0,-15.742979,14.784401
0.0,-15.737981,14.784481
0.0,-15.744829,14.779799
0.0,-15.76278,14.76553
0.0,-15.762951,14.758581
0.0,-15.75968,14.739172
0.0,-15.76345,14.735659
0.0,-15.771261,14.731662
0.0,-15.782859,14.725779
0.0,-15.793019,14.71899
0.0,-15.79717,14.705529
0.0,-15.799909,14.693001
0.0,-15.79833,14.67797
0.0,-15.79381,14.652539
0.0,-15.793049,14.622922
0.0,-15.7948,14.607859
0.0,-15.801069,14.59276
0.0,-15.815389,14.574119
0.0,-15.829529,14.561269
0.0,-15.847001,14.549089
0.0,-15.86499,14.54245
0.0,-15.88467,14.53742
0.0,-15.88942,14.537151
0.0,-15.9072,14.53283
0.0,-15.93916,14.520969
0.0,-15.96527,14.518191
0.0,-16.017451,14.508911
0.0,-16.029111,14.510419
0.0,-16.03962,14.51588
0.0,-16.054671,14.522911
0.0,-16.052381,14.525049
0.0,-16.0503,14.530619
0.0,-16.04609,14.53667
0.0,-16.040898,14.540201
0.0,-16.037122,14.543011
0.0,-16.03503,14.547189
0.0,-16.03794,14.552251
0.0,-16.04276,14.558691
0.0,-16.046861,14.56443
0.0,-16.04648,14.572772
0.0,-16.04374,14.583671
0.0,-16.041261,14.59642
0.0,-16.041881,14.60937
0.0,-16.046061,14.622051
0.0,-16.057199,14.64069
0.0,-16.063979,14.652651
0.0,-16.07584,14.671281
0.0,-16.07917,14.692771
0.0,-16.091379,14.74355
0.0,-16.065139,14.73687
0.0,-16.05419,14.736049
0.0,-16.042102,14.74056
0.0,-16.032579,14.73996
0.0,-16.024441,14.735409
0.0,-16.008899,14.727692
0.0,-15.98384,14.72005
0.0,-15.961919,14.717021
0.0,-15.942629,14.71465
0.0,-15.92747,14.72126
0.0,-15.917381,14.73454
0.0,-15.9099,14.748259
0.0,-15.902391,14.758052
0.0,-15.887749,14.769518
0.0,-15.875201,14.77541
0.0,-15.855231,14.776741
0.0,-15.839031,14.775262
0.0,-15.826131,14.770052
0.0,-15.817051,14.76573
0.0,-15.81084,14.7637
0.0,-15.80444,14.76653
0.0,-15.782431,14.778519
0.0,-15.770151,14.788109
0.0,-15.764929,14.789771
0.0,-15.75445,14.788932
