0,0,0,5,5,19,28,47,14,0,0,0,0,0,0,0,0,46,21,
0.0,-15.131569,15.99163
0.0,-14.89746,15.99039
0.0,-14.86228,15.990989
0.0,-14.76775,15.944112
0.0,-14.787941,15.905759
0.0,-14.81065,15.90128
0.0,-14.82567,15.89266
0.0,-14.85611,15.85735
0.0,-14.86251,15.846911
0.0,-14.87177,15.835069
0.0,-14.879599,15.823231
0.0,-14.88338,15.81442
0.0,-14.88949,15.794019
0.0,-14.89277,15.7815
0.0,-14.89891,15.768981
0.0,-14.901451,15.75137
0.0,-14.903081,15.744421
0.0,-15.059199,15.59555
0.0,-15.07754,15.586429
0.0,-15.09399,15.581481
0.0,-15.108511,15.57354
0.0,-15.119421,15.562831
0.0,-15.135999,15.54168
0.0,-15.158469,15.51031
0.0,-15.193231,15.46104
0.0,-15.20245,15.448721
0.0,-15.218281,15.425251
0.0,-15.2261,15.41687
0.0,-15.24011,15.407059
0.0,-15.27073,15.385131
0.0,-15.3448,15.334211
0.0,-15.354288,15.32859
0.0,-15.3948,15.382041
0.0,-15.413831,15.403909
0.0,-15.426689,15.401751
0.0,-15.44337,15.398161
0.0,-15.467231,15.397999
0.0,-15.505181,15.397969
0.0,-15.531739,15.40612
0.0,-15.550061,15.42706
0.0,-15.56573,15.444769
0.0,-15.580921,15.46156
0.0,-15.600929,15.48387
0.0,-15.621239,15.51196
0.0,-15.604699,15.531759
0.0,-15.62582,15.568882
0.0,-15.64091,15.573399
0.0,-15.676619,15.58701
0.0,-15.583911,15.744681
0.0,-15.5798,15.924742
0.0,-15.416411,15.930489
0.0,-15.41329,15.959911
0.0,-15.41164,15.993261
0.0,-15.404461,15.99377
0.0,-15.178011,15.99255
0.0,-15.164119,15.992389
0.0,-15.131569,15.99163
