0,0,0,9,4,29,25,84,76,0,0,0,0,0,0,0,0,77,12,
0.0,-16.6817,14.978041
0.0,-16.660299,14.940891
0.0,-16.668502,14.931061
0.0,-16.670589,14.92687
0.0,-16.672221,14.924301
0.0,-16.67845,14.918232
0.0,-16.686639,14.9084
0.0,-16.692309,14.905551
0.0,-16.705079,14.8996
0.0,-16.71761,14.893191
0.0,-16.72491,14.888011
0.0,-16.735629,14.871899
0.0,-16.740789,14.866511
0.0,-16.747841,14.860862
0.0,-16.758512,14.857951
0.0,-16.792361,14.86098
0.0,-16.822389,14.863829
0.0,-16.83071,14.86302
0.0,-16.839229,14.859439
0.0,-16.84322,14.855681
0.0,-16.8475,14.855389
0.0,-16.85826,14.859191
0.0,-16.863769,14.860969
0.0,-16.8659,14.860711
0.0,-16.87206,14.858539
0.0,-16.900679,14.846811
0.0,-16.91349,14.84432
0.0,-16.92111,14.844219
0.0,-16.943741,14.8453
0.0,-16.95756,14.846501
0.0,-16.96656,14.843832
0.0,-16.978822,14.836479
0.0,-16.99058,14.82752
0.0,-17.001399,14.819028
0.0,-17.007771,14.81594
0.0,-17.013699,14.81493
0.0,-17.02236,14.820131
0.0,-17.03384,14.823901
0.0,-17.04865,14.827632
0.0,-17.062999,14.831591
0.0,-17.06735,14.835702
0.0,-17.068649,14.842391
0.0,-17.0712,14.853001
0.0,-17.071649,14.865962
0.0,-17.076209,14.8828
0.0,-17.078488,14.891329
0.0,-17.087211,14.900699
0.0,-17.08993,14.906911
0.0,-17.089301,14.91178
0.0,-17.087949,14.916889
0.0,-17.088941,14.919191
0.0,-17.09493,14.92142
0.0,-17.103358,14.927319
0.0,-17.114583,14.939027
0.0,-17.114305,14.939027
0.0,-17.114305,14.939861
0.0,-17.114027,14.939861
0.0,-17.114027,14.940417
0.0,-17.113751,14.940417
0.0,-17.113751,14.941249
0.0,-17.113471,14.941249
0.0,-17.113471,14.941805
0.0,-17.113193,14.941805
0.0,-17.113193,14.942361
0.0,-17.112917,14.942361
0.0,-17.112917,14.942917
0.0,-17.112639,14.942917
0.0,-17.112639,14.943471
0.0,-17.112361,14.943471
0.0,-17.112361,14.944027
0.0,-17.112083,14.944027
0.0,-17.112083,14.944583
0.0,-17.111805,14.944583
0.0,-17.111805,14.944861
0.0,-17.111529,14.944861
0.0,-17.111529,14.945417
0.0,-17.111251,14.945417
0.0,-17.111251,14.945974
0.0,-17.110971,14.945974
0.0,-17.110971,14.946527
0.0,-17.110695,14.946527
0.0,-17.110695,14.947083
0.0,-17.110417,14.947083
0.0,-17.110417,14.94764
0.0,-17.110139,14.94764
0.0,-17.110139,14.947918
0.0,-17.109861,14.947918
0.0,-17.109861,14.948471
0.0,-17.109583,14.948471
0.0,-17.109583,14.949028
0.0,-17.109307,14.949028
0.0,-17.109307,14.949584
0.0,-17.109029,14.949584
0.0,-17.109029,14.95014
0.0,-17.108749,14.95014
0.0,-17.108749,14.950416
0.0,-17.108473,14.950416
0.0,-17.108473,14.950972
0.0,-17.108195,14.950972
0.0,-17.108195,14.951528
0.0,-17.107917,14.951528
0.0,-17.107917,14.952084
0.0,-17.107639,14.952084
0.0,-17.107639,14.952638
0.0,-17.107361,14.952638
0.0,-17.107361,14.953194
0.0,-17.107085,14.953194
0.0,-17.107083,14.953472
0.0,-17.106807,14.953472
0.0,-17.106807,14.95375
0.0,-17.106526,14.95375
0.0,-17.106526,14.954028
0.0,-17.106251,14.954028
0.0,-17.106251,14.954306
0.0,-17.105695,14.954306
0.0,-17.105695,14.954584
0.0,-17.105416,14.954584
0.0,-17.105416,14.95486
0.0,-17.105138,14.95486
0.0,-17.105138,14.95514
0.0,-17.10486,14.95514
0.0,-17.10486,14.955416
0.0,-17.104585,14.955416
0.0,-17.104585,14.955694
0.0,-17.104304,14.955694
0.0,-17.104304,14.95625
0.0,-17.104028,14.95625
0.0,-17.104028,14.956528
0.0,-17.10375,14.956528
0.0,-17.10375,14.956806
0.0,-17.103472,14.956806
0.0,-17.103472,14.95736
0.0,-17.103194,14.95736
0.0,-17.103194,14.957638
0.0,-17.102916,14.957638
0.0,-17.102916,14.957916
0.0,-17.102638,14.957916
0.0,-17.102638,14.958472
0.0,-17.102362,14.958472
0.0,-17.102362,14.95875
0.0,-17.102082,14.95875
0.0,-17.102082,14.959026
0.0,-17.101804,14.959028
0.0,-17.101804,14.959582
0.0,-17.101528,14.959582
0.0,-17.101528,14.95986
0.0,-17.10125,14.95986
0.0,-17.10125,14.960138
0.0,-17.100972,14.960138
0.0,-17.100972,14.960416
0.0,-17.100694,14.960416
0.0,-17.100694,14.960694
0.0,-17.100416,14.960694
0.0,-17.100416,14.960973
0.0,-17.10014,14.960973
0.0,-17.10014,14.961529
0.0,-17.099862,14.961529
0.0,-17.099862,14.961804
0.0,-17.099582,14.961804
0.0,-17.099582,14.962082
0.0,-17.099306,14.962082
0.0,-17.099306,14.962361
0.0,-17.099028,14.962361
0.0,-17.099028,14.962639
0.0,-17.09875,14.962639
0.0,-17.09875,14.962917
0.0,-17.098472,14.962917
0.0,-17.098472,14.963195
0.0,-17.098194,14.963195
0.0,-17.098194,14.963751
0.0,-17.097918,14.963751
0.0,-17.097918,14.964027
0.0,-17.09764,14.964027
0.0,-17.09764,14.964307
0.0,-17.09736,14.964307
0.0,-17.09736,14.964583
0.0,-17.097084,14.964583
0.0,-17.097084,14.964861
0.0,-17.096806,14.964861
0.0,-17.096806,14.965139
0.0,-17.096528,14.965139
0.0,-17.096528,14.965417
0.0,-17.09625,14.965417
0.0,-17.09625,14.965973
0.0,-17.095972,14.965973
0.0,-17.095972,14.966251
0.0,-17.095694,14.966251
0.0,-17.095694,14.966529
0.0,-17.095418,14.966529
0.0,-17.095418,14.966805
0.0,-17.095138,14.966805
0.0,-17.095138,14.967083
0.0,-17.094862,14.967083
0.0,-17.094862,14.967361
0.0,-17.094584,14.967361
0.0,-17.094584,14.967639
0.0,-17.094306,14.967639
0.0,-17.094306,14.968195
0.0,-17.094028,14.968195
0.0,-17.094028,14.968473
0.0,-17.09375,14.968473
0.0,-17.09375,14.968749
0.0,-17.093472,14.968749
0.0,-17.093472,14.969027
0.0,-17.093196,14.969027
0.0,-17.093196,14.969305
0.0,-17.092915,14.969305
0.0,-17.092915,14.969583
0.0,-17.092637,14.969583
0.0,-17.092637,14.969861
0.0,-17.092362,14.969861
0.0,-17.092362,14.970139
0.0,-17.092084,14.970139
0.0,-17.092084,14.970695
0.0,-17.091805,14.970695
0.0,-17.091805,14.970971
0.0,-17.091527,14.970971
0.0,-17.091527,14.971249
0.0,-17.091249,14.971249
0.0,-17.091249,14.971527
0.0,-17.090974,14.971527
0.0,-17.090974,14.971805
0.0,-17.090696,14.971805
0.0,-17.090696,14.972083
0.0,-17.090415,14.972083
0.0,-17.090415,14.972361
0.0,-17.090139,14.972361
0.0,-17.090139,14.972639
0.0,-17.089861,14.972639
0.0,-17.089861,14.973193
0.0,-17.089583,14.973193
0.0,-17.089583,14.973474
0.0,-17.089305,14.973474
0.0,-17.089305,14.973749
0.0,-17.089027,14.973749
0.0,-17.089027,14.974027
0.0,-17.088751,14.974027
0.0,-17.088751,14.974305
0.0,-17.088473,14.974305
0.0,-17.088473,14.974584
0.0,-17.088193,14.974584
0.0,-17.088193,14.974862
0.0,-17.087917,14.974862
0.0,-17.087917,14.97514
0.0,-17.087639,14.97514
0.0,-17.087639,14.975696
0.0,-17.087361,14.975696
0.0,-17.087361,14.975972
0.0,-17.087083,14.975972
0.0,-17.087083,14.97625
0.0,-17.086805,14.97625
0.0,-17.086805,14.976528
0.0,-17.086527,14.976528
0.0,-17.086527,14.976806
0.0,-17.086251,14.976806
0.0,-17.086251,14.977084
0.0,-17.085971,14.977084
0.0,-17.085971,14.977362
0.0,-17.085695,14.977362
0.0,-17.085695,14.97764
0.0,-17.085417,14.97764
0.0,-17.085417,14.978194
0.0,-17.085139,14.978194
0.0,-17.085139,14.978472
0.0,-17.084861,14.978472
0.0,-17.084861,14.97875
0.0,-17.084583,14.97875
0.0,-17.084583,14.979028
0.0,-17.084305,14.979028
0.0,-17.084305,14.979306
0.0,-17.084029,14.979306
0.0,-17.084029,14.979862
0.0,-17.083749,14.979862
0.0,-17.083749,14.980138
0.0,-17.083471,14.980138
0.0,-17.083471,14.980416
0.0,-17.083195,14.980416
0.0,-17.083195,14.980694
0.0,-17.082917,14.980694
0.0,-17.082917,14.980972
0.0,-17.082639,14.980972
0.0,-17.082639,14.98125
0.0,-17.082361,14.98125
0.0,-17.082361,14.981528
0.0,-17.082083,14.981528
0.0,-17.082083,14.981806
0.0,-17.081807,14.981806
0.0,-17.081807,14.982084
0.0,-17.081529,14.982084
0.0,-17.081529,14.98236
0.0,-17.081249,14.98236
0.0,-17.081249,14.98264
0.0,-17.080973,14.98264
0.0,-17.080973,14.982916
0.0,-17.080695,14.982916
0.0,-17.080695,14.983194
0.0,-17.080417,14.983194
0.0,-17.080417,14.983472
0.0,-17.080139,14.983472
0.0,-17.080139,14.98375
0.0,-17.079861,14.98375
0.0,-17.079861,14.984028
0.0,-17.079585,14.984028
0.0,-17.079585,14.984306
0.0,-17.079307,14.984306
0.0,-17.079307,14.984582
0.0,-17.079026,14.984582
0.0,-17.079026,14.984862
0.0,-17.078751,14.984862
0.0,-17.078751,14.985138
0.0,-17.078473,14.985138
0.0,-17.078473,14.985416
0.0,-17.078194,14.985416
0.0,-17.078194,14.985694
0.0,-17.077916,14.985694
0.0,-17.077916,14.985972
0.0,-17.077638,14.985972
0.0,-17.077638,14.98625
0.0,-17.077363,14.98625
0.0,-17.07736,14.986807
0.0,-17.077085,14.986807
0.0,-17.077085,14.98736
0.0,-17.076804,14.98736
0.0,-17.076804,14.987638
0.0,-17.076528,14.987638
0.0,-17.076528,14.987916
0.0,-17.07625,14.987916
0.0,-17.07625,14.988195
0.0,-17.075972,14.988195
0.0,-17.075972,14.988473
0.0,-17.075416,14.988473
0.0,-17.075416,14.988748
0.0,-17.075138,14.988751
0.0,-17.075138,14.989029
0.0,-17.074862,14.989029
0.0,-17.074862,14.989304
0.0,-17.074582,14.989304
0.0,-17.074582,14.989583
0.0,-17.074306,14.989583
0.0,-17.074304,14.989861
0.0,-17.074028,14.989861
0.0,-17.074028,14.990139
0.0,-17.07375,14.990139
0.0,-17.07375,14.990417
0.0,-17.073472,14.990417
0.0,-17.073472,14.990695
0.0,-17.073194,14.990695
0.0,-17.073194,14.990973
0.0,-17.072916,14.990973
0.0,-17.072916,14.991251
0.0,-17.07236,14.991251
0.0,-17.07236,14.991527
0.0,-17.072082,14.991527
0.0,-17.072082,14.991805
0.0,-17.071806,14.991807
0.0,-17.071806,14.992083
0.0,-17.071528,14.992083
0.0,-17.071528,14.992361
0.0,-17.07125,14.992361
0.0,-17.07125,14.992639
0.0,-17.070972,14.992639
0.0,-17.070972,14.992917
0.0,-17.070694,14.992917
0.0,-17.070694,14.993195
0.0,-17.070418,14.993195
0.0,-17.070418,14.993473
0.0,-17.07014,14.993473
0.0,-17.07014,14.993749
0.0,-17.06986,14.993749
0.0,-17.06986,14.994029
0.0,-17.069584,14.994029
0.0,-17.069584,14.994305
0.0,-17.069306,14.994305
0.0,-17.069306,14.994583
0.0,-17.069028,14.994583
0.0,-17.069028,14.994861
0.0,-17.06875,14.994861
0.0,-17.06875,14.995139
0.0,-17.068472,14.995139
0.0,-17.068472,14.995417
0.0,-17.068196,14.995417
0.0,-17.068196,14.995695
0.0,-17.067918,14.995695
0.0,-17.067918,14.995973
0.0,-17.067638,14.995973
0.0,-17.067638,14.996251
0.0,-17.067084,14.996251
0.0,-17.067084,14.996527
0.0,-17.066806,14.996527
0.0,-17.066806,14.996805
0.0,-17.066528,14.996805
0.0,-17.066528,14.997083
0.0,-17.06625,14.997083
0.0,-17.06625,14.997361
0.0,-17.065971,14.997361
0.0,-17.065971,14.997639
0.0,-17.065696,14.997639
0.0,-17.065696,14.997917
0.0,-17.065415,14.997917
0.0,-17.065415,14.998195
0.0,-17.06514,14.998195
0.0,-17.06514,14.998471
0.0,-17.064862,14.998471
0.0,-17.064862,14.998749
0.0,-17.064583,14.998749
0.0,-17.064583,14.999027
0.0,-17.064305,14.999027
0.0,-17.064305,14.999305
0.0,-17.064027,14.999305
0.0,-17.064027,14.999861
0.0,-17.064027,15.000693
0.0,-17.063193,15.000693
0.0,-17.063193,15.000971
0.0,-17.062915,15.000971
0.0,-17.062915,15.001249
0.0,-17.062639,15.001249
0.0,-17.062639,15.001527
0.0,-17.062361,15.001527
0.0,-17.062361,15.002084
0.0,-17.062083,15.002084
0.0,-17.062083,15.002362
0.0,-17.061805,15.002362
0.0,-17.061805,15.00264
0.0,-17.061527,15.00264
0.0,-17.061527,15.002915
0.0,-17.061251,15.002915
0.0,-17.061251,15.003196
0.0,-17.060973,15.003196
0.0,-17.060973,15.00375
0.0,-17.060693,15.00375
0.0,-17.060693,15.004028
0.0,-17.060417,15.004028
0.0,-17.060417,15.004306
0.0,-17.060139,15.004306
0.0,-17.060139,15.004584
0.0,-17.059861,15.004584
0.0,-17.059861,15.004862
0.0,-17.059583,15.004862
0.0,-17.059583,15.005138
0.0,-17.059305,15.00514
0.0,-17.059305,15.005418
0.0,-17.058751,15.005418
0.0,-17.058751,15.005694
0.0,-17.058471,15.005694
0.0,-17.058471,15.005972
0.0,-17.058195,15.005972
0.0,-17.058195,15.00625
0.0,-17.057917,15.00625
0.0,-17.057917,15.006528
0.0,-17.057639,15.006528
0.0,-17.057639,15.006806
0.0,-17.057361,15.006806
0.0,-17.057361,15.007084
0.0,-17.057083,15.007084
0.0,-17.057083,15.007362
0.0,-17.056805,15.007362
0.0,-17.056805,15.007638
0.0,-17.056529,15.007638
0.0,-17.056529,15.007916
0.0,-17.055973,15.007916
0.0,-17.055973,15.008194
0.0,-17.055695,15.008194
0.0,-17.055695,15.00875
0.0,-17.055417,15.00875
0.0,-17.055417,15.009306
0.0,-17.055139,15.009306
0.0,-17.055139,15.010138
0.0,-17.054861,15.010138
0.0,-17.054861,15.010694
0.0,-17.054583,15.010694
0.0,-17.054583,15.010972
0.0,-17.054307,15.010972
0.0,-17.054307,15.01125
0.0,-17.054027,15.01125
0.0,-17.054027,15.011528
0.0,-17.053748,15.011528
0.0,-17.053748,15.011806
0.0,-17.053473,15.011806
0.0,-17.053473,15.012082
0.0,-17.053195,15.012082
0.0,-17.053195,15.012362
0.0,-17.052917,15.012362
0.0,-17.052917,15.012638
0.0,-17.052639,15.012638
0.0,-17.052639,15.013194
0.0,-17.05236,15.013194
0.0,-17.05236,15.013472
0.0,-17.052085,15.013472
0.0,-17.052085,15.01375
0.0,-17.051807,15.01375
0.0,-17.051807,15.014029
0.0,-17.051526,15.014029
0.0,-17.051526,15.014304
0.0,-17.051251,15.014304
0.0,-17.051251,15.014585
0.0,-17.050972,15.014585
0.0,-17.050972,15.01486
0.0,-17.050694,15.01486
0.0,-17.050694,15.015138
0.0,-17.050416,15.015138
0.0,-17.050416,15.015417
0.0,-17.050138,15.015417
0.0,-17.050138,15.015695
0.0,-17.049863,15.015695
0.0,-17.049863,15.015973
0.0,-17.049584,15.015973
0.0,-17.049584,15.016251
0.0,-17.049304,15.016251
0.0,-17.049304,15.016529
0.0,-17.049028,15.016529
0.0,-17.049028,15.016805
0.0,-17.04875,15.016805
0.0,-17.04875,15.017083
0.0,-17.048472,15.017083
0.0,-17.048472,15.017361
0.0,-17.048194,15.017361
0.0,-17.048194,15.017917
0.0,-17.047916,15.017917
0.0,-17.047916,15.018195
0.0,-17.047638,15.018195
0.0,-17.047638,15.018473
0.0,-17.047362,15.018473
0.0,-17.047362,15.018751
0.0,-17.047082,15.018751
0.0,-17.047082,15.019027
0.0,-17.046806,15.019027
0.0,-17.046806,15.019305
0.0,-17.046528,15.019305
0.0,-17.046528,15.019583
0.0,-17.04625,15.019583
0.0,-17.04625,15.019861
0.0,-17.045972,15.019861
0.0,-17.045972,15.020139
0.0,-17.045694,15.020139
0.0,-17.045694,15.020417
0.0,-17.045416,15.020417
0.0,-17.045416,15.020695
0.0,-17.04514,15.020695
0.0,-17.04514,15.021249
0.0,-17.04486,15.021249
0.0,-17.04486,15.021527
0.0,-17.044584,15.021529
0.0,-17.044582,15.021805
0.0,-17.044306,15.021805
0.0,-17.044306,15.022083
0.0,-17.044028,15.022083
0.0,-17.044028,15.022361
0.0,-17.04375,15.022361
0.0,-17.04375,15.022639
0.0,-17.043472,15.022639
0.0,-17.043472,15.022917
0.0,-17.043194,15.022917
0.0,-17.043194,15.023471
0.0,-17.042918,15.023471
0.0,-17.042918,15.023751
0.0,-17.042638,15.023751
0.0,-17.042638,15.024027
0.0,-17.04236,15.024027
0.0,-17.04236,15.024305
0.0,-17.042084,15.024305
0.0,-17.042084,15.024583
0.0,-17.041806,15.024583
0.0,-17.041806,15.024861
0.0,-17.041528,15.024861
0.0,-17.041528,15.025139
0.0,-17.04125,15.025139
0.0,-17.04125,15.025417
0.0,-17.040972,15.025417
0.0,-17.040972,15.025695
0.0,-17.040696,15.025695
0.0,-17.040696,15.025973
0.0,-17.040418,15.025973
0.0,-17.040418,15.026527
0.0,-17.040137,15.026527
0.0,-17.040137,15.026805
0.0,-17.039862,15.026805
0.0,-17.039862,15.027083
0.0,-17.039584,15.027083
0.0,-17.039584,15.027361
0.0,-17.039306,15.027361
0.0,-17.039306,15.02764
0.0,-17.039028,15.02764
0.0,-17.039028,15.027918
0.0,-17.038749,15.027918
0.0,-17.038749,15.028193
0.0,-17.038474,15.028193
0.0,-17.038474,15.028471
0.0,-17.038196,15.028471
0.0,-17.038196,15.028749
0.0,-17.037915,15.028749
0.0,-17.037915,15.029028
0.0,-17.03764,15.029028
0.0,-17.03764,15.029306
0.0,-17.037361,15.029306
0.0,-17.037361,15.029584
0.0,-17.037083,15.029584
0.0,-17.037083,15.029862
0.0,-17.036805,15.029862
0.0,-17.036805,15.03014
0.0,-17.036527,15.03014
0.0,-17.036527,15.030694
0.0,-17.036249,15.030694
0.0,-17.036249,15.030972
0.0,-17.035973,15.030972
0.0,-17.035973,15.03125
0.0,-17.035693,15.03125
0.0,-17.035693,15.031528
0.0,-17.035417,15.031528
0.0,-17.035417,15.031806
0.0,-17.035139,15.031806
0.0,-17.035139,15.032084
0.0,-17.034861,15.032084
0.0,-17.034861,15.032362
0.0,-17.034583,15.032362
0.0,-17.034583,15.032638
0.0,-17.034305,15.032638
0.0,-17.034305,15.032918
0.0,-17.034027,15.032918
0.0,-17.034027,15.033194
0.0,-17.033751,15.033194
0.0,-17.033751,15.033472
0.0,-17.033471,15.033472
0.0,-17.033471,15.03375
0.0,-17.033193,15.03375
0.0,-17.033193,15.034028
0.0,-17.032917,15.034028
0.0,-17.032917,15.034306
0.0,-17.032639,15.034306
0.0,-17.032639,15.034584
0.0,-17.032361,15.034584
0.0,-17.032361,15.03486
0.0,-17.032083,15.034862
0.0,-17.032083,15.03514
0.0,-17.031805,15.03514
0.0,-17.031805,15.035694
0.0,-17.031529,15.035694
0.0,-17.031529,15.035972
0.0,-17.031251,15.035972
0.0,-17.031251,15.03625
0.0,-17.030971,15.03625
0.0,-17.030971,15.036528
0.0,-17.030695,15.036528
0.0,-17.030695,15.036806
0.0,-17.030417,15.036806
0.0,-17.030417,15.037084
0.0,-17.030139,15.037084
0.0,-17.030139,15.03736
0.0,-17.029861,15.03736
0.0,-17.029861,15.037638
0.0,-17.029583,15.037638
0.0,-17.029583,15.037916
0.0,-17.029307,15.037916
0.0,-17.029307,15.038194
0.0,-17.029029,15.038194
0.0,-17.029029,15.038472
0.0,-17.028749,15.038472
0.0,-17.028749,15.03875
0.0,-17.028473,15.03875
0.0,-17.028473,15.039306
0.0,-17.028195,15.039306
0.0,-17.028195,15.039582
0.0,-17.027917,15.039582
0.0,-17.027917,15.03986
0.0,-17.027639,15.03986
0.0,-17.027639,15.040138
0.0,-17.027361,15.040138
0.0,-17.027361,15.040416
0.0,-17.027083,15.040416
0.0,-17.027083,15.040972
0.0,-17.026807,15.040972
0.0,-17.026807,15.041251
0.0,-17.026526,15.041251
0.0,-17.026526,15.041529
0.0,-17.026251,15.041529
0.0,-17.026251,15.041804
0.0,-17.025973,15.041804
0.0,-17.025973,15.042085
0.0,-17.025695,15.042085
0.0,-17.025695,15.042639
0.0,-17.025417,15.042639
0.0,-17.025417,15.042917
0.0,-17.025138,15.042917
0.0,-17.025138,15.043473
0.0,-17.02486,15.043473
0.0,-17.02486,15.043751
0.0,-17.024585,15.043751
0.0,-17.024585,15.044027
0.0,-17.024304,15.044027
0.0,-17.024304,15.044307
0.0,-17.024026,15.044307
0.0,-17.024026,15.044583
0.0,-17.02375,15.044583
0.0,-17.02375,15.045139
0.0,-17.023518,15.045148
0.0,-16.970649,14.997491
0.0,-16.951181,14.986652
0.0,-16.9249,14.981451
0.0,-16.824269,14.97331
0.0,-16.81358,14.974841
0.0,-16.806749,14.979791
0.0,-16.801621,14.98726
0.0,-16.801279,14.99699
0.0,-16.7981,15.00676
0.0,-16.79462,15.013051
0.0,-16.78708,15.01894
0.0,-16.773841,15.025821
0.0,-16.76676,15.030311
0.0,-16.760652,15.036179
0.0,-16.75543,15.053613
0.0,-16.74398,15.06881
0.0,-16.72747,15.080361
0.0,-16.715839,15.083752
0.0,-16.709882,15.08382
0.0,-16.705312,15.08018
0.0,-16.704749,15.074631
0.0,-16.70629,15.065811
0.0,-16.711928,15.043979
0.0,-16.715269,15.027961
0.0,-16.714,15.02242
0.0,-16.713341,15.00818
0.0,-16.70992,15.002209
0.0,-16.70102,14.99608
0.0,-16.69065,14.98788
0.0,-16.6817,14.978041
