0,0,0,8,9,24,21,65,44,0,0,0,0,0,0,0,0,39,61,
0.0,-12.47698,14.64484
0.0,-12.47623,14.503871
0.0,-12.475111,14.34786
0.0,-12.4753,14.318001
0.0,-12.47414,14.313131
0.0,-12.471551,14.310111
0.0,-12.464691,14.30728
0.0,-12.45616,14.30421
0.0,-12.453119,14.298631
0.0,-12.454099,14.29332
0.0,-12.45745,14.28894
0.0,-12.47365,14.278882
0.0,-12.47845,14.271042
0.0,-12.47971,14.26041
0.0,-12.47888,14.168289
0.0,-12.48742,14.16789
0.0,-12.518501,14.167412
0.0,-12.53961,14.16663
0.0,-12.62506,14.156561
0.0,-12.71192,14.147159
0.0,-12.72283,14.147688
0.0,-12.737259,14.153101
0.0,-12.747898,14.1608
0.0,-12.75923,14.171282
0.0,-12.777219,14.178331
0.0,-12.79571,14.180521
0.0,-12.806178,14.174789
0.0,-12.82473,14.16402
0.0,-12.863241,14.146412
0.0,-12.887949,14.135431
0.0,-12.915989,14.12378
0.0,-12.94309,14.107021
0.0,-12.96709,14.095111
0.0,-12.97469,14.090979
0.0,-12.983951,14.087321
0.0,-13.01884,14.077771
0.0,-13.166931,14.029351
0.0,-13.26206,13.998231
0.0,-13.26704,13.996629
0.0,-13.269431,13.991319
0.0,-13.275131,13.98416
0.0,-13.28012,13.98163
0.0,-13.29007,13.980969
0.0,-13.3095,13.98127
0.0,-13.3249,13.98155
0.0,-13.33558,13.97812
0.0,-13.482149,13.89222
0.0,-13.48405,13.892461
0.0,-13.487601,13.892461
0.0,-13.494951,13.88832
0.0,-13.503491,13.880471
0.0,-13.5125,13.86869
0.0,-13.516539,13.864542
0.0,-13.51914,13.862919
0.0,-13.524359,13.86131
0.0,-13.530522,13.85809
0.0,-13.5381,13.853009
0.0,-13.5464,13.849331
0.0,-13.552561,13.848419
0.0,-13.559419,13.851209
0.0,-13.567459,13.85724
0.0,-13.573381,13.857951
0.0,-13.5786,13.856802
0.0,-13.585469,13.8552
0.0,-13.591621,13.855899
0.0,-13.59635,13.864711
0.0,-13.597291,13.876282
0.0,-13.597749,13.88739
0.0,-13.60011,13.897339
0.0,-13.60484,13.901049
0.0,-13.610531,13.901521
0.0,-13.614081,13.898289
0.0,-13.61551,13.892972
0.0,-13.617881,13.886269
0.0,-13.62333,13.88234
0.0,-13.627599,13.881191
0.0,-13.634229,13.88259
0.0,-13.642279,13.88793
0.0,-13.649859,13.888181
0.0,-13.655548,13.88633
0.0,-13.66076,13.887272
0.0,-13.66525,13.892831
0.0,-13.67354,13.898861
0.0,-13.679939,13.89864
0.0,-13.684671,13.898412
0.0,-13.687269,13.905591
0.0,-13.68798,13.913689
0.0,-13.688691,13.919011
0.0,-13.692951,13.92689
0.0,-13.699339,13.938473
0.0,-13.70336,13.94773
0.0,-13.70336,13.95374
0.0,-13.69933,13.965079
0.0,-13.692689,13.983811
0.0,-13.692199,13.997229
0.0,-13.693379,14.01019
0.0,-13.696461,14.022689
0.0,-13.69314,14.032181
0.0,-13.68981,14.04004
0.0,-13.678191,14.05113
0.0,-13.674631,14.05737
0.0,-13.67273,14.06315
0.0,-13.67059,14.074949
0.0,-13.66845,14.082122
0.0,-13.66513,14.09184
0.0,-13.663231,14.102481
0.0,-13.657289,14.113809
0.0,-13.651589,14.12398
0.0,-13.639489,14.13368
0.0,-13.626911,14.14708
0.0,-13.61694,14.155631
0.0,-13.61338,14.1577
0.0,-13.605551,14.162778
0.0,-13.598191,14.169709
0.0,-13.592491,14.17571
0.0,-13.58822,14.18242
0.0,-13.58417,14.192131
0.0,-13.58084,14.20138
0.0,-13.57798,14.216181
0.0,-13.574889,14.22243
0.0,-13.56753,14.23074
0.0,-13.560399,14.236511
0.0,-13.5471,14.248291
0.0,-13.53784,14.257061
0.0,-13.53023,14.26838
0.0,-13.521669,14.28109
0.0,-13.51168,14.29797
0.0,-13.511901,14.309541
0.0,-13.514251,14.32297
0.0,-13.515181,14.337549
0.0,-13.514921,14.353982
0.0,-13.514201,14.361391
0.0,-13.516081,14.374811
0.0,-13.51725,14.3887
0.0,-13.51485,14.400389
0.0,-13.38615,14.498641
0.0,-13.24067,14.604399
0.0,-13.12971,14.5859
0.0,-13.025909,14.568312
0.0,-12.95537,14.555701
0.0,-12.948731,14.553579
0.0,-12.9378,14.552832
0.0,-12.925441,14.554149
0.0,-12.83505,14.56825
0.0,-12.794621,14.574502
0.0,-12.772709,14.581319
0.0,-12.726249,14.60117
0.0,-12.65006,14.702309
0.0,-12.626001,14.694471
0.0,-12.47667,14.655019
0.0,-12.47698,14.64484
