0,0,0,1,8,7,13,7,75,0,0,0,0,0,0,0,0,0,22,
0.0,-16.04374,14.583671
0.0,-16.04648,14.572772
0.0,-16.046861,14.56443
0.0,-16.04276,14.558691
0.0,-16.03794,14.552251
0.0,-16.03503,14.547189
0.0,-16.037122,14.543011
0.0,-16.040898,14.540201
0.0,-16.04609,14.53667
0.0,-16.0503,14.530619
0.0,-16.052381,14.525049
0.0,-16.054671,14.522911
0.0,-16.06278,14.525851
0.0,-16.072799,14.52922
0.0,-16.08613,14.53095
0.0,-16.121789,14.531991
0.0,-16.13868,14.534141
0.0,-16.15184,14.541179
0.0,-16.160949,14.548271
0.0,-16.174829,14.55669
0.0,-16.184621,14.560531
0.0,-16.211081,14.567211
0.0,-16.23112,14.57372
0.0,-16.244949,14.57728
0.0,-16.25753,14.575762
0.0,-16.262991,14.57524
0.0,-16.323459,14.563019
0.0,-16.33307,14.57148
0.0,-16.355699,14.594162
0.0,-16.345869,14.6015
0.0,-16.33296,14.614141
0.0,-16.33137,14.619711
0.0,-16.329321,14.645891
0.0,-16.32858,14.6628
0.0,-16.325551,14.668161
0.0,-16.313298,14.67732
0.0,-16.303639,14.684372
0.0,-16.295879,14.691622
0.0,-16.288602,14.698881
0.0,-16.279681,14.7087
0.0,-16.281429,14.715391
0.0,-16.26205,14.730939
0.0,-16.234069,14.75877
0.0,-16.215232,14.775389
0.0,-16.201969,14.78062
0.0,-16.15455,14.79615
0.0,-16.126569,14.805681
0.0,-16.102209,14.79759
0.0,-16.09671,14.795562
0.0,-16.09733,14.786769
0.0,-16.098321,14.768481
0.0,-16.096028,14.75531
0.0,-16.091379,14.74355
0.0,-16.07917,14.692771
0.0,-16.07584,14.671281
0.0,-16.063979,14.652651
0.0,-16.057199,14.64069
0.0,-16.046061,14.622051
0.0,-16.041881,14.60937
0.0,-16.041261,14.59642
0.0,-16.04374,14.583671
