0,0,0,9,4,28,10,80,0,0,0,0,0,0,0,0,0,83,48,
0.0,-16.667579,14.91626
0.0,-16.659419,14.911502
0.0,-16.641341,14.912639
0.0,-16.63011,14.909772
0.0,-16.62884,14.904461
0.0,-16.63258,14.899089
0.0,-16.636819,14.895801
0.0,-16.63867,14.891842
0.0,-16.638809,14.88489
0.0,-16.631322,14.859752
0.0,-16.624318,14.852891
0.0,-16.61783,14.84834
0.0,-16.615409,14.845359
0.0,-16.613711,14.842829
0.0,-16.61367,14.84006
0.0,-16.61718,14.835378
0.0,-16.623051,14.829991
0.0,-16.628731,14.827139
0.0,-16.632259,14.824322
0.0,-16.633891,14.821979
0.0,-16.634782,14.817572
0.0,-16.632311,14.811122
0.0,-16.625932,14.79685
0.0,-16.620412,14.79344
0.0,-16.614659,14.7905
0.0,-16.604759,14.780201
0.0,-16.596581,14.755759
0.0,-16.59899,14.74115
0.0,-16.597869,14.72866
0.0,-16.597509,14.71963
0.0,-16.602208,14.714949
0.0,-16.604699,14.70635
0.0,-16.606521,14.70008
0.0,-16.602341,14.69041
0.0,-16.6018,14.68555
0.0,-16.608079,14.675292
0.0,-16.61764,14.66105
0.0,-16.62198,14.648501
0.0,-16.62358,14.643161
0.0,-16.624241,14.639681
0.0,-16.638909,14.6474
0.0,-16.64393,14.648961
0.0,-16.65652,14.647879
0.0,-16.677709,14.666599
0.0,-16.696681,14.663119
0.0,-16.709239,14.659721
0.0,-16.72566,14.660671
0.0,-16.741359,14.661161
0.0,-16.75038,14.660122
0.0,-16.77068,14.698061
0.0,-16.774709,14.713752
0.0,-16.776332,14.726691
0.0,-16.78089,14.72964
0.0,-16.78685,14.73049
0.0,-16.800899,14.731229
0.0,-16.807141,14.735081
0.0,-16.808509,14.747101
0.0,-16.806009,14.754779
0.0,-16.801081,14.7597
0.0,-16.801849,14.76339
0.0,-16.80594,14.766581
0.0,-16.819699,14.779601
0.0,-16.82736,14.782509
0.0,-16.829848,14.80585
0.0,-16.83313,14.834289
0.0,-16.83551,14.849769
0.0,-16.839229,14.859439
0.0,-16.83071,14.86302
0.0,-16.822389,14.863829
0.0,-16.792361,14.86098
0.0,-16.758512,14.857951
0.0,-16.747841,14.860862
0.0,-16.740789,14.866511
0.0,-16.735629,14.871899
0.0,-16.72491,14.888011
0.0,-16.71761,14.893191
0.0,-16.705079,14.8996
0.0,-16.692309,14.905551
0.0,-16.686639,14.9084
0.0,-16.67845,14.918232
0.0,-16.672221,14.924301
0.0,-16.667579,14.91626
