0,0,0,1,8,7,13,6,28,0,0,0,0,0,0,0,0,78,67,
0.0,-16.344789,14.999859
0.0,-16.32355,14.996621
0.0,-16.302131,14.997783
0.0,-16.28227,14.990811
0.0,-16.246969,14.966641
0.0,-16.230142,14.953381
0.0,-16.215031,14.94405
0.0,-16.20883,14.943412
0.0,-16.200759,14.945579
0.0,-16.193899,14.949579
0.0,-16.181861,14.958971
0.0,-16.176639,14.96087
0.0,-16.16094,14.96172
0.0,-16.11015,14.95667
0.0,-16.09825,14.957481
0.0,-16.092698,14.928189
0.0,-16.093669,14.907821
0.0,-16.097829,14.896671
0.0,-16.106002,14.88201
0.0,-16.109462,14.871341
0.0,-16.109769,14.857219
0.0,-16.10362,14.83877
0.0,-16.09609,14.824961
0.0,-16.093581,14.81341
0.0,-16.09537,14.803441
0.0,-16.09671,14.795562
0.0,-16.102209,14.79759
0.0,-16.126569,14.805681
0.0,-16.15455,14.79615
0.0,-16.201969,14.78062
0.0,-16.215232,14.775389
0.0,-16.234069,14.75877
0.0,-16.26205,14.730939
0.0,-16.281429,14.715391
0.0,-16.29994,14.7314
0.0,-16.310281,14.739851
0.0,-16.3139,14.744211
0.0,-16.318278,14.7525
0.0,-16.32169,14.75848
0.0,-16.32987,14.766031
0.0,-16.33787,14.777981
0.0,-16.34163,14.792519
0.0,-16.343652,14.821211
0.0,-16.346749,14.839921
0.0,-16.34762,14.85288
0.0,-16.351111,14.86534
0.0,-16.356,14.87501
0.0,-16.36359,14.89183
0.0,-16.36542,14.904541
0.0,-16.36454,14.910339
0.0,-16.36207,14.92217
0.0,-16.356198,14.946999
0.0,-16.35169,14.96696
0.0,-16.352329,14.979921
0.0,-16.361071,15.0064
0.0,-16.35556,15.003921
0.0,-16.344789,14.999859
