0,0,0,5,5,20,12,49,62,0,0,0,0,0,0,0,0,2,77,
0.0,-15.79608,15.46891
0.0,-15.766882,15.43697
0.0,-15.8014,15.38042
0.0,-15.80772,15.368099
0.0,-15.808871,15.363459
0.0,-15.809069,15.35952
0.0,-15.872299,15.35968
0.0,-15.885919,15.361868
0.0,-15.91104,15.36814
0.0,-15.95804,15.38924
0.0,-15.964969,15.390111
0.0,-15.975442,15.387702
0.0,-15.99161,15.38199
0.0,-15.99971,15.38053
0.0,-16.013309,15.381099
0.0,-16.061372,15.388981
0.0,-16.156058,15.40495
0.0,-16.15016,15.430939
0.0,-16.143881,15.44582
0.0,-16.139642,15.45049
0.0,-16.13107,15.45266
0.0,-16.106221,15.450121
0.0,-16.099809,15.4532
0.0,-16.098419,15.456919
0.0,-16.100149,15.46269
0.0,-16.104821,15.47399
0.0,-16.105391,15.481623
0.0,-16.10401,15.486261
0.0,-16.098829,15.49303
0.0,-16.09438,15.50048
0.0,-16.092291,15.50583
0.0,-16.091181,15.512781
0.0,-16.086399,15.533899
0.0,-16.081262,15.5439
0.0,-16.069071,15.563929
0.0,-16.056611,15.58164
0.0,-16.05264,15.589551
0.0,-16.052499,15.598809
0.0,-16.05522,15.606661
0.0,-16.05853,15.625149
0.0,-16.054001,15.64696
0.0,-16.029209,15.652519
0.0,-15.9996,15.654178
0.0,-15.983599,15.655491
0.0,-15.96331,15.656601
0.0,-15.944869,15.65329
0.0,-15.903099,15.63468
0.0,-15.892989,15.62806
0.0,-15.89149,15.62135
0.0,-15.89025,15.593811
0.0,-15.885359,15.583901
0.0,-15.876199,15.575651
0.0,-15.862289,15.56998
0.0,-15.843571,15.56134
0.0,-15.831102,15.555891
0.0,-15.82173,15.551109
0.0,-15.818341,15.546052
0.0,-15.817801,15.54026
0.0,-15.82036,15.53353
0.0,-15.825331,15.528391
0.0,-15.830311,15.525341
0.0,-15.83623,15.52043
0.0,-15.830659,15.51307
0.0,-15.79608,15.46891
