0,0,0,3,0,13,18,26,42,0,0,0,0,0,0,0,0,92,87,
0.0,-15.946189,14.10255
0.0,-15.929581,14.101082
0.0,-15.9104,14.104029
0.0,-15.874191,14.11083
0.0,-15.84647,14.112692
0.0,-15.84267,14.08888
0.0,-15.838479,14.073411
0.0,-15.827959,14.064251
0.0,-15.810061,14.05237
0.0,-15.79505,14.04509
0.0,-15.78386,14.039858
0.0,-15.777421,14.036211
0.0,-15.77377,14.02629
0.0,-15.772979,14.017732
0.0,-15.76933,14.008501
0.0,-15.76115,13.99561
0.0,-15.75228,13.98573
0.0,-15.725701,13.95656
0.0,-15.710652,13.944191
0.0,-15.70254,13.938229
0.0,-15.68487,13.92333
0.0,-15.67599,13.911141
0.0,-15.67522,13.905131
0.0,-15.67538,13.896101
0.0,-15.68004,13.8875
0.0,-15.688929,13.87633
0.0,-15.69643,13.86724
0.0,-15.701359,13.863268
0.0,-15.704161,13.86533
0.0,-15.709389,13.867601
0.0,-15.715809,13.870331
0.0,-15.728629,13.873458
0.0,-15.749299,13.879311
0.0,-15.77379,13.888819
0.0,-15.802061,13.89714
0.0,-15.83287,13.898029
0.0,-15.853469,13.896931
0.0,-15.8757,13.892801
0.0,-15.8984,13.888441
0.0,-15.912811,13.88461
0.0,-15.926283,13.88125
0.0,-15.936459,13.880231
0.0,-15.953049,13.881469
0.0,-15.970831,13.882921
0.0,-15.984109,13.883491
0.0,-15.98954,13.90426
0.0,-15.97977,13.922391
0.0,-15.97984,13.928401
0.0,-15.982279,13.93579
0.0,-15.98782,13.944521
0.0,-15.993761,13.94539
0.0,-16.004699,13.949219
0.0,-16.01895,13.952321
0.0,-16.05001,13.953879
0.0,-16.046651,13.971721
0.0,-16.037491,14.002111
0.0,-16.03469,14.027589
0.0,-16.039921,14.05136
0.0,-16.050601,14.074159
0.0,-16.065871,14.104551
0.0,-16.078119,14.119231
0.0,-16.05153,14.13846
0.0,-16.048139,14.143262
0.0,-16.036012,14.1399
0.0,-15.977139,14.113371
0.0,-15.946189,14.10255
