0,0,0,1,8,8,6,9,25,0,0,0,0,0,0,0,0,69,6,
0.0,-15.804021,14.99438
0.0,-15.801441,14.97403
0.0,-15.799109,14.95483
0.0,-15.78429,14.948941
0.0,-15.77898,14.91657
0.0,-15.769499,14.89627
0.0,-15.762272,14.887299
0.0,-15.745021,14.87517
0.0,-15.71108,14.861089
0.0,-15.680781,14.852529
0.0,-15.679778,14.847437
0.0,-15.683719,14.835611
0.0,-15.692799,14.81424
0.0,-15.71526,14.798092
0.0,-15.737981,14.784481
0.0,-15.742979,14.784401
0.0,-15.75445,14.788932
0.0,-15.764929,14.789771
0.0,-15.770151,14.788109
0.0,-15.782431,14.778519
0.0,-15.80444,14.76653
0.0,-15.81084,14.7637
0.0,-15.817051,14.76573
0.0,-15.826131,14.770052
0.0,-15.839031,14.775262
0.0,-15.855231,14.776741
0.0,-15.875201,14.77541
0.0,-15.887749,14.769518
0.0,-15.902391,14.758052
0.0,-15.9099,14.748259
0.0,-15.917381,14.73454
0.0,-15.92747,14.72126
0.0,-15.942629,14.71465
0.0,-15.961919,14.717021
0.0,-15.98384,14.72005
0.0,-16.008899,14.727692
0.0,-16.024441,14.735409
0.0,-16.032579,14.73996
0.0,-16.042102,14.74056
0.0,-16.05419,14.736049
0.0,-16.065139,14.73687
0.0,-16.091379,14.74355
0.0,-16.096028,14.75531
0.0,-16.098321,14.768481
0.0,-16.09733,14.786769
0.0,-16.09671,14.795562
0.0,-16.09537,14.803441
0.0,-16.093581,14.81341
0.0,-16.09609,14.824961
0.0,-16.10362,14.83877
0.0,-16.109769,14.857219
0.0,-16.109462,14.871341
0.0,-16.106002,14.88201
0.0,-16.097829,14.896671
0.0,-16.093669,14.907821
0.0,-16.092698,14.928189
0.0,-16.09825,14.957481
0.0,-16.089211,14.95826
0.0,-16.081859,14.960881
0.0,-16.07354,14.96234
0.0,-16.05711,14.96273
0.0,-16.02496,14.963031
0.0,-16.00642,14.966221
0.0,-15.990071,14.97377
0.0,-15.97184,14.984361
0.0,-15.96614,14.985571
0.0,-15.957801,14.985409
0.0,-15.94945,14.984101
0.0,-15.932769,14.983089
0.0,-15.919922,14.985049
0.0,-15.904061,14.99376
0.0,-15.890819,15.004062
0.0,-15.882539,15.009461
0.0,-15.86442,15.007761
0.0,-15.80602,15.004089
0.0,-15.804021,14.99438
