0,0,0,3,0,14,8,27,12,0,0,0,0,0,0,0,0,68,29,
0.0,-15.51011,13.792742
0.0,-15.492089,13.789861
0.0,-15.46822,13.79511
0.0,-15.450269,13.80033
0.0,-15.436779,13.801572
0.0,-15.42418,13.794949
0.0,-15.41438,13.783439
0.0,-15.41069,13.76635
0.0,-15.410451,13.7374
0.0,-15.413571,13.73518
0.0,-15.438119,13.710001
0.0,-15.446611,13.698069
0.0,-15.44871,13.695131
0.0,-15.4579,13.681429
0.0,-15.471871,13.641909
0.0,-15.472808,13.638228
0.0,-15.47962,13.611451
0.0,-15.481129,13.58728
0.0,-15.49035,13.58744
0.0,-15.509821,13.587782
0.0,-15.515681,13.58631
0.0,-15.53356,13.586971
0.0,-15.55023,13.585799
0.0,-15.582701,13.58693
0.0,-15.619331,13.586651
0.0,-15.74857,13.585621
0.0,-15.756029,13.58556
0.0,-15.747521,13.61463
0.0,-15.74147,13.624631
0.0,-15.73296,13.626081
0.0,-15.72114,13.626641
0.0,-15.698679,13.627981
0.0,-15.68755,13.67781
0.0,-15.68521,13.6806
0.0,-15.6777,13.687601
0.0,-15.671129,13.692752
0.0,-15.662441,13.700451
0.0,-15.655649,13.708831
0.0,-15.65267,13.71857
0.0,-15.651611,13.732689
0.0,-15.65051,13.741491
0.0,-15.648871,13.74313
0.0,-15.642501,13.745031
0.0,-15.635661,13.74832
0.0,-15.627452,13.756481
0.0,-15.619981,13.76787
0.0,-15.61413,13.775781
0.0,-15.583729,13.81812
0.0,-15.57172,13.825849
0.0,-15.534809,13.802511
0.0,-15.51011,13.792742
