0,0,0,2,6,11,20,17,34,0,0,0,0,0,0,0,0,37,78,
0.0,-15.537011,14.82373
0.0,-15.52487,14.823582
0.0,-15.50707,14.82995
0.0,-15.478091,14.835941
0.0,-15.47547,14.83596
0.0,-15.471411,14.835062
0.0,-15.464961,14.83186
0.0,-15.45803,14.827511
0.0,-15.447699,14.815771
0.0,-15.35698,14.71357
0.0,-15.373159,14.66131
0.0,-15.392739,14.61188
0.0,-15.400279,14.603962
0.0,-15.414719,14.595989
0.0,-15.4482,14.59253
0.0,-15.47573,14.587251
0.0,-15.491159,14.583901
0.0,-15.550351,14.585109
0.0,-15.56008,14.58388
0.0,-15.592389,14.55494
0.0,-15.618631,14.539241
0.0,-15.649101,14.51887
0.0,-15.668729,14.50946
0.0,-15.68035,14.507511
0.0,-15.69153,14.50835
0.0,-15.7003,14.506201
0.0,-15.70786,14.50151
0.0,-15.718829,14.48059
0.0,-15.73079,14.46452
0.0,-15.744661,14.450061
0.0,-15.759069,14.44115
0.0,-15.773202,14.42876
0.0,-15.778109,14.421321
0.0,-15.78602,14.40412
0.0,-15.79921,14.36976
0.0,-15.83816,14.37082
0.0,-15.88447,14.370882
0.0,-15.91537,14.374079
0.0,-15.92636,14.380461
0.0,-15.92273,14.39669
0.0,-15.91592,14.40462
0.0,-15.912421,14.41044
0.0,-15.90807,14.425991
0.0,-15.90539,14.441519
0.0,-15.897089,14.466361
0.0,-15.887551,14.485189
0.0,-15.885801,14.50025
0.0,-15.886699,14.51784
0.0,-15.88467,14.53742
0.0,-15.86499,14.54245
0.0,-15.847001,14.549089
0.0,-15.829529,14.561269
0.0,-15.815389,14.574119
0.0,-15.801069,14.59276
0.0,-15.7948,14.607859
0.0,-15.793049,14.622922
0.0,-15.79381,14.652539
0.0,-15.79833,14.67797
0.0,-15.799909,14.693001
0.0,-15.79717,14.705529
0.0,-15.793019,14.71899
0.0,-15.782859,14.725779
0.0,-15.771261,14.731662
0.0,-15.76345,14.735659
0.0,-15.75968,14.739172
0.0,-15.762951,14.758581
0.0,-15.76278,14.76553
0.0,-15.744829,14.779799
0.0,-15.737981,14.784481
0.0,-15.71526,14.798092
0.0,-15.692799,14.81424
0.0,-15.683719,14.835611
0.0,-15.679778,14.847437
0.0,-15.680781,14.852529
0.0,-15.6639,14.85497
0.0,-15.62086,14.859699
0.0,-15.548211,14.826191
0.0,-15.537011,14.82373
