0,0,0,2,6,11,20,18,45,0,0,0,0,0,0,0,0,60,32,
0.0,-15.9104,14.104029
0.0,-15.929581,14.101082
0.0,-15.946189,14.10255
0.0,-15.977139,14.113371
0.0,-16.036012,14.1399
0.0,-16.048139,14.143262
0.0,-16.052381,14.16242
0.0,-16.0594,14.174851
0.0,-16.0659,14.182661
0.0,-16.07757,14.187179
0.0,-16.088979,14.18892
0.0,-16.103461,14.190401
0.0,-16.11154,14.19124
0.0,-16.11621,14.205311
0.0,-16.091921,14.218282
0.0,-16.08904,14.23682
0.0,-16.071099,14.24464
0.0,-16.06856,14.271972
0.0,-16.018519,14.29745
0.0,-16.00979,14.301922
0.0,-16.002889,14.322361
0.0,-15.993431,14.325221
0.0,-15.988321,14.33545
0.0,-15.96847,14.366191
0.0,-15.95575,14.375802
0.0,-15.93803,14.38429
0.0,-15.931871,14.385272
0.0,-15.92636,14.380461
0.0,-15.91537,14.374079
0.0,-15.88447,14.370882
0.0,-15.83816,14.37082
0.0,-15.79921,14.36976
0.0,-15.80075,14.357011
0.0,-15.801131,14.347751
0.0,-15.792039,14.317051
0.0,-15.790011,14.30364
0.0,-15.789211,14.294619
0.0,-15.7934,14.28625
0.0,-15.804591,14.265791
0.0,-15.812691,14.24536
0.0,-15.823291,14.21379
0.0,-15.83297,14.185469
0.0,-15.838641,14.159271
0.0,-15.84647,14.112692
0.0,-15.874191,14.11083
0.0,-15.9104,14.104029
