0,0,0,8,9,25,23,67,26,0,0,0,0,0,0,0,0,54,51,
0.0,-12.575441,13.193421
0.0,-12.56815,13.188512
0.0,-12.561549,13.186611
0.0,-12.552581,13.187021
0.0,-12.54503,13.187192
0.0,-12.53796,13.185059
0.0,-12.53205,13.18664
0.0,-12.528021,13.189391
0.0,-12.522081,13.19536
0.0,-12.517569,13.198569
0.0,-12.512379,13.198531
0.0,-12.489959,13.18205
0.0,-12.489251,13.18136
0.0,-12.4851,13.181731
0.0,-12.49052,13.167491
0.0,-12.484909,13.16028
0.0,-12.47432,13.15465
0.0,-12.46704,13.148579
0.0,-12.46545,13.139088
0.0,-12.465759,13.127531
0.0,-12.462981,13.121031
0.0,-12.459451,13.11846
0.0,-12.45641,13.11428
0.0,-12.45502,13.110572
0.0,-12.451271,13.106841
0.0,-12.445379,13.10564
0.0,-12.439499,13.103051
0.0,-12.43503,13.100701
0.0,-12.430561,13.097891
0.0,-12.423981,13.094841
0.0,-12.41903,13.09388
0.0,-12.41573,13.09339
0.0,-12.40892,13.08918
0.0,-12.40307,13.08196
0.0,-12.40051,13.076389
0.0,-12.399849,13.069449
0.0,-12.399669,13.06181
0.0,-12.39994,13.056499
0.0,-12.396909,13.051159
0.0,-12.392921,13.047889
0.0,-12.38893,13.044621
0.0,-12.3873,13.0423
0.0,-12.38805,13.035591
0.0,-12.388791,13.031201
0.0,-12.38929,13.026579
0.0,-12.388839,13.023801
0.0,-12.390049,13.020111
0.0,-12.393139,13.015279
0.0,-12.394849,13.00789
0.0,-12.393219,13.003952
0.0,-12.377019,12.99411
0.0,-12.370191,12.9929
0.0,-12.36522,12.99471
0.0,-12.35978,12.997452
0.0,-12.347951,13.00314
0.0,-12.33336,12.998172
0.0,-12.323719,12.994621
0.0,-12.318739,12.99736
0.0,-12.311421,12.999382
0.0,-12.30271,12.997461
0.0,-12.291649,12.993901
0.0,-12.282711,12.99128
0.0,-12.277779,12.988
0.0,-12.27405,12.98173
0.0,-12.271529,12.972689
0.0,-12.26732,12.9678
0.0,-12.263819,12.962221
0.0,-12.26033,12.955721
0.0,-12.240351,12.94861
0.0,-12.22599,12.94502
0.0,-12.214521,12.93452
0.0,-12.207921,12.93377
0.0,-12.19826,12.932991
0.0,-12.189319,12.93153
0.0,-12.184181,12.925239
0.0,-12.182661,12.908121
0.0,-12.178819,12.887271
0.0,-12.169021,12.8747
0.0,-12.15401,12.866239
0.0,-12.12138,12.850461
0.0,-12.085461,12.833491
0.0,-12.071191,12.821571
0.0,-12.06282,12.807853
0.0,-12.05748,12.798779
0.0,-12.04675,12.786199
0.0,-12.037159,12.778251
0.0,-12.029909,12.771701
0.0,-12.026189,12.766122
0.0,-12.018181,12.739219
0.0,-11.997791,12.72747
0.0,-11.97619,12.71854
0.0,-11.989379,12.707751
0.0,-11.992978,12.699461
0.0,-11.994899,12.695778
0.0,-11.9994,12.692362
0.0,-12.007209,12.688731
0.0,-12.022101,12.68193
0.0,-12.034171,12.675339
0.0,-12.043151,12.670571
0.0,-12.049551,12.66578
0.0,-12.05879,12.658932
0.0,-12.069178,12.656251
0.0,-12.07863,12.651941
0.0,-12.085251,12.648069
0.0,-12.110139,12.627949
0.0,-12.122971,12.613729
0.0,-12.126291,12.610532
0.0,-12.127511,12.605221
0.0,-12.12834,12.60338
0.0,-12.133792,12.6009
0.0,-12.14294,12.599312
0.0,-12.144221,12.568281
0.0,-12.14589,12.56602
0.0,-12.16064,12.572931
0.0,-12.169921,12.57276
0.0,-12.176761,12.568101
0.0,-12.18443,12.560361
0.0,-12.187482,12.545661
0.0,-12.19044,12.537121
0.0,-12.194399,12.53414
0.0,-12.19826,12.53483
0.0,-12.1989,12.540271
0.0,-12.19591,12.544902
0.0,-12.19678,12.548811
0.0,-12.208361,12.550281
0.0,-12.217621,12.54786
0.0,-12.22847,12.54709
0.0,-12.248371,12.530632
0.0,-12.254591,12.522072
0.0,-12.252129,12.51427
0.0,-12.251869,12.49106
0.0,-12.26272,12.473241
0.0,-12.26492,12.458541
0.0,-12.269451,12.450821
0.0,-12.26321,12.435342
0.0,-12.2539,12.43007
0.0,-12.240791,12.433231
0.0,-12.237051,12.43159
0.0,-12.237,12.424609
0.0,-12.226651,12.4062
0.0,-12.21977,12.402331
0.0,-12.21601,12.397731
0.0,-12.218129,12.390741
0.0,-12.2119,12.376091
0.0,-12.195183,12.358494
0.0,-12.21067,12.35812
0.0,-12.23476,12.355052
0.0,-12.29201,12.33118
0.0,-12.29784,12.327019
0.0,-12.302735,12.32517
0.0,-12.303275,12.324968
0.0,-12.30565,12.324072
0.0,-12.309529,12.322611
0.0,-12.330782,12.311491
0.0,-12.34363,12.307311
0.0,-12.353229,12.30727
0.0,-12.353569,12.307477
0.0,-12.36003,12.311391
0.0,-12.365384,12.318151
0.0,-12.368019,12.321478
0.0,-12.368671,12.325018
0.0,-12.368739,12.325389
0.0,-12.376499,12.333409
0.0,-12.37745,12.33686
0.0,-12.38993,12.356139
0.0,-12.400369,12.36547
0.0,-12.404029,12.368741
0.0,-12.409649,12.371852
0.0,-12.40675,12.3825
0.0,-12.403639,12.390098
0.0,-12.401221,12.399561
0.0,-12.400469,12.40603
0.0,-12.401139,12.411121
0.0,-12.403229,12.415292
0.0,-12.406479,12.42109
0.0,-12.40763,12.42527
0.0,-12.40758,12.432661
0.0,-12.407981,12.443061
0.0,-12.410301,12.447469
0.0,-12.414759,12.44913
0.0,-12.42205,12.449411
0.0,-12.429829,12.446931
0.0,-12.440671,12.44354
0.0,-12.45314,12.44317
0.0,-12.465579,12.44604
0.0,-12.479662,12.451462
0.0,-12.48572,12.46074
0.0,-12.489681,12.466089
0.0,-12.498561,12.474939
0.0,-12.513539,12.487759
0.0,-12.53087,12.500131
0.0,-12.54279,12.5127
0.0,-12.551191,12.52477
0.0,-12.553018,12.53311
0.0,-12.551779,12.543961
0.0,-12.5496,12.553661
0.0,-12.55094,12.565229
0.0,-12.55019,12.572391
0.0,-12.548251,12.581851
0.0,-12.547011,12.592009
0.0,-12.550019,12.599891
0.0,-12.55187,12.605921
0.0,-12.553461,12.615639
0.0,-12.559509,12.62747
0.0,-12.56655,12.63168
0.0,-12.58156,12.639869
0.0,-12.594699,12.64713
0.0,-12.601701,12.658501
0.0,-12.602829,12.667061
0.0,-12.602061,12.677933
0.0,-12.597949,12.696852
0.0,-12.597881,12.707719
0.0,-12.60029,12.715151
0.0,-12.62083,12.719021
0.0,-12.635749,12.727732
0.0,-12.629739,12.74341
0.0,-12.632241,12.748741
0.0,-12.64278,12.75561
0.0,-12.668899,12.752862
0.0,-12.678489,12.743159
0.0,-12.704599,12.739351
0.0,-12.71857,12.73242
0.0,-12.718659,12.727071
0.0,-12.71569,12.71413
0.0,-12.7227,12.70605
0.0,-12.72881,12.703461
0.0,-12.736621,12.70954
0.0,-12.75758,12.708441
0.0,-12.770708,12.715279
0.0,-12.78733,12.716881
0.0,-12.81013,12.723632
0.0,-12.833819,12.738268
0.0,-12.84344,12.747811
0.0,-12.85587,12.767749
0.0,-12.861101,12.773989
0.0,-12.868941,12.76683
0.0,-12.87264,12.76934
0.0,-12.87287,12.794741
0.0,-12.884079,12.79918
0.0,-12.895429,12.80416
0.0,-12.898159,12.804142
0.0,-12.91193,12.791851
0.0,-12.926049,12.786369
0.0,-12.939701,12.775019
0.0,-12.94663,12.773221
0.0,-12.951149,12.775851
0.0,-12.95555,12.794791
0.0,-12.974809,12.80076
0.0,-12.994159,12.815561
0.0,-12.999481,12.81644
0.0,-13.003781,12.81025
0.0,-13.01073,12.810052
0.0,-13.014311,12.81443
0.0,-13.01613,12.819629
0.0,-13.001479,12.83902
0.0,-13.00496,12.846871
0.0,-13.02686,12.843191
0.0,-13.037959,12.823029
0.0,-13.046641,12.81853
0.0,-13.048471,12.811561
0.0,-13.04646,12.80115
0.0,-13.05872,12.801031
0.0,-13.076151,12.80073
0.0,-13.08392,12.799481
0.0,-13.089949,12.79746
0.0,-13.09135,12.7987
0.0,-13.098409,12.810941
0.0,-13.099758,12.809541
0.0,-13.102931,12.79859
0.0,-13.105641,12.797312
0.0,-13.11119,12.799541
0.0,-13.11429,12.801011
0.0,-13.124589,12.807691
0.0,-13.126691,12.810052
0.0,-13.130121,12.81456
0.0,-13.126971,12.820349
0.0,-13.119028,12.826371
0.0,-13.12463,12.83417
0.0,-13.137279,12.836139
0.0,-13.15549,12.841891
0.0,-13.168171,12.846131
0.0,-13.168419,12.852941
0.0,-13.164821,12.865551
0.0,-13.18794,12.880151
0.0,-13.188321,12.899531
0.0,-13.199621,12.907619
0.0,-13.19627,12.90993
0.0,-13.17806,12.9054
0.0,-13.172392,12.907731
0.0,-13.16679,12.91687
0.0,-13.162031,12.921461
0.0,-13.16557,12.93627
0.0,-13.172579,12.941961
0.0,-13.189971,12.970421
0.0,-13.199131,12.97714
0.0,-13.206009,12.971481
0.0,-13.20817,12.973553
0.0,-13.21188,12.987141
0.0,-13.232629,13.01207
0.0,-13.24637,13.014372
0.0,-13.25504,13.01615
0.0,-13.255279,13.016539
0.0,-13.256209,13.021631
0.0,-13.251719,13.026239
0.0,-13.24723,13.028539
0.0,-13.240151,13.0299
0.0,-13.231419,13.032409
0.0,-13.226681,13.03841
0.0,-13.224069,13.044411
0.0,-13.224048,13.052971
0.0,-13.223091,13.058049
0.0,-13.220491,13.060119
0.0,-13.21601,13.05964
0.0,-13.208701,13.05892
0.0,-13.20161,13.061901
0.0,-13.194989,13.06743
0.0,-13.18884,13.07295
0.0,-13.18436,13.072241
0.0,-13.18177,13.068531
0.0,-13.178261,13.060652
0.0,-13.17497,13.057871
0.0,-13.167891,13.056682
0.0,-13.161751,13.058512
0.0,-13.15657,13.057562
0.0,-13.148791,13.056142
0.0,-13.140279,13.060732
0.0,-13.133681,13.060012
0.0,-13.127559,13.055362
0.0,-13.110609,13.043502
0.0,-13.10025,13.040441
0.0,-13.096,13.040432
0.0,-13.08609,13.041772
0.0,-13.078029,13.0526
0.0,-13.070218,13.0609
0.0,-13.064541,13.0648
0.0,-13.05157,13.063123
0.0,-13.042139,13.063082
0.0,-13.036941,13.06514
0.0,-13.03243,13.07159
0.0,-13.02982,13.074819
0.0,-13.021101,13.07455
0.0,-13.014019,13.073591
0.0,-13.007392,13.079569
0.0,-13.002421,13.083482
0.0,-12.993701,13.082051
0.0,-12.98522,13.078769
0.0,-12.976031,13.07641
0.0,-12.97059,13.079159
0.0,-12.964191,13.085611
0.0,-12.958759,13.087199
0.0,-12.949811,13.08461
0.0,-12.946279,13.080891
0.0,-12.94371,13.07579
0.0,-12.94374,13.067929
0.0,-12.93574,13.063961
0.0,-12.926551,13.06067
0.0,-12.92349,13.059041
0.0,-12.921869,13.052319
0.0,-12.918799,13.05231
0.0,-12.915732,13.05391
0.0,-12.911939,13.056889
0.0,-12.9084,13.058261
0.0,-12.895001,13.046861
0.0,-12.883509,13.03131
0.0,-12.874561,13.02825
0.0,-12.872451,13.025929
0.0,-12.870591,13.01921
0.0,-12.864939,13.017793
0.0,-12.857399,13.017061
0.0,-12.85197,13.016571
0.0,-12.847041,13.013301
0.0,-12.840709,13.004941
0.0,-12.83719,13.000761
0.0,-12.831549,12.99657
0.0,-12.827071,12.99608
0.0,-12.821642,12.997901
0.0,-12.81973,13.00159
0.0,-12.82347,13.01016
0.0,-12.822029,13.01455
0.0,-12.819192,13.01615
0.0,-12.81635,13.019609
0.0,-12.81563,13.021451
0.0,-12.81632,13.025389
0.0,-12.81818,13.031181
0.0,-12.81508,13.037181
0.0,-12.791721,13.039821
0.0,-12.78699,13.041872
0.0,-12.785559,13.045332
0.0,-12.785529,13.051572
0.0,-12.7841,13.053881
0.0,-12.78008,13.055939
0.0,-12.775111,13.05822
0.0,-12.77156,13.061901
0.0,-12.77035,13.067681
0.0,-12.766539,13.074819
0.0,-12.761571,13.07641
0.0,-12.751189,13.076811
0.0,-12.742221,13.077679
0.0,-12.73581,13.08528
0.0,-12.722089,13.092829
0.0,-12.70549,13.108678
0.0,-12.693381,13.12202
0.0,-12.68983,13.124541
0.0,-12.68344,13.12751
0.0,-12.6806,13.129571
0.0,-12.677471,13.141121
0.0,-12.68003,13.147152
0.0,-12.68308,13.1511
0.0,-12.685869,13.15759
0.0,-12.68488,13.16614
0.0,-12.67895,13.173041
0.0,-12.667349,13.179219
0.0,-12.66001,13.183101
0.0,-12.65669,13.184701
0.0,-12.65313,13.188379
0.0,-12.648861,13.192739
0.0,-12.64484,13.19364
0.0,-12.639411,13.19407
0.0,-12.636569,13.194522
0.0,-12.630429,13.194711
0.0,-12.623829,13.19443
0.0,-12.617942,13.192771
0.0,-12.613441,13.193669
0.0,-12.609639,13.198041
0.0,-12.604139,13.210029
0.0,-12.60248,13.21164
0.0,-12.59825,13.209069
0.0,-12.590959,13.203
0.0,-12.58744,13.200671
0.0,-12.58177,13.200169
0.0,-12.57895,13.199449
0.0,-12.575441,13.193421
