0,0,0,7,2,23,14,59,9,0,0,0,0,0,0,0,0,90,85,
0.0,-14.195079,16.52951
0.0,-14.196291,16.518299
0.0,-14.194769,16.5123
0.0,-14.16537,16.497659
0.0,-14.162551,16.496219
0.0,-14.155504,16.486899
0.0,-14.15056,16.480361
0.0,-14.144961,16.475652
0.0,-14.142608,16.47467
0.0,-14.135131,16.47887
0.0,-14.127281,16.47916
0.0,-14.125451,16.476131
0.0,-14.129941,16.468969
0.0,-14.13212,16.465501
0.0,-14.12949,16.456031
0.0,-14.121059,16.45057
0.0,-14.11419,16.449271
0.0,-14.107911,16.443621
0.0,-14.10108,16.430849
0.0,-14.0969,16.42686
0.0,-14.077161,16.41701
0.0,-14.071809,16.412069
0.0,-14.06282,16.400399
0.0,-14.05447,16.391951
0.0,-14.050233,16.390248
0.0,-14.04453,16.384261
0.0,-14.038181,16.377581
0.0,-14.021431,16.352658
0.0,-14.01175,16.35014
0.0,-14.00316,16.351548
0.0,-13.994191,16.348829
0.0,-13.981309,16.34119
0.0,-13.967161,16.336729
0.0,-13.96018,16.33061
0.0,-13.956159,16.32019
0.0,-13.95453,16.319009
0.0,-13.952369,16.310239
0.0,-13.951501,16.30724
0.0,-13.954409,16.30455
0.0,-13.959931,16.302611
0.0,-13.97891,16.303739
0.0,-13.981551,16.302419
0.0,-13.982891,16.29648
0.0,-13.97769,16.276171
0.0,-13.958869,16.27827
0.0,-13.948089,16.27228
0.0,-13.947159,16.27045
0.0,-13.94537,16.26694
0.0,-13.957269,16.256661
0.0,-13.96131,16.2437
0.0,-13.965009,16.231839
0.0,-13.96497,16.22404
0.0,-13.96459,16.223951
0.0,-13.97983,16.20696
0.0,-14.009491,16.16599
0.0,-14.025039,16.147461
0.0,-14.03628,16.134499
0.0,-14.052309,16.122231
0.0,-14.073129,16.109949
0.0,-14.10782,16.087251
0.0,-14.11907,16.080299
0.0,-14.16764,16.062219
0.0,-14.193,16.054331
0.0,-14.212149,16.048749
0.0,-14.224831,16.046659
0.0,-14.28046,15.9827
0.0,-14.337721,15.917571
0.0,-14.37635,15.87329
0.0,-14.393281,15.85404
0.0,-14.429239,15.80536
0.0,-14.4816,15.7363
0.0,-14.511869,15.781379
0.0,-14.52678,15.806352
0.0,-14.53542,15.81628
0.0,-14.54718,15.828291
0.0,-14.57141,15.848381
0.0,-14.652071,15.920621
0.0,-14.60742,15.99015
0.0,-14.62248,16.04474
0.0,-14.60244,16.06216
0.0,-14.577871,16.08607
0.0,-14.548541,16.117399
0.0,-14.532341,16.14244
0.0,-14.52378,16.15751
0.0,-14.51664,16.17211
0.0,-14.509549,16.197591
0.0,-14.505531,16.213109
0.0,-14.50315,16.216592
0.0,-14.499569,16.22169
0.0,-14.489541,16.232821
0.0,-14.479531,16.246501
0.0,-14.473571,16.2574
0.0,-14.46907,16.272449
0.0,-14.446399,16.376209
0.0,-14.445011,16.39265
0.0,-14.44383,16.397279
0.0,-14.438349,16.407481
0.0,-14.435249,16.41489
0.0,-14.43408,16.42323
0.0,-14.43434,16.429009
0.0,-14.43243,16.43365
0.0,-14.424301,16.441071
0.0,-14.40325,16.459169
0.0,-14.373829,16.489308
0.0,-14.363019,16.487009
0.0,-14.32775,16.48475
0.0,-14.264889,16.485532
0.0,-14.26175,16.531169
0.0,-14.25618,16.5203
0.0,-14.25314,16.520241
0.0,-14.256611,16.53336
0.0,-14.25646,16.533859
0.0,-14.25404,16.54156
0.0,-14.247451,16.548999
0.0,-14.240491,16.5516
0.0,-14.233099,16.5519
0.0,-14.22388,16.549642
0.0,-14.209501,16.543819
0.0,-14.1985,16.53578
0.0,-14.195079,16.52951
