0,0,0,10,10,1,3,90,43,0,0,0,0,0,0,0,0,56,91,
0.0,-16.579027,12.638194
0.0,-16.579027,12.637916
0.0,-16.577083,12.637916
0.0,-16.577083,12.63764
0.0,-16.575417,12.63764
0.0,-16.575417,12.637362
0.0,-16.573749,12.637362
0.0,-16.573749,12.637084
0.0,-16.573473,12.637084
0.0,-16.573473,12.636806
0.0,-16.572639,12.636806
0.0,-16.572639,12.636528
0.0,-16.571527,12.636528
0.0,-16.571527,12.63625
0.0,-16.570417,12.63625
0.0,-16.570417,12.635972
0.0,-16.570139,12.635972
0.0,-16.570139,12.635694
0.0,-16.569585,12.635694
0.0,-16.569585,12.635972
0.0,-16.569304,12.635972
0.0,-16.569304,12.635694
0.0,-16.568751,12.635694
0.0,-16.568751,12.635418
0.0,-16.568195,12.635418
0.0,-16.568195,12.635137
0.0,-16.567363,12.635137
0.0,-16.567363,12.634862
0.0,-16.567082,12.634862
0.0,-16.567082,12.634584
0.0,-16.566529,12.634584
0.0,-16.566529,12.634306
0.0,-16.56625,12.634306
0.0,-16.56625,12.633749
0.0,-16.565972,12.633749
0.0,-16.565972,12.633193
0.0,-16.565416,12.633193
0.0,-16.565416,12.632918
0.0,-16.56486,12.632918
0.0,-16.56486,12.632639
0.0,-16.562916,12.632639
0.0,-16.562916,12.632918
0.0,-16.562084,12.632918
0.0,-16.562084,12.633193
0.0,-16.561806,12.633193
0.0,-16.561806,12.633471
0.0,-16.55986,12.633471
0.0,-16.55986,12.633193
0.0,-16.55875,12.633193
0.0,-16.55875,12.632918
0.0,-16.557916,12.632918
0.0,-16.557916,12.632639
0.0,-16.557638,12.632639
0.0,-16.557638,12.632083
0.0,-16.557084,12.632083
0.0,-16.557084,12.631805
0.0,-16.556806,12.631805
0.0,-16.556806,12.631251
0.0,-16.55625,12.631251
0.0,-16.55625,12.630971
0.0,-16.555974,12.630971
0.0,-16.555974,12.630695
0.0,-16.555694,12.630695
0.0,-16.555694,12.630417
0.0,-16.555415,12.630417
0.0,-16.555415,12.630139
0.0,-16.55514,12.630139
0.0,-16.55514,12.629861
0.0,-16.554862,12.629861
0.0,-16.554862,12.629583
0.0,-16.554584,12.629583
0.0,-16.554584,12.629305
0.0,-16.554306,12.629305
0.0,-16.554306,12.628749
0.0,-16.554027,12.628749
0.0,-16.554027,12.628473
0.0,-16.553749,12.628473
0.0,-16.553749,12.628195
0.0,-16.553193,12.628195
0.0,-16.553193,12.627917
0.0,-16.552918,12.627917
0.0,-16.552918,12.627361
0.0,-16.552639,12.627361
0.0,-16.552639,12.627083
0.0,-16.552361,12.627083
0.0,-16.552361,12.626251
0.0,-16.552083,12.626251
0.0,-16.552083,12.625695
0.0,-16.551251,12.625695
0.0,-16.551251,12.625139
0.0,-16.550971,12.625139
0.0,-16.550971,12.624583
0.0,-16.550417,12.624583
0.0,-16.550417,12.624029
0.0,-16.550139,12.624029
0.0,-16.550139,12.623751
0.0,-16.549583,12.623751
0.0,-16.549583,12.623473
0.0,-16.549029,12.623473
0.0,-16.549029,12.622917
0.0,-16.548471,12.622917
0.0,-16.548471,12.622639
0.0,-16.547917,12.622639
0.0,-16.547917,12.622361
0.0,-16.547639,12.622361
0.0,-16.547639,12.621529
0.0,-16.547361,12.621529
0.0,-16.547361,12.620973
0.0,-16.547083,12.620973
0.0,-16.547083,12.620416
0.0,-16.546527,12.620416
0.0,-16.546527,12.620138
0.0,-16.546249,12.620138
0.0,-16.546249,12.61986
0.0,-16.545695,12.61986
0.0,-16.545695,12.619582
0.0,-16.545417,12.619582
0.0,-16.545417,12.619307
0.0,-16.544861,12.619307
0.0,-16.544861,12.619028
0.0,-16.544307,12.619028
0.0,-16.544307,12.61875
0.0,-16.543751,12.61875
0.0,-16.543751,12.618472
0.0,-16.543473,12.618472
0.0,-16.543473,12.618194
0.0,-16.543195,12.618194
0.0,-16.543195,12.617916
0.0,-16.542639,12.617916
0.0,-16.542639,12.617638
0.0,-16.542085,12.617638
0.0,-16.542085,12.61736
0.0,-16.541529,12.61736
0.0,-16.541529,12.616806
0.0,-16.541251,12.616804
0.0,-16.541251,12.616528
0.0,-16.540973,12.616528
0.0,-16.540973,12.61625
0.0,-16.540695,12.61625
0.0,-16.540695,12.615694
0.0,-16.540416,12.615694
0.0,-16.540416,12.615416
0.0,-16.539863,12.615416
0.0,-16.539863,12.615138
0.0,-16.539582,12.615138
0.0,-16.539582,12.614862
0.0,-16.539028,12.614862
0.0,-16.539028,12.614584
0.0,-16.538472,12.614584
0.0,-16.538472,12.614306
0.0,-16.53764,12.614306
0.0,-16.53764,12.614028
0.0,-16.53736,12.614028
0.0,-16.53736,12.612916
0.0,-16.537082,12.612916
0.0,-16.537082,12.612638
0.0,-16.536528,12.612638
0.0,-16.536528,12.612084
0.0,-16.53625,12.612084
0.0,-16.53625,12.611806
0.0,-16.536528,12.611806
0.0,-16.536528,12.611528
0.0,-16.53625,12.611528
0.0,-16.53625,12.61125
0.0,-16.536528,12.61125
0.0,-16.536528,12.610696
0.0,-16.536806,12.610696
0.0,-16.536806,12.609862
0.0,-16.537082,12.609862
0.0,-16.537082,12.607918
0.0,-16.53736,12.607918
0.0,-16.53736,12.60764
0.0,-16.537082,12.60764
0.0,-16.537082,12.607362
0.0,-16.53736,12.607362
0.0,-16.53736,12.605971
0.0,-16.537082,12.605971
0.0,-16.537082,12.605696
0.0,-16.536806,12.605696
0.0,-16.536806,12.601249
0.0,-16.536528,12.601249
0.0,-16.536528,12.599305
0.0,-16.536806,12.599305
0.0,-16.536806,12.598195
0.0,-16.536528,12.598195
0.0,-16.536528,12.597361
0.0,-16.536806,12.597361
0.0,-16.536806,12.596529
0.0,-16.537082,12.596529
0.0,-16.537082,12.595695
0.0,-16.53736,12.595695
0.0,-16.53736,12.595417
0.0,-16.537916,12.595417
0.0,-16.537916,12.595139
0.0,-16.538194,12.595139
0.0,-16.538194,12.594307
0.0,-16.537916,12.594307
0.0,-16.537916,12.593473
0.0,-16.538194,12.593473
0.0,-16.538194,12.593194
0.0,-16.538472,12.593194
0.0,-16.538472,12.591528
0.0,-16.53875,12.591528
0.0,-16.53875,12.590416
0.0,-16.539028,12.590416
0.0,-16.539028,12.58996
0.0,-16.539028,12.58875
0.0,-16.538194,12.58875
0.0,-16.538194,12.588472
0.0,-16.537082,12.588472
0.0,-16.537082,12.588194
0.0,-16.535972,12.588194
0.0,-16.535972,12.587916
0.0,-16.534839,12.587909
0.0,-16.53486,12.587638
0.0,-16.53457,12.57804
0.0,-16.52137,12.559671
0.0,-16.49975,12.563591
0.0,-16.490141,12.560482
0.0,-16.489888,12.55114
0.0,-16.489551,12.538671
0.0,-16.483272,12.522997
0.0,-16.44955,12.50372
0.0,-16.448241,12.500399
0.0,-16.449579,12.4958
0.0,-16.46361,12.490882
0.0,-16.46587,12.475001
0.0,-16.461189,12.464079
0.0,-16.45618,12.450299
0.0,-16.457162,12.44385
0.0,-16.45483,12.44116
0.0,-16.456209,12.438612
0.0,-16.468831,12.432682
0.0,-16.494569,12.423139
0.0,-16.52129,12.416349
0.0,-16.542901,12.414469
0.0,-16.59796,12.416349
0.0,-16.631201,12.42218
0.0,-16.647948,12.425901
0.0,-16.65567,12.439439
0.0,-16.66891,12.46077
0.0,-16.66996,12.469082
0.0,-16.6695,12.4862
0.0,-16.669308,12.486825
0.0,-16.66875,12.486807
0.0,-16.66875,12.486526
0.0,-16.668194,12.486526
0.0,-16.668194,12.486251
0.0,-16.667918,12.486251
0.0,-16.667918,12.485973
0.0,-16.667638,12.485973
0.0,-16.667638,12.486251
0.0,-16.66736,12.486251
0.0,-16.66736,12.486807
0.0,-16.66625,12.486807
0.0,-16.66625,12.487082
0.0,-16.665972,12.487082
0.0,-16.665972,12.487361
0.0,-16.665696,12.487361
0.0,-16.665696,12.487639
0.0,-16.665416,12.487639
0.0,-16.665416,12.487917
0.0,-16.665138,12.487917
0.0,-16.665138,12.488473
0.0,-16.664862,12.488473
0.0,-16.664862,12.488749
0.0,-16.664584,12.488751
0.0,-16.664584,12.489583
0.0,-16.664306,12.489583
0.0,-16.664306,12.489861
0.0,-16.664028,12.489861
0.0,-16.664028,12.490417
0.0,-16.66375,12.490417
0.0,-16.66375,12.490973
0.0,-16.663474,12.490973
0.0,-16.663474,12.491805
0.0,-16.663196,12.491807
0.0,-16.663196,12.492361
0.0,-16.662915,12.492361
0.0,-16.662915,12.492639
0.0,-16.66264,12.492639
0.0,-16.66264,12.494583
0.0,-16.662084,12.494583
0.0,-16.662084,12.497083
0.0,-16.662362,12.497083
0.0,-16.662362,12.497361
0.0,-16.66264,12.497361
0.0,-16.66264,12.497639
0.0,-16.662915,12.497639
0.0,-16.662915,12.499027
0.0,-16.66264,12.499027
0.0,-16.66264,12.499862
0.0,-16.662084,12.499862
0.0,-16.662084,12.50014
0.0,-16.660974,12.50014
0.0,-16.660974,12.500418
0.0,-16.659583,12.500418
0.0,-16.659583,12.500693
0.0,-16.658751,12.500693
0.0,-16.658751,12.500972
0.0,-16.658193,12.500972
0.0,-16.658193,12.50125
0.0,-16.657639,12.50125
0.0,-16.657639,12.501528
0.0,-16.657083,12.501528
0.0,-16.657083,12.501806
0.0,-16.656529,12.501806
0.0,-16.656529,12.502084
0.0,-16.655971,12.502084
0.0,-16.655971,12.502362
0.0,-16.655417,12.502362
0.0,-16.655417,12.50264
0.0,-16.654861,12.50264
0.0,-16.654861,12.502916
0.0,-16.654307,12.502916
0.0,-16.654307,12.503194
0.0,-16.653749,12.503194
0.0,-16.653749,12.503472
0.0,-16.653195,12.503472
0.0,-16.653195,12.50375
0.0,-16.651527,12.50375
0.0,-16.651527,12.504028
0.0,-16.650695,12.504028
0.0,-16.650695,12.504306
0.0,-16.649304,12.504306
0.0,-16.649304,12.504584
0.0,-16.647363,12.504584
0.0,-16.647363,12.504306
0.0,-16.645972,12.504306
0.0,-16.645972,12.504028
0.0,-16.645694,12.504028
0.0,-16.645694,12.50375
0.0,-16.64514,12.50375
0.0,-16.64514,12.503472
0.0,-16.64486,12.503472
0.0,-16.64486,12.503194
0.0,-16.644582,12.503194
0.0,-16.644582,12.502916
0.0,-16.644306,12.502916
0.0,-16.644306,12.50264
0.0,-16.644028,12.50264
0.0,-16.644028,12.502362
0.0,-16.643194,12.502362
0.0,-16.643194,12.502084
0.0,-16.642918,12.502084
0.0,-16.642916,12.501806
0.0,-16.64236,12.501806
0.0,-16.64236,12.501528
0.0,-16.642084,12.501528
0.0,-16.642084,12.50125
0.0,-16.641806,12.50125
0.0,-16.641806,12.500972
0.0,-16.641528,12.500972
0.0,-16.641528,12.500693
0.0,-16.64125,12.500693
0.0,-16.64125,12.500418
0.0,-16.640694,12.500418
0.0,-16.640694,12.50014
0.0,-16.640418,12.50014
0.0,-16.640418,12.499584
0.0,-16.640138,12.499584
0.0,-16.640138,12.499305
0.0,-16.639862,12.499305
0.0,-16.639862,12.499027
0.0,-16.640138,12.499027
0.0,-16.640138,12.498471
0.0,-16.639862,12.498471
0.0,-16.639862,12.498196
0.0,-16.639584,12.498196
0.0,-16.639584,12.497915
0.0,-16.639306,12.497915
0.0,-16.639306,12.497639
0.0,-16.63875,12.497639
0.0,-16.63875,12.497361
0.0,-16.638196,12.497361
0.0,-16.638196,12.497083
0.0,-16.637638,12.497083
0.0,-16.637638,12.496805
0.0,-16.636806,12.496805
0.0,-16.636806,12.496527
0.0,-16.635974,12.496527
0.0,-16.635974,12.496805
0.0,-16.635693,12.496805
0.0,-16.635693,12.497361
0.0,-16.635974,12.497361
0.0,-16.635974,12.497639
0.0,-16.636528,12.497639
0.0,-16.636528,12.497915
0.0,-16.637084,12.497915
0.0,-16.637084,12.498196
0.0,-16.637362,12.498196
0.0,-16.637362,12.498471
0.0,-16.637638,12.498471
0.0,-16.637638,12.498749
0.0,-16.637916,12.498749
0.0,-16.637916,12.499027
0.0,-16.638196,12.499027
0.0,-16.638196,12.499305
0.0,-16.638472,12.499305
0.0,-16.638472,12.499584
0.0,-16.63875,12.499584
0.0,-16.63875,12.499862
0.0,-16.639306,12.499862
0.0,-16.639306,12.500418
0.0,-16.639584,12.500418
0.0,-16.639584,12.500693
0.0,-16.63986,12.500693
0.0,-16.639862,12.500972
0.0,-16.640138,12.500972
0.0,-16.640138,12.50125
0.0,-16.640418,12.50125
0.0,-16.640418,12.501528
0.0,-16.640972,12.501528
0.0,-16.640972,12.501806
0.0,-16.64125,12.501806
0.0,-16.64125,12.502084
0.0,-16.641528,12.502084
0.0,-16.641528,12.502362
0.0,-16.641806,12.502362
0.0,-16.641806,12.50264
0.0,-16.642084,12.50264
0.0,-16.642084,12.502916
0.0,-16.64264,12.502916
0.0,-16.64264,12.503194
0.0,-16.642916,12.503194
0.0,-16.642916,12.503472
0.0,-16.643194,12.503472
0.0,-16.643194,12.504028
0.0,-16.643472,12.504028
0.0,-16.643472,12.504306
0.0,-16.64375,12.504306
0.0,-16.64375,12.504584
0.0,-16.644028,12.504584
0.0,-16.644028,12.504862
0.0,-16.644582,12.504862
0.0,-16.644582,12.50514
0.0,-16.64486,12.50514
0.0,-16.64486,12.505416
0.0,-16.647082,12.505416
0.0,-16.647082,12.505694
0.0,-16.647638,12.505694
0.0,-16.647638,12.505972
0.0,-16.647916,12.505972
0.0,-16.647916,12.50625
0.0,-16.650139,12.50625
0.0,-16.650139,12.505972
0.0,-16.651527,12.505972
0.0,-16.651527,12.505694
0.0,-16.652361,12.505694
0.0,-16.652361,12.505416
0.0,-16.653195,12.505416
0.0,-16.653195,12.50514
0.0,-16.653749,12.50514
0.0,-16.653749,12.504862
0.0,-16.654307,12.504862
0.0,-16.654307,12.504584
0.0,-16.654861,12.504584
0.0,-16.654861,12.504306
0.0,-16.655417,12.504306
0.0,-16.655417,12.504028
0.0,-16.655971,12.504028
0.0,-16.655971,12.50375
0.0,-16.656529,12.50375
0.0,-16.656529,12.503472
0.0,-16.657083,12.503472
0.0,-16.657083,12.503194
0.0,-16.657639,12.503194
0.0,-16.657639,12.502916
0.0,-16.658193,12.502916
0.0,-16.658193,12.50264
0.0,-16.659305,12.50264
0.0,-16.659305,12.502362
0.0,-16.659583,12.502362
0.0,-16.659583,12.502084
0.0,-16.660139,12.502084
0.0,-16.660139,12.501806
0.0,-16.661527,12.501806
0.0,-16.661527,12.501528
0.0,-16.663474,12.501528
0.0,-16.663474,12.501806
0.0,-16.664306,12.501806
0.0,-16.664306,12.502084
0.0,-16.664862,12.502084
0.0,-16.664862,12.50264
0.0,-16.665138,12.50264
0.0,-16.665138,12.502916
0.0,-16.664862,12.502916
0.0,-16.664862,12.50375
0.0,-16.664584,12.50375
0.0,-16.664584,12.504306
0.0,-16.664862,12.504306
0.0,-16.664862,12.504862
0.0,-16.665138,12.504862
0.0,-16.665138,12.505416
0.0,-16.665416,12.505416
0.0,-16.665416,12.505694
0.0,-16.665696,12.505694
0.0,-16.665696,12.50625
0.0,-16.665972,12.50625
0.0,-16.665972,12.507638
0.0,-16.666528,12.507638
0.0,-16.666528,12.508194
0.0,-16.666806,12.508194
0.0,-16.666806,12.508472
0.0,-16.667084,12.508472
0.0,-16.667084,12.509028
0.0,-16.667638,12.509028
0.0,-16.667638,12.509306
0.0,-16.667918,12.509306
0.0,-16.667918,12.50986
0.0,-16.668194,12.50986
0.0,-16.668194,12.510416
0.0,-16.66875,12.510416
0.0,-16.66875,12.510694
0.0,-16.669028,12.510694
0.0,-16.669028,12.510972
0.0,-16.669306,12.510972
0.0,-16.669306,12.51125
0.0,-16.669582,12.51125
0.0,-16.669584,12.511528
0.0,-16.66986,12.511528
0.0,-16.66986,12.512082
0.0,-16.67014,12.512121
0.0,-16.67014,12.512638
0.0,-16.670275,12.512638
0.0,-16.670694,12.512638
0.0,-16.670694,12.512916
0.0,-16.670972,12.512916
0.0,-16.670972,12.513473
0.0,-16.671528,12.513473
0.0,-16.671528,12.513751
0.0,-16.671806,12.513751
0.0,-16.671806,12.514304
0.0,-16.672082,12.514304
0.0,-16.672082,12.514861
0.0,-16.672362,12.514861
0.0,-16.672362,12.515139
0.0,-16.672916,12.515139
0.0,-16.672916,12.515695
0.0,-16.673194,12.515695
0.0,-16.673194,12.515973
0.0,-16.673472,12.515973
0.0,-16.673472,12.516529
0.0,-16.67375,12.516529
0.0,-16.67375,12.517083
0.0,-16.674029,12.517083
0.0,-16.674029,12.517639
0.0,-16.674304,12.517639
0.0,-16.674304,12.517917
0.0,-16.674582,12.517917
0.0,-16.674582,12.518473
0.0,-16.674863,12.518473
0.0,-16.674863,12.519583
0.0,-16.675138,12.519583
0.0,-16.675138,12.520417
0.0,-16.675416,12.520417
0.0,-16.675416,12.520973
0.0,-16.675695,12.520973
0.0,-16.675695,12.521529
0.0,-16.675973,12.521529
0.0,-16.675973,12.521805
0.0,-16.676251,12.521805
0.0,-16.676251,12.523195
0.0,-16.676526,12.523195
0.0,-16.676526,12.524027
0.0,-16.676251,12.524027
0.0,-16.676251,12.525696
0.0,-16.675973,12.525696
0.0,-16.675973,12.526806
0.0,-16.675695,12.526806
0.0,-16.675695,12.527084
0.0,-16.675416,12.527084
0.0,-16.675416,12.528205
0.0,-16.675416,12.529584
0.0,-16.675138,12.529584
0.0,-16.675138,12.530416
0.0,-16.674863,12.530416
0.0,-16.674863,12.53014
0.0,-16.674304,12.53014
0.0,-16.674304,12.530694
0.0,-16.674029,12.530694
0.0,-16.674029,12.531528
0.0,-16.67375,12.531528
0.0,-16.67375,12.532918
0.0,-16.673472,12.532918
0.0,-16.673472,12.533194
0.0,-16.672916,12.533194
0.0,-16.672916,12.533472
0.0,-16.672082,12.533472
0.0,-16.672082,12.53375
0.0,-16.671806,12.53375
0.0,-16.671806,12.534028
0.0,-16.671528,12.534028
0.0,-16.671528,12.535416
0.0,-16.671806,12.535416
0.0,-16.671806,12.535972
0.0,-16.672082,12.535972
0.0,-16.672082,12.53625
0.0,-16.672362,12.53625
0.0,-16.672362,12.53736
0.0,-16.672638,12.53736
0.0,-16.672638,12.538194
0.0,-16.672916,12.538194
0.0,-16.672916,12.53986
0.0,-16.673194,12.53986
0.0,-16.673194,12.540417
0.0,-16.673472,12.540417
0.0,-16.673472,12.540695
0.0,-16.67375,12.540695
0.0,-16.67375,12.541805
0.0,-16.674029,12.541805
0.0,-16.674029,12.542917
0.0,-16.674304,12.542917
0.0,-16.674304,12.543195
0.0,-16.674582,12.543195
0.0,-16.674582,12.543751
0.0,-16.674863,12.543751
0.0,-16.674863,12.544861
0.0,-16.675138,12.544861
0.0,-16.675138,12.545417
0.0,-16.675416,12.545417
0.0,-16.675416,12.545695
0.0,-16.675695,12.545695
0.0,-16.675695,12.546251
0.0,-16.675973,12.546251
0.0,-16.675973,12.546805
0.0,-16.676251,12.546805
0.0,-16.676251,12.547361
0.0,-16.676526,12.547361
0.0,-16.676526,12.547639
0.0,-16.676804,12.547639
0.0,-16.676804,12.547917
0.0,-16.677085,12.547917
0.0,-16.677085,12.548473
0.0,-16.677361,12.548473
0.0,-16.677361,12.548749
0.0,-16.677639,12.548749
0.0,-16.677639,12.549027
0.0,-16.677917,12.549027
0.0,-16.677917,12.549305
0.0,-16.678195,12.549305
0.0,-16.678195,12.549583
0.0,-16.678473,12.549583
0.0,-16.678473,12.550139
0.0,-16.679027,12.550139
0.0,-16.679027,12.550695
0.0,-16.679307,12.550695
0.0,-16.679307,12.551252
0.0,-16.679583,12.551252
0.0,-16.679583,12.551527
0.0,-16.679861,12.551527
0.0,-16.679861,12.551805
0.0,-16.679583,12.551805
0.0,-16.679583,12.552918
0.0,-16.679307,12.552918
0.0,-16.679307,12.553471
0.0,-16.678749,12.553471
0.0,-16.678749,12.554028
0.0,-16.678473,12.554028
0.0,-16.678473,12.554306
0.0,-16.678195,12.554306
0.0,-16.678195,12.554584
0.0,-16.677917,12.554584
0.0,-16.677917,12.554862
0.0,-16.677361,12.554862
0.0,-16.677361,12.555137
0.0,-16.676804,12.555137
0.0,-16.676804,12.555418
0.0,-16.676526,12.555418
0.0,-16.676526,12.555972
0.0,-16.675973,12.555972
0.0,-16.675973,12.55625
0.0,-16.675695,12.55625
0.0,-16.675695,12.556806
0.0,-16.675138,12.556806
0.0,-16.675138,12.557084
0.0,-16.674582,12.557084
0.0,-16.674582,12.55736
0.0,-16.674029,12.55736
0.0,-16.674029,12.55764
0.0,-16.67375,12.55764
0.0,-16.67375,12.557916
0.0,-16.673194,12.557916
0.0,-16.673194,12.558194
0.0,-16.672916,12.558194
0.0,-16.672916,12.55875
0.0,-16.672362,12.55875
0.0,-16.672362,12.559028
0.0,-16.671806,12.559028
0.0,-16.671806,12.559584
0.0,-16.670972,12.559584
0.0,-16.670972,12.560138
0.0,-16.670694,12.560138
0.0,-16.670694,12.560416
0.0,-16.670416,12.560416
0.0,-16.670416,12.560694
0.0,-16.669306,12.560694
0.0,-16.669306,12.560972
0.0,-16.66736,12.560972
0.0,-16.66736,12.56125
0.0,-16.667084,12.56125
0.0,-16.667084,12.561528
0.0,-16.666806,12.561528
0.0,-16.666806,12.561806
0.0,-16.66625,12.561806
0.0,-16.66625,12.562084
0.0,-16.665972,12.562084
0.0,-16.665972,12.56236
0.0,-16.664862,12.56236
0.0,-16.664862,12.56264
0.0,-16.663196,12.56264
0.0,-16.663196,12.562916
0.0,-16.66264,12.562916
0.0,-16.66264,12.563194
0.0,-16.662084,12.563194
0.0,-16.662084,12.563472
0.0,-16.661805,12.563472
0.0,-16.661805,12.56375
0.0,-16.660693,12.56375
0.0,-16.660693,12.564028
0.0,-16.659861,12.564028
0.0,-16.659861,12.564584
0.0,-16.659305,12.564584
0.0,-16.659305,12.565138
0.0,-16.659027,12.565138
0.0,-16.659027,12.565694
0.0,-16.658471,12.565694
0.0,-16.658471,12.565972
0.0,-16.657917,12.565972
0.0,-16.657917,12.566251
0.0,-16.657639,12.566251
0.0,-16.657639,12.566526
0.0,-16.657083,12.566526
0.0,-16.657083,12.566807
0.0,-16.656529,12.566807
0.0,-16.656529,12.566526
0.0,-16.655971,12.566526
0.0,-16.655971,12.566251
0.0,-16.655417,12.566251
0.0,-16.655417,12.565972
0.0,-16.652639,12.565972
0.0,-16.652639,12.566251
0.0,-16.650417,12.566251
0.0,-16.650417,12.566526
0.0,-16.648195,12.566526
0.0,-16.648195,12.566807
0.0,-16.647916,12.566807
0.0,-16.647916,12.56736
0.0,-16.647363,12.56736
0.0,-16.647363,12.567639
0.0,-16.646804,12.567639
0.0,-16.646804,12.567917
0.0,-16.64625,12.567917
0.0,-16.64625,12.568195
0.0,-16.645972,12.568195
0.0,-16.645972,12.567917
0.0,-16.645694,12.567917
0.0,-16.645694,12.568195
0.0,-16.645416,12.568195
0.0,-16.645416,12.568473
0.0,-16.644582,12.568473
0.0,-16.644582,12.568751
0.0,-16.643194,12.568751
0.0,-16.643194,12.569029
0.0,-16.642916,12.569029
0.0,-16.642916,12.569305
0.0,-16.64236,12.569305
0.0,-16.64236,12.569583
0.0,-16.641528,12.569583
0.0,-16.641528,12.569861
0.0,-16.640972,12.569861
0.0,-16.640972,12.570417
0.0,-16.640418,12.570417
0.0,-16.640418,12.570695
0.0,-16.639862,12.570695
0.0,-16.63986,12.570973
0.0,-16.639028,12.570973
0.0,-16.639028,12.571527
0.0,-16.638472,12.571527
0.0,-16.638472,12.571807
0.0,-16.637916,12.571807
0.0,-16.637916,12.572361
0.0,-16.637638,12.572361
0.0,-16.637638,12.572083
0.0,-16.637362,12.572083
0.0,-16.637362,12.572361
0.0,-16.637084,12.572361
0.0,-16.637084,12.573195
0.0,-16.636528,12.573195
0.0,-16.636528,12.573749
0.0,-16.636806,12.573751
0.0,-16.636806,12.574027
0.0,-16.636528,12.574027
0.0,-16.636528,12.575693
0.0,-16.63625,12.575693
0.0,-16.63625,12.576249
0.0,-16.635415,12.576249
0.0,-16.635415,12.576527
0.0,-16.63514,12.576527
0.0,-16.63514,12.576805
0.0,-16.634584,12.576805
0.0,-16.634584,12.577083
0.0,-16.634305,12.577083
0.0,-16.634305,12.577361
0.0,-16.634027,12.577361
0.0,-16.634027,12.577639
0.0,-16.633752,12.577639
0.0,-16.633752,12.577917
0.0,-16.633474,12.577917
0.0,-16.633474,12.578195
0.0,-16.632917,12.578195
0.0,-16.632917,12.578471
0.0,-16.632639,12.578471
0.0,-16.632639,12.578749
0.0,-16.632361,12.578749
0.0,-16.632361,12.579027
0.0,-16.632083,12.579027
0.0,-16.632083,12.579583
0.0,-16.631527,12.579583
0.0,-16.631527,12.579862
0.0,-16.631251,12.579862
0.0,-16.631251,12.58014
0.0,-16.630971,12.58014
0.0,-16.630971,12.580418
0.0,-16.630417,12.580418
0.0,-16.630417,12.580693
0.0,-16.630139,12.580693
0.0,-16.630139,12.580971
0.0,-16.629861,12.580974
0.0,-16.629861,12.581528
0.0,-16.629305,12.581528
0.0,-16.629305,12.582084
0.0,-16.628471,12.582084
0.0,-16.628471,12.582362
0.0,-16.628195,12.582362
0.0,-16.628195,12.58264
0.0,-16.627639,12.58264
0.0,-16.627639,12.582916
0.0,-16.627361,12.582916
0.0,-16.627361,12.583194
0.0,-16.626807,12.583194
0.0,-16.626807,12.58375
0.0,-16.626527,12.58375
0.0,-16.626527,12.584028
0.0,-16.626249,12.584028
0.0,-16.626249,12.584862
0.0,-16.625973,12.584862
0.0,-16.625973,12.585416
0.0,-16.625695,12.585416
0.0,-16.625695,12.585694
0.0,-16.625139,12.585694
0.0,-16.625139,12.585972
0.0,-16.624861,12.585972
0.0,-16.624861,12.586528
0.0,-16.624585,12.586528
0.0,-16.624585,12.586806
0.0,-16.624305,12.586806
0.0,-16.624305,12.587362
0.0,-16.624027,12.587362
0.0,-16.624027,12.587916
0.0,-16.623473,12.587916
0.0,-16.623473,12.588472
0.0,-16.623195,12.588472
0.0,-16.623195,12.58875
0.0,-16.622917,12.58875
0.0,-16.622917,12.589028
0.0,-16.622639,12.589028
0.0,-16.622639,12.58986
0.0,-16.62236,12.58986
0.0,-16.62236,12.590138
0.0,-16.622085,12.590138
0.0,-16.622085,12.590416
0.0,-16.621804,12.590416
0.0,-16.621804,12.590972
0.0,-16.621529,12.590972
0.0,-16.621529,12.591528
0.0,-16.621251,12.591528
0.0,-16.621251,12.592082
0.0,-16.620973,12.592082
0.0,-16.620973,12.592363
0.0,-16.620694,12.592363
0.0,-16.620694,12.593194
0.0,-16.620416,12.593194
0.0,-16.620416,12.593751
0.0,-16.620138,12.593751
0.0,-16.620138,12.595139
0.0,-16.619582,12.595139
0.0,-16.619582,12.596805
0.0,-16.619304,12.596805
0.0,-16.619304,12.597083
0.0,-16.619028,12.597083
0.0,-16.619028,12.598473
0.0,-16.618472,12.598473
0.0,-16.618472,12.599027
0.0,-16.618194,12.599027
0.0,-16.618194,12.599583
0.0,-16.617916,12.599583
0.0,-16.617916,12.600139
0.0,-16.61764,12.600139
0.0,-16.61764,12.600417
0.0,-16.61736,12.600417
0.0,-16.61736,12.600695
0.0,-16.617082,12.600695
0.0,-16.617082,12.600973
0.0,-16.616806,12.600973
0.0,-16.616806,12.601249
0.0,-16.616528,12.601249
0.0,-16.616528,12.601529
0.0,-16.61625,12.601529
0.0,-16.61625,12.601805
0.0,-16.615972,12.601805
0.0,-16.615972,12.602083
0.0,-16.615694,12.602083
0.0,-16.615694,12.602361
0.0,-16.615418,12.602361
0.0,-16.615418,12.602639
0.0,-16.615138,12.602639
0.0,-16.615138,12.602917
0.0,-16.61486,12.602917
0.0,-16.61486,12.603195
0.0,-16.614584,12.603195
0.0,-16.614584,12.603749
0.0,-16.614306,12.603749
0.0,-16.614306,12.604027
0.0,-16.614028,12.604027
0.0,-16.614028,12.604305
0.0,-16.613472,12.604305
0.0,-16.613472,12.604583
0.0,-16.612918,12.604583
0.0,-16.612918,12.604861
0.0,-16.612638,12.604861
0.0,-16.612638,12.605139
0.0,-16.612362,12.605139
0.0,-16.612362,12.605415
0.0,-16.611806,12.605415
0.0,-16.611806,12.605696
0.0,-16.611528,12.605696
0.0,-16.611528,12.605971
0.0,-16.61125,12.605971
0.0,-16.61125,12.606249
0.0,-16.610972,12.606249
0.0,-16.610972,12.606527
0.0,-16.610696,12.606527
0.0,-16.610696,12.606805
0.0,-16.609862,12.606805
0.0,-16.609862,12.607084
0.0,-16.609306,12.607084
0.0,-16.609306,12.607362
0.0,-16.609028,12.607362
0.0,-16.609028,12.60764
0.0,-16.608474,12.60764
0.0,-16.608474,12.607918
0.0,-16.608193,12.607918
0.0,-16.608193,12.608472
0.0,-16.607915,12.608472
0.0,-16.607915,12.60875
0.0,-16.60764,12.60875
0.0,-16.60764,12.609028
0.0,-16.607362,12.609028
0.0,-16.607362,12.609306
0.0,-16.607083,12.609306
0.0,-16.607083,12.609584
0.0,-16.606805,12.609584
0.0,-16.606805,12.61014
0.0,-16.606527,12.61014
0.0,-16.606527,12.610696
0.0,-16.606252,12.610696
0.0,-16.606252,12.610972
0.0,-16.605971,12.610972
0.0,-16.605971,12.611806
0.0,-16.605693,12.611806
0.0,-16.605693,12.612362
0.0,-16.605417,12.612362
0.0,-16.605417,12.612916
0.0,-16.605139,12.612916
0.0,-16.605139,12.615416
0.0,-16.604861,12.615416
0.0,-16.604861,12.615694
0.0,-16.604583,12.615694
0.0,-16.604583,12.61625
0.0,-16.604305,12.61625
0.0,-16.604305,12.616804
0.0,-16.604029,12.616806
0.0,-16.604029,12.618472
0.0,-16.603751,12.618472
0.0,-16.603751,12.61986
0.0,-16.603471,12.61986
0.0,-16.603471,12.620416
0.0,-16.603195,12.620416
0.0,-16.603195,12.62113
0.0,-16.603195,12.621804
0.0,-16.602917,12.621804
0.0,-16.602917,12.622361
0.0,-16.602639,12.622361
0.0,-16.602639,12.622917
0.0,-16.601805,12.622917
0.0,-16.601805,12.623473
0.0,-16.601249,12.623473
0.0,-16.601249,12.623751
0.0,-16.600695,12.623751
0.0,-16.600695,12.624029
0.0,-16.599656,12.624029
0.0,-16.597639,12.624029
0.0,-16.597639,12.623751
0.0,-16.596805,12.623751
0.0,-16.596805,12.623473
0.0,-16.595695,12.623473
0.0,-16.595695,12.623195
0.0,-16.594863,12.623195
0.0,-16.594863,12.623473
0.0,-16.594304,12.623473
0.0,-16.594304,12.623195
0.0,-16.593751,12.623195
0.0,-16.593751,12.623473
0.0,-16.593472,12.623473
0.0,-16.593472,12.624305
0.0,-16.593751,12.624305
0.0,-16.593751,12.625139
0.0,-16.593472,12.625139
0.0,-16.593472,12.625695
0.0,-16.593194,12.625695
0.0,-16.593194,12.625971
0.0,-16.592082,12.625971
0.0,-16.592082,12.626251
0.0,-16.590972,12.626251
0.0,-16.590972,12.625971
0.0,-16.59014,12.625971
0.0,-16.59014,12.625695
0.0,-16.589306,12.625695
0.0,-16.589306,12.625417
0.0,-16.58875,12.625417
0.0,-16.58875,12.625139
0.0,-16.588472,12.625139
0.0,-16.588472,12.624861
0.0,-16.587638,12.624861
0.0,-16.587638,12.624583
0.0,-16.586806,12.624583
0.0,-16.586806,12.624305
0.0,-16.585416,12.624305
0.0,-16.585416,12.624583
0.0,-16.585138,12.624583
0.0,-16.585138,12.624861
0.0,-16.584862,12.624861
0.0,-16.584862,12.626251
0.0,-16.585138,12.626251
0.0,-16.585138,12.626527
0.0,-16.584862,12.626527
0.0,-16.584862,12.627917
0.0,-16.585138,12.627917
0.0,-16.585138,12.628473
0.0,-16.585416,12.628473
0.0,-16.585416,12.629305
0.0,-16.585696,12.629305
0.0,-16.585696,12.629583
0.0,-16.585972,12.629583
0.0,-16.585972,12.633193
0.0,-16.585696,12.633193
0.0,-16.585696,12.633471
0.0,-16.584862,12.633471
0.0,-16.584862,12.633749
0.0,-16.584306,12.633749
0.0,-16.584301,12.634082
0.0,-16.584028,12.634062
0.0,-16.584028,12.634862
0.0,-16.58375,12.634862
0.0,-16.58375,12.635137
0.0,-16.583472,12.635137
0.0,-16.583472,12.635694
0.0,-16.583196,12.635694
0.0,-16.583196,12.635972
0.0,-16.582915,12.635972
0.0,-16.582915,12.636528
0.0,-16.58264,12.636528
0.0,-16.58264,12.636806
0.0,-16.582084,12.636806
0.0,-16.582084,12.637362
0.0,-16.581528,12.637362
0.0,-16.581528,12.63764
0.0,-16.581249,12.63764
0.0,-16.581249,12.637916
0.0,-16.579861,12.637916
0.0,-16.579861,12.638194
0.0,-16.579027,12.638194
