0,0,0,8,9,26,27,72,61,0,0,0,0,0,0,0,0,35,1,
0.0,-13.687269,13.905591
0.0,-13.684671,13.898412
0.0,-13.679939,13.89864
0.0,-13.67354,13.898861
0.0,-13.66525,13.892831
0.0,-13.66076,13.887272
0.0,-13.655548,13.88633
0.0,-13.649859,13.888181
0.0,-13.642279,13.88793
0.0,-13.634229,13.88259
0.0,-13.627599,13.881191
0.0,-13.62333,13.88234
0.0,-13.617881,13.886269
0.0,-13.61551,13.892972
0.0,-13.614081,13.898289
0.0,-13.610531,13.901521
0.0,-13.60484,13.901049
0.0,-13.60011,13.897339
0.0,-13.597749,13.88739
0.0,-13.597291,13.876282
0.0,-13.59635,13.864711
0.0,-13.591621,13.855899
0.0,-13.585469,13.8552
0.0,-13.5786,13.856802
0.0,-13.573381,13.857951
0.0,-13.567459,13.85724
0.0,-13.559419,13.851209
0.0,-13.552561,13.848419
0.0,-13.5464,13.849331
0.0,-13.5381,13.853009
0.0,-13.530522,13.85809
0.0,-13.524359,13.86131
0.0,-13.51914,13.862919
0.0,-13.516539,13.864542
0.0,-13.5125,13.86869
0.0,-13.503491,13.880471
0.0,-13.494951,13.88832
0.0,-13.487601,13.892461
0.0,-13.48405,13.892461
0.0,-13.482149,13.89222
0.0,-13.473641,13.883871
0.0,-13.466799,13.867651
0.0,-13.463029,13.85445
0.0,-13.467301,13.85099
0.0,-13.470861,13.84545
0.0,-13.487229,13.826979
0.0,-13.50193,13.808512
0.0,-13.514269,13.792802
0.0,-13.543889,13.7688
0.0,-13.56947,13.753131
0.0,-13.584628,13.743212
0.0,-13.601681,13.73792
0.0,-13.62535,13.729872
0.0,-13.65068,13.72737
0.0,-13.672929,13.73157
0.0,-13.689491,13.735759
0.0,-13.727359,13.741371
0.0,-13.745351,13.740931
0.0,-13.762389,13.738401
0.0,-13.791271,13.732648
0.0,-13.820619,13.73245
0.0,-13.86795,13.73503
0.0,-13.88216,13.739199
0.0,-13.91033,13.75495
0.0,-13.94088,13.77718
0.0,-13.954151,13.79083
0.0,-13.96884,13.80587
0.0,-13.962931,13.817671
0.0,-13.98283,13.821152
0.0,-13.986141,13.81722
0.0,-13.99134,13.810041
0.0,-14.000559,13.80102
0.0,-14.009329,13.80125
0.0,-14.02709,13.804952
0.0,-14.046509,13.809581
0.0,-14.101461,13.82599
0.0,-14.164,13.83683
0.0,-14.175109,13.830581
0.0,-14.175599,13.8352
0.0,-14.175371,13.839599
0.0,-14.17419,13.844921
0.0,-14.17468,13.85024
0.0,-14.176581,13.854641
0.0,-14.17636,13.860891
0.0,-14.174241,13.86737
0.0,-14.17022,13.873152
0.0,-14.167861,13.878251
0.0,-14.16669,13.88357
0.0,-14.168121,13.889578
0.0,-14.17097,13.894209
0.0,-14.176201,13.90254
0.0,-14.173609,13.91203
0.0,-14.166991,13.9199
0.0,-14.1502,13.933791
0.0,-14.08393,13.983349
0.0,-14.0451,14.01205
0.0,-14.00888,14.047921
0.0,-13.98424,14.06736
0.0,-13.962919,14.085641
0.0,-13.957,14.09697
0.0,-13.959149,14.11132
0.0,-13.96841,14.122431
0.0,-13.972209,14.132849
0.0,-13.967721,14.14604
0.0,-13.96394,14.166172
0.0,-13.95992,14.179589
0.0,-13.956841,14.18376
0.0,-13.94498,14.19093
0.0,-13.932889,14.19717
0.0,-13.92506,14.199712
0.0,-13.915809,14.205961
0.0,-13.908459,14.214521
0.0,-13.90017,14.23071
0.0,-13.896849,14.243439
0.0,-13.88286,14.2594
0.0,-13.87669,14.263799
0.0,-13.870051,14.268881
0.0,-13.86294,14.275361
0.0,-13.85724,14.28091
0.0,-13.854391,14.285769
0.0,-13.852741,14.291321
0.0,-13.849651,14.297801
0.0,-13.845149,14.306131
0.0,-13.84396,14.313532
0.0,-13.843251,14.321399
0.0,-13.842779,14.32603
0.0,-13.839691,14.33065
0.0,-13.836609,14.332501
0.0,-13.82972,14.33759
0.0,-13.820471,14.34476
0.0,-13.813579,14.353081
0.0,-13.80717,14.365111
0.0,-13.800761,14.378991
0.0,-13.787711,14.40505
0.0,-13.67158,14.403491
0.0,-13.527089,14.40064
0.0,-13.51485,14.400389
0.0,-13.51725,14.3887
0.0,-13.516081,14.374811
0.0,-13.514201,14.361391
0.0,-13.514921,14.353982
0.0,-13.515181,14.337549
0.0,-13.514251,14.32297
0.0,-13.511901,14.309541
0.0,-13.51168,14.29797
0.0,-13.521669,14.28109
0.0,-13.53023,14.26838
0.0,-13.53784,14.257061
0.0,-13.5471,14.248291
0.0,-13.560399,14.236511
0.0,-13.56753,14.23074
0.0,-13.574889,14.22243
0.0,-13.57798,14.216181
0.0,-13.58084,14.20138
0.0,-13.58417,14.192131
0.0,-13.58822,14.18242
0.0,-13.592491,14.17571
0.0,-13.598191,14.169709
0.0,-13.605551,14.162778
0.0,-13.61338,14.1577
0.0,-13.61694,14.155631
0.0,-13.626911,14.14708
0.0,-13.639489,14.13368
0.0,-13.651589,14.12398
0.0,-13.657289,14.113809
0.0,-13.663231,14.102481
0.0,-13.66513,14.09184
0.0,-13.66845,14.082122
0.0,-13.67059,14.074949
0.0,-13.67273,14.06315
0.0,-13.674631,14.05737
0.0,-13.678191,14.05113
0.0,-13.68981,14.04004
0.0,-13.69314,14.032181
0.0,-13.696461,14.022689
0.0,-13.693379,14.01019
0.0,-13.692199,13.997229
0.0,-13.692689,13.983811
0.0,-13.69933,13.965079
0.0,-13.70336,13.95374
0.0,-13.70336,13.94773
0.0,-13.699339,13.938473
0.0,-13.692951,13.92689
0.0,-13.688691,13.919011
0.0,-13.68798,13.913689
0.0,-13.687269,13.905591
