0,0,0,7,2,22,7,58,79,0,0,0,0,0,0,0,0,36,76,
0.0,-16.096609,16.52121
0.0,-16.07976,16.5114
0.0,-16.061171,16.49445
0.0,-16.055129,16.48269
0.0,-16.05136,16.479428
0.0,-16.044951,16.478451
0.0,-16.028459,16.485831
0.0,-16.012831,16.4992
0.0,-16.003051,16.501609
0.0,-15.999322,16.50173
0.0,-15.992581,16.501949
0.0,-15.96991,16.489308
0.0,-15.956119,16.488461
0.0,-15.93524,16.50359
0.0,-15.912259,16.515019
0.0,-15.896761,16.518281
0.0,-15.886111,16.51767
0.0,-15.876789,16.51713
0.0,-15.866371,16.514021
0.0,-15.86282,16.512599
0.0,-15.86027,16.507521
0.0,-15.857829,16.49419
0.0,-15.84492,16.499081
0.0,-15.831731,16.506951
0.0,-15.823389,16.508221
0.0,-15.819141,16.508168
0.0,-15.808411,16.508038
0.0,-15.78785,16.497919
0.0,-15.777221,16.495519
0.0,-15.760811,16.492759
0.0,-15.741789,16.49229
0.0,-15.73017,16.489621
0.0,-15.70564,16.47485
0.0,-15.700639,16.475242
0.0,-15.699119,16.476668
0.0,-15.688811,16.455798
0.0,-15.68631,16.445629
0.0,-15.69225,16.439111
0.0,-15.700361,16.434178
0.0,-15.71015,16.42924
0.0,-15.715841,16.422261
0.0,-15.71983,16.412269
0.0,-15.722649,16.40646
0.0,-15.725999,16.405279
0.0,-15.730061,16.403629
0.0,-15.738639,16.39823
0.0,-15.746021,16.39193
0.0,-15.750299,16.38842
0.0,-15.75819,16.38558
0.0,-15.764389,16.38159
0.0,-15.767208,16.37555
0.0,-15.7698,16.371361
0.0,-15.774059,16.364849
0.0,-15.77689,16.359731
0.0,-15.77921,16.35254
0.0,-15.77914,16.34467
0.0,-15.77877,16.331481
0.0,-15.777959,16.322929
0.0,-15.77957,16.315741
0.0,-15.786389,16.30203
0.0,-15.79126,16.285789
0.0,-15.7943,16.277889
0.0,-15.79905,16.272989
0.0,-15.804762,16.268321
0.0,-15.804939,16.26299
0.0,-15.80499,16.243089
0.0,-15.810551,16.22453
0.0,-15.81737,16.210819
0.0,-15.8266,16.199861
0.0,-15.830839,16.191959
0.0,-15.831489,16.185789
0.0,-15.846461,16.17316
0.0,-15.89564,16.13315
0.0,-15.933369,16.09879
0.0,-15.9541,16.08842
0.0,-16.037238,16.04807
0.0,-16.10966,16.01474
0.0,-16.120151,16.01116
0.0,-16.14975,16.00393
0.0,-16.15741,16.004081
0.0,-16.167739,16.006531
0.0,-16.187918,16.01304
0.0,-16.19871,16.014321
0.0,-16.20377,16.015061
0.0,-16.20857,16.01593
0.0,-16.227229,16.014811
0.0,-16.239441,16.014681
0.0,-16.24329,16.01603
0.0,-16.247691,16.02408
0.0,-16.251319,16.02705
0.0,-16.266159,16.02666
0.0,-16.32773,16.028998
0.0,-16.335921,16.03285
0.0,-16.33911,16.0386
0.0,-16.338262,16.0474
0.0,-16.335059,16.059931
0.0,-16.331579,16.068999
0.0,-16.33237,16.073852
0.0,-16.33247,16.081949
0.0,-16.332461,16.100461
0.0,-16.333081,16.123872
0.0,-16.33467,16.14198
0.0,-16.339921,16.147869
0.0,-16.345079,16.150481
0.0,-16.35126,16.14868
0.0,-16.355681,16.14474
0.0,-16.35838,16.139751
0.0,-16.372369,16.11259
0.0,-16.3768,16.109199
0.0,-16.38128,16.107451
0.0,-16.388109,16.108918
0.0,-16.399639,16.116832
0.0,-16.42042,16.11084
0.0,-16.43273,16.105609
0.0,-16.441406,16.106302
0.0,-16.442512,16.10916
0.0,-16.454509,16.120041
0.0,-16.45471,16.12371
0.0,-16.44986,16.135361
0.0,-16.450491,16.143169
0.0,-16.45282,16.148461
0.0,-16.45063,16.15395
0.0,-16.44988,16.15784
0.0,-16.451339,16.17941
0.0,-16.44746,16.188321
0.0,-16.435631,16.208861
0.0,-16.432039,16.21227
0.0,-16.413678,16.21991
0.0,-16.40822,16.220551
0.0,-16.39996,16.215201
0.0,-16.392371,16.21421
0.0,-16.384489,16.21896
0.0,-16.382739,16.2212
0.0,-16.37102,16.236272
0.0,-16.36323,16.25592
0.0,-16.35144,16.270951
0.0,-16.352791,16.27785
0.0,-16.36452,16.293319
0.0,-16.368191,16.3062
0.0,-16.357479,16.332021
0.0,-16.35291,16.33703
0.0,-16.34341,16.337169
0.0,-16.341008,16.338979
0.0,-16.33157,16.3561
0.0,-16.3308,16.362281
0.0,-16.33413,16.385031
0.0,-16.33162,16.397849
0.0,-16.3244,16.406959
0.0,-16.315359,16.40756
0.0,-16.31057,16.41118
0.0,-16.308309,16.445579
0.0,-16.30582,16.456341
0.0,-16.300239,16.46775
0.0,-16.288041,16.474061
0.0,-16.284909,16.478389
0.0,-16.283859,16.487779
0.0,-16.28542,16.49721
0.0,-16.282931,16.508191
0.0,-16.27835,16.513661
0.0,-16.276449,16.513641
0.0,-16.274501,16.51775
0.0,-16.27069,16.51863
0.0,-16.262779,16.524749
0.0,-16.251089,16.52716
0.0,-16.2411,16.52706
0.0,-16.232808,16.523999
0.0,-16.218621,16.51628
0.0,-16.211259,16.51483
0.0,-16.189359,16.516911
0.0,-16.178579,16.52368
0.0,-16.17206,16.52923
0.0,-16.16873,16.53207
0.0,-16.160031,16.54437
0.0,-16.154039,16.54798
0.0,-16.139469,16.552869
0.0,-16.116349,16.556529
0.0,-16.11231,16.55603
0.0,-16.103091,16.551121
0.0,-16.098631,16.54602
0.0,-16.097268,16.5405
0.0,-16.09859,16.529038
0.0,-16.09849,16.52495
0.0,-16.096609,16.52121
