0,0,0,4,1,16,17,37,65,0,0,0,0,0,0,0,0,84,20,
0.0,-15.302431,12.864318
0.0,-15.273771,12.855851
0.0,-15.27055,12.856102
0.0,-15.26488,12.85475
0.0,-15.25041,12.840501
0.0,-15.244021,12.837062
0.0,-15.241161,12.833151
0.0,-15.240199,12.83084
0.0,-15.238,12.819529
0.0,-15.23557,12.80798
0.0,-15.22964,12.80339
0.0,-15.22469,12.80249
0.0,-15.21857,12.802991
0.0,-15.21388,12.80625
0.0,-15.208749,12.813911
0.0,-15.203799,12.814628
0.0,-15.19814,12.813051
0.0,-15.177831,12.80692
0.0,-15.151639,12.80151
0.0,-15.120741,12.795201
0.0,-15.1249,12.782921
0.0,-15.13395,12.76276
0.0,-15.14605,12.739112
0.0,-15.15255,12.725669
0.0,-15.153448,12.718732
0.0,-15.14629,12.70443
0.0,-15.130869,12.679617
0.0,-15.151281,12.67961
0.0,-15.16447,12.67961
0.0,-15.179251,12.680791
0.0,-15.18669,12.67724
0.0,-15.19489,12.677119
0.0,-15.235181,12.659549
0.0,-15.268891,12.637991
0.0,-15.272319,12.635801
0.0,-15.289991,12.627042
0.0,-15.329831,12.61176
0.0,-15.34607,12.601411
0.0,-15.36616,12.582031
0.0,-15.37775,12.573311
0.0,-15.391399,12.563039
0.0,-15.402091,12.557129
0.0,-15.407381,12.551081
0.0,-15.42962,12.535111
0.0,-15.445827,12.525935
0.0,-15.448091,12.546331
0.0,-15.455949,12.55875
0.0,-15.47224,12.56442
0.0,-15.53498,12.581318
0.0,-15.573299,12.58738
0.0,-15.55609,12.608162
0.0,-15.54094,12.62389
0.0,-15.52484,12.638369
0.0,-15.524649,12.63988
0.0,-15.52688,12.65258
0.0,-15.536211,12.69713
0.0,-15.54112,12.72045
0.0,-15.54267,12.73662
0.0,-15.54259,12.754651
0.0,-15.541799,12.755941
0.0,-15.542071,12.774121
0.0,-15.53648,12.788562
0.0,-15.52846,12.80179
0.0,-15.516989,12.809099
0.0,-15.502639,12.803242
0.0,-15.484609,12.798011
0.0,-15.469161,12.800689
0.0,-15.455199,12.812771
0.0,-15.444959,12.826029
0.0,-15.435589,12.836921
0.0,-15.426149,12.835849
0.0,-15.41523,12.826471
0.0,-15.39725,12.815059
0.0,-15.390239,12.81521
0.0,-15.38443,12.820221
0.0,-15.38466,12.830911
0.0,-15.371961,12.85003
0.0,-15.348529,12.85994
0.0,-15.33789,12.8636
0.0,-15.302431,12.864318
