0,0,0,8,9,26,27,74,50,0,0,0,0,0,0,0,0,50,71,
0.0,-13.355771,13.731062
0.0,-13.356261,13.725271
0.0,-13.356981,13.722041
0.0,-13.3603,13.71834
0.0,-13.367171,13.71212
0.0,-13.37619,13.70358
0.0,-13.38259,13.69412
0.0,-13.388281,13.689511
0.0,-13.398471,13.68514
0.0,-13.409591,13.68124
0.0,-13.421431,13.678959
0.0,-13.42877,13.677591
0.0,-13.438,13.67415
0.0,-13.44298,13.67046
0.0,-13.45033,13.66238
0.0,-13.455782,13.655449
0.0,-13.460281,13.649451
0.0,-13.46645,13.642992
0.0,-13.47332,13.636991
0.0,-13.478999,13.629369
0.0,-13.482329,13.622901
0.0,-13.48186,13.615961
0.0,-13.476909,13.60831
0.0,-13.468411,13.598111
0.0,-13.461332,13.591381
0.0,-13.448559,13.5895
0.0,-13.43485,13.5846
0.0,-13.425159,13.581341
0.0,-13.417599,13.572291
0.0,-13.406049,13.55352
0.0,-13.3966,13.54794
0.0,-13.38857,13.54676
0.0,-13.38336,13.546051
0.0,-13.37699,13.542789
0.0,-13.370611,13.53884
0.0,-13.361861,13.537889
0.0,-13.353351,13.54018
0.0,-13.347669,13.541092
0.0,-13.340581,13.538979
0.0,-13.337989,13.535731
0.0,-13.338951,13.52857
0.0,-13.34489,13.516089
0.0,-13.349419,13.499222
0.0,-13.349209,13.48487
0.0,-13.346399,13.47145
0.0,-13.34311,13.463801
0.0,-13.337691,13.458231
0.0,-13.33274,13.45012
0.0,-13.330391,13.44271
0.0,-13.329,13.4316
0.0,-13.327599,13.42582
0.0,-13.325721,13.421651
0.0,-13.321001,13.418622
0.0,-13.31603,13.420001
0.0,-13.314371,13.423691
0.0,-13.31174,13.436411
0.0,-13.310772,13.44566
0.0,-13.306979,13.44842
0.0,-13.30297,13.447941
0.0,-13.294939,13.443289
0.0,-13.287851,13.442569
0.0,-13.28313,13.44163
0.0,-13.278889,13.436762
0.0,-13.27535,13.433282
0.0,-13.272049,13.43165
0.0,-13.266142,13.43162
0.0,-13.262591,13.432999
0.0,-13.258092,13.435301
0.0,-13.253841,13.43389
0.0,-13.24465,13.42646
0.0,-13.239929,13.423901
0.0,-13.236151,13.42365
0.0,-13.232591,13.42803
0.0,-13.23136,13.443531
0.0,-13.226859,13.44744
0.0,-13.22143,13.447652
0.0,-13.211251,13.451091
0.0,-13.204382,13.45615
0.0,-13.200111,13.463772
0.0,-13.201749,13.469331
0.0,-13.201259,13.472788
0.0,-13.193699,13.47323
0.0,-13.184009,13.472961
0.0,-13.17974,13.47734
0.0,-13.174299,13.476391
0.0,-13.168649,13.471049
0.0,-13.16416,13.46918
0.0,-13.16062,13.469401
0.0,-13.153509,13.473529
0.0,-13.149019,13.47421
0.0,-13.146189,13.471421
0.0,-13.142661,13.46562
0.0,-13.1396,13.463991
0.0,-13.134631,13.46327
0.0,-13.127541,13.465101
0.0,-13.123039,13.465999
0.0,-13.119969,13.465531
0.0,-13.11596,13.46273
0.0,-13.112439,13.457169
0.0,-13.103938,13.452269
0.0,-13.095439,13.449689
0.0,-13.08929,13.450589
0.0,-13.0822,13.45195
0.0,-13.078421,13.45239
0.0,-13.074879,13.45007
0.0,-13.07348,13.444269
0.0,-13.076579,13.436659
0.0,-13.08299,13.428361
0.0,-13.085839,13.424441
0.0,-13.086799,13.419121
0.0,-13.084939,13.412861
0.0,-13.081169,13.40845
0.0,-13.078111,13.405661
0.0,-13.076939,13.402652
0.0,-13.07956,13.396651
0.0,-13.080511,13.393419
0.0,-13.07533,13.38877
0.0,-13.066129,13.384791
0.0,-13.064949,13.38317
0.0,-13.065211,13.377621
0.0,-13.0631,13.373682
0.0,-13.06004,13.36904
0.0,-13.05887,13.36579
0.0,-13.061261,13.358861
0.0,-13.064131,13.350091
0.0,-13.063192,13.348231
0.0,-13.05823,13.347281
0.0,-13.05304,13.346339
0.0,-13.047851,13.344229
0.0,-13.041,13.342581
0.0,-13.036492,13.350891
0.0,-13.03504,13.359212
0.0,-13.028651,13.360329
0.0,-13.026511,13.365409
0.0,-13.024351,13.372802
0.0,-13.019619,13.376251
0.0,-13.009461,13.37412
0.0,-13.00072,13.37616
0.0,-12.99407,13.382379
0.0,-12.990259,13.39184
0.0,-12.987611,13.404321
0.0,-12.98406,13.406151
0.0,-12.97129,13.407249
0.0,-12.96536,13.413932
0.0,-12.960391,13.41645
0.0,-12.95519,13.41619
0.0,-12.940469,13.43092
0.0,-12.93525,13.43552
0.0,-12.930291,13.43596
0.0,-12.91776,13.435891
0.0,-12.913967,13.437733
0.0,-12.910651,13.441869
0.0,-12.90894,13.453201
0.0,-12.907511,13.457361
0.0,-12.905371,13.460121
0.0,-12.901109,13.460561
0.0,-12.895199,13.461461
0.0,-12.883069,13.477351
0.0,-12.877859,13.479872
0.0,-12.862707,13.485342
0.0,-12.85701,13.491092
0.0,-12.851492,13.508411
0.0,-12.847681,13.51487
0.0,-12.844591,13.51763
0.0,-12.83915,13.51737
0.0,-12.8349,13.51619
0.0,-12.830408,13.517092
0.0,-12.824951,13.520301
0.0,-12.820229,13.519811
0.0,-12.80913,13.516739
0.0,-12.803691,13.51786
0.0,-12.80154,13.52109
0.0,-12.793189,13.53585
0.0,-12.790349,13.538379
0.0,-12.78111,13.541101
0.0,-12.76687,13.55073
0.0,-12.75645,13.554842
0.0,-12.748411,13.554331
0.0,-12.73119,13.546819
0.0,-12.721059,13.538199
0.0,-12.714019,13.5296
0.0,-12.70954,13.525639
0.0,-12.704829,13.523059
0.0,-12.69845,13.52186
0.0,-12.694911,13.520449
0.0,-12.68596,13.51392
0.0,-12.677961,13.507629
0.0,-12.66878,13.50086
0.0,-12.664311,13.495741
0.0,-12.65963,13.487609
0.0,-12.654939,13.480179
0.0,-12.652131,13.475772
0.0,-12.648371,13.47274
0.0,-12.642709,13.46923
0.0,-12.639899,13.465511
0.0,-12.633768,13.462459
0.0,-12.627389,13.46103
0.0,-12.61724,13.45935
0.0,-12.609919,13.45861
0.0,-12.59905,13.457842
0.0,-12.595059,13.45342
0.0,-12.59062,13.444602
0.0,-12.58737,13.435091
0.0,-12.58244,13.428119
0.0,-12.574919,13.42159
0.0,-12.56505,13.41204
0.0,-12.5505,13.395751
0.0,-12.542539,13.384121
0.0,-12.53582,13.361642
0.0,-12.528791,13.352801
0.0,-12.50644,13.33761
0.0,-12.494449,13.329661
0.0,-12.48743,13.31966
0.0,-12.483929,13.311539
0.0,-12.484941,13.302521
0.0,-12.48146,13.292552
0.0,-12.47535,13.287652
0.0,-12.47208,13.28161
0.0,-12.473349,13.26798
0.0,-12.47772,13.249731
0.0,-12.4835,13.231972
0.0,-12.480029,13.221071
0.0,-12.477,13.214801
0.0,-12.473481,13.21223
0.0,-12.476551,13.204169
0.0,-12.47638,13.201621
0.0,-12.47667,13.1926
0.0,-12.47979,13.185451
0.0,-12.48453,13.181779
0.0,-12.4851,13.181731
0.0,-12.489251,13.18136
0.0,-12.489959,13.18205
0.0,-12.512379,13.198531
0.0,-12.517569,13.198569
0.0,-12.522081,13.19536
0.0,-12.528021,13.189391
0.0,-12.53205,13.18664
0.0,-12.53796,13.185059
0.0,-12.54503,13.187192
0.0,-12.552581,13.187021
0.0,-12.561549,13.186611
0.0,-12.56815,13.188512
0.0,-12.575441,13.193421
0.0,-12.57895,13.199449
0.0,-12.58177,13.200169
0.0,-12.58744,13.200671
0.0,-12.590959,13.203
0.0,-12.59825,13.209069
0.0,-12.60248,13.21164
0.0,-12.604139,13.210029
0.0,-12.609639,13.198041
0.0,-12.613441,13.193669
0.0,-12.617942,13.192771
0.0,-12.623829,13.19443
0.0,-12.630429,13.194711
0.0,-12.636569,13.194522
0.0,-12.639411,13.19407
0.0,-12.64484,13.19364
0.0,-12.648861,13.192739
0.0,-12.65313,13.188379
0.0,-12.65669,13.184701
0.0,-12.66001,13.183101
0.0,-12.667349,13.179219
0.0,-12.67895,13.173041
0.0,-12.68488,13.16614
0.0,-12.685869,13.15759
0.0,-12.68308,13.1511
0.0,-12.68003,13.147152
0.0,-12.677471,13.141121
0.0,-12.6806,13.129571
0.0,-12.68344,13.12751
0.0,-12.68983,13.124541
0.0,-12.693381,13.12202
0.0,-12.70549,13.108678
0.0,-12.722089,13.092829
0.0,-12.73581,13.08528
0.0,-12.742221,13.077679
0.0,-12.751189,13.076811
0.0,-12.761571,13.07641
0.0,-12.766539,13.074819
0.0,-12.77035,13.067681
0.0,-12.77156,13.061901
0.0,-12.775111,13.05822
0.0,-12.78008,13.055939
0.0,-12.7841,13.053881
0.0,-12.785529,13.051572
0.0,-12.785559,13.045332
0.0,-12.78699,13.041872
0.0,-12.791721,13.039821
0.0,-12.81508,13.037181
0.0,-12.81818,13.031181
0.0,-12.81632,13.025389
0.0,-12.81563,13.021451
0.0,-12.81635,13.019609
0.0,-12.819192,13.01615
0.0,-12.822029,13.01455
0.0,-12.82347,13.01016
0.0,-12.81973,13.00159
0.0,-12.821642,12.997901
0.0,-12.827071,12.99608
0.0,-12.831549,12.99657
0.0,-12.83719,13.000761
0.0,-12.840709,13.004941
0.0,-12.847041,13.013301
0.0,-12.85197,13.016571
0.0,-12.857399,13.017061
0.0,-12.864939,13.017793
0.0,-12.870591,13.01921
0.0,-12.872451,13.025929
0.0,-12.874561,13.02825
0.0,-12.883509,13.03131
0.0,-12.895001,13.046861
0.0,-12.9084,13.058261
0.0,-12.911939,13.056889
0.0,-12.915732,13.05391
0.0,-12.918799,13.05231
0.0,-12.921869,13.052319
0.0,-12.92349,13.059041
0.0,-12.926551,13.06067
0.0,-12.93574,13.063961
0.0,-12.94374,13.067929
0.0,-12.94371,13.07579
0.0,-12.946279,13.080891
0.0,-12.949811,13.08461
0.0,-12.958759,13.087199
0.0,-12.964191,13.085611
0.0,-12.97059,13.079159
0.0,-12.976031,13.07641
0.0,-12.98522,13.078769
0.0,-12.993701,13.082051
0.0,-13.002421,13.083482
0.0,-13.007392,13.079569
0.0,-13.014019,13.073591
0.0,-13.021101,13.07455
0.0,-13.02982,13.074819
0.0,-13.03243,13.07159
0.0,-13.036941,13.06514
0.0,-13.042139,13.063082
0.0,-13.05157,13.063123
0.0,-13.064541,13.0648
0.0,-13.070218,13.0609
0.0,-13.078029,13.0526
0.0,-13.08609,13.041772
0.0,-13.096,13.040432
0.0,-13.10025,13.040441
0.0,-13.110609,13.043502
0.0,-13.127559,13.055362
0.0,-13.133681,13.060012
0.0,-13.140279,13.060732
0.0,-13.148791,13.056142
0.0,-13.15657,13.057562
0.0,-13.161751,13.058512
0.0,-13.167891,13.056682
0.0,-13.17497,13.057871
0.0,-13.178261,13.060652
0.0,-13.18177,13.068531
0.0,-13.18436,13.072241
0.0,-13.18884,13.07295
0.0,-13.194989,13.06743
0.0,-13.20161,13.061901
0.0,-13.208701,13.05892
0.0,-13.21601,13.05964
0.0,-13.220491,13.060119
0.0,-13.223091,13.058049
0.0,-13.224048,13.052971
0.0,-13.224069,13.044411
0.0,-13.226681,13.03841
0.0,-13.231419,13.032409
0.0,-13.240151,13.0299
0.0,-13.24723,13.028539
0.0,-13.251719,13.026239
0.0,-13.256209,13.021631
0.0,-13.255279,13.016539
0.0,-13.25504,13.01615
0.0,-13.24637,13.014372
0.0,-13.232629,13.01207
0.0,-13.21188,12.987141
0.0,-13.20817,12.973553
0.0,-13.206009,12.971481
0.0,-13.199131,12.97714
0.0,-13.189971,12.970421
0.0,-13.172579,12.941961
0.0,-13.16557,12.93627
0.0,-13.162031,12.921461
0.0,-13.16679,12.91687
0.0,-13.172392,12.907731
0.0,-13.17806,12.9054
0.0,-13.19627,12.90993
0.0,-13.199621,12.907619
0.0,-13.188321,12.899531
0.0,-13.18794,12.880151
0.0,-13.164821,12.865551
0.0,-13.168419,12.852941
0.0,-13.168171,12.846131
0.0,-13.15549,12.841891
0.0,-13.137279,12.836139
0.0,-13.12463,12.83417
0.0,-13.119028,12.826371
0.0,-13.126971,12.820349
0.0,-13.130121,12.81456
0.0,-13.126691,12.810052
0.0,-13.124589,12.807691
0.0,-13.11429,12.801011
0.0,-13.11021,12.780681
0.0,-13.111181,12.771899
0.0,-13.11357,12.762201
0.0,-13.107961,12.749691
0.0,-13.104241,12.736042
0.0,-13.1003,12.717761
0.0,-13.0961,12.70433
0.0,-13.08978,12.69251
0.0,-13.08792,12.686949
0.0,-13.08911,12.682101
0.0,-13.092189,12.678881
0.0,-13.10162,12.675451
0.0,-13.11434,12.674122
0.0,-13.120229,12.670681
0.0,-13.124489,12.664919
0.0,-13.12876,12.656149
0.0,-13.129211,12.639937
0.0,-13.13415,12.64233
0.0,-13.139062,12.64161
0.0,-13.145111,12.634909
0.0,-13.148381,12.636986
0.0,-13.152641,12.639691
0.0,-13.15353,12.63965
0.0,-13.156454,12.639493
0.0,-13.17184,12.638661
0.0,-13.179551,12.63655
0.0,-13.184651,12.62778
0.0,-13.187689,12.62776
0.0,-13.190395,12.630385
0.0,-13.19712,12.636911
0.0,-13.19782,12.637202
0.0,-13.207349,12.641173
0.0,-13.2091,12.641902
0.0,-13.210761,12.646492
0.0,-13.213359,12.648771
0.0,-13.214503,12.648698
0.0,-13.221551,12.648261
0.0,-13.232971,12.639682
0.0,-13.23719,12.639889
0.0,-13.239895,12.641198
0.0,-13.247061,12.644662
0.0,-13.247608,12.644815
0.0,-13.26301,12.649161
0.0,-13.27496,12.649088
0.0,-13.287579,12.652388
0.0,-13.28786,12.652461
0.0,-13.288147,12.652388
0.0,-13.29067,12.65175
0.0,-13.295319,12.646661
0.0,-13.297421,12.646419
0.0,-13.300404,12.644787
0.0,-13.304659,12.642463
0.0,-13.324089,12.64172
0.0,-13.324597,12.641879
0.0,-13.330817,12.643844
0.0,-13.333251,12.644609
0.0,-13.33354,12.645398
0.0,-13.33602,12.652119
0.0,-13.338541,12.654799
0.0,-13.340009,12.654446
0.0,-13.342311,12.65389
0.0,-13.34631,12.64971
0.0,-13.350171,12.65345
0.0,-13.35024,12.654041
0.0,-13.350901,12.65957
0.0,-13.369143,12.660673
0.0,-13.39306,12.66212
0.0,-13.452081,12.665992
0.0,-13.453081,12.666052
0.0,-13.461739,12.665069
0.0,-13.466742,12.666658
0.0,-13.46738,12.666861
0.0,-13.472602,12.667239
0.0,-13.483761,12.668055
0.0,-13.483551,12.694771
0.0,-13.48307,12.701469
0.0,-13.483289,12.7091
0.0,-13.48503,12.71207
0.0,-13.48764,12.71312
0.0,-13.488301,12.716591
0.0,-13.486149,12.72166
0.0,-13.482231,12.727452
0.0,-13.4839,12.733689
0.0,-13.489741,12.7398
0.0,-13.48965,12.740411
0.0,-13.4807,12.739912
0.0,-13.47948,12.741751
0.0,-13.481349,12.749561
0.0,-13.484159,12.75466
0.0,-13.48601,12.761511
0.0,-13.484959,12.762739
0.0,-13.47757,12.767259
0.0,-13.479339,12.77403
0.0,-13.478341,12.779172
0.0,-13.477199,12.78719
0.0,-13.479631,12.798041
0.0,-13.482999,12.798
0.0,-13.485839,12.797879
0.0,-13.484301,12.802419
0.0,-13.480909,12.80821
0.0,-13.479261,12.811011
0.0,-13.47979,12.8184
0.0,-13.48266,12.820632
0.0,-13.493479,12.82163
0.0,-13.49465,12.822751
0.0,-13.495309,12.83301
0.0,-13.49483,12.837541
0.0,-13.492661,12.840959
0.0,-13.488781,12.842742
0.0,-13.483079,12.84794
0.0,-13.483049,12.85308
0.0,-13.483731,12.857599
0.0,-13.490621,12.86265
0.0,-13.49473,12.865392
0.0,-13.4936,12.86714
0.0,-13.490151,12.868311
0.0,-13.480431,12.86399
0.0,-13.47252,12.862251
0.0,-13.469701,12.86342
0.0,-13.469639,12.866292
0.0,-13.470311,12.869758
0.0,-13.47311,12.874171
0.0,-13.48121,12.880129
0.0,-13.48064,12.88081
0.0,-13.48812,12.88888
0.0,-13.48508,12.88968
0.0,-13.481269,12.891189
0.0,-13.48131,12.894651
0.0,-13.482131,12.898102
0.0,-13.481762,12.902279
0.0,-13.48067,12.906161
0.0,-13.481429,12.90885
0.0,-13.48222,12.910373
0.0,-13.499509,12.915909
0.0,-13.510741,12.924579
0.0,-13.51165,12.929909
0.0,-13.513549,12.93411
0.0,-13.51558,12.93831
0.0,-13.51214,12.94064
0.0,-13.5114,12.943762
0.0,-13.509971,12.949111
0.0,-13.5084,12.952591
0.0,-13.50807,12.95488
0.0,-13.508849,12.96063
0.0,-13.5108,12.962891
0.0,-13.513911,12.963322
0.0,-13.51694,12.961291
0.0,-13.51921,12.960912
0.0,-13.521551,12.961651
0.0,-13.52277,12.963919
0.0,-13.5213,12.965881
0.0,-13.519,12.96819
0.0,-13.517891,12.970959
0.0,-13.514871,12.97288
0.0,-13.509889,12.97634
0.0,-13.506889,12.9806
0.0,-13.506919,12.98336
0.0,-13.50882,12.987091
0.0,-13.510381,12.98754
0.0,-13.515001,12.988189
0.0,-13.513841,12.991601
0.0,-13.51467,12.995471
0.0,-13.517781,13.000009
0.0,-13.51828,13.001937
0.0,-13.516751,13.0043
0.0,-13.51219,13.008111
0.0,-13.513401,13.01426
0.0,-13.517991,13.01767
0.0,-13.523889,13.024931
0.0,-13.528081,13.02517
0.0,-13.53111,13.02332
0.0,-13.53645,13.019789
0.0,-13.537999,13.019769
0.0,-13.5416,13.021661
0.0,-13.541249,13.02226
0.0,-13.54194,13.02438
0.0,-13.53301,13.035711
0.0,-13.52981,13.043741
0.0,-13.531709,13.047661
0.0,-13.534401,13.048231
0.0,-13.545559,13.049409
0.0,-13.55172,13.05531
0.0,-13.549801,13.058671
0.0,-13.549842,13.062008
0.0,-13.55654,13.069812
0.0,-13.56108,13.06986
0.0,-13.56436,13.068499
0.0,-13.56317,13.07236
0.0,-13.5599,13.07442
0.0,-13.5586,13.077679
0.0,-13.558639,13.081009
0.0,-13.56188,13.084309
0.0,-13.57313,13.084882
0.0,-13.577071,13.07816
0.0,-13.583049,13.07809
0.0,-13.58569,13.082709
0.0,-13.58523,13.086662
0.0,-13.5826,13.091341
0.0,-13.57803,13.09666
0.0,-13.579931,13.10058
0.0,-13.582659,13.10388
0.0,-13.586071,13.10445
0.0,-13.58874,13.1117
0.0,-13.590761,13.11632
0.0,-13.6022,13.123458
0.0,-13.603611,13.128712
0.0,-13.602371,13.136611
0.0,-13.60158,13.139351
0.0,-13.604299,13.14255
0.0,-13.62021,13.143672
0.0,-13.624251,13.144941
0.0,-13.624919,13.14908
0.0,-13.623729,13.15293
0.0,-13.62052,13.159651
0.0,-13.617831,13.159072
0.0,-13.611941,13.159051
0.0,-13.611139,13.16098
0.0,-13.6119,13.163601
0.0,-13.62258,13.1754
0.0,-13.624611,13.180639
0.0,-13.62344,13.186011
0.0,-13.620921,13.19059
0.0,-13.617559,13.194581
0.0,-13.61688,13.197931
0.0,-13.617653,13.20186
0.0,-13.621021,13.206469
0.0,-13.622491,13.208481
0.0,-13.62117,13.210412
0.0,-13.61789,13.212479
0.0,-13.613279,13.215161
0.0,-13.61064,13.21853
0.0,-13.61005,13.22046
0.0,-13.610601,13.223091
0.0,-13.6127,13.225791
0.0,-13.61603,13.22777
0.0,-13.61743,13.23231
0.0,-13.61753,13.2402
0.0,-13.619561,13.245531
0.0,-13.62292,13.250041
0.0,-13.627711,13.253421
0.0,-13.63742,13.25117
0.0,-13.644779,13.250101
0.0,-13.650789,13.250939
0.0,-13.65527,13.25689
0.0,-13.655329,13.261982
0.0,-13.651949,13.268031
0.0,-13.648699,13.27487
0.0,-13.649451,13.28086
0.0,-13.65457,13.284978
0.0,-13.68205,13.28633
0.0,-13.69059,13.287141
0.0,-13.696529,13.292162
0.0,-13.696821,13.304041
0.0,-13.69433,13.30759
0.0,-13.690011,13.313531
0.0,-13.681731,13.323031
0.0,-13.67758,13.33171
0.0,-13.674121,13.339611
0.0,-13.674239,13.345719
0.0,-13.67637,13.34827
0.0,-13.706621,13.338369
0.0,-13.71087,13.338839
0.0,-13.712989,13.34393
0.0,-13.71228,13.34948
0.0,-13.70779,13.35456
0.0,-13.702111,13.359
0.0,-13.69768,13.36893
0.0,-13.690911,13.371629
0.0,-13.684201,13.378509
0.0,-13.683461,13.382831
0.0,-13.686699,13.386181
0.0,-13.710701,13.384959
0.0,-13.72947,13.38224
0.0,-13.75075,13.377791
0.0,-13.762729,13.375932
0.0,-13.770339,13.37662
0.0,-13.778109,13.378999
0.0,-13.7807,13.383271
0.0,-13.77768,13.38508
0.0,-13.777951,13.386122
0.0,-13.777211,13.38766
0.0,-13.768181,13.394541
0.0,-13.760589,13.40482
0.0,-13.75882,13.412551
0.0,-13.761619,13.42192
0.0,-13.765979,13.42865
0.0,-13.76618,13.433751
0.0,-13.764511,13.438081
0.0,-13.76138,13.440231
0.0,-13.75949,13.442079
0.0,-13.756179,13.44369
0.0,-13.74554,13.449689
0.0,-13.74051,13.45389
0.0,-13.733941,13.457281
0.0,-13.729741,13.462432
0.0,-13.72967,13.466612
0.0,-13.732391,13.47102
0.0,-13.772789,13.48747
0.0,-13.779729,13.487901
0.0,-13.78052,13.48768
0.0,-13.79092,13.482139
0.0,-13.797301,13.47636
0.0,-13.80629,13.471512
0.0,-13.810311,13.471521
0.0,-13.811751,13.47246
0.0,-13.813549,13.472442
0.0,-13.81705,13.474871
0.0,-13.81888,13.48177
0.0,-13.81736,13.487671
0.0,-13.813301,13.493041
0.0,-13.813139,13.493499
0.0,-13.810299,13.500671
0.0,-13.808651,13.50876
0.0,-13.808879,13.516169
0.0,-13.808241,13.518881
0.0,-13.808369,13.52279
0.0,-13.802669,13.534879
0.0,-13.799181,13.543421
0.0,-13.8,13.54511
0.0,-13.819751,13.544191
0.0,-13.83165,13.545602
0.0,-13.837631,13.543952
0.0,-13.84101,13.536989
0.0,-13.845879,13.522421
0.0,-13.84566,13.507139
0.0,-13.849929,13.507089
0.0,-13.861201,13.51319
0.0,-13.864203,13.510977
0.0,-13.87847,13.529349
0.0,-13.892909,13.54002
0.0,-13.898511,13.543421
0.0,-13.878769,13.57031
0.0,-13.862229,13.600139
0.0,-13.856319,13.611009
0.0,-13.847089,13.621411
0.0,-13.836919,13.62673
0.0,-13.82131,13.633189
0.0,-13.805461,13.638039
0.0,-13.78914,13.638251
0.0,-13.767369,13.63684
0.0,-13.753649,13.635899
0.0,-13.739689,13.63819
0.0,-13.731651,13.640731
0.0,-13.723371,13.64303
0.0,-13.71154,13.64579
0.0,-13.70302,13.651331
0.0,-13.697099,13.657111
0.0,-13.69165,13.671442
0.0,-13.69141,13.678849
0.0,-13.68478,13.693869
0.0,-13.681699,13.707291
0.0,-13.672929,13.73157
0.0,-13.65068,13.72737
0.0,-13.62535,13.729872
0.0,-13.601681,13.73792
0.0,-13.584628,13.743212
0.0,-13.56947,13.753131
0.0,-13.543889,13.7688
0.0,-13.514269,13.792802
0.0,-13.50193,13.808512
0.0,-13.487229,13.826979
0.0,-13.470861,13.84545
0.0,-13.467301,13.85099
0.0,-13.463029,13.85445
0.0,-13.455941,13.84449
0.0,-13.44837,13.8366
0.0,-13.414299,13.8247
0.0,-13.40341,13.821899
0.0,-13.39466,13.814241
0.0,-13.38901,13.801731
0.0,-13.38547,13.79524
0.0,-13.368931,13.78061
0.0,-13.359951,13.76901
0.0,-13.35736,13.76276
0.0,-13.357139,13.756511
0.0,-13.358811,13.74888
0.0,-13.359541,13.743789
0.0,-13.355771,13.731062
