0,0,0,0,7,5,22,2,31,0,0,0,0,0,0,0,0,17,35,
0.0,-17.14818,14.816001
0.0,-17.146819,14.79148
0.0,-17.143321,14.781121
0.0,-17.12086,14.76107
0.0,-17.123529,14.73534
0.0,-17.1239,14.714261
0.0,-17.13789,14.57597
0.0,-17.138195,14.575972
0.0,-17.138195,14.576528
0.0,-17.138471,14.576528
0.0,-17.138471,14.576806
0.0,-17.138751,14.576806
0.0,-17.138751,14.577084
0.0,-17.139029,14.577084
0.0,-17.139029,14.577638
0.0,-17.139305,14.577638
0.0,-17.139305,14.577918
0.0,-17.139583,14.577918
0.0,-17.139583,14.578194
0.0,-17.139861,14.578194
0.0,-17.139861,14.57875
0.0,-17.140139,14.57875
0.0,-17.140139,14.57986
0.0,-17.140417,14.57986
0.0,-17.140417,14.580416
0.0,-17.140693,14.580416
0.0,-17.140693,14.580972
0.0,-17.140973,14.580972
0.0,-17.140973,14.581528
0.0,-17.141251,14.581528
0.0,-17.141251,14.582084
0.0,-17.141527,14.582084
0.0,-17.141527,14.582638
0.0,-17.141805,14.582638
0.0,-17.141805,14.583194
0.0,-17.142083,14.583194
0.0,-17.142083,14.583751
0.0,-17.142361,14.583751
0.0,-17.142361,14.584307
0.0,-17.142639,14.584307
0.0,-17.142639,14.58486
0.0,-17.143193,14.58486
0.0,-17.143193,14.585139
0.0,-17.143749,14.585139
0.0,-17.143749,14.585417
0.0,-17.143473,14.585417
0.0,-17.143473,14.585973
0.0,-17.143193,14.585973
0.0,-17.143193,14.586529
0.0,-17.143473,14.586529
0.0,-17.143473,14.587083
0.0,-17.143749,14.587085
0.0,-17.143749,14.587917
0.0,-17.144027,14.587917
0.0,-17.144027,14.588473
0.0,-17.144305,14.588473
0.0,-17.144305,14.588751
0.0,-17.144583,14.588751
0.0,-17.144583,14.589027
0.0,-17.144861,14.589027
0.0,-17.144861,14.589305
0.0,-17.14514,14.589305
0.0,-17.14514,14.589861
0.0,-17.145415,14.589861
0.0,-17.145415,14.590417
0.0,-17.145696,14.590417
0.0,-17.145696,14.590695
0.0,-17.146806,14.590729
0.0,-17.146806,14.590873
0.0,-17.146806,14.591527
0.0,-17.147118,14.591511
0.0,-17.147084,14.592917
0.0,-17.147362,14.592917
0.0,-17.147362,14.594305
0.0,-17.147637,14.594305
0.0,-17.147637,14.595139
0.0,-17.147918,14.595139
0.0,-17.147918,14.595695
0.0,-17.148196,14.595695
0.0,-17.148196,14.596249
0.0,-17.148472,14.596249
0.0,-17.148472,14.596805
0.0,-17.149584,14.596805
0.0,-17.149584,14.597918
0.0,-17.149306,14.597918
0.0,-17.149306,14.598193
0.0,-17.149028,14.598193
0.0,-17.149028,14.598474
0.0,-17.149306,14.598474
0.0,-17.149306,14.599306
0.0,-17.149028,14.599306
0.0,-17.149028,14.60014
0.0,-17.149306,14.60014
0.0,-17.149306,14.600694
0.0,-17.149584,14.600694
0.0,-17.149584,14.60125
0.0,-17.14986,14.60125
0.0,-17.14986,14.602084
0.0,-17.15014,14.602084
0.0,-17.15014,14.60264
0.0,-17.150418,14.60264
0.0,-17.150418,14.603472
0.0,-17.150694,14.603472
0.0,-17.150694,14.604028
0.0,-17.150972,14.604028
0.0,-17.150972,14.604584
0.0,-17.15264,14.604584
0.0,-17.15264,14.604862
0.0,-17.152916,14.604862
0.0,-17.152916,14.604969
0.0,-17.152916,14.605416
0.0,-17.15264,14.605416
0.0,-17.15264,14.60625
0.0,-17.15236,14.60625
0.0,-17.15236,14.606806
0.0,-17.15264,14.606806
0.0,-17.15264,14.60736
0.0,-17.152916,14.60736
0.0,-17.152916,14.607916
0.0,-17.153194,14.607916
0.0,-17.153194,14.608472
0.0,-17.153472,14.608472
0.0,-17.153472,14.609028
0.0,-17.15375,14.609028
0.0,-17.15375,14.609582
0.0,-17.154028,14.609582
0.0,-17.154028,14.60986
0.0,-17.154306,14.60986
0.0,-17.154306,14.610416
0.0,-17.15463,14.6104
0.0,-17.154582,14.610973
0.0,-17.154862,14.610973
0.0,-17.154862,14.61113
0.0,-17.154862,14.611526
0.0,-17.154988,14.611526
0.0,-17.155138,14.611526
0.0,-17.155081,14.611825
0.0,-17.155416,14.611807
0.0,-17.155416,14.612361
0.0,-17.155694,14.612361
0.0,-17.155694,14.612917
0.0,-17.155972,14.612917
0.0,-17.155972,14.613473
0.0,-17.15625,14.613473
0.0,-17.15625,14.613751
0.0,-17.156528,14.613751
0.0,-17.156528,14.614029
0.0,-17.156804,14.614029
0.0,-17.156804,14.614305
0.0,-17.157084,14.614305
0.0,-17.157084,14.614861
0.0,-17.157363,14.614861
0.0,-17.157363,14.615139
0.0,-17.157638,14.615139
0.0,-17.157638,14.615695
0.0,-17.157916,14.615695
0.0,-17.157916,14.616251
0.0,-17.158194,14.616251
0.0,-17.158194,14.617083
0.0,-17.158472,14.617083
0.0,-17.158472,14.617639
0.0,-17.158751,14.617639
0.0,-17.158751,14.617917
0.0,-17.158194,14.617917
0.0,-17.158194,14.618195
0.0,-17.158472,14.618195
0.0,-17.158472,14.618473
0.0,-17.158751,14.618473
0.0,-17.158751,14.618749
0.0,-17.159026,14.618749
0.0,-17.159026,14.619027
0.0,-17.159307,14.619027
0.0,-17.159307,14.619305
0.0,-17.159585,14.619305
0.0,-17.159585,14.619583
0.0,-17.15986,14.619583
0.0,-17.15986,14.620139
0.0,-17.160139,14.620139
0.0,-17.160139,14.620417
0.0,-17.160417,14.620417
0.0,-17.160417,14.620693
0.0,-17.160695,14.620693
0.0,-17.160695,14.620973
0.0,-17.160973,14.620973
0.0,-17.160973,14.621249
0.0,-17.161248,14.621249
0.0,-17.161248,14.621527
0.0,-17.161527,14.621527
0.0,-17.161527,14.621805
0.0,-17.161807,14.621805
0.0,-17.161807,14.622361
0.0,-17.162083,14.622361
0.0,-17.162083,14.622639
0.0,-17.162361,14.622639
0.0,-17.162361,14.622915
0.0,-17.162639,14.622915
0.0,-17.162639,14.623471
0.0,-17.162917,14.623471
0.0,-17.162917,14.623749
0.0,-17.163195,14.623749
0.0,-17.163195,14.624305
0.0,-17.163473,14.624305
0.0,-17.163473,14.624862
0.0,-17.163749,14.624862
0.0,-17.163749,14.625418
0.0,-17.164029,14.625418
0.0,-17.164029,14.625693
0.0,-17.164305,14.625693
0.0,-17.164305,14.625972
0.0,-17.164583,14.625972
0.0,-17.164583,14.626528
0.0,-17.164861,14.626528
0.0,-17.164861,14.626806
0.0,-17.165139,14.626806
0.0,-17.165139,14.627362
0.0,-17.165417,14.627362
0.0,-17.165417,14.62764
0.0,-17.165695,14.62764
0.0,-17.165695,14.627916
0.0,-17.165971,14.627916
0.0,-17.165971,14.628196
0.0,-17.166251,14.628196
0.0,-17.166251,14.628472
0.0,-17.166529,14.628472
0.0,-17.166529,14.629028
0.0,-17.166805,14.629028
0.0,-17.166805,14.629306
0.0,-17.167083,14.629306
0.0,-17.167083,14.629584
0.0,-17.167361,14.629584
0.0,-17.167361,14.629862
0.0,-17.167639,14.629862
0.0,-17.167639,14.63014
0.0,-17.167917,14.63014
0.0,-17.167917,14.630416
0.0,-17.168193,14.630416
0.0,-17.168193,14.630694
0.0,-17.168473,14.630694
0.0,-17.168473,14.63125
0.0,-17.168751,14.63125
0.0,-17.168751,14.631528
0.0,-17.169027,14.631528
0.0,-17.169027,14.631806
0.0,-17.169305,14.631806
0.0,-17.169305,14.632082
0.0,-17.169583,14.632082
0.0,-17.169583,14.632362
0.0,-17.169861,14.632362
0.0,-17.169861,14.632638
0.0,-17.170139,14.632638
0.0,-17.170139,14.632916
0.0,-17.170415,14.632916
0.0,-17.170415,14.633194
0.0,-17.170974,14.633194
0.0,-17.170974,14.633472
0.0,-17.171527,14.633472
0.0,-17.171527,14.63375
0.0,-17.171805,14.63375
0.0,-17.171805,14.634028
0.0,-17.172362,14.634028
0.0,-17.172362,14.634306
0.0,-17.172915,14.634306
0.0,-17.172915,14.634584
0.0,-17.173471,14.634584
0.0,-17.173471,14.63486
0.0,-17.17375,14.63486
0.0,-17.17375,14.635416
0.0,-17.174028,14.635416
0.0,-17.174028,14.635972
0.0,-17.174306,14.635972
0.0,-17.174306,14.636528
0.0,-17.174584,14.636528
0.0,-17.174584,14.637082
0.0,-17.174862,14.637082
0.0,-17.174862,14.637363
0.0,-17.175138,14.637363
0.0,-17.175138,14.637638
0.0,-17.175418,14.637638
0.0,-17.175418,14.638195
0.0,-17.175694,14.638195
0.0,-17.175694,14.638473
0.0,-17.175972,14.638473
0.0,-17.175972,14.639029
0.0,-17.17625,14.639029
0.0,-17.17625,14.639583
0.0,-17.176528,14.639583
0.0,-17.176528,14.639861
0.0,-17.177084,14.639861
0.0,-17.177084,14.640139
0.0,-17.17736,14.640139
0.0,-17.17736,14.640695
0.0,-17.17764,14.640695
0.0,-17.17764,14.641529
0.0,-17.178194,14.641529
0.0,-17.178194,14.641805
0.0,-17.17875,14.641805
0.0,-17.17875,14.642917
0.0,-17.179028,14.642917
0.0,-17.179028,14.643195
0.0,-17.179582,14.643195
0.0,-17.179582,14.643473
0.0,-17.179862,14.643473
0.0,-17.179862,14.643751
0.0,-17.18014,14.643751
0.0,-17.18014,14.644027
0.0,-17.180416,14.644027
0.0,-17.180416,14.644305
0.0,-17.180972,14.644305
0.0,-17.180972,14.644583
0.0,-17.18125,14.644583
0.0,-17.18125,14.644861
0.0,-17.181528,14.644861
0.0,-17.181528,14.645139
0.0,-17.181804,14.645139
0.0,-17.181804,14.645417
0.0,-17.182362,14.645417
0.0,-17.182362,14.645695
0.0,-17.182638,14.645695
0.0,-17.182638,14.645973
0.0,-17.182916,14.645973
0.0,-17.182916,14.646249
0.0,-17.183472,14.646249
0.0,-17.183472,14.646529
0.0,-17.184028,14.646529
0.0,-17.184028,14.647083
0.0,-17.184304,14.647083
0.0,-17.184304,14.647639
0.0,-17.184585,14.647639
0.0,-17.184585,14.648195
0.0,-17.18486,14.648195
0.0,-17.18486,14.648749
0.0,-17.185138,14.648749
0.0,-17.185138,14.649305
0.0,-17.185416,14.649305
0.0,-17.185416,14.649861
0.0,-17.185694,14.649861
0.0,-17.185694,14.650139
0.0,-17.185973,14.650139
0.0,-17.185973,14.650415
0.0,-17.186251,14.650415
0.0,-17.186251,14.650696
0.0,-17.186526,14.650696
0.0,-17.186526,14.650971
0.0,-17.186807,14.650971
0.0,-17.186807,14.651249
0.0,-17.187361,14.651249
0.0,-17.187361,14.651527
0.0,-17.187639,14.651527
0.0,-17.187639,14.651806
0.0,-17.188195,14.651806
0.0,-17.188195,14.652084
0.0,-17.188473,14.652084
0.0,-17.188473,14.652918
0.0,-17.188243,14.652865
0.0,-17.188195,14.654028
0.0,-17.188473,14.654028
0.0,-17.188473,14.654306
0.0,-17.189029,14.654306
0.0,-17.189029,14.654584
0.0,-17.189307,14.654584
0.0,-17.189307,14.654862
0.0,-17.189583,14.654862
0.0,-17.189583,14.65514
0.0,-17.190139,14.65514
0.0,-17.190139,14.655416
0.0,-17.190417,14.655416
0.0,-17.190417,14.655694
0.0,-17.190695,14.655694
0.0,-17.190695,14.655972
0.0,-17.190971,14.655972
0.0,-17.190971,14.65625
0.0,-17.191249,14.65625
0.0,-17.191249,14.656528
0.0,-17.191529,14.656528
0.0,-17.191529,14.656806
0.0,-17.191805,14.656806
0.0,-17.191805,14.657362
0.0,-17.192083,14.657362
0.0,-17.192083,14.657638
0.0,-17.192361,14.657638
0.0,-17.192361,14.657918
0.0,-17.192639,14.657918
0.0,-17.192639,14.658194
0.0,-17.192917,14.658194
0.0,-17.192917,14.658472
0.0,-17.193195,14.658472
0.0,-17.193195,14.65875
0.0,-17.193471,14.65875
0.0,-17.193471,14.659028
0.0,-17.193751,14.659028
0.0,-17.193751,14.659306
0.0,-17.194027,14.659306
0.0,-17.194027,14.659584
0.0,-17.194305,14.659584
0.0,-17.194305,14.660138
0.0,-17.194583,14.660138
0.0,-17.194583,14.660416
0.0,-17.194861,14.660416
0.0,-17.194861,14.660694
0.0,-17.195139,14.660694
0.0,-17.195139,14.660972
0.0,-17.195417,14.660972
0.0,-17.195417,14.66125
0.0,-17.195693,14.66125
0.0,-17.195693,14.661528
0.0,-17.195973,14.661528
0.0,-17.195973,14.661804
0.0,-17.196251,14.661804
0.0,-17.196251,14.662084
0.0,-17.196527,14.662084
0.0,-17.196527,14.66236
0.0,-17.197083,14.66236
0.0,-17.197083,14.662638
0.0,-17.197361,14.662638
0.0,-17.197361,14.662916
0.0,-17.197639,14.662916
0.0,-17.197639,14.663194
0.0,-17.197915,14.663194
0.0,-17.197915,14.663472
0.0,-17.198196,14.663472
0.0,-17.198196,14.66375
0.0,-17.198474,14.66375
0.0,-17.198474,14.664029
0.0,-17.199027,14.664029
0.0,-17.199027,14.664307
0.0,-17.199305,14.664307
0.0,-17.199305,14.664582
0.0,-17.199584,14.664582
0.0,-17.199584,14.66486
0.0,-17.199862,14.66486
0.0,-17.199862,14.665138
0.0,-17.200137,14.665138
0.0,-17.200137,14.665417
0.0,-17.200418,14.665417
0.0,-17.200418,14.665695
0.0,-17.200696,14.665695
0.0,-17.200696,14.665973
0.0,-17.20125,14.665973
0.0,-17.20125,14.666251
0.0,-17.201528,14.666251
0.0,-17.201528,14.666529
0.0,-17.201806,14.666529
0.0,-17.201806,14.666805
0.0,-17.202084,14.666805
0.0,-17.202084,14.667085
0.0,-17.202359,14.667085
0.0,-17.202362,14.667361
0.0,-17.202638,14.667361
0.0,-17.202638,14.667639
0.0,-17.203194,14.667639
0.0,-17.203194,14.667917
0.0,-17.203472,14.667917
0.0,-17.203472,14.668195
0.0,-17.20375,14.668195
0.0,-17.20375,14.668473
0.0,-17.204306,14.668473
0.0,-17.204306,14.668751
0.0,-17.204584,14.668751
0.0,-17.204584,14.669027
0.0,-17.20486,14.669029
0.0,-17.20486,14.669305
0.0,-17.20514,14.669305
0.0,-17.20514,14.669583
0.0,-17.205694,14.669583
0.0,-17.205694,14.669861
0.0,-17.205972,14.669861
0.0,-17.205972,14.670139
0.0,-17.20625,14.670139
0.0,-17.20625,14.670417
0.0,-17.206806,14.670417
0.0,-17.206806,14.670695
0.0,-17.207082,14.670695
0.0,-17.207082,14.670971
0.0,-17.207362,14.670971
0.0,-17.207362,14.671251
0.0,-17.20764,14.671251
0.0,-17.20764,14.671527
0.0,-17.208194,14.671527
0.0,-17.208194,14.671805
0.0,-17.208472,14.671805
0.0,-17.208472,14.672083
0.0,-17.209359,14.672083
0.0,-17.209862,14.672083
0.0,-17.209808,14.672432
0.0,-17.210138,14.672361
0.0,-17.210115,14.672669
0.0,-17.210416,14.672639
0.0,-17.210434,14.672917
0.0,-17.210972,14.672917
0.0,-17.210972,14.673195
0.0,-17.21125,14.673195
0.0,-17.211214,14.673521
0.0,-17.211526,14.673473
0.0,-17.211522,14.673758
0.0,-17.211804,14.673749
0.0,-17.21187,14.674027
0.0,-17.212085,14.674027
0.0,-17.212139,14.674234
0.0,-17.21236,14.674369
0.0,-17.21236,14.674583
0.0,-17.212638,14.674622
0.0,-17.212638,14.674861
0.0,-17.212928,14.674848
0.0,-17.212916,14.675139
0.0,-17.213236,14.675085
0.0,-17.213195,14.675417
0.0,-17.213473,14.675417
0.0,-17.213473,14.675695
0.0,-17.214026,14.675698
0.0,-17.214026,14.675971
0.0,-17.214334,14.675935
0.0,-17.214307,14.676252
0.0,-17.214628,14.676258
0.0,-17.214583,14.676527
0.0,-17.215139,14.676559
0.0,-17.215139,14.676805
0.0,-17.21543,14.676785
0.0,-17.215417,14.677083
0.0,-17.215731,14.677088
0.0,-17.215695,14.677361
0.0,-17.216249,14.677416
0.0,-17.216249,14.67764
0.0,-17.216531,14.677635
0.0,-17.216529,14.677918
0.0,-17.216896,14.677918
0.0,-17.217083,14.677918
0.0,-17.217083,14.678061
0.0,-17.217083,14.678193
0.0,-17.217254,14.678193
0.0,-17.217639,14.678193
0.0,-17.217627,14.678485
0.0,-17.217917,14.678471
0.0,-17.217974,14.678749
0.0,-17.218195,14.678749
0.0,-17.218247,14.678961
0.0,-17.218471,14.679096
0.0,-17.218471,14.679306
0.0,-17.218692,14.679306
0.0,-17.219029,14.679306
0.0,-17.219052,14.679584
0.0,-17.219305,14.679584
0.0,-17.219346,14.679812
0.0,-17.219583,14.679862
0.0,-17.219583,14.679996
0.0,-17.219583,14.68014
0.0,-17.219845,14.680206
0.0,-17.219861,14.680418
0.0,-17.220139,14.680425
0.0,-17.220139,14.680694
0.0,-17.220488,14.680694
0.0,-17.220693,14.680694
0.0,-17.220722,14.680912
0.0,-17.220846,14.680972
0.0,-17.220973,14.680972
0.0,-17.220973,14.68107
0.0,-17.220973,14.68125
0.0,-17.221251,14.681284
0.0,-17.221251,14.681528
0.0,-17.221566,14.681528
0.0,-17.221805,14.681528
0.0,-17.221848,14.681806
0.0,-17.222361,14.681806
0.0,-17.222332,14.68212
0.0,-17.222639,14.682084
0.0,-17.222642,14.68236
0.0,-17.223193,14.682362
0.0,-17.223193,14.682788
0.0,-17.223193,14.682916
0.0,-17.223473,14.682916
0.0,-17.223473,14.683002
0.0,-17.223473,14.68375
0.0,-17.224437,14.68375
0.0,-17.225139,14.68375
0.0,-17.225139,14.684028
0.0,-17.226249,14.684028
0.0,-17.226249,14.684306
0.0,-17.226806,14.684306
0.0,-17.226806,14.684584
0.0,-17.227084,14.684584
0.0,-17.227084,14.684862
0.0,-17.227362,14.684862
0.0,-17.227362,14.685138
0.0,-17.227918,14.685138
0.0,-17.227918,14.685416
0.0,-17.228196,14.685416
0.0,-17.228196,14.685694
0.0,-17.228472,14.685694
0.0,-17.228472,14.685972
0.0,-17.22875,14.685972
0.0,-17.22875,14.68625
0.0,-17.229306,14.68625
0.0,-17.229306,14.686528
0.0,-17.229584,14.686528
0.0,-17.229584,14.686806
0.0,-17.22986,14.686806
0.0,-17.22986,14.687084
0.0,-17.23014,14.687084
0.0,-17.23014,14.68736
0.0,-17.231528,14.68736
0.0,-17.231528,14.68764
0.0,-17.23236,14.68764
0.0,-17.23236,14.687916
0.0,-17.232916,14.687916
0.0,-17.232916,14.688194
0.0,-17.233194,14.688194
0.0,-17.233194,14.688472
0.0,-17.233472,14.688472
0.0,-17.233472,14.689028
0.0,-17.23375,14.689028
0.0,-17.23375,14.689306
0.0,-17.234028,14.689306
0.0,-17.234028,14.689584
0.0,-17.234306,14.689584
0.0,-17.234306,14.689908
0.0,-17.234306,14.690138
0.0,-17.234582,14.690138
0.0,-17.234582,14.690416
0.0,-17.235416,14.690416
0.0,-17.235416,14.690694
0.0,-17.235972,14.690694
0.0,-17.235972,14.690972
0.0,-17.23625,14.690972
0.0,-17.23625,14.691251
0.0,-17.236804,14.691251
0.0,-17.236804,14.691526
0.0,-17.237084,14.691526
0.0,-17.237084,14.692082
0.0,-17.237638,14.692082
0.0,-17.237638,14.69236
0.0,-17.237916,14.69236
0.0,-17.237916,14.692639
0.0,-17.238194,14.692639
0.0,-17.238194,14.693195
0.0,-17.238472,14.693195
0.0,-17.238472,14.693473
0.0,-17.239026,14.693473
0.0,-17.239026,14.693751
0.0,-17.239307,14.693751
0.0,-17.239307,14.694029
0.0,-17.23986,14.694029
0.0,-17.23986,14.694583
0.0,-17.240138,14.694583
0.0,-17.240138,14.695139
0.0,-17.240417,14.695139
0.0,-17.240417,14.695417
0.0,-17.241526,14.695417
0.0,-17.241526,14.696251
0.0,-17.241807,14.696251
0.0,-17.241807,14.696527
0.0,-17.242083,14.696527
0.0,-17.242083,14.696807
0.0,-17.242361,14.696807
0.0,-17.242361,14.697361
0.0,-17.243195,14.697361
0.0,-17.243195,14.697639
0.0,-17.243749,14.697639
0.0,-17.243749,14.697917
0.0,-17.244029,14.697917
0.0,-17.244029,14.698195
0.0,-17.244861,14.698195
0.0,-17.244861,14.698473
0.0,-17.245139,14.698473
0.0,-17.245139,14.698749
0.0,-17.245695,14.698751
0.0,-17.245695,14.699027
0.0,-17.246251,14.699027
0.0,-17.246251,14.699305
0.0,-17.246805,14.699305
0.0,-17.246805,14.699583
0.0,-17.247083,14.699583
0.0,-17.247083,14.700417
0.0,-17.248473,14.700417
0.0,-17.248473,14.700693
0.0,-17.249583,14.700693
0.0,-17.249583,14.700973
0.0,-17.249861,14.700973
0.0,-17.249861,14.701249
0.0,-17.250139,14.701249
0.0,-17.250139,14.701527
0.0,-17.250415,14.701527
0.0,-17.250415,14.701805
0.0,-17.250973,14.701805
0.0,-17.250973,14.702083
0.0,-17.251249,14.702083
0.0,-17.251249,14.702639
0.0,-17.251805,14.702639
0.0,-17.251805,14.702917
0.0,-17.252361,14.702917
0.0,-17.252361,14.703195
0.0,-17.253749,14.703195
0.0,-17.253749,14.703471
0.0,-17.254306,14.703471
0.0,-17.254306,14.703749
0.0,-17.254862,14.703749
0.0,-17.254862,14.704027
0.0,-17.255418,14.704027
0.0,-17.255418,14.704305
0.0,-17.25625,14.704305
0.0,-17.25625,14.704583
0.0,-17.256528,14.704583
0.0,-17.256528,14.704862
0.0,-17.257084,14.704862
0.0,-17.257084,14.70514
0.0,-17.25736,14.70514
0.0,-17.25736,14.705418
0.0,-17.257918,14.705418
0.0,-17.257918,14.705693
0.0,-17.258194,14.705693
0.0,-17.258194,14.705974
0.0,-17.259306,14.705974
0.0,-17.259306,14.70625
0.0,-17.260416,14.70625
0.0,-17.260416,14.706528
0.0,-17.260972,14.706528
0.0,-17.260972,14.706806
0.0,-17.261528,14.706806
0.0,-17.261528,14.707084
0.0,-17.262082,14.707084
0.0,-17.262082,14.707362
0.0,-17.262638,14.707362
0.0,-17.262638,14.70764
0.0,-17.263194,14.70764
0.0,-17.263194,14.707916
0.0,-17.263472,14.707916
0.0,-17.263472,14.708194
0.0,-17.264304,14.708194
0.0,-17.264304,14.708472
0.0,-17.26486,14.708472
0.0,-17.264863,14.70875
0.0,-17.265694,14.70875
0.0,-17.265694,14.709028
0.0,-17.266807,14.709028
0.0,-17.266807,14.709306
0.0,-17.267639,14.709306
0.0,-17.267639,14.709584
0.0,-17.268748,14.709584
0.0,-17.268748,14.709862
0.0,-17.269583,14.709862
0.0,-17.269583,14.71014
0.0,-17.270417,14.71014
0.0,-17.270417,14.710416
0.0,-17.271529,14.710416
0.0,-17.271529,14.710694
0.0,-17.272361,14.710694
0.0,-17.272361,14.710972
0.0,-17.273751,14.710972
0.0,-17.273751,14.71125
0.0,-17.274305,14.71125
0.0,-17.274305,14.711528
0.0,-17.275139,14.711528
0.0,-17.275139,14.711806
0.0,-17.275973,14.711806
0.0,-17.275973,14.712082
0.0,-17.276805,14.712084
0.0,-17.276805,14.712362
0.0,-17.277361,14.712362
0.0,-17.277361,14.712638
0.0,-17.278195,14.712638
0.0,-17.278195,14.712916
0.0,-17.279862,14.712916
0.0,-17.279862,14.712638
0.0,-17.280137,14.712638
0.0,-17.280137,14.712362
0.0,-17.280418,14.712362
0.0,-17.280418,14.712084
0.0,-17.280971,14.712082
0.0,-17.280971,14.711806
0.0,-17.28125,14.711806
0.0,-17.28125,14.710694
0.0,-17.281806,14.710694
0.0,-17.281806,14.710416
0.0,-17.282084,14.710416
0.0,-17.282084,14.710694
0.0,-17.282637,14.710694
0.0,-17.282637,14.710972
0.0,-17.282918,14.710972
0.0,-17.282918,14.71125
0.0,-17.28375,14.71125
0.0,-17.28375,14.711528
0.0,-17.28486,14.711528
0.0,-17.28486,14.711806
0.0,-17.285972,14.711806
0.0,-17.285972,14.712082
0.0,-17.286806,14.712084
0.0,-17.286806,14.712362
0.0,-17.287362,14.712362
0.0,-17.287362,14.712638
0.0,-17.288194,14.712638
0.0,-17.288194,14.712916
0.0,-17.28875,14.712916
0.0,-17.28875,14.713194
0.0,-17.289584,14.713194
0.0,-17.289584,14.713472
0.0,-17.290138,14.713472
0.0,-17.290138,14.71375
0.0,-17.290416,14.71375
0.0,-17.290416,14.714028
0.0,-17.290694,14.714028
0.0,-17.290694,14.714584
0.0,-17.290972,14.714584
0.0,-17.290972,14.71486
0.0,-17.291528,14.71486
0.0,-17.291528,14.715138
0.0,-17.291804,14.71514
0.0,-17.291804,14.715416
0.0,-17.29236,14.715416
0.0,-17.29236,14.715694
0.0,-17.292638,14.715694
0.0,-17.292638,14.715972
0.0,-17.293194,14.715972
0.0,-17.293194,14.71625
0.0,-17.294307,14.71625
0.0,-17.294307,14.716528
0.0,-17.295139,14.716528
0.0,-17.295139,14.716806
0.0,-17.296529,14.716806
0.0,-17.296529,14.717082
0.0,-17.297668,14.717023
0.0,-17.297639,14.717363
0.0,-17.298307,14.717363
0.0,-17.298751,14.717363
0.0,-17.298751,14.717638
0.0,-17.298831,14.717638
0.0,-17.299583,14.717638
0.0,-17.299583,14.717916
0.0,-17.300417,14.717916
0.0,-17.300417,14.717363
0.0,-17.300693,14.717363
0.0,-17.300695,14.716806
0.0,-17.301527,14.716806
0.0,-17.301527,14.718194
0.0,-17.301251,14.718194
0.0,-17.301251,14.718473
0.0,-17.302083,14.718473
0.0,-17.302083,14.718751
0.0,-17.303193,14.718751
0.0,-17.303193,14.719029
0.0,-17.304027,14.719029
0.0,-17.304027,14.719307
0.0,-17.304861,14.719307
0.0,-17.304861,14.719582
0.0,-17.305415,14.719582
0.0,-17.305415,14.71986
0.0,-17.306249,14.71986
0.0,-17.306249,14.719582
0.0,-17.306527,14.719582
0.0,-17.306527,14.71986
0.0,-17.307084,14.71986
0.0,-17.307084,14.720417
0.0,-17.307637,14.720417
0.0,-17.307637,14.720695
0.0,-17.307918,14.720695
0.0,-17.307918,14.720973
0.0,-17.308196,14.720973
0.0,-17.308196,14.721248
0.0,-17.309028,14.721248
0.0,-17.309028,14.721529
0.0,-17.309584,14.721529
0.0,-17.309584,14.721805
0.0,-17.310418,14.721805
0.0,-17.310418,14.722083
0.0,-17.310972,14.722083
0.0,-17.310972,14.722361
0.0,-17.311528,14.722361
0.0,-17.311528,14.722639
0.0,-17.312084,14.722639
0.0,-17.312084,14.722917
0.0,-17.313194,14.722917
0.0,-17.313194,14.723195
0.0,-17.313292,14.723193
0.0,-17.31341,14.723993
0.0,-17.313518,14.724658
0.0,-17.315411,14.735252
0.0,-17.31272,14.74455
0.0,-17.311541,14.75892
0.0,-17.311751,14.770959
0.0,-17.3185,14.789611
0.0,-17.33343,14.811001
0.0,-17.333471,14.811249
0.0,-17.333196,14.811249
0.0,-17.333196,14.811527
0.0,-17.332639,14.811527
0.0,-17.332639,14.811805
0.0,-17.332361,14.811805
0.0,-17.332361,14.812083
0.0,-17.331805,14.812083
0.0,-17.331805,14.812361
0.0,-17.331527,14.812361
0.0,-17.331527,14.81264
0.0,-17.330973,14.81264
0.0,-17.330973,14.812918
0.0,-17.328473,14.812918
0.0,-17.328473,14.813193
0.0,-17.327361,14.813193
0.0,-17.327361,14.813471
0.0,-17.326805,14.813471
0.0,-17.326805,14.813749
0.0,-17.326529,14.813749
0.0,-17.326529,14.814028
0.0,-17.325971,14.814028
0.0,-17.325971,14.814306
0.0,-17.325695,14.814306
0.0,-17.325695,14.814584
0.0,-17.325139,14.814584
0.0,-17.325139,14.814862
0.0,-17.324583,14.814862
0.0,-17.324583,14.81514
0.0,-17.324307,14.81514
0.0,-17.324305,14.815416
0.0,-17.323749,14.815416
0.0,-17.323749,14.815696
0.0,-17.323473,14.815696
0.0,-17.323473,14.815972
0.0,-17.322917,14.815972
0.0,-17.322917,14.815696
0.0,-17.322082,14.815696
0.0,-17.322082,14.815972
0.0,-17.321526,14.815972
0.0,-17.321526,14.81625
0.0,-17.321251,14.81625
0.0,-17.321251,14.816528
0.0,-17.320973,14.816528
0.0,-17.320973,14.816806
0.0,-17.320416,14.816806
0.0,-17.320416,14.817084
0.0,-17.320138,14.817084
0.0,-17.320138,14.817362
0.0,-17.317362,14.817362
0.0,-17.317362,14.817638
0.0,-17.317084,14.81764
0.0,-17.317084,14.817916
0.0,-17.316528,14.817916
0.0,-17.316528,14.818194
0.0,-17.315972,14.818194
0.0,-17.315972,14.818472
0.0,-17.315694,14.818472
0.0,-17.315694,14.81875
0.0,-17.31514,14.81875
0.0,-17.31514,14.819028
0.0,-17.314582,14.819028
0.0,-17.314582,14.819306
0.0,-17.314028,14.819306
0.0,-17.314028,14.819582
0.0,-17.31375,14.819582
0.0,-17.31375,14.819862
0.0,-17.313194,14.819862
0.0,-17.313194,14.820138
0.0,-17.31264,14.820138
0.0,-17.31264,14.820416
0.0,-17.31236,14.820416
0.0,-17.31236,14.820694
0.0,-17.311806,14.820694
0.0,-17.311806,14.820972
0.0,-17.310972,14.820972
0.0,-17.310972,14.82125
0.0,-17.310418,14.82125
0.0,-17.310418,14.821528
0.0,-17.309584,14.821528
0.0,-17.309584,14.821806
0.0,-17.30875,14.821806
0.0,-17.30875,14.822084
0.0,-17.307918,14.822084
0.0,-17.307918,14.82236
0.0,-17.307362,14.82236
0.0,-17.307362,14.822638
0.0,-17.306527,14.822638
0.0,-17.306527,14.822916
0.0,-17.305696,14.822916
0.0,-17.305696,14.823194
0.0,-17.304861,14.823194
0.0,-17.304861,14.823472
0.0,-17.304305,14.823472
0.0,-17.304305,14.82375
0.0,-17.303473,14.82375
0.0,-17.303473,14.824028
0.0,-17.302639,14.824028
0.0,-17.302639,14.824306
0.0,-17.301805,14.824306
0.0,-17.301805,14.824582
0.0,-17.301251,14.824582
0.0,-17.301251,14.824863
0.0,-17.300417,14.824863
0.0,-17.300417,14.825138
0.0,-17.299583,14.825138
0.0,-17.299583,14.825416
0.0,-17.298751,14.825416
0.0,-17.298751,14.825694
0.0,-17.298195,14.825694
0.0,-17.298195,14.825972
0.0,-17.297361,14.825972
0.0,-17.297361,14.826251
0.0,-17.296529,14.826251
0.0,-17.296529,14.826529
0.0,-17.295695,14.826529
0.0,-17.295695,14.826804
0.0,-17.295139,14.826804
0.0,-17.295139,14.827085
0.0,-17.294307,14.827085
0.0,-17.294307,14.82736
0.0,-17.293751,14.82736
0.0,-17.293751,14.827639
0.0,-17.293194,14.827639
0.0,-17.293194,14.827917
0.0,-17.292638,14.827917
0.0,-17.292638,14.828195
0.0,-17.292085,14.828195
0.0,-17.292085,14.828473
0.0,-17.291528,14.828473
0.0,-17.291528,14.828751
0.0,-17.290972,14.828751
0.0,-17.290972,14.829029
0.0,-17.290416,14.829029
0.0,-17.290416,14.829305
0.0,-17.289862,14.829305
0.0,-17.289862,14.829583
0.0,-17.289304,14.829583
0.0,-17.289304,14.829861
0.0,-17.28875,14.829861
0.0,-17.28875,14.830139
0.0,-17.288194,14.830139
0.0,-17.288194,14.830417
0.0,-17.28764,14.830417
0.0,-17.28764,14.830695
0.0,-17.287082,14.830695
0.0,-17.287082,14.830971
0.0,-17.286528,14.830973
0.0,-17.286528,14.831251
0.0,-17.28625,14.831251
0.0,-17.28625,14.831527
0.0,-17.285694,14.831527
0.0,-17.285694,14.831805
0.0,-17.28514,14.831805
0.0,-17.28514,14.832083
0.0,-17.284584,14.832083
0.0,-17.284584,14.832361
0.0,-17.284028,14.832361
0.0,-17.284028,14.832639
0.0,-17.283472,14.832639
0.0,-17.283472,14.832917
0.0,-17.282918,14.832917
0.0,-17.282918,14.833195
0.0,-17.282362,14.833195
0.0,-17.282362,14.833473
0.0,-17.281806,14.833473
0.0,-17.281806,14.833749
0.0,-17.280137,14.833749
0.0,-17.280137,14.834027
0.0,-17.279583,14.834029
0.0,-17.279583,14.834305
0.0,-17.278749,14.834305
0.0,-17.278749,14.834583
0.0,-17.278195,14.834583
0.0,-17.278195,14.834861
0.0,-17.277639,14.834861
0.0,-17.277639,14.835139
0.0,-17.277083,14.835139
0.0,-17.277083,14.835417
0.0,-17.276527,14.835417
0.0,-17.276527,14.835695
0.0,-17.275973,14.835695
0.0,-17.275973,14.835971
0.0,-17.275139,14.835971
0.0,-17.275139,14.836251
0.0,-17.274583,14.836251
0.0,-17.274583,14.836527
0.0,-17.274027,14.836527
0.0,-17.274027,14.836805
0.0,-17.273471,14.836805
0.0,-17.273471,14.837083
0.0,-17.272917,14.837083
0.0,-17.272917,14.837361
0.0,-17.272083,14.837361
0.0,-17.272083,14.837639
0.0,-17.271529,14.837639
0.0,-17.271529,14.837917
0.0,-17.270971,14.837917
0.0,-17.270971,14.838196
0.0,-17.270417,14.838196
0.0,-17.270417,14.838471
0.0,-17.269861,14.838471
0.0,-17.269861,14.838749
0.0,-17.269029,14.838749
0.0,-17.269029,14.839027
0.0,-17.268473,14.839027
0.0,-17.268473,14.839305
0.0,-17.267917,14.839305
0.0,-17.267917,14.839583
0.0,-17.26736,14.839583
0.0,-17.26736,14.839862
0.0,-17.266807,14.839862
0.0,-17.266807,14.840137
0.0,-17.266251,14.840137
0.0,-17.266251,14.840418
0.0,-17.265416,14.840418
0.0,-17.265416,14.840693
0.0,-17.264863,14.840693
0.0,-17.26486,14.840971
0.0,-17.264304,14.840971
0.0,-17.264304,14.84125
0.0,-17.26375,14.84125
0.0,-17.26375,14.841528
0.0,-17.263194,14.841528
0.0,-17.263194,14.841806
0.0,-17.262638,14.841806
0.0,-17.262638,14.842084
0.0,-17.262082,14.842084
0.0,-17.262082,14.842362
0.0,-17.261528,14.842362
0.0,-17.261528,14.84264
0.0,-17.260972,14.84264
0.0,-17.260972,14.842916
0.0,-17.260416,14.842916
0.0,-17.260416,14.843194
0.0,-17.259862,14.843194
0.0,-17.259862,14.843472
0.0,-17.259306,14.843472
0.0,-17.259306,14.84375
0.0,-17.25875,14.84375
0.0,-17.25875,14.844028
0.0,-17.258194,14.844028
0.0,-17.258194,14.844306
0.0,-17.25764,14.844306
0.0,-17.25764,14.844584
0.0,-17.257084,14.844584
0.0,-17.257084,14.844862
0.0,-17.256528,14.844862
0.0,-17.256528,14.845138
0.0,-17.255972,14.845138
0.0,-17.255972,14.845418
0.0,-17.255418,14.845418
0.0,-17.255418,14.845694
0.0,-17.254862,14.845694
0.0,-17.254862,14.845972
0.0,-17.254306,14.845972
0.0,-17.254306,14.84625
0.0,-17.253749,14.84625
0.0,-17.253749,14.846528
0.0,-17.253196,14.846528
0.0,-17.253196,14.846806
0.0,-17.25264,14.846806
0.0,-17.25264,14.847084
0.0,-17.252083,14.847084
0.0,-17.252083,14.84736
0.0,-17.251527,14.847362
0.0,-17.251527,14.847638
0.0,-17.250973,14.847638
0.0,-17.250973,14.847916
0.0,-17.250415,14.847916
0.0,-17.250415,14.848194
0.0,-17.249861,14.848194
0.0,-17.249861,14.848472
0.0,-17.249305,14.848472
0.0,-17.249305,14.84875
0.0,-17.248751,14.84875
0.0,-17.248751,14.849028
0.0,-17.248193,14.849028
0.0,-17.248193,14.849306
0.0,-17.247639,14.849306
0.0,-17.247639,14.849584
0.0,-17.247083,14.849584
0.0,-17.247083,14.84986
0.0,-17.246529,14.84986
0.0,-17.246529,14.850138
0.0,-17.245971,14.850138
0.0,-17.245971,14.850416
0.0,-17.245417,14.850416
0.0,-17.245417,14.850694
0.0,-17.244861,14.850694
0.0,-17.244861,14.850972
0.0,-17.244305,14.850972
0.0,-17.244305,14.85125
0.0,-17.243749,14.85125
0.0,-17.243749,14.851528
0.0,-17.243195,14.851528
0.0,-17.243195,14.851807
0.0,-17.242639,14.851807
0.0,-17.242639,14.852082
0.0,-17.242083,14.852082
0.0,-17.242083,14.85236
0.0,-17.241526,14.85236
0.0,-17.241526,14.852638
0.0,-17.240973,14.852638
0.0,-17.240973,14.852916
0.0,-17.240417,14.852916
0.0,-17.240417,14.853194
0.0,-17.23986,14.853194
0.0,-17.23986,14.853473
0.0,-17.239307,14.853473
0.0,-17.239307,14.853751
0.0,-17.23875,14.853751
0.0,-17.23875,14.854029
0.0,-17.238194,14.854029
0.0,-17.238194,14.854304
0.0,-17.237638,14.854304
0.0,-17.237638,14.854585
0.0,-17.237084,14.854585
0.0,-17.237084,14.854861
0.0,-17.236528,14.854861
0.0,-17.236528,14.855139
0.0,-17.235972,14.855139
0.0,-17.235972,14.855417
0.0,-17.235416,14.855417
0.0,-17.235416,14.855695
0.0,-17.234862,14.855695
0.0,-17.234862,14.855973
0.0,-17.234306,14.855973
0.0,-17.234306,14.856251
0.0,-17.23375,14.856251
0.0,-17.23375,14.856527
0.0,-17.233472,14.856527
0.0,-17.233472,14.856807
0.0,-17.232916,14.856807
0.0,-17.232916,14.857083
0.0,-17.23236,14.857083
0.0,-17.23236,14.857361
0.0,-17.231806,14.857361
0.0,-17.231806,14.857639
0.0,-17.23125,14.857639
0.0,-17.23125,14.857917
0.0,-17.230972,14.857917
0.0,-17.230972,14.858195
0.0,-17.230418,14.858195
0.0,-17.230418,14.858473
0.0,-17.22986,14.858473
0.0,-17.22986,14.858751
0.0,-17.229306,14.858751
0.0,-17.229306,14.859027
0.0,-17.22875,14.859027
0.0,-17.22875,14.859305
0.0,-17.228196,14.859305
0.0,-17.228196,14.859583
0.0,-17.227637,14.859583
0.0,-17.227637,14.859861
0.0,-17.227084,14.859861
0.0,-17.227084,14.860139
0.0,-17.226527,14.860139
0.0,-17.226527,14.860417
0.0,-17.225974,14.860417
0.0,-17.225974,14.860695
0.0,-17.225415,14.860695
0.0,-17.225415,14.860973
0.0,-17.224861,14.860973
0.0,-17.224861,14.861249
0.0,-17.224305,14.861249
0.0,-17.224305,14.861527
0.0,-17.223749,14.861527
0.0,-17.223749,14.861805
0.0,-17.223193,14.861805
0.0,-17.223193,14.862083
0.0,-17.222639,14.862083
0.0,-17.222639,14.862361
0.0,-17.222083,14.862361
0.0,-17.222083,14.862639
0.0,-17.221527,14.862639
0.0,-17.221527,14.862917
0.0,-17.220973,14.862917
0.0,-17.220973,14.863195
0.0,-17.220417,14.863195
0.0,-17.220417,14.863471
0.0,-17.220139,14.863471
0.0,-17.220139,14.863749
0.0,-17.219583,14.863751
0.0,-17.219583,14.864027
0.0,-17.219029,14.864027
0.0,-17.219029,14.864305
0.0,-17.218471,14.864305
0.0,-17.218471,14.864583
0.0,-17.217917,14.864583
0.0,-17.217917,14.864861
0.0,-17.217361,14.864861
0.0,-17.217361,14.865139
0.0,-17.217083,14.865139
0.0,-17.217083,14.865417
0.0,-17.216529,14.865417
0.0,-17.216529,14.865693
0.0,-17.215973,14.865693
0.0,-17.215973,14.865974
0.0,-17.215417,14.865974
0.0,-17.215417,14.866249
0.0,-17.214861,14.866249
0.0,-17.214861,14.866527
0.0,-17.214307,14.866527
0.0,-17.214307,14.866805
0.0,-17.214026,14.866805
0.0,-17.214026,14.867084
0.0,-17.213473,14.867084
0.0,-17.213473,14.867362
0.0,-17.212916,14.867362
0.0,-17.212916,14.86764
0.0,-17.21236,14.86764
0.0,-17.21236,14.867918
0.0,-17.211526,14.867918
0.0,-17.211526,14.868193
0.0,-17.210972,14.868193
0.0,-17.210972,14.868472
0.0,-17.210138,14.868472
0.0,-17.210138,14.86875
0.0,-17.209584,14.86875
0.0,-17.209584,14.869028
0.0,-17.20875,14.869028
0.0,-17.20875,14.869306
0.0,-17.208194,14.869306
0.0,-17.208194,14.869584
0.0,-17.207362,14.869584
0.0,-17.207362,14.86986
0.0,-17.206806,14.86986
0.0,-17.206806,14.87014
0.0,-17.205972,14.87014
0.0,-17.205972,14.870416
0.0,-17.205416,14.870416
0.0,-17.205416,14.870694
0.0,-17.20486,14.870694
0.0,-17.20486,14.870972
0.0,-17.204306,14.870972
0.0,-17.204306,14.87125
0.0,-17.20375,14.87125
0.0,-17.20375,14.871528
0.0,-17.203194,14.871528
0.0,-17.203194,14.871806
0.0,-17.202638,14.871806
0.0,-17.202638,14.872084
0.0,-17.202084,14.872084
0.0,-17.202084,14.872362
0.0,-17.201528,14.872362
0.0,-17.201528,14.872638
0.0,-17.200972,14.872638
0.0,-17.200972,14.872916
0.0,-17.200418,14.872916
0.0,-17.200418,14.873194
0.0,-17.199862,14.873194
0.0,-17.199862,14.873472
0.0,-17.199305,14.873472
0.0,-17.199305,14.87375
0.0,-17.198749,14.87375
0.0,-17.198749,14.874028
0.0,-17.198196,14.874028
0.0,-17.198196,14.874306
0.0,-17.197639,14.874306
0.0,-17.197639,14.874584
0.0,-17.196805,14.874584
0.0,-17.196805,14.87486
0.0,-17.196251,14.87486
0.0,-17.196251,14.87514
0.0,-17.195417,14.87514
0.0,-17.195417,14.875416
0.0,-17.194861,14.875416
0.0,-17.194861,14.875694
0.0,-17.194027,14.875694
0.0,-17.194027,14.875972
0.0,-17.193471,14.875972
0.0,-17.193471,14.87625
0.0,-17.192917,14.87625
0.0,-17.192917,14.876528
0.0,-17.192083,14.876528
0.0,-17.192083,14.876806
0.0,-17.191529,14.876806
0.0,-17.191529,14.877084
0.0,-17.190695,14.877084
0.0,-17.190695,14.87736
0.0,-17.190139,14.87736
0.0,-17.190139,14.877638
0.0,-17.189583,14.877638
0.0,-17.189583,14.877916
0.0,-17.189029,14.877916
0.0,-17.189029,14.878194
0.0,-17.188749,14.878194
0.0,-17.188749,14.878472
0.0,-17.188195,14.878472
0.0,-17.188195,14.87875
0.0,-17.187639,14.87875
0.0,-17.187639,14.879028
0.0,-17.187085,14.879028
0.0,-17.187085,14.879307
0.0,-17.186526,14.879307
0.0,-17.186526,14.879582
0.0,-17.185973,14.879582
0.0,-17.185973,14.87986
0.0,-17.185694,14.87986
0.0,-17.185694,14.880138
0.0,-17.185138,14.880138
0.0,-17.185138,14.880416
0.0,-17.184585,14.880416
0.0,-17.184585,14.880695
0.0,-17.184028,14.880695
0.0,-17.184028,14.880973
0.0,-17.183472,14.880973
0.0,-17.183472,14.881251
0.0,-17.183194,14.881251
0.0,-17.183194,14.881529
0.0,-17.182638,14.881529
0.0,-17.182638,14.881804
0.0,-17.182082,14.881804
0.0,-17.182082,14.882083
0.0,-17.181528,14.882083
0.0,-17.181528,14.882361
0.0,-17.180972,14.882361
0.0,-17.180972,14.882639
0.0,-17.180694,14.882639
0.0,-17.180694,14.882917
0.0,-17.18014,14.882917
0.0,-17.18014,14.883195
0.0,-17.179582,14.883195
0.0,-17.179582,14.883473
0.0,-17.179028,14.883473
0.0,-17.179028,14.883751
0.0,-17.178472,14.883751
0.0,-17.178472,14.884027
0.0,-17.177918,14.884027
0.0,-17.177918,14.884307
0.0,-17.17764,14.884307
0.0,-17.17764,14.884583
0.0,-17.177084,14.884583
0.0,-17.177084,14.884861
0.0,-17.176528,14.884861
0.0,-17.176528,14.885139
0.0,-17.175972,14.885139
0.0,-17.175972,14.885417
0.0,-17.175418,14.885417
0.0,-17.175418,14.885695
0.0,-17.175138,14.885695
0.0,-17.175138,14.885973
0.0,-17.174584,14.885973
0.0,-17.174584,14.886249
0.0,-17.174028,14.886249
0.0,-17.174028,14.886529
0.0,-17.173471,14.886529
0.0,-17.173471,14.886805
0.0,-17.173335,14.886805
0.0,-17.14766,14.82736
0.0,-17.14818,14.816001
