0,0,0,4,1,15,0,32,74,0,0,0,0,0,0,0,0,28,16,
0.0,-15.087221,13.565171
0.0,-15.076439,13.551509
0.0,-15.07617,13.548991
0.0,-15.068731,13.542149
0.0,-15.04831,13.523371
0.0,-14.999999,13.488801
0.0,-14.9956,13.485652
0.0,-14.99478,13.485262
0.0,-14.970051,13.473342
0.0,-14.959369,13.46611
0.0,-14.94044,13.45647
0.0,-14.929571,13.452009
0.0,-14.923219,13.451629
0.0,-14.906939,13.447
0.0,-14.889269,13.443782
0.0,-14.8751,13.442672
0.0,-14.863871,13.44179
0.0,-14.853489,13.439159
0.0,-14.830479,13.422661
0.0,-14.81607,13.4164
0.0,-14.80382,13.414481
0.0,-14.78009,13.41408
0.0,-14.776352,13.4155
0.0,-14.76879,13.413061
0.0,-14.760958,13.406721
0.0,-14.758661,13.402819
0.0,-14.74967,13.387539
0.0,-14.73375,13.373931
0.0,-14.705111,13.357259
0.0,-14.659719,13.334342
0.0,-14.654231,13.33333
0.0,-14.643239,13.331311
0.0,-14.62303,13.33086
0.0,-14.601791,13.341679
0.0,-14.58774,13.344831
0.0,-14.580649,13.34146
0.0,-14.568239,13.325741
0.0,-14.555002,13.316319
0.0,-14.54692,13.310571
0.0,-14.542369,13.308941
0.0,-14.531349,13.305
0.0,-14.514149,13.301051
0.0,-14.511111,13.301771
0.0,-14.49933,13.298462
0.0,-14.46948,13.29672
0.0,-14.463821,13.295173
0.0,-14.44618,13.27283
0.0,-14.431081,13.260441
0.0,-14.426258,13.256489
0.0,-14.409441,13.24402
0.0,-14.38607,13.233242
0.0,-14.36912,13.229051
0.0,-14.35527,13.229431
0.0,-14.350559,13.2281
0.0,-14.340392,13.229657
0.0,-14.314061,13.16719
0.0,-14.30883,13.151701
0.0,-14.305501,13.141532
0.0,-14.30429,13.12834
0.0,-14.30497,13.11562
0.0,-14.308689,13.09434
0.0,-14.311472,13.077221
0.0,-14.311449,13.0689
0.0,-14.310259,13.06173
0.0,-14.31309,13.06196
0.0,-14.31662,13.06103
0.0,-14.332659,13.057999
0.0,-14.352221,13.05265
0.0,-14.37697,13.047062
0.0,-14.390389,13.038478
0.0,-14.39768,13.029451
0.0,-14.40356,13.02388
0.0,-14.411601,13.03173
0.0,-14.421048,13.036571
0.0,-14.436389,13.039322
0.0,-14.451479,13.036279
0.0,-14.469849,13.028149
0.0,-14.480219,13.025811
0.0,-14.484709,13.028111
0.0,-14.491571,13.034342
0.0,-14.50222,13.043112
0.0,-14.512141,13.04863
0.0,-14.522041,13.045829
0.0,-14.55265,13.03211
0.0,-14.567711,13.0219
0.0,-14.57334,13.013791
0.0,-14.586951,12.99502
0.0,-14.59377,12.99107
0.0,-14.60272,12.988969
0.0,-14.61923,12.989381
0.0,-14.641151,12.986541
0.0,-14.654801,12.97933
0.0,-14.6649,12.970521
0.0,-14.66982,12.963331
0.0,-14.671671,12.955231
0.0,-14.67021,12.944601
0.0,-14.6737,12.933262
0.0,-14.677909,12.926541
0.0,-14.688019,12.919341
0.0,-14.700721,12.913981
0.0,-14.726409,12.91089
0.0,-14.73017,12.9088
0.0,-14.734391,12.90346
0.0,-14.742361,12.89557
0.0,-14.757392,12.88396
0.0,-14.76703,12.87722
0.0,-14.77784,12.870711
0.0,-14.79242,12.864179
0.0,-14.80702,12.862971
0.0,-14.80986,12.86481
0.0,-14.814391,12.874971
0.0,-14.821292,12.887661
0.0,-14.83243,12.900101
0.0,-14.84497,12.908381
0.0,-14.854389,12.906952
0.0,-14.86357,12.904369
0.0,-14.86968,12.902031
0.0,-14.874621,12.90016
0.0,-14.882391,12.89828
0.0,-14.890869,12.896629
0.0,-14.895589,12.89753
0.0,-14.89986,12.902831
0.0,-14.908619,12.909969
0.0,-14.919721,12.91362
0.0,-14.92897,12.92283
0.0,-14.9342,12.931361
0.0,-14.9366,12.939211
0.0,-14.937129,12.94892
0.0,-14.93482,12.957719
0.0,-14.931559,12.965601
0.0,-14.930209,12.977172
0.0,-14.931481,12.993351
0.0,-14.936539,13.012521
0.0,-14.944192,13.030989
0.0,-14.954179,13.044591
0.0,-14.969821,13.05654
0.0,-14.98587,13.058781
0.0,-15.021491,13.05861
0.0,-15.067671,13.049831
0.0,-15.17644,13.018281
0.0,-15.189931,13.024911
0.0,-15.225649,13.039039
0.0,-15.230859,13.04341
0.0,-15.229811,13.060759
0.0,-15.228938,13.07117
0.0,-15.231399,13.08503
0.0,-15.236949,13.1035
0.0,-15.247009,13.124719
0.0,-15.253701,13.135781
0.0,-15.25471,13.1448
0.0,-15.25502,13.154509
0.0,-15.26006,13.166042
0.0,-15.26862,13.175482
0.0,-15.277381,13.179361
0.0,-15.302449,13.185911
0.0,-15.31926,13.192521
0.0,-15.337101,13.209751
0.0,-15.356611,13.22998
0.0,-15.35716,13.240161
0.0,-15.357021,13.251958
0.0,-15.35141,13.259621
0.0,-15.345361,13.271921
0.0,-15.341881,13.27934
0.0,-15.336101,13.296499
0.0,-15.337591,13.306202
0.0,-15.340121,13.327473
0.0,-15.342058,13.347964
0.0,-15.29622,13.360427
0.0,-15.28108,13.369381
0.0,-15.276009,13.375891
0.0,-15.271991,13.379102
0.0,-15.264869,13.384782
0.0,-15.23591,13.413009
0.0,-15.228769,13.424051
0.0,-15.22466,13.43041
0.0,-15.21945,13.444053
0.0,-15.217289,13.45695
0.0,-15.21852,13.476711
0.0,-15.21535,13.484801
0.0,-15.213868,13.496318
0.0,-15.205759,13.520351
0.0,-15.1991,13.531483
0.0,-15.19012,13.541041
0.0,-15.182899,13.548711
0.0,-15.176372,13.553383
0.0,-15.175691,13.553871
0.0,-15.166879,13.562951
0.0,-15.163821,13.562771
0.0,-15.14028,13.577111
0.0,-15.110601,13.589459
0.0,-15.10026,13.589368
0.0,-15.08932,13.569079
0.0,-15.087221,13.565171
