0,0,0,4,1,16,17,36,10,0,0,0,0,0,0,0,0,80,17,
0.0,-15.83558,12.949631
0.0,-15.82369,12.94064
0.0,-15.80225,12.943703
0.0,-15.7852,12.93566
0.0,-15.77658,12.940031
0.0,-15.767999,12.92658
0.0,-15.764229,12.92335
0.0,-15.74712,12.884869
0.0,-15.755669,12.867231
0.0,-15.76208,12.847061
0.0,-15.76296,12.840581
0.0,-15.760549,12.83551
0.0,-15.74255,12.800979
0.0,-15.728429,12.778431
0.0,-15.72837,12.772421
0.0,-15.72952,12.769169
0.0,-15.734409,12.76312
0.0,-15.745169,12.75494
0.0,-15.752891,12.749789
0.0,-15.759719,12.74927
0.0,-15.767979,12.750589
0.0,-15.77674,12.75584
0.0,-15.78667,12.75899
0.0,-15.79418,12.756381
0.0,-15.79856,12.746409
0.0,-15.800759,12.7309
0.0,-15.803,12.71932
0.0,-15.80906,12.71325
0.0,-15.818651,12.70647
0.0,-15.83581,12.70262
0.0,-15.856031,12.699899
0.0,-15.86641,12.701431
0.0,-15.872361,12.707391
0.0,-15.881361,12.713091
0.0,-15.887499,12.714189
0.0,-15.890061,12.711169
0.0,-15.893509,12.702809
0.0,-15.895549,12.69586
0.0,-15.901629,12.691412
0.0,-15.91029,12.686252
0.0,-15.911879,12.681151
0.0,-15.914429,12.67719
0.0,-15.920312,12.67598
0.0,-15.925932,12.6727
0.0,-15.926101,12.666911
0.0,-15.922741,12.661172
0.0,-15.920571,12.655871
0.0,-15.92285,12.64845
0.0,-15.92636,12.647032
0.0,-15.93676,12.6511
0.0,-15.945751,12.65518
0.0,-15.950929,12.65467
0.0,-15.95275,12.648639
0.0,-15.95686,12.63681
0.0,-15.970498,12.635529
0.0,-15.97406,12.638499
0.0,-15.980711,12.643301
0.0,-15.98756,12.645772
0.0,-15.99653,12.64731
0.0,-16.0101,12.66865
0.0,-16.010709,12.678961
0.0,-16.01661,12.692271
0.0,-16.016822,12.700941
0.0,-16.012881,12.70972
0.0,-16.010531,12.71978
0.0,-16.00946,12.72716
0.0,-16.013619,12.735741
0.0,-16.017268,12.74423
0.0,-16.01673,12.756301
0.0,-16.014191,12.76299
0.0,-16.00701,12.767252
0.0,-15.99383,12.77277
0.0,-15.99057,12.775601
0.0,-15.987471,12.78497
0.0,-15.985641,12.795121
0.0,-15.989431,12.805651
0.0,-15.996359,12.820809
0.0,-15.99597,12.83022
0.0,-15.989399,12.838338
0.0,-15.98155,12.84526
0.0,-15.97579,12.85204
0.0,-15.97388,12.854741
0.0,-15.971501,12.86095
0.0,-15.972499,12.86672
0.0,-15.972041,12.86755
0.0,-15.97504,12.876771
0.0,-15.974639,12.88607
0.0,-15.974001,12.889459
0.0,-15.96826,12.897562
0.0,-15.96728,12.89608
0.0,-15.955941,12.89975
0.0,-15.948169,12.89324
0.0,-15.935479,12.889291
0.0,-15.914971,12.892721
0.0,-15.9138,12.914692
0.0,-15.92626,12.92283
0.0,-15.92781,12.935409
0.0,-15.9193,12.9524
0.0,-15.902131,12.950681
0.0,-15.898019,12.940671
0.0,-15.889539,12.93707
0.0,-15.878959,12.93352
0.0,-15.87307,12.934101
0.0,-15.86927,12.951048
0.0,-15.86102,12.957102
0.0,-15.84428,12.96205
0.0,-15.83558,12.949631
