0,0,0,9,4,28,10,78,4,0,0,0,0,0,0,0,0,41,64,
0.0,-16.84694,14.535478
0.0,-16.84882,14.533831
0.0,-16.859769,14.535082
0.0,-16.86807,14.53381
0.0,-16.873501,14.531419
0.0,-16.879629,14.528329
0.0,-16.88749,14.52961
0.0,-16.896529,14.530182
0.0,-16.90294,14.52963
0.0,-16.91004,14.527921
0.0,-16.914769,14.52669
0.0,-16.917178,14.528511
0.0,-16.91636,14.53732
0.0,-16.91559,14.54844
0.0,-16.91984,14.562509
0.0,-16.927152,14.57375
0.0,-16.95591,14.619191
0.0,-16.964181,14.63158
0.0,-16.970489,14.639361
0.0,-16.976762,14.644831
0.0,-16.985121,14.647721
0.0,-17.001369,14.652362
0.0,-17.01168,14.65823
0.0,-17.023801,14.672181
0.0,-17.040231,14.688151
0.0,-17.009091,14.70457
0.0,-16.982241,14.721381
0.0,-16.972629,14.73008
0.0,-16.964452,14.73968
0.0,-16.95165,14.742401
0.0,-16.930839,14.750558
0.0,-16.91734,14.754451
0.0,-16.89905,14.756081
0.0,-16.876021,14.759401
0.0,-16.865811,14.7607
0.0,-16.86136,14.765391
0.0,-16.85328,14.7817
0.0,-16.82736,14.782509
0.0,-16.819699,14.779601
0.0,-16.80594,14.766581
0.0,-16.801849,14.76339
0.0,-16.801081,14.7597
0.0,-16.806009,14.754779
0.0,-16.808509,14.747101
0.0,-16.807141,14.735081
0.0,-16.800899,14.731229
0.0,-16.78685,14.73049
0.0,-16.78089,14.72964
0.0,-16.776332,14.726691
0.0,-16.774709,14.713752
0.0,-16.77068,14.698061
0.0,-16.75038,14.660122
0.0,-16.755489,14.651491
0.0,-16.75737,14.63434
0.0,-16.76193,14.62062
0.0,-16.7656,14.611779
0.0,-16.767911,14.607118
0.0,-16.771409,14.60267
0.0,-16.783881,14.594182
0.0,-16.79563,14.584532
0.0,-16.8181,14.561549
0.0,-16.84131,14.54018
0.0,-16.84694,14.535478
