0,0,0,8,9,24,21,66,37,0,0,0,0,0,0,0,0,29,42,
0.0,-12.182778,14.390089
0.0,-12.1827,14.390081
0.0,-12.182383,14.390205
0.0,-12.177989,14.391929
0.0,-12.176609,14.391787
0.0,-12.173786,14.391497
0.0,-12.171389,14.39125
0.0,-12.167179,14.388457
0.0,-12.158336,14.382589
0.0,-12.15793,14.382321
0.0,-12.150149,14.382109
0.0,-12.132479,14.387661
0.0,-12.130109,14.38671
0.0,-12.12847,14.384452
0.0,-12.128526,14.383515
0.0,-12.129098,14.373823
0.0,-12.129149,14.37296
0.0,-12.127763,14.37026
0.0,-12.12726,14.369279
0.0,-12.127131,14.369306
0.0,-12.123217,14.370129
0.0,-12.121731,14.370442
0.0,-12.116181,14.371609
0.0,-12.115928,14.37159
0.0,-12.114205,14.371464
0.0,-12.10992,14.37115
0.0,-12.103919,14.370711
0.0,-12.10015,14.36888
0.0,-12.099175,14.366673
0.0,-12.09731,14.362449
0.0,-12.10012,14.35601
0.0,-12.1034,14.349109
0.0,-12.103361,14.349003
0.0,-12.100489,14.341136
0.0,-12.099215,14.337646
0.0,-12.09795,14.334183
0.0,-12.099166,14.332827
0.0,-12.0996,14.332341
0.0,-12.105959,14.333021
0.0,-12.10902,14.331172
0.0,-12.111131,14.326571
0.0,-12.109958,14.325335
0.0,-12.1083,14.323589
0.0,-12.103505,14.324188
0.0,-12.102552,14.324307
0.0,-12.10076,14.324531
0.0,-12.100911,14.32299
0.0,-12.101077,14.321258
0.0,-12.101455,14.317312
0.0,-12.101909,14.31257
0.0,-12.10048,14.306371
0.0,-12.096469,14.303159
0.0,-12.059615,14.290852
0.0,-12.05046,14.287796
0.0,-12.04721,14.286711
0.0,-12.040352,14.28442
0.0,-12.025978,14.281898
0.0,-12.02479,14.28169
0.0,-12.023361,14.26296
0.0,-12.018324,14.250201
0.0,-12.018028,14.249451
0.0,-12.003421,14.212452
0.0,-12.00222,14.20509
0.0,-11.99417,14.19132
0.0,-11.987519,14.169962
0.0,-11.987271,14.162151
0.0,-11.987183,14.159448
0.0,-11.987009,14.154111
0.0,-11.99092,14.12215
0.0,-11.990738,14.119891
0.0,-11.989809,14.10834
0.0,-11.98922,14.101011
0.0,-11.990851,14.092499
0.0,-11.993369,14.08745
0.0,-11.995162,14.083855
0.0,-12.009228,14.055647
0.0,-12.01357,14.046939
0.0,-12.014329,14.04138
0.0,-12.015593,14.032114
0.0,-12.016111,14.028321
0.0,-12.015868,14.024385
0.0,-12.014381,14.00028
0.0,-12.007981,13.98604
0.0,-11.994521,13.96837
0.0,-11.97611,13.951872
0.0,-11.970209,13.94866
0.0,-11.965489,13.942461
0.0,-11.961011,13.939482
0.0,-11.95746,13.93888
0.0,-11.94427,13.927799
0.0,-11.94072,13.92137
0.0,-11.940748,13.91795
0.0,-11.940852,13.905362
0.0,-11.9409,13.899531
0.0,-11.948565,13.877727
0.0,-11.94931,13.875609
0.0,-11.94938,13.874808
0.0,-11.950461,13.8625
0.0,-11.949481,13.84802
0.0,-11.950139,13.84361
0.0,-11.952261,13.829389
0.0,-11.951668,13.826277
0.0,-11.951299,13.82434
0.0,-11.952571,13.82132
0.0,-11.952735,13.820931
0.0,-11.95575,13.813751
0.0,-11.981031,13.784341
0.0,-11.99254,13.77628
0.0,-12.005689,13.76292
0.0,-12.016669,13.75505
0.0,-12.039039,13.74034
0.0,-12.049851,13.735721
0.0,-12.079439,13.71589
0.0,-12.077375,13.711698
0.0,-12.07141,13.69958
0.0,-12.05939,13.68604
0.0,-12.055139,13.678229
0.0,-12.040931,13.627902
0.0,-12.03173,13.61045
0.0,-12.026611,13.605019
0.0,-12.01506,13.592769
0.0,-12.006771,13.586581
0.0,-11.998749,13.57072
0.0,-11.98202,13.543852
0.0,-11.974234,13.534023
0.0,-11.974011,13.533741
0.0,-11.97296,13.532689
0.0,-11.970813,13.530541
0.0,-11.96507,13.524789
0.0,-11.95828,13.521101
0.0,-11.95284,13.518141
0.0,-11.945038,13.515198
0.0,-11.939131,13.51297
0.0,-11.93826,13.512641
0.0,-11.922031,13.501861
0.0,-11.904592,13.486766
0.0,-11.897101,13.480282
0.0,-11.896681,13.479904
0.0,-11.875931,13.461222
0.0,-11.874762,13.45909
0.0,-11.870712,13.451697
0.0,-11.870511,13.45133
0.0,-11.870469,13.450815
0.0,-11.870371,13.449614
0.0,-11.8698,13.442601
0.0,-11.871899,13.43317
0.0,-11.877209,13.4238
0.0,-11.883381,13.412922
0.0,-11.889229,13.394518
0.0,-11.89508,13.383929
0.0,-11.892021,13.381178
0.0,-11.887771,13.380638
0.0,-11.89691,13.369881
0.0,-11.92279,13.35626
0.0,-11.927749,13.355611
0.0,-11.935781,13.355921
0.0,-11.944291,13.35554
0.0,-11.94998,13.353512
0.0,-11.958761,13.3492
0.0,-11.96259,13.343461
0.0,-11.970681,13.336831
0.0,-11.97756,13.333661
0.0,-11.98496,13.325631
0.0,-11.993311,13.31646
0.0,-12.000909,13.311209
0.0,-12.011341,13.30691
0.0,-12.030511,13.302701
0.0,-12.03712,13.30322
0.0,-12.038,13.31086
0.0,-12.035299,13.321941
0.0,-12.038761,13.331461
0.0,-12.038,13.337929
0.0,-12.034139,13.346679
0.0,-12.03387,13.35131
0.0,-12.035721,13.35549
0.0,-12.0428,13.356249
0.0,-12.054179,13.35173
0.0,-12.067209,13.347449
0.0,-12.075469,13.34915
0.0,-12.08369,13.354542
0.0,-12.106499,13.367241
0.0,-12.12086,13.373839
0.0,-12.132119,13.38389
0.0,-12.13957,13.396681
0.0,-12.14777,13.40531
0.0,-12.15672,13.410021
0.0,-12.170411,13.41106
0.0,-12.18175,13.41232
0.0,-12.193469,13.42375
0.0,-12.207091,13.43544
0.0,-12.2297,13.445571
0.0,-12.244339,13.447079
0.0,-12.335119,13.51098
0.0,-12.333121,13.986911
0.0,-12.319359,14.021741
0.0,-12.332979,14.04037
0.0,-12.341421,14.053621
0.0,-12.340681,14.057551
0.0,-12.33233,14.064661
0.0,-12.332539,14.0679
0.0,-12.335299,14.079961
0.0,-12.332631,14.088501
0.0,-12.33235,14.093821
0.0,-12.333741,14.098691
0.0,-12.340781,14.109162
0.0,-12.343311,14.11983
0.0,-12.341321,14.133462
0.0,-12.337421,14.148242
0.0,-12.334739,14.158411
0.0,-12.3347,14.164191
0.0,-12.33609,14.168141
0.0,-12.3387,14.168622
0.0,-12.34463,14.167512
0.0,-12.422679,14.166489
0.0,-12.47888,14.168289
0.0,-12.47971,14.26041
0.0,-12.47845,14.271042
0.0,-12.47365,14.278882
0.0,-12.45745,14.28894
0.0,-12.454099,14.29332
0.0,-12.453119,14.298631
0.0,-12.45616,14.30421
0.0,-12.464691,14.30728
0.0,-12.471551,14.310111
0.0,-12.47414,14.313131
0.0,-12.4753,14.318001
0.0,-12.475111,14.34786
0.0,-12.47623,14.503871
0.0,-12.47698,14.64484
0.0,-12.47667,14.655019
0.0,-12.34734,14.62026
0.0,-12.315551,14.61167
0.0,-12.28754,14.605199
0.0,-12.234379,14.593649
0.0,-12.227029,14.592199
0.0,-12.178041,14.586219
0.0,-12.1787,14.58218
0.0,-12.185519,14.572291
0.0,-12.1876,14.55528
0.0,-12.191361,14.549759
0.0,-12.191473,14.549728
0.0,-12.197959,14.5479
0.0,-12.211871,14.54787
0.0,-12.21776,14.54349
0.0,-12.218873,14.539832
0.0,-12.219859,14.536591
0.0,-12.217698,14.523962
0.0,-12.220189,14.515051
0.0,-12.224951,14.497982
0.0,-12.2254,14.489709
0.0,-12.222933,14.485578
0.0,-12.221938,14.483913
0.0,-12.21969,14.48015
0.0,-12.217819,14.47755
0.0,-12.217158,14.477289
0.0,-12.210703,14.474739
0.0,-12.20625,14.47298
0.0,-12.204623,14.470353
0.0,-12.204119,14.469541
0.0,-12.208331,14.45758
0.0,-12.20785,14.45252
0.0,-12.195299,14.43026
0.0,-12.2021,14.41715
0.0,-12.204671,14.407261
0.0,-12.20457,14.406074
0.0,-12.204181,14.40152
0.0,-12.204077,14.401485
0.0,-12.196161,14.398783
0.0,-12.189674,14.392823
0.0,-12.18887,14.392084
0.0,-12.187178,14.39053
0.0,-12.182778,14.390089
