0,0,0,5,5,18,2,41,23,0,0,0,0,0,0,0,0,12,72,
0.0,-15.954569,15.35547
0.0,-15.93901,15.35052
0.0,-15.925189,15.351571
0.0,-15.91439,15.34611
0.0,-15.90028,15.342529
0.0,-15.891259,15.34724
0.0,-15.885919,15.361868
0.0,-15.872299,15.35968
0.0,-15.809069,15.35952
0.0,-15.816321,15.321491
0.0,-15.821611,15.302002
0.0,-15.80602,15.004089
0.0,-15.86442,15.007761
0.0,-15.882539,15.009461
0.0,-15.890819,15.004062
0.0,-15.904061,14.99376
0.0,-15.919922,14.985049
0.0,-15.932769,14.983089
0.0,-15.94945,14.984101
0.0,-15.957801,14.985409
0.0,-15.96614,14.985571
0.0,-15.97184,14.984361
0.0,-15.990071,14.97377
0.0,-16.00642,14.966221
0.0,-16.02496,14.963031
0.0,-16.05711,14.96273
0.0,-16.07354,14.96234
0.0,-16.081859,14.960881
0.0,-16.089211,14.95826
0.0,-16.09825,14.957481
0.0,-16.11015,14.95667
0.0,-16.16094,14.96172
0.0,-16.176639,14.96087
0.0,-16.181861,14.958971
0.0,-16.18558,14.97189
0.0,-16.18847,14.994551
0.0,-16.197789,15.018069
0.0,-16.206828,15.057339
0.0,-16.21571,15.08318
0.0,-16.221531,15.091451
0.0,-16.227101,15.09904
0.0,-16.23867,15.11003
0.0,-16.25054,15.125879
0.0,-16.255659,15.13532
0.0,-16.25812,15.141781
0.0,-16.258711,15.151729
0.0,-16.25694,15.16263
0.0,-16.25588,15.17375
0.0,-16.24321,15.173012
0.0,-16.23104,15.171982
0.0,-16.223651,15.17159
0.0,-16.21749,15.17489
0.0,-16.21706,15.17907
0.0,-16.218799,15.184841
0.0,-16.223521,15.2003
0.0,-16.21881,15.205209
0.0,-16.198209,15.21769
0.0,-16.192012,15.217749
0.0,-16.18308,15.20812
0.0,-16.17487,15.199641
0.0,-16.176719,15.21513
0.0,-16.174419,15.2221
0.0,-16.16853,15.22795
0.0,-16.16597,15.2333
0.0,-16.165779,15.237701
0.0,-16.16136,15.246772
0.0,-16.158039,15.248891
0.0,-16.15088,15.247802
0.0,-16.140141,15.247451
0.0,-16.127551,15.25197
0.0,-16.118362,15.261091
0.0,-16.111321,15.27158
0.0,-16.107349,15.278331
0.0,-16.101931,15.284628
0.0,-16.09173,15.289362
0.0,-16.073732,15.300418
0.0,-16.064961,15.305831
0.0,-16.046359,15.306471
0.0,-16.043171,15.31946
0.0,-16.0406,15.324119
0.0,-16.00489,15.352701
0.0,-15.997301,15.357171
0.0,-15.97976,15.36775
0.0,-15.975681,15.365241
0.0,-15.954569,15.35547
