0,0,0,1,8,6,9,4,2,0,0,0,0,0,0,0,0,24,23,
0.0,-16.36542,14.904541
0.0,-16.36359,14.89183
0.0,-16.356,14.87501
0.0,-16.351111,14.86534
0.0,-16.34762,14.85288
0.0,-16.346749,14.839921
0.0,-16.343652,14.821211
0.0,-16.365668,14.8124
0.0,-16.37416,14.80606
0.0,-16.37878,14.795359
0.0,-16.38286,14.779569
0.0,-16.38541,14.77445
0.0,-16.41451,14.743331
0.0,-16.437461,14.71576
0.0,-16.45801,14.70488
0.0,-16.470281,14.697331
0.0,-16.53432,14.7195
0.0,-16.59899,14.74115
0.0,-16.596581,14.755759
0.0,-16.604759,14.780201
0.0,-16.614659,14.7905
0.0,-16.620412,14.79344
0.0,-16.625932,14.79685
0.0,-16.632311,14.811122
0.0,-16.634782,14.817572
0.0,-16.633891,14.821979
0.0,-16.632259,14.824322
0.0,-16.628731,14.827139
0.0,-16.623051,14.829991
0.0,-16.61718,14.835378
0.0,-16.61367,14.84006
0.0,-16.579768,14.841881
0.0,-16.561259,14.845569
0.0,-16.54848,14.85128
0.0,-16.539302,14.858111
0.0,-16.524652,14.866609
0.0,-16.500491,14.875001
0.0,-16.481752,14.87984
0.0,-16.47091,14.888772
0.0,-16.45914,14.898162
0.0,-16.45181,14.90264
0.0,-16.44395,14.902271
0.0,-16.43389,14.897061
0.0,-16.42769,14.896899
0.0,-16.41634,14.902121
0.0,-16.386691,14.910791
0.0,-16.37618,14.908352
0.0,-16.36542,14.904541
