0,0,0,4,1,16,17,35,39,0,0,0,0,0,0,0,0,3,49,
0.0,-15.112301,12.874549
0.0,-15.113839,12.8572
0.0,-15.1128,12.842869
0.0,-15.114999,12.818353
0.0,-15.118671,12.802611
0.0,-15.11935,12.798909
0.0,-15.120741,12.795201
0.0,-15.151639,12.80151
0.0,-15.177831,12.80692
0.0,-15.19814,12.813051
0.0,-15.203799,12.814628
0.0,-15.208749,12.813911
0.0,-15.21388,12.80625
0.0,-15.21857,12.802991
0.0,-15.22469,12.80249
0.0,-15.22964,12.80339
0.0,-15.23557,12.80798
0.0,-15.238,12.819529
0.0,-15.240199,12.83084
0.0,-15.241161,12.833151
0.0,-15.244021,12.837062
0.0,-15.25041,12.840501
0.0,-15.26488,12.85475
0.0,-15.27055,12.856102
0.0,-15.273771,12.855851
0.0,-15.302431,12.864318
0.0,-15.33789,12.8636
0.0,-15.348529,12.85994
0.0,-15.371961,12.85003
0.0,-15.38466,12.830911
0.0,-15.38443,12.820221
0.0,-15.390239,12.81521
0.0,-15.39725,12.815059
0.0,-15.41523,12.826471
0.0,-15.426149,12.835849
0.0,-15.435589,12.836921
0.0,-15.444959,12.826029
0.0,-15.455199,12.812771
0.0,-15.469161,12.800689
0.0,-15.484609,12.798011
0.0,-15.502639,12.803242
0.0,-15.516989,12.809099
0.0,-15.52846,12.80179
0.0,-15.53648,12.788562
0.0,-15.542071,12.774121
0.0,-15.541799,12.755941
0.0,-15.54259,12.754651
0.0,-15.54267,12.73662
0.0,-15.54112,12.72045
0.0,-15.536211,12.69713
0.0,-15.52688,12.65258
0.0,-15.524649,12.63988
0.0,-15.52484,12.638369
0.0,-15.54094,12.62389
0.0,-15.55609,12.608162
0.0,-15.573299,12.58738
0.0,-15.577839,12.58215
0.0,-15.594261,12.574171
0.0,-15.612979,12.561979
0.0,-15.625539,12.546301
0.0,-15.633731,12.54141
0.0,-15.640969,12.54343
0.0,-15.65051,12.549018
0.0,-15.666131,12.564001
0.0,-15.663501,12.582669
0.0,-15.66614,12.588891
0.0,-15.669481,12.593712
0.0,-15.686098,12.605142
0.0,-15.716641,12.601019
0.0,-15.73572,12.604212
0.0,-15.76887,12.609449
0.0,-15.78179,12.60191
0.0,-15.793259,12.58751
0.0,-15.801441,12.57428
0.0,-15.810651,12.57389
0.0,-15.81548,12.57523
0.0,-15.831061,12.586469
0.0,-15.8491,12.600201
0.0,-15.863331,12.60132
0.0,-15.88431,12.59141
0.0,-15.89603,12.587519
0.0,-15.90918,12.589571
0.0,-15.92231,12.598512
0.0,-15.945699,12.61973
0.0,-15.95761,12.618769
0.0,-15.96382,12.6275
0.0,-15.970498,12.635529
0.0,-15.95686,12.63681
0.0,-15.95275,12.648639
0.0,-15.950929,12.65467
0.0,-15.945751,12.65518
0.0,-15.93676,12.6511
0.0,-15.92636,12.647032
0.0,-15.92285,12.64845
0.0,-15.920571,12.655871
0.0,-15.922741,12.661172
0.0,-15.926101,12.666911
0.0,-15.925932,12.6727
0.0,-15.920312,12.67598
0.0,-15.914429,12.67719
0.0,-15.911879,12.681151
0.0,-15.91029,12.686252
0.0,-15.901629,12.691412
0.0,-15.895549,12.69586
0.0,-15.893509,12.702809
0.0,-15.890061,12.711169
0.0,-15.887499,12.714189
0.0,-15.881361,12.713091
0.0,-15.872361,12.707391
0.0,-15.86641,12.701431
0.0,-15.856031,12.699899
0.0,-15.83581,12.70262
0.0,-15.818651,12.70647
0.0,-15.80906,12.71325
0.0,-15.803,12.71932
0.0,-15.800759,12.7309
0.0,-15.79856,12.746409
0.0,-15.79418,12.756381
0.0,-15.78667,12.75899
0.0,-15.77674,12.75584
0.0,-15.767979,12.750589
0.0,-15.759719,12.74927
0.0,-15.752891,12.749789
0.0,-15.745169,12.75494
0.0,-15.734409,12.76312
0.0,-15.72952,12.769169
0.0,-15.72837,12.772421
0.0,-15.728429,12.778431
0.0,-15.74255,12.800979
0.0,-15.760549,12.83551
0.0,-15.76296,12.840581
0.0,-15.76208,12.847061
0.0,-15.755669,12.867231
0.0,-15.74712,12.884869
0.0,-15.706401,12.890752
0.0,-15.646811,12.89585
0.0,-15.636919,12.89662
0.0,-15.531701,12.94203
0.0,-15.42016,12.99806
0.0,-15.36776,13.023151
0.0,-15.36188,13.024813
0.0,-15.30979,13.029761
0.0,-15.27138,13.035541
0.0,-15.230859,13.04341
0.0,-15.225649,13.039039
0.0,-15.189931,13.024911
0.0,-15.17644,13.018281
0.0,-15.164119,13.009321
0.0,-15.163789,12.99638
0.0,-15.16927,12.96883
0.0,-15.16917,12.95449
0.0,-15.164391,12.945268
0.0,-15.126869,12.90431
0.0,-15.114999,12.890489
0.0,-15.112301,12.874549
