0,0,0,5,5,19,28,45,3,0,0,0,0,0,0,0,0,63,56,
0.0,-15.531739,15.40612
0.0,-15.505181,15.397969
0.0,-15.467231,15.397999
0.0,-15.44337,15.398161
0.0,-15.426689,15.401751
0.0,-15.413831,15.403909
0.0,-15.3948,15.382041
0.0,-15.354288,15.32859
0.0,-15.349559,15.264011
0.0,-15.348629,15.25223
0.0,-15.346731,15.2423
0.0,-15.336151,15.23355
0.0,-15.333459,15.23136
0.0,-15.329669,15.22827
0.0,-15.327219,15.22561
0.0,-15.3263,15.224119
0.0,-15.32318,15.220899
0.0,-15.31875,15.203101
0.0,-15.320081,15.1899
0.0,-15.328789,15.175029
0.0,-15.339679,15.16478
0.0,-15.35009,15.154991
0.0,-15.3617,15.14589
0.0,-15.368079,15.1396
0.0,-15.37328,15.132849
0.0,-15.376079,15.126351
0.0,-15.376959,15.116852
0.0,-15.37403,15.10761
0.0,-15.371801,15.09721
0.0,-15.370078,15.090509
0.0,-15.478091,14.835941
0.0,-15.50707,14.82995
0.0,-15.52487,14.823582
0.0,-15.537011,14.82373
0.0,-15.548211,14.826191
0.0,-15.62086,14.859699
0.0,-15.6639,14.85497
0.0,-15.680781,14.852529
0.0,-15.71108,14.861089
0.0,-15.745021,14.87517
0.0,-15.762272,14.887299
0.0,-15.769499,14.89627
0.0,-15.77898,14.91657
0.0,-15.78429,14.948941
0.0,-15.799109,14.95483
0.0,-15.801441,14.97403
0.0,-15.804021,14.99438
0.0,-15.80602,15.004089
0.0,-15.821611,15.302002
0.0,-15.816321,15.321491
0.0,-15.809069,15.35952
0.0,-15.808871,15.363459
0.0,-15.80772,15.368099
0.0,-15.8014,15.38042
0.0,-15.766882,15.43697
0.0,-15.750901,15.46303
0.0,-15.676619,15.58701
0.0,-15.64091,15.573399
0.0,-15.62582,15.568882
0.0,-15.604699,15.531759
0.0,-15.621239,15.51196
0.0,-15.600929,15.48387
0.0,-15.580921,15.46156
0.0,-15.56573,15.444769
0.0,-15.550061,15.42706
0.0,-15.531739,15.40612
