0,0,0,10,10,2,26,92,7,0,0,0,0,0,0,0,0,23,11,
0.0,-16.33952,12.59856
0.0,-16.331101,12.552651
0.0,-16.31927,12.528292
0.0,-16.315789,12.512148
0.0,-16.314012,12.501541
0.0,-16.31421,12.4983
0.0,-16.30092,12.489211
0.0,-16.28367,12.482691
0.0,-16.268709,12.471302
0.0,-16.25774,12.458251
0.0,-16.249097,12.437928
0.0,-16.25039,12.437131
0.0,-16.28449,12.419969
0.0,-16.290719,12.414791
0.0,-16.304179,12.408352
0.0,-16.30647,12.405551
0.0,-16.32871,12.393191
0.0,-16.36098,12.378582
0.0,-16.372549,12.37148
0.0,-16.381068,12.364191
0.0,-16.3899,12.360581
0.0,-16.39576,12.36029
0.0,-16.428691,12.358621
0.0,-16.432739,12.370459
0.0,-16.4361,12.375742
0.0,-16.44041,12.381242
0.0,-16.444009,12.386739
0.0,-16.44524,12.390892
0.0,-16.44227,12.398319
0.0,-16.43512,12.409031
0.0,-16.43244,12.419461
0.0,-16.43603,12.424741
0.0,-16.446461,12.431091
0.0,-16.45483,12.44116
0.0,-16.457162,12.44385
0.0,-16.45618,12.450299
0.0,-16.461189,12.464079
0.0,-16.46587,12.475001
0.0,-16.46361,12.490882
0.0,-16.449579,12.4958
0.0,-16.448241,12.500399
0.0,-16.44955,12.50372
0.0,-16.483272,12.522997
0.0,-16.489551,12.538671
0.0,-16.489888,12.55114
0.0,-16.490141,12.560482
0.0,-16.49975,12.563591
0.0,-16.52137,12.559671
0.0,-16.53457,12.57804
0.0,-16.53486,12.587638
0.0,-16.534028,12.587638
0.0,-16.534028,12.587362
0.0,-16.532918,12.587362
0.0,-16.532918,12.587638
0.0,-16.532638,12.587638
0.0,-16.532638,12.587916
0.0,-16.532362,12.587916
0.0,-16.532362,12.588194
0.0,-16.531806,12.588194
0.0,-16.531806,12.588472
0.0,-16.531528,12.588472
0.0,-16.531528,12.58875
0.0,-16.53125,12.58875
0.0,-16.53125,12.589028
0.0,-16.530972,12.589028
0.0,-16.530972,12.589584
0.0,-16.530696,12.589584
0.0,-16.530696,12.58986
0.0,-16.530416,12.58986
0.0,-16.530416,12.590416
0.0,-16.530138,12.590416
0.0,-16.530138,12.590694
0.0,-16.529862,12.590694
0.0,-16.529862,12.590972
0.0,-16.529584,12.590972
0.0,-16.529584,12.59125
0.0,-16.529306,12.59125
0.0,-16.529306,12.591806
0.0,-16.529028,12.591806
0.0,-16.529028,12.592082
0.0,-16.528193,12.592082
0.0,-16.528193,12.592363
0.0,-16.52764,12.592363
0.0,-16.52764,12.592916
0.0,-16.527362,12.592916
0.0,-16.527362,12.593194
0.0,-16.526805,12.593194
0.0,-16.526805,12.593473
0.0,-16.526527,12.593473
0.0,-16.526527,12.593751
0.0,-16.525139,12.593751
0.0,-16.525139,12.594582
0.0,-16.524027,12.594582
0.0,-16.524027,12.594861
0.0,-16.523195,12.594861
0.0,-16.523195,12.595139
0.0,-16.522361,12.595139
0.0,-16.522361,12.595417
0.0,-16.522083,12.595417
0.0,-16.522083,12.595139
0.0,-16.520417,12.595139
0.0,-16.520417,12.595417
0.0,-16.519027,12.595417
0.0,-16.519027,12.595695
0.0,-16.518749,12.595695
0.0,-16.518749,12.595973
0.0,-16.518473,12.595973
0.0,-16.518473,12.596248
0.0,-16.517361,12.596248
0.0,-16.517361,12.595695
0.0,-16.516251,12.595695
0.0,-16.516251,12.595973
0.0,-16.515695,12.595973
0.0,-16.515695,12.596248
0.0,-16.515417,12.596248
0.0,-16.515417,12.596529
0.0,-16.513751,12.596529
0.0,-16.513751,12.595973
0.0,-16.512916,12.595973
0.0,-16.512916,12.596805
0.0,-16.512638,12.596805
0.0,-16.512638,12.596946
0.0,-16.512638,12.597083
0.0,-16.512082,12.597083
0.0,-16.512082,12.597361
0.0,-16.511528,12.597361
0.0,-16.511528,12.597639
0.0,-16.51125,12.597639
0.0,-16.51125,12.597917
0.0,-16.51014,12.597917
0.0,-16.51014,12.598195
0.0,-16.507918,12.598195
0.0,-16.507918,12.597917
0.0,-16.505416,12.597917
0.0,-16.505416,12.597361
0.0,-16.502916,12.597361
0.0,-16.502916,12.597083
0.0,-16.502362,12.597083
0.0,-16.502362,12.596805
0.0,-16.500693,12.596805
0.0,-16.500693,12.596529
0.0,-16.500415,12.596529
0.0,-16.500415,12.596248
0.0,-16.496805,12.596248
0.0,-16.496805,12.595973
0.0,-16.495971,12.595973
0.0,-16.495971,12.595695
0.0,-16.495139,12.595695
0.0,-16.495139,12.595417
0.0,-16.492639,12.595417
0.0,-16.492639,12.595139
0.0,-16.492361,12.595139
0.0,-16.492361,12.594861
0.0,-16.489861,12.594861
0.0,-16.489861,12.594582
0.0,-16.489585,12.594582
0.0,-16.489585,12.594307
0.0,-16.489305,12.594307
0.0,-16.489305,12.594029
0.0,-16.488751,12.594029
0.0,-16.488751,12.594307
0.0,-16.486804,12.594307
0.0,-16.486804,12.594029
0.0,-16.486529,12.594029
0.0,-16.486529,12.593751
0.0,-16.484306,12.593751
0.0,-16.484306,12.593473
0.0,-16.483194,12.593473
0.0,-16.483194,12.593194
0.0,-16.479028,12.593194
0.0,-16.479028,12.592916
0.0,-16.477638,12.592916
0.0,-16.477638,12.592638
0.0,-16.472918,12.592638
0.0,-16.472918,12.592363
0.0,-16.469861,12.592363
0.0,-16.469861,12.592638
0.0,-16.469583,12.592638
0.0,-16.469583,12.592363
0.0,-16.468195,12.592363
0.0,-16.468195,12.592082
0.0,-16.467083,12.592082
0.0,-16.467083,12.591806
0.0,-16.464307,12.591806
0.0,-16.464307,12.591528
0.0,-16.463473,12.591528
0.0,-16.463473,12.591806
0.0,-16.462639,12.591806
0.0,-16.462639,12.591528
0.0,-16.462085,12.591528
0.0,-16.462085,12.59125
0.0,-16.460973,12.59125
0.0,-16.460973,12.591528
0.0,-16.460695,12.591528
0.0,-16.460695,12.591806
0.0,-16.460417,12.591806
0.0,-16.460417,12.591528
0.0,-16.457916,12.591528
0.0,-16.457916,12.59125
0.0,-16.45625,12.59125
0.0,-16.45625,12.591806
0.0,-16.451437,12.590136
0.0,-16.439243,12.583317
0.0,-16.430975,12.57753
0.0,-16.421468,12.573396
0.0,-16.415267,12.572568
0.0,-16.409275,12.572568
0.0,-16.405141,12.572776
0.0,-16.403509,12.57407
0.0,-16.397091,12.578471
0.0,-16.391801,12.57237
0.0,-16.377609,12.561941
0.0,-16.36488,12.560819
0.0,-16.357149,12.564131
0.0,-16.34971,12.578241
0.0,-16.33952,12.59856
