0,1.50000000000e+001
1,2.30000000000e+001
2,1.60000000000e+001
3,1.10000000000e+001
4,2.40000000000e+001
5,1.70000000000e+001
6,1.00000000000e+001
7,1.00000000000e+000
8,6.00000000000e+000
9,3.10000000000e+001
10,8.00000000000e+000
11,2.00000000000e+000
12,4.00000000000e+000
13,2.70000000000e+001
14,3.00000000000e+000
15,1.40000000000e+001
16,3.70000000000e+001
17,3.40000000000e+001
18,7.00000000000e+000
19,1.80000000000e+001
20,1.20000000000e+001
21,3.50000000000e+001
22,3.20000000000e+001
23,9.00000000000e+000
24,5.00000000000e+000
25,2.50000000000e+001
26,3.30000000000e+001
27,3.60000000000e+001
28,1.90000000000e+001
29,1.30000000000e+001
30,3.80000000000e+001
31,2.20000000000e+001
