0,4.98000000000e+002
1,3.16000000000e+002
2,2.03000000000e+002
3,1.07300000000e+003
4,6.25000000000e+002
5,6.80000000000e+002
6,6.80000000000e+001
7,2.58000000000e+002
8,8.68000000000e+002
9,3.14000000000e+002
10,1.05900000000e+003
11,1.11000000000e+002
12,6.05000000000e+002
13,3.76000000000e+002
14,4.34000000000e+002
15,1.04000000000e+003
16,6.63000000000e+002
17,4.00000000000e+000
18,4.00000000000e+001
19,4.00000000000e+002
20,8.06000000000e+002
21,2.27000000000e+002
22,3.54000000000e+002
23,7.15000000000e+002
24,6.07000000000e+002
25,7.99000000000e+002
26,8.61000000000e+002
27,1.54000000000e+002
28,6.40000000000e+002
29,6.40000000000e+001
30,9.60000000000e+001
31,3.63000000000e+002
32,6.53000000000e+002
33,1.05700000000e+003
34,5.93000000000e+002
35,9.00000000000e+001
36,9.00000000000e+000
37,8.76000000000e+002
38,6.92000000000e+002
39,5.77000000000e+002
40,3.61000000000e+002
41,4.42000000000e+002
42,1.02900000000e+003
43,5.14000000000e+002
44,8.49000000000e+002
45,2.31000000000e+002
46,6.70000000000e+002
47,6.70000000000e+001
48,6.67000000000e+002
49,6.75000000000e+002
50,4.43000000000e+002
51,2.81000000000e+002
52,8.01000000000e+002
53,7.36000000000e+002
54,9.68000000000e+002
55,8.33000000000e+002
56,2.12000000000e+002
57,1.06300000000e+003
58,1.08800000000e+003
59,6.57000000000e+002
60,8.75000000000e+002
61,3.48000000000e+002
62,4.04000000000e+002
63,2.94000000000e+002
64,7.70000000000e+001
65,5.83000000000e+002
66,6.79000000000e+002
67,1.09400000000e+003
68,3.37000000000e+002
69,9.12000000000e+002
70,2.25000000000e+002
71,1.02600000000e+003
72,1.76000000000e+002
73,9.99000000000e+002
74,8.65000000000e+002
75,2.72000000000e+002
76,4.20000000000e+002
77,4.20000000000e+001
78,6.71000000000e+002
79,1.02000000000e+003
80,1.02000000000e+002
81,4.77000000000e+002
82,6.38000000000e+002
83,9.15000000000e+002
84,3.59000000000e+002
85,3.80000000000e+002
86,4.19000000000e+002
87,8.78000000000e+002
88,5.03000000000e+002
89,8.81000000000e+002
90,5.40000000000e+002
91,5.40000000000e+001
92,5.07000000000e+002
93,6.46000000000e+002
94,2.87000000000e+002
95,6.31000000000e+002
96,8.41000000000e+002
97,4.15000000000e+002
98,2.74000000000e+002
99,4.84000000000e+002
100,2.21000000000e+002
101,3.05000000000e+002
102,9.34000000000e+002
103,2.28000000000e+002
104,8.90000000000e+002
105,1.28000000000e+002
106,2.18000000000e+002
107,6.99000000000e+002
108,2.65000000000e+002
109,9.54000000000e+002
110,8.12000000000e+002
111,3.07000000000e+002
112,8.32000000000e+002
113,9.53000000000e+002
114,4.28000000000e+002
115,4.90000000000e+002
116,4.90000000000e+001
117,1.06000000000e+002
118,2.57000000000e+002
119,6.16000000000e+002
120,9.26000000000e+002
121,6.13000000000e+002
122,4.29000000000e+002
123,1.29000000000e+002
124,8.72000000000e+002
125,2.97000000000e+002
126,1.08000000000e+002
127,7.90000000000e+001
128,8.19000000000e+002
129,1.79000000000e+002
130,7.39000000000e+002
131,5.57000000000e+002
132,9.98000000000e+002
133,3.62000000000e+002
134,4.99000000000e+002
135,9.75000000000e+002
136,1.33000000000e+002
137,2.63000000000e+002
138,5.08000000000e+002
139,6.88000000000e+002
140,1.68000000000e+002
141,1.50000000000e+001
142,1.50000000000e+002
143,1.05200000000e+003
144,4.18000000000e+002
145,1.02700000000e+003
146,6.35000000000e+002
147,5.39000000000e+002
148,1.09900000000e+003
149,8.98000000000e+002
150,1.81000000000e+002
151,3.91000000000e+002
152,1.00600000000e+003
153,5.43000000000e+002
154,2.88000000000e+002
155,8.21000000000e+002
156,9.89000000000e+002
157,4.87000000000e+002
158,2.44000000000e+002
159,6.00000000000e+002
160,6.00000000000e+000
161,6.00000000000e+001
162,2.92000000000e+002
163,1.01900000000e+003
164,5.24000000000e+002
165,4.70000000000e+001
166,4.30000000000e+001
167,4.70000000000e+002
168,5.30000000000e+002
169,1.40000000000e+002
170,1.40000000000e+001
171,5.30000000000e+001
172,2.04000000000e+002
173,7.59000000000e+002
174,9.61000000000e+002
175,6.60000000000e+001
176,4.13000000000e+002
177,9.88000000000e+002
178,7.67000000000e+002
179,1.95000000000e+002
180,1.03900000000e+003
181,7.37000000000e+002
182,5.92000000000e+002
183,3.20000000000e+001
184,1.37000000000e+002
185,3.95000000000e+002
186,1.65000000000e+002
187,3.22000000000e+002
188,1.73000000000e+002
189,6.22000000000e+002
190,5.00000000000e+002
191,5.00000000000e+001
192,5.00000000000e+000
193,4.33000000000e+002
194,8.18000000000e+002
195,1.89000000000e+002
196,1.09700000000e+003
197,1.10200000000e+003
198,1.88000000000e+002
199,6.50000000000e+002
200,2.13000000000e+002
201,1.09100000000e+003
202,5.37000000000e+002
203,3.74000000000e+002
204,4.63000000000e+002
205,1.06200000000e+003
206,8.80000000000e+001
207,8.80000000000e+002
208,7.53000000000e+002
209,9.22000000000e+002
210,9.72000000000e+002
211,3.04000000000e+002
212,6.34000000000e+002
213,6.19000000000e+002
214,8.45000000000e+002
215,3.36000000000e+002
216,5.62000000000e+002
217,2.07000000000e+002
218,3.43000000000e+002
219,4.93000000000e+002
220,8.07000000000e+002
221,1.42000000000e+002
222,1.05300000000e+003
223,1.75000000000e+002
224,3.90000000000e+002
225,6.01000000000e+002
226,3.90000000000e+001
227,7.09000000000e+002
228,7.82000000000e+002
229,9.45000000000e+002
230,2.01000000000e+002
231,7.41000000000e+002
232,1.00300000000e+003
233,9.70000000000e+002
234,4.71000000000e+002
235,1.04900000000e+003
236,5.05000000000e+002
237,3.15000000000e+002
238,2.00000000000e+002
239,2.00000000000e+000
240,2.00000000000e+001
241,5.29000000000e+002
242,3.41000000000e+002
243,1.77000000000e+002
244,5.16000000000e+002
245,5.88000000000e+002
246,7.26000000000e+002
247,2.22000000000e+002
248,6.58000000000e+002
249,2.39000000000e+002
250,6.23000000000e+002
251,7.42000000000e+002
252,9.66000000000e+002
253,7.89000000000e+002
254,3.50000000000e+002
255,3.50000000000e+001
256,2.99000000000e+002
257,9.97000000000e+002
258,9.05000000000e+002
259,6.74000000000e+002
260,7.04000000000e+002
261,5.66000000000e+002
262,1.05500000000e+003
263,2.02000000000e+002
264,9.73000000000e+002
265,4.62000000000e+002
266,1.12000000000e+002
267,3.60000000000e+002
268,3.60000000000e+001
269,4.40000000000e+001
270,3.65000000000e+002
271,7.35000000000e+002
272,1.78000000000e+002
273,8.26000000000e+002
274,5.11000000000e+002
275,8.46000000000e+002
276,4.45000000000e+002
277,5.23000000000e+002
278,1.35000000000e+002
279,1.00200000000e+003
280,1.08300000000e+003
281,2.17000000000e+002
282,6.44000000000e+002
283,5.65000000000e+002
284,1.06700000000e+003
285,3.45000000000e+002
286,1.04100000000e+003
287,3.69000000000e+002
288,1.24000000000e+002
289,7.76000000000e+002
290,7.63000000000e+002
291,1.06000000000e+003
292,1.60000000000e+001
293,9.85000000000e+002
294,6.95000000000e+002
295,1.60000000000e+002
296,9.62000000000e+002
297,1.26000000000e+002
298,9.04000000000e+002
299,5.42000000000e+002
300,5.41000000000e+002
301,3.28000000000e+002
302,9.28000000000e+002
303,9.07000000000e+002
304,9.87000000000e+002
305,1.05400000000e+003
306,8.00000000000e+000
307,8.00000000000e+001
308,8.00000000000e+002
309,9.59000000000e+002
310,1.99000000000e+002
311,7.40000000000e+001
312,7.91000000000e+002
313,5.91000000000e+002
314,6.45000000000e+002
315,3.17000000000e+002
316,3.56000000000e+002
317,8.52000000000e+002
318,7.00000000000e+001
319,7.00000000000e+000
320,5.06000000000e+002
321,1.20000000000e+001
322,1.20000000000e+002
323,7.80000000000e+001
324,7.71000000000e+002
325,5.87000000000e+002
326,1.04700000000e+003
327,3.83000000000e+002
328,6.12000000000e+002
329,6.86000000000e+002
330,6.61000000000e+002
331,3.89000000000e+002
332,1.01300000000e+003
333,1.52000000000e+002
334,2.24000000000e+002
335,5.22000000000e+002
336,5.71000000000e+002
337,1.03500000000e+003
338,4.44000000000e+002
339,3.06000000000e+002
340,3.03000000000e+002
341,8.35000000000e+002
342,5.09000000000e+002
343,7.27000000000e+002
344,1.96000000000e+002
345,2.98000000000e+002
346,8.89000000000e+002
347,6.20000000000e+001
348,6.20000000000e+002
349,7.13000000000e+002
350,7.84000000000e+002
351,3.98000000000e+002
352,8.70000000000e+002
353,7.93000000000e+002
354,8.28000000000e+002
355,2.30000000000e+002
356,2.30000000000e+001
357,1.04400000000e+003
358,3.25000000000e+002
359,2.11000000000e+002
360,1.03100000000e+003
361,5.31000000000e+002
362,6.82000000000e+002
363,1.98000000000e+002
364,1.05000000000e+002
365,2.89000000000e+002
366,8.17000000000e+002
367,3.10000000000e+002
368,1.06100000000e+003
369,3.10000000000e+001
370,3.46000000000e+002
371,8.51000000000e+002
372,7.38000000000e+002
373,1.45000000000e+002
374,4.10000000000e+002
375,4.10000000000e+001
376,1.08900000000e+003
377,2.75000000000e+002
378,3.70000000000e+001
379,3.70000000000e+002
380,9.24000000000e+002
381,9.14000000000e+002
382,7.97000000000e+002
383,9.16000000000e+002
384,8.48000000000e+002
385,1.55000000000e+002
386,8.11000000000e+002
387,6.55000000000e+002
388,1.06500000000e+003
389,7.66000000000e+002
390,3.32000000000e+002
391,1.69000000000e+002
392,7.50000000000e+001
393,9.40000000000e+002
394,9.79000000000e+002
395,9.30000000000e+002
396,1.03600000000e+003
397,7.70000000000e+002
398,8.08000000000e+002
399,8.16000000000e+002
400,1.34000000000e+002
401,7.11000000000e+002
402,1.09800000000e+003
403,2.82000000000e+002
404,5.90000000000e+001
405,5.90000000000e+002
406,6.69000000000e+002
407,4.07000000000e+002
408,4.79000000000e+002
409,2.62000000000e+002
410,3.24000000000e+002
411,3.09000000000e+002
412,5.55000000000e+002
413,4.54000000000e+002
414,5.46000000000e+002
415,9.03000000000e+002
416,9.91000000000e+002
417,2.56000000000e+002
418,3.11000000000e+002
419,5.82000000000e+002
420,4.69000000000e+002
421,9.17000000000e+002
422,2.41000000000e+002
423,5.17000000000e+002
424,9.40000000000e+001
425,1.01500000000e+003
426,8.71000000000e+002
427,8.09000000000e+002
428,5.69000000000e+002
429,1.41000000000e+002
430,3.19000000000e+002
431,5.36000000000e+002
432,4.74000000000e+002
433,9.41000000000e+002
434,8.96000000000e+002
435,4.60000000000e+002
436,7.52000000000e+002
437,4.60000000000e+001
438,1.23000000000e+002
439,6.09000000000e+002
440,4.26000000000e+002
441,3.33000000000e+002
442,7.17000000000e+002
443,6.37000000000e+002
444,1.48000000000e+002
445,9.78000000000e+002
446,8.77000000000e+002
447,2.45000000000e+002
448,3.64000000000e+002
449,7.88000000000e+002
450,4.50000000000e+002
451,4.50000000000e+001
452,2.34000000000e+002
453,1.43000000000e+002
454,6.90000000000e+001
455,9.38000000000e+002
456,6.91000000000e+002
457,6.90000000000e+002
458,8.70000000000e+001
459,8.62000000000e+002
460,8.54000000000e+002
461,5.44000000000e+002
462,8.79000000000e+002
463,4.67000000000e+002
464,5.56000000000e+002
465,9.82000000000e+002
466,6.03000000000e+002
467,1.30000000000e+002
468,4.53000000000e+002
469,1.30000000000e+001
470,9.20000000000e+001
471,9.20000000000e+002
472,4.32000000000e+002
473,8.56000000000e+002
474,9.19000000000e+002
475,2.93000000000e+002
476,7.34000000000e+002
477,1.02800000000e+003
478,8.94000000000e+002
479,8.64000000000e+002
480,2.40000000000e+002
481,9.92000000000e+002
482,3.85000000000e+002
483,2.40000000000e+001
484,1.01200000000e+003
485,7.18000000000e+002
486,6.83000000000e+002
487,9.43000000000e+002
488,1.10500000000e+003
489,6.94000000000e+002
490,8.63000000000e+002
491,1.92000000000e+002
492,8.38000000000e+002
493,5.89000000000e+002
494,5.10000000000e+001
495,5.10000000000e+002
496,9.08000000000e+002
497,7.14000000000e+002
498,1.07200000000e+003
499,2.91000000000e+002
500,4.46000000000e+002
501,8.43000000000e+002
502,6.76000000000e+002
503,7.94000000000e+002
504,3.55000000000e+002
505,3.02000000000e+002
506,5.95000000000e+002
507,9.50000000000e+002
508,7.31000000000e+002
509,4.21000000000e+002
510,4.88000000000e+002
511,2.80000000000e+002
512,1.08700000000e+003
513,2.80000000000e+001
514,8.84000000000e+002
515,9.37000000000e+002
516,9.36000000000e+002
517,2.35000000000e+002
518,6.52000000000e+002
519,3.96000000000e+002
520,4.36000000000e+002
521,2.52000000000e+002
522,1.25000000000e+002
523,8.86000000000e+002
524,2.05000000000e+002
525,6.87000000000e+002
526,2.60000000000e+001
527,2.60000000000e+002
528,3.53000000000e+002
529,7.83000000000e+002
530,5.25000000000e+002
531,4.41000000000e+002
532,9.23000000000e+002
533,6.89000000000e+002
534,1.08500000000e+003
535,4.73000000000e+002
536,7.69000000000e+002
537,1.90000000000e+001
538,4.35000000000e+002
539,2.95000000000e+002
540,7.48000000000e+002
541,3.30000000000e+001
542,3.30000000000e+002
543,9.39000000000e+002
544,1.06400000000e+003
545,1.66000000000e+002
546,1.03300000000e+003
547,6.29000000000e+002
548,5.38000000000e+002
549,1.13000000000e+002
550,6.33000000000e+002
551,1.04500000000e+003
552,4.25000000000e+002
553,8.99000000000e+002
554,1.36000000000e+002
555,7.79000000000e+002
556,3.92000000000e+002
557,7.40000000000e+002
558,8.92000000000e+002
559,9.76000000000e+002
560,8.36000000000e+002
561,1.02300000000e+003
562,7.01000000000e+002
563,7.90000000000e+002
564,7.28000000000e+002
565,4.38000000000e+002
566,7.32000000000e+002
567,9.30000000000e+001
568,6.10000000000e+001
569,6.10000000000e+002
570,6.51000000000e+002
571,3.73000000000e+002
572,1.06800000000e+003
573,2.86000000000e+002
574,3.18000000000e+002
575,6.50000000000e+001
576,1.80000000000e+002
577,1.80000000000e+001
578,4.01000000000e+002
579,2.15000000000e+002
580,7.00000000000e+002
581,5.58000000000e+002
582,4.81000000000e+002
583,5.01000000000e+002
584,6.24000000000e+002
585,9.70000000000e+001
586,2.53000000000e+002
587,2.59000000000e+002
588,5.75000000000e+002
589,2.78000000000e+002
590,7.92000000000e+002
591,9.49000000000e+002
592,4.72000000000e+002
593,9.00000000000e+002
594,1.08200000000e+003
595,8.24000000000e+002
596,2.23000000000e+002
597,5.18000000000e+002
598,9.77000000000e+002
599,9.52000000000e+002
600,8.25000000000e+002
601,9.09000000000e+002
602,6.66000000000e+002
603,8.57000000000e+002
604,9.32000000000e+002
605,4.59000000000e+002
606,1.03200000000e+003
607,6.77000000000e+002
608,3.79000000000e+002
609,7.87000000000e+002
610,7.07000000000e+002
611,8.85000000000e+002
612,8.95000000000e+002
613,6.43000000000e+002
614,8.42000000000e+002
615,2.06000000000e+002
616,4.85000000000e+002
617,2.48000000000e+002
618,9.10000000000e+001
619,7.56000000000e+002
620,2.29000000000e+002
621,5.86000000000e+002
622,1.84000000000e+002
623,6.98000000000e+002
624,1.00000000000e+003
625,1.00000000000e+002
626,1.00000000000e+001
627,1.00000000000e+000
628,7.54000000000e+002
629,4.61000000000e+002
630,1.31000000000e+002
631,2.16000000000e+002
632,1.03400000000e+003
633,9.50000000000e+001
634,5.61000000000e+002
635,5.19000000000e+002
636,2.77000000000e+002
637,8.74000000000e+002
638,3.35000000000e+002
639,8.97000000000e+002
640,7.58000000000e+002
641,8.40000000000e+001
642,8.40000000000e+002
643,4.94000000000e+002
644,6.68000000000e+002
645,9.13000000000e+002
646,6.93000000000e+002
647,6.72000000000e+002
648,3.27000000000e+002
649,9.42000000000e+002
650,1.53000000000e+002
651,7.23000000000e+002
652,5.67000000000e+002
653,5.98000000000e+002
654,1.04600000000e+003
655,1.51000000000e+002
656,2.79000000000e+002
657,6.36000000000e+002
658,2.73000000000e+002
659,1.07900000000e+003
660,1.17000000000e+002
661,9.55000000000e+002
662,3.80000000000e+001
663,4.58000000000e+002
664,3.81000000000e+002
665,1.97000000000e+002
666,8.02000000000e+002
667,2.26000000000e+002
668,5.60000000000e+001
669,1.04300000000e+003
670,9.65000000000e+002
671,5.60000000000e+002
672,8.03000000000e+002
673,6.41000000000e+002
674,9.58000000000e+002
675,5.68000000000e+002
676,4.83000000000e+002
677,6.11000000000e+002
678,3.13000000000e+002
679,6.62000000000e+002
680,5.59000000000e+002
681,4.05000000000e+002
682,1.67000000000e+002
683,7.21000000000e+002
684,4.16000000000e+002
685,9.06000000000e+002
686,2.20000000000e+001
687,2.20000000000e+002
688,2.66000000000e+002
689,7.77000000000e+002
690,4.96000000000e+002
691,9.63000000000e+002
692,1.64000000000e+002
693,1.01000000000e+002
694,1.01000000000e+003
695,2.33000000000e+002
696,6.21000000000e+002
697,7.74000000000e+002
698,2.64000000000e+002
699,1.09500000000e+003
700,8.60000000000e+002
701,7.81000000000e+002
702,8.60000000000e+001
703,4.47000000000e+002
704,3.93000000000e+002
705,8.37000000000e+002
706,3.84000000000e+002
707,9.69000000000e+002
708,9.64000000000e+002
709,8.59000000000e+002
710,1.01800000000e+003
711,1.18000000000e+002
712,5.28000000000e+002
713,4.66000000000e+002
714,1.09200000000e+003
715,6.02000000000e+002
716,3.66000000000e+002
717,9.11000000000e+002
718,5.72000000000e+002
719,1.07500000000e+003
720,6.47000000000e+002
721,1.74000000000e+002
722,9.51000000000e+002
723,8.55000000000e+002
724,1.58000000000e+002
725,4.92000000000e+002
726,1.39000000000e+002
727,7.45000000000e+002
728,1.16000000000e+002
729,4.89000000000e+002
730,2.08000000000e+002
731,1.04800000000e+003
732,8.29000000000e+002
733,8.15000000000e+002
734,3.21000000000e+002
735,1.10800000000e+003
736,7.47000000000e+002
737,1.03700000000e+003
738,1.46000000000e+002
739,1.44000000000e+002
740,3.97000000000e+002
741,6.97000000000e+002
742,8.87000000000e+002
743,1.05800000000e+003
744,8.82000000000e+002
745,8.69000000000e+002
746,5.51000000000e+002
747,4.14000000000e+002
748,4.06000000000e+002
749,3.99000000000e+002
750,7.12000000000e+002
751,1.08100000000e+003
752,1.08000000000e+003
753,7.22000000000e+002
754,3.39000000000e+002
755,3.23000000000e+002
756,1.00800000000e+003
757,8.58000000000e+002
758,2.55000000000e+002
759,9.44000000000e+002
760,1.70000000000e+002
761,6.59000000000e+002
762,1.70000000000e+001
763,7.80000000000e+002
764,6.48000000000e+002
765,1.02200000000e+003
766,1.91000000000e+002
767,6.84000000000e+002
768,9.90000000000e+002
769,5.26000000000e+002
770,5.97000000000e+002
771,5.02000000000e+002
772,4.03000000000e+002
773,4.40000000000e+002
774,7.06000000000e+002
775,8.30000000000e+001
776,8.30000000000e+002
777,3.00000000000e+001
778,3.00000000000e+000
779,3.00000000000e+002
780,2.85000000000e+002
781,7.08000000000e+002
782,1.02400000000e+003
783,2.09000000000e+002
784,8.53000000000e+002
785,4.12000000000e+002
786,3.40000000000e+001
787,7.73000000000e+002
788,3.40000000000e+002
789,1.32000000000e+002
790,2.71000000000e+002
791,7.60000000000e+002
792,7.60000000000e+001
793,3.34000000000e+002
794,7.62000000000e+002
795,1.07100000000e+003
796,7.33000000000e+002
797,2.46000000000e+002
798,6.54000000000e+002
799,8.91000000000e+002
800,8.73000000000e+002
801,6.28000000000e+002
802,1.00100000000e+003
803,9.84000000000e+002
804,9.02000000000e+002
805,5.04000000000e+002
806,5.34000000000e+002
807,1.22000000000e+002
808,9.48000000000e+002
809,5.53000000000e+002
810,5.35000000000e+002
811,6.65000000000e+002
812,4.82000000000e+002
813,9.83000000000e+002
814,4.75000000000e+002
815,5.47000000000e+002
816,8.23000000000e+002
817,3.67000000000e+002
818,1.00500000000e+003
819,6.39000000000e+002
820,7.44000000000e+002
821,1.71000000000e+002
822,8.88000000000e+002
823,6.18000000000e+002
824,5.85000000000e+002
825,1.59000000000e+002
826,5.52000000000e+002
827,1.47000000000e+002
828,1.09000000000e+002
829,1.09000000000e+003
830,4.68000000000e+002
831,7.75000000000e+002
832,1.01700000000e+003
833,1.09300000000e+003
834,1.56000000000e+002
835,3.88000000000e+002
836,9.46000000000e+002
837,5.12000000000e+002
838,1.07800000000e+003
839,9.35000000000e+002
840,2.42000000000e+002
841,5.74000000000e+002
842,8.31000000000e+002
843,1.01600000000e+003
844,7.55000000000e+002
845,4.57000000000e+002
846,3.86000000000e+002
847,5.64000000000e+002
848,1.08400000000e+003
849,6.78000000000e+002
850,4.11000000000e+002
851,5.50000000000e+001
852,5.50000000000e+002
853,1.87000000000e+002
854,1.06900000000e+003
855,4.91000000000e+002
856,1.10100000000e+003
857,7.57000000000e+002
858,7.20000000000e+001
859,8.90000000000e+001
860,1.38000000000e+002
861,7.10000000000e+002
862,7.10000000000e+001
863,9.10000000000e+002
864,4.08000000000e+002
865,4.51000000000e+002
866,5.13000000000e+002
867,9.31000000000e+002
868,2.68000000000e+002
869,3.26000000000e+002
870,1.63000000000e+002
871,2.76000000000e+002
872,2.37000000000e+002
873,2.36000000000e+002
874,9.81000000000e+002
875,7.95000000000e+002
876,8.22000000000e+002
877,6.56000000000e+002
878,7.20000000000e+002
879,4.48000000000e+002
880,4.56000000000e+002
881,7.25000000000e+002
882,9.80000000000e+002
883,9.80000000000e+001
884,3.51000000000e+002
885,1.10700000000e+003
886,1.09600000000e+003
887,1.07700000000e+003
888,9.18000000000e+002
889,8.05000000000e+002
890,1.07600000000e+003
891,1.08600000000e+003
892,3.01000000000e+002
893,4.86000000000e+002
894,2.96000000000e+002
895,1.57000000000e+002
896,5.54000000000e+002
897,3.44000000000e+002
898,3.75000000000e+002
899,7.29000000000e+002
900,1.21000000000e+002
901,6.06000000000e+002
902,1.07400000000e+003
903,1.10000000000e+001
904,1.10000000000e+002
905,3.31000000000e+002
906,5.84000000000e+002
907,3.49000000000e+002
908,9.67000000000e+002
909,1.00700000000e+003
910,2.61000000000e+002
911,6.04000000000e+002
912,9.29000000000e+002
913,5.27000000000e+002
914,7.68000000000e+002
915,2.32000000000e+002
916,4.31000000000e+002
917,4.49000000000e+002
918,5.49000000000e+002
919,4.95000000000e+002
920,6.08000000000e+002
921,9.25000000000e+002
922,1.02500000000e+003
923,3.12000000000e+002
924,7.19000000000e+002
925,1.04200000000e+003
926,1.62000000000e+002
927,7.16000000000e+002
928,3.57000000000e+002
929,7.61000000000e+002
930,5.73000000000e+002
931,5.45000000000e+002
932,1.05100000000e+003
933,7.85000000000e+002
934,1.05000000000e+003
935,6.73000000000e+002
936,4.37000000000e+002
937,7.05000000000e+002
938,1.10400000000e+003
939,8.83000000000e+002
940,1.49000000000e+002
941,1.93000000000e+002
942,9.74000000000e+002
943,4.97000000000e+002
944,1.19000000000e+002
945,2.50000000000e+001
946,2.51000000000e+002
947,2.50000000000e+002
948,5.78000000000e+002
949,8.04000000000e+002
950,1.27000000000e+002
951,3.87000000000e+002
952,7.46000000000e+002
953,4.22000000000e+002
954,4.30000000000e+002
955,7.43000000000e+002
956,5.79000000000e+002
957,4.39000000000e+002
958,3.47000000000e+002
959,9.27000000000e+002
960,9.95000000000e+002
961,1.00400000000e+003
962,7.78000000000e+002
963,2.84000000000e+002
964,4.09000000000e+002
965,9.21000000000e+002
966,8.93000000000e+002
967,7.03000000000e+002
968,7.96000000000e+002
969,6.27000000000e+002
970,4.24000000000e+002
971,5.48000000000e+002
972,9.96000000000e+002
973,1.00900000000e+003
974,7.65000000000e+002
975,1.06600000000e+003
976,4.80000000000e+001
977,4.80000000000e+002
978,3.58000000000e+002
979,2.43000000000e+002
980,7.86000000000e+002
981,9.56000000000e+002
982,2.54000000000e+002
983,3.94000000000e+002
984,6.49000000000e+002
985,4.23000000000e+002
986,7.50000000000e+002
987,4.78000000000e+002
988,3.42000000000e+002
989,5.20000000000e+001
990,5.20000000000e+002
991,5.76000000000e+002
992,8.50000000000e+002
993,8.50000000000e+001
994,7.30000000000e+001
995,7.30000000000e+002
996,3.71000000000e+002
997,2.19000000000e+002
998,9.01000000000e+002
999,6.15000000000e+002
1000,1.10000000000e+003
1001,9.33000000000e+002
1002,6.60000000000e+002
1003,1.10300000000e+003
1004,1.07000000000e+002
1005,1.07000000000e+003
1006,7.72000000000e+002
1007,5.63000000000e+002
1008,3.38000000000e+002
1009,8.67000000000e+002
1010,6.17000000000e+002
1011,2.47000000000e+002
1012,1.10600000000e+003
1013,1.83000000000e+002
1014,5.70000000000e+002
1015,4.27000000000e+002
1016,9.94000000000e+002
1017,2.49000000000e+002
1018,6.42000000000e+002
1019,5.33000000000e+002
1020,3.29000000000e+002
1021,8.47000000000e+002
1022,8.39000000000e+002
1023,5.70000000000e+001
1024,7.64000000000e+002
1025,7.49000000000e+002
1026,3.08000000000e+002
1027,8.14000000000e+002
1028,1.61000000000e+002
1029,6.64000000000e+002
1030,1.94000000000e+002
1031,9.86000000000e+002
1032,1.85000000000e+002
1033,6.96000000000e+002
1034,7.02000000000e+002
1035,3.20000000000e+002
1036,7.51000000000e+002
1037,5.94000000000e+002
1038,6.81000000000e+002
1039,1.03000000000e+003
1040,9.90000000000e+001
1041,5.21000000000e+002
1042,1.82000000000e+002
1043,4.76000000000e+002
1044,4.52000000000e+002
1045,3.68000000000e+002
1046,8.34000000000e+002
1047,3.72000000000e+002
1048,2.70000000000e+002
1049,2.70000000000e+001
1050,8.20000000000e+002
1051,1.90000000000e+002
1052,1.01100000000e+003
1053,8.20000000000e+001
1054,8.66000000000e+002
1055,5.80000000000e+002
1056,5.80000000000e+001
1057,2.90000000000e+001
1058,1.72000000000e+002
1059,2.90000000000e+002
1060,2.38000000000e+002
1061,1.03800000000e+003
1062,2.10000000000e+001
1063,6.30000000000e+002
1064,6.30000000000e+001
1065,2.10000000000e+002
1066,6.85000000000e+002
1067,6.32000000000e+002
1068,7.24000000000e+002
1069,5.99000000000e+002
1070,7.98000000000e+002
1071,8.10000000000e+002
1072,8.10000000000e+001
1073,9.71000000000e+002
1074,1.14000000000e+002
1075,1.15000000000e+002
1076,4.64000000000e+002
1077,5.32000000000e+002
1078,2.69000000000e+002
1079,1.05600000000e+003
1080,4.65000000000e+002
1081,1.86000000000e+002
1082,9.47000000000e+002
1083,1.01400000000e+003
1084,8.27000000000e+002
1085,5.81000000000e+002
1086,2.67000000000e+002
1087,4.17000000000e+002
1088,5.15000000000e+002
1089,8.13000000000e+002
1090,6.14000000000e+002
1091,6.26000000000e+002
1092,5.96000000000e+002
1093,2.83000000000e+002
1094,4.02000000000e+002
1095,2.14000000000e+002
