0,0,1,1,13,
0,-16.219715,12.822973,-16.218336,12.827855,-16.238074,12.818243
0,-16.246901,12.813271,-16.250872,12.804892,-16.241171,12.812041
0,-16.272398,12.793435,-16.263176,12.800423,-16.252346,12.810204
0,-16.200754,12.841259,-16.197852,12.838045,-16.191470,12.846474
0,-16.236624,12.815392,-16.219715,12.822973,-16.238074,12.818243
0,-16.219715,12.822973,-16.197852,12.838045,-16.218336,12.827855
0,-16.275479,12.788814,-16.263176,12.800423,-16.272398,12.793435
0,-16.250872,12.804892,-16.246901,12.813271,-16.252346,12.810204
0,-16.263176,12.800423,-16.250872,12.804892,-16.252346,12.810204
0,-16.241171,12.812041,-16.236624,12.815392,-16.238074,12.818243
0,-16.241171,12.812041,-16.238074,12.818243,-16.246901,12.813271
0,-16.195341,12.911103,-16.195818,12.908051,-16.193768,12.911533
0,-16.197852,12.838045,-16.200754,12.841259,-16.218336,12.827855
0,-16.193299,12.897971,-16.192080,12.908226,-16.195818,12.908051
0,-16.186970,12.878545,-16.186581,12.897462,-16.193299,12.897971
0,-16.192080,12.908226,-16.193768,12.911533,-16.195818,12.908051
0,-16.185196,12.859498,-16.182196,12.865833,-16.186970,12.878545
0,-16.186581,12.897462,-16.192080,12.908226,-16.193299,12.897971
0,-16.182196,12.865833,-16.186581,12.897462,-16.186970,12.878545
0,-16.188742,12.847947,-16.183648,12.858895,-16.185196,12.859498
0,-16.188742,12.847947,-16.191470,12.846474,-16.197852,12.838045
0,-16.188742,12.847947,-16.185196,12.859498,-16.191470,12.846474
0,-16.183648,12.858895,-16.182196,12.865833,-16.185196,12.859498
