0,0,1,1,13,
0,-13.693086,16.096441,-13.703163,16.110224,-13.732579,16.065523
0,-13.703163,16.110224,-13.714271,16.121048,-13.746968,16.077801
0,-13.716161,16.058241,-13.732579,16.065523,-13.730996,16.062502
0,-13.746968,16.077801,-13.732579,16.065523,-13.703163,16.110224
0,-13.554488,16.079216,-13.555724,16.086130,-13.562956,16.081955
0,-13.544383,16.127592,-13.548035,16.089605,-13.530602,16.102236
0,-13.638746,16.051973,-13.639072,16.057486,-13.645665,16.050539
0,-13.716161,16.058241,-13.691197,16.095526,-13.693086,16.096441
0,-13.684000,16.054241,-13.709259,16.050043,-13.694164,16.046692
0,-13.510597,16.121912,-13.501148,16.120293,-13.491494,16.124039
0,-13.740076,16.069147,-13.736835,16.066086,-13.732579,16.065523
0,-13.740076,16.069147,-13.732579,16.065523,-13.746968,16.077801
0,-13.732632,16.063459,-13.730996,16.062502,-13.732579,16.065523
0,-13.683040,16.045729,-13.685088,16.040045,-13.682456,16.040897
0,-13.702106,16.168238,-13.707175,16.174097,-13.702726,16.162746
0,-13.802410,16.136257,-13.807457,16.096922,-13.793074,16.093365
0,-13.675439,16.090731,-13.680335,16.091663,-13.678918,16.058014
0,-13.659718,16.057310,-13.668774,16.091484,-13.670078,16.060320
0,-13.548035,16.089605,-13.571381,16.129883,-13.555724,16.086130
0,-13.732579,16.065523,-13.716161,16.058241,-13.693086,16.096441
0,-13.571381,16.129883,-13.570425,16.086502,-13.555724,16.086130
0,-13.684000,16.054241,-13.694164,16.046692,-13.684893,16.047380
0,-13.668774,16.091484,-13.659718,16.057310,-13.637368,16.067995
0,-13.544383,16.127592,-13.571381,16.129883,-13.548035,16.089605
0,-13.707175,16.174097,-13.714263,16.175417,-13.718855,16.172318
0,-13.474991,16.133329,-13.476939,16.137335,-13.476193,16.129974
0,-13.807457,16.096922,-13.802410,16.136257,-13.813980,16.101666
0,-13.530602,16.102236,-13.538542,16.089592,-13.534467,16.091095
0,-13.483715,16.141180,-13.476193,16.129974,-13.476939,16.137335
0,-13.528149,16.122362,-13.524404,16.103226,-13.514418,16.121092
0,-13.524404,16.103226,-13.515123,16.104136,-13.514418,16.121092
0,-13.635764,16.101217,-13.649683,16.104317,-13.655437,16.102165
0,-13.573501,16.129147,-13.580008,16.126888,-13.570425,16.086502
0,-13.555724,16.086130,-13.570425,16.086502,-13.566894,16.085495
0,-13.685120,16.092575,-13.716161,16.058241,-13.684000,16.054241
0,-13.684893,16.047380,-13.685088,16.040045,-13.683040,16.045729
0,-13.684893,16.047380,-13.694164,16.046692,-13.690759,16.040873
0,-13.684893,16.047380,-13.690759,16.040873,-13.685088,16.040045
0,-13.675439,16.090731,-13.678918,16.058014,-13.670078,16.060320
0,-13.685120,16.092575,-13.691197,16.095526,-13.716161,16.058241
0,-13.683325,16.091663,-13.685120,16.092575,-13.678918,16.058014
0,-13.716161,16.058241,-13.709259,16.050043,-13.684000,16.054241
0,-13.637045,16.063484,-13.637368,16.067995,-13.659718,16.057310
0,-13.670078,16.060320,-13.668774,16.091484,-13.675439,16.090731
0,-13.668774,16.091484,-13.634156,16.072733,-13.655437,16.102165
0,-13.678918,16.058014,-13.685120,16.092575,-13.684000,16.054241
0,-13.680335,16.091663,-13.683325,16.091663,-13.678918,16.058014
0,-13.683325,16.092233,-13.685120,16.092575,-13.683325,16.091663
0,-13.746808,16.074816,-13.749033,16.071428,-13.740076,16.069147
0,-13.740076,16.069147,-13.746968,16.077801,-13.746808,16.074816
0,-13.714271,16.121048,-13.758520,16.089781,-13.746968,16.077801
0,-13.793074,16.093365,-13.762000,16.092846,-13.755095,16.139246
0,-13.762000,16.092846,-13.758520,16.089781,-13.718371,16.127571
0,-13.756518,16.084684,-13.746968,16.077801,-13.758520,16.089781
0,-13.768481,16.090021,-13.793074,16.093365,-13.784880,16.089039
0,-13.768481,16.090021,-13.762000,16.092846,-13.793074,16.093365
0,-13.758520,16.089781,-13.714271,16.121048,-13.718371,16.127571
0,-13.755095,16.139246,-13.802410,16.136257,-13.793074,16.093365
0,-13.833370,16.104422,-13.837016,16.101067,-13.830463,16.097469
0,-13.826833,16.118717,-13.821322,16.102299,-13.813980,16.101666
0,-13.833370,16.104422,-13.830463,16.097469,-13.821322,16.102299
0,-13.826833,16.118717,-13.833370,16.104422,-13.821322,16.102299
0,-13.702726,16.162746,-13.718855,16.172318,-13.727071,16.157835
0,-13.820004,16.125895,-13.826833,16.118717,-13.813980,16.101666
0,-13.802410,16.136257,-13.820004,16.125895,-13.813980,16.101666
0,-13.718855,16.172318,-13.702726,16.162746,-13.707175,16.174097
0,-13.717334,16.139935,-13.702726,16.162746,-13.727071,16.157835
0,-13.762000,16.092846,-13.718371,16.127571,-13.755095,16.139246
0,-13.718371,16.127571,-13.718933,16.133320,-13.748369,16.142296
0,-13.748369,16.142296,-13.717334,16.139935,-13.729416,16.156124
0,-13.748369,16.142296,-13.718933,16.133320,-13.717334,16.139935
0,-13.755095,16.139246,-13.718371,16.127571,-13.748369,16.142296
0,-13.729416,16.156124,-13.717334,16.139935,-13.727071,16.157835
0,-13.530602,16.102236,-13.548035,16.089605,-13.538542,16.089592
0,-13.520966,16.098778,-13.516510,16.096830,-13.515123,16.104136
0,-13.570425,16.086502,-13.593687,16.095118,-13.580722,16.083092
0,-13.622761,16.072906,-13.602940,16.082561,-13.628638,16.101498
0,-13.601200,16.089342,-13.598498,16.092714,-13.628638,16.101498
0,-13.593687,16.095118,-13.628638,16.101498,-13.598498,16.092714
0,-13.634156,16.072733,-13.622761,16.072906,-13.628638,16.101498
0,-13.593687,16.095118,-13.570425,16.086502,-13.580008,16.126888
0,-13.628638,16.101498,-13.593687,16.095118,-13.580008,16.126888
0,-13.571381,16.129883,-13.573501,16.129147,-13.570425,16.086502
0,-13.544383,16.127592,-13.530602,16.102236,-13.528149,16.122362
0,-13.524404,16.103226,-13.520966,16.098778,-13.515123,16.104136
0,-13.474688,16.132917,-13.474898,16.133329,-13.474991,16.133329
0,-13.476939,16.137335,-13.474991,16.133329,-13.474991,16.133513
0,-13.476193,16.129974,-13.474688,16.132917,-13.474991,16.133329
0,-13.483715,16.141180,-13.491494,16.124039,-13.476193,16.129974
0,-13.483715,16.141180,-13.510597,16.121912,-13.491494,16.124039
0,-13.514418,16.121092,-13.515123,16.104136,-13.509658,16.112942
0,-13.510597,16.121912,-13.509658,16.112942,-13.501148,16.120293
0,-13.510597,16.121912,-13.514418,16.121092,-13.509658,16.112942
0,-13.530602,16.102236,-13.524404,16.103226,-13.528149,16.122362
0,-13.556928,16.076756,-13.562956,16.081955,-13.562838,16.077593
0,-13.555724,16.086130,-13.566894,16.085495,-13.562956,16.081955
0,-13.562956,16.081955,-13.556928,16.076756,-13.554488,16.079216
0,-13.575518,16.082502,-13.570425,16.086502,-13.580722,16.083092
0,-13.601735,16.087061,-13.601200,16.089342,-13.628638,16.101498
0,-13.602940,16.082561,-13.600156,16.084040,-13.601735,16.087061
0,-13.622761,16.072906,-13.603824,16.080002,-13.602940,16.082561
0,-13.608753,16.073244,-13.603824,16.080002,-13.622761,16.072906
0,-13.628638,16.101498,-13.602940,16.082561,-13.601735,16.087061
0,-13.635764,16.101217,-13.634156,16.072733,-13.628638,16.101498
0,-13.637754,16.053555,-13.639072,16.057486,-13.638746,16.051973
0,-13.608753,16.073244,-13.601764,16.077198,-13.603824,16.080002
0,-13.637045,16.063484,-13.659718,16.057310,-13.639072,16.057486
0,-13.651714,16.052036,-13.659718,16.057310,-13.653913,16.052580
0,-13.639072,16.057486,-13.651714,16.052036,-13.645665,16.050539
0,-13.639072,16.057486,-13.659718,16.057310,-13.651714,16.052036
0,-13.611703,16.069420,-13.608753,16.073244,-13.622761,16.072906
0,-13.668774,16.091484,-13.637368,16.067995,-13.634156,16.072733
0,-13.625905,16.070692,-13.623521,16.071091,-13.622761,16.072906
0,-13.655437,16.102165,-13.634156,16.072733,-13.635764,16.101217
0,-13.634156,16.072733,-13.625905,16.070692,-13.622761,16.072906
