0,0,1,1,13,
0,-13.364607,13.127344,-13.366652,13.123401,-13.351606,13.108010
0,-13.364607,13.127344,-13.342698,13.140866,-13.335148,13.148061
0,-13.323277,13.149039,-13.321138,13.152428,-13.327459,13.151404
0,-13.334289,13.146669,-13.323277,13.149039,-13.327459,13.151404
0,-13.318806,13.147227,-13.314032,13.151636,-13.321138,13.152428
0,-13.323277,13.149039,-13.318806,13.147227,-13.321138,13.152428
0,-13.363861,13.111030,-13.351606,13.108010,-13.366652,13.123401
0,-13.348846,13.134762,-13.342698,13.140866,-13.364607,13.127344
0,-13.351606,13.108010,-13.347964,13.131838,-13.364607,13.127344
0,-13.317827,13.106909,-13.332465,13.100273,-13.325487,13.097908
0,-13.342698,13.140866,-13.334289,13.146669,-13.335148,13.148061
0,-13.364607,13.127344,-13.347964,13.131838,-13.348846,13.134762
0,-13.351606,13.108010,-13.332465,13.100273,-13.328255,13.121640
0,-13.347964,13.131838,-13.351606,13.108010,-13.338848,13.126864
0,-13.334289,13.146669,-13.327459,13.151404,-13.335148,13.148061
0,-13.325180,13.117980,-13.332465,13.100273,-13.317827,13.106909
0,-13.318806,13.147227,-13.311295,13.146815,-13.314032,13.151636
0,-13.311295,13.146815,-13.306272,13.150772,-13.314032,13.151636
0,-13.317476,13.111217,-13.325180,13.117980,-13.317827,13.106909
0,-13.328255,13.121640,-13.332465,13.100273,-13.325180,13.117980
0,-13.338848,13.126864,-13.351606,13.108010,-13.328255,13.121640
0,-13.325487,13.097908,-13.332465,13.100273,-13.328241,13.091917
