0,0,1,1,13,
0,-16.623009,12.486817,-16.631285,12.476319,-16.607468,12.478828
0,-16.631285,12.476319,-16.620898,12.449233,-16.607468,12.478828
0,-16.607468,12.478828,-16.603100,12.457323,-16.599133,12.465946
0,-16.623009,12.486817,-16.607468,12.478828,-16.608805,12.484541
0,-16.620898,12.449233,-16.603100,12.457323,-16.607468,12.478828
0,-16.629055,12.431749,-16.643448,12.435486,-16.634251,12.425161
0,-16.625170,12.443130,-16.638783,12.444129,-16.629055,12.431749
0,-16.640574,12.425214,-16.634251,12.425161,-16.643448,12.435486
0,-16.629055,12.431749,-16.638783,12.444129,-16.643448,12.435486
0,-16.620898,12.449233,-16.631285,12.476319,-16.638783,12.444129
0,-16.620898,12.449233,-16.638783,12.444129,-16.625170,12.443130
0,-16.618859,12.492082,-16.623009,12.486817,-16.608805,12.484541
0,-16.606549,12.495647,-16.618130,12.499234,-16.618859,12.492082
0,-16.609530,12.501546,-16.615870,12.502058,-16.618130,12.499234
0,-16.615870,12.502058,-16.609530,12.501546,-16.612385,12.503076
0,-16.606549,12.495647,-16.618859,12.492082,-16.608805,12.484541
0,-16.618130,12.499234,-16.606549,12.495647,-16.609530,12.501546
0,-16.599133,12.465946,-16.603100,12.457323,-16.599469,12.461335
