0,0,0,0,8,
0,-12.470760,14.982244,-12.466658,14.983330,-12.466658,14.988326
0,-12.474991,14.991663,-12.483325,14.999996,-12.486059,15.000000
0,-12.483325,14.999996,-12.474991,14.991663,-12.474991,14.999996
0,-12.483325,14.999996,-12.483325,15.000012,-12.486059,15.000000
0,-12.470760,14.982244,-12.474991,14.991663,-12.486059,15.000000
0,-12.466658,14.988326,-12.468867,14.991663,-12.470760,14.982244
0,-12.468867,14.991663,-12.474991,14.991663,-12.470760,14.982244
0,-12.466658,14.974996,-12.466658,14.983330,-12.470760,14.982244
0,-12.466658,14.969525,-12.466658,14.974996,-12.470760,14.982244
1,-12.464845,14.963902,-12.462399,14.956318,-12.458325,14.958329
1,-12.458325,14.949996,-12.458325,14.958329,-12.462399,14.956318
1,-12.458325,14.949996,-12.462399,14.956318,-12.458325,14.941663
1,-12.465735,14.966662,-12.464845,14.963902,-12.459031,14.966662
1,-12.458325,14.958329,-12.458325,14.963304,-12.464845,14.963902
1,-12.458325,14.963304,-12.459031,14.966662,-12.464845,14.963902
1,-12.462399,14.956318,-12.458325,14.933330,-12.458325,14.941663
1,-12.462399,14.956318,-12.458325,14.924996,-12.458325,14.933330
1,-12.462399,14.956318,-12.458325,14.916663,-12.458325,14.924996
1,-12.462399,14.956318,-12.458325,14.915884,-12.458325,14.916663
2,-12.455881,14.894548,-12.449992,14.899996,-12.456224,14.895033
2,-12.457564,14.908329,-12.456224,14.895033,-12.449992,14.899996
2,-12.457564,14.908329,-12.449992,14.899996,-12.449992,14.908329
2,-12.449992,14.891663,-12.455881,14.894548,-12.449992,14.886229
2,-12.449992,14.899996,-12.455881,14.894548,-12.449992,14.891663
3,-12.447421,14.883329,-12.443910,14.879672,-12.441757,14.883329
3,-12.443910,14.879672,-12.441658,14.877326,-12.441658,14.883239
3,-12.441757,14.883329,-12.443910,14.879672,-12.441658,14.883239
4,-12.439423,14.874996,-12.433325,14.868641,-12.433325,14.874996
5,-12.424992,14.866663,-12.425219,14.860193,-12.424992,14.860031
5,-12.424992,14.866663,-12.431427,14.866663,-12.425219,14.860193
6,-12.419774,14.856306,-12.408325,14.849996,-12.413434,14.858330
6,-12.419774,14.856306,-12.416659,14.858330,-12.422609,14.858330
6,-12.419774,14.856306,-12.413434,14.858330,-12.416659,14.858330
6,-12.399991,14.843088,-12.408325,14.849996,-12.419774,14.856306
6,-12.408325,14.854431,-12.413434,14.858330,-12.408325,14.849996
6,-12.399991,14.848275,-12.400621,14.848554,-12.399991,14.843088
6,-12.402511,14.849996,-12.408325,14.849996,-12.399991,14.843088
6,-12.400621,14.848554,-12.402511,14.849996,-12.399991,14.843088
7,-12.334176,14.818424,-12.333325,14.817623,-12.333325,14.824996
7,-12.374992,14.833329,-12.378360,14.828635,-12.367485,14.824303
7,-12.349991,14.824996,-12.345953,14.822497,-12.341658,14.824996
7,-12.374992,14.833329,-12.383325,14.833329,-12.378360,14.828635
7,-12.397858,14.841662,-12.378360,14.828635,-12.383325,14.833329
7,-12.366659,14.833329,-12.374992,14.833329,-12.366659,14.824996
7,-12.358325,14.824996,-12.367485,14.824303,-12.345953,14.822497
7,-12.366659,14.824996,-12.374992,14.833329,-12.367485,14.824303
7,-12.391658,14.841662,-12.397858,14.841662,-12.383325,14.833329
7,-12.383325,14.841662,-12.391658,14.841662,-12.383325,14.833329
7,-12.358325,14.824996,-12.366659,14.824996,-12.367485,14.824303
7,-12.358325,14.824996,-12.345953,14.822497,-12.349991,14.824996
7,-12.341658,14.824996,-12.345953,14.822497,-12.343631,14.822302
7,-12.341658,14.824996,-12.343631,14.822302,-12.334176,14.818424
7,-12.341658,14.824996,-12.334176,14.818424,-12.333325,14.824996
8,-12.325178,14.809950,-12.324992,14.816663,-12.332305,14.816663
8,-12.325170,14.807653,-12.324992,14.808330,-12.325178,14.809950
8,-12.324992,14.808330,-12.325170,14.807653,-12.321862,14.806513
8,-12.316658,14.808330,-12.321862,14.806513,-12.320963,14.805665
8,-12.316658,14.808330,-12.320963,14.805665,-12.316658,14.801601
8,-12.324992,14.808330,-12.324992,14.816663,-12.325178,14.809950
8,-12.316658,14.808330,-12.324992,14.808330,-12.321862,14.806513
9,-12.314959,14.799996,-12.308325,14.793735,-12.308325,14.799996
10,-12.306131,14.791663,-12.299992,14.785868,-12.299992,14.791663
11,-12.297302,14.783329,-12.291658,14.778000,-12.291658,14.783329
12,-12.274991,14.774996,-12.277595,14.765740,-12.271216,14.763689
12,-12.274991,14.774996,-12.283036,14.769861,-12.277595,14.765740
12,-12.283325,14.774996,-12.288475,14.774996,-12.283036,14.769861
12,-12.274991,14.774996,-12.283325,14.774996,-12.283036,14.769861
12,-12.266658,14.766663,-12.274991,14.774996,-12.271216,14.763689
12,-12.266658,14.766663,-12.267354,14.774996,-12.274991,14.774996
12,-12.256338,14.761659,-12.249992,14.766663,-12.258325,14.766663
12,-12.267354,14.774996,-12.266658,14.766663,-12.266658,14.774602
12,-12.271216,14.763689,-12.256338,14.761659,-12.266658,14.766663
12,-12.266658,14.766663,-12.256338,14.761659,-12.258325,14.766663
12,-12.249992,14.759515,-12.249992,14.766663,-12.256338,14.761659
13,-12.241659,14.758329,-12.242161,14.756870,-12.241659,14.756768
13,-12.241659,14.758329,-12.246481,14.758329,-12.242161,14.756870
