0,0,1,1,13,
0,-14.363472,16.489706,-14.366419,16.496191,-14.373775,16.497030
0,-14.556881,16.533520,-14.559287,16.504856,-14.545408,16.524805
0,-14.095690,16.279068,-14.112551,16.289309,-14.119311,16.265821
0,-14.406916,16.493580,-14.389380,16.446018,-14.364915,16.467707
0,-14.666289,16.513805,-14.670987,16.526764,-14.672991,16.512642
0,-14.848279,16.610336,-14.854823,16.616648,-14.852600,16.596186
0,-14.299338,16.384697,-14.258266,16.420267,-14.263373,16.425654
0,-14.948287,16.595800,-14.923021,16.513990,-14.909039,16.519531
0,-14.716139,16.541149,-14.695648,16.504183,-14.681885,16.529036
0,-14.847183,16.580944,-14.886302,16.601143,-14.888233,16.599800
0,-14.944066,16.605135,-14.948287,16.595800,-14.935561,16.601776
0,-14.836588,16.575018,-14.834533,16.582783,-14.842411,16.581547
0,-14.670987,16.526764,-14.681885,16.529036,-14.672991,16.512642
0,-14.522230,16.518383,-14.509997,16.512657,-14.503682,16.518017
0,-14.207320,16.327162,-14.183573,16.360842,-14.230294,16.342180
0,-14.373775,16.497030,-14.376874,16.498428,-14.364915,16.467707
0,-14.263373,16.425654,-14.283424,16.443058,-14.291971,16.443697
0,-14.134329,16.302637,-14.141096,16.307833,-14.149311,16.295780
0,-14.095690,16.279068,-14.119311,16.265821,-14.109454,16.256298
0,-14.419050,16.461006,-14.389380,16.446018,-14.406916,16.493580
0,-14.413757,16.496244,-14.422510,16.509272,-14.430329,16.491442
0,-14.419050,16.461006,-14.406916,16.493580,-14.409553,16.492716
0,-14.426177,16.467897,-14.419050,16.461006,-14.409553,16.492716
0,-14.425306,16.485538,-14.413757,16.496244,-14.425928,16.488083
0,-14.364915,16.467707,-14.376874,16.498428,-14.406916,16.493580
0,-14.299338,16.384697,-14.277451,16.365595,-14.258266,16.420267
0,-14.364112,16.461037,-14.364915,16.467707,-14.389380,16.446018
0,-14.394030,16.506166,-14.398847,16.503511,-14.376874,16.498428
0,-14.406916,16.493580,-14.376874,16.498428,-14.398847,16.503511
0,-14.364915,16.467707,-14.363472,16.489706,-14.373775,16.497030
0,-14.951861,16.595633,-14.960578,16.498442,-14.923021,16.513990
0,-14.731622,16.540289,-14.734420,16.538282,-14.716139,16.541149
0,-14.559287,16.504856,-14.566813,16.536469,-14.588956,16.506964
0,-14.532210,16.503515,-14.545408,16.524805,-14.553434,16.502142
0,-14.474564,16.522255,-14.468129,16.501608,-14.466484,16.521864
0,-14.842411,16.581547,-14.845068,16.579529,-14.836588,16.575018
0,-15.000000,16.496601,-14.960578,16.498442,-14.997356,16.580809
0,-14.971922,16.604698,-14.995811,16.600058,-14.995338,16.586969
0,-14.879553,16.618006,-14.881326,16.615866,-14.876213,16.618404
0,-14.871281,16.614876,-14.884426,16.612125,-14.886302,16.601143
0,-14.885501,16.526155,-14.909039,16.519531,-14.899500,16.520159
0,-14.847183,16.580944,-14.848191,16.590370,-14.852600,16.596186
0,-14.830028,16.545298,-14.831473,16.533674,-14.824164,16.531612
0,-14.896305,16.600861,-14.874738,16.535005,-14.888233,16.599800
0,-14.720513,16.505875,-14.734420,16.538282,-14.739439,16.510841
0,-14.670987,16.526764,-14.666289,16.513805,-14.649562,16.515802
0,-14.632118,16.519600,-14.640289,16.515627,-14.611733,16.508846
0,-14.177636,16.307320,-14.164632,16.306105,-14.161346,16.335808
0,-14.158854,16.301161,-14.149311,16.295780,-14.141096,16.307833
0,-14.336927,16.429798,-14.319717,16.457588,-14.347328,16.456558
0,-14.277451,16.365595,-14.249361,16.414572,-14.258266,16.420267
0,-14.178363,16.360041,-14.166226,16.340504,-14.162588,16.343636
0,-14.177636,16.307320,-14.199684,16.315197,-14.186927,16.306725
0,-14.166048,16.337975,-14.166226,16.340504,-14.207320,16.327162
0,-14.155176,16.335443,-14.161346,16.335808,-14.152403,16.322077
0,-14.150610,16.317448,-14.150324,16.319506,-14.152403,16.322077
0,-14.083186,16.234724,-14.071356,16.227194,-14.053713,16.246700
0,-14.035833,16.220142,-14.038194,16.212252,-14.023874,16.201649
0,-14.053713,16.246700,-14.071356,16.227194,-14.066589,16.225470
0,-14.045144,16.247425,-14.037009,16.240129,-14.034080,16.253140
0,-14.043090,16.224436,-14.052104,16.224869,-14.038194,16.212252
0,-14.121602,16.288361,-14.128125,16.293781,-14.132249,16.281876
0,-14.055015,16.251776,-14.079732,16.270912,-14.083186,16.234724
0,-14.095690,16.279068,-14.096729,16.285286,-14.112551,16.289309
0,-14.094796,16.296486,-14.095665,16.299946,-14.099210,16.300713
0,-14.069987,16.271154,-14.055015,16.251776,-14.054908,16.265997
0,-14.052440,16.230612,-14.044043,16.234093,-14.043767,16.235693
0,-14.043090,16.224436,-14.038194,16.212252,-14.035833,16.220142
0,-14.035833,16.220142,-14.023874,16.201649,-14.015643,16.200874
0,-13.954038,16.146607,-13.930289,16.148218,-13.945833,16.172205
0,-13.898323,16.116734,-13.901534,16.121168,-13.910725,16.104866
0,-13.910725,16.104866,-13.942230,16.102133,-13.912762,16.097404
0,-14.923021,16.513990,-14.960578,16.498442,-14.949447,16.498959
0,-14.716139,16.541149,-14.721081,16.546745,-14.731622,16.540289
0,-14.672991,16.512642,-14.681885,16.529036,-14.695648,16.504183
0,-14.608434,16.537273,-14.611733,16.508846,-14.595246,16.510839
0,-14.666289,16.513805,-14.611733,16.508846,-14.649562,16.515802
0,-14.608434,16.537273,-14.595246,16.510839,-14.605550,16.537682
0,-14.601275,16.538284,-14.595246,16.510839,-14.566813,16.536469
0,-14.592958,16.509430,-14.566813,16.536469,-14.595246,16.510839
0,-14.640289,16.515627,-14.649562,16.515802,-14.611733,16.508846
0,-14.588956,16.506964,-14.566813,16.536469,-14.592958,16.509430
0,-14.532210,16.503515,-14.534974,16.523224,-14.545408,16.524805
0,-14.553434,16.502142,-14.545408,16.524805,-14.559287,16.504856
0,-14.430329,16.491442,-14.425585,16.510023,-14.436876,16.494642
0,-14.425928,16.488083,-14.413757,16.496244,-14.430329,16.491442
0,-14.426177,16.467897,-14.425306,16.485538,-14.428134,16.473011
0,-14.233151,16.348475,-14.230294,16.342180,-14.183573,16.360842
0,-14.425306,16.485538,-14.409553,16.492716,-14.413757,16.496244
0,-14.425306,16.485538,-14.426177,16.467897,-14.409553,16.492716
0,-14.363012,16.457111,-14.389380,16.446018,-14.369215,16.442579
0,-14.430329,16.491442,-14.422510,16.509272,-14.425585,16.510023
0,-14.527557,16.507265,-14.534974,16.523224,-14.532210,16.503515
0,-14.522230,16.518383,-14.527557,16.507265,-14.509997,16.512657
0,-14.468129,16.501608,-14.474564,16.522255,-14.486449,16.505688
0,-14.436876,16.494642,-14.425585,16.510023,-14.449728,16.526575
0,-14.527557,16.507265,-14.522230,16.518383,-14.534974,16.523224
0,-14.509997,16.512657,-14.499776,16.512322,-14.503682,16.518017
0,-14.486449,16.505688,-14.496482,16.520857,-14.499776,16.512322
0,-14.489234,16.525989,-14.480223,16.524662,-14.482061,16.527681
0,-14.499776,16.512322,-14.496482,16.520857,-14.503682,16.518017
0,-14.486449,16.505688,-14.480223,16.524662,-14.489234,16.525989
0,-14.556881,16.533520,-14.566813,16.536469,-14.559287,16.504856
0,-14.486449,16.505688,-14.474564,16.522255,-14.480223,16.524662
0,-14.468129,16.501608,-14.436876,16.494642,-14.449728,16.526575
0,-14.457337,16.526728,-14.466484,16.521864,-14.468129,16.501608
0,-14.852600,16.596186,-14.866517,16.615021,-14.871281,16.614876
0,-14.457337,16.526728,-14.468129,16.501608,-14.449728,16.526575
0,-14.601275,16.538284,-14.605550,16.537682,-14.595246,16.510839
0,-14.496482,16.520857,-14.486449,16.505688,-14.489234,16.525989
0,-14.765172,16.552153,-14.789620,16.543190,-14.774184,16.524780
0,-14.765172,16.552153,-14.769760,16.521889,-14.757080,16.552233
0,-14.739690,16.541357,-14.742448,16.546227,-14.751618,16.551674
0,-14.769760,16.521889,-14.765172,16.552153,-14.774184,16.524780
0,-14.734420,16.538282,-14.739690,16.541357,-14.739439,16.510841
0,-14.608434,16.537273,-14.632118,16.519600,-14.611733,16.508846
0,-14.861159,16.542620,-14.847183,16.580944,-14.888233,16.599800
0,-14.789620,16.543190,-14.795929,16.529129,-14.785263,16.527880
0,-14.774184,16.524780,-14.789620,16.543190,-14.785263,16.527880
0,-15.000000,16.496601,-14.997356,16.580809,-15.000000,16.579926
0,-14.959687,16.597145,-14.995338,16.586969,-14.997356,16.580809
0,-14.959687,16.597145,-14.971922,16.604698,-14.995338,16.586969
0,-14.960578,16.498442,-14.951861,16.595633,-14.997356,16.580809
0,-14.997356,16.580809,-14.951861,16.595633,-14.959687,16.597145
0,-14.924701,16.609619,-14.929140,16.601435,-14.916057,16.613598
0,-14.923021,16.513990,-14.948287,16.595800,-14.951861,16.595633
0,-14.871281,16.614876,-14.886302,16.601143,-14.852600,16.596186
0,-14.896305,16.600861,-14.885501,16.526155,-14.874738,16.535005
0,-14.948287,16.595800,-14.909039,16.519531,-14.929140,16.601435
0,-14.948287,16.595800,-14.929140,16.601435,-14.935561,16.601776
0,-14.909039,16.519531,-14.885501,16.526155,-14.896305,16.600861
0,-14.929140,16.601435,-14.896305,16.600861,-14.908226,16.612314
0,-14.929140,16.601435,-14.909039,16.519531,-14.896305,16.600861
0,-14.971922,16.604698,-14.995926,16.619564,-14.995811,16.600058
0,-14.995811,16.600058,-14.995926,16.619564,-14.998382,16.602625
0,-14.962487,16.600176,-14.971922,16.604698,-14.959687,16.597145
0,-14.941185,16.606462,-14.944066,16.605135,-14.935561,16.601776
0,-14.962487,16.600176,-14.969967,16.605242,-14.971922,16.604698
0,-14.962487,16.600176,-14.962593,16.607290,-14.969967,16.605242
0,-14.962593,16.607290,-14.962487,16.600176,-14.960475,16.605877
0,-15.000000,16.602491,-14.998382,16.602625,-15.000000,16.620071
0,-15.000000,16.620071,-14.998382,16.602625,-14.995926,16.619564
0,-14.876213,16.618404,-14.881326,16.615866,-14.871281,16.614876
0,-14.916057,16.613598,-14.929140,16.601435,-14.908226,16.612314
0,-14.881326,16.615866,-14.884426,16.612125,-14.871281,16.614876
0,-14.834533,16.582783,-14.838938,16.588827,-14.842411,16.581547
0,-14.854823,16.616648,-14.861715,16.617229,-14.852600,16.596186
0,-14.874738,16.535005,-14.861159,16.542620,-14.888233,16.599800
0,-14.840780,16.567520,-14.845068,16.579529,-14.847183,16.580944
0,-14.840780,16.567520,-14.836588,16.575018,-14.845068,16.579529
0,-14.861715,16.617229,-14.866517,16.615021,-14.852600,16.596186
0,-14.847183,16.580944,-14.852600,16.596186,-14.886302,16.601143
0,-14.835629,16.587622,-14.838938,16.588827,-14.834533,16.582783
0,-14.847183,16.580944,-14.861159,16.542620,-14.840780,16.567520
0,-14.842378,16.542042,-14.831473,16.533674,-14.830028,16.545298
0,-14.842378,16.542042,-14.835872,16.550680,-14.849456,16.543865
0,-14.840424,16.561318,-14.840780,16.567520,-14.861159,16.542620
0,-14.809366,16.543320,-14.811941,16.534216,-14.798951,16.531288
0,-14.757080,16.552233,-14.769760,16.521889,-14.739690,16.541357
0,-14.731622,16.540289,-14.721081,16.546745,-14.727403,16.548931
0,-14.727403,16.548931,-14.721081,16.546745,-14.723350,16.549315
0,-14.720513,16.505875,-14.706659,16.502235,-14.716139,16.541149
0,-14.840424,16.561318,-14.849456,16.543865,-14.835872,16.550680
0,-14.830028,16.545298,-14.835029,16.549904,-14.842378,16.542042
0,-14.811941,16.534216,-14.809366,16.543320,-14.824164,16.531612
0,-14.824164,16.531612,-14.809366,16.543320,-14.830028,16.545298
0,-14.751618,16.551674,-14.757080,16.552233,-14.739690,16.541357
0,-14.849456,16.543865,-14.840424,16.561318,-14.861159,16.542620
0,-14.835872,16.550680,-14.842378,16.542042,-14.835029,16.549904
0,-14.798951,16.531288,-14.789620,16.543190,-14.809366,16.543320
0,-14.798951,16.531288,-14.795929,16.529129,-14.789620,16.543190
0,-14.739439,16.510841,-14.739690,16.541357,-14.769760,16.521889
0,-14.734420,16.538282,-14.720513,16.505875,-14.716139,16.541149
0,-14.695648,16.504183,-14.716139,16.541149,-14.706659,16.502235
0,-14.277451,16.365595,-14.272778,16.363369,-14.259956,16.362932
0,-14.277451,16.365595,-14.259956,16.362932,-14.249361,16.414572
0,-14.226169,16.409945,-14.233151,16.348475,-14.196605,16.382921
0,-14.199684,16.315197,-14.166048,16.337975,-14.207320,16.327162
0,-14.236609,16.410856,-14.259956,16.362932,-14.226169,16.409945
0,-14.226169,16.409945,-14.259956,16.362932,-14.233151,16.348475
0,-14.249361,16.414572,-14.259956,16.362932,-14.236609,16.410856
0,-14.176458,16.370323,-14.178363,16.360041,-14.164698,16.365019
0,-14.226169,16.409945,-14.196605,16.382921,-14.196353,16.393700
0,-14.301415,16.446650,-14.299338,16.384697,-14.291971,16.443697
0,-14.291971,16.443697,-14.299338,16.384697,-14.263373,16.425654
0,-14.269516,16.437715,-14.283424,16.443058,-14.263373,16.425654
0,-14.350848,16.439445,-14.360205,16.454988,-14.369215,16.442579
0,-14.335732,16.475132,-14.338621,16.473587,-14.321494,16.463133
0,-14.350848,16.439445,-14.353095,16.453924,-14.360205,16.454988
0,-14.350848,16.439445,-14.336927,16.429798,-14.347328,16.456558
0,-14.353095,16.453924,-14.350848,16.439445,-14.347328,16.456558
0,-14.363012,16.457111,-14.364112,16.461037,-14.389380,16.446018
0,-14.360205,16.454988,-14.363012,16.457111,-14.369215,16.442579
0,-14.347328,16.456558,-14.321494,16.463133,-14.338621,16.473587
0,-14.335732,16.475132,-14.321494,16.463133,-14.322734,16.471420
0,-14.322734,16.471420,-14.321494,16.463133,-14.320656,16.468622
0,-14.347328,16.456558,-14.319717,16.457588,-14.321494,16.463133
0,-14.336927,16.429798,-14.313228,16.450110,-14.319717,16.457588
0,-14.336927,16.429798,-14.299338,16.384697,-14.301415,16.446650
0,-14.313228,16.450110,-14.336927,16.429798,-14.301415,16.446650
0,-14.183573,16.360842,-14.207320,16.327162,-14.166226,16.340504
0,-14.178363,16.360041,-14.183573,16.360842,-14.166226,16.340504
0,-14.161346,16.335808,-14.166048,16.337975,-14.177636,16.307320
0,-14.226169,16.409945,-14.196353,16.393700,-14.219446,16.412783
0,-14.233151,16.348475,-14.196005,16.378090,-14.196605,16.382921
0,-14.233151,16.348475,-14.183573,16.360842,-14.196005,16.378090
0,-14.196605,16.382921,-14.194074,16.389521,-14.196353,16.393700
0,-14.054908,16.265997,-14.056707,16.270168,-14.059495,16.271719
0,-14.162588,16.343636,-14.151839,16.345924,-14.164698,16.365019
0,-14.145669,16.335465,-14.155176,16.335443,-14.149098,16.331181
0,-14.151839,16.345924,-14.147713,16.349505,-14.164698,16.365019
0,-14.059495,16.271719,-14.064443,16.274471,-14.069987,16.271154
0,-14.178363,16.360041,-14.162588,16.343636,-14.164698,16.365019
0,-14.152403,16.322077,-14.161346,16.335808,-14.164632,16.306105
0,-14.145669,16.335465,-14.146953,16.341459,-14.150749,16.341770
0,-14.162004,16.305859,-14.150610,16.317448,-14.152403,16.322077
0,-14.150749,16.341770,-14.155176,16.335443,-14.145669,16.335465
0,-14.155176,16.335443,-14.152403,16.322077,-14.149098,16.331181
0,-14.199684,16.315197,-14.177636,16.307320,-14.166048,16.337975
0,-14.141096,16.307833,-14.146471,16.314512,-14.158854,16.301161
0,-14.158854,16.301161,-14.146471,16.314512,-14.162004,16.305859
0,-14.162004,16.305859,-14.152403,16.322077,-14.164632,16.306105
0,-14.146471,16.314512,-14.150610,16.317448,-14.162004,16.305859
0,-14.128125,16.293781,-14.134329,16.302637,-14.149311,16.295780
0,-14.119311,16.265821,-14.116389,16.287786,-14.121602,16.288361
0,-14.119311,16.265821,-14.112551,16.289309,-14.116389,16.287786
0,-14.096729,16.285286,-14.099210,16.300713,-14.112551,16.289309
0,-14.099210,16.300713,-14.096729,16.285286,-14.094796,16.296486
0,-14.052440,16.230612,-14.053713,16.246700,-14.066589,16.225470
0,-14.043835,16.252441,-14.045144,16.247425,-14.034080,16.253140
0,-13.991219,16.208185,-13.984458,16.204063,-13.989301,16.209909
0,-14.045144,16.247425,-14.043767,16.235693,-14.037009,16.240129
0,-14.045144,16.247425,-14.053713,16.246700,-14.043767,16.235693
0,-14.039372,16.260141,-14.043835,16.252441,-14.034080,16.253140
0,-14.053713,16.246700,-14.052440,16.230612,-14.043767,16.235693
0,-14.046455,16.261908,-14.043835,16.252441,-14.039372,16.260141
0,-14.043767,16.235693,-14.040195,16.236071,-14.037009,16.240129
0,-14.083186,16.234724,-14.079732,16.270912,-14.109454,16.256298
0,-14.079732,16.270912,-14.055015,16.251776,-14.069987,16.271154
0,-14.054908,16.265997,-14.059495,16.271719,-14.069987,16.271154
0,-14.121602,16.288361,-14.132249,16.281876,-14.119311,16.265821
0,-14.128125,16.293781,-14.149311,16.295780,-14.132249,16.281876
0,-14.092929,16.275335,-14.095690,16.279068,-14.109454,16.256298
0,-14.079732,16.270912,-14.092929,16.275335,-14.109454,16.256298
0,-13.937424,16.091408,-13.927422,16.080034,-13.917288,16.089191
0,-14.058703,16.222616,-14.053937,16.227663,-14.066589,16.225470
0,-14.052104,16.224869,-14.058703,16.222616,-14.038194,16.212252
0,-14.053937,16.227663,-14.052440,16.230612,-14.066589,16.225470
0,-14.052104,16.224869,-14.053937,16.227663,-14.058703,16.222616
0,-14.055015,16.251776,-14.083186,16.234724,-14.053713,16.246700
0,-13.968921,16.179390,-13.975176,16.185728,-13.989528,16.180691
0,-13.989528,16.180691,-13.975176,16.185728,-13.984458,16.204063
0,-13.989528,16.180691,-13.961683,16.157665,-13.968921,16.179390
0,-13.958115,16.174784,-13.968921,16.179390,-13.961683,16.157665
0,-13.989528,16.180691,-14.015643,16.200874,-14.023874,16.201649
0,-13.989528,16.180691,-14.007151,16.198616,-14.015643,16.200874
0,-13.989528,16.180691,-13.984458,16.204063,-13.999258,16.200960
0,-13.989528,16.180691,-13.999258,16.200960,-14.007151,16.198616
0,-13.984458,16.204063,-13.991219,16.208185,-13.999258,16.200960
0,-13.959670,16.154755,-13.945833,16.172205,-13.961683,16.157665
0,-13.930289,16.148218,-13.927143,16.160072,-13.945833,16.172205
0,-13.923746,16.134531,-13.950546,16.138681,-13.942230,16.102133
0,-13.929443,16.144068,-13.930289,16.148218,-13.950546,16.138681
0,-13.961683,16.157665,-13.945833,16.172205,-13.958115,16.174784
0,-13.959670,16.154755,-13.954038,16.146607,-13.945833,16.172205
0,-13.917288,16.089191,-13.913339,16.095293,-13.937424,16.091408
0,-13.937523,16.172243,-13.945833,16.172205,-13.927143,16.160072
0,-13.917288,16.089191,-13.927422,16.080034,-13.920744,16.074745
0,-13.916014,16.074345,-13.915077,16.074810,-13.914782,16.075600
0,-13.912762,16.097404,-13.942230,16.102133,-13.937424,16.091408
0,-13.916014,16.074345,-13.914782,16.075600,-13.920744,16.074745
0,-13.936545,16.173367,-13.937523,16.172243,-13.931902,16.169130
0,-13.950546,16.138681,-13.930289,16.148218,-13.954038,16.146607
0,-13.937523,16.172243,-13.927143,16.160072,-13.931902,16.169130
0,-13.929443,16.144068,-13.950546,16.138681,-13.923746,16.134531
0,-13.920744,16.074745,-13.914782,16.075600,-13.917288,16.089191
0,-13.910725,16.104866,-13.923746,16.134531,-13.942230,16.102133
0,-13.901534,16.121168,-13.923746,16.134531,-13.910725,16.104866
0,-13.912917,16.096838,-13.912762,16.097404,-13.937424,16.091408
0,-13.913339,16.095293,-13.912917,16.096838,-13.937424,16.091408
1,-14.463760,16.515843,-14.463359,16.512392,-14.454282,16.514046
1,-14.463760,16.515843,-14.454282,16.514046,-14.455574,16.520267
1,-14.455574,16.520267,-14.454282,16.514046,-14.451577,16.518122
1,-14.455574,16.520267,-14.451577,16.518122,-14.452240,16.520430
