0,0,1,1,13,
0,-13.187580,15.552573,-13.198983,15.558474,-13.205821,15.526164
0,-13.146588,15.502699,-13.172966,15.486739,-13.144878,15.497770
0,-13.146588,15.502699,-13.189715,15.506839,-13.172966,15.486739
0,-13.244912,15.594470,-13.250148,15.557140,-13.246119,15.556974
0,-13.189715,15.506839,-13.146588,15.502699,-13.162477,15.551340
0,-13.144878,15.497770,-13.156412,15.473453,-13.128297,15.482195
0,-13.124039,15.475630,-13.128297,15.482195,-13.135970,15.454028
0,-13.063256,15.414944,-13.069622,15.421925,-13.067551,15.405613
0,-13.121867,15.456314,-13.124039,15.475630,-13.135970,15.454028
0,-13.116554,15.439178,-13.121867,15.456314,-13.135970,15.454028
0,-13.189715,15.506839,-13.187580,15.552573,-13.205821,15.526164
0,-13.162477,15.551340,-13.187580,15.552573,-13.189715,15.506839
0,-13.172966,15.486739,-13.156412,15.473453,-13.144878,15.497770
0,-13.198983,15.558474,-13.215901,15.534269,-13.205821,15.526164
0,-13.136273,15.524860,-13.153944,15.549782,-13.162477,15.551340
0,-13.218302,15.580627,-13.246119,15.556974,-13.230355,15.548961
0,-13.235424,15.592001,-13.244912,15.594470,-13.246119,15.556974
0,-13.252016,15.594427,-13.269924,15.581008,-13.264133,15.561972
0,-13.264133,15.561972,-13.250148,15.557140,-13.252016,15.594427
0,-13.244912,15.594470,-13.252016,15.594427,-13.250148,15.557140
0,-13.246119,15.556974,-13.225922,15.587238,-13.235424,15.592001
0,-13.246119,15.556974,-13.218302,15.580627,-13.225922,15.587238
0,-13.230355,15.548961,-13.210657,15.569883,-13.218302,15.580627
0,-13.230355,15.548961,-13.215901,15.534269,-13.198983,15.558474
0,-13.210657,15.569883,-13.230355,15.548961,-13.198983,15.558474
0,-13.136273,15.524860,-13.162477,15.551340,-13.146588,15.502699
0,-13.136273,15.524860,-13.137762,15.536328,-13.140870,15.541362
0,-13.136273,15.524860,-13.140870,15.541362,-13.153944,15.549782
0,-13.153944,15.549782,-13.140870,15.541362,-13.147301,15.547522
0,-13.136273,15.524860,-13.135576,15.527160,-13.137762,15.536328
0,-13.128297,15.482195,-13.156412,15.473453,-13.135970,15.454028
0,-13.116554,15.439178,-13.109541,15.445247,-13.121867,15.456314
0,-13.101899,15.440745,-13.093148,15.423148,-13.089605,15.440778
0,-13.093148,15.423148,-13.067551,15.405613,-13.074727,15.425193
0,-13.093148,15.423148,-13.079358,15.427610,-13.089605,15.440778
0,-13.116554,15.439178,-13.101899,15.440745,-13.109541,15.445247
0,-13.116554,15.439178,-13.093148,15.423148,-13.101899,15.440745
0,-13.062227,15.411632,-13.063256,15.414944,-13.067551,15.405613
0,-13.067551,15.405613,-13.069622,15.421925,-13.074727,15.425193
0,-13.079358,15.427610,-13.093148,15.423148,-13.074727,15.425193
1,-13.196674,15.530255,-13.195219,15.524754,-13.192430,15.533034
1,-13.196674,15.530255,-13.192430,15.533034,-13.195505,15.532786
1,-13.195219,15.524754,-13.186686,15.523196,-13.192430,15.533034
1,-13.195219,15.524754,-13.189498,15.518590,-13.186686,15.523196
1,-13.189498,15.518590,-13.186660,15.519066,-13.186686,15.523196
