0,0,1,1,13,
0,-15.727706,12.585079,-15.740194,12.568232,-15.733022,12.562659
0,-15.740194,12.568232,-15.747798,12.582018,-15.749890,12.562700
0,-15.749890,12.562700,-15.774674,12.563671,-15.773410,12.560320
0,-15.774674,12.563671,-15.749890,12.562700,-15.766593,12.585878
0,-15.776170,12.579278,-15.774674,12.563671,-15.766593,12.585878
0,-15.766593,12.585878,-15.749890,12.562700,-15.760287,12.586892
0,-15.749890,12.562700,-15.747798,12.582018,-15.760287,12.586892
0,-15.740194,12.568232,-15.727706,12.585079,-15.747798,12.582018
0,-15.727706,12.585079,-15.733022,12.562659,-15.724173,12.583752
0,-15.724173,12.583752,-15.733022,12.562659,-15.720152,12.563210
0,-15.705201,12.568864,-15.711430,12.577499,-15.720152,12.563210
0,-15.720152,12.563210,-15.711430,12.577499,-15.724173,12.583752
0,-15.705201,12.568864,-15.698777,12.576997,-15.711430,12.577499
0,-15.696719,12.572071,-15.698777,12.576997,-15.705201,12.568864
0,-15.692843,12.574602,-15.698777,12.576997,-15.696719,12.572071
