0,0,1,1,13,
0,-14.411229,16.649996,-14.408325,16.646120,-14.408325,16.649996
1,-14.331676,16.641663,-14.326352,16.637638,-14.324992,16.641663
1,-14.324992,16.641663,-14.326352,16.637638,-14.324992,16.634452
2,-14.391658,16.641663,-14.393706,16.638800,-14.383325,16.641663
2,-14.399991,16.641663,-14.403680,16.639923,-14.393706,16.638800
2,-14.404984,16.641663,-14.403680,16.639923,-14.399991,16.641663
2,-14.399991,16.641663,-14.393706,16.638800,-14.391658,16.641663
2,-14.393706,16.638800,-14.380364,16.639215,-14.383325,16.641663
2,-14.383325,16.641663,-14.380364,16.639215,-14.374992,16.641663
2,-14.366659,16.641663,-14.374992,16.641663,-14.363868,16.637583
2,-14.362784,16.637476,-14.366659,16.641663,-14.363868,16.637583
2,-14.374992,16.641663,-14.380364,16.639215,-14.363868,16.637583
2,-14.358325,16.641663,-14.366659,16.641663,-14.362784,16.637476
2,-14.358325,16.641663,-14.362784,16.637476,-14.350236,16.641663
3,-14.329428,16.585836,-14.329485,16.583330,-14.324992,16.583330
3,-14.329428,16.585836,-14.324992,16.591663,-14.324992,16.598329
3,-14.329428,16.585836,-14.324992,16.583330,-14.324992,16.591663
4,-14.291659,16.583330,-14.291659,16.580553,-14.287955,16.583330
5,-14.310780,16.574997,-14.316658,16.574997,-14.314452,16.574509
5,-14.316658,16.574997,-14.316658,16.573337,-14.314452,16.574509
6,-14.324992,16.574997,-14.326444,16.570398,-14.324992,16.570016
6,-14.324992,16.574997,-14.328545,16.574997,-14.326444,16.570398
