0,0,1,1,13,
0,-13.963481,16.216888,-13.958115,16.174784,-13.945833,16.172205
0,-13.898662,16.188086,-13.872466,16.172699,-13.878397,16.191280
0,-13.858048,16.104548,-13.857299,16.107317,-13.873969,16.103775
0,-13.857001,16.108421,-13.873969,16.103775,-13.857299,16.107317
0,-13.938443,16.230534,-13.963481,16.216888,-13.924326,16.225161
0,-13.963481,16.216888,-13.968921,16.179390,-13.958115,16.174784
0,-13.989301,16.209909,-13.968849,16.220682,-13.971934,16.230389
0,-13.984458,16.204063,-13.975176,16.185728,-13.963481,16.216888
0,-14.056528,16.316738,-14.067314,16.322716,-14.079561,16.317482
0,-14.079561,16.317482,-14.083322,16.309307,-14.056528,16.316738
0,-14.059781,16.290426,-14.056528,16.316738,-14.077259,16.294718
0,-14.067314,16.322716,-14.075163,16.322432,-14.079561,16.317482
0,-14.056528,16.316738,-14.083322,16.309307,-14.077259,16.294718
0,-13.915300,16.215773,-13.913738,16.221243,-13.916659,16.224997
0,-13.916659,16.224997,-13.924326,16.225161,-13.915300,16.215773
0,-13.876410,16.166687,-13.872466,16.172699,-13.898662,16.188086
0,-14.035833,16.220142,-14.015643,16.200874,-13.991219,16.208185
0,-13.907187,16.192558,-13.923465,16.174211,-13.916253,16.168308
0,-13.862730,16.125761,-13.877699,16.115791,-13.857001,16.108421
0,-13.862730,16.125761,-13.857001,16.108421,-13.852005,16.118168
0,-14.025533,16.282084,-14.039372,16.260141,-14.034080,16.253140
0,-14.035833,16.220142,-14.037009,16.240129,-14.040195,16.236071
0,-13.898867,16.132805,-13.893319,16.126940,-13.888326,16.127281
0,-13.999258,16.200960,-14.015643,16.200874,-14.007151,16.198616
0,-13.963481,16.216888,-13.975176,16.185728,-13.968921,16.179390
0,-13.989301,16.209909,-13.984458,16.204063,-13.968849,16.220682
0,-13.991219,16.208185,-14.015643,16.200874,-13.999258,16.200960
0,-13.989301,16.209909,-14.035833,16.220142,-13.991219,16.208185
0,-14.057919,16.288778,-14.049276,16.292484,-14.059781,16.290426
0,-13.989301,16.209909,-14.037009,16.240129,-14.035833,16.220142
0,-13.989301,16.209909,-13.971934,16.230389,-13.990245,16.267975
0,-13.989301,16.209909,-13.990245,16.267975,-14.037009,16.240129
0,-13.994236,16.269901,-14.014522,16.285505,-14.025533,16.282084
0,-13.967061,16.251503,-13.966878,16.252296,-13.986197,16.268341
0,-14.044043,16.234093,-14.040195,16.236071,-14.043767,16.235693
0,-14.043090,16.224436,-14.035833,16.220142,-14.040195,16.236071
0,-14.052104,16.224869,-14.043090,16.224436,-14.052440,16.230612
0,-14.052104,16.224869,-14.052440,16.230612,-14.053937,16.227663
0,-14.043090,16.224436,-14.044043,16.234093,-14.052440,16.230612
0,-14.043090,16.224436,-14.040195,16.236071,-14.044043,16.234093
0,-14.046455,16.261908,-14.039372,16.260141,-14.042977,16.287754
0,-14.042977,16.287754,-14.057919,16.288778,-14.046455,16.261908
0,-14.043983,16.304983,-14.059781,16.290426,-14.049276,16.292484
0,-14.049276,16.292484,-14.057919,16.288778,-14.042977,16.287754
0,-14.074491,16.291214,-14.059781,16.290426,-14.077259,16.294718
0,-14.056528,16.316738,-14.059781,16.290426,-14.043983,16.304983
0,-14.043983,16.304983,-14.049276,16.292484,-14.043123,16.301294
0,-13.994236,16.269901,-14.025533,16.282084,-14.034080,16.253140
0,-14.042977,16.287754,-14.039372,16.260141,-14.025533,16.282084
0,-13.997634,16.286268,-14.014522,16.285505,-13.995158,16.280705
0,-13.966878,16.252296,-13.978747,16.271841,-13.986197,16.268341
0,-13.966878,16.252296,-13.963970,16.273796,-13.978747,16.271841
0,-14.014522,16.285505,-13.994236,16.269901,-13.995158,16.280705
0,-14.034080,16.253140,-14.037009,16.240129,-13.990245,16.267975
0,-14.034080,16.253140,-13.990245,16.267975,-13.994236,16.269901
0,-13.971934,16.230389,-13.967061,16.251503,-13.990245,16.267975
0,-13.986197,16.268341,-13.978747,16.271841,-13.981545,16.273970
0,-13.990245,16.267975,-13.967061,16.251503,-13.989161,16.268072
0,-13.989161,16.268072,-13.967061,16.251503,-13.986197,16.268341
0,-13.968849,16.220682,-13.984458,16.204063,-13.963481,16.216888
0,-13.936545,16.173367,-13.929566,16.177105,-13.945833,16.172205
0,-13.938443,16.230534,-13.924326,16.225161,-13.933231,16.229956
0,-13.963970,16.273796,-13.966878,16.252296,-13.953705,16.266218
0,-13.963970,16.273796,-13.953705,16.266218,-13.956851,16.273403
0,-13.956851,16.273403,-13.953705,16.266218,-13.952914,16.269411
0,-13.914819,16.224997,-13.916659,16.224997,-13.913738,16.221243
0,-13.916659,16.226341,-13.924326,16.225161,-13.916659,16.224997
0,-13.963481,16.216888,-13.913921,16.204500,-13.924326,16.225161
0,-13.924326,16.225161,-13.913921,16.204500,-13.915300,16.215773
0,-13.963481,16.216888,-13.929566,16.177105,-13.913921,16.204500
0,-13.913921,16.204500,-13.929566,16.177105,-13.908270,16.193127
0,-13.872466,16.172699,-13.870724,16.180393,-13.878397,16.191280
0,-13.945833,16.172205,-13.937523,16.172243,-13.936545,16.173367
0,-13.907187,16.192558,-13.908270,16.193127,-13.923465,16.174211
0,-13.923465,16.174211,-13.908270,16.193127,-13.929566,16.177105
0,-13.922111,16.171427,-13.916253,16.168308,-13.923465,16.174211
0,-13.874173,16.189346,-13.878397,16.191280,-13.870724,16.180393
0,-13.877538,16.159603,-13.911449,16.161085,-13.909439,16.146585
0,-13.877538,16.159603,-13.876410,16.166687,-13.911449,16.161085
0,-13.875075,16.144403,-13.909439,16.146585,-13.898867,16.132805
0,-13.888326,16.127281,-13.875075,16.144403,-13.898867,16.132805
0,-13.911449,16.161085,-13.876410,16.166687,-13.898662,16.188086
0,-13.929566,16.177105,-13.963481,16.216888,-13.945833,16.172205
0,-13.916253,16.168308,-13.898662,16.188086,-13.907187,16.192558
0,-13.911449,16.161085,-13.898662,16.188086,-13.916253,16.168308
0,-13.911449,16.161085,-13.912322,16.154682,-13.909439,16.146585
0,-13.908929,16.138544,-13.898867,16.132805,-13.909439,16.146585
0,-13.882604,16.118889,-13.877699,16.115791,-13.866554,16.134109
0,-13.873969,16.103775,-13.857001,16.108421,-13.877699,16.115791
0,-13.888326,16.127281,-13.882604,16.118889,-13.866554,16.134109
0,-13.909439,16.146585,-13.875075,16.144403,-13.877538,16.159603
0,-13.888326,16.127281,-13.866554,16.134109,-13.875075,16.144403
0,-13.866554,16.134109,-13.877699,16.115791,-13.862730,16.125761
0,-13.852005,16.118168,-13.857001,16.108421,-13.851788,16.108069
