0,0,1,1,13,
0,-14.216149,12.929056,-14.218861,12.923943,-14.216314,12.925603
0,-14.219819,12.936574,-14.224863,12.942456,-14.234527,12.921569
0,-14.254704,12.921866,-14.249508,12.920127,-14.257840,12.926174
0,-14.234527,12.921569,-14.258642,12.930987,-14.249508,12.920127
0,-14.216149,12.929056,-14.219819,12.936574,-14.218861,12.923943
0,-14.258409,12.929593,-14.257840,12.926174,-14.249508,12.920127
0,-14.171670,12.945095,-14.174258,12.945744,-14.178076,12.928273
0,-14.114328,12.941329,-14.116666,12.927290,-14.112420,12.930662
0,-14.155463,12.920338,-14.149123,12.919999,-14.142862,12.923570
0,-14.157850,12.946050,-14.142862,12.923570,-14.135325,12.957521
0,-14.114328,12.941329,-14.112831,12.949060,-14.117625,12.952108
0,-14.112420,12.930662,-14.109736,12.920753,-14.097320,12.913502
0,-14.218861,12.923943,-14.219819,12.936574,-14.234527,12.921569
0,-14.142862,12.923570,-14.157850,12.946050,-14.164532,12.928213
0,-14.168071,12.929296,-14.171670,12.945095,-14.178076,12.928273
0,-14.174258,12.945744,-14.187499,12.927311,-14.178076,12.928273
0,-14.193830,12.950647,-14.196215,12.929213,-14.187499,12.927311
0,-14.214201,12.948873,-14.205453,12.957091,-14.219843,12.949453
0,-14.258642,12.930987,-14.258409,12.929593,-14.249508,12.920127
0,-14.234527,12.921569,-14.224863,12.942456,-14.250329,12.949089
0,-14.234527,12.921569,-14.250329,12.949089,-14.258642,12.930987
0,-14.224863,12.942456,-14.223098,12.948011,-14.250329,12.949089
0,-14.223098,12.948011,-14.240066,12.963549,-14.250329,12.949089
0,-14.223098,12.948011,-14.219843,12.949453,-14.240066,12.963549
0,-14.240066,12.963549,-14.231728,12.980500,-14.233834,12.980228
0,-14.240066,12.963549,-14.219843,12.949453,-14.231728,12.980500
0,-14.214201,12.948873,-14.193830,12.950647,-14.205453,12.957091
0,-14.201212,12.932795,-14.196215,12.929213,-14.193830,12.950647
0,-14.231728,12.980500,-14.219843,12.949453,-14.205453,12.957091
0,-14.201212,12.932795,-14.193830,12.950647,-14.214201,12.948873
0,-14.193830,12.950647,-14.187499,12.927311,-14.174258,12.945744
0,-14.155463,12.920338,-14.142862,12.923570,-14.164532,12.928213
0,-14.129787,12.926580,-14.117625,12.952108,-14.135325,12.957521
0,-14.164532,12.928213,-14.157850,12.946050,-14.168071,12.929296
0,-14.168071,12.929296,-14.157850,12.946050,-14.171670,12.945095
0,-14.129787,12.926580,-14.116666,12.927290,-14.114328,12.941329
0,-14.135325,12.957521,-14.117625,12.952108,-14.127839,12.958584
0,-14.117625,12.952108,-14.112831,12.949060,-14.112257,12.951774
0,-14.142862,12.923570,-14.129787,12.926580,-14.135325,12.957521
0,-14.129787,12.926580,-14.114328,12.941329,-14.117625,12.952108
0,-14.090660,12.883705,-14.094048,12.907808,-14.103746,12.890508
0,-14.112420,12.930662,-14.116666,12.927290,-14.109736,12.920753
0,-14.097320,12.913502,-14.109736,12.920753,-14.106548,12.913683
0,-14.094048,12.907808,-14.106548,12.913683,-14.103746,12.890508
0,-14.094048,12.907808,-14.097320,12.913502,-14.106548,12.913683
0,-14.097100,12.874535,-14.090660,12.883705,-14.103746,12.890508
0,-14.082992,12.868828,-14.094922,12.871243,-14.091542,12.866131
0,-14.082992,12.868828,-14.091542,12.866131,-14.087966,12.863209
0,-14.094922,12.871243,-14.090660,12.883705,-14.097100,12.874535
0,-14.094922,12.871243,-14.082992,12.868828,-14.090660,12.883705
0,-14.083969,12.862595,-14.082992,12.868828,-14.087966,12.863209
0,-14.083969,12.862595,-14.081092,12.864796,-14.082992,12.868828
