0,0,1,1,13,
0,-15.765967,16.376280,-15.774399,16.350464,-15.751891,16.360535
0,-15.781428,16.357893,-15.774399,16.350464,-15.782072,16.362947
0,-15.765967,16.376280,-15.751891,16.360535,-15.764526,16.377409
0,-15.727141,16.416622,-15.732713,16.409122,-15.712957,16.401512
0,-15.764526,16.377409,-15.751891,16.360535,-15.736045,16.374809
0,-15.746662,16.397371,-15.736045,16.374809,-15.743779,16.399630
0,-15.714377,16.428389,-15.712957,16.401512,-15.694446,16.425810
0,-15.774399,16.350464,-15.781062,16.367294,-15.782072,16.362947
0,-15.751891,16.360535,-15.774399,16.350464,-15.772176,16.346331
0,-15.781062,16.367294,-15.765967,16.376280,-15.773565,16.376835
0,-15.762001,16.388161,-15.736045,16.374809,-15.750237,16.396729
0,-15.781062,16.367294,-15.774399,16.350464,-15.765967,16.376280
0,-15.764526,16.377409,-15.762001,16.388161,-15.765850,16.384768
0,-15.762001,16.388161,-15.750237,16.396729,-15.759259,16.397532
0,-15.743779,16.399630,-15.712957,16.401512,-15.732713,16.409122
0,-15.732713,16.409122,-15.738914,16.407597,-15.743779,16.399630
0,-15.746393,16.399662,-15.746662,16.397371,-15.743779,16.399630
0,-15.759259,16.397532,-15.750237,16.396729,-15.756387,16.398870
0,-15.762001,16.388161,-15.764526,16.377409,-15.736045,16.374809
0,-15.746662,16.397371,-15.750237,16.396729,-15.736045,16.374809
0,-15.704088,16.433073,-15.714377,16.428389,-15.694446,16.425810
0,-15.702391,16.435347,-15.690850,16.443840,-15.703499,16.441095
0,-15.702529,16.451017,-15.703499,16.441095,-15.690850,16.443840
0,-15.702111,16.455301,-15.702529,16.451017,-15.693958,16.451721
0,-15.702111,16.455301,-15.693958,16.451721,-15.701574,16.456118
0,-15.702391,16.435347,-15.704088,16.433073,-15.694446,16.425810
0,-15.702529,16.451017,-15.690850,16.443840,-15.693958,16.451721
0,-15.702391,16.435347,-15.689911,16.434868,-15.690850,16.443840
0,-15.717898,16.431646,-15.720528,16.430532,-15.714377,16.428389
0,-15.743779,16.399630,-15.736045,16.374809,-15.712957,16.401512
0,-15.714377,16.428389,-15.727141,16.416622,-15.712957,16.401512
0,-15.720528,16.430532,-15.727141,16.416622,-15.714377,16.428389
0,-15.702391,16.435347,-15.694446,16.425810,-15.689911,16.434868
