0,0,1,1,13,
0,-13.523936,15.949965,-13.516828,15.950704,-13.514079,16.012810
0,-13.279095,15.785896,-13.280948,15.791663,-13.284808,15.789764
0,-13.611703,16.069420,-13.623521,16.071091,-13.609086,16.060865
0,-13.910725,16.104866,-13.909683,16.100532,-13.909281,16.100941
0,-13.890878,16.079855,-13.867485,16.088024,-13.876716,16.098335
0,-13.818756,16.082052,-13.799486,16.052774,-13.804331,16.080101
0,-13.735314,16.040855,-13.732632,16.063459,-13.752408,16.052504
0,-13.736835,16.066086,-13.732632,16.063459,-13.732579,16.065523
0,-13.779271,16.076517,-13.788170,16.081091,-13.792979,16.078682
0,-13.459648,16.025400,-13.459008,16.031347,-13.460282,16.028170
0,-13.443182,16.037359,-13.451595,16.033449,-13.434667,16.036449
0,-13.459648,16.025400,-13.434667,16.036449,-13.451595,16.033449
0,-13.424980,16.043505,-13.397090,16.039202,-13.407880,16.044996
0,-13.389952,16.033506,-13.397090,16.039202,-13.434667,16.036449
0,-13.799486,16.052774,-13.829178,16.082758,-13.869523,16.067604
0,-13.496072,16.012119,-13.514079,16.012810,-13.516828,15.950704
0,-13.754155,16.066048,-13.752408,16.052504,-13.752235,16.066917
0,-13.526685,16.020245,-13.569157,15.952793,-13.523936,15.949965
0,-13.605392,16.057102,-13.609086,16.060865,-13.637754,16.053555
0,-13.338126,15.893375,-13.377716,15.884350,-13.371889,15.876356
0,-13.471181,15.934267,-13.459819,15.936868,-13.452279,15.943341
0,-13.434667,16.036449,-13.380057,16.012995,-13.389952,16.033506
0,-13.434667,16.036449,-13.414060,15.970207,-13.380057,16.012995
0,-13.419274,15.969715,-13.414060,15.970207,-13.434667,16.036449
0,-13.347981,15.933330,-13.349991,15.933330,-13.346213,15.931642
0,-13.841258,16.092909,-13.848889,16.091484,-13.851365,16.087414
0,-13.779271,16.076517,-13.792979,16.078682,-13.793503,16.051506
0,-13.650790,15.993843,-13.630969,15.986612,-13.638746,16.051973
0,-13.436309,15.964555,-13.419274,15.969715,-13.461614,16.022928
0,-13.461614,16.022928,-13.434667,16.036449,-13.459648,16.025400
0,-13.424980,16.043505,-13.434667,16.036449,-13.397090,16.039202
0,-13.424980,16.043505,-13.407880,16.044996,-13.420747,16.049276
0,-13.880053,16.071430,-13.869523,16.067604,-13.867485,16.088024
0,-13.793503,16.051506,-13.762269,16.055164,-13.774879,16.072054
0,-13.762269,16.055164,-13.752408,16.052504,-13.754155,16.066048
0,-13.804331,16.080101,-13.809431,16.084810,-13.818756,16.082052
0,-13.752235,16.066917,-13.752408,16.052504,-13.736835,16.066086
0,-13.761299,16.065073,-13.754155,16.066048,-13.759111,16.067085
0,-13.605392,16.057102,-13.637754,16.053555,-13.638746,16.051973
0,-13.349127,15.838698,-13.308600,15.849114,-13.314009,15.867829
0,-13.308600,15.849114,-13.308325,15.851551,-13.314009,15.867829
0,-13.408639,15.964809,-13.376754,15.993162,-13.414060,15.970207
0,-13.412996,15.953925,-13.410790,15.942459,-13.408639,15.964809
0,-13.394570,15.930184,-13.386944,15.924728,-13.363397,15.948051
0,-13.358325,15.941663,-13.382399,15.919022,-13.349991,15.933330
0,-13.380425,15.908022,-13.346213,15.931642,-13.349991,15.933330
0,-13.333325,15.908329,-13.329692,15.908329,-13.329302,15.920505
0,-13.349127,15.838698,-13.324992,15.874996,-13.364912,15.856079
0,-13.296764,15.805753,-13.291659,15.799996,-13.291659,15.800331
0,-13.249992,15.716662,-13.258325,15.724997,-13.280154,15.695473
0,-13.297891,15.774996,-13.295434,15.784190,-13.299992,15.774996
0,-13.298374,15.766663,-13.299992,15.766663,-13.295742,15.759175
0,-13.295434,15.784190,-13.290489,15.788810,-13.291659,15.799996
0,-13.320878,15.747904,-13.299992,15.766663,-13.329498,15.775488
0,-13.299992,15.766663,-13.299992,15.774996,-13.329498,15.775488
0,-13.320878,15.747904,-13.316903,15.735178,-13.295742,15.759175
0,-13.279095,15.785896,-13.274991,15.787058,-13.280948,15.791663
0,-13.325002,15.915715,-13.329302,15.920505,-13.329692,15.908329
0,-13.249992,15.716662,-13.241659,15.708329,-13.247693,15.716662
0,-13.247591,15.678686,-13.241659,15.708329,-13.256611,15.681617
0,-13.233325,15.674996,-13.218772,15.691021,-13.241427,15.677805
0,-13.256611,15.681617,-13.249992,15.716662,-13.270605,15.684286
0,-13.241427,15.677805,-13.238294,15.708329,-13.241659,15.708329
0,-13.233325,15.674996,-13.218500,15.685515,-13.218772,15.691021
0,-13.228365,15.672604,-13.221533,15.678381,-13.233325,15.674996
0,-13.581488,16.054895,-13.601429,15.966699,-13.539171,16.032032
0,-13.645665,16.050539,-13.651714,16.052036,-13.650790,15.993843
0,-13.601429,15.966699,-13.584652,15.959471,-13.539171,16.032032
0,-13.682456,16.040897,-13.685088,16.040045,-13.681056,16.000000
0,-13.685088,16.040045,-13.690759,16.040873,-13.706500,16.013855
0,-13.526685,16.020245,-13.584652,15.959471,-13.569157,15.952793
0,-13.534070,15.941865,-13.569157,15.952793,-13.539540,15.935781
0,-13.526763,15.947651,-13.523936,15.949965,-13.569157,15.952793
0,-13.534053,15.939571,-13.534070,15.941865,-13.539540,15.935781
0,-13.526763,15.947651,-13.569157,15.952793,-13.534070,15.941865
0,-13.519426,15.949307,-13.516828,15.950704,-13.523936,15.949965
0,-13.480909,15.935119,-13.491642,15.943764,-13.483738,15.933034
0,-13.444530,15.953717,-13.443126,15.956250,-13.491642,15.943764
0,-13.471181,15.934267,-13.491642,15.943764,-13.480909,15.935119
0,-13.471181,15.934267,-13.452279,15.943341,-13.491642,15.943764
0,-13.452279,15.943341,-13.444530,15.953717,-13.491642,15.943764
0,-13.442634,15.953731,-13.443126,15.956250,-13.444530,15.953717
0,-13.436309,15.964555,-13.461614,16.022928,-13.492005,16.013392
0,-13.530750,15.941659,-13.526763,15.947651,-13.534070,15.941865
0,-13.530750,15.941659,-13.526506,15.944900,-13.526763,15.947651
0,-13.526763,15.947651,-13.524866,15.947435,-13.523936,15.949965
0,-13.584652,15.959471,-13.526685,16.020245,-13.539171,16.032032
0,-13.523936,15.949965,-13.514079,16.012810,-13.526685,16.020245
0,-13.516828,15.950704,-13.491642,15.943764,-13.496072,16.012119
0,-13.443126,15.956250,-13.492005,16.013392,-13.491642,15.943764
0,-13.491642,15.943764,-13.492005,16.013392,-13.496072,16.012119
0,-13.443126,15.956250,-13.436309,15.964555,-13.492005,16.013392
0,-13.461614,16.022928,-13.483524,16.019823,-13.492005,16.013392
0,-13.459008,16.031347,-13.451595,16.033449,-13.458494,16.032711
0,-13.459008,16.031347,-13.459648,16.025400,-13.451595,16.033449
0,-13.682456,16.040897,-13.650790,15.993843,-13.651714,16.052036
0,-13.650790,15.993843,-13.638746,16.051973,-13.645665,16.050539
0,-13.581488,16.054895,-13.539171,16.032032,-13.562355,16.052446
0,-13.526685,16.020245,-13.526109,16.023899,-13.539171,16.032032
0,-13.659718,16.057310,-13.683040,16.045729,-13.682456,16.040897
0,-13.659718,16.057310,-13.682456,16.040897,-13.653913,16.052580
0,-13.639072,16.057486,-13.637754,16.053555,-13.637045,16.063484
0,-13.681056,16.000000,-13.685088,16.040045,-13.690606,16.000677
0,-13.684000,16.054241,-13.683040,16.045729,-13.678918,16.058014
0,-13.673836,15.995740,-13.682456,16.040897,-13.681056,16.000000
0,-13.650790,15.993843,-13.682456,16.040897,-13.673836,15.995740
0,-13.651714,16.052036,-13.653913,16.052580,-13.682456,16.040897
0,-13.706500,16.013855,-13.690759,16.040873,-13.721495,16.024511
0,-13.699926,16.006268,-13.685088,16.040045,-13.706500,16.013855
0,-13.690606,16.000677,-13.685088,16.040045,-13.699926,16.006268
0,-13.721495,16.024511,-13.690759,16.040873,-13.709259,16.050043
0,-13.721495,16.024511,-13.709259,16.050043,-13.735314,16.040855
0,-13.684000,16.054241,-13.684893,16.047380,-13.683040,16.045729
0,-13.690759,16.040873,-13.694164,16.046692,-13.709259,16.050043
0,-13.793503,16.051506,-13.792979,16.078682,-13.799486,16.052774
0,-13.774879,16.072054,-13.762269,16.055164,-13.761299,16.065073
0,-13.761299,16.065073,-13.762269,16.055164,-13.754155,16.066048
0,-13.752235,16.066917,-13.740076,16.069147,-13.749033,16.071428
0,-13.659718,16.057310,-13.670078,16.060320,-13.683040,16.045729
0,-13.799486,16.052774,-13.792979,16.078682,-13.804331,16.080101
0,-13.779271,16.076517,-13.793503,16.051506,-13.774879,16.072054
0,-13.880053,16.071430,-13.867485,16.088024,-13.890878,16.079855
0,-13.851365,16.087414,-13.829178,16.082758,-13.841258,16.092909
0,-13.857168,16.083193,-13.869523,16.067604,-13.829178,16.082758
0,-13.829178,16.082758,-13.799486,16.052774,-13.818756,16.082052
0,-13.910725,16.104866,-13.912762,16.097404,-13.909683,16.100532
0,-13.876716,16.098335,-13.900483,16.101309,-13.890878,16.079855
0,-13.910725,16.104866,-13.909281,16.100941,-13.900483,16.101309
0,-13.898323,16.116734,-13.910725,16.104866,-13.900483,16.101309
0,-13.876716,16.098335,-13.891439,16.107397,-13.900483,16.101309
0,-13.898323,16.116734,-13.900483,16.101309,-13.891439,16.107397
0,-13.857168,16.083193,-13.829178,16.082758,-13.851365,16.087414
0,-13.869523,16.067604,-13.860476,16.083731,-13.867485,16.088024
0,-13.869523,16.067604,-13.857168,16.083193,-13.860476,16.083731
0,-13.809431,16.084810,-13.813931,16.085148,-13.818756,16.082052
0,-13.730996,16.062502,-13.732632,16.063459,-13.735314,16.040855
0,-13.709259,16.050043,-13.716161,16.058241,-13.735314,16.040855
0,-13.735314,16.040855,-13.716161,16.058241,-13.730996,16.062502
0,-13.752235,16.066917,-13.736835,16.066086,-13.740076,16.069147
0,-13.752408,16.052504,-13.732632,16.063459,-13.736835,16.066086
0,-13.637754,16.053555,-13.625905,16.070692,-13.637045,16.063484
0,-13.623521,16.071091,-13.625905,16.070692,-13.609086,16.060865
0,-13.637045,16.063484,-13.625905,16.070692,-13.637368,16.067995
0,-13.637368,16.067995,-13.625905,16.070692,-13.634156,16.072733
0,-13.625905,16.070692,-13.637754,16.053555,-13.609086,16.060865
0,-13.623521,16.071091,-13.611703,16.069420,-13.622761,16.072906
0,-13.606075,16.066984,-13.609086,16.060865,-13.603795,16.063486
0,-13.638746,16.051973,-13.630969,15.986612,-13.605392,16.057102
0,-13.609086,16.060865,-13.606075,16.066984,-13.611703,16.069420
0,-13.683040,16.045729,-13.670078,16.060320,-13.678918,16.058014
0,-13.601429,15.966699,-13.590298,16.053741,-13.630969,15.986612
0,-13.581488,16.054895,-13.590298,16.053741,-13.601429,15.966699
0,-13.605392,16.057102,-13.630969,15.986612,-13.590298,16.053741
0,-13.567725,16.055006,-13.581488,16.054895,-13.562355,16.052446
0,-13.564655,16.054470,-13.567725,16.055006,-13.562355,16.052446
0,-13.573777,16.059290,-13.581488,16.054895,-13.567725,16.055006
0,-13.394570,15.930184,-13.393607,15.928126,-13.386944,15.924728
0,-13.358325,15.941663,-13.349991,15.933330,-13.356707,15.941663
0,-13.380425,15.908022,-13.349991,15.933330,-13.382399,15.919022
0,-13.324992,15.876289,-13.336171,15.884900,-13.324992,15.874996
0,-13.364912,15.856079,-13.324992,15.874996,-13.336171,15.884900
0,-13.410790,15.942459,-13.394570,15.930184,-13.374992,15.966662
0,-13.413301,15.947959,-13.410790,15.942459,-13.412996,15.953925
0,-13.374992,15.966662,-13.394570,15.930184,-13.368214,15.958804
0,-13.428953,15.963686,-13.424692,15.964861,-13.419274,15.969715
0,-13.419274,15.969715,-13.436309,15.964555,-13.428953,15.963686
0,-13.461614,16.022928,-13.419274,15.969715,-13.434667,16.036449
0,-13.377311,15.971134,-13.376754,15.993162,-13.408639,15.964809
0,-13.379583,16.000000,-13.380057,16.012995,-13.414060,15.970207
0,-13.385907,16.033003,-13.389952,16.033506,-13.380057,16.012995
0,-13.397090,16.039202,-13.399348,16.045153,-13.407880,16.044996
0,-13.377071,16.042965,-13.385907,16.033003,-13.380057,16.012995
0,-13.379583,16.000000,-13.379165,16.003534,-13.380057,16.012995
0,-13.385907,16.033003,-13.377071,16.042965,-13.383701,16.038830
0,-13.379583,16.000000,-13.414060,15.970207,-13.376754,15.993162
0,-13.374992,15.966662,-13.377311,15.971134,-13.408639,15.964809
0,-13.376754,15.993162,-13.377734,15.997516,-13.379583,16.000000
0,-13.374992,15.966662,-13.374992,15.967991,-13.377311,15.971134
0,-13.394570,15.930184,-13.363397,15.948051,-13.368214,15.958804
0,-13.386944,15.924728,-13.358325,15.941663,-13.363397,15.948051
0,-13.386944,15.924728,-13.382399,15.919022,-13.358325,15.941663
0,-13.363397,15.948051,-13.358325,15.941663,-13.358325,15.943208
0,-13.410790,15.942459,-13.374992,15.966662,-13.408639,15.964809
0,-13.368214,15.958804,-13.374012,15.966662,-13.374992,15.966662
0,-13.356707,15.941663,-13.349991,15.933330,-13.349991,15.935250
0,-13.380425,15.908022,-13.342842,15.929420,-13.346213,15.931642
0,-13.333325,15.908329,-13.329302,15.920505,-13.342842,15.929420
0,-13.380425,15.908022,-13.333325,15.908329,-13.342842,15.929420
0,-13.380425,15.908022,-13.379948,15.891019,-13.338126,15.893375
0,-13.338126,15.893375,-13.379948,15.891019,-13.377716,15.884350
0,-13.337433,15.896136,-13.380425,15.908022,-13.338126,15.893375
0,-13.349127,15.838698,-13.314009,15.867829,-13.324992,15.874996
0,-13.336171,15.884900,-13.371889,15.876356,-13.364912,15.856079
0,-13.336171,15.884900,-13.338126,15.893375,-13.371889,15.876356
0,-13.333325,15.902607,-13.333325,15.908329,-13.337433,15.896136
0,-13.333325,15.908329,-13.380425,15.908022,-13.337433,15.896136
0,-13.295434,15.784190,-13.329498,15.775488,-13.299992,15.774996
0,-13.324992,15.874996,-13.314009,15.867829,-13.323313,15.874996
0,-13.308325,15.858330,-13.309469,15.862351,-13.314009,15.867829
0,-13.314009,15.867829,-13.308325,15.851551,-13.308325,15.858330
0,-13.308325,15.858330,-13.308325,15.860038,-13.309469,15.862351
0,-13.290489,15.788810,-13.290319,15.798908,-13.291659,15.799996
0,-13.291659,15.799996,-13.296764,15.805753,-13.295434,15.784190
0,-13.283325,15.791663,-13.284808,15.789764,-13.280948,15.791663
0,-13.283325,15.793501,-13.290319,15.798908,-13.290489,15.788810
0,-13.283325,15.793501,-13.284808,15.789764,-13.283325,15.791663
0,-13.290319,15.798908,-13.291343,15.799996,-13.291659,15.799996
0,-13.284808,15.789764,-13.283325,15.793501,-13.290489,15.788810
0,-13.344267,15.821290,-13.337185,15.787150,-13.303230,15.815810
0,-13.346005,15.832752,-13.310480,15.836646,-13.349127,15.838698
0,-13.296764,15.805753,-13.298420,15.808330,-13.299992,15.808330
0,-13.329498,15.775488,-13.295434,15.784190,-13.299992,15.808330
0,-13.310480,15.836646,-13.344267,15.821290,-13.308325,15.827647
0,-13.344267,15.821290,-13.303230,15.815810,-13.308325,15.824996
0,-13.344267,15.821290,-13.308325,15.824996,-13.308325,15.827647
0,-13.349111,15.801984,-13.345256,15.792831,-13.337185,15.787150
0,-13.349127,15.838698,-13.310480,15.836646,-13.308600,15.849114
0,-13.346005,15.832752,-13.344267,15.821290,-13.310480,15.836646
0,-13.347150,15.792588,-13.345256,15.792831,-13.349111,15.801984
0,-13.337185,15.787150,-13.345256,15.792831,-13.345241,15.790535
0,-13.337185,15.787150,-13.344267,15.821290,-13.349111,15.801984
0,-13.299992,15.808330,-13.337185,15.787150,-13.329498,15.775488
0,-13.299992,15.808330,-13.303230,15.815810,-13.337185,15.787150
0,-13.308325,15.824996,-13.303230,15.815810,-13.307209,15.824996
0,-13.299992,15.808330,-13.299992,15.810774,-13.303230,15.815810
0,-13.299992,15.808330,-13.295434,15.784190,-13.296764,15.805753
0,-13.296543,15.702028,-13.289054,15.751415,-13.316903,15.735178
0,-13.274991,15.787058,-13.279095,15.785896,-13.274991,15.786300
0,-13.320878,15.747904,-13.295742,15.759175,-13.299992,15.766663
0,-13.316903,15.735178,-13.289054,15.751415,-13.295742,15.759175
0,-13.304837,15.702435,-13.296543,15.702028,-13.316903,15.735178
0,-13.280154,15.695473,-13.264282,15.731370,-13.296543,15.702028
0,-13.249992,15.716662,-13.280154,15.695473,-13.270605,15.684286
0,-13.258325,15.724997,-13.264282,15.731370,-13.280154,15.695473
0,-13.296543,15.702028,-13.264282,15.731370,-13.289054,15.751415
0,-13.258325,15.724997,-13.249992,15.716662,-13.257093,15.724997
0,-13.257093,15.724997,-13.249992,15.716662,-13.249992,15.718700
0,-13.256611,15.681617,-13.241659,15.708329,-13.249992,15.716662
0,-13.251612,15.677744,-13.247591,15.678686,-13.256611,15.681617
0,-13.247693,15.716662,-13.241659,15.708329,-13.241659,15.711312
0,-13.247591,15.678686,-13.241427,15.677805,-13.241659,15.708329
0,-13.264282,15.731370,-13.258325,15.724997,-13.258325,15.726089
0,-13.238294,15.708329,-13.241427,15.677805,-13.218772,15.691021
0,-13.233325,15.674996,-13.241427,15.677805,-13.236887,15.674996
0,-13.233325,15.672802,-13.231909,15.672746,-13.233325,15.674996
0,-13.231909,15.672746,-13.228365,15.672604,-13.233325,15.674996
0,-13.218500,15.685515,-13.233325,15.674996,-13.221533,15.678381
1,-13.254071,15.691500,-13.253312,15.684161,-13.249988,15.683032
1,-13.254071,15.691500,-13.249988,15.683032,-13.246677,15.683742
1,-13.250067,15.695196,-13.240092,15.691124,-13.241777,15.695245
1,-13.250067,15.695196,-13.254071,15.691500,-13.246677,15.683742
1,-13.250067,15.695196,-13.246677,15.683742,-13.240092,15.691124
