0,0,1,1,13,
0,-13.720507,13.374150,-13.733496,13.353775,-13.717245,13.351532
0,-13.720507,13.374150,-13.742534,13.368232,-13.733496,13.353775
0,-13.742534,13.368232,-13.744973,13.368075,-13.733496,13.353775
0,-13.715095,13.372813,-13.720507,13.374150,-13.717245,13.351532
0,-13.752505,13.352749,-13.744973,13.368075,-13.758964,13.367183
0,-13.733496,13.353775,-13.744973,13.368075,-13.752505,13.352749
0,-13.710034,13.355338,-13.717245,13.351532,-13.714201,13.352046
0,-13.764566,13.357135,-13.758866,13.353785,-13.758964,13.367183
0,-13.767998,13.364890,-13.764566,13.357135,-13.758964,13.367183
0,-13.710034,13.355338,-13.713003,13.375359,-13.715095,13.372813
0,-13.765429,13.369091,-13.766653,13.368363,-13.767998,13.364890
0,-13.767998,13.364890,-13.758964,13.367183,-13.765429,13.369091
0,-13.758866,13.353785,-13.752505,13.352749,-13.758964,13.367183
0,-13.698065,13.356008,-13.690706,13.377139,-13.713003,13.375359
0,-13.690706,13.377139,-13.679160,13.372397,-13.681782,13.377208
0,-13.679160,13.372397,-13.690706,13.377139,-13.679531,13.366460
0,-13.679896,13.376301,-13.681782,13.377208,-13.679160,13.372397
0,-13.679531,13.366460,-13.690706,13.377139,-13.688635,13.359775
0,-13.710034,13.355338,-13.715095,13.372813,-13.717245,13.351532
0,-13.698065,13.356008,-13.713003,13.375359,-13.710034,13.355338
0,-13.688635,13.359775,-13.690706,13.377139,-13.698065,13.356008
