0,0,1,1,13,
0,-14.085496,12.916613,-14.085344,12.932714,-14.097320,12.913502
0,-14.075159,12.879781,-14.094048,12.907808,-14.090660,12.883705
0,-14.097320,12.913502,-14.097946,12.937235,-14.112420,12.930662
0,-14.097320,12.913502,-14.094048,12.907808,-14.085496,12.916613
0,-14.085344,12.932714,-14.097946,12.937235,-14.097320,12.913502
0,-14.075925,12.944513,-14.097946,12.937235,-14.085344,12.932714
0,-14.094048,12.907808,-14.075159,12.879781,-14.085496,12.916613
0,-14.082992,12.868828,-14.075159,12.879781,-14.090660,12.883705
0,-14.081092,12.864796,-14.080272,12.865424,-14.082992,12.868828
0,-14.080272,12.865424,-14.075944,12.871945,-14.082992,12.868828
0,-14.075944,12.871945,-14.075159,12.879781,-14.082992,12.868828
