0,0,1,1,13,
0,-12.783836,15.139978,-12.790873,15.128695,-12.772701,15.134745
0,-12.797865,15.107995,-12.801558,15.106620,-12.770292,15.094853
0,-12.708325,15.091662,-12.721405,15.082830,-12.710986,15.078279
0,-12.715556,15.095716,-12.721044,15.099997,-12.730652,15.089223
0,-12.733325,15.108330,-12.734904,15.088746,-12.724991,15.099997
0,-12.721044,15.099997,-12.724991,15.099997,-12.730652,15.089223
0,-12.817319,15.122835,-12.813313,15.125380,-12.820684,15.134073
0,-12.829908,15.135179,-12.838669,15.129470,-12.836212,15.123305
0,-12.767022,15.133850,-12.772701,15.134745,-12.766658,15.133329
0,-12.754509,15.124996,-12.755359,15.092308,-12.739275,15.114218
0,-12.791664,15.145914,-12.796649,15.150255,-12.806531,15.140566
0,-12.770292,15.094853,-12.755359,15.092308,-12.758325,15.124996
0,-12.739203,15.087329,-12.734904,15.088746,-12.733325,15.108330
0,-12.766658,15.133329,-12.758325,15.124996,-12.766286,15.133329
0,-12.699992,15.083329,-12.710986,15.078279,-12.706239,15.073708
0,-12.679245,15.044459,-12.647191,15.026401,-12.687114,15.077917
0,-12.829908,15.135179,-12.836212,15.123305,-12.817319,15.122835
0,-12.827107,15.115399,-12.817933,15.111467,-12.820354,15.115014
0,-12.758325,15.124996,-12.794104,15.112375,-12.770292,15.094853
0,-12.758325,15.124996,-12.772701,15.134745,-12.794104,15.112375
0,-12.790873,15.128695,-12.794104,15.112375,-12.772701,15.134745
0,-12.797865,15.107995,-12.770292,15.094853,-12.794104,15.112375
0,-12.813313,15.125380,-12.802920,15.126803,-12.806531,15.140566
0,-12.802920,15.126803,-12.797504,15.131191,-12.806531,15.140566
0,-12.783836,15.139978,-12.793487,15.131668,-12.790873,15.128695
0,-12.827107,15.115399,-12.820354,15.115014,-12.817319,15.122835
0,-12.827107,15.115399,-12.817319,15.122835,-12.836212,15.123305
0,-12.815508,15.139148,-12.813313,15.125380,-12.806531,15.140566
0,-12.838312,15.137053,-12.837327,15.134541,-12.829908,15.135179
0,-12.837327,15.134541,-12.838669,15.129470,-12.829908,15.135179
0,-12.815508,15.139148,-12.820684,15.134073,-12.813313,15.125380
0,-12.829908,15.135179,-12.817319,15.122835,-12.820684,15.134073
0,-12.839055,15.137869,-12.838312,15.137053,-12.829908,15.135179
0,-12.808663,15.141246,-12.815508,15.139148,-12.806531,15.140566
0,-12.797504,15.131191,-12.791664,15.145914,-12.806531,15.140566
0,-12.793346,15.151418,-12.796649,15.150255,-12.791664,15.145914
0,-12.797504,15.131191,-12.793487,15.131668,-12.791664,15.145914
0,-12.791664,15.145914,-12.793487,15.131668,-12.783836,15.139978
0,-12.766658,15.133329,-12.766658,15.133592,-12.767022,15.133850
0,-12.772701,15.134745,-12.758325,15.124996,-12.766658,15.133329
0,-12.755359,15.092308,-12.739203,15.087329,-12.733325,15.108330
0,-12.755359,15.092308,-12.733325,15.108330,-12.739275,15.114218
0,-12.758325,15.124996,-12.758325,15.127696,-12.766286,15.133329
0,-12.758325,15.124996,-12.755359,15.092308,-12.754509,15.124996
0,-12.733325,15.109577,-12.739275,15.114218,-12.733325,15.108330
0,-12.731727,15.108330,-12.733325,15.108330,-12.724991,15.099997
0,-12.708325,15.091662,-12.708325,15.092110,-12.715556,15.095716
0,-12.724991,15.103076,-12.731727,15.108330,-12.724991,15.099997
0,-12.707427,15.091662,-12.708325,15.091662,-12.702764,15.089337
0,-12.715556,15.095716,-12.721405,15.082830,-12.708325,15.091662
0,-12.702764,15.089337,-12.708325,15.091662,-12.710986,15.078279
0,-12.702764,15.089337,-12.699992,15.083329,-12.699992,15.086302
0,-12.692314,15.077897,-12.699992,15.083329,-12.706239,15.073708
0,-12.736337,15.086445,-12.734904,15.088746,-12.739203,15.087329
0,-12.715556,15.095716,-12.730652,15.089223,-12.721405,15.082830
0,-12.724991,15.099997,-12.734904,15.088746,-12.730652,15.089223
0,-12.699992,15.083329,-12.702764,15.089337,-12.710986,15.078279
0,-12.703133,15.066140,-12.692314,15.077897,-12.706239,15.073708
0,-12.679245,15.044459,-12.690419,15.076756,-12.703643,15.064098
0,-12.679245,15.044459,-12.687114,15.077917,-12.690419,15.076756
0,-12.703643,15.064098,-12.703133,15.066140,-12.704195,15.065099
0,-12.692314,15.077897,-12.697276,15.083329,-12.699992,15.083329
0,-12.690419,15.076756,-12.692314,15.077897,-12.703133,15.066140
0,-12.703643,15.064098,-12.690419,15.076756,-12.703133,15.066140
0,-12.647191,15.026401,-12.679245,15.044459,-12.642228,15.018814
