0,0,1,1,13,
0,-13.365327,13.252727,-13.375669,13.267200,-13.372582,13.237589
0,-13.345127,13.196877,-13.333459,13.208619,-13.334546,13.211773
0,-13.340070,13.237932,-13.355526,13.214874,-13.334546,13.211773
0,-13.340070,13.237932,-13.368189,13.227775,-13.355526,13.214874
0,-13.333459,13.208619,-13.335795,13.186452,-13.322702,13.206023
0,-13.322702,13.206023,-13.335795,13.186452,-13.313220,13.198424
0,-13.359937,13.248535,-13.372582,13.237589,-13.368189,13.227775
0,-13.345127,13.196877,-13.335795,13.186452,-13.333459,13.208619
0,-13.365327,13.252727,-13.372582,13.237589,-13.359937,13.248535
0,-13.359937,13.248535,-13.368189,13.227775,-13.342204,13.241139
0,-13.375669,13.267200,-13.365327,13.252727,-13.364291,13.263260
0,-13.379794,13.276585,-13.375669,13.267200,-13.369434,13.275229
0,-13.369434,13.275229,-13.375669,13.267200,-13.365179,13.271117
0,-13.375669,13.267200,-13.364291,13.263260,-13.365179,13.271117
0,-13.348647,13.248049,-13.359937,13.248535,-13.342204,13.241139
0,-13.319566,13.231831,-13.340070,13.237932,-13.334546,13.211773
0,-13.342204,13.241139,-13.368189,13.227775,-13.340070,13.237932
0,-13.320341,13.235989,-13.340070,13.237932,-13.319566,13.231831
0,-13.334546,13.211773,-13.355526,13.214874,-13.345127,13.196877
0,-13.312664,13.181596,-13.321024,13.173585,-13.319646,13.170404
0,-13.312664,13.181596,-13.335795,13.186452,-13.321024,13.173585
0,-13.313220,13.198424,-13.335795,13.186452,-13.312664,13.181596
