0,0,0,0,11,
0,-15.918036,16.136597,-15.915334,16.125097,-15.900187,16.121937
0,-15.899888,16.071251,-15.898160,16.076506,-15.904085,16.077034
0,-15.902019,16.016008,-15.900980,16.023106,-15.925889,16.022482
0,-15.938624,15.981708,-15.924170,15.996844,-15.932488,15.997863
0,-15.803767,16.269396,-15.843338,16.294426,-15.805762,16.262310
0,-15.865322,16.305714,-15.849260,16.313766,-15.857099,16.313862
0,-15.856133,16.242798,-15.805762,16.262310,-15.857239,16.248718
0,-15.908975,16.158508,-15.882636,16.176313,-15.911859,16.174366
0,-15.821043,16.199810,-15.827191,16.204544,-15.830846,16.179588
0,-15.823537,16.175829,-15.826824,16.178621,-15.829915,16.178200
0,-15.940616,16.000000,-15.938608,15.995015,-15.935119,15.999199
0,-15.938608,15.995015,-15.938624,15.981708,-15.932488,15.997863
0,-15.915852,16.000006,-15.932395,16.014074,-15.927068,16.000011
0,-15.927780,16.041765,-15.926871,16.038546,-15.922647,16.035055
0,-15.925889,16.022482,-15.932395,16.014074,-15.915852,16.000006
0,-15.925889,16.022482,-15.900980,16.023106,-15.921978,16.031609
0,-15.935453,16.000000,-15.927068,16.000011,-15.932395,16.014074
0,-15.925552,16.049078,-15.927780,16.041765,-15.922647,16.035055
0,-15.904250,16.045618,-15.921978,16.031609,-15.900980,16.023106
0,-15.923956,16.081394,-15.930274,16.069544,-15.919256,16.077900
0,-15.938608,15.995015,-15.942015,15.986014,-15.938624,15.981708
0,-15.915395,16.120281,-15.920783,16.107044,-15.906301,16.107790
0,-15.932907,16.124157,-15.936517,16.120069,-15.928097,16.110340
0,-15.940616,16.000000,-15.935453,16.000000,-15.932395,16.014074
0,-15.886351,16.182781,-15.886532,16.187139,-15.903642,16.185738
0,-15.900187,16.121937,-15.915334,16.125097,-15.915395,16.120281
0,-15.925044,16.126587,-15.932907,16.124157,-15.928097,16.110340
0,-15.891770,16.204405,-15.903642,16.185738,-15.886532,16.187139
0,-15.882636,16.176313,-15.910385,16.178247,-15.911859,16.174366
0,-15.920783,16.107044,-15.919497,16.096249,-15.905199,16.101128
0,-15.906790,16.088074,-15.905199,16.101128,-15.919497,16.096249
0,-15.906301,16.107790,-15.920783,16.107044,-15.905199,16.101128
0,-15.861452,16.289827,-15.865735,16.289192,-15.856542,16.283804
0,-15.803767,16.269396,-15.839696,16.300346,-15.843338,16.294426
0,-15.843338,16.294426,-15.852727,16.284906,-15.805762,16.262310
0,-15.794319,16.300705,-15.839696,16.300346,-15.793560,16.286474
0,-15.771207,16.340559,-15.774399,16.350464,-15.811698,16.351158
0,-15.839390,16.323511,-15.840367,16.303566,-15.793541,16.302786
0,-15.774399,16.350464,-15.781428,16.357893,-15.811698,16.351158
0,-15.855908,16.241592,-15.803769,16.233843,-15.802779,16.254475
0,-15.805762,16.262310,-15.852727,16.284906,-15.857239,16.248718
0,-15.856542,16.283804,-15.875601,16.279446,-15.874949,16.274851
0,-15.827191,16.204544,-15.819129,16.203756,-15.819814,16.205830
0,-15.856133,16.242798,-15.802779,16.254475,-15.805762,16.262310
0,-15.906790,16.088074,-15.902181,16.096046,-15.905199,16.101128
0,-15.891316,16.055325,-15.885953,16.048153,-15.881602,16.054522
0,-15.880613,16.204271,-15.880731,16.213448,-15.885992,16.210529
0,-15.886351,16.182781,-15.903642,16.185738,-15.910385,16.178247
0,-15.828350,16.206621,-15.850850,16.210795,-15.849020,16.205498
0,-15.880613,16.204271,-15.891770,16.204405,-15.880930,16.198084
0,-15.942015,15.986014,-15.941018,15.983048,-15.938624,15.981708
0,-15.915852,16.000006,-15.913836,16.000555,-15.925889,16.022482
0,-15.902019,16.016008,-15.925889,16.022482,-15.905913,16.008259
0,-15.935119,15.999199,-15.938608,15.995015,-15.932488,15.997863
0,-15.935453,16.000000,-15.940616,16.000000,-15.935119,15.999199
0,-15.913836,16.000555,-15.905913,16.008259,-15.925889,16.022482
0,-15.914009,16.000006,-15.913836,16.000555,-15.915852,16.000006
0,-15.904250,16.045618,-15.903026,16.051592,-15.925552,16.049078
0,-15.898423,16.056097,-15.894379,16.056967,-15.898755,16.067110
0,-15.925552,16.049078,-15.922647,16.035055,-15.904250,16.045618
0,-15.921978,16.031609,-15.904250,16.045618,-15.922647,16.035055
0,-15.885953,16.048153,-15.891316,16.055325,-15.891192,16.046610
0,-15.881602,16.054522,-15.885953,16.048153,-15.881154,16.052452
0,-15.901839,16.085722,-15.901429,16.080671,-15.893814,16.082417
0,-15.899888,16.071251,-15.914855,16.069592,-15.898755,16.067110
0,-15.891316,16.055325,-15.881602,16.054522,-15.898755,16.067110
0,-15.903026,16.051592,-15.898423,16.056097,-15.914855,16.069592
0,-15.894379,16.056967,-15.891316,16.055325,-15.898755,16.067110
0,-15.914855,16.069592,-15.898423,16.056097,-15.898755,16.067110
0,-15.919497,16.096249,-15.923956,16.081394,-15.916131,16.081074
0,-15.930274,16.069544,-15.922734,16.065558,-15.919256,16.077900
0,-15.901429,16.080671,-15.904085,16.077034,-15.898160,16.076506
0,-15.914855,16.069592,-15.899888,16.071251,-15.904085,16.077034
0,-15.930274,16.069544,-15.927309,16.065296,-15.922734,16.065558
0,-15.927309,16.065296,-15.930274,16.069544,-15.929366,16.066322
0,-15.926538,16.064913,-15.922734,16.065558,-15.927309,16.065296
0,-15.916131,16.081074,-15.923956,16.081394,-15.919256,16.077900
0,-15.928097,16.110340,-15.935194,16.112028,-15.930950,16.109915
0,-15.909244,16.081680,-15.906790,16.088074,-15.916131,16.081074
0,-15.901839,16.085722,-15.902181,16.096046,-15.906790,16.088074
0,-15.937035,16.116636,-15.935194,16.112028,-15.928097,16.110340
0,-15.900187,16.121937,-15.915395,16.120281,-15.904789,16.114653
0,-15.920328,16.124239,-15.925044,16.126587,-15.928097,16.110340
0,-15.937035,16.116636,-15.928097,16.110340,-15.936517,16.120069
0,-15.915334,16.125097,-15.918036,16.136597,-15.918461,16.135988
0,-15.918410,16.125822,-15.925044,16.126587,-15.920328,16.124239
0,-15.918410,16.125822,-15.918461,16.135988,-15.925044,16.126587
0,-15.918410,16.125822,-15.915334,16.125097,-15.918461,16.135988
0,-15.908975,16.158508,-15.873338,16.142946,-15.882636,16.176313
0,-15.894875,16.126095,-15.916752,16.144150,-15.918036,16.136597
0,-15.894875,16.126095,-15.909764,16.152554,-15.916752,16.144150
0,-15.894875,16.126095,-15.873338,16.142946,-15.909764,16.152554
0,-15.883687,16.192697,-15.891770,16.204405,-15.886532,16.187139
0,-15.882636,16.176313,-15.886351,16.182781,-15.910385,16.178247
0,-15.880613,16.204271,-15.885992,16.210529,-15.891770,16.204405
0,-15.880930,16.198084,-15.891770,16.204405,-15.883687,16.192697
0,-15.870559,16.265394,-15.857239,16.248718,-15.856542,16.283804
0,-15.871228,16.214022,-15.880731,16.213448,-15.880613,16.204271
0,-15.909764,16.152554,-15.873338,16.142946,-15.908975,16.158508
0,-15.868948,16.170187,-15.872437,16.175734,-15.882636,16.176313
0,-15.851291,16.159195,-15.866106,16.169695,-15.862039,16.154049
0,-15.868948,16.170187,-15.882636,16.176313,-15.873338,16.142946
0,-15.904789,16.114653,-15.915395,16.120281,-15.906301,16.107790
0,-15.894875,16.126095,-15.918036,16.136597,-15.900187,16.121937
0,-15.916131,16.081074,-15.906790,16.088074,-15.919497,16.096249
0,-15.901429,16.080671,-15.898160,16.076506,-15.893814,16.082417
0,-15.901839,16.085722,-15.895129,16.090918,-15.902181,16.096046
0,-15.901839,16.085722,-15.893814,16.082417,-15.893758,16.086773
0,-15.895129,16.090918,-15.901839,16.085722,-15.893758,16.086773
0,-15.852727,16.284906,-15.856542,16.283804,-15.857239,16.248718
0,-15.841090,16.320778,-15.846891,16.313278,-15.840367,16.303566
0,-15.849876,16.321114,-15.852979,16.320005,-15.849260,16.313766
0,-15.857099,16.313862,-15.863788,16.310959,-15.865322,16.305714
0,-15.841090,16.320778,-15.846581,16.318781,-15.846891,16.313278
0,-15.846581,16.318781,-15.849260,16.313766,-15.846891,16.313278
0,-15.866238,16.305254,-15.865322,16.305714,-15.865977,16.307087
0,-15.865977,16.307087,-15.865322,16.305714,-15.863788,16.310959
0,-15.852979,16.320005,-15.857099,16.313862,-15.849260,16.313766
0,-15.849876,16.321114,-15.849260,16.313766,-15.846581,16.318781
0,-15.839696,16.300346,-15.794319,16.300705,-15.840367,16.303566
0,-15.814796,16.350508,-15.831149,16.347900,-15.834134,16.343634
0,-15.821618,16.355639,-15.828563,16.351593,-15.816299,16.352638
0,-15.840367,16.303566,-15.839390,16.323511,-15.841090,16.320778
0,-15.839390,16.323511,-15.834134,16.343634,-15.840283,16.327879
0,-15.813381,16.367466,-15.814145,16.363575,-15.808379,16.368320
0,-15.808379,16.368320,-15.814145,16.363575,-15.812380,16.354620
0,-15.801290,16.382916,-15.781062,16.367294,-15.773565,16.376835
0,-15.801290,16.382916,-15.808379,16.368320,-15.781062,16.367294
0,-15.808379,16.368320,-15.782072,16.362947,-15.781062,16.367294
0,-15.772176,16.346331,-15.771207,16.340559,-15.770922,16.343998
0,-15.808379,16.368320,-15.781428,16.357893,-15.782072,16.362947
0,-15.812380,16.354620,-15.811698,16.351158,-15.781428,16.357893
0,-15.808379,16.368320,-15.812380,16.354620,-15.781428,16.357893
0,-15.814796,16.350508,-15.828563,16.351593,-15.831149,16.347900
0,-15.840367,16.303566,-15.794319,16.300705,-15.793541,16.302786
0,-15.792100,16.306643,-15.771207,16.340559,-15.811698,16.351158
0,-15.818060,16.355135,-15.821618,16.355639,-15.816299,16.352638
0,-15.828563,16.351593,-15.814796,16.350508,-15.816299,16.352638
0,-15.834134,16.343634,-15.839390,16.323511,-15.814796,16.350508
0,-15.792100,16.306643,-15.839390,16.323511,-15.793541,16.302786
0,-15.814796,16.350508,-15.839390,16.323511,-15.792100,16.306643
0,-15.814796,16.350508,-15.792100,16.306643,-15.811698,16.351158
0,-15.772176,16.346331,-15.774399,16.350464,-15.771207,16.340559
0,-15.793560,16.286474,-15.839696,16.300346,-15.803767,16.269396
0,-15.821043,16.199810,-15.819129,16.203756,-15.827191,16.204544
0,-15.803769,16.233843,-15.812515,16.219042,-15.805273,16.227898
0,-15.825925,16.210491,-15.850850,16.210795,-15.828350,16.206621
0,-15.812515,16.219042,-15.803769,16.233843,-15.855908,16.241592
0,-15.825925,16.210491,-15.855908,16.241592,-15.857151,16.237249
0,-15.825925,16.210491,-15.812515,16.219042,-15.855908,16.241592
0,-15.856542,16.283804,-15.874949,16.274851,-15.870559,16.265394
0,-15.865735,16.289192,-15.875601,16.279446,-15.856542,16.283804
0,-15.863844,16.233889,-15.865077,16.230463,-15.862549,16.224010
0,-15.855908,16.241592,-15.802779,16.254475,-15.856133,16.242798
0,-15.825925,16.210491,-15.857151,16.237249,-15.850850,16.210795
0,-15.857151,16.237249,-15.863844,16.233889,-15.862549,16.224010
0,-15.850850,16.210795,-15.857151,16.237249,-15.862549,16.224010
0,-15.830846,16.179588,-15.827191,16.204544,-15.849020,16.205498
0,-15.830846,16.179588,-15.849020,16.205498,-15.854797,16.199604
0,-15.827191,16.204544,-15.828350,16.206621,-15.849020,16.205498
0,-15.851291,16.159195,-15.844159,16.160025,-15.857464,16.177158
0,-15.854547,16.182400,-15.830846,16.179588,-15.854797,16.199604
0,-15.873338,16.142946,-15.862039,16.154049,-15.868948,16.170187
0,-15.866106,16.169695,-15.851291,16.159195,-15.857464,16.177158
0,-15.868948,16.170187,-15.862039,16.154049,-15.866106,16.169695
0,-15.844159,16.160025,-15.836992,16.163609,-15.857464,16.177158
0,-15.836992,16.163609,-15.854547,16.182400,-15.857464,16.177158
0,-15.829915,16.178200,-15.830846,16.179588,-15.836992,16.163609
0,-15.836992,16.163609,-15.830846,16.179588,-15.854547,16.182400
0,-15.823537,16.175829,-15.829915,16.178200,-15.836992,16.163609
0,-15.823224,16.181559,-15.823537,16.175829,-15.821090,16.181303
0,-15.826824,16.178621,-15.823537,16.175829,-15.823224,16.181559
0,-15.914855,16.069592,-15.925552,16.049078,-15.903026,16.051592
1,-15.924453,16.004806,-15.920940,16.001326,-15.917143,16.013525
1,-15.920940,16.001326,-15.908457,16.013332,-15.917143,16.013525
1,-15.914271,16.022345,-15.908220,16.031904,-15.918516,16.042805
1,-15.917143,16.013525,-15.908457,16.013332,-15.916266,16.014572
1,-15.913039,16.044575,-15.917465,16.050818,-15.918516,16.042805
1,-15.912725,16.050533,-15.914251,16.061100,-15.917465,16.050818
1,-15.913039,16.044575,-15.912725,16.050533,-15.917465,16.050818
1,-15.907821,16.063087,-15.914251,16.061100,-15.912725,16.050533
1,-15.907821,16.063087,-15.910647,16.064728,-15.914251,16.061100
1,-15.916266,16.014572,-15.906729,16.018587,-15.914271,16.022345
1,-15.916266,16.014572,-15.908457,16.013332,-15.906729,16.018587
1,-15.918516,16.042805,-15.908220,16.031904,-15.913039,16.044575
1,-15.914271,16.022345,-15.906729,16.018587,-15.908220,16.031904
