0,0,1,1,13,
0,-16.258665,12.588395,-16.265656,12.576523,-16.245421,12.573383
0,-16.242361,12.593500,-16.245421,12.573383,-16.236798,12.574993
0,-16.242361,12.593500,-16.236798,12.574993,-16.234526,12.600762
0,-16.211802,12.600450,-16.234526,12.600762,-16.217057,12.572758
0,-16.251799,12.566772,-16.263638,12.571285,-16.258341,12.566136
0,-16.255045,12.565534,-16.251799,12.566772,-16.258341,12.566136
0,-16.251799,12.566772,-16.245421,12.573383,-16.263638,12.571285
0,-16.263638,12.571285,-16.245421,12.573383,-16.265656,12.576523
0,-16.236798,12.574993,-16.217057,12.572758,-16.234526,12.600762
0,-16.265656,12.576523,-16.258665,12.588395,-16.260144,12.588308
0,-16.245421,12.573383,-16.242361,12.593500,-16.258665,12.588395
0,-16.217057,12.572758,-16.202565,12.590248,-16.211802,12.600450
0,-16.229851,12.604987,-16.234526,12.600762,-16.220805,12.606282
0,-16.229851,12.604987,-16.224327,12.606914,-16.228300,12.606388
0,-16.229851,12.604987,-16.220805,12.606282,-16.224327,12.606914
0,-16.234526,12.600762,-16.211802,12.600450,-16.220805,12.606282
0,-16.200781,12.577330,-16.199994,12.584637,-16.205851,12.574205
0,-16.217057,12.572758,-16.205851,12.574205,-16.202565,12.590248
0,-16.200781,12.577330,-16.199324,12.583175,-16.199994,12.584637
0,-16.205851,12.574205,-16.199994,12.584637,-16.202565,12.590248
0,-16.198937,12.581594,-16.199324,12.583175,-16.200781,12.577330
