0,0,0,0,12,
0,-16.547480,13.823569,-16.551133,13.817528,-16.541592,13.823216
0,-16.549405,13.825835,-16.555434,13.829386,-16.553305,13.820478
0,-16.541592,13.823216,-16.551133,13.817528,-16.537525,13.819608
0,-16.516316,13.805038,-16.520810,13.818984,-16.525788,13.808320
0,-16.528016,13.826903,-16.534592,13.826327,-16.533270,13.818533
0,-16.549405,13.825835,-16.549283,13.831816,-16.555434,13.829386
0,-16.533270,13.818533,-16.534592,13.826327,-16.537525,13.819608
0,-16.551133,13.817528,-16.547480,13.823569,-16.553305,13.820478
0,-16.555601,13.830094,-16.555434,13.829386,-16.552000,13.833517
0,-16.555434,13.829386,-16.549283,13.831816,-16.552000,13.833517
0,-16.549405,13.825835,-16.553305,13.820478,-16.547480,13.823569
0,-16.541592,13.823216,-16.537525,13.819608,-16.534592,13.826327
0,-16.520810,13.818984,-16.524432,13.823978,-16.528498,13.814939
0,-16.528498,13.814939,-16.524432,13.823978,-16.533270,13.818533
0,-16.528016,13.826903,-16.533270,13.818533,-16.524432,13.823978
0,-16.526400,13.788878,-16.516316,13.805038,-16.526154,13.802793
0,-16.520810,13.818984,-16.528498,13.814939,-16.525788,13.808320
0,-16.526400,13.788878,-16.526154,13.802793,-16.531756,13.792882
0,-16.516316,13.805038,-16.525788,13.808320,-16.526154,13.802793
0,-16.533038,13.780828,-16.527052,13.787832,-16.533898,13.789090
0,-16.533898,13.789090,-16.527052,13.787832,-16.531756,13.792882
0,-16.533038,13.780828,-16.534760,13.772290,-16.530049,13.771914
0,-16.534760,13.772290,-16.533755,13.768859,-16.530049,13.771914
0,-16.531756,13.792882,-16.527052,13.787832,-16.526400,13.788878
0,-16.533038,13.780828,-16.530049,13.771914,-16.527052,13.787832
