0,0,1,1,13,
0,-16.449992,16.137001,-16.449992,16.135044,-16.449858,16.135365
1,-16.441658,16.106952,-16.441658,16.105467,-16.441353,16.106165
2,-16.449992,16.099997,-16.449992,16.098153,-16.446893,16.099997
3,-16.458325,16.091663,-16.458325,16.086366,-16.455618,16.091663
4,-16.472796,16.067221,-16.490263,16.056929,-16.489184,16.054420
4,-16.490263,16.056929,-16.491658,16.066664,-16.492114,16.066664
4,-16.472796,16.067221,-16.491658,16.066664,-16.490263,16.056929
4,-16.483324,16.074997,-16.491658,16.074997,-16.491658,16.066664
4,-16.472796,16.067221,-16.483324,16.074997,-16.491658,16.066664
4,-16.472796,16.067221,-16.466288,16.078403,-16.474991,16.074997
4,-16.466288,16.078403,-16.460078,16.082935,-16.466658,16.083330
4,-16.472796,16.067221,-16.474991,16.074997,-16.483324,16.074997
4,-16.466288,16.078403,-16.474991,16.083330,-16.474991,16.074997
4,-16.460078,16.082935,-16.459876,16.083330,-16.466658,16.083330
4,-16.474991,16.083330,-16.466288,16.078403,-16.466658,16.083330
