0,0,0,0,12,
0,-12.928729,15.315658,-12.922284,15.304438,-12.913590,15.315501
0,-12.928729,15.315658,-12.931643,15.329648,-12.936598,15.327329
0,-12.935425,15.329170,-12.936598,15.327329,-12.931643,15.329648
0,-12.931643,15.329648,-12.928729,15.315658,-12.922154,15.324643
0,-12.922154,15.324643,-12.928729,15.315658,-12.917642,15.321452
0,-12.917642,15.321452,-12.928729,15.315658,-12.913590,15.315501
0,-12.912829,15.305632,-12.911898,15.308620,-12.915182,15.303555
0,-12.911898,15.308620,-12.922284,15.304438,-12.915182,15.303555
0,-12.913590,15.315501,-12.922284,15.304438,-12.911898,15.308620
