0,0,1,1,13,
0,-13.345879,12.650158,-13.345810,12.649996,-13.341658,12.649996
0,-13.345879,12.650158,-13.341658,12.649996,-13.342311,12.653892
0,-13.342311,12.653892,-13.341658,12.649996,-13.338541,12.654804
0,-13.338541,12.654804,-13.341658,12.649996,-13.336016,12.652119
0,-13.341658,12.649996,-13.335233,12.649996,-13.336016,12.652119
1,-13.333325,12.644821,-13.333325,12.641663,-13.333246,12.644607
1,-13.333325,12.641663,-13.324992,12.641663,-13.333246,12.644607
1,-13.324992,12.641663,-13.324055,12.641663,-13.324088,12.641720
1,-13.324088,12.641720,-13.333246,12.644607,-13.324992,12.641663
