0,0,0,1,12,
0,-16.594311,14.172879,-16.613844,14.171841,-16.595616,14.167110
0,-16.595780,14.200668,-16.611037,14.185223,-16.591458,14.183965
0,-16.614662,14.203587,-16.605271,14.204176,-16.604153,14.207413
0,-16.623207,14.181098,-16.617251,14.177526,-16.623536,14.185919
0,-16.611037,14.185223,-16.623536,14.185919,-16.617251,14.177526
0,-16.605746,14.154744,-16.618611,14.162330,-16.609723,14.153295
0,-16.621401,14.148027,-16.619896,14.155641,-16.624707,14.148428
0,-16.628966,14.248345,-16.621346,14.281352,-16.633158,14.258154
0,-16.591637,14.243267,-16.590901,14.244415,-16.628966,14.248345
0,-16.614662,14.203587,-16.608082,14.215849,-16.618504,14.206238
0,-16.629082,14.229724,-16.628720,14.235477,-16.630068,14.232004
0,-16.621346,14.281352,-16.580038,14.277954,-16.602223,14.304450
0,-16.588312,14.304239,-16.598011,14.306135,-16.602223,14.304450
0,-16.613844,14.171841,-16.605746,14.154744,-16.595616,14.167110
0,-16.624707,14.148428,-16.619896,14.155641,-16.627039,14.159649
0,-16.585116,14.197411,-16.595780,14.200668,-16.591458,14.183965
0,-16.605339,14.220265,-16.593190,14.238182,-16.628720,14.235477
0,-16.628966,14.248345,-16.630448,14.239584,-16.628720,14.235477
0,-16.632225,14.271043,-16.638489,14.265874,-16.634178,14.262273
0,-16.632338,14.153349,-16.624707,14.148428,-16.627039,14.159649
0,-16.618611,14.162330,-16.619896,14.155641,-16.609723,14.153295
0,-16.618611,14.162330,-16.627039,14.159649,-16.619896,14.155641
0,-16.595616,14.167110,-16.605746,14.154744,-16.602372,14.150667
0,-16.613844,14.171841,-16.617970,14.165790,-16.605746,14.154744
0,-16.613844,14.171841,-16.611037,14.185223,-16.617251,14.177526
0,-16.586636,14.215543,-16.592608,14.207392,-16.579008,14.210851
0,-16.608082,14.215849,-16.621277,14.215842,-16.618504,14.206238
0,-16.614662,14.203587,-16.604153,14.207413,-16.608082,14.215849
0,-16.605746,14.154744,-16.617970,14.165790,-16.618611,14.162330
0,-16.593190,14.238182,-16.591637,14.243267,-16.628966,14.248345
0,-16.628720,14.235477,-16.593190,14.238182,-16.628966,14.248345
0,-16.632225,14.271043,-16.641159,14.269961,-16.638489,14.265874
0,-16.633158,14.258154,-16.632225,14.271043,-16.634178,14.262273
0,-16.621277,14.215842,-16.629082,14.229724,-16.629473,14.225579
0,-16.621277,14.215842,-16.608082,14.215849,-16.607664,14.218615
0,-16.629082,14.229724,-16.621277,14.215842,-16.607664,14.218615
0,-16.633158,14.258154,-16.621346,14.281352,-16.632225,14.271043
0,-16.580038,14.277954,-16.577732,14.293164,-16.583548,14.301566
0,-16.586636,14.215543,-16.579008,14.210851,-16.579338,14.215903
0,-16.607664,14.218615,-16.605339,14.220265,-16.629082,14.229724
0,-16.605339,14.220265,-16.628720,14.235477,-16.629082,14.229724
0,-16.590901,14.244415,-16.588204,14.248616,-16.628966,14.248345
0,-16.605339,14.220265,-16.601574,14.220563,-16.598326,14.223149
0,-16.591059,14.225119,-16.586636,14.215543,-16.577912,14.227652
0,-16.590989,14.233854,-16.593190,14.238182,-16.598326,14.223149
0,-16.588204,14.248616,-16.621346,14.281352,-16.628966,14.248345
0,-16.580038,14.277954,-16.588312,14.304239,-16.602223,14.304450
0,-16.580038,14.277954,-16.621346,14.281352,-16.588204,14.248616
0,-16.580038,14.277954,-16.583548,14.301566,-16.588312,14.304239
0,-16.578335,14.280295,-16.577732,14.293164,-16.580038,14.277954
0,-16.578095,14.262358,-16.580038,14.277954,-16.588204,14.248616
0,-16.578335,14.280295,-16.574069,14.286335,-16.577732,14.293164
0,-16.574433,14.281446,-16.574069,14.286335,-16.578335,14.280295
0,-16.586504,14.233476,-16.578421,14.229712,-16.582302,14.235620
0,-16.574433,14.281446,-16.578335,14.280295,-16.576830,14.279590
0,-16.586504,14.233476,-16.591059,14.225119,-16.577912,14.227652
0,-16.593190,14.238182,-16.605339,14.220265,-16.598326,14.223149
0,-16.590989,14.233854,-16.598326,14.223149,-16.591059,14.225119
0,-16.578421,14.229712,-16.586504,14.233476,-16.577912,14.227652
0,-16.590220,14.233789,-16.590989,14.233854,-16.591059,14.225119
0,-16.590220,14.233789,-16.591059,14.225119,-16.586504,14.233476
0,-16.591458,14.183965,-16.594311,14.172879,-16.590884,14.178458
0,-16.611037,14.185223,-16.594311,14.172879,-16.591458,14.183965
0,-16.611037,14.185223,-16.613844,14.171841,-16.594311,14.172879
0,-16.595780,14.200668,-16.585116,14.197411,-16.584221,14.199955
0,-16.577912,14.227652,-16.586636,14.215543,-16.579338,14.215903
0,-16.592608,14.207392,-16.584221,14.199955,-16.579008,14.210851
0,-16.592608,14.207392,-16.595780,14.200668,-16.584221,14.199955
1,-16.616785,14.267337,-16.612458,14.265218,-16.609942,14.276500
1,-16.612458,14.265218,-16.602433,14.269011,-16.609942,14.276500
1,-16.609942,14.276500,-16.602433,14.269011,-16.603859,14.278908
1,-16.602433,14.269011,-16.595536,14.269661,-16.603859,14.278908
1,-16.603859,14.278908,-16.595536,14.269661,-16.593863,14.286212
1,-16.593863,14.286212,-16.582404,14.277687,-16.588354,14.288156
1,-16.593863,14.286212,-16.595536,14.269661,-16.582404,14.277687
1,-16.588354,14.288156,-16.582404,14.277687,-16.583657,14.286224
1,-16.582404,14.277687,-16.580782,14.281534,-16.583657,14.286224
2,-16.620938,14.235157,-16.616084,14.227658,-16.610207,14.228454
2,-16.620856,14.230792,-16.619171,14.228983,-16.620938,14.235157
2,-16.620938,14.235157,-16.619171,14.228983,-16.616084,14.227658
2,-16.615033,14.246756,-16.620938,14.235157,-16.610207,14.228454
2,-16.599127,14.240605,-16.615033,14.246756,-16.610207,14.228454
2,-16.599127,14.240605,-16.595440,14.245038,-16.609923,14.250755
2,-16.615033,14.246756,-16.599127,14.240605,-16.609923,14.250755
2,-16.609923,14.250755,-16.595440,14.245038,-16.603716,14.258912
2,-16.603716,14.258912,-16.595440,14.245038,-16.591793,14.251538
2,-16.603716,14.258912,-16.591793,14.251538,-16.596688,14.261106
2,-16.591793,14.251538,-16.590235,14.256394,-16.596688,14.261106
2,-16.590235,14.256394,-16.590781,14.260293,-16.596688,14.261106
