0,0,1,1,13,
0,-13.241731,13.020278,-13.241709,13.013471,-13.238906,13.019682
0,-13.179388,12.985673,-13.201327,13.002801,-13.180523,12.983394
0,-13.211624,13.035782,-13.198030,13.016421,-13.192052,13.023874
0,-13.180523,12.983394,-13.201327,13.002801,-13.210877,12.988797
0,-13.217856,12.996314,-13.201327,13.002801,-13.200952,13.008556
0,-13.217856,12.996314,-13.200952,13.008556,-13.229289,13.019836
0,-13.180523,12.983394,-13.210877,12.988797,-13.196817,12.963749
0,-13.233716,13.017925,-13.238906,13.019682,-13.241709,13.013471
0,-13.193722,12.963371,-13.181851,12.970507,-13.196817,12.963749
0,-13.229289,13.019836,-13.200952,13.008556,-13.198030,13.016421
0,-13.229289,13.019836,-13.237299,13.008459,-13.217856,12.996314
0,-13.210877,12.988797,-13.201327,13.002801,-13.217856,12.996314
0,-13.237299,13.008459,-13.233716,13.017925,-13.241709,13.013471
0,-13.238906,13.019682,-13.240081,13.020727,-13.241731,13.020278
0,-13.211624,13.035782,-13.229289,13.019836,-13.198030,13.016421
0,-13.233716,13.017925,-13.237299,13.008459,-13.229289,13.019836
0,-13.197278,13.037805,-13.211624,13.035782,-13.192052,13.023874
0,-13.197278,13.037805,-13.192052,13.023874,-13.190753,13.030563
0,-13.192396,13.037593,-13.197278,13.037805,-13.190753,13.030563
0,-13.180523,12.983394,-13.196817,12.963749,-13.181851,12.970507
0,-13.179807,12.981327,-13.180523,12.983394,-13.181851,12.970507
0,-13.179462,12.969498,-13.181851,12.970507,-13.181980,12.967231
0,-13.178989,12.977047,-13.179807,12.981327,-13.181851,12.970507
0,-13.189902,12.963887,-13.181851,12.970507,-13.193722,12.963371
0,-13.181851,12.970507,-13.189902,12.963887,-13.181980,12.967231
