0,0,1,1,13,
0,-13.559339,13.039834,-13.554485,13.034257,-13.542680,13.038884
0,-13.532727,13.015245,-13.530262,13.033639,-13.547670,13.020346
0,-13.562140,13.055002,-13.564544,13.045814,-13.559339,13.039834
0,-13.525380,13.006240,-13.531102,13.006841,-13.538211,12.989460
0,-13.538211,12.989460,-13.532947,12.983570,-13.525380,13.006240
0,-13.531102,13.006841,-13.534297,13.010878,-13.541842,12.995836
0,-13.532727,13.015245,-13.527656,13.018695,-13.530262,13.033639
0,-13.534297,13.010878,-13.547670,13.020346,-13.541842,12.995836
0,-13.534297,13.010878,-13.532727,13.015245,-13.547670,13.020346
0,-13.531102,13.006841,-13.541842,12.995836,-13.538211,12.989460
0,-13.542680,13.038884,-13.547670,13.020346,-13.530262,13.033639
0,-13.565550,13.047441,-13.564544,13.045814,-13.562140,13.055002
0,-13.562140,13.055002,-13.559339,13.039834,-13.545906,13.049775
0,-13.558654,13.057509,-13.562140,13.055002,-13.545906,13.049775
0,-13.559339,13.039834,-13.542680,13.038884,-13.545906,13.049775
0,-13.554485,13.034257,-13.547670,13.020346,-13.542680,13.038884
0,-13.510704,12.992905,-13.525380,13.006240,-13.532947,12.983570
0,-13.523548,13.024322,-13.530262,13.033639,-13.527656,13.018695
0,-13.530262,13.033639,-13.523548,13.024322,-13.522577,13.034097
0,-13.513930,13.004108,-13.523162,13.008120,-13.525380,13.006240
0,-13.510704,12.992905,-13.511048,12.999134,-13.525380,13.006240
0,-13.511048,12.999134,-13.513930,13.004108,-13.525380,13.006240
0,-13.532947,12.983570,-13.514479,12.983541,-13.510704,12.992905
0,-13.532947,12.983570,-13.526064,12.979088,-13.514479,12.983541
0,-13.526064,12.979088,-13.517133,12.978089,-13.514479,12.983541
0,-13.517133,12.978089,-13.511598,12.976905,-13.514479,12.983541
0,-13.517133,12.978089,-13.510739,12.975304,-13.511598,12.976905
