0,0,1,1,13,
0,-13.379794,13.276585,-13.369434,13.275229,-13.381288,13.279986
0,-13.338970,13.277229,-13.365179,13.271117,-13.364291,13.263260
0,-13.335595,13.271995,-13.338970,13.277229,-13.364291,13.263260
0,-13.369434,13.275229,-13.365179,13.271117,-13.367246,13.298470
0,-13.360236,13.331182,-13.360683,13.338958,-13.364921,13.335969
0,-13.345090,13.305872,-13.351005,13.322330,-13.356959,13.316981
0,-13.360683,13.338958,-13.365915,13.342781,-13.364921,13.335969
0,-13.338970,13.277229,-13.345090,13.305872,-13.367246,13.298470
0,-13.342204,13.241139,-13.335595,13.271995,-13.348647,13.248049
0,-13.342204,13.241139,-13.320341,13.235989,-13.314974,13.257175
0,-13.364291,13.263260,-13.365327,13.252727,-13.359937,13.248535
0,-13.333459,13.208619,-13.322702,13.206023,-13.334546,13.211773
0,-13.271238,13.200601,-13.313220,13.198424,-13.274255,13.184456
0,-13.271238,13.200601,-13.265391,13.216101,-13.267599,13.221814
0,-13.319566,13.231831,-13.304932,13.249957,-13.320341,13.235989
0,-13.348647,13.248049,-13.335595,13.271995,-13.364291,13.263260
0,-13.340070,13.237932,-13.320341,13.235989,-13.342204,13.241139
0,-13.334546,13.211773,-13.322702,13.206023,-13.319566,13.231831
0,-13.383639,13.292385,-13.384731,13.291481,-13.381288,13.279986
0,-13.348647,13.248049,-13.364291,13.263260,-13.359937,13.248535
0,-13.381288,13.279986,-13.369434,13.275229,-13.367246,13.298470
0,-13.367246,13.298470,-13.383639,13.292385,-13.381288,13.279986
0,-13.364921,13.335969,-13.365915,13.342781,-13.373430,13.343963
0,-13.362122,13.304483,-13.367246,13.298470,-13.345090,13.305872
0,-13.373430,13.343963,-13.365915,13.342781,-13.379938,13.346400
0,-13.380720,13.345323,-13.373430,13.343963,-13.379938,13.346400
0,-13.360236,13.331182,-13.351005,13.322330,-13.360683,13.338958
0,-13.358008,13.309608,-13.362122,13.304483,-13.345090,13.305872
0,-13.356959,13.316981,-13.351005,13.322330,-13.360236,13.331182
0,-13.356959,13.316981,-13.358008,13.309608,-13.345090,13.305872
0,-13.319566,13.231831,-13.322702,13.206023,-13.313220,13.198424
0,-13.365179,13.271117,-13.338970,13.277229,-13.367246,13.298470
0,-13.314974,13.257175,-13.320341,13.235989,-13.304932,13.249957
0,-13.342204,13.241139,-13.314974,13.257175,-13.335595,13.271995
0,-13.313220,13.198424,-13.281704,13.236996,-13.319566,13.231831
0,-13.304932,13.249957,-13.319566,13.231831,-13.281704,13.236996
0,-13.271238,13.200601,-13.267599,13.221814,-13.281704,13.236996
0,-13.280156,13.157357,-13.276863,13.156494,-13.275031,13.160529
0,-13.299005,13.168969,-13.274255,13.184456,-13.305428,13.176743
0,-13.280156,13.157357,-13.277415,13.155278,-13.276863,13.156494
0,-13.313220,13.198424,-13.271238,13.200601,-13.281704,13.236996
0,-13.305428,13.176743,-13.274255,13.184456,-13.313220,13.198424
0,-13.313220,13.198424,-13.312664,13.181596,-13.305428,13.176743
0,-13.275031,13.160529,-13.273387,13.174582,-13.280156,13.157357
0,-13.273387,13.174582,-13.299005,13.168969,-13.280156,13.157357
0,-13.274255,13.184456,-13.299005,13.168969,-13.273387,13.174582
