0,0,1,1,13,
0,-13.427691,13.342684,-13.428972,13.328418,-13.413268,13.326189
0,-13.427691,13.342684,-13.444491,13.336197,-13.436514,13.332508
0,-13.427691,13.342684,-13.436514,13.332508,-13.428972,13.328418
0,-13.446280,13.335130,-13.436514,13.332508,-13.444491,13.336197
0,-13.388743,13.346509,-13.427691,13.342684,-13.413268,13.326189
0,-13.401680,13.320782,-13.388743,13.346509,-13.413268,13.326189
0,-13.389959,13.323388,-13.380720,13.345323,-13.388743,13.346509
0,-13.401680,13.320782,-13.391588,13.321308,-13.389959,13.323388
0,-13.401680,13.320782,-13.389959,13.323388,-13.388743,13.346509
0,-13.380720,13.345323,-13.379938,13.346400,-13.382666,13.347105
0,-13.388743,13.346509,-13.380720,13.345323,-13.382666,13.347105
