0,0,1,1,13,
0,-13.696670,13.305216,-13.689749,13.299129,-13.686350,13.332101
0,-13.696670,13.305216,-13.701370,13.331065,-13.707433,13.328711
0,-13.707433,13.328711,-13.701370,13.331065,-13.703739,13.333654
0,-13.696670,13.305216,-13.686350,13.332101,-13.701370,13.331065
0,-13.670368,13.330152,-13.689749,13.299129,-13.685455,13.296564
0,-13.686350,13.332101,-13.670368,13.330152,-13.674190,13.338401
0,-13.686350,13.332101,-13.689749,13.299129,-13.670368,13.330152
0,-13.685455,13.296564,-13.689749,13.299129,-13.685029,13.293165
0,-13.674190,13.338401,-13.670368,13.330152,-13.670654,13.336588
