0,0,0,0,12,
0,-16.583836,12.669016,-16.579130,12.667950,-16.575079,12.676765
0,-16.594948,12.667293,-16.589630,12.665690,-16.588961,12.679966
0,-16.589630,12.665690,-16.583836,12.669016,-16.588961,12.679966
0,-16.577658,12.689372,-16.565917,12.692828,-16.570965,12.694782
0,-16.574465,12.694029,-16.577658,12.689372,-16.570965,12.694782
0,-16.583836,12.669016,-16.575079,12.676765,-16.588961,12.679966
0,-16.575079,12.676765,-16.565917,12.692828,-16.577658,12.689372
0,-16.588961,12.679966,-16.575079,12.676765,-16.577658,12.689372
0,-16.579130,12.667950,-16.573779,12.669885,-16.575079,12.676765
