0,0,0,1,12,
0,-16.665696,14.541413,-16.671669,14.538672,-16.670750,14.534428
0,-16.676657,14.559370,-16.672777,14.550284,-16.667528,14.553115
0,-16.677523,14.567628,-16.676657,14.559370,-16.664616,14.558898
0,-16.685172,14.646078,-16.684281,14.636672,-16.680855,14.658070
0,-16.665696,14.541413,-16.668461,14.550326,-16.673081,14.545186
0,-16.655528,14.597287,-16.671690,14.595539,-16.656691,14.576277
0,-16.672777,14.550284,-16.673081,14.545186,-16.668461,14.550326
0,-16.673081,14.545186,-16.671669,14.538672,-16.665696,14.541413
0,-16.676712,14.623483,-16.675711,14.608335,-16.656739,14.603990
0,-16.674179,14.577799,-16.656691,14.576277,-16.671690,14.595539
0,-16.677523,14.567628,-16.664616,14.558898,-16.659481,14.574158
0,-16.680855,14.658070,-16.688500,14.659576,-16.686121,14.656271
0,-16.686287,14.642841,-16.684281,14.636672,-16.685172,14.646078
0,-16.680855,14.658070,-16.684281,14.636672,-16.676712,14.623483
0,-16.685172,14.646078,-16.680855,14.658070,-16.686121,14.656271
0,-16.680855,14.658070,-16.676712,14.623483,-16.656739,14.603990
0,-16.656739,14.603990,-16.675711,14.608335,-16.671690,14.595539
0,-16.656731,14.529165,-16.665696,14.541413,-16.670750,14.534428
0,-16.664311,14.554022,-16.664616,14.558898,-16.667528,14.553115
0,-16.676657,14.559370,-16.667528,14.553115,-16.664616,14.558898
0,-16.672777,14.550284,-16.668461,14.550326,-16.667528,14.553115
0,-16.656739,14.603990,-16.671690,14.595539,-16.655528,14.597287
0,-16.674179,14.577799,-16.659481,14.574158,-16.656691,14.576277
0,-16.674179,14.577799,-16.677523,14.567628,-16.659481,14.574158
0,-16.662739,14.522622,-16.656731,14.529165,-16.670750,14.534428
0,-16.638764,14.514783,-16.645222,14.526304,-16.649809,14.526234
0,-16.662739,14.522622,-16.657240,14.518815,-16.656731,14.529165
0,-16.656731,14.529165,-16.657240,14.518815,-16.649809,14.526234
0,-16.638764,14.514783,-16.649809,14.526234,-16.651396,14.509268
0,-16.651396,14.509268,-16.649809,14.526234,-16.657240,14.518815
0,-16.638764,14.514783,-16.651396,14.509268,-16.637448,14.495271
0,-16.638764,14.514783,-16.637448,14.495271,-16.617997,14.489416
