0,0,0,0,12,
0,-16.572783,14.155562,-16.570877,14.154448,-16.568978,14.155148
0,-16.574482,14.158291,-16.572783,14.155562,-16.568978,14.155148
0,-16.568709,14.164372,-16.574482,14.158291,-16.568978,14.155148
0,-16.562468,14.165007,-16.568253,14.168066,-16.568709,14.164372
0,-16.568978,14.155148,-16.567603,14.155655,-16.568709,14.164372
0,-16.568253,14.168066,-16.562045,14.167524,-16.567686,14.172665
0,-16.565035,14.176198,-16.562045,14.167524,-16.563065,14.178824
0,-16.562045,14.167524,-16.553202,14.179129,-16.556965,14.180660
0,-16.568253,14.168066,-16.562468,14.165007,-16.562045,14.167524
0,-16.562045,14.167524,-16.556965,14.180660,-16.563065,14.178824
0,-16.567603,14.155655,-16.562468,14.165007,-16.568709,14.164372
0,-16.567686,14.172665,-16.562045,14.167524,-16.565035,14.176198
