0,0,1,1,13,
0,-16.282817,16.508329,-16.283325,16.508329,-16.282931,16.508194
0,-16.283325,16.508329,-16.283325,16.506454,-16.282931,16.508194
1,-16.287365,16.474997,-16.291659,16.474997,-16.288044,16.474060
1,-16.291659,16.474997,-16.291659,16.472190,-16.288044,16.474060
2,-16.305825,16.456335,-16.308325,16.449997,-16.308314,16.445576
2,-16.308325,16.449997,-16.308325,16.445403,-16.308314,16.445576
2,-16.308325,16.458330,-16.305825,16.456335,-16.304848,16.458330
2,-16.308325,16.458330,-16.308325,16.449997,-16.305825,16.456335
3,-16.316658,16.408329,-16.324992,16.408329,-16.324400,16.406956
3,-16.324992,16.408329,-16.324992,16.406210,-16.324400,16.406956
3,-16.316658,16.408329,-16.315287,16.407616,-16.314344,16.408329
3,-16.324400,16.406956,-16.315287,16.407616,-16.316658,16.408329
4,-16.333325,16.399996,-16.331623,16.397848,-16.329920,16.399996
4,-16.333325,16.399996,-16.333325,16.391663,-16.331623,16.397848
4,-16.333325,16.389150,-16.331623,16.397848,-16.333325,16.391663
5,-16.330798,16.362284,-16.333325,16.358330,-16.331574,16.356098
5,-16.333325,16.358330,-16.333325,16.352923,-16.331574,16.356098
5,-16.330798,16.362284,-16.333325,16.379522,-16.333325,16.374996
5,-16.330798,16.362284,-16.333325,16.366663,-16.333325,16.358330
5,-16.330798,16.362284,-16.333325,16.374996,-16.333325,16.366663
6,-16.341658,16.341663,-16.349991,16.341663,-16.343409,16.337168
6,-16.349991,16.341663,-16.349991,16.337070,-16.343409,16.337168
6,-16.341013,16.338982,-16.339534,16.341663,-16.341658,16.341663
6,-16.341013,16.338982,-16.341658,16.341663,-16.343409,16.337168
7,-16.356285,16.333330,-16.358324,16.333330,-16.358324,16.332987
7,-16.356285,16.333330,-16.358324,16.332987,-16.357479,16.332022
8,-16.505772,16.062185,-16.504946,16.053274,-16.501597,16.062822
8,-16.505772,16.062185,-16.502118,16.066664,-16.506186,16.066664
8,-16.504946,16.053274,-16.505089,16.046915,-16.502783,16.047360
8,-16.502118,16.066664,-16.505772,16.062185,-16.501597,16.062822
8,-16.501597,16.062822,-16.504946,16.053274,-16.500922,16.046257
8,-16.500922,16.046257,-16.504946,16.053274,-16.502783,16.047360
