0,0,0,1,12,
0,-16.423726,14.338846,-16.424340,14.333779,-16.412453,14.325178
0,-16.355509,14.359783,-16.377053,14.390902,-16.380934,14.383941
0,-16.400761,14.346367,-16.397017,14.347810,-16.400175,14.365913
0,-16.425652,14.341111,-16.434481,14.346935,-16.433463,14.342816
0,-16.433463,14.342816,-16.432019,14.341231,-16.425652,14.341111
0,-16.466578,14.387290,-16.473345,14.383494,-16.461560,14.370829
0,-16.400761,14.346367,-16.423726,14.338846,-16.412453,14.325178
0,-16.427168,14.372343,-16.425703,14.369612,-16.423809,14.369185
0,-16.428282,14.356007,-16.400761,14.346367,-16.403260,14.367009
0,-16.352734,14.467389,-16.356924,14.464332,-16.336335,14.448977
0,-16.412379,14.375817,-16.423809,14.369185,-16.403260,14.367009
0,-16.355509,14.359783,-16.380934,14.383941,-16.361817,14.356688
0,-16.389277,14.375982,-16.363194,14.354595,-16.361817,14.356688
0,-16.284336,14.520022,-16.276737,14.530490,-16.283509,14.553127
0,-16.284336,14.520022,-16.319401,14.515527,-16.318644,14.512780
0,-16.283509,14.553127,-16.276737,14.530490,-16.273493,14.550789
0,-16.352734,14.467389,-16.336335,14.448977,-16.335450,14.450446
0,-16.335450,14.450446,-16.328225,14.455165,-16.352734,14.467389
0,-16.449377,14.387819,-16.455040,14.375310,-16.436675,14.376547
0,-16.400761,14.346367,-16.425652,14.341111,-16.423726,14.338846
0,-16.428282,14.356007,-16.434481,14.346935,-16.425652,14.341111
0,-16.424340,14.333779,-16.421879,14.328076,-16.412453,14.325178
0,-16.396664,14.367353,-16.389277,14.375982,-16.391623,14.375255
0,-16.383517,14.345769,-16.393002,14.347419,-16.387263,14.342922
0,-16.363194,14.354595,-16.389277,14.375982,-16.383517,14.345769
0,-16.419031,14.378691,-16.427168,14.372343,-16.423809,14.369185
0,-16.477400,14.373312,-16.473345,14.383494,-16.478253,14.376033
0,-16.428282,14.356007,-16.403260,14.367009,-16.423809,14.369185
0,-16.397017,14.347810,-16.393002,14.347419,-16.396664,14.367353
0,-16.400761,14.346367,-16.400175,14.365913,-16.403260,14.367009
0,-16.393002,14.347419,-16.383517,14.345769,-16.396664,14.367353
0,-16.397017,14.347810,-16.396664,14.367353,-16.400175,14.365913
0,-16.383517,14.345769,-16.389277,14.375982,-16.396664,14.367353
0,-16.436675,14.376547,-16.426224,14.385231,-16.437365,14.388487
0,-16.400761,14.346367,-16.428282,14.356007,-16.425652,14.341111
0,-16.477400,14.373312,-16.461560,14.370829,-16.473345,14.383494
0,-16.472796,14.366495,-16.477400,14.373312,-16.478314,14.371686
0,-16.472796,14.366495,-16.461560,14.370829,-16.477400,14.373312
0,-16.478253,14.376033,-16.473345,14.383494,-16.478402,14.376512
0,-16.461560,14.370829,-16.455040,14.375310,-16.466578,14.387290
0,-16.452462,14.388915,-16.466578,14.387290,-16.455040,14.375310
0,-16.455040,14.375310,-16.449377,14.387819,-16.452462,14.388915
0,-16.436675,14.376547,-16.431658,14.372956,-16.426224,14.385231
0,-16.350022,14.473870,-16.352734,14.467389,-16.325924,14.458422
0,-16.412379,14.375817,-16.419031,14.378691,-16.423809,14.369185
0,-16.426224,14.385231,-16.431658,14.372956,-16.427168,14.372343
0,-16.365563,14.446486,-16.340487,14.442087,-16.365927,14.453605
0,-16.377053,14.390902,-16.355509,14.359783,-16.337540,14.409272
0,-16.376810,14.393351,-16.337540,14.409272,-16.374262,14.418990
0,-16.449377,14.387819,-16.436675,14.376547,-16.437365,14.388487
0,-16.426224,14.385231,-16.427168,14.372343,-16.419031,14.378691
0,-16.318644,14.512780,-16.307799,14.499864,-16.284336,14.520022
0,-16.323809,14.501465,-16.307799,14.499864,-16.318644,14.512780
0,-16.350022,14.473870,-16.325924,14.458422,-16.324034,14.471323
0,-16.337540,14.409272,-16.376810,14.393351,-16.377053,14.390902
0,-16.283509,14.553127,-16.273493,14.550789,-16.279490,14.565834
0,-16.319401,14.515527,-16.284336,14.520022,-16.283509,14.553127
0,-16.279641,14.574333,-16.279490,14.565834,-16.271115,14.568418
0,-16.279641,14.574333,-16.271752,14.581819,-16.276263,14.596680
0,-16.276263,14.596680,-16.271752,14.581819,-16.269259,14.596302
0,-16.276263,14.596680,-16.269259,14.596302,-16.273217,14.597880
0,-16.271752,14.581819,-16.279641,14.574333,-16.271115,14.568418
0,-16.273493,14.550789,-16.276737,14.530490,-16.265330,14.550694
0,-16.273493,14.550789,-16.271115,14.568418,-16.279490,14.565834
0,-16.273493,14.550789,-16.265330,14.550694,-16.262329,14.556009
0,-16.263995,14.570716,-16.262329,14.556009,-16.257609,14.569186
0,-16.263995,14.570716,-16.257609,14.569186,-16.257363,14.580704
0,-16.352734,14.467389,-16.328225,14.455165,-16.325924,14.458422
0,-16.337418,14.481208,-16.321116,14.479646,-16.331185,14.488668
0,-16.307799,14.499864,-16.323809,14.501465,-16.326361,14.495874
0,-16.326361,14.495874,-16.321116,14.479646,-16.307799,14.499864
0,-16.326361,14.495874,-16.331185,14.488668,-16.321116,14.479646
0,-16.337418,14.481208,-16.350022,14.473870,-16.324034,14.471323
0,-16.321116,14.479646,-16.337418,14.481208,-16.324034,14.471323
0,-16.374262,14.418990,-16.341786,14.422530,-16.367291,14.437725
0,-16.365927,14.453605,-16.340487,14.442087,-16.356924,14.464332
0,-16.367291,14.437725,-16.340487,14.442087,-16.365563,14.446486
0,-16.355509,14.359783,-16.361817,14.356688,-16.359925,14.356259
0,-16.380934,14.383941,-16.389277,14.375982,-16.361817,14.356688
0,-16.356924,14.464332,-16.340487,14.442087,-16.336335,14.448977
0,-16.367291,14.437725,-16.341786,14.422530,-16.339014,14.438894
0,-16.340487,14.442087,-16.367291,14.437725,-16.339014,14.438894
0,-16.341786,14.422530,-16.374262,14.418990,-16.337540,14.409272
0,-16.338621,14.417069,-16.341786,14.422530,-16.337540,14.409272
0,-16.263995,14.570716,-16.273493,14.550789,-16.262329,14.556009
