0,0,0,0,12,
0,-16.656441,12.372534,-16.666817,12.373735,-16.665429,12.365238
0,-16.668850,12.360574,-16.676653,12.364802,-16.674992,12.358329
0,-16.659693,12.383517,-16.666817,12.373735,-16.656441,12.372534
0,-16.676653,12.364802,-16.668850,12.360574,-16.665429,12.365238
0,-16.667674,12.372558,-16.665429,12.365238,-16.666817,12.373735
0,-16.669436,12.358329,-16.668850,12.360574,-16.674992,12.358329
0,-16.679010,12.358329,-16.674992,12.358329,-16.676653,12.364802
0,-16.676653,12.364802,-16.665429,12.365238,-16.667674,12.372558
0,-16.659693,12.383517,-16.654149,12.381165,-16.652510,12.387329
0,-16.660000,12.387424,-16.659693,12.383517,-16.652510,12.387329
0,-16.654149,12.381165,-16.659693,12.383517,-16.656441,12.372534
0,-16.643071,12.395554,-16.649859,12.395661,-16.652510,12.387329
0,-16.655877,12.392100,-16.652510,12.387329,-16.649859,12.395661
0,-16.655877,12.392100,-16.660000,12.387424,-16.652510,12.387329
