0,0,0,0,12,
0,-16.485621,16.000000,-16.487963,15.997257,-16.482945,15.995280
0,-16.483128,16.000000,-16.482945,15.995280,-16.481764,15.995530
0,-16.477389,15.989870,-16.480225,15.989362,-16.475613,15.983706
0,-16.477175,16.000000,-16.477312,15.993469,-16.473437,16.000052
0,-16.480225,15.989362,-16.486386,15.989026,-16.483454,15.984488
0,-16.482661,15.992762,-16.482945,15.995280,-16.487963,15.997257
0,-16.480225,15.989362,-16.483454,15.984488,-16.480584,15.983161
0,-16.482661,15.992762,-16.486386,15.989026,-16.481430,15.991044
0,-16.486386,15.989026,-16.482661,15.992762,-16.487963,15.997257
0,-16.483128,16.000000,-16.485621,16.000000,-16.482945,15.995280
0,-16.484539,16.000868,-16.485621,16.000000,-16.483128,16.000000
0,-16.477175,16.000000,-16.473437,16.000052,-16.475558,16.000530
0,-16.477312,15.993469,-16.471009,15.991128,-16.473437,16.000052
0,-16.471999,16.000000,-16.473437,16.000052,-16.471009,15.991128
0,-16.471999,16.000000,-16.469143,16.000000,-16.470496,16.000517
0,-16.471999,16.000000,-16.471009,15.991128,-16.469143,16.000000
0,-16.481430,15.991044,-16.486386,15.989026,-16.480225,15.989362
0,-16.477312,15.993469,-16.477389,15.989870,-16.471009,15.991128
0,-16.480225,15.989362,-16.480584,15.983161,-16.475613,15.983706
0,-16.477389,15.989870,-16.475613,15.983706,-16.471009,15.991128
