0,0,0,1,12,
0,-16.838089,14.170485,-16.843092,14.161427,-16.833035,14.165063
0,-16.843092,14.161427,-16.845841,14.157467,-16.842503,14.155460
0,-16.815102,14.163559,-16.811284,14.161102,-16.808729,14.176297
0,-16.843092,14.161427,-16.842503,14.155460,-16.839926,14.156200
0,-16.838089,14.170485,-16.833035,14.165063,-16.829058,14.166517
0,-16.843092,14.161427,-16.839926,14.156200,-16.833035,14.165063
0,-16.817326,14.180759,-16.822556,14.183188,-16.829058,14.166517
0,-16.835436,14.179271,-16.838089,14.170485,-16.829058,14.166517
0,-16.822556,14.183188,-16.835436,14.179271,-16.829058,14.166517
0,-16.822556,14.183188,-16.833413,14.184136,-16.835436,14.179271
0,-16.815102,14.163559,-16.817326,14.180759,-16.829058,14.166517
0,-16.812973,14.179272,-16.817326,14.180759,-16.815102,14.163559
0,-16.799515,14.161564,-16.811284,14.161102,-16.806265,14.157518
0,-16.799515,14.161564,-16.808729,14.176297,-16.811284,14.161102
0,-16.815102,14.163559,-16.808729,14.176297,-16.812973,14.179272
0,-16.799515,14.161564,-16.804703,14.156860,-16.801691,14.155590
0,-16.799515,14.161564,-16.801691,14.155590,-16.796702,14.161051
0,-16.799515,14.161564,-16.806265,14.157518,-16.804703,14.156860
0,-16.796702,14.161051,-16.801691,14.155590,-16.794499,14.159148
0,-16.801691,14.155590,-16.793202,14.152012,-16.794499,14.159148
0,-16.793202,14.152012,-16.790697,14.156427,-16.794499,14.159148
