0,0,0,0,6,
0,-15.975563,12.860084,-15.987116,12.864041,-15.985316,12.854409
0,-15.976150,12.867206,-15.987116,12.864041,-15.975563,12.860084
0,-15.937958,12.882758,-15.942770,12.876011,-15.929922,12.878742
0,-15.893237,12.929687,-15.896819,12.919282,-15.889557,12.919623
0,-15.773806,12.969234,-15.779278,12.974211,-15.776818,12.966887
0,-15.963422,12.891288,-15.966111,12.883925,-15.957563,12.877389
0,-15.834741,12.937488,-15.840292,12.927635,-15.835725,12.925742
0,-15.664908,12.979131,-15.659168,12.971855,-15.656635,12.974882
0,-16.022046,12.723625,-16.013798,12.720766,-16.024496,12.744061
0,-16.024496,12.744061,-16.028309,12.733877,-16.022046,12.723625
0,-16.003027,12.763495,-16.005480,12.770127,-16.013111,12.764025
0,-16.018570,12.754046,-16.024512,12.759012,-16.022480,12.749613
0,-15.996879,12.788437,-16.000206,12.777112,-15.993957,12.781813
0,-16.000206,12.777112,-16.005480,12.770127,-15.996654,12.774868
0,-15.957563,12.877389,-15.952146,12.875864,-15.944986,12.882417
0,-15.987396,12.838504,-15.987080,12.847711,-15.997877,12.833957
0,-15.975162,12.892524,-15.983772,12.886926,-15.975040,12.885165
0,-15.943457,12.932126,-15.937506,12.926699,-15.935827,12.932836
0,-15.921983,12.938212,-15.902718,12.921490,-15.899355,12.930973
0,-15.919954,12.900060,-15.927231,12.900637,-15.925731,12.894910
0,-15.936322,12.940289,-15.935827,12.932836,-15.929020,12.938333
0,-15.935027,12.918457,-15.936259,12.907856,-15.922403,12.906463
0,-15.783415,12.968859,-15.776818,12.966887,-15.779278,12.974211
0,-15.658502,12.989575,-15.661892,12.981244,-15.653944,12.982972
0,-15.689081,12.995336,-15.684611,12.994483,-15.680312,13.004667
0,-15.684611,12.994483,-15.675577,12.986566,-15.671984,12.996968
0,-15.671984,12.996968,-15.675577,12.986566,-15.668854,12.991724
0,-15.752858,12.966283,-15.746053,12.964130,-15.756265,12.972257
0,-15.780034,12.933026,-15.787891,12.940498,-15.789481,12.937255
0,-15.779039,12.959035,-15.776818,12.966887,-15.783415,12.968859
0,-15.809741,12.943158,-15.815379,12.943764,-15.813767,12.930906
0,-15.797873,12.934137,-15.800053,12.923752,-15.792786,12.923863
0,-15.834741,12.937488,-15.835725,12.925742,-15.826799,12.924728
0,-15.793195,12.934898,-15.797873,12.934137,-15.792786,12.923863
0,-15.826799,12.924728,-15.813767,12.930906,-15.834741,12.937488
0,-15.800939,12.935242,-15.809312,12.930974,-15.804767,12.925292
0,-16.031449,12.697481,-16.032051,12.697024,-16.019829,12.695558
0,-16.030878,12.747410,-16.028309,12.733877,-16.024496,12.744061
0,-16.028420,12.754580,-16.030878,12.747410,-16.022480,12.749613
0,-16.024512,12.759012,-16.028420,12.754580,-16.022480,12.749613
0,-16.019829,12.695558,-16.025675,12.702404,-16.031449,12.697481
0,-16.019829,12.695558,-16.013798,12.720766,-16.022280,12.709590
0,-16.022480,12.749613,-16.030878,12.747410,-16.024496,12.744061
0,-16.025675,12.702404,-16.019829,12.695558,-16.022280,12.709590
0,-16.022280,12.709590,-16.013798,12.720766,-16.022046,12.723625
0,-16.013111,12.764025,-16.024512,12.759012,-16.018570,12.754046
0,-15.996654,12.774868,-16.005480,12.770127,-16.003027,12.763495
0,-15.993957,12.781813,-16.000206,12.777112,-15.996654,12.774868
0,-16.012059,12.758004,-16.013111,12.764025,-16.018570,12.754046
0,-16.003027,12.763495,-16.013111,12.764025,-16.012059,12.758004
0,-15.979054,12.872680,-15.987116,12.864041,-15.976150,12.867206
0,-15.998381,12.792549,-15.996879,12.788437,-15.993187,12.791946
0,-15.985316,12.854409,-15.987080,12.847711,-15.975563,12.860084
0,-15.979054,12.872680,-15.987135,12.873734,-15.987116,12.864041
0,-15.937958,12.882758,-15.944986,12.882417,-15.942770,12.876011
0,-15.978510,12.882350,-15.987148,12.880143,-15.978605,12.880678
0,-15.978605,12.880678,-15.987135,12.873734,-15.979054,12.872680
0,-16.008652,12.819077,-16.003165,12.814100,-16.001854,12.819872
0,-15.997539,12.828223,-15.987396,12.838504,-15.997877,12.833957
0,-15.975563,12.860084,-15.987080,12.847711,-15.987396,12.838504
0,-16.004990,12.826908,-15.997539,12.828223,-15.997877,12.833957
0,-15.996879,12.788437,-15.993957,12.781813,-15.993187,12.791946
0,-15.993187,12.791946,-16.003165,12.814100,-15.998381,12.792549
0,-16.003165,12.814100,-16.008652,12.819077,-16.008772,12.813236
0,-16.008772,12.813236,-15.998381,12.792549,-16.003165,12.814100
0,-16.004990,12.826908,-16.001854,12.819872,-15.997539,12.828223
0,-16.004990,12.826908,-16.008652,12.819077,-16.001854,12.819872
0,-15.978605,12.880678,-15.987148,12.880143,-15.987135,12.873734
0,-15.975040,12.885165,-15.983772,12.886926,-15.978510,12.882350
0,-15.963422,12.891288,-15.957563,12.877389,-15.944986,12.882417
0,-15.952146,12.875864,-15.942770,12.876011,-15.944986,12.882417
0,-15.975162,12.892524,-15.975040,12.885165,-15.967673,12.893332
0,-15.975040,12.885165,-15.966111,12.883925,-15.967673,12.893332
0,-15.978510,12.882350,-15.983772,12.886926,-15.987148,12.880143
0,-15.967673,12.893332,-15.966111,12.883925,-15.963422,12.891288
0,-15.944989,12.925432,-15.937506,12.926699,-15.943457,12.932126
0,-15.944989,12.925432,-15.941779,12.915591,-15.937506,12.926699
0,-15.936322,12.940289,-15.943457,12.932126,-15.935827,12.932836
0,-15.935027,12.918457,-15.941779,12.915591,-15.936259,12.907856
0,-15.937506,12.926699,-15.941779,12.915591,-15.935027,12.918457
0,-15.920448,12.944676,-15.929020,12.938333,-15.921983,12.938212
0,-15.930528,12.944520,-15.936322,12.940289,-15.929020,12.938333
0,-15.893237,12.929687,-15.899355,12.930973,-15.896819,12.919282
0,-15.929020,12.938333,-15.920448,12.944676,-15.930528,12.944520
0,-15.920448,12.944676,-15.921983,12.938212,-15.915490,12.942684
0,-15.915490,12.942684,-15.921983,12.938212,-15.899355,12.930973
0,-15.879250,12.949226,-15.883163,12.945721,-15.876734,12.938683
0,-15.899355,12.930973,-15.902718,12.921490,-15.896819,12.919282
0,-15.882800,12.922258,-15.889520,12.931815,-15.889557,12.919623
0,-15.927231,12.900637,-15.922403,12.906463,-15.936259,12.907856
0,-15.919954,12.900060,-15.922403,12.906463,-15.927231,12.900637
0,-15.919748,12.887411,-15.919954,12.900060,-15.925731,12.894910
0,-15.929922,12.878742,-15.931901,12.885152,-15.937958,12.882758
0,-15.923645,12.882060,-15.919748,12.887411,-15.927981,12.889124
0,-15.931901,12.885152,-15.929922,12.878742,-15.923645,12.882060
0,-15.923645,12.882060,-15.927981,12.889124,-15.931901,12.885152
0,-15.919748,12.887411,-15.925731,12.894910,-15.927162,12.891232
0,-15.927981,12.889124,-15.919748,12.887411,-15.927162,12.891232
0,-15.758544,12.968083,-15.752858,12.966283,-15.756265,12.972257
0,-15.746053,12.964130,-15.728660,12.961628,-15.729244,12.968980
0,-15.728660,12.961628,-15.722337,12.962183,-15.729244,12.968980
0,-15.724352,12.971123,-15.722337,12.962183,-15.718387,12.964541
0,-15.756265,12.972257,-15.746053,12.964130,-15.729244,12.968980
0,-15.701603,12.986181,-15.718255,12.986165,-15.708217,12.974123
0,-15.724352,12.971123,-15.718387,12.964541,-15.714257,12.970353
0,-15.767815,12.975994,-15.773806,12.969234,-15.758544,12.968083
0,-15.767815,12.975994,-15.774384,12.976125,-15.773806,12.969234
0,-15.767815,12.975994,-15.758544,12.968083,-15.756265,12.972257
0,-15.779278,12.974211,-15.773806,12.969234,-15.774384,12.976125
0,-15.708217,12.974123,-15.718255,12.986165,-15.722858,12.980575
0,-15.729244,12.968980,-15.722337,12.962183,-15.724352,12.971123
0,-15.714257,12.970353,-15.722858,12.980575,-15.724352,12.971123
0,-15.714257,12.970353,-15.708217,12.974123,-15.722858,12.980575
0,-15.693717,13.006999,-15.703167,12.996279,-15.694445,12.993418
0,-15.693717,13.006999,-15.689081,12.995336,-15.687649,13.008929
0,-15.664908,12.979131,-15.675577,12.986566,-15.663616,12.971329
0,-15.703167,12.996279,-15.701603,12.986181,-15.694445,12.993418
0,-15.703167,12.996279,-15.718255,12.986165,-15.701603,12.986181
0,-15.694445,12.993418,-15.689081,12.995336,-15.693717,13.006999
0,-15.680312,13.004667,-15.684611,12.994483,-15.671984,12.996968
0,-15.693717,13.006999,-15.687649,13.008929,-15.691873,13.009097
0,-15.687649,13.008929,-15.689081,12.995336,-15.680312,13.004667
0,-15.628450,12.987485,-15.618041,12.997066,-15.622987,12.998374
0,-15.649773,12.986253,-15.633938,12.993615,-15.654093,12.992630
0,-15.628450,12.987485,-15.622987,12.998374,-15.633938,12.993615
0,-15.633938,12.993615,-15.649773,12.986253,-15.633122,12.986266
0,-15.654093,12.992630,-15.658502,12.989575,-15.649773,12.986253
0,-15.633938,12.993615,-15.633122,12.986266,-15.628450,12.987485
0,-15.655345,12.978758,-15.653944,12.982972,-15.661892,12.981244
0,-15.664908,12.979131,-15.668854,12.991724,-15.675577,12.986566
0,-15.658502,12.989575,-15.653944,12.982972,-15.649773,12.986253
0,-15.661892,12.981244,-15.664908,12.979131,-15.656635,12.974882
0,-15.664908,12.979131,-15.663616,12.971329,-15.659168,12.971855
0,-15.655345,12.978758,-15.661892,12.981244,-15.656635,12.974882
0,-15.789481,12.937255,-15.785343,12.927656,-15.780034,12.933026
0,-15.785343,12.927656,-15.793195,12.934898,-15.792786,12.923863
0,-15.857387,12.945882,-15.849704,12.934728,-15.841591,12.940602
0,-15.779039,12.959035,-15.785818,12.953634,-15.777154,12.943650
0,-15.777154,12.943650,-15.785818,12.953634,-15.787891,12.940498
0,-15.779039,12.959035,-15.783415,12.968859,-15.785818,12.953634
0,-15.857387,12.945882,-15.841591,12.940602,-15.848143,12.954304
0,-15.882800,12.922258,-15.877955,12.927162,-15.889520,12.931815
0,-15.871420,12.943596,-15.879250,12.949226,-15.876734,12.938683
0,-15.850751,12.956103,-15.863260,12.946481,-15.857387,12.945882
0,-15.850751,12.956103,-15.879250,12.949226,-15.863260,12.946481
0,-15.876734,12.938683,-15.883163,12.945721,-15.885259,12.943843
0,-15.863260,12.946481,-15.879250,12.949226,-15.871420,12.943596
0,-15.850751,12.956103,-15.857387,12.945882,-15.848143,12.954304
0,-15.841591,12.940602,-15.849704,12.934728,-15.843751,12.929069
0,-15.838261,12.937663,-15.840292,12.927635,-15.834741,12.937488
0,-15.889557,12.919623,-15.889520,12.931815,-15.893237,12.929687
0,-15.876734,12.938683,-15.885259,12.943843,-15.889520,12.931815
0,-15.838261,12.937663,-15.841591,12.940602,-15.843751,12.929069
0,-15.877955,12.927162,-15.876734,12.938683,-15.889520,12.931815
0,-15.838261,12.937663,-15.843751,12.929069,-15.840292,12.927635
0,-15.813767,12.930906,-15.815379,12.943764,-15.834741,12.937488
0,-15.809312,12.930974,-15.809741,12.943158,-15.813767,12.930906
0,-15.804767,12.925292,-15.800053,12.923752,-15.797873,12.934137
0,-15.809741,12.943158,-15.809312,12.930974,-15.800939,12.935242
0,-15.800939,12.935242,-15.804767,12.925292,-15.797873,12.934137
0,-15.785343,12.927656,-15.789481,12.937255,-15.793195,12.934898
0,-15.777154,12.943650,-15.787891,12.940498,-15.780034,12.933026
