0,0,1,1,13,
0,-14.583441,16.594389,-14.575240,16.588263,-14.563112,16.621532
0,-14.649952,16.612417,-14.638650,16.617939,-14.651986,16.617735
0,-14.443057,16.624887,-14.447841,16.623837,-14.449728,16.526575
0,-14.493062,16.613268,-14.513584,16.566631,-14.504890,16.561411
0,-14.492372,16.557032,-14.486663,16.545902,-14.449728,16.526575
0,-14.335420,16.580275,-14.394030,16.506166,-14.332862,16.570763
0,-14.317844,16.477283,-14.314375,16.483406,-14.324914,16.490740
0,-14.544463,16.580549,-14.525898,16.569399,-14.500905,16.613882
0,-14.492372,16.557032,-14.447841,16.623837,-14.477209,16.619835
0,-14.603779,16.589275,-14.595705,16.588430,-14.588889,16.595642
0,-14.552225,16.618565,-14.557230,16.618204,-14.564640,16.583008
0,-14.661742,16.594742,-14.656821,16.590977,-14.661409,16.599325
0,-14.363012,16.457111,-14.360205,16.454988,-14.364112,16.461037
0,-14.656042,16.605648,-14.656821,16.590977,-14.653887,16.606296
0,-14.652230,16.628984,-14.660620,16.626160,-14.658092,16.621752
0,-14.631274,16.617800,-14.645172,16.590298,-14.625097,16.582800
0,-14.658092,16.621752,-14.648750,16.624557,-14.652230,16.628984
0,-14.557230,16.618204,-14.575240,16.588263,-14.564640,16.583008
0,-14.619865,16.628366,-14.624187,16.626614,-14.606834,16.622219
0,-14.606834,16.622219,-14.631274,16.617800,-14.601548,16.616310
0,-14.514742,16.623566,-14.544463,16.580549,-14.500905,16.613882
0,-14.513584,16.566631,-14.493062,16.613268,-14.500905,16.613882
0,-14.486663,16.545902,-14.487431,16.543394,-14.482061,16.527681
0,-14.493062,16.613268,-14.504890,16.561411,-14.492372,16.557032
0,-14.320400,16.564077,-14.327039,16.565134,-14.311817,16.512266
0,-14.406916,16.493580,-14.413757,16.496244,-14.409553,16.492716
0,-14.309213,16.511751,-14.273364,16.539680,-14.320400,16.564077
0,-14.330296,16.600082,-14.357646,16.633009,-14.370517,16.632357
0,-14.335716,16.581379,-14.400635,16.633919,-14.394030,16.506166
0,-14.272304,16.575457,-14.281704,16.580704,-14.285060,16.579628
0,-14.285060,16.579628,-14.294315,16.570414,-14.271463,16.570620
0,-14.230920,16.492193,-14.251836,16.513521,-14.237504,16.485220
0,-14.248126,16.540291,-14.250949,16.531403,-14.246911,16.520760
0,-14.274770,16.550955,-14.294315,16.570414,-14.320400,16.564077
0,-14.216971,16.539625,-14.231086,16.546583,-14.246911,16.520760
0,-14.228484,16.491835,-14.223997,16.493193,-14.226929,16.500139
0,-14.203092,16.522573,-14.205635,16.535938,-14.216971,16.539625
0,-14.425585,16.510023,-14.422510,16.509272,-14.449728,16.526575
0,-14.449728,16.526575,-14.422510,16.509272,-14.400635,16.633919
0,-14.221338,16.505297,-14.216971,16.539625,-14.246911,16.520760
0,-14.266916,16.530224,-14.273364,16.539680,-14.309213,16.511751
0,-14.347328,16.456558,-14.364915,16.467707,-14.364112,16.461037
0,-14.474564,16.522255,-14.482061,16.527681,-14.480223,16.524662
0,-14.360205,16.454988,-14.353095,16.453924,-14.364112,16.461037
0,-14.261849,16.471283,-14.256350,16.513847,-14.283699,16.472664
0,-14.231254,16.477743,-14.232839,16.481220,-14.233194,16.476179
0,-14.482061,16.527681,-14.457337,16.526728,-14.486663,16.545902
0,-14.513584,16.566631,-14.500905,16.613882,-14.525898,16.569399
0,-14.493062,16.613268,-14.492372,16.557032,-14.477209,16.619835
0,-14.449728,16.526575,-14.486663,16.545902,-14.457337,16.526728
0,-14.474564,16.522255,-14.466484,16.521864,-14.482061,16.527681
0,-14.363472,16.489706,-14.364915,16.467707,-14.338621,16.473587
0,-14.457337,16.526728,-14.482061,16.527681,-14.466484,16.521864
0,-14.438217,16.628460,-14.443057,16.624887,-14.406902,16.634251
0,-14.406916,16.493580,-14.398847,16.503511,-14.413757,16.496244
0,-14.398847,16.503511,-14.422510,16.509272,-14.413757,16.496244
0,-14.398847,16.503511,-14.394030,16.506166,-14.422510,16.509272
0,-14.373775,16.497030,-14.366419,16.496191,-14.376874,16.498428
0,-14.376874,16.498428,-14.332862,16.570763,-14.394030,16.506166
0,-14.394030,16.506166,-14.400635,16.633919,-14.422510,16.509272
0,-14.447841,16.623837,-14.492372,16.557032,-14.449728,16.526575
0,-14.656821,16.590977,-14.645172,16.590298,-14.653887,16.606296
0,-14.557230,16.618204,-14.563112,16.621532,-14.575240,16.588263
0,-14.552225,16.618565,-14.564640,16.583008,-14.544463,16.580549
0,-14.582835,16.586815,-14.575240,16.588263,-14.583441,16.594389
0,-14.595585,16.616884,-14.588889,16.595642,-14.585530,16.596954
0,-14.595585,16.616884,-14.585530,16.596954,-14.590716,16.622068
0,-14.624187,16.626614,-14.631274,16.617800,-14.606834,16.622219
0,-14.603779,16.589275,-14.588889,16.595642,-14.601548,16.616310
0,-14.601548,16.616310,-14.588889,16.595642,-14.595585,16.616884
0,-14.601548,16.616310,-14.631274,16.617800,-14.613862,16.585108
0,-14.638650,16.617939,-14.645172,16.590298,-14.631274,16.617800
0,-14.631274,16.617800,-14.625097,16.582800,-14.613862,16.585108
0,-14.603779,16.589275,-14.601548,16.616310,-14.613862,16.585108
0,-14.661409,16.599325,-14.656821,16.590977,-14.656042,16.605648
0,-14.658092,16.621752,-14.651986,16.617735,-14.648750,16.624557
0,-14.653887,16.606296,-14.645172,16.590298,-14.649952,16.612417
0,-14.651986,16.617735,-14.638650,16.617939,-14.648750,16.624557
0,-14.649952,16.612417,-14.645172,16.590298,-14.638650,16.617939
0,-14.563112,16.621532,-14.585530,16.596954,-14.583441,16.594389
0,-14.528257,16.626127,-14.552225,16.618565,-14.544463,16.580549
0,-14.590716,16.622068,-14.585530,16.596954,-14.563112,16.621532
0,-14.528257,16.626127,-14.548314,16.623308,-14.552225,16.618565
0,-14.533400,16.630589,-14.543962,16.637680,-14.548314,16.623308
0,-14.619865,16.628366,-14.606834,16.622219,-14.611784,16.627752
0,-14.662360,16.634224,-14.660620,16.626160,-14.652230,16.628984
0,-14.662360,16.634224,-14.652230,16.628984,-14.651379,16.635622
0,-14.657239,16.640095,-14.662360,16.634224,-14.651379,16.635622
0,-14.541539,16.639698,-14.543962,16.637680,-14.537751,16.638706
0,-14.654145,16.640036,-14.657239,16.640095,-14.651379,16.635622
0,-14.537751,16.638706,-14.543962,16.637680,-14.533400,16.630589
0,-14.429372,16.640903,-14.438217,16.628460,-14.413691,16.639439
0,-14.462788,16.624996,-14.466658,16.624996,-14.477209,16.619835
0,-14.429372,16.640903,-14.413691,16.639439,-14.421130,16.647621
0,-14.421130,16.647621,-14.413691,16.639439,-14.415398,16.648422
0,-14.413691,16.639439,-14.438217,16.628460,-14.406902,16.634251
0,-14.406902,16.634251,-14.449728,16.526575,-14.400635,16.633919
0,-14.379286,16.634144,-14.385736,16.633129,-14.370517,16.632357
0,-14.335716,16.581379,-14.394030,16.506166,-14.335420,16.580275
0,-14.477209,16.619835,-14.447841,16.623837,-14.462788,16.624996
0,-14.514742,16.623566,-14.528257,16.626127,-14.544463,16.580549
0,-14.533400,16.630589,-14.548314,16.623308,-14.528257,16.626127
0,-14.477209,16.619835,-14.466658,16.624996,-14.469767,16.624996
0,-14.504852,16.618549,-14.514742,16.623566,-14.500905,16.613882
0,-14.477209,16.619835,-14.469767,16.624996,-14.473065,16.624342
0,-14.406902,16.634251,-14.443057,16.624887,-14.449728,16.526575
0,-14.309213,16.511751,-14.320400,16.564077,-14.311817,16.512266
0,-14.366419,16.496191,-14.332862,16.570763,-14.376874,16.498428
0,-14.266916,16.530224,-14.269414,16.535467,-14.273364,16.539680
0,-14.273364,16.539680,-14.274770,16.550955,-14.320400,16.564077
0,-14.272304,16.575457,-14.275307,16.579422,-14.281704,16.580704
0,-14.335716,16.581379,-14.385736,16.633129,-14.400635,16.633919
0,-14.294315,16.570414,-14.310750,16.569841,-14.320400,16.564077
0,-14.335716,16.581379,-14.370517,16.632357,-14.385736,16.633129
0,-14.330296,16.600082,-14.370517,16.632357,-14.335716,16.581379
0,-14.337031,16.639236,-14.357646,16.633009,-14.328629,16.631718
0,-14.331857,16.636375,-14.337031,16.639236,-14.328629,16.631718
0,-14.328629,16.631718,-14.357646,16.633009,-14.330296,16.600082
0,-14.271463,16.570620,-14.272304,16.575457,-14.285060,16.579628
0,-14.309275,16.508999,-14.303037,16.500837,-14.309213,16.511751
0,-14.231086,16.546583,-14.248126,16.540291,-14.246911,16.520760
0,-14.271463,16.570620,-14.294315,16.570414,-14.274770,16.550955
0,-14.231086,16.546583,-14.236536,16.547617,-14.248126,16.540291
0,-14.248126,16.540291,-14.236536,16.547617,-14.241794,16.546581
0,-14.221338,16.505297,-14.203092,16.522573,-14.216971,16.539625
0,-14.283699,16.472664,-14.256350,16.513847,-14.261016,16.517847
0,-14.202640,16.531742,-14.205635,16.535938,-14.203092,16.522573
0,-14.303037,16.500837,-14.266916,16.530224,-14.309213,16.511751
0,-14.300921,16.489319,-14.283699,16.472664,-14.261016,16.517847
0,-14.237504,16.485220,-14.251836,16.513521,-14.256350,16.513847
0,-14.226929,16.500139,-14.248693,16.515749,-14.230920,16.492193
0,-14.203092,16.522573,-14.221338,16.505297,-14.199555,16.511023
0,-14.248693,16.515749,-14.226929,16.500139,-14.225910,16.503101
0,-14.213921,16.496876,-14.208172,16.498589,-14.221338,16.505297
0,-14.199555,16.511023,-14.221338,16.505297,-14.208172,16.498589
0,-14.251836,16.513521,-14.230920,16.492193,-14.248693,16.515749
0,-14.226745,16.489567,-14.223997,16.493193,-14.228484,16.491835
0,-14.228484,16.491835,-14.226929,16.500139,-14.230920,16.492193
0,-14.225910,16.503101,-14.246911,16.520760,-14.248693,16.515749
0,-14.221338,16.505297,-14.246911,16.520760,-14.225910,16.503101
0,-14.311817,16.512266,-14.327039,16.565134,-14.328997,16.499544
0,-14.261016,16.517847,-14.303037,16.500837,-14.300921,16.489319
0,-14.261016,16.517847,-14.266916,16.530224,-14.303037,16.500837
0,-14.311817,16.512266,-14.328997,16.499544,-14.318188,16.504137
0,-14.330739,16.496140,-14.338621,16.473587,-14.335732,16.475132
0,-14.327039,16.565134,-14.332862,16.570763,-14.366419,16.496191
0,-14.327039,16.565134,-14.366419,16.496191,-14.328997,16.499544
0,-14.347328,16.456558,-14.364112,16.461037,-14.353095,16.453924
0,-14.366419,16.496191,-14.330739,16.496140,-14.328997,16.499544
0,-14.366419,16.496191,-14.363472,16.489706,-14.330739,16.496140
0,-14.335732,16.475132,-14.317844,16.477283,-14.324914,16.490740
0,-14.314375,16.483406,-14.309703,16.479637,-14.310582,16.482868
0,-14.364915,16.467707,-14.347328,16.456558,-14.338621,16.473587
0,-14.314375,16.483406,-14.314944,16.489843,-14.324914,16.490740
0,-14.312645,16.475798,-14.314375,16.483406,-14.317844,16.477283
0,-14.330739,16.496140,-14.363472,16.489706,-14.338621,16.473587
0,-14.330739,16.496140,-14.335732,16.475132,-14.324914,16.490740
0,-14.322734,16.471420,-14.317844,16.477283,-14.335732,16.475132
0,-14.309703,16.479637,-14.314375,16.483406,-14.312645,16.475798
0,-14.292184,16.476055,-14.283699,16.472664,-14.300921,16.489319
0,-14.237504,16.485220,-14.233194,16.476179,-14.232839,16.481220
0,-14.224162,16.490250,-14.223997,16.493193,-14.226745,16.489567
0,-14.261849,16.471283,-14.237504,16.485220,-14.256350,16.513847
0,-14.233194,16.476179,-14.237504,16.485220,-14.261849,16.471283
1,-14.366463,16.605993,-14.364167,16.605255,-14.366986,16.610199
1,-14.364167,16.605255,-14.359355,16.607138,-14.366986,16.610199
1,-14.366986,16.610199,-14.359748,16.611881,-14.366269,16.613674
1,-14.366269,16.613674,-14.359748,16.611881,-14.362646,16.615024
1,-14.364167,16.605255,-14.360954,16.605427,-14.359355,16.607138
1,-14.366986,16.610199,-14.359355,16.607138,-14.359748,16.611881
