0,0,1,1,13,
0,-15.833325,16.501205,-15.833325,16.499996,-15.827734,16.503456
0,-16.062699,16.385727,-16.084315,16.386877,-16.065871,16.378880
0,-16.070021,16.369518,-16.065871,16.378880,-16.086596,16.374744
0,-15.907890,16.447750,-15.864510,16.492201,-15.910490,16.448927
0,-15.804509,16.478870,-15.797104,16.480059,-15.808464,16.503679
0,-15.818576,16.468903,-15.826173,16.459846,-15.822523,16.459803
0,-15.833325,16.499996,-15.836708,16.466835,-15.830998,16.466921
0,-15.833325,16.499996,-15.830998,16.466921,-15.813204,16.474043
0,-15.749382,16.473234,-15.747983,16.474014,-15.750144,16.472952
0,-16.013859,16.375782,-16.020892,16.403389,-16.019827,16.373556
0,-16.086596,16.374744,-16.065871,16.378880,-16.084315,16.386877
0,-15.764664,16.488909,-15.778024,16.464663,-15.761142,16.468216
0,-16.074101,16.366121,-16.086596,16.374744,-16.082882,16.367134
0,-16.086596,16.374744,-16.085715,16.368771,-16.082882,16.367134
0,-16.050618,16.382383,-16.062699,16.385727,-16.054430,16.381508
0,-16.015660,16.403561,-16.020892,16.403389,-16.009302,16.379173
0,-15.998574,16.459576,-16.001492,16.454332,-15.998698,16.449482
0,-16.068907,16.403458,-16.073689,16.401217,-16.071106,16.398436
0,-16.010874,16.406260,-16.015660,16.403561,-16.000531,16.396738
0,-15.998574,16.459576,-15.998698,16.449482,-15.993031,16.446207
0,-15.893721,16.440241,-15.864510,16.492201,-15.907890,16.447750
0,-15.944247,16.487406,-15.910490,16.448927,-15.925249,16.503933
0,-15.833325,16.499996,-15.836582,16.499893,-15.836708,16.466835
0,-15.764664,16.488909,-15.750144,16.472952,-15.745409,16.488207
0,-15.785302,16.492838,-15.788147,16.477079,-15.764664,16.488909
0,-15.745642,16.474619,-15.745409,16.488207,-15.747983,16.474014
0,-15.971630,16.408112,-15.987833,16.424124,-15.974778,16.403330
0,-15.741785,16.475082,-15.741193,16.474989,-15.741453,16.487019
0,-15.730861,16.475845,-15.726527,16.472652,-15.726124,16.472588
0,-15.747983,16.474014,-15.745409,16.488207,-15.750144,16.472952
0,-15.969652,16.471638,-15.941042,16.439648,-15.954282,16.483620
0,-15.843086,16.459654,-15.859568,16.488241,-15.893721,16.440241
0,-15.755493,16.470970,-15.750144,16.472952,-15.764664,16.488909
0,-16.074101,16.366121,-16.070021,16.369518,-16.086596,16.374744
0,-16.054430,16.381508,-16.062699,16.385727,-16.065871,16.378880
0,-16.049921,16.400957,-16.064005,16.395834,-16.062699,16.385727
0,-16.051350,16.380785,-16.050618,16.382383,-16.054430,16.381508
0,-16.049921,16.400957,-16.050618,16.382383,-16.045617,16.383246
0,-16.049921,16.400957,-16.062699,16.385727,-16.050618,16.382383
0,-16.019827,16.373556,-16.020892,16.403389,-16.039686,16.382263
0,-15.840296,16.442997,-15.863294,16.421526,-15.851807,16.424803
0,-16.013859,16.375782,-16.009302,16.379173,-16.020892,16.403389
0,-15.996723,16.397154,-15.990347,16.393642,-15.984588,16.397226
0,-16.039686,16.382263,-16.046088,16.403439,-16.045617,16.383246
0,-16.019827,16.373556,-16.039686,16.382263,-16.030533,16.372526
0,-16.020892,16.403389,-16.046088,16.403439,-16.039686,16.382263
0,-15.996723,16.397154,-16.010874,16.406260,-16.000531,16.396738
0,-16.031224,16.414057,-16.036925,16.414349,-16.046088,16.403439
0,-16.009302,16.379173,-16.000531,16.396738,-16.015660,16.403561
0,-15.974778,16.403330,-15.987833,16.424124,-15.984588,16.397226
0,-15.974789,16.421682,-15.987833,16.424124,-15.971630,16.408112
0,-15.984588,16.397226,-15.987833,16.424124,-15.996723,16.397154
0,-16.045617,16.383246,-16.046088,16.403439,-16.049921,16.400957
0,-16.020892,16.403389,-16.031224,16.414057,-16.046088,16.403439
0,-16.049921,16.400957,-16.068907,16.403458,-16.064005,16.395834
0,-16.046088,16.403439,-16.049183,16.403013,-16.049921,16.400957
0,-16.068907,16.403458,-16.071106,16.398436,-16.064005,16.395834
0,-15.996723,16.397154,-15.987833,16.424124,-15.993759,16.425568
0,-15.993759,16.425568,-16.010874,16.406260,-15.996723,16.397154
0,-16.011420,16.420031,-16.010874,16.406260,-15.993759,16.425568
0,-15.975664,16.466200,-15.960315,16.438494,-15.969652,16.471638
0,-16.011420,16.420031,-15.993759,16.425568,-16.005890,16.429007
0,-16.011420,16.420031,-16.008950,16.427574,-16.010878,16.425531
0,-16.011420,16.420031,-16.005890,16.429007,-16.008950,16.427574
0,-15.993759,16.425568,-15.996547,16.430876,-16.001299,16.431158
0,-15.993759,16.425568,-16.001299,16.431158,-16.005890,16.429007
0,-15.982361,16.463064,-15.998574,16.459576,-15.993031,16.446207
0,-15.960315,16.438494,-15.975664,16.466200,-15.975249,16.442106
0,-15.975249,16.442106,-15.982361,16.463064,-15.993031,16.446207
0,-15.982361,16.463064,-15.975249,16.442106,-15.975664,16.466200
0,-15.968805,16.482410,-15.969652,16.471638,-15.954282,16.483620
0,-15.925471,16.448874,-15.944247,16.487406,-15.954282,16.483620
0,-15.925471,16.448874,-15.910490,16.448927,-15.944247,16.487406
0,-15.893721,16.440241,-15.878210,16.426293,-15.843086,16.459654
0,-15.954282,16.483620,-15.941042,16.439648,-15.925471,16.448874
0,-15.971757,16.436102,-15.963663,16.436926,-15.975249,16.442106
0,-15.941042,16.439648,-15.969652,16.471638,-15.960315,16.438494
0,-15.925471,16.448874,-15.941042,16.439648,-15.932455,16.441843
0,-15.974789,16.421682,-15.974904,16.431549,-15.979191,16.430908
0,-15.987833,16.424124,-15.974789,16.421682,-15.979191,16.430908
0,-15.963663,16.436926,-15.960315,16.438494,-15.975249,16.442106
0,-15.974904,16.431549,-15.963663,16.436926,-15.971757,16.436102
0,-15.974904,16.431549,-15.974789,16.421682,-15.963663,16.436926
0,-15.864510,16.492201,-15.901821,16.513065,-15.910490,16.448927
0,-15.863710,16.491560,-15.864510,16.492201,-15.893721,16.440241
0,-15.850895,16.491663,-15.854556,16.489557,-15.849992,16.491663
0,-15.859568,16.488241,-15.843086,16.459654,-15.854556,16.489557
0,-15.854556,16.489557,-15.836708,16.466835,-15.849992,16.491663
0,-15.865996,16.505985,-15.878035,16.513012,-15.864510,16.492201
0,-15.864510,16.492201,-15.878035,16.513012,-15.890156,16.513845
0,-15.910490,16.448927,-15.901821,16.513065,-15.925249,16.503933
0,-15.864510,16.492201,-15.890156,16.513845,-15.901821,16.513065
0,-15.868080,16.510370,-15.878035,16.513012,-15.865996,16.505985
0,-15.849992,16.491663,-15.836582,16.499893,-15.849992,16.492182
0,-15.849992,16.491663,-15.836708,16.466835,-15.836582,16.499893
0,-15.836582,16.499893,-15.833325,16.499996,-15.836326,16.499996
0,-15.813204,16.474043,-15.804509,16.478870,-15.814394,16.504900
0,-15.827734,16.503456,-15.813204,16.474043,-15.814394,16.504900
0,-15.804509,16.478870,-15.808464,16.503679,-15.814394,16.504900
0,-15.797104,16.480059,-15.785302,16.492838,-15.808464,16.503679
0,-15.797104,16.480059,-15.788147,16.477079,-15.785302,16.492838
0,-15.741453,16.487019,-15.741193,16.474989,-15.730251,16.483654
0,-15.730251,16.483654,-15.741193,16.474989,-15.730861,16.475845
0,-15.741785,16.475082,-15.741453,16.487019,-15.743391,16.474806
0,-15.745642,16.474619,-15.747983,16.474014,-15.746658,16.474243
0,-15.741453,16.487019,-15.745642,16.474619,-15.743391,16.474806
0,-15.741453,16.487019,-15.745409,16.488207,-15.745642,16.474619
0,-15.730861,16.475845,-15.726124,16.472588,-15.730251,16.483654
0,-15.761142,16.468216,-15.755493,16.470970,-15.764664,16.488909
0,-15.730251,16.483654,-15.726124,16.472588,-15.715878,16.474064
0,-15.773037,16.461988,-15.761629,16.466440,-15.761142,16.468216
0,-15.788147,16.477079,-15.778024,16.464663,-15.764664,16.488909
0,-15.759715,16.467854,-15.755493,16.470970,-15.761142,16.468216
0,-15.833325,16.499996,-15.813204,16.474043,-15.827734,16.503456
0,-15.826173,16.459846,-15.830998,16.466921,-15.826665,16.459454
0,-15.859568,16.488241,-15.863710,16.491560,-15.893721,16.440241
0,-15.818576,16.468903,-15.830998,16.466921,-15.826173,16.459846
0,-15.818576,16.468903,-15.813204,16.474043,-15.830998,16.466921
0,-15.872086,16.421860,-15.878210,16.426293,-15.877524,16.424219
0,-15.773037,16.461988,-15.761142,16.468216,-15.778024,16.464663
0,-15.904647,16.441059,-15.894323,16.440021,-15.907890,16.447750
0,-15.907890,16.447750,-15.894323,16.440021,-15.893721,16.440241
0,-15.904647,16.441059,-15.900409,16.437798,-15.894323,16.440021
0,-15.840296,16.442997,-15.878210,16.426293,-15.863294,16.421526
0,-15.872086,16.421860,-15.863294,16.421526,-15.878210,16.426293
0,-15.841092,16.453335,-15.843086,16.459654,-15.878210,16.426293
0,-15.836708,16.466835,-15.854556,16.489557,-15.843086,16.459654
0,-15.840296,16.442997,-15.841092,16.453335,-15.878210,16.426293
0,-15.839582,16.448553,-15.841092,16.453335,-15.840296,16.442997
