0,0,0,1,12,
0,-16.783432,14.125108,-16.766447,14.121015,-16.776987,14.130015
0,-16.762951,14.074641,-16.760401,14.076758,-16.758889,14.083684
0,-16.792277,14.092950,-16.772233,14.103666,-16.792511,14.104899
0,-16.762951,14.074641,-16.758889,14.083684,-16.760853,14.087784
0,-16.771389,14.108739,-16.792511,14.104899,-16.772233,14.103666
0,-16.771389,14.108739,-16.789061,14.121056,-16.793185,14.115232
0,-16.776987,14.130015,-16.766447,14.121015,-16.768389,14.127522
0,-16.766447,14.121015,-16.767266,14.126747,-16.768389,14.127522
0,-16.770769,14.101165,-16.757664,14.093361,-16.754280,14.101009
0,-16.717080,14.040771,-16.709271,14.048689,-16.716397,14.054117
0,-16.781102,14.051546,-16.778695,14.048831,-16.770474,14.049903
0,-16.742707,14.050876,-16.749640,14.056267,-16.747990,14.044111
0,-16.736067,14.048469,-16.731221,14.041430,-16.718699,14.057222
0,-16.756754,14.046709,-16.755268,14.030873,-16.747990,14.044111
0,-16.717080,14.040771,-16.716397,14.054117,-16.731221,14.041430
0,-16.710881,14.073300,-16.712836,14.089128,-16.727383,14.086331
0,-16.766997,14.052727,-16.781102,14.051546,-16.770474,14.049903
0,-16.755268,14.030873,-16.753815,14.028830,-16.747990,14.044111
0,-16.763470,14.053021,-16.761044,14.049388,-16.754633,14.058703
0,-16.761044,14.049388,-16.756754,14.046709,-16.754633,14.058703
0,-16.730889,14.039818,-16.717080,14.040771,-16.731221,14.041430
0,-16.784012,14.067814,-16.762951,14.074641,-16.790058,14.087933
0,-16.763083,14.069352,-16.763470,14.053021,-16.754633,14.058703
0,-16.760401,14.076758,-16.753584,14.077323,-16.758889,14.083684
0,-16.756754,14.046709,-16.747990,14.044111,-16.749640,14.056267
0,-16.781102,14.051546,-16.766997,14.052727,-16.784012,14.067814
0,-16.766997,14.052727,-16.763083,14.069352,-16.784012,14.067814
0,-16.766997,14.052727,-16.763470,14.053021,-16.763083,14.069352
0,-16.763083,14.069352,-16.762951,14.074641,-16.784012,14.067814
0,-16.794024,14.109928,-16.792511,14.104899,-16.771389,14.108739
0,-16.790058,14.087933,-16.770769,14.101165,-16.792277,14.092950
0,-16.793185,14.115232,-16.794024,14.109928,-16.771389,14.108739
0,-16.766447,14.121015,-16.783432,14.125108,-16.767050,14.115717
0,-16.771389,14.108739,-16.783432,14.125108,-16.785342,14.123653
0,-16.776987,14.130015,-16.768389,14.127522,-16.771803,14.129882
0,-16.783432,14.125108,-16.771389,14.108739,-16.767050,14.115717
0,-16.785342,14.123653,-16.789061,14.121056,-16.771389,14.108739
0,-16.792277,14.092950,-16.770769,14.101165,-16.772233,14.103666
0,-16.790058,14.087933,-16.762951,14.074641,-16.760853,14.087784
0,-16.770769,14.101165,-16.790058,14.087933,-16.760853,14.087784
0,-16.754280,14.101009,-16.757664,14.093361,-16.749190,14.093517
0,-16.770769,14.101165,-16.760853,14.087784,-16.757664,14.093361
0,-16.749190,14.093517,-16.741145,14.091596,-16.738196,14.097396
0,-16.725361,14.091427,-16.738196,14.097396,-16.736355,14.087546
0,-16.736355,14.087546,-16.738196,14.097396,-16.741145,14.091596
0,-16.754280,14.101009,-16.749190,14.093517,-16.738196,14.097396
0,-16.725361,14.091427,-16.736355,14.087546,-16.727383,14.086331
0,-16.727383,14.086331,-16.712836,14.089128,-16.725361,14.091427
0,-16.705492,14.074779,-16.703987,14.082162,-16.710881,14.073300
0,-16.703987,14.082162,-16.712836,14.089128,-16.710881,14.073300
0,-16.703427,14.077575,-16.703987,14.082162,-16.705492,14.074779
0,-16.716397,14.054117,-16.718699,14.057222,-16.731221,14.041430
0,-16.749640,14.056267,-16.754633,14.058703,-16.756754,14.046709
0,-16.746275,14.075808,-16.758889,14.083684,-16.753584,14.077323
0,-16.730181,14.036391,-16.723557,14.031437,-16.717080,14.040771
0,-16.737519,14.050511,-16.749640,14.056267,-16.742707,14.050876
0,-16.736067,14.048469,-16.718699,14.057222,-16.737519,14.050511
0,-16.730181,14.036391,-16.717080,14.040771,-16.730889,14.039818
0,-16.728989,14.029576,-16.727004,14.028718,-16.723557,14.031437
0,-16.728989,14.029576,-16.723557,14.031437,-16.730181,14.036391
0,-16.718699,14.057222,-16.749640,14.056267,-16.737519,14.050511
