0,0,1,1,13,
0,-13.101472,15.564534,-13.137762,15.536328,-13.099991,15.533329
0,-13.124039,15.475630,-13.121867,15.456314,-13.091658,15.483330
0,-13.101472,15.564534,-13.140870,15.541362,-13.137762,15.536328
0,-13.211392,15.610965,-13.221064,15.605169,-13.218302,15.580627
0,-13.218302,15.580627,-13.221064,15.605169,-13.225922,15.587238
0,-13.186101,15.618687,-13.198181,15.618845,-13.199992,15.616663
0,-13.161867,15.605742,-13.165996,15.608330,-13.166659,15.608330
0,-13.166659,15.608746,-13.175655,15.614385,-13.166659,15.608330
0,-12.966658,15.458329,-13.008325,15.483330,-13.016658,15.474997
0,-12.974991,15.493977,-12.974991,15.491663,-12.971819,15.495661
0,-12.874992,15.266663,-12.884261,15.269949,-12.881966,15.266663
0,-12.967096,15.454134,-12.966658,15.457032,-12.966658,15.458329
0,-13.008325,15.483330,-13.008421,15.483330,-13.016658,15.474997
0,-12.966658,15.449996,-13.016658,15.474997,-13.029487,15.422275
0,-13.135576,15.527160,-13.105242,15.521819,-13.099991,15.533329
0,-12.973969,15.326454,-12.965429,15.321905,-12.975946,15.328863
0,-12.841658,15.283329,-12.841658,15.274996,-12.838913,15.282558
0,-12.849991,15.258329,-12.858325,15.258329,-12.849991,15.258056
0,-12.949992,15.408329,-12.962534,15.442221,-13.021931,15.399677
0,-12.949992,15.366663,-12.949992,15.374996,-12.997936,15.372091
0,-12.998460,15.349060,-12.986353,15.341546,-13.000182,15.360761
0,-12.965429,15.321905,-12.937167,15.345233,-12.941658,15.349997
0,-13.109541,15.445247,-13.089605,15.440778,-13.091658,15.483330
0,-13.016658,15.477884,-13.016658,15.474997,-13.008421,15.483330
0,-12.962534,15.442221,-12.965511,15.449996,-12.966658,15.449996
0,-12.966658,15.449996,-12.967096,15.454134,-13.016658,15.474997
0,-13.109541,15.445247,-13.091658,15.483330,-13.121867,15.456314
0,-13.074992,15.474997,-13.074992,15.476415,-13.088413,15.483330
0,-13.035373,15.427621,-13.029487,15.422275,-13.016658,15.474997
0,-13.210657,15.569883,-13.199992,15.616663,-13.218302,15.580627
0,-13.226511,15.605368,-13.225922,15.587238,-13.221064,15.605169
0,-13.199992,15.616663,-13.211392,15.610965,-13.218302,15.580627
0,-13.231332,15.608330,-13.233325,15.608330,-13.226511,15.605368
0,-13.199992,15.618162,-13.199992,15.616663,-13.198181,15.618845
0,-13.203965,15.616663,-13.206212,15.615815,-13.199992,15.616663
0,-13.147301,15.547522,-13.131709,15.590519,-13.153944,15.549782
0,-13.108325,15.499996,-13.144878,15.497770,-13.128297,15.482195
0,-13.108325,15.516663,-13.105242,15.521819,-13.135576,15.527160
0,-13.099991,15.533329,-13.099532,15.533329,-13.095651,15.541153
0,-12.967248,15.482141,-12.980552,15.491026,-12.966658,15.474997
0,-12.966658,15.491663,-12.974991,15.491663,-12.966658,15.489611
0,-12.949992,15.402774,-12.949992,15.408329,-12.950471,15.399579
0,-12.997936,15.372091,-13.000182,15.360761,-12.986353,15.341546
0,-13.021931,15.399677,-12.962534,15.442221,-13.026763,15.417100
0,-12.937167,15.345233,-12.933325,15.341663,-12.933325,15.342188
0,-12.966658,15.480130,-12.967248,15.482141,-12.966658,15.474997
0,-12.939789,15.437511,-12.953753,15.437672,-12.941658,15.424996
0,-12.936942,15.435918,-12.941658,15.424996,-12.939507,15.424996
0,-12.906582,15.287294,-12.922200,15.333368,-12.944458,15.293309
0,-12.940887,15.349997,-12.941658,15.349997,-12.937167,15.345233
0,-12.849991,15.299996,-12.841658,15.283329,-12.841658,15.288258
0,-12.874992,15.266663,-12.858325,15.308330,-12.884261,15.269949
0,-12.901628,15.289613,-12.904684,15.331615,-12.916659,15.333329
0,-12.858325,15.308330,-12.901628,15.289613,-12.894939,15.276787
0,-12.858325,15.308330,-12.866659,15.316663,-12.901628,15.289613
0,-12.884261,15.269949,-12.894939,15.276787,-12.888747,15.268550
0,-12.917427,15.280354,-12.906582,15.287294,-12.944458,15.293309
0,-12.891352,15.269227,-12.894939,15.276787,-12.895138,15.269669
0,-12.881966,15.266663,-12.884261,15.269949,-12.883776,15.267655
0,-12.858325,15.308330,-12.894939,15.276787,-12.884261,15.269949
0,-12.849991,15.299996,-12.874992,15.266663,-12.841658,15.283329
0,-12.917427,15.280354,-12.908919,15.281772,-12.906582,15.287294
0,-12.841658,15.283329,-12.874992,15.266663,-12.841658,15.274996
0,-12.858325,15.258329,-12.858325,15.255416,-12.857460,15.255149
0,-12.838913,15.282558,-12.841658,15.274996,-12.839642,15.274996
0,-13.109541,15.445247,-13.101899,15.440745,-13.089605,15.440778
0,-13.089605,15.440778,-13.079358,15.427610,-13.066461,15.426205
0,-13.066461,15.426205,-13.055744,15.423551,-13.044700,15.427598
0,-13.175655,15.614385,-13.210657,15.569883,-13.166659,15.608330
0,-13.097702,15.488116,-13.124039,15.475630,-13.091658,15.483330
0,-12.944313,15.354383,-12.975946,15.328863,-12.941658,15.349997
0,-13.089605,15.440778,-13.074992,15.474997,-13.091658,15.483330
0,-13.066461,15.426205,-13.079358,15.427610,-13.074727,15.425193
0,-13.089605,15.440778,-13.069926,15.473804,-13.074992,15.474997
0,-13.074992,15.474997,-13.069926,15.473804,-13.072239,15.474997
0,-13.044700,15.427598,-13.035373,15.427621,-13.050726,15.469085
0,-13.021325,15.474997,-13.026136,15.473347,-13.016658,15.474997
0,-13.022584,15.389572,-13.022045,15.377866,-13.010214,15.377698
0,-13.022045,15.377866,-13.022584,15.389572,-13.024930,15.386116
0,-13.010214,15.377698,-13.021931,15.399677,-13.022584,15.389572
0,-13.010214,15.377698,-13.000016,15.375437,-13.021931,15.399677
0,-13.026136,15.473347,-13.035373,15.427621,-13.016658,15.474997
0,-13.050726,15.469085,-13.035373,15.427621,-13.026136,15.473347
0,-13.089605,15.440778,-13.066461,15.426205,-13.069926,15.473804
0,-13.069926,15.473804,-13.066461,15.426205,-13.050726,15.469085
0,-13.066461,15.426205,-13.044700,15.427598,-13.050726,15.469085
0,-13.124039,15.475630,-13.102853,15.491612,-13.103406,15.491986
0,-13.124039,15.475630,-13.097702,15.488116,-13.102853,15.491612
0,-13.091658,15.483330,-13.091658,15.485002,-13.097702,15.488116
0,-13.091658,15.483330,-13.074992,15.474997,-13.088413,15.483330
0,-12.999007,15.489554,-13.008325,15.483393,-13.008325,15.483330
0,-13.105242,15.521819,-13.099991,15.532404,-13.099991,15.533329
0,-13.093566,15.548968,-13.101472,15.564534,-13.095651,15.541153
0,-13.146588,15.502699,-13.144878,15.497770,-13.109193,15.509631
0,-13.124039,15.475630,-13.103406,15.491986,-13.128297,15.482195
0,-13.101472,15.564534,-13.099991,15.533329,-13.095651,15.541153
0,-13.144878,15.497770,-13.108325,15.505811,-13.109193,15.509631
0,-13.136273,15.524860,-13.108325,15.516663,-13.135576,15.527160
0,-13.103406,15.491986,-13.106276,15.496792,-13.128297,15.482195
0,-13.108325,15.499996,-13.106276,15.496792,-13.107004,15.499996
0,-13.108325,15.499996,-13.128297,15.482195,-13.106276,15.496792
0,-13.108325,15.499996,-13.108325,15.505811,-13.144878,15.497770
0,-13.198983,15.558474,-13.187580,15.552573,-13.166659,15.608330
0,-13.108325,15.516663,-13.109193,15.509631,-13.108325,15.512308
0,-13.108325,15.516663,-13.106914,15.516663,-13.105242,15.521819
0,-13.146588,15.502699,-13.109193,15.509631,-13.136273,15.524860
0,-13.109193,15.509631,-13.108325,15.516663,-13.136273,15.524860
0,-13.235424,15.592001,-13.225922,15.587238,-13.226511,15.605368
0,-13.244912,15.594470,-13.233325,15.608330,-13.254687,15.604510
0,-13.198983,15.558474,-13.166659,15.608330,-13.210657,15.569883
0,-13.183325,15.616663,-13.210657,15.569883,-13.175655,15.614385
0,-13.162477,15.551340,-13.153944,15.549782,-13.131709,15.590519
0,-13.233325,15.608330,-13.235424,15.592001,-13.226511,15.605368
0,-13.254687,15.604510,-13.252016,15.594427,-13.244912,15.594470
0,-13.241659,15.616663,-13.254687,15.604510,-13.233325,15.608330
0,-13.235424,15.592001,-13.233325,15.608330,-13.244912,15.594470
0,-13.241659,15.616663,-13.253111,15.617144,-13.254687,15.604510
0,-13.250540,15.622438,-13.253111,15.617144,-13.241659,15.616663
0,-13.242249,15.622029,-13.250540,15.622438,-13.241659,15.616663
0,-13.246218,15.629006,-13.250540,15.622438,-13.242249,15.622029
0,-13.233325,15.609675,-13.241659,15.616663,-13.233325,15.608330
0,-13.241659,15.621212,-13.242249,15.622029,-13.241659,15.616663
0,-13.238373,15.616663,-13.241659,15.616663,-13.233325,15.609675
0,-13.199992,15.616663,-13.206212,15.615815,-13.211392,15.610965
0,-13.187580,15.552573,-13.161867,15.605742,-13.166659,15.608330
0,-13.199992,15.616663,-13.183325,15.616663,-13.186101,15.618687
0,-13.199992,15.616663,-13.210657,15.569883,-13.183325,15.616663
0,-13.183325,15.616663,-13.183325,15.617543,-13.186101,15.618687
0,-13.183325,15.616663,-13.175655,15.614385,-13.181187,15.616663
0,-13.131709,15.590519,-13.161867,15.605742,-13.162477,15.551340
0,-13.147301,15.547522,-13.128137,15.588716,-13.131709,15.590519
0,-13.116659,15.583329,-13.128137,15.588716,-13.147301,15.547522
0,-13.116659,15.583329,-13.116659,15.583640,-13.128137,15.588716
0,-13.115955,15.583329,-13.116659,15.583329,-13.105582,15.578742
0,-13.101472,15.564534,-13.116659,15.583329,-13.140870,15.541362
0,-13.099991,15.574996,-13.098689,15.574189,-13.099910,15.574996
0,-13.101472,15.564534,-13.099991,15.574996,-13.105582,15.578742
0,-13.101472,15.564534,-13.098198,15.571437,-13.099991,15.574996
0,-13.099991,15.574996,-13.099991,15.575050,-13.105582,15.578742
0,-13.187580,15.552573,-13.162477,15.551340,-13.161867,15.605742
0,-13.140870,15.541362,-13.116659,15.583329,-13.147301,15.547522
0,-13.135576,15.527160,-13.099991,15.533329,-13.137762,15.536328
0,-13.105582,15.578742,-13.116659,15.583329,-13.101472,15.564534
0,-13.098689,15.574189,-13.099991,15.574996,-13.098198,15.571437
0,-13.093599,15.554478,-13.101472,15.564534,-13.093566,15.548968
0,-12.998460,15.349060,-13.000182,15.360761,-13.003936,15.355230
0,-12.951130,15.390165,-13.000016,15.375437,-12.997936,15.372091
0,-12.949992,15.380560,-12.997936,15.372091,-12.949992,15.374996
0,-12.997936,15.372091,-12.986353,15.341546,-12.949992,15.366663
0,-13.016658,15.474997,-12.967096,15.454134,-12.966658,15.458329
0,-12.966658,15.449996,-13.029487,15.422275,-13.026763,15.417100
0,-13.008325,15.483330,-12.966658,15.458329,-12.999007,15.489554
0,-12.966658,15.452991,-12.967096,15.454134,-12.966658,15.449996
0,-12.966658,15.474997,-12.983451,15.490795,-12.999007,15.489554
0,-12.966658,15.489611,-12.974991,15.491663,-12.967248,15.482141
0,-12.966658,15.474997,-12.980552,15.491026,-12.983451,15.490795
0,-12.967248,15.482141,-12.974991,15.491663,-12.980552,15.491026
0,-12.974991,15.491663,-12.979352,15.491663,-12.980552,15.491026
0,-12.966462,15.458329,-12.964354,15.472283,-12.966658,15.458329
0,-12.974991,15.491663,-12.966658,15.491663,-12.971819,15.495661
0,-12.966658,15.491663,-12.966658,15.496105,-12.971819,15.495661
0,-12.966658,15.474997,-12.999007,15.489554,-12.966658,15.458329
0,-12.964354,15.472283,-12.966658,15.474997,-12.966658,15.458329
0,-12.965151,15.474997,-12.966658,15.474997,-12.964354,15.472283
0,-12.950471,15.399579,-12.949992,15.408329,-13.000016,15.375437
0,-12.949992,15.408329,-13.021931,15.399677,-13.000016,15.375437
0,-13.026763,15.417100,-12.962534,15.442221,-12.966658,15.449996
0,-12.948643,15.411756,-12.953753,15.437672,-12.962534,15.442221
0,-12.948643,15.411756,-12.962534,15.442221,-12.949992,15.408329
0,-12.948643,15.411756,-12.949992,15.408329,-12.949158,15.408329
0,-12.936942,15.435918,-12.939507,15.424996,-12.934079,15.431571
0,-12.939789,15.437511,-12.941658,15.424996,-12.936942,15.435918
0,-12.953753,15.437672,-12.948643,15.411756,-12.947261,15.414599
0,-12.953753,15.437672,-12.946069,15.417048,-12.941658,15.424996
0,-12.953753,15.437672,-12.947261,15.414599,-12.946069,15.417048
0,-12.941658,15.424996,-12.946069,15.417048,-12.941658,15.422391
0,-12.944313,15.354383,-12.947633,15.366663,-12.949992,15.366663
0,-12.979330,15.332989,-12.944313,15.354383,-12.986353,15.341546
0,-12.949992,15.380560,-12.951130,15.390165,-12.997936,15.372091
0,-12.950471,15.399579,-13.000016,15.375437,-12.951130,15.390165
0,-12.944313,15.354383,-12.949992,15.366663,-12.986353,15.341546
0,-12.941658,15.349997,-12.941658,15.350984,-12.944313,15.354383
0,-12.941658,15.349997,-12.975946,15.328863,-12.965429,15.321905
0,-12.956400,15.314603,-12.937167,15.345233,-12.965429,15.321905
0,-12.933325,15.341663,-12.922200,15.333368,-12.932663,15.341663
0,-12.901628,15.289613,-12.883325,15.324996,-12.891429,15.330071
0,-12.916659,15.333329,-12.906582,15.287294,-12.901628,15.289613
0,-12.841658,15.288258,-12.847310,15.299996,-12.849991,15.299996
0,-12.858325,15.311115,-12.863935,15.316663,-12.858325,15.308330
0,-12.855508,15.308330,-12.849991,15.299996,-12.849991,15.302874
0,-12.855508,15.308330,-12.858325,15.308330,-12.849991,15.299996
0,-12.863935,15.316663,-12.866659,15.316663,-12.858325,15.308330
0,-12.866659,15.316663,-12.883325,15.324996,-12.901628,15.289613
0,-12.866659,15.316663,-12.878104,15.324996,-12.883325,15.324996
0,-12.866659,15.318338,-12.878104,15.324996,-12.866659,15.316663
0,-12.909741,15.333329,-12.916659,15.333329,-12.904684,15.331615
0,-12.904684,15.331615,-12.901628,15.289613,-12.891429,15.330071
0,-12.975946,15.328863,-12.944313,15.354383,-12.979330,15.332989
0,-12.922200,15.333368,-12.916659,15.333329,-12.916659,15.333770
0,-12.922200,15.333368,-12.906582,15.287294,-12.916659,15.333329
0,-12.937167,15.345233,-12.956400,15.314603,-12.933325,15.341663
0,-12.956400,15.314603,-12.922200,15.333368,-12.933325,15.341663
0,-12.944458,15.293309,-12.922200,15.333368,-12.956400,15.314603
0,-12.917427,15.280354,-12.944458,15.293309,-12.936287,15.283114
0,-12.944918,15.290781,-12.941347,15.286666,-12.944458,15.293309
0,-12.883325,15.324996,-12.887339,15.328634,-12.891429,15.330071
0,-12.883325,15.324996,-12.883325,15.327225,-12.887339,15.328634
0,-12.917427,15.280354,-12.936287,15.283114,-12.935175,15.282333
0,-12.894939,15.276787,-12.901628,15.289613,-12.896122,15.277011
0,-12.944458,15.293309,-12.941347,15.286666,-12.936287,15.283114
0,-12.888747,15.268550,-12.894939,15.276787,-12.891352,15.269227
0,-12.841658,15.274996,-12.874992,15.266663,-12.858325,15.258329
0,-12.866775,15.258329,-12.874992,15.266663,-12.874992,15.262837
0,-12.849991,15.299996,-12.858325,15.308330,-12.874992,15.266663
0,-12.874992,15.266663,-12.866775,15.258329,-12.866659,15.258329
0,-12.858325,15.258329,-12.857460,15.255149,-12.849991,15.258056
0,-12.858325,15.258329,-12.874992,15.266663,-12.866659,15.258329
0,-12.841658,15.266676,-12.858325,15.258329,-12.849991,15.258329
0,-12.849991,15.258329,-12.849290,15.258329,-12.847310,15.259100
0,-12.841658,15.283329,-12.838913,15.282558,-12.839284,15.283329
0,-12.841658,15.266676,-12.849991,15.258329,-12.847310,15.259100
0,-12.841658,15.274996,-12.858325,15.258329,-12.841658,15.266676
1,-12.928729,15.315658,-12.922284,15.304438,-12.913590,15.315501
1,-12.928729,15.315658,-12.931643,15.329648,-12.936598,15.327329
1,-12.935425,15.329170,-12.936598,15.327329,-12.931643,15.329648
1,-12.931643,15.329648,-12.928729,15.315658,-12.922154,15.324643
1,-12.922154,15.324643,-12.928729,15.315658,-12.917642,15.321452
1,-12.917642,15.321452,-12.928729,15.315658,-12.913590,15.315501
1,-12.912829,15.305632,-12.911898,15.308620,-12.915182,15.303555
1,-12.911898,15.308620,-12.922284,15.304438,-12.915182,15.303555
1,-12.913590,15.315501,-12.922284,15.304438,-12.911898,15.308620
