0,0,0,1,12,
0,-16.385044,14.194702,-16.355214,14.173604,-16.351691,14.200329
0,-16.386942,14.260411,-16.394539,14.263498,-16.393261,14.258003
0,-16.331480,14.203200,-16.342703,14.198413,-16.339224,14.185579
0,-16.292963,14.179458,-16.291771,14.182722,-16.298355,14.195255
0,-16.203286,14.174540,-16.206446,14.166674,-16.195670,14.163515
0,-16.303107,14.197474,-16.311964,14.205368,-16.319140,14.185020
0,-16.444310,14.189084,-16.448033,14.186491,-16.447743,14.178388
0,-16.355214,14.173604,-16.385044,14.194702,-16.359171,14.171008
0,-16.450270,14.182472,-16.450228,14.179771,-16.447743,14.178388
0,-16.378710,14.170215,-16.376791,14.168579,-16.359171,14.171008
0,-16.405209,14.163553,-16.411866,14.166887,-16.408518,14.164186
0,-16.376791,14.168579,-16.373686,14.165934,-16.359171,14.171008
0,-16.435774,14.178561,-16.444310,14.189084,-16.447743,14.178388
0,-16.378710,14.170215,-16.359171,14.171008,-16.385044,14.194702
0,-16.412161,14.208948,-16.406182,14.203994,-16.402462,14.209880
0,-16.385044,14.194702,-16.351691,14.200329,-16.366246,14.210423
0,-16.416235,14.225658,-16.412001,14.213088,-16.400908,14.225002
0,-16.402462,14.209880,-16.400456,14.213058,-16.412001,14.213088
0,-16.412001,14.213088,-16.400456,14.213058,-16.400908,14.225002
0,-16.419417,14.206295,-16.431324,14.201245,-16.422491,14.184936
0,-16.395111,14.269006,-16.393408,14.266047,-16.389264,14.271402
0,-16.330122,14.258850,-16.333346,14.280862,-16.361433,14.257170
0,-16.385663,14.267789,-16.393408,14.266047,-16.386942,14.260411
0,-16.393261,14.258003,-16.396960,14.254033,-16.397042,14.245527
0,-16.402148,14.254173,-16.407006,14.249265,-16.397042,14.245527
0,-16.344832,14.185735,-16.341351,14.185638,-16.342703,14.198413
0,-16.251049,14.179386,-16.266715,14.204520,-16.270514,14.179630
0,-16.384728,14.203212,-16.385044,14.194702,-16.366246,14.210423
0,-16.348307,14.182457,-16.344832,14.185735,-16.351691,14.200329
0,-16.238619,14.175156,-16.234690,14.205513,-16.248129,14.179316
0,-16.130785,14.191588,-16.143496,14.190923,-16.136561,14.171267
0,-16.330122,14.258850,-16.361433,14.257170,-16.340727,14.245798
0,-16.218670,14.179927,-16.216830,14.181213,-16.221014,14.191488
0,-16.211884,14.181294,-16.208687,14.179494,-16.207846,14.192856
0,-16.207077,14.178713,-16.200968,14.190210,-16.208687,14.179494
0,-16.206446,14.166674,-16.205447,14.163471,-16.195670,14.163515
0,-16.203286,14.174540,-16.200968,14.190210,-16.207077,14.178713
0,-16.162392,14.152915,-16.157181,14.151557,-16.168391,14.160788
0,-16.238619,14.175156,-16.227202,14.171399,-16.218670,14.179927
0,-16.115086,14.141502,-16.125878,14.139028,-16.115776,14.126778
0,-16.162810,14.177045,-16.170857,14.179212,-16.175469,14.165093
0,-16.145706,14.141463,-16.144921,14.136879,-16.137236,14.142061
0,-16.122177,14.184142,-16.122919,14.186198,-16.130785,14.191588
0,-16.130785,14.191588,-16.138829,14.193526,-16.143496,14.190923
0,-16.448033,14.186491,-16.450270,14.182472,-16.447743,14.178388
0,-16.393389,14.187203,-16.395834,14.166244,-16.383404,14.168840
0,-16.383404,14.168840,-16.378710,14.170215,-16.389174,14.188655
0,-16.438910,14.190096,-16.444310,14.189084,-16.435774,14.178561
0,-16.422491,14.184936,-16.431324,14.201245,-16.433619,14.197084
0,-16.411866,14.166887,-16.405209,14.163553,-16.410780,14.178956
0,-16.410780,14.178956,-16.405209,14.163553,-16.395834,14.166244
0,-16.383404,14.168840,-16.389174,14.188655,-16.393389,14.187203
0,-16.348307,14.182457,-16.351691,14.200329,-16.355214,14.173604
0,-16.414338,14.173281,-16.411866,14.166887,-16.410780,14.178956
0,-16.412184,14.184352,-16.409531,14.180949,-16.404538,14.191379
0,-16.410780,14.178956,-16.395834,14.166244,-16.409531,14.180949
0,-16.339894,14.185598,-16.342703,14.198413,-16.341351,14.185638
0,-16.339224,14.185579,-16.342703,14.198413,-16.339894,14.185598
0,-16.342703,14.198413,-16.345066,14.198833,-16.344832,14.185735
0,-16.326754,14.202361,-16.331480,14.203200,-16.339224,14.185579
0,-16.319140,14.185020,-16.326754,14.202361,-16.339224,14.185579
0,-16.315741,14.205766,-16.321154,14.205444,-16.319140,14.185020
0,-16.389174,14.188655,-16.378710,14.170215,-16.385044,14.194702
0,-16.351691,14.200329,-16.344832,14.185735,-16.345066,14.198833
0,-16.404538,14.191379,-16.406992,14.196855,-16.412184,14.184352
0,-16.409531,14.180949,-16.400008,14.188469,-16.404538,14.191379
0,-16.409531,14.180949,-16.395834,14.166244,-16.400008,14.188469
0,-16.406992,14.196855,-16.416863,14.185359,-16.412184,14.184352
0,-16.406992,14.196855,-16.419417,14.206295,-16.416863,14.185359
0,-16.400008,14.188469,-16.395834,14.166244,-16.393389,14.187203
0,-16.425621,14.183102,-16.438910,14.190096,-16.435774,14.178561
0,-16.416863,14.185359,-16.419417,14.206295,-16.422491,14.184936
0,-16.424542,14.183734,-16.433619,14.197084,-16.425621,14.183102
0,-16.425621,14.183102,-16.433619,14.197084,-16.438910,14.190096
0,-16.424542,14.183734,-16.422491,14.184936,-16.433619,14.197084
0,-16.431324,14.201245,-16.419417,14.206295,-16.426483,14.206173
0,-16.406992,14.196855,-16.406182,14.203994,-16.419417,14.206295
0,-16.412161,14.208948,-16.419417,14.206295,-16.406182,14.203994
0,-16.412161,14.208948,-16.402462,14.209880,-16.412001,14.213088
0,-16.408007,14.239592,-16.399802,14.241801,-16.407006,14.249265
0,-16.384518,14.217698,-16.384728,14.203212,-16.367737,14.214767
0,-16.416235,14.225658,-16.400908,14.225002,-16.409594,14.236116
0,-16.367737,14.214767,-16.384728,14.203212,-16.366246,14.210423
0,-16.418963,14.220093,-16.412001,14.213088,-16.416235,14.225658
0,-16.416235,14.225658,-16.409594,14.236116,-16.414982,14.234415
0,-16.400908,14.225002,-16.399802,14.241801,-16.409594,14.236116
0,-16.409594,14.236116,-16.399802,14.241801,-16.408007,14.239592
0,-16.407006,14.249265,-16.399802,14.241801,-16.397042,14.245527
0,-16.386942,14.260411,-16.393261,14.258003,-16.397042,14.245527
0,-16.396960,14.254033,-16.402148,14.254173,-16.397042,14.245527
0,-16.393408,14.266047,-16.394539,14.263498,-16.386942,14.260411
0,-16.383923,14.262761,-16.385663,14.267789,-16.386942,14.260411
0,-16.385663,14.267789,-16.389264,14.271402,-16.393408,14.266047
0,-16.382584,14.266922,-16.385663,14.267789,-16.383923,14.262761
0,-16.255749,14.210680,-16.266715,14.204520,-16.251049,14.179386
0,-16.333346,14.280862,-16.330122,14.258850,-16.323927,14.268149
0,-16.327721,14.282566,-16.333346,14.280862,-16.323927,14.268149
0,-16.327721,14.282566,-16.323927,14.268149,-16.321524,14.278763
0,-16.327721,14.282566,-16.321524,14.278763,-16.322281,14.281509
0,-16.351204,14.238724,-16.361433,14.257170,-16.372960,14.242949
0,-16.340727,14.245798,-16.361433,14.257170,-16.351204,14.238724
0,-16.372960,14.242949,-16.382878,14.221950,-16.367373,14.220749
0,-16.359553,14.231227,-16.351204,14.238724,-16.372960,14.242949
0,-16.382878,14.221950,-16.384518,14.217698,-16.367737,14.214767
0,-16.372960,14.242949,-16.367373,14.220749,-16.359553,14.231227
0,-16.382878,14.221950,-16.367737,14.214767,-16.367373,14.220749
0,-16.319140,14.185020,-16.321154,14.205444,-16.326754,14.202361
0,-16.313055,14.174089,-16.292963,14.179458,-16.298355,14.195255
0,-16.313055,14.174089,-16.298355,14.195255,-16.303107,14.197474
0,-16.276459,14.182750,-16.276005,14.197009,-16.281639,14.182663
0,-16.266810,14.174407,-16.251049,14.179386,-16.270514,14.179630
0,-16.248129,14.179316,-16.242272,14.207915,-16.251049,14.179386
0,-16.266715,14.204520,-16.276005,14.197009,-16.270514,14.179630
0,-16.276005,14.197009,-16.286570,14.194993,-16.281639,14.182663
0,-16.238619,14.175156,-16.221014,14.191488,-16.234690,14.205513
0,-16.289725,14.182710,-16.281639,14.182663,-16.286570,14.194993
0,-16.289725,14.182710,-16.286570,14.194993,-16.291771,14.182722
0,-16.311964,14.205368,-16.315741,14.205766,-16.319140,14.185020
0,-16.286570,14.194993,-16.298355,14.195255,-16.291771,14.182722
0,-16.270514,14.179630,-16.276005,14.197009,-16.276459,14.182750
0,-16.313055,14.174089,-16.303107,14.197474,-16.319140,14.185020
0,-16.255749,14.210680,-16.251049,14.179386,-16.242272,14.207915
0,-16.255749,14.210680,-16.242272,14.207915,-16.247742,14.210814
0,-16.248129,14.179316,-16.234690,14.205513,-16.242272,14.207915
0,-16.208687,14.179494,-16.200968,14.190210,-16.207846,14.192856
0,-16.203286,14.174540,-16.191475,14.186229,-16.200968,14.190210
0,-16.216524,14.190643,-16.211884,14.181294,-16.213259,14.192536
0,-16.213259,14.192536,-16.211884,14.181294,-16.207846,14.192856
0,-16.122177,14.184142,-16.130785,14.191588,-16.136561,14.171267
0,-16.203286,14.174540,-16.184576,14.168872,-16.191475,14.186229
0,-16.184576,14.168872,-16.172774,14.181019,-16.183152,14.181768
0,-16.221014,14.191488,-16.216830,14.181213,-16.216524,14.190643
0,-16.216830,14.181213,-16.211884,14.181294,-16.216524,14.190643
0,-16.238619,14.175156,-16.218670,14.179927,-16.221014,14.191488
0,-16.184576,14.168872,-16.170857,14.179212,-16.172774,14.181019
0,-16.168391,14.160788,-16.151497,14.176769,-16.162810,14.177045
0,-16.136561,14.171267,-16.149163,14.177957,-16.151497,14.176769
0,-16.136561,14.171267,-16.143496,14.190923,-16.149163,14.177957
0,-16.143805,14.154139,-16.136561,14.171267,-16.151497,14.176769
0,-16.168391,14.160788,-16.157181,14.151557,-16.151497,14.176769
0,-16.157181,14.151557,-16.143805,14.154139,-16.151497,14.176769
0,-16.155817,14.150119,-16.143805,14.154139,-16.157181,14.151557
0,-16.184576,14.168872,-16.203286,14.174540,-16.195670,14.163515
0,-16.183152,14.181768,-16.191475,14.186229,-16.184576,14.168872
0,-16.162810,14.177045,-16.175469,14.165093,-16.168391,14.160788
0,-16.170857,14.179212,-16.184576,14.168872,-16.175469,14.165093
0,-16.300620,14.163725,-16.296536,14.172943,-16.312407,14.171880
0,-16.313055,14.174089,-16.295901,14.174102,-16.292963,14.179458
0,-16.296536,14.172943,-16.313055,14.174089,-16.312407,14.171880
0,-16.296536,14.172943,-16.295901,14.174102,-16.313055,14.174089
0,-16.300620,14.163725,-16.312407,14.171880,-16.309292,14.161280
0,-16.300620,14.163725,-16.309292,14.161280,-16.305504,14.160194
0,-16.238619,14.175156,-16.231865,14.170357,-16.227202,14.171399
0,-16.155817,14.150119,-16.149792,14.143766,-16.143805,14.154139
0,-16.151394,14.129877,-16.149670,14.125538,-16.144921,14.136879
0,-16.148100,14.143724,-16.140902,14.148801,-16.143805,14.154139
0,-16.134985,14.120720,-16.149670,14.125538,-16.147477,14.121205
0,-16.149792,14.143766,-16.148100,14.143724,-16.143805,14.154139
0,-16.102547,14.138256,-16.110129,14.127099,-16.100113,14.133696
0,-16.148100,14.143724,-16.145706,14.141463,-16.140902,14.148801
0,-16.144921,14.136879,-16.134985,14.120720,-16.130333,14.137805
0,-16.145706,14.141463,-16.137236,14.142061,-16.140902,14.148801
0,-16.115776,14.126778,-16.110129,14.127099,-16.115086,14.141502
0,-16.130333,14.137805,-16.134985,14.120720,-16.131590,14.118936
0,-16.144921,14.136879,-16.149670,14.125538,-16.134985,14.120720
0,-16.144921,14.136879,-16.130333,14.137805,-16.137236,14.142061
0,-16.131590,14.118936,-16.129044,14.117599,-16.115776,14.126778
0,-16.107071,14.141170,-16.115086,14.141502,-16.110129,14.127099
0,-16.102547,14.138256,-16.107071,14.141170,-16.110129,14.127099
0,-16.131590,14.118936,-16.115776,14.126778,-16.130333,14.137805
0,-16.130333,14.137805,-16.115776,14.126778,-16.125878,14.139028
