0,0,0,1,12,
0,-16.043839,14.120808,-16.049662,14.117036,-16.033532,14.096144
0,-16.049662,14.117036,-16.060898,14.112948,-16.056794,14.093014
0,-16.060898,14.112948,-16.065169,14.100926,-16.056794,14.093014
0,-16.033532,14.096144,-16.024489,14.116437,-16.043839,14.120808
0,-16.076306,14.135226,-16.080248,14.128960,-16.073758,14.121248
0,-16.028090,14.122667,-16.029332,14.126554,-16.040854,14.125452
0,-16.069769,14.136024,-16.076306,14.135226,-16.073758,14.121248
0,-16.026499,14.098095,-16.019507,14.112783,-16.024489,14.116437
0,-15.961553,14.103906,-15.950409,14.096763,-15.955479,14.104270
0,-16.049662,14.117036,-16.050629,14.090584,-16.036082,14.093804
0,-15.959427,14.086737,-15.950409,14.096763,-15.967353,14.096038
0,-15.965834,14.089624,-15.959427,14.086737,-15.967353,14.096038
0,-16.043822,14.147702,-16.046202,14.149273,-16.052937,14.129626
0,-16.049662,14.117036,-16.056794,14.093014,-16.050629,14.090584
0,-16.004029,14.101997,-16.009226,14.093310,-15.994787,14.102963
0,-15.974049,14.102141,-15.980806,14.083644,-15.971371,14.096894
0,-16.010645,14.103930,-16.026499,14.098095,-16.009226,14.093310
0,-16.049662,14.117036,-16.034439,14.095312,-16.033532,14.096144
0,-16.049662,14.117036,-16.036082,14.093804,-16.034439,14.095312
0,-16.065955,14.105512,-16.065169,14.100926,-16.060898,14.112948
0,-16.024489,14.116437,-16.028090,14.122667,-16.043839,14.120808
0,-16.069769,14.136024,-16.073758,14.121248,-16.062081,14.127182
0,-16.079987,14.125771,-16.073758,14.121248,-16.080248,14.128960
0,-16.076586,14.121432,-16.073758,14.121248,-16.079987,14.125771
0,-16.029332,14.126554,-16.033007,14.149024,-16.043259,14.128402
0,-16.052937,14.129626,-16.069769,14.136024,-16.062081,14.127182
0,-16.024697,14.145018,-16.033007,14.149024,-16.029332,14.126554
0,-16.043822,14.147702,-16.052937,14.129626,-16.043259,14.128402
0,-16.046202,14.149273,-16.069769,14.136024,-16.052937,14.129626
0,-16.033007,14.149024,-16.043822,14.147702,-16.043259,14.128402
0,-16.028090,14.122667,-16.040854,14.125452,-16.043839,14.120808
0,-16.029332,14.126554,-16.043259,14.128402,-16.040854,14.125452
0,-16.026499,14.098095,-16.016079,14.108015,-16.019507,14.112783
0,-16.033532,14.096144,-16.026499,14.098095,-16.024489,14.116437
0,-15.980806,14.083644,-15.974049,14.102141,-15.990120,14.105566
0,-15.967353,14.096038,-15.950409,14.096763,-15.961553,14.103906
0,-15.980806,14.083644,-15.994787,14.102963,-15.993512,14.082984
0,-15.955479,14.104270,-15.959732,14.105123,-15.961553,14.103906
0,-15.982142,14.107301,-15.990120,14.105566,-15.974049,14.102141
0,-16.009226,14.093310,-15.993512,14.082984,-15.994787,14.102963
0,-15.971960,14.089758,-15.967353,14.096038,-15.971371,14.096894
0,-16.010645,14.103930,-16.016079,14.108015,-16.026499,14.098095
0,-15.994787,14.102963,-15.980806,14.083644,-15.990120,14.105566
0,-16.010645,14.103930,-16.009226,14.093310,-16.004029,14.101997
0,-15.971960,14.089758,-15.965834,14.089624,-15.967353,14.096038
0,-15.980806,14.083644,-15.971960,14.089758,-15.971371,14.096894
0,-15.947452,14.088555,-15.950409,14.096763,-15.959427,14.086737
