0,0,0,0,12,
0,-13.181851,12.970507,-13.179462,12.969498,-13.178989,12.977047
0,-13.179807,12.981327,-13.179388,12.985673,-13.180523,12.983394
0,-13.178989,12.977047,-13.179462,12.969498,-13.178090,12.968919
0,-13.179807,12.981327,-13.174211,12.986421,-13.179388,12.985673
0,-13.179807,12.981327,-13.170446,12.984373,-13.174211,12.986421
0,-13.179807,12.981327,-13.168770,12.978862,-13.170446,12.984373
0,-13.179807,12.981327,-13.178989,12.977047,-13.168770,12.978862
0,-13.178989,12.977047,-13.178090,12.968919,-13.171549,12.973096
0,-13.178989,12.977047,-13.171549,12.973096,-13.168770,12.978862
