0,0,1,1,13,
0,-13.678361,13.305766,-13.685455,13.296564,-13.675611,13.296617
0,-13.685029,13.293165,-13.676288,13.282118,-13.675611,13.296617
0,-13.670654,13.336588,-13.667463,13.339529,-13.671023,13.341535
0,-13.609023,13.289723,-13.590885,13.284516,-13.593902,13.293498
0,-13.623295,13.247396,-13.619073,13.287021,-13.627295,13.287107
0,-13.623295,13.247396,-13.627295,13.287107,-13.644391,13.272641
0,-13.666164,13.280685,-13.662879,13.275737,-13.647096,13.276312
0,-13.676288,13.282118,-13.666164,13.280685,-13.664774,13.294736
0,-13.675611,13.296617,-13.685455,13.296564,-13.685029,13.293165
0,-13.686350,13.332101,-13.674190,13.338401,-13.679460,13.340467
0,-13.690661,13.336363,-13.703739,13.333654,-13.701370,13.331065
0,-13.701370,13.331065,-13.686350,13.332101,-13.690661,13.336363
0,-13.671023,13.341535,-13.679460,13.340467,-13.674190,13.338401
0,-13.686350,13.332101,-13.679460,13.340467,-13.690661,13.336363
0,-13.671023,13.341535,-13.674190,13.338401,-13.670654,13.336588
0,-13.670368,13.330152,-13.665493,13.334503,-13.670654,13.336588
0,-13.669051,13.323405,-13.665493,13.334503,-13.670368,13.330152
0,-13.676288,13.282118,-13.664774,13.294736,-13.675611,13.296617
0,-13.666164,13.280685,-13.648821,13.295703,-13.664774,13.294736
0,-13.609023,13.289723,-13.619073,13.287021,-13.594919,13.268652
0,-13.670654,13.336588,-13.665493,13.334503,-13.667463,13.339529
0,-13.605834,13.295297,-13.609023,13.289723,-13.593902,13.293498
0,-13.602581,13.297193,-13.605834,13.295297,-13.595026,13.295022
0,-13.595026,13.295022,-13.605834,13.295297,-13.593902,13.293498
0,-13.609023,13.289723,-13.591802,13.281751,-13.590885,13.284516
0,-13.609023,13.289723,-13.594919,13.268652,-13.591802,13.281751
0,-13.623295,13.247396,-13.644391,13.272641,-13.642359,13.249826
0,-13.627295,13.287107,-13.648821,13.295703,-13.647096,13.276312
0,-13.594919,13.268652,-13.619073,13.287021,-13.600784,13.258097
0,-13.642359,13.249826,-13.644391,13.272641,-13.648111,13.256832
0,-13.627295,13.287107,-13.647096,13.276312,-13.644391,13.272641
0,-13.648821,13.295703,-13.666164,13.280685,-13.647096,13.276312
0,-13.642359,13.249826,-13.648111,13.256832,-13.645674,13.251378
0,-13.608278,13.251220,-13.619073,13.287021,-13.623295,13.247396
0,-13.608278,13.251220,-13.623295,13.247396,-13.619046,13.245325
0,-13.600784,13.258097,-13.619073,13.287021,-13.608278,13.251220
0,-13.670368,13.330152,-13.676826,13.311771,-13.669051,13.323405
0,-13.676826,13.311771,-13.685455,13.296564,-13.678361,13.305766
0,-13.670368,13.330152,-13.685455,13.296564,-13.676826,13.311771
