0,0,0,0,12,
0,-14.827158,16.582649,-14.832503,16.580112,-14.825394,16.575504
0,-14.832503,16.580112,-14.827158,16.582649,-14.832150,16.582970
0,-14.823337,16.580612,-14.827158,16.582649,-14.825394,16.575504
0,-14.823900,16.591082,-14.826036,16.591349,-14.827037,16.588844
0,-14.823801,16.583965,-14.823900,16.591082,-14.827037,16.588844
0,-14.817399,16.582705,-14.823900,16.591082,-14.823801,16.583965
0,-14.821102,16.575886,-14.817480,16.578575,-14.823337,16.580612
0,-14.821102,16.575886,-14.823337,16.580612,-14.825394,16.575504
0,-14.817399,16.582705,-14.823801,16.583965,-14.823337,16.580612
0,-14.817480,16.578575,-14.817399,16.582705,-14.823337,16.580612
