0,0,0,0,12,
0,-16.705805,13.871532,-16.712090,13.880154,-16.713026,13.867721
0,-16.712090,13.880154,-16.716803,13.892714,-16.721371,13.885502
0,-16.701964,13.916436,-16.703474,13.921468,-16.706047,13.920730
0,-16.695736,13.922989,-16.696101,13.929649,-16.703474,13.921468
0,-16.688683,13.850001,-16.698735,13.846599,-16.685776,13.845684
0,-16.649104,13.872103,-16.648251,13.876719,-16.654717,13.882579
0,-16.648251,13.876719,-16.643238,13.885316,-16.652159,13.884235
0,-16.695736,13.922989,-16.703474,13.921468,-16.701964,13.916436
0,-16.685776,13.845684,-16.679692,13.847406,-16.688683,13.850001
0,-16.662594,13.863812,-16.652554,13.867903,-16.654717,13.882579
0,-16.653218,13.828803,-16.662838,13.839665,-16.667391,13.831765
0,-16.705805,13.871532,-16.713026,13.867721,-16.709385,13.862039
0,-16.698925,13.856482,-16.705658,13.851761,-16.702317,13.849293
0,-16.709385,13.862039,-16.705658,13.851761,-16.698925,13.856482
0,-16.709385,13.862039,-16.698925,13.856482,-16.705805,13.871532
0,-16.702317,13.849293,-16.698735,13.846599,-16.696747,13.853303
0,-16.698925,13.856482,-16.702317,13.849293,-16.696747,13.853303
0,-16.721535,13.881822,-16.712090,13.880154,-16.721371,13.885502
0,-16.716803,13.892714,-16.712090,13.880154,-16.712374,13.894864
0,-16.719576,13.877948,-16.713026,13.867721,-16.712090,13.880154
0,-16.710186,13.903411,-16.722615,13.901115,-16.717829,13.897063
0,-16.709103,13.908259,-16.727009,13.909310,-16.722615,13.901115
0,-16.719576,13.877948,-16.712090,13.880154,-16.721535,13.881822
0,-16.712374,13.894864,-16.717829,13.897063,-16.716803,13.892714
0,-16.712374,13.894864,-16.710186,13.903411,-16.717829,13.897063
0,-16.727009,13.909310,-16.733401,13.911263,-16.735424,13.906397
0,-16.744704,13.911514,-16.749178,13.911661,-16.747157,13.904572
0,-16.733401,13.911263,-16.744704,13.911514,-16.740610,13.906761
0,-16.733401,13.911263,-16.740610,13.906761,-16.735424,13.906397
0,-16.744704,13.911514,-16.747157,13.904572,-16.740610,13.906761
0,-16.725930,13.902481,-16.727009,13.909310,-16.735424,13.906397
0,-16.709103,13.908259,-16.701964,13.916436,-16.706047,13.920730
0,-16.722615,13.901115,-16.727009,13.909310,-16.723130,13.901327
0,-16.709103,13.908259,-16.706047,13.920730,-16.727009,13.909310
0,-16.727009,13.909310,-16.725930,13.902481,-16.723130,13.901327
0,-16.722615,13.901115,-16.710186,13.903411,-16.709103,13.908259
0,-16.696747,13.853303,-16.698735,13.846599,-16.688683,13.850001
0,-16.672875,13.847760,-16.669941,13.842065,-16.669403,13.850812
0,-16.652159,13.884235,-16.643238,13.885316,-16.645186,13.888728
0,-16.695736,13.922989,-16.694617,13.925998,-16.696101,13.929649
0,-16.654717,13.882579,-16.652554,13.867903,-16.649104,13.872103
0,-16.641533,13.890452,-16.645186,13.888728,-16.643238,13.885316
0,-16.669403,13.850812,-16.661610,13.849344,-16.662594,13.863812
0,-16.662594,13.863812,-16.661610,13.849344,-16.652554,13.867903
0,-16.654717,13.882579,-16.648251,13.876719,-16.652159,13.884235
0,-16.685776,13.845684,-16.680033,13.840732,-16.679692,13.847406
0,-16.669941,13.842065,-16.661610,13.849344,-16.669403,13.850812
0,-16.667391,13.831765,-16.662838,13.839665,-16.668944,13.839094
0,-16.669941,13.842065,-16.662838,13.839665,-16.661610,13.849344
0,-16.676789,13.843321,-16.672801,13.843852,-16.672875,13.847760
0,-16.680033,13.840732,-16.676789,13.843321,-16.679692,13.847406
0,-16.676789,13.843321,-16.672875,13.847760,-16.679692,13.847406
0,-16.672801,13.843852,-16.669941,13.842065,-16.672875,13.847760
0,-16.668944,13.839094,-16.662838,13.839665,-16.669941,13.842065
0,-16.658949,13.820881,-16.653218,13.828803,-16.667391,13.831765
