0,0,0,1,7,
0,-16.574252,14.233462,-16.578421,14.229712,-16.577912,14.227652
0,-16.494423,14.236253,-16.511565,14.207678,-16.488417,14.217278
0,-16.541050,14.322777,-16.546482,14.323371,-16.549778,14.298029
0,-16.578095,14.262358,-16.555497,14.263679,-16.557871,14.277199
0,-16.528279,14.206924,-16.519469,14.202022,-16.515337,14.207841
0,-16.521159,14.330483,-16.519509,14.343154,-16.532940,14.342918
0,-16.545693,14.193283,-16.540064,14.184164,-16.539694,14.187413
0,-16.537379,14.208428,-16.536877,14.213208,-16.551049,14.212097
0,-16.561543,14.163028,-16.559182,14.158794,-16.552822,14.158906
0,-16.490920,14.288722,-16.504643,14.304341,-16.510216,14.299875
0,-16.533633,14.216024,-16.551049,14.212097,-16.536877,14.213208
0,-16.577912,14.227652,-16.570305,14.224110,-16.574252,14.233462
0,-16.553072,14.197290,-16.547411,14.196931,-16.551155,14.205371
0,-16.544762,14.256743,-16.549961,14.257570,-16.562163,14.242184
0,-16.540068,14.270388,-16.538395,14.281681,-16.541336,14.275192
0,-16.567623,14.299936,-16.574782,14.311607,-16.574908,14.305858
0,-16.567671,14.246913,-16.579050,14.250617,-16.578019,14.245808
0,-16.563015,14.300092,-16.557139,14.300885,-16.572722,14.314860
0,-16.591091,14.381961,-16.577496,14.405563,-16.591643,14.398489
0,-16.520891,14.303596,-16.520296,14.309582,-16.541050,14.322777
0,-16.591643,14.398489,-16.577496,14.405563,-16.590182,14.404576
0,-16.579447,14.408977,-16.578852,14.419260,-16.590182,14.404576
0,-16.546818,14.347611,-16.548016,14.354833,-16.572857,14.334625
0,-16.572722,14.314860,-16.574782,14.311607,-16.567623,14.299936
0,-16.520296,14.309582,-16.518956,14.313513,-16.541050,14.322777
0,-16.546482,14.323371,-16.570452,14.319498,-16.557139,14.300885
0,-16.517046,14.299526,-16.520891,14.303596,-16.542841,14.292635
0,-16.546482,14.323371,-16.548449,14.327702,-16.570452,14.319498
0,-16.532824,14.412331,-16.547451,14.412762,-16.523327,14.396180
0,-16.568737,14.403650,-16.577496,14.405563,-16.591091,14.381961
0,-16.474938,14.342095,-16.458235,14.331124,-16.466349,14.349371
0,-16.523241,14.416867,-16.514824,14.408051,-16.510544,14.418698
0,-16.502674,14.414010,-16.505028,14.410512,-16.489327,14.406199
0,-16.507109,14.449555,-16.520319,14.449783,-16.516886,14.442719
0,-16.505028,14.410512,-16.506117,14.408893,-16.493668,14.398768
0,-16.467169,14.457607,-16.469109,14.447692,-16.465905,14.453033
0,-16.511782,14.459816,-16.513377,14.461207,-16.520264,14.459436
0,-16.433386,14.312937,-16.452450,14.311457,-16.426928,14.282020
0,-16.542841,14.292635,-16.520891,14.303596,-16.546694,14.296934
0,-16.489582,14.292882,-16.490534,14.318839,-16.502673,14.312419
0,-16.458235,14.331124,-16.479964,14.333504,-16.480795,14.327513
0,-16.488234,14.283712,-16.538395,14.281681,-16.540068,14.270388
0,-16.494423,14.236253,-16.484396,14.241945,-16.488234,14.283712
0,-16.480872,14.242466,-16.477860,14.245277,-16.484396,14.241945
0,-16.444130,14.269078,-16.467568,14.300391,-16.451359,14.268148
0,-16.489582,14.292882,-16.477595,14.307343,-16.490534,14.318839
0,-16.451359,14.268148,-16.467568,14.300391,-16.475369,14.288993
0,-16.430378,14.277363,-16.459233,14.308581,-16.444130,14.269078
0,-16.452450,14.311457,-16.459233,14.308581,-16.430378,14.277363
0,-16.553202,14.179129,-16.562045,14.167524,-16.552822,14.158906
0,-16.564749,14.191796,-16.561949,14.193226,-16.568297,14.205066
0,-16.551155,14.205371,-16.556456,14.201828,-16.553072,14.197290
0,-16.568297,14.205066,-16.561949,14.193226,-16.556456,14.201828
0,-16.539095,14.205813,-16.551155,14.205371,-16.547411,14.196931
0,-16.556456,14.201828,-16.561949,14.193226,-16.554699,14.196113
0,-16.527195,14.199357,-16.519469,14.202022,-16.529156,14.203461
0,-16.553072,14.197290,-16.556456,14.201828,-16.554699,14.196113
0,-16.562045,14.167524,-16.561543,14.163028,-16.552822,14.158906
0,-16.552822,14.158906,-16.537114,14.162862,-16.553202,14.179129
0,-16.553202,14.179129,-16.537157,14.177803,-16.540064,14.184164
0,-16.553202,14.179129,-16.537114,14.162862,-16.537157,14.177803
0,-16.534604,14.174769,-16.537157,14.177803,-16.537114,14.162862
0,-16.526118,14.171318,-16.534604,14.174769,-16.537114,14.162862
0,-16.547411,14.196931,-16.545693,14.193283,-16.539442,14.199141
0,-16.539442,14.199141,-16.537674,14.202410,-16.539095,14.205813
0,-16.551049,14.212097,-16.551155,14.205371,-16.539095,14.205813
0,-16.539095,14.205813,-16.547411,14.196931,-16.539442,14.199141
0,-16.540064,14.184164,-16.545693,14.193283,-16.553202,14.179129
0,-16.539694,14.187413,-16.539442,14.199141,-16.545693,14.193283
0,-16.537379,14.208428,-16.551049,14.212097,-16.539095,14.205813
0,-16.570305,14.224110,-16.567078,14.215431,-16.561394,14.213923
0,-16.544762,14.256743,-16.562163,14.242184,-16.533633,14.216024
0,-16.536805,14.209302,-16.536877,14.213208,-16.537379,14.208428
0,-16.563408,14.245839,-16.562163,14.242184,-16.549961,14.257570
0,-16.533633,14.216024,-16.494423,14.236253,-16.544762,14.256743
0,-16.494423,14.236253,-16.540068,14.270388,-16.544762,14.256743
0,-16.484396,14.241945,-16.475525,14.254481,-16.488234,14.283712
0,-16.557461,14.280424,-16.562746,14.285847,-16.557871,14.277199
0,-16.554037,14.266821,-16.557871,14.277199,-16.555497,14.263679
0,-16.555497,14.263679,-16.578095,14.262358,-16.577078,14.258469
0,-16.570305,14.224110,-16.563963,14.237783,-16.574252,14.233462
0,-16.549961,14.257570,-16.555497,14.263679,-16.563408,14.245839
0,-16.554037,14.266821,-16.555245,14.275406,-16.557871,14.277199
0,-16.561394,14.213923,-16.556710,14.215386,-16.570305,14.224110
0,-16.563963,14.237783,-16.533633,14.216024,-16.562163,14.242184
0,-16.533633,14.216024,-16.556710,14.215386,-16.551049,14.212097
0,-16.563963,14.237783,-16.570305,14.224110,-16.556710,14.215386
0,-16.533633,14.216024,-16.563963,14.237783,-16.556710,14.215386
0,-16.567671,14.246913,-16.577078,14.258469,-16.579050,14.250617
0,-16.567671,14.246913,-16.555497,14.263679,-16.577078,14.258469
0,-16.563408,14.245839,-16.555497,14.263679,-16.567671,14.246913
0,-16.578095,14.262358,-16.576830,14.279590,-16.580038,14.277954
0,-16.576830,14.279590,-16.578335,14.280295,-16.580038,14.277954
0,-16.576830,14.279590,-16.578095,14.262358,-16.557871,14.277199
0,-16.563015,14.300092,-16.572722,14.314860,-16.567623,14.299936
0,-16.570452,14.319498,-16.572722,14.314860,-16.557139,14.300885
0,-16.548430,14.339196,-16.572857,14.334625,-16.548449,14.327702
0,-16.577496,14.405563,-16.579447,14.408977,-16.590182,14.404576
0,-16.548449,14.327702,-16.572857,14.334625,-16.570452,14.319498
0,-16.548016,14.354833,-16.587862,14.356123,-16.584189,14.347984
0,-16.548016,14.354833,-16.591523,14.364426,-16.587862,14.356123
0,-16.577160,14.337766,-16.584189,14.347984,-16.587468,14.334364
0,-16.577160,14.337766,-16.548016,14.354833,-16.584189,14.347984
0,-16.591523,14.364426,-16.590584,14.358212,-16.587862,14.356123
0,-16.591523,14.364426,-16.548016,14.354833,-16.542584,14.366880
0,-16.527424,14.413575,-16.523327,14.396180,-16.520769,14.398062
0,-16.559199,14.410485,-16.562962,14.409960,-16.565707,14.405543
0,-16.572857,14.334625,-16.548016,14.354833,-16.577160,14.337766
0,-16.591523,14.364426,-16.542584,14.366880,-16.591091,14.381961
0,-16.565707,14.405543,-16.536114,14.373890,-16.555388,14.408485
0,-16.546818,14.347611,-16.572857,14.334625,-16.548430,14.339196
0,-16.546786,14.352096,-16.548016,14.354833,-16.546818,14.347611
0,-16.565707,14.405543,-16.555388,14.408485,-16.559199,14.410485
0,-16.565707,14.405543,-16.568737,14.403650,-16.536114,14.373890
0,-16.523327,14.396180,-16.547451,14.412762,-16.555388,14.408485
0,-16.520319,14.449783,-16.511782,14.459816,-16.520264,14.459436
0,-16.555388,14.408485,-16.536114,14.373890,-16.523327,14.396180
0,-16.527424,14.413575,-16.532824,14.412331,-16.523327,14.396180
0,-16.568737,14.403650,-16.542584,14.366880,-16.536114,14.373890
0,-16.568737,14.403650,-16.591091,14.381961,-16.542584,14.366880
0,-16.521159,14.330483,-16.532940,14.342918,-16.535605,14.334136
0,-16.519509,14.343154,-16.517632,14.368929,-16.532940,14.342918
0,-16.520891,14.303596,-16.541050,14.322777,-16.546694,14.296934
0,-16.521159,14.330483,-16.535605,14.334136,-16.535082,14.331387
0,-16.546694,14.296934,-16.541050,14.322777,-16.549778,14.298029
0,-16.546853,14.343130,-16.546818,14.347611,-16.548430,14.339196
0,-16.549778,14.298029,-16.546482,14.323371,-16.557139,14.300885
0,-16.574433,14.281446,-16.562746,14.285847,-16.574069,14.286335
0,-16.574433,14.281446,-16.557871,14.277199,-16.562746,14.285847
0,-16.574433,14.281446,-16.576830,14.279590,-16.557871,14.277199
0,-16.556120,14.284355,-16.562746,14.285847,-16.557461,14.280424
0,-16.557461,14.280424,-16.555605,14.282066,-16.556120,14.284355
0,-16.538395,14.281681,-16.517046,14.299526,-16.542841,14.292635
0,-16.541050,14.322777,-16.518956,14.313513,-16.517838,14.316751
0,-16.496336,14.377346,-16.512314,14.387181,-16.512005,14.383278
0,-16.511080,14.358932,-16.501143,14.369678,-16.517632,14.368929
0,-16.496336,14.377346,-16.493668,14.398768,-16.512314,14.387181
0,-16.517632,14.368929,-16.519509,14.343154,-16.511080,14.358932
0,-16.512005,14.383278,-16.517632,14.368929,-16.501143,14.369678
0,-16.512005,14.383278,-16.501143,14.369678,-16.496336,14.377346
0,-16.514824,14.408051,-16.523241,14.416867,-16.527424,14.413575
0,-16.520769,14.398062,-16.514824,14.408051,-16.527424,14.413575
0,-16.490702,14.442258,-16.502674,14.414010,-16.488478,14.411270
0,-16.513377,14.461207,-16.518198,14.462461,-16.520264,14.459436
0,-16.513377,14.461207,-16.515137,14.462744,-16.518198,14.462461
0,-16.507109,14.449555,-16.511782,14.459816,-16.520319,14.449783
0,-16.510851,14.422599,-16.506518,14.443131,-16.516886,14.442719
0,-16.490702,14.442258,-16.474474,14.444611,-16.477122,14.460193
0,-16.520773,14.423574,-16.510851,14.422599,-16.516886,14.442719
0,-16.520773,14.423574,-16.523241,14.416867,-16.510544,14.418698
0,-16.510851,14.422599,-16.520773,14.423574,-16.510544,14.418698
0,-16.507109,14.449555,-16.516886,14.442719,-16.506518,14.443131
0,-16.493668,14.398768,-16.506117,14.408893,-16.512314,14.387181
0,-16.489327,14.406199,-16.505028,14.410512,-16.493668,14.398768
0,-16.475111,14.428051,-16.490702,14.442258,-16.488478,14.411270
0,-16.469109,14.447692,-16.467169,14.457607,-16.477122,14.460193
0,-16.489075,14.407695,-16.502674,14.414010,-16.489327,14.406199
0,-16.488478,14.411270,-16.502674,14.414010,-16.489075,14.407695
0,-16.477122,14.460193,-16.467169,14.457607,-16.474074,14.461165
0,-16.453110,14.334431,-16.450455,14.343901,-16.466349,14.349371
0,-16.474005,14.431977,-16.490702,14.442258,-16.475111,14.428051
0,-16.474005,14.431977,-16.474474,14.444611,-16.490702,14.442258
0,-16.469109,14.447692,-16.477122,14.460193,-16.474474,14.444611
0,-16.450455,14.343901,-16.454390,14.352798,-16.458332,14.353494
0,-16.479964,14.333504,-16.458235,14.331124,-16.474938,14.342095
0,-16.466349,14.349371,-16.450455,14.343901,-16.458332,14.353494
0,-16.502673,14.312419,-16.504643,14.304341,-16.489582,14.292882
0,-16.498757,14.317316,-16.490534,14.318839,-16.496190,14.318739
0,-16.477595,14.307343,-16.484452,14.321244,-16.490534,14.318839
0,-16.484452,14.321244,-16.477595,14.307343,-16.473408,14.310403
0,-16.466349,14.349371,-16.458235,14.331124,-16.453110,14.334431
0,-16.480795,14.327513,-16.484452,14.321244,-16.473408,14.310403
0,-16.416708,14.290240,-16.423250,14.312882,-16.433386,14.312937
0,-16.416708,14.290240,-16.433386,14.312937,-16.426928,14.282020
0,-16.417797,14.311137,-16.416708,14.290240,-16.406666,14.295240
0,-16.417797,14.311137,-16.423250,14.312882,-16.416708,14.290240
0,-16.416708,14.290240,-16.411297,14.290793,-16.406666,14.295240
0,-16.426928,14.282020,-16.452450,14.311457,-16.430378,14.277363
0,-16.466404,14.266135,-16.475369,14.288993,-16.483513,14.283334
0,-16.439423,14.269390,-16.430378,14.277363,-16.444130,14.269078
0,-16.480795,14.327513,-16.473408,14.310403,-16.458235,14.331124
0,-16.444130,14.269078,-16.459233,14.308581,-16.467568,14.300391
0,-16.494423,14.236253,-16.488234,14.283712,-16.540068,14.270388
0,-16.502673,14.312419,-16.490534,14.318839,-16.498757,14.317316
0,-16.541050,14.322777,-16.517838,14.316751,-16.535082,14.331387
0,-16.535082,14.331387,-16.517838,14.316751,-16.521159,14.330483
0,-16.488234,14.283712,-16.517046,14.299526,-16.538395,14.281681
0,-16.517046,14.299526,-16.488234,14.283712,-16.510216,14.299875
0,-16.490920,14.288722,-16.489582,14.292882,-16.504643,14.304341
0,-16.510216,14.299875,-16.488234,14.283712,-16.490920,14.288722
0,-16.475525,14.254481,-16.474347,14.259129,-16.488234,14.283712
0,-16.472384,14.261994,-16.466404,14.266135,-16.483513,14.283334
0,-16.530034,14.212639,-16.515337,14.207841,-16.494423,14.236253
0,-16.503210,14.195618,-16.501738,14.194847,-16.494751,14.203145
0,-16.488417,14.217278,-16.486853,14.221903,-16.494423,14.236253
0,-16.528279,14.206924,-16.515337,14.207841,-16.530034,14.212639
0,-16.529156,14.203461,-16.519469,14.202022,-16.528279,14.206924
0,-16.526118,14.171318,-16.537114,14.162862,-16.525252,14.169685
0,-16.494751,14.203145,-16.506058,14.202013,-16.503210,14.195618
0,-16.494751,14.203145,-16.511565,14.207678,-16.506058,14.202013
0,-16.499884,14.193878,-16.494751,14.203145,-16.501738,14.194847
0,-16.488417,14.217278,-16.494751,14.203145,-16.486838,14.208342
0,-16.488417,14.217278,-16.511565,14.207678,-16.494751,14.203145
0,-16.530034,14.212639,-16.494423,14.236253,-16.533633,14.216024
0,-16.515337,14.207841,-16.511565,14.207678,-16.494423,14.236253
0,-16.451359,14.268148,-16.475369,14.288993,-16.466404,14.266135
0,-16.475525,14.254481,-16.484396,14.241945,-16.477860,14.245277
0,-16.488234,14.283712,-16.474347,14.259129,-16.483513,14.283334
0,-16.474347,14.259129,-16.472384,14.261994,-16.483513,14.283334
1,-16.526781,14.290850,-16.525288,14.286509,-16.524453,14.292271
1,-16.525288,14.286509,-16.520922,14.292562,-16.524453,14.292271
1,-16.525288,14.286509,-16.509242,14.285412,-16.520922,14.292562
1,-16.525288,14.286509,-16.518750,14.277201,-16.509242,14.285412
1,-16.509242,14.285412,-16.518750,14.277201,-16.514235,14.275210
1,-16.509242,14.285412,-16.514235,14.275210,-16.510476,14.275737
1,-16.509242,14.285412,-16.510476,14.275737,-16.505852,14.280644
2,-16.583283,14.374892,-16.580300,14.366671,-16.578185,14.379580
2,-16.583283,14.374892,-16.578185,14.379580,-16.581934,14.378364
2,-16.580300,14.366671,-16.571551,14.377858,-16.578185,14.379580
2,-16.580300,14.366671,-16.561720,14.369070,-16.571551,14.377858
2,-16.580300,14.366671,-16.571637,14.357401,-16.561720,14.369070
2,-16.571637,14.357401,-16.563568,14.354557,-16.559199,14.360380
2,-16.571637,14.357401,-16.559199,14.360380,-16.561720,14.369070
3,-16.550766,14.370125,-16.549645,14.368316,-16.550627,14.371192
3,-16.549645,14.368316,-16.548008,14.373514,-16.550627,14.371192
3,-16.549645,14.368316,-16.545885,14.367458,-16.544199,14.369461
3,-16.548008,14.373514,-16.549645,14.368316,-16.544199,14.369461
3,-16.548008,14.373514,-16.544199,14.369461,-16.546292,14.373540
4,-16.555090,14.392631,-16.549086,14.386762,-16.546502,14.387267
4,-16.555090,14.392631,-16.552763,14.399936,-16.555636,14.396528
4,-16.555090,14.392631,-16.546301,14.398949,-16.552763,14.399936
4,-16.555090,14.392631,-16.546502,14.387267,-16.546301,14.398949
4,-16.546301,14.398949,-16.546502,14.387267,-16.541647,14.392408
4,-16.546301,14.398949,-16.541647,14.392408,-16.539677,14.400488
4,-16.541647,14.392408,-16.536553,14.397325,-16.539677,14.400488
5,-16.576224,14.393304,-16.586394,14.403983,-16.584689,14.394478
5,-16.586394,14.403983,-16.587906,14.401145,-16.584689,14.394478
5,-16.575018,14.387256,-16.576224,14.393304,-16.584689,14.394478
6,-16.531968,14.253061,-16.538058,14.238472,-16.535975,14.237062
6,-16.535202,14.252800,-16.541048,14.247155,-16.538058,14.238472
6,-16.535202,14.252800,-16.540169,14.250618,-16.541048,14.247155
6,-16.535202,14.252800,-16.539261,14.252472,-16.540169,14.250618
6,-16.531968,14.253061,-16.535202,14.252800,-16.538058,14.238472
6,-16.516896,14.253557,-16.530585,14.254695,-16.531968,14.253061
6,-16.516896,14.253557,-16.530915,14.259747,-16.530585,14.254695
6,-16.527796,14.231528,-16.516896,14.253557,-16.531968,14.253061
6,-16.527796,14.231528,-16.531968,14.253061,-16.535975,14.237062
6,-16.520480,14.230968,-16.516896,14.253557,-16.527796,14.231528
6,-16.505837,14.240273,-16.516896,14.253557,-16.520480,14.230968
7,-16.532322,14.221563,-16.528767,14.220478,-16.530257,14.226206
7,-16.528767,14.220478,-16.525139,14.228126,-16.530257,14.226206
7,-16.530257,14.226206,-16.525139,14.228126,-16.528674,14.228065
7,-16.528767,14.220478,-16.519196,14.225244,-16.525139,14.228126
7,-16.528767,14.220478,-16.518147,14.219516,-16.519196,14.225244
7,-16.528767,14.220478,-16.523209,14.212990,-16.519015,14.215592
7,-16.523209,14.212990,-16.520609,14.212576,-16.519015,14.215592
7,-16.528767,14.220478,-16.519015,14.215592,-16.518147,14.219516
