0,0,1,1,13,
0,-16.432568,12.538651,-16.469204,12.508887,-16.457358,12.504152
0,-16.459404,12.559771,-16.489764,12.547379,-16.491536,12.541827
0,-16.432568,12.538651,-16.424143,12.522316,-16.414872,12.525790
0,-16.426983,12.515107,-16.432568,12.538651,-16.457358,12.504152
0,-16.428252,12.492767,-16.418372,12.500388,-16.427304,12.509807
0,-16.427304,12.509807,-16.440461,12.494723,-16.428252,12.492767
0,-16.469204,12.508887,-16.448927,12.553846,-16.491536,12.541827
0,-16.473071,12.509248,-16.469204,12.508887,-16.491536,12.541827
0,-16.473071,12.509248,-16.494646,12.526735,-16.492237,12.519114
0,-16.473071,12.509248,-16.491536,12.541827,-16.494646,12.526735
0,-16.489764,12.547379,-16.483372,12.562333,-16.490498,12.557535
0,-16.489764,12.547379,-16.490498,12.557535,-16.492075,12.551371
0,-16.483372,12.562333,-16.489764,12.547379,-16.478710,12.563150
0,-16.478710,12.563150,-16.489764,12.547379,-16.467923,12.562758
0,-16.467923,12.562758,-16.489764,12.547379,-16.459404,12.559771
0,-16.440461,12.494723,-16.427304,12.509807,-16.457358,12.504152
0,-16.459404,12.559771,-16.491536,12.541827,-16.448927,12.553846
0,-16.448927,12.553846,-16.469204,12.508887,-16.432568,12.538651
0,-16.432568,12.538651,-16.426983,12.515107,-16.424143,12.522316
0,-16.457358,12.504152,-16.427304,12.509807,-16.426983,12.515107
0,-16.405194,12.498218,-16.418372,12.500388,-16.406514,12.495191
0,-16.418074,12.493649,-16.418372,12.500388,-16.428252,12.492767
0,-16.416478,12.493278,-16.418372,12.500388,-16.418074,12.493649
0,-16.406514,12.495191,-16.418372,12.500388,-16.416478,12.493278
