0,0,1,1,13,
0,-15.466658,16.599997,-15.466658,16.596586,-15.460939,16.596331
0,-15.466658,16.599997,-15.460939,16.596331,-15.458325,16.599997
0,-15.460939,16.596331,-15.458325,16.595023,-15.458325,16.599997
1,-15.478622,16.591663,-15.483325,16.591663,-15.483241,16.585405
1,-15.483325,16.591663,-15.483325,16.585337,-15.483241,16.585405
2,-15.485792,16.583330,-15.491659,16.583330,-15.488784,16.580895
2,-15.491659,16.583330,-15.491659,16.580038,-15.488784,16.580895
3,-15.516658,16.574997,-15.516658,16.568804,-15.515589,16.570948
3,-15.516658,16.574997,-15.515589,16.570948,-15.508325,16.574997
3,-15.515589,16.570948,-15.508274,16.574997,-15.508325,16.574997
4,-15.524991,16.558329,-15.524991,16.549995,-15.521674,16.558329
4,-15.524991,16.549995,-15.520328,16.549995,-15.521674,16.558329
5,-15.516658,16.544607,-15.516658,16.541662,-15.514394,16.541662
6,-15.515483,16.531021,-15.516658,16.533329,-15.516658,16.528299
6,-15.515483,16.531021,-15.516658,16.528299,-15.515756,16.528732
6,-15.513584,16.530766,-15.511649,16.533329,-15.516658,16.533329
6,-15.513584,16.530766,-15.516658,16.533329,-15.515483,16.531021
7,-15.591658,16.533329,-15.599992,16.533329,-15.598735,16.531940
7,-15.599992,16.533329,-15.600600,16.533329,-15.598735,16.531940
7,-15.591658,16.529339,-15.591658,16.533329,-15.598735,16.531940
8,-15.533326,16.524996,-15.533326,16.520853,-15.530613,16.521597
8,-15.533326,16.524996,-15.530613,16.521597,-15.524991,16.524996
8,-15.530613,16.521597,-15.523536,16.524996,-15.524991,16.524996
9,-15.583660,16.524996,-15.583618,16.524622,-15.583325,16.524996
9,-15.583618,16.524622,-15.574992,16.519844,-15.583325,16.524996
9,-15.574992,16.519844,-15.574992,16.524996,-15.583325,16.524996
10,-15.548603,16.516663,-15.549992,16.516663,-15.549723,16.516356
10,-15.549992,16.516663,-15.555753,16.516663,-15.549723,16.516356
