0,0,1,1,13,
0,-15.624992,16.533329,-15.624992,16.530279,-15.616659,16.533329
0,-15.624992,16.530279,-15.608325,16.533329,-15.616659,16.533329
0,-15.624992,16.530279,-15.598735,16.531940,-15.608325,16.533329
0,-15.608325,16.533329,-15.598735,16.531940,-15.600600,16.533329
1,-15.633325,16.524996,-15.633325,16.520889,-15.631969,16.524996
2,-15.633325,16.516499,-15.633325,16.508329,-15.629856,16.508329
3,-15.628671,16.499996,-15.633325,16.499996,-15.629459,16.496790
3,-15.633325,16.499996,-15.633325,16.493943,-15.629459,16.496790
4,-15.777220,16.495523,-15.774991,16.495148,-15.774991,16.496504
5,-15.649991,16.491663,-15.658326,16.491663,-15.654643,16.487459
5,-15.658326,16.491663,-15.658326,16.486926,-15.654643,16.487459
5,-15.645749,16.488747,-15.641658,16.491663,-15.649991,16.491663
5,-15.645749,16.488747,-15.636716,16.491663,-15.641658,16.491663
5,-15.645749,16.488747,-15.649991,16.491663,-15.654643,16.487459
6,-15.724992,16.491663,-15.733325,16.491663,-15.730168,16.489618
6,-15.733325,16.491663,-15.739057,16.491663,-15.730168,16.489618
6,-15.724992,16.486501,-15.724992,16.491663,-15.730168,16.489618
7,-15.691658,16.483330,-15.699992,16.483330,-15.693652,16.481806
7,-15.699992,16.483330,-15.699992,16.475852,-15.693652,16.481806
7,-15.683325,16.483330,-15.691658,16.483330,-15.693652,16.481806
7,-15.693652,16.481806,-15.683135,16.483330,-15.683325,16.483330
8,-15.719726,16.483330,-15.716658,16.481482,-15.716658,16.483330
9,-15.705888,16.474997,-15.705641,16.474848,-15.703758,16.474997
