0,0,1,1,13,
0,-13.708325,16.183329,-13.715480,16.183329,-13.715548,16.180725
0,-13.708325,16.183329,-13.715548,16.180725,-13.708325,16.179892
1,-13.701169,16.174995,-13.700981,16.174862,-13.699992,16.174995
1,-13.699992,16.174995,-13.700981,16.174862,-13.699992,16.173492
2,-13.703375,16.149996,-13.699992,16.149996,-13.699992,16.153877
3,-13.713185,16.135244,-13.711882,16.130625,-13.708325,16.133329
3,-13.713185,16.135244,-13.708325,16.141663,-13.708928,16.143627
3,-13.713185,16.135244,-13.708325,16.133329,-13.708325,16.141663
3,-13.708325,16.141663,-13.708325,16.144320,-13.708928,16.143627
3,-13.711882,16.130625,-13.708325,16.124996,-13.708325,16.133329
3,-13.711882,16.130625,-13.708325,16.123888,-13.708325,16.124996
4,-13.476988,16.141663,-13.474991,16.139957,-13.474991,16.141663
5,-13.499992,16.141663,-13.499992,16.135636,-13.491731,16.141663
6,-13.503154,16.133329,-13.508325,16.133329,-13.506069,16.131203
6,-13.508325,16.133329,-13.508325,16.130424,-13.506069,16.131203
7,-13.550635,16.133329,-13.549927,16.133240,-13.549992,16.133329
7,-13.549927,16.133240,-13.541659,16.133329,-13.549992,16.133329
7,-13.549927,16.133240,-13.533325,16.128945,-13.541659,16.133329
7,-13.533325,16.128945,-13.533325,16.133329,-13.541659,16.133329
8,-13.589677,16.129198,-13.591658,16.133329,-13.590483,16.128679
8,-13.591658,16.133329,-13.591658,16.127924,-13.590483,16.128679
8,-13.589677,16.129198,-13.583325,16.133329,-13.591658,16.133329
8,-13.580539,16.133329,-13.583325,16.133329,-13.589677,16.129198
9,-13.599991,16.124996,-13.599991,16.122564,-13.596210,16.124996
10,-13.616659,16.116663,-13.624992,16.116663,-13.621701,16.112337
10,-13.624992,16.116663,-13.624992,16.110157,-13.621701,16.112337
10,-13.609244,16.116613,-13.616659,16.116663,-13.621701,16.112337
10,-13.616659,16.116663,-13.609244,16.116613,-13.609167,16.116663
11,-13.699992,16.116663,-13.701368,16.114458,-13.699992,16.112681
11,-13.699992,16.116663,-13.703075,16.116663,-13.701368,16.114458
12,-13.666659,16.101715,-13.661287,16.105291,-13.666659,16.108330
12,-13.653861,16.107861,-13.649991,16.108330,-13.658325,16.108330
12,-13.661287,16.105291,-13.658325,16.108330,-13.666659,16.108330
12,-13.661287,16.105291,-13.653861,16.107861,-13.658325,16.108330
12,-13.641658,16.108330,-13.649991,16.108330,-13.636852,16.104916
12,-13.633325,16.108330,-13.641658,16.108330,-13.636852,16.104916
12,-13.649991,16.108330,-13.653861,16.107861,-13.636852,16.104916
12,-13.628708,16.107695,-13.633325,16.108330,-13.636852,16.104916
12,-13.627750,16.108330,-13.633325,16.108330,-13.628708,16.107695
13,-13.696623,16.108330,-13.691658,16.101917,-13.691658,16.108330
14,-13.674992,16.099997,-13.674992,16.096167,-13.669240,16.099997
15,-13.683325,16.099997,-13.684554,16.096003,-13.683325,16.095780
15,-13.683325,16.099997,-13.689499,16.099997,-13.684554,16.096003
