0,0,1,1,13,
0,-16.095656,12.735838,-16.101246,12.734542,-16.090861,12.714569
0,-16.094727,12.671574,-16.064486,12.657746,-16.061036,12.668879
0,-16.141180,12.668623,-16.146544,12.659050,-16.133698,12.652026
0,-16.145211,12.670357,-16.163159,12.662517,-16.158455,12.657586
0,-16.102595,12.654451,-16.107449,12.669277,-16.111033,12.654461
0,-16.093178,12.678852,-16.087727,12.693949,-16.093771,12.683439
0,-16.084393,12.651587,-16.094727,12.671574,-16.095049,12.670062
0,-16.107449,12.669277,-16.113482,12.667049,-16.111033,12.654461
0,-16.072171,12.699413,-16.076245,12.702758,-16.087727,12.693949
0,-16.095656,12.735838,-16.099428,12.736659,-16.101246,12.734542
0,-16.039816,12.725328,-16.036692,12.739902,-16.060400,12.732385
0,-16.048722,12.786287,-16.049305,12.773160,-16.031439,12.771323
0,-16.047041,12.715020,-16.060400,12.732385,-16.063511,12.708611
0,-16.054125,12.751872,-16.057480,12.763287,-16.062222,12.765232
0,-16.072171,12.699413,-16.087727,12.693949,-16.058682,12.685963
0,-16.060400,12.732385,-16.036692,12.739902,-16.049219,12.752460
0,-16.025631,12.782056,-16.048722,12.786287,-16.031439,12.771323
0,-16.049219,12.752460,-16.035080,12.757146,-16.047770,12.759629
0,-16.154311,12.677479,-16.165711,12.680949,-16.163159,12.662517
0,-16.141180,12.668623,-16.125933,12.650850,-16.113482,12.667049
0,-16.167111,12.652860,-16.158455,12.657586,-16.163159,12.662517
0,-16.095049,12.670062,-16.086344,12.651426,-16.084393,12.651587
0,-16.125933,12.650850,-16.117514,12.651530,-16.113482,12.667049
0,-16.117514,12.651530,-16.111033,12.654461,-16.113482,12.667049
0,-16.098759,12.668585,-16.102595,12.654451,-16.086344,12.651426
0,-16.107449,12.669277,-16.102595,12.654451,-16.098759,12.668585
0,-16.098759,12.668585,-16.086344,12.651426,-16.095049,12.670062
0,-16.165711,12.680949,-16.154311,12.677479,-16.157383,12.687059
0,-16.141180,12.668623,-16.133698,12.652026,-16.125933,12.650850
0,-16.158455,12.657586,-16.146544,12.659050,-16.145211,12.670357
0,-16.154311,12.677479,-16.163159,12.662517,-16.145211,12.670357
0,-16.145211,12.670357,-16.146544,12.659050,-16.141180,12.668623
0,-16.157383,12.687059,-16.161946,12.707126,-16.165711,12.680949
0,-16.157383,12.687059,-16.156433,12.712389,-16.161946,12.707126
0,-16.156433,12.712389,-16.158743,12.719689,-16.161946,12.707126
0,-16.161946,12.707126,-16.158743,12.719689,-16.162362,12.721583
0,-16.162362,12.721583,-16.161692,12.724673,-16.163382,12.725099
0,-16.162362,12.721583,-16.158743,12.719689,-16.161692,12.724673
0,-16.060400,12.732385,-16.054125,12.751872,-16.062222,12.765232
0,-16.084393,12.651587,-16.069975,12.652773,-16.094727,12.671574
0,-16.094727,12.671574,-16.069975,12.652773,-16.064486,12.657746
0,-16.076245,12.702758,-16.087197,12.700402,-16.087727,12.693949
0,-16.076245,12.702758,-16.090861,12.714569,-16.087197,12.700402
0,-16.093178,12.678852,-16.061036,12.668879,-16.058682,12.685963
0,-16.034687,12.761348,-16.049305,12.773160,-16.047770,12.759629
0,-16.031081,12.792955,-16.044609,12.793817,-16.045386,12.793045
0,-16.025631,12.782056,-16.031081,12.792955,-16.048722,12.786287
0,-16.048722,12.786287,-16.031081,12.792955,-16.045386,12.793045
0,-16.044609,12.793817,-16.031081,12.792955,-16.039448,12.798949
0,-16.032652,12.834090,-16.023070,12.835259,-16.029446,12.836934
0,-16.032652,12.834090,-16.016293,12.827382,-16.023070,12.835259
0,-16.016293,12.827382,-16.022774,12.806743,-16.013468,12.826995
0,-16.025631,12.782056,-16.027117,12.793748,-16.031081,12.792955
0,-16.022774,12.806743,-16.016293,12.827382,-16.032652,12.834090
0,-16.008902,12.805261,-16.024409,12.797729,-16.025631,12.782056
0,-16.025631,12.782056,-16.024409,12.797729,-16.027117,12.793748
0,-16.008902,12.805261,-16.013468,12.826995,-16.022774,12.806743
0,-16.024409,12.797729,-16.008902,12.805261,-16.022774,12.806743
0,-16.049305,12.773160,-16.034687,12.761348,-16.031439,12.771323
0,-16.047770,12.759629,-16.035080,12.757146,-16.034687,12.761348
0,-16.047041,12.715020,-16.039816,12.725328,-16.060400,12.732385
0,-16.060400,12.732385,-16.049219,12.752460,-16.054125,12.751872
0,-16.036692,12.739902,-16.035080,12.757146,-16.049219,12.752460
0,-16.052668,12.697621,-16.047041,12.715020,-16.063511,12.708611
0,-16.087727,12.693949,-16.093178,12.678852,-16.058682,12.685963
0,-16.093178,12.678852,-16.094727,12.671574,-16.061036,12.668879
0,-16.058682,12.685963,-16.066832,12.701394,-16.069119,12.699265
0,-16.052668,12.697621,-16.063511,12.708611,-16.065672,12.703915
0,-16.066832,12.701394,-16.052668,12.697621,-16.065672,12.703915
0,-16.058682,12.685963,-16.052668,12.697621,-16.066832,12.701394
0,-16.072171,12.699413,-16.058682,12.685963,-16.069119,12.699265
0,-16.076245,12.702758,-16.095656,12.735838,-16.090861,12.714569
