0,0,0,0,12,
0,-16.534537,12.587767,-16.543559,12.592185,-16.536562,12.583897
0,-16.535916,12.578157,-16.541890,12.567621,-16.537278,12.557879
0,-16.520893,12.546600,-16.514717,12.554530,-16.523251,12.552064
0,-16.505145,12.556080,-16.502686,12.549682,-16.499072,12.556878
0,-16.497429,12.544024,-16.502444,12.523920,-16.494646,12.526735
0,-16.494646,12.526735,-16.502444,12.523920,-16.501862,12.520234
0,-16.528859,12.554172,-16.531052,12.551479,-16.525597,12.547666
0,-16.492667,12.552390,-16.502686,12.549682,-16.497429,12.544024
0,-16.535916,12.578157,-16.544232,12.580233,-16.541890,12.567621
0,-16.525597,12.547666,-16.523251,12.552064,-16.528859,12.554172
0,-16.525597,12.547666,-16.520893,12.546600,-16.523251,12.552064
0,-16.531052,12.551479,-16.528859,12.554172,-16.537278,12.557879
0,-16.536562,12.583897,-16.543559,12.592185,-16.544232,12.580233
0,-16.537278,12.557879,-16.528859,12.554172,-16.535916,12.578157
0,-16.536562,12.583897,-16.544232,12.580233,-16.535916,12.578157
0,-16.492075,12.551371,-16.497429,12.544024,-16.489764,12.547379
0,-16.507746,12.557413,-16.514717,12.554530,-16.505145,12.556080
0,-16.492237,12.519114,-16.501862,12.520234,-16.494244,12.510951
0,-16.514717,12.554530,-16.502686,12.549682,-16.505145,12.556080
0,-16.514717,12.554530,-16.520893,12.546600,-16.502686,12.549682
0,-16.502686,12.549682,-16.492667,12.552390,-16.499072,12.556878
0,-16.497429,12.544024,-16.492075,12.551371,-16.492667,12.552390
0,-16.497429,12.544024,-16.491536,12.541827,-16.489764,12.547379
0,-16.497429,12.544024,-16.494646,12.526735,-16.491536,12.541827
0,-16.492237,12.519114,-16.494244,12.510951,-16.484557,12.506061
0,-16.473071,12.509248,-16.492237,12.519114,-16.484557,12.506061
0,-16.494646,12.526735,-16.501862,12.520234,-16.492237,12.519114
0,-16.484557,12.506061,-16.473019,12.502583,-16.473071,12.509248
0,-16.473019,12.502583,-16.454804,12.499845,-16.473071,12.509248
0,-16.473019,12.502583,-16.451077,12.490789,-16.454804,12.499845
