0,0,0,1,12,
0,-15.717798,13.634264,-15.730699,13.647409,-15.737538,13.633741
0,-15.709751,13.633052,-15.719713,13.651482,-15.717798,13.634264
0,-15.709751,13.633052,-15.695235,13.649774,-15.719713,13.651482
0,-15.658009,13.736316,-15.652933,13.740177,-15.661784,13.767530
0,-15.654967,13.737280,-15.652933,13.740177,-15.658009,13.736316
0,-15.678869,13.716466,-15.658009,13.736316,-15.695958,13.741737
0,-15.697983,13.629958,-15.695235,13.649774,-15.709751,13.633052
0,-15.743158,13.635374,-15.737538,13.633741,-15.736984,13.643407
0,-15.737538,13.633741,-15.730699,13.647409,-15.736984,13.643407
0,-15.705587,13.725731,-15.678869,13.716466,-15.695958,13.741737
0,-15.717798,13.634264,-15.719713,13.651482,-15.730699,13.647409
0,-15.687916,13.693340,-15.678869,13.716466,-15.705587,13.725731
0,-15.696300,13.657806,-15.716301,13.658890,-15.695235,13.649774
0,-15.719713,13.651482,-15.695235,13.649774,-15.716301,13.658890
0,-15.696300,13.657806,-15.694174,13.672323,-15.716301,13.658890
0,-15.687916,13.693340,-15.709007,13.688662,-15.688532,13.687582
0,-15.695235,13.649774,-15.697983,13.629958,-15.687962,13.635624
0,-15.658009,13.736316,-15.683236,13.755490,-15.695958,13.741737
0,-15.658009,13.736316,-15.661784,13.767530,-15.683236,13.755490
0,-15.652933,13.740177,-15.656596,13.766686,-15.661784,13.767530
0,-15.652933,13.740177,-15.643627,13.753431,-15.656596,13.766686
0,-15.656596,13.766686,-15.643627,13.753431,-15.650026,13.767703
0,-15.650026,13.767703,-15.643627,13.753431,-15.643756,13.764138
0,-15.687962,13.635624,-15.697983,13.629958,-15.689755,13.629958
0,-15.711191,13.679748,-15.694174,13.672323,-15.709007,13.688662
0,-15.709007,13.688662,-15.687916,13.693340,-15.705587,13.725731
0,-15.709007,13.688662,-15.694174,13.672323,-15.688532,13.687582
0,-15.711191,13.679748,-15.716301,13.658890,-15.694174,13.672323
