0,0,1,1,13,
0,-12.523017,14.990419,-12.486059,15.000000,-12.544548,15.000000
0,-12.510310,14.981753,-12.475090,14.964075,-12.470760,14.982244
0,-12.510310,14.981753,-12.486059,15.000000,-12.523017,14.990419
0,-12.510310,14.981753,-12.470760,14.982244,-12.486059,15.000000
0,-12.475090,14.964075,-12.466658,14.966662,-12.466658,14.969525
0,-12.475090,14.964075,-12.466658,14.969525,-12.470760,14.982244
0,-12.466658,14.966662,-12.465858,14.962818,-12.464845,14.963902
0,-12.466658,14.966662,-12.475090,14.964075,-12.465858,14.962818
0,-12.466658,14.966662,-12.464845,14.963902,-12.465735,14.966662
