0,0,0,1,12,
0,-16.352240,14.129580,-16.357521,14.118624,-16.352316,14.117333
0,-16.327278,14.131963,-16.335507,14.125665,-16.329729,14.118637
0,-16.361975,14.130502,-16.362791,14.123592,-16.352240,14.129580
0,-16.258917,14.136609,-16.276675,14.141829,-16.281371,14.127728
0,-16.352240,14.129580,-16.362791,14.123592,-16.357521,14.118624
0,-16.327278,14.131963,-16.329729,14.118637,-16.317484,14.118845
0,-16.225123,14.130275,-16.219765,14.133581,-16.223896,14.135370
0,-16.195519,14.110003,-16.198342,14.112223,-16.193318,14.102755
0,-16.223456,14.088923,-16.228358,14.072980,-16.200068,14.071149
0,-16.228358,14.072980,-16.225838,14.063597,-16.203701,14.063501
0,-16.352316,14.117333,-16.335507,14.125665,-16.342394,14.128767
0,-16.195519,14.110003,-16.193318,14.102755,-16.191027,14.106469
0,-16.193318,14.102755,-16.225205,14.094640,-16.223456,14.088923
0,-16.329729,14.118637,-16.335507,14.125665,-16.352316,14.117333
0,-16.303253,14.126440,-16.281371,14.127728,-16.292935,14.142244
0,-16.303253,14.126440,-16.303482,14.139309,-16.327278,14.131963
0,-16.317484,14.118845,-16.303253,14.126440,-16.327278,14.131963
0,-16.362791,14.123592,-16.361975,14.130502,-16.364771,14.128845
0,-16.352316,14.117333,-16.347582,14.129138,-16.352240,14.129580
0,-16.352316,14.117333,-16.344244,14.128900,-16.347582,14.129138
0,-16.352316,14.117333,-16.342394,14.128767,-16.344244,14.128900
0,-16.282067,14.140359,-16.292935,14.142244,-16.281371,14.127728
0,-16.276675,14.141829,-16.282067,14.140359,-16.281371,14.127728
0,-16.292935,14.142244,-16.303482,14.139309,-16.303253,14.126440
0,-16.255848,14.149532,-16.276484,14.144361,-16.258917,14.136609
0,-16.258917,14.136609,-16.276484,14.144361,-16.276675,14.141829
0,-16.271958,14.154780,-16.274065,14.154056,-16.276331,14.148960
0,-16.255848,14.149532,-16.271958,14.154780,-16.276484,14.144361
0,-16.271958,14.154780,-16.276331,14.148960,-16.276484,14.144361
0,-16.239628,14.138080,-16.243450,14.147743,-16.258917,14.136609
0,-16.237206,14.142694,-16.243450,14.147743,-16.239628,14.138080
0,-16.225123,14.130275,-16.226410,14.136458,-16.236260,14.133997
0,-16.258917,14.136609,-16.243450,14.147743,-16.255848,14.149532
0,-16.236260,14.133997,-16.234728,14.140689,-16.239628,14.138080
0,-16.239628,14.138080,-16.234728,14.140689,-16.237206,14.142694
0,-16.236260,14.133997,-16.226410,14.136458,-16.234728,14.140689
0,-16.221272,14.125510,-16.219765,14.133581,-16.225123,14.130275
0,-16.225123,14.130275,-16.223896,14.135370,-16.226410,14.136458
0,-16.220469,14.120007,-16.210055,14.122832,-16.221272,14.125510
0,-16.221272,14.125510,-16.210055,14.122832,-16.219765,14.133581
0,-16.220469,14.120007,-16.225205,14.094640,-16.205689,14.118001
0,-16.198342,14.112223,-16.205689,14.118001,-16.225205,14.094640
0,-16.210055,14.122832,-16.220469,14.120007,-16.205689,14.118001
0,-16.193318,14.102755,-16.223456,14.088923,-16.197598,14.078086
0,-16.193318,14.102755,-16.198342,14.112223,-16.225205,14.094640
0,-16.203701,14.063501,-16.225838,14.063597,-16.209936,14.056503
0,-16.225838,14.063597,-16.221728,14.057458,-16.209936,14.056503
0,-16.221728,14.057458,-16.217924,14.055451,-16.209936,14.056503
0,-16.228358,14.072980,-16.203701,14.063501,-16.200068,14.071149
0,-16.223456,14.088923,-16.200068,14.071149,-16.197598,14.078086
