0,0,0,0,12,
0,-16.610421,13.755536,-16.611306,13.752530,-16.599793,13.753197
0,-16.642765,13.724830,-16.632046,13.730082,-16.635870,13.733232
0,-16.589413,13.739126,-16.582987,13.735102,-16.581109,13.747783
0,-16.581109,13.747783,-16.582987,13.735102,-16.574431,13.742844
0,-16.632046,13.730082,-16.626154,13.731380,-16.628998,13.734177
0,-16.608879,13.736248,-16.626252,13.734555,-16.617491,13.731494
0,-16.626154,13.731380,-16.626252,13.734555,-16.628998,13.734177
0,-16.624083,13.731835,-16.626252,13.734555,-16.626154,13.731380
0,-16.598153,13.728623,-16.596602,13.733709,-16.608879,13.736248
0,-16.642765,13.724830,-16.635870,13.733232,-16.641348,13.736813
0,-16.632046,13.730082,-16.628998,13.734177,-16.635870,13.733232
0,-16.617491,13.731494,-16.626252,13.734555,-16.624083,13.731835
0,-16.617491,13.731494,-16.598153,13.728623,-16.608879,13.736248
0,-16.593209,13.753314,-16.581109,13.747783,-16.584557,13.755999
0,-16.611306,13.752530,-16.601099,13.747654,-16.599793,13.753197
0,-16.610421,13.755536,-16.599793,13.753197,-16.607426,13.758809
0,-16.611306,13.752530,-16.605889,13.739751,-16.601099,13.747654
0,-16.608879,13.736248,-16.596602,13.733709,-16.605889,13.739751
0,-16.607426,13.758809,-16.599793,13.753197,-16.602763,13.760961
0,-16.599793,13.753197,-16.597468,13.754618,-16.602763,13.760961
0,-16.597468,13.754618,-16.593361,13.761359,-16.602763,13.760961
0,-16.597468,13.754618,-16.593209,13.753314,-16.593361,13.761359
0,-16.581109,13.747783,-16.591586,13.742077,-16.589413,13.739126
0,-16.593361,13.761359,-16.593209,13.753314,-16.587914,13.759387
0,-16.593209,13.753314,-16.584557,13.755999,-16.587914,13.759387
0,-16.593209,13.753314,-16.591586,13.742077,-16.581109,13.747783
0,-16.572773,13.729766,-16.582987,13.735102,-16.575543,13.726957
0,-16.571701,13.735304,-16.574431,13.742844,-16.582987,13.735102
0,-16.571701,13.735304,-16.582987,13.735102,-16.572773,13.729766
0,-16.596602,13.733709,-16.601099,13.747654,-16.605889,13.739751
