0,0,1,1,13,
0,-15.738914,16.407597,-15.756353,16.414099,-15.746393,16.399662
0,-15.738914,16.407597,-15.746393,16.399662,-15.743779,16.399630
0,-15.778666,16.389433,-15.773565,16.376835,-15.765850,16.384768
0,-15.756387,16.398870,-15.746393,16.399662,-15.756353,16.414099
0,-15.742306,16.423374,-15.727141,16.416622,-15.734017,16.430731
0,-15.707907,16.446117,-15.702529,16.451017,-15.705191,16.458206
0,-15.707907,16.446117,-15.703499,16.441095,-15.702529,16.451017
0,-15.714377,16.428389,-15.711831,16.441860,-15.717898,16.431646
0,-15.711831,16.441860,-15.734017,16.430731,-15.720528,16.430532
0,-15.704088,16.433073,-15.703499,16.441095,-15.711831,16.441860
0,-15.765967,16.376280,-15.764526,16.377409,-15.765850,16.384768
0,-15.801290,16.382916,-15.773565,16.376835,-15.789749,16.383980
0,-15.778666,16.389433,-15.765850,16.384768,-15.762001,16.388161
0,-15.773565,16.376835,-15.765967,16.376280,-15.765850,16.384768
0,-15.801339,16.386108,-15.805697,16.390999,-15.805565,16.383198
0,-15.801290,16.382916,-15.789749,16.383980,-15.797358,16.383944
0,-15.801290,16.382916,-15.801339,16.386108,-15.805565,16.383198
0,-15.797358,16.383944,-15.801339,16.386108,-15.801290,16.382916
0,-15.806246,16.397932,-15.807657,16.399176,-15.805697,16.390999
0,-15.801339,16.386108,-15.806246,16.397932,-15.805697,16.390999
0,-15.778666,16.389433,-15.762001,16.388161,-15.766596,16.404724
0,-15.759259,16.397532,-15.756387,16.398870,-15.766596,16.404724
0,-15.759259,16.397532,-15.766596,16.404724,-15.762001,16.388161
0,-15.789749,16.383980,-15.773565,16.376835,-15.778666,16.389433
0,-15.707907,16.446117,-15.711831,16.441860,-15.703499,16.441095
0,-15.746662,16.397371,-15.746393,16.399662,-15.750237,16.396729
0,-15.717898,16.431646,-15.711831,16.441860,-15.720528,16.430532
0,-15.702111,16.455301,-15.701574,16.456118,-15.705191,16.458206
0,-15.702111,16.455301,-15.705191,16.458206,-15.702529,16.451017
0,-15.702391,16.435347,-15.703499,16.441095,-15.704088,16.433073
0,-15.720528,16.430532,-15.734017,16.430731,-15.727141,16.416622
0,-15.711831,16.441860,-15.714377,16.428389,-15.704088,16.433073
0,-15.756387,16.398870,-15.756353,16.414099,-15.766596,16.404724
0,-15.727141,16.416622,-15.742306,16.423374,-15.732713,16.409122
0,-15.756387,16.398870,-15.750237,16.396729,-15.746393,16.399662
0,-15.738914,16.407597,-15.742306,16.423374,-15.756353,16.414099
0,-15.732713,16.409122,-15.742306,16.423374,-15.738914,16.407597
