0,0,1,1,13,
0,-15.986686,12.668287,-15.986826,12.671949,-15.987681,12.669856
0,-15.959847,12.658124,-15.970178,12.651008,-15.960532,12.650941
0,-15.959847,12.658124,-15.960584,12.676904,-15.982221,12.675058
0,-15.959072,12.677033,-15.960584,12.676904,-15.959847,12.658124
0,-15.970178,12.651008,-15.963801,12.647646,-15.960532,12.650941
0,-15.982221,12.675058,-15.986826,12.671949,-15.986686,12.668287
0,-15.982221,12.675058,-15.986686,12.668287,-15.970178,12.651008
0,-15.986686,12.668287,-15.980110,12.651700,-15.970178,12.651008
0,-15.982221,12.675058,-15.970178,12.651008,-15.959847,12.658124
0,-15.959847,12.658124,-15.945594,12.672547,-15.959072,12.677033
0,-15.947093,12.658958,-15.942496,12.659091,-15.938849,12.665588
0,-15.947093,12.658958,-15.938849,12.665588,-15.945594,12.672547
0,-15.942496,12.659091,-15.933948,12.660075,-15.938849,12.665588
0,-15.951430,12.655267,-15.950467,12.656140,-15.959847,12.658124
0,-15.959847,12.658124,-15.950467,12.656140,-15.947093,12.658958
0,-15.959847,12.658124,-15.947093,12.658958,-15.945594,12.672547
0,-15.942496,12.659091,-15.935417,12.655981,-15.933948,12.660075
