0,0,0,1,12,
0,-16.005341,14.128543,-16.016079,14.108015,-16.010645,14.103930
0,-16.029332,14.126554,-16.028090,14.122667,-16.013443,14.134163
0,-16.029332,14.126554,-16.020188,14.143021,-16.024697,14.145018
0,-15.967353,14.096038,-15.974049,14.102141,-15.971371,14.096894
0,-15.940614,14.116915,-15.950409,14.096763,-15.932976,14.095739
0,-16.016079,14.108015,-16.005341,14.128543,-16.019507,14.112783
0,-15.990120,14.105566,-15.992380,14.128059,-15.994787,14.102963
0,-15.992380,14.128059,-15.990120,14.105566,-15.982142,14.107301
0,-16.004029,14.101997,-16.005341,14.128543,-16.010645,14.103930
0,-16.028090,14.122667,-16.024489,14.116437,-16.013443,14.134163
0,-16.013443,14.134163,-16.024489,14.116437,-16.019507,14.112783
0,-16.029332,14.126554,-16.014197,14.136909,-16.020188,14.143021
0,-15.971217,14.115977,-15.982142,14.107301,-15.974049,14.102141
0,-15.994787,14.102963,-16.005341,14.128543,-16.004029,14.101997
0,-16.014197,14.136909,-16.029332,14.126554,-16.013443,14.134163
0,-16.013443,14.134163,-16.019507,14.112783,-16.005341,14.128543
0,-15.994787,14.102963,-15.992380,14.128059,-16.005341,14.128543
0,-15.940614,14.116915,-15.971217,14.115977,-15.959732,14.105123
0,-15.992380,14.128059,-15.982142,14.107301,-15.971217,14.115977
0,-15.919256,14.121385,-15.931732,14.120960,-15.921710,14.113070
0,-15.927987,14.108147,-15.931732,14.120960,-15.940614,14.116915
0,-15.907288,14.124099,-15.921710,14.113070,-15.893834,14.122236
0,-15.907288,14.124099,-15.919256,14.121385,-15.921710,14.113070
0,-15.907288,14.124099,-15.893834,14.122236,-15.899047,14.124225
0,-15.931732,14.120960,-15.927987,14.108147,-15.921710,14.113070
0,-15.940614,14.116915,-15.932976,14.095739,-15.927987,14.108147
0,-15.971217,14.115977,-15.974049,14.102141,-15.961553,14.103906
0,-15.940614,14.116915,-15.955479,14.104270,-15.950409,14.096763
0,-15.940614,14.116915,-15.959732,14.105123,-15.955479,14.104270
0,-15.961553,14.103906,-15.959732,14.105123,-15.971217,14.115977
0,-15.967353,14.096038,-15.961553,14.103906,-15.974049,14.102141
0,-15.950409,14.096763,-15.947452,14.088555,-15.932976,14.095739
