0,0,0,0,12,
0,-16.339648,16.027967,-16.341488,16.033489,-16.343912,16.028238
0,-16.306422,16.053339,-16.305293,16.047825,-16.300690,16.057184
0,-16.336218,16.038713,-16.341488,16.033489,-16.333205,16.031807
0,-16.308203,16.041662,-16.306155,16.033386,-16.298201,16.045694
0,-16.325482,16.045034,-16.322241,16.060369,-16.336218,16.038713
0,-16.271687,16.108503,-16.272789,16.116541,-16.283335,16.106323
0,-16.315850,16.059162,-16.322241,16.060369,-16.320229,16.048426
0,-16.300669,16.082180,-16.298100,16.078257,-16.284190,16.092800
0,-16.306155,16.079250,-16.322241,16.060369,-16.312249,16.063484
0,-16.247959,16.102781,-16.268061,16.092415,-16.250473,16.095455
0,-16.264826,16.125702,-16.272789,16.116541,-16.271687,16.108503
0,-16.298201,16.045694,-16.305293,16.047825,-16.308203,16.041662
0,-16.300690,16.057184,-16.305201,16.056769,-16.306422,16.053339
0,-16.298100,16.078257,-16.300669,16.082180,-16.306155,16.079250
0,-16.253012,16.124376,-16.254557,16.135170,-16.264826,16.125702
0,-16.336783,16.006386,-16.332287,16.011436,-16.339617,16.007559
0,-16.318505,16.031439,-16.328091,16.021669,-16.318552,16.026854
0,-16.313090,16.027720,-16.306155,16.033386,-16.316593,16.033028
0,-16.330004,16.020083,-16.328091,16.021669,-16.330464,16.021692
0,-16.330004,16.020083,-16.332287,16.011436,-16.328091,16.021669
0,-16.328091,16.021669,-16.332287,16.011436,-16.318552,16.026854
0,-16.318505,16.031439,-16.316593,16.033028,-16.318489,16.033045
0,-16.318505,16.031439,-16.313090,16.027720,-16.316593,16.033028
0,-16.333205,16.031807,-16.341488,16.033489,-16.339648,16.027967
0,-16.284190,16.092800,-16.271687,16.108503,-16.283335,16.106323
0,-16.318552,16.026854,-16.313090,16.027720,-16.318505,16.031439
0,-16.333205,16.031807,-16.325482,16.045034,-16.336218,16.038713
0,-16.325482,16.045034,-16.320229,16.048426,-16.322241,16.060369
0,-16.312249,16.063484,-16.322241,16.060369,-16.315850,16.059162
0,-16.311585,16.058662,-16.312249,16.063484,-16.315850,16.059162
0,-16.304390,16.066391,-16.306155,16.079250,-16.312249,16.063484
0,-16.300785,16.070944,-16.306155,16.079250,-16.304390,16.066391
0,-16.308419,16.059836,-16.311585,16.058662,-16.305201,16.056769
0,-16.308419,16.059836,-16.312249,16.063484,-16.311585,16.058662
0,-16.316593,16.033028,-16.306155,16.033386,-16.308203,16.041662
0,-16.311585,16.058662,-16.306422,16.053339,-16.305201,16.056769
0,-16.253012,16.124376,-16.246956,16.135782,-16.254557,16.135170
0,-16.264826,16.125702,-16.272770,16.118376,-16.272789,16.116541
0,-16.253012,16.124376,-16.264826,16.125702,-16.271687,16.108503
0,-16.330004,16.020083,-16.339617,16.007559,-16.332287,16.011436
0,-16.246956,16.135782,-16.250021,16.137648,-16.254557,16.135170
0,-16.246956,16.135782,-16.247652,16.137396,-16.250021,16.137648
0,-16.246554,16.106882,-16.268061,16.092415,-16.247959,16.102781
0,-16.256039,16.085190,-16.250473,16.095455,-16.268061,16.092415
0,-16.271168,16.067678,-16.256039,16.085190,-16.268061,16.092415
0,-16.300785,16.070944,-16.298100,16.078257,-16.306155,16.079250
0,-16.284190,16.092800,-16.290801,16.095846,-16.300669,16.082180
0,-16.284190,16.092800,-16.287705,16.096962,-16.290801,16.095846
0,-16.284190,16.092800,-16.283335,16.106323,-16.287705,16.096962
0,-16.298201,16.045694,-16.300690,16.057184,-16.305293,16.047825
0,-16.288603,16.056150,-16.300690,16.057184,-16.298201,16.045694
0,-16.268061,16.092415,-16.300690,16.057184,-16.271168,16.067678
0,-16.271168,16.067678,-16.300690,16.057184,-16.276925,16.061542
0,-16.276925,16.061542,-16.288603,16.056150,-16.285994,16.056355
0,-16.276925,16.061542,-16.300690,16.057184,-16.288603,16.056150
