0,0,1,1,13,
0,-15.941018,15.983048,-15.942015,15.986014,-15.944655,15.973584
0,-15.961362,15.965755,-15.944655,15.973584,-15.962601,15.968194
0,-15.961362,15.965755,-15.962601,15.968194,-15.962253,15.965124
0,-15.938624,15.981708,-15.941018,15.983048,-15.944655,15.973584
0,-15.962601,15.968194,-15.944655,15.973584,-15.961631,15.976251
0,-15.961631,15.976251,-15.944655,15.973584,-15.942015,15.986014
0,-15.955235,16.000000,-15.961631,15.976251,-15.942015,15.986014
0,-15.955235,16.000000,-15.942015,15.986014,-15.938608,15.995015
0,-15.944655,15.973584,-15.937580,15.972956,-15.938624,15.981708
0,-15.915852,16.000006,-15.927068,16.000011,-15.924170,15.996844
0,-15.931757,15.977003,-15.938624,15.981708,-15.937580,15.972956
0,-15.940616,16.000000,-15.955235,16.000000,-15.938608,15.995015
0,-15.931757,15.977003,-15.921662,15.989875,-15.938624,15.981708
0,-15.915852,16.000006,-15.924170,15.996844,-15.921662,15.989875
0,-15.924170,15.996844,-15.938624,15.981708,-15.921662,15.989875
