0,0,1,1,13,
0,-16.644547,12.521729,-16.635178,12.521762,-16.643095,12.536264
0,-16.628771,12.527003,-16.623669,12.528757,-16.620512,12.532987
0,-16.608305,12.540230,-16.601370,12.543415,-16.615670,12.543705
0,-16.569970,12.567526,-16.562796,12.562435,-16.554755,12.584284
0,-16.565583,12.586054,-16.569970,12.567526,-16.554755,12.584284
0,-16.629374,12.523536,-16.628771,12.527003,-16.635178,12.521762
0,-16.635178,12.521762,-16.628771,12.527003,-16.643095,12.536264
0,-16.604334,12.540570,-16.601370,12.543415,-16.608305,12.540230
0,-16.628771,12.527003,-16.620512,12.532987,-16.640955,12.543227
0,-16.596194,12.607515,-16.619387,12.542681,-16.615670,12.543705
0,-16.640955,12.543227,-16.620512,12.532987,-16.619387,12.542681
0,-16.628771,12.527003,-16.640955,12.543227,-16.643095,12.536264
0,-16.596194,12.607515,-16.615670,12.543705,-16.599074,12.553142
0,-16.583733,12.597971,-16.596194,12.607515,-16.588164,12.564718
0,-16.615670,12.543705,-16.601370,12.543415,-16.599074,12.553142
0,-16.619387,12.542681,-16.596194,12.607515,-16.640955,12.543227
0,-16.599074,12.553142,-16.588164,12.564718,-16.596194,12.607515
0,-16.588164,12.564718,-16.582036,12.595948,-16.583733,12.597971
0,-16.588345,12.611647,-16.596194,12.607515,-16.583733,12.597971
0,-16.583733,12.597971,-16.576578,12.609903,-16.588345,12.611647
0,-16.588345,12.611647,-16.576578,12.609903,-16.579047,12.614205
0,-16.582036,12.595948,-16.588164,12.564718,-16.582852,12.567399
0,-16.582036,12.595948,-16.570319,12.587763,-16.576142,12.594732
0,-16.582036,12.595948,-16.582852,12.567399,-16.570319,12.587763
0,-16.565583,12.586054,-16.554755,12.584284,-16.556692,12.586531
0,-16.570319,12.587763,-16.582852,12.567399,-16.569970,12.567526
0,-16.570319,12.587763,-16.569970,12.567526,-16.565583,12.586054
0,-16.546732,12.557820,-16.562796,12.562435,-16.556706,12.554322
0,-16.546732,12.557820,-16.556706,12.554322,-16.549683,12.554518
0,-16.562796,12.562435,-16.546732,12.557820,-16.554755,12.584284
