0,0,0,0,3,
0,-15.962253,15.965124,-15.970971,15.958952,-15.972745,15.951581
0,-15.866661,15.836425,-15.862350,15.842215,-15.868255,15.840978
0,-15.763857,15.879260,-15.757356,15.872931,-15.758446,15.881864
0,-15.866227,15.847435,-15.873300,15.845032,-15.868255,15.840978
0,-15.901746,15.902655,-15.888302,15.892534,-15.874449,15.915232
0,-15.862988,15.852302,-15.853816,15.856800,-15.850452,15.868555
0,-15.811343,15.868914,-15.818442,15.853434,-15.812949,15.850990
0,-15.850452,15.868555,-15.851082,15.871024,-15.862988,15.852302
0,-15.955048,15.928452,-15.950953,15.924614,-15.943061,15.934833
0,-15.939766,15.907806,-15.930003,15.905203,-15.936133,15.931726
0,-15.972745,15.951581,-15.971563,15.937603,-15.947004,15.943720
0,-15.950953,15.924614,-15.947256,15.914791,-15.936133,15.931726
0,-15.862191,15.905091,-15.888302,15.892534,-15.883675,15.885033
0,-15.825322,15.853788,-15.835431,15.863274,-15.830921,15.848197
0,-15.866018,15.834587,-15.862892,15.831880,-15.862350,15.842215
0,-15.777519,15.888464,-15.781762,15.887025,-15.778374,15.882716
0,-15.835431,15.863274,-15.840804,15.858375,-15.830921,15.848197
0,-15.862350,15.842215,-15.866227,15.847435,-15.868255,15.840978
0,-15.733036,15.849194,-15.735086,15.843886,-15.712923,15.836410
0,-15.857365,15.841831,-15.862892,15.831880,-15.859800,15.831238
0,-15.947256,15.914791,-15.946488,15.912751,-15.939766,15.907806
0,-15.873300,15.845032,-15.866227,15.847435,-15.876742,15.852552
0,-15.853360,15.843269,-15.857365,15.841831,-15.854628,15.833841
0,-15.857365,15.841831,-15.862350,15.842215,-15.862892,15.831880
0,-15.866227,15.847435,-15.862988,15.852302,-15.876742,15.852552
0,-15.866018,15.834587,-15.862350,15.842215,-15.866661,15.836425
0,-15.947256,15.914791,-15.939766,15.907806,-15.936133,15.931726
0,-15.888302,15.892534,-15.862191,15.905091,-15.874449,15.915232
0,-15.883675,15.885033,-15.880187,15.874759,-15.857037,15.894385
0,-15.880187,15.874759,-15.862988,15.852302,-15.851082,15.871024
0,-15.876742,15.852552,-15.862988,15.852302,-15.880187,15.874759
0,-15.911055,15.906413,-15.936133,15.931726,-15.930003,15.905203
0,-15.892607,15.923676,-15.911055,15.906413,-15.901746,15.902655
0,-15.936133,15.931726,-15.943061,15.934833,-15.950953,15.924614
0,-15.968381,15.931686,-15.955048,15.928452,-15.947004,15.943720
0,-15.964779,15.928988,-15.955048,15.928452,-15.968381,15.931686
0,-15.945852,15.938929,-15.955048,15.928452,-15.943061,15.934833
0,-15.971563,15.937603,-15.968381,15.931686,-15.947004,15.943720
0,-15.947004,15.943720,-15.962253,15.965124,-15.972745,15.951581
0,-15.939443,15.959668,-15.961362,15.965755,-15.947004,15.943720
0,-15.962253,15.965124,-15.947004,15.943720,-15.961362,15.965755
0,-15.944655,15.973584,-15.961362,15.965755,-15.939443,15.959668
0,-15.944655,15.973584,-15.939443,15.959668,-15.938831,15.965644
0,-15.944655,15.973584,-15.938831,15.965644,-15.940808,15.970431
0,-15.947004,15.943720,-15.955048,15.928452,-15.946464,15.939828
0,-15.946464,15.939828,-15.955048,15.928452,-15.945852,15.938929
0,-15.892607,15.923676,-15.936133,15.931726,-15.911055,15.906413
0,-15.892607,15.923676,-15.901746,15.902655,-15.874449,15.915232
0,-15.857037,15.894385,-15.880187,15.874759,-15.851082,15.871024
0,-15.780927,15.879235,-15.786200,15.882829,-15.785479,15.867464
0,-15.794890,15.862965,-15.797962,15.877146,-15.804499,15.870852
0,-15.781762,15.887025,-15.781379,15.880880,-15.778374,15.882716
0,-15.786200,15.882829,-15.797962,15.877146,-15.785479,15.867464
0,-15.862191,15.905091,-15.883675,15.885033,-15.857037,15.894385
0,-15.781379,15.880880,-15.786200,15.882829,-15.780927,15.879235
0,-15.781762,15.887025,-15.786200,15.882829,-15.781379,15.880880
0,-15.770159,15.887885,-15.777519,15.888464,-15.778374,15.882716
0,-15.780927,15.879235,-15.785479,15.867464,-15.772502,15.871329
0,-15.770159,15.887885,-15.770068,15.882151,-15.763857,15.879260
0,-15.770159,15.887885,-15.778374,15.882716,-15.770068,15.882151
0,-15.770159,15.887885,-15.763857,15.879260,-15.758446,15.881864
0,-15.772109,15.876384,-15.772502,15.871329,-15.769922,15.872975
0,-15.772109,15.876384,-15.780927,15.879235,-15.772502,15.871329
0,-15.750275,15.874871,-15.757356,15.872931,-15.740284,15.857808
0,-15.758446,15.881864,-15.757356,15.872931,-15.750275,15.874871
0,-15.806562,15.851775,-15.811343,15.868914,-15.812949,15.850990
0,-15.806562,15.851775,-15.804499,15.870852,-15.811343,15.868914
0,-15.826493,15.867539,-15.818442,15.853434,-15.811343,15.868914
0,-15.806562,15.851775,-15.794890,15.862965,-15.804499,15.870852
0,-15.785479,15.867464,-15.797962,15.877146,-15.794890,15.862965
0,-15.733036,15.849194,-15.745070,15.852676,-15.735086,15.843886
0,-15.740284,15.857808,-15.757356,15.872931,-15.745070,15.852676
0,-15.850573,15.861440,-15.850452,15.868555,-15.853816,15.856800
0,-15.842255,15.845502,-15.840804,15.858375,-15.847272,15.847951
0,-15.825322,15.853788,-15.826493,15.867539,-15.835431,15.863274
0,-15.818442,15.853434,-15.826493,15.867539,-15.825322,15.853788
0,-15.854628,15.833841,-15.857365,15.841831,-15.859800,15.831238
0,-15.842255,15.845502,-15.853360,15.843269,-15.854628,15.833841
0,-15.840804,15.858375,-15.842255,15.845502,-15.830921,15.848197
0,-15.847272,15.847951,-15.853360,15.843269,-15.842255,15.845502
0,-15.740284,15.857808,-15.745070,15.852676,-15.733036,15.849194
0,-15.712923,15.836410,-15.735086,15.843886,-15.713838,15.834331
1,-15.967086,15.953504,-15.963660,15.947133,-15.957066,15.953855
1,-15.967086,15.953504,-15.957066,15.953855,-15.965958,15.956964
1,-15.963660,15.947133,-15.960547,15.945346,-15.957066,15.953855
1,-15.961751,15.960701,-15.957066,15.953855,-15.956674,15.954813
1,-15.961751,15.960701,-15.965958,15.956964,-15.957066,15.953855
1,-15.959649,15.962568,-15.961751,15.960701,-15.956674,15.954813
1,-15.959649,15.962568,-15.956674,15.954813,-15.956107,15.963541
2,-15.906778,15.920245,-15.909623,15.920203,-15.910758,15.917202
2,-15.905690,15.911773,-15.890617,15.903513,-15.891719,15.912905
2,-15.891719,15.912905,-15.890617,15.903513,-15.883885,15.897879
2,-15.910758,15.917202,-15.905690,15.911773,-15.906778,15.920245
2,-15.891719,15.912905,-15.906778,15.920245,-15.905690,15.911773
2,-15.879132,15.890855,-15.868911,15.895582,-15.883885,15.897879
2,-15.883885,15.897879,-15.868911,15.895582,-15.891719,15.912905
2,-15.879132,15.890855,-15.876354,15.886749,-15.868911,15.895582
2,-15.868911,15.895582,-15.876354,15.886749,-15.864762,15.888302
2,-15.876354,15.886749,-15.866960,15.863256,-15.863943,15.867202
2,-15.876354,15.886749,-15.863943,15.867202,-15.862192,15.876179
2,-15.876354,15.886749,-15.862192,15.876179,-15.864762,15.888302
