0,0,1,1,13,
0,-14.753196,16.603792,-14.763062,16.610399,-14.758796,16.585537
0,-14.770614,16.577723,-14.758796,16.585537,-14.783068,16.585753
0,-14.720234,16.597675,-14.723967,16.601416,-14.730684,16.598787
0,-14.763062,16.610399,-14.768768,16.610733,-14.758796,16.585537
0,-14.726696,16.560391,-14.720234,16.597675,-14.736736,16.569986
0,-14.661409,16.599325,-14.656042,16.605648,-14.658092,16.621752
0,-14.781058,16.603155,-14.758796,16.585537,-14.768768,16.610733
0,-14.730684,16.598787,-14.736797,16.602572,-14.754285,16.584995
0,-14.724992,16.633329,-14.718607,16.607513,-14.710586,16.639261
0,-14.716297,16.604027,-14.661409,16.599325,-14.691658,16.641663
0,-14.657239,16.640095,-14.654145,16.640036,-14.644473,16.647196
0,-14.691658,16.641663,-14.681177,16.645365,-14.691658,16.642366
0,-14.728781,16.622389,-14.724992,16.633329,-14.726432,16.632671
0,-14.660620,16.626160,-14.681177,16.645365,-14.691658,16.641663
0,-14.651379,16.635622,-14.644473,16.647196,-14.654145,16.640036
0,-14.720234,16.597675,-14.736989,16.570537,-14.736736,16.569986
0,-14.781058,16.603155,-14.768768,16.610733,-14.775463,16.609249
0,-14.783068,16.585753,-14.788722,16.600771,-14.801010,16.593193
0,-14.754285,16.584995,-14.753196,16.603792,-14.758796,16.585537
0,-14.720234,16.597675,-14.738332,16.573458,-14.736989,16.570537
0,-14.730684,16.598787,-14.754285,16.584995,-14.738332,16.573458
0,-14.730684,16.598787,-14.733173,16.605259,-14.736797,16.602572
0,-14.738332,16.573458,-14.720234,16.597675,-14.730684,16.598787
0,-14.728781,16.622389,-14.718607,16.607513,-14.724992,16.633329
0,-14.695363,16.568296,-14.720234,16.597675,-14.726696,16.560391
0,-14.716297,16.604027,-14.682815,16.576782,-14.661409,16.599325
0,-14.783068,16.585753,-14.801010,16.593193,-14.802514,16.589319
0,-14.783068,16.585753,-14.781058,16.603155,-14.788722,16.600771
0,-14.783068,16.585753,-14.758796,16.585537,-14.781058,16.603155
0,-14.754285,16.584995,-14.748231,16.602095,-14.753196,16.603792
0,-14.754285,16.584995,-14.736797,16.602572,-14.748231,16.602095
0,-14.735373,16.614250,-14.731487,16.618078,-14.734590,16.617678
0,-14.735373,16.614250,-14.723810,16.609215,-14.731487,16.618078
0,-14.726432,16.632671,-14.730206,16.625616,-14.728781,16.622389
0,-14.728781,16.622389,-14.723810,16.609215,-14.718607,16.607513
0,-14.724992,16.633329,-14.724971,16.634251,-14.724992,16.634228
0,-14.717922,16.641464,-14.723093,16.644772,-14.724971,16.634251
0,-14.724992,16.633329,-14.717922,16.641464,-14.724971,16.634251
0,-14.731741,16.629099,-14.726432,16.632671,-14.729760,16.632963
0,-14.731741,16.629099,-14.730206,16.625616,-14.726432,16.632671
0,-14.726432,16.632671,-14.724992,16.633329,-14.725823,16.633329
0,-14.731487,16.618078,-14.723810,16.609215,-14.728781,16.622389
0,-14.694118,16.641663,-14.702252,16.639336,-14.691658,16.641663
0,-14.661409,16.599325,-14.682815,16.576782,-14.678266,16.578074
0,-14.724992,16.633329,-14.710586,16.639261,-14.717922,16.641464
0,-14.660620,16.626160,-14.662360,16.634224,-14.681177,16.645365
0,-14.702252,16.639336,-14.716297,16.604027,-14.691658,16.641663
0,-14.651379,16.635622,-14.638918,16.639517,-14.644473,16.647196
0,-14.718607,16.607513,-14.702252,16.639336,-14.710586,16.639261
0,-14.718607,16.607513,-14.716297,16.604027,-14.702252,16.639336
0,-14.644473,16.647196,-14.681177,16.645365,-14.657239,16.640095
0,-14.638366,16.643177,-14.639976,16.645962,-14.644473,16.647196
0,-14.645172,16.590298,-14.639945,16.566792,-14.625097,16.582800
0,-14.661409,16.599325,-14.658092,16.621752,-14.660620,16.626160
0,-14.656042,16.605648,-14.653887,16.606296,-14.649952,16.612417
0,-14.662360,16.634224,-14.657239,16.640095,-14.681177,16.645365
0,-14.650645,16.567225,-14.639945,16.566792,-14.645172,16.590298
0,-14.638366,16.643177,-14.644473,16.647196,-14.638918,16.639517
0,-14.649952,16.612417,-14.651986,16.617735,-14.656042,16.605648
0,-14.651986,16.617735,-14.658092,16.621752,-14.656042,16.605648
0,-14.720234,16.597675,-14.695363,16.568296,-14.717575,16.599691
0,-14.717575,16.599691,-14.682815,16.576782,-14.716297,16.604027
0,-14.678266,16.578074,-14.661742,16.594742,-14.661409,16.599325
0,-14.691658,16.641663,-14.661409,16.599325,-14.660620,16.626160
0,-14.682815,16.576782,-14.717575,16.599691,-14.695363,16.568296
0,-14.658167,16.571726,-14.656821,16.590977,-14.678266,16.578074
0,-14.650645,16.567225,-14.645172,16.590298,-14.658167,16.571726
0,-14.678266,16.578074,-14.656821,16.590977,-14.661742,16.594742
0,-14.658167,16.571726,-14.645172,16.590298,-14.656821,16.590977
0,-14.650645,16.567225,-14.643309,16.565249,-14.639945,16.566792
