0,0,1,1,13,
0,-15.664689,16.478214,-15.650647,16.462427,-15.632210,16.471130
0,-15.664689,16.478214,-15.657769,16.461561,-15.656059,16.462418
0,-15.627940,16.519484,-15.624992,16.508329,-15.621669,16.525366
0,-15.627940,16.519484,-15.625568,16.508329,-15.624992,16.508329
0,-15.593134,16.524521,-15.581871,16.481922,-15.570469,16.512970
0,-15.545518,16.511250,-15.552177,16.511341,-15.541640,16.496801
0,-15.570469,16.512970,-15.562382,16.487850,-15.553400,16.491726
0,-15.518264,16.520277,-15.545518,16.511250,-15.520949,16.512993
0,-15.664689,16.478214,-15.670385,16.461203,-15.657769,16.461561
0,-15.664689,16.478214,-15.656059,16.462418,-15.650647,16.462427
0,-15.615285,16.473886,-15.611596,16.475638,-15.625447,16.494671
0,-15.624242,16.472427,-15.615285,16.473886,-15.625447,16.494671
0,-15.581871,16.481922,-15.574371,16.485003,-15.570469,16.512970
0,-15.621669,16.525366,-15.627173,16.523146,-15.627940,16.519484
0,-15.678863,16.464176,-15.670385,16.461203,-15.672541,16.477859
0,-15.687844,16.472094,-15.678863,16.464176,-15.672541,16.477859
0,-15.670385,16.461203,-15.664689,16.478214,-15.672541,16.477859
0,-15.632210,16.471130,-15.632191,16.488796,-15.664689,16.478214
0,-15.632210,16.471130,-15.624242,16.472427,-15.632191,16.488796
0,-15.624992,16.508329,-15.593134,16.524521,-15.621669,16.525366
0,-15.624992,16.505621,-15.593134,16.524521,-15.624992,16.508329
0,-15.624242,16.472427,-15.625447,16.494671,-15.632191,16.488796
0,-15.623488,16.498547,-15.593134,16.524521,-15.624992,16.505621
0,-15.603071,16.479687,-15.623488,16.498547,-15.625447,16.494671
0,-15.603071,16.479687,-15.601277,16.479876,-15.623488,16.498547
0,-15.593134,16.524521,-15.623488,16.498547,-15.601277,16.479876
0,-15.517636,16.514242,-15.518264,16.520277,-15.520949,16.512993
0,-15.553400,16.491726,-15.562382,16.487850,-15.559428,16.487810
0,-15.518264,16.520277,-15.517636,16.514242,-15.513276,16.519749
0,-15.532155,16.504223,-15.545518,16.511250,-15.541640,16.496801
0,-15.520949,16.512993,-15.545518,16.511250,-15.532155,16.504223
0,-15.567274,16.487917,-15.570469,16.512970,-15.574371,16.485003
0,-15.552177,16.511341,-15.553400,16.491726,-15.541640,16.496801
0,-15.552177,16.511341,-15.570469,16.512970,-15.553400,16.491726
0,-15.601277,16.479876,-15.581871,16.481922,-15.593134,16.524521
0,-15.562382,16.487850,-15.570469,16.512970,-15.567274,16.487917
0,-15.625447,16.494671,-15.611596,16.475638,-15.603071,16.479687
