0,0,1,1,13,
0,-13.746968,16.077801,-13.756518,16.084684,-13.749033,16.071428
0,-13.756518,16.084684,-13.774879,16.072054,-13.759111,16.067085
0,-13.758520,16.089781,-13.762000,16.092846,-13.768481,16.090021
0,-13.746808,16.074816,-13.746968,16.077801,-13.749033,16.071428
0,-13.779271,16.076517,-13.774879,16.072054,-13.768481,16.090021
0,-13.768481,16.090021,-13.774879,16.072054,-13.756518,16.084684
0,-13.788170,16.081091,-13.779271,16.076517,-13.784506,16.085131
0,-13.784506,16.085131,-13.779271,16.076517,-13.768481,16.090021
0,-13.784880,16.089039,-13.784506,16.085131,-13.768481,16.090021
0,-13.768481,16.090021,-13.756518,16.084684,-13.758520,16.089781
0,-13.756518,16.084684,-13.759111,16.067085,-13.749033,16.071428
0,-13.759111,16.067085,-13.774879,16.072054,-13.761299,16.065073
0,-13.759111,16.067085,-13.754155,16.066048,-13.752235,16.066917
0,-13.759111,16.067085,-13.752235,16.066917,-13.749033,16.071428
