0,0,1,1,13,
0,-14.274653,16.462606,-14.277500,16.462896,-14.284815,16.455019
0,-14.284815,16.455019,-14.300656,16.448700,-14.291971,16.443697
0,-14.266693,16.457159,-14.284815,16.455019,-14.283424,16.443058
0,-14.284815,16.455019,-14.291971,16.443697,-14.283424,16.443058
0,-14.250940,16.449253,-14.263373,16.425654,-14.242252,16.434153
0,-14.300656,16.448700,-14.301415,16.446650,-14.291971,16.443697
0,-14.266693,16.457159,-14.274653,16.462606,-14.284815,16.455019
0,-14.269516,16.437715,-14.266693,16.457159,-14.283424,16.443058
0,-14.250940,16.449253,-14.269516,16.437715,-14.263373,16.425654
0,-14.244920,16.421589,-14.242252,16.434153,-14.258266,16.420267
0,-14.255610,16.453024,-14.266693,16.457159,-14.269516,16.437715
0,-14.269516,16.437715,-14.250940,16.449253,-14.255610,16.453024
0,-14.242252,16.434153,-14.263373,16.425654,-14.258266,16.420267
0,-14.244920,16.421589,-14.238624,16.426502,-14.242252,16.434153
0,-14.238624,16.426502,-14.236152,16.430580,-14.242252,16.434153
0,-14.244920,16.421589,-14.258266,16.420267,-14.249361,16.414572
0,-14.242169,16.417172,-14.249361,16.414572,-14.236609,16.410856
0,-14.236302,16.413834,-14.242169,16.417172,-14.236609,16.410856
0,-14.244920,16.421589,-14.249361,16.414572,-14.242169,16.417172
