0,0,1,1,13,
0,-13.472111,12.879021,-13.485849,12.898284,-13.498039,12.878602
0,-13.519944,12.910889,-13.502727,12.908186,-13.510072,12.917503
0,-13.472111,12.879021,-13.498039,12.878602,-13.477484,12.872144
0,-13.483581,12.809177,-13.495982,12.800902,-13.477209,12.804217
0,-13.485849,12.898284,-13.470105,12.884273,-13.471827,12.893000
0,-13.478571,12.826958,-13.474494,12.839750,-13.493219,12.844186
0,-13.495085,12.870603,-13.493689,12.857747,-13.477484,12.872144
0,-13.493219,12.844186,-13.495982,12.800902,-13.485513,12.815713
0,-13.481347,12.783912,-13.477209,12.804217,-13.487917,12.785246
0,-13.483319,12.822888,-13.478571,12.826958,-13.493219,12.844186
0,-13.494590,12.784544,-13.487917,12.785246,-13.495982,12.800902
0,-13.477209,12.804217,-13.495982,12.800902,-13.487917,12.785246
0,-13.483319,12.822888,-13.493219,12.844186,-13.485513,12.815713
0,-13.485513,12.815713,-13.495982,12.800902,-13.483581,12.809177
0,-13.481854,12.853119,-13.494992,12.851746,-13.483426,12.849062
0,-13.483426,12.849062,-13.493554,12.845615,-13.493219,12.844186
0,-13.483426,12.849062,-13.494992,12.851746,-13.493554,12.845615
0,-13.516731,12.901514,-13.502727,12.908186,-13.519944,12.910889
0,-13.498039,12.878602,-13.495085,12.870603,-13.477484,12.872144
0,-13.510072,12.917503,-13.511144,12.928564,-13.512500,12.927803
0,-13.518649,12.917351,-13.510072,12.917503,-13.512500,12.927803
0,-13.518649,12.917351,-13.519944,12.910889,-13.510072,12.917503
0,-13.516731,12.901514,-13.498039,12.878602,-13.502727,12.908186
0,-13.502727,12.908186,-13.498039,12.878602,-13.485849,12.898284
0,-13.481854,12.853119,-13.493689,12.857747,-13.494992,12.851746
0,-13.477484,12.872144,-13.493689,12.857747,-13.481854,12.853119
0,-13.462497,12.857871,-13.475992,12.853181,-13.469395,12.848626
0,-13.473647,12.865928,-13.481854,12.853119,-13.475992,12.853181
0,-13.477484,12.872144,-13.481854,12.853119,-13.473647,12.865928
0,-13.470105,12.884273,-13.485849,12.898284,-13.472111,12.879021
0,-13.475992,12.853181,-13.469510,12.864075,-13.473647,12.865928
0,-13.475992,12.853181,-13.462497,12.857871,-13.469510,12.864075
0,-13.469395,12.848626,-13.458666,12.852900,-13.462497,12.857871
0,-13.460946,12.847074,-13.458666,12.852900,-13.469395,12.848626
0,-13.478571,12.826958,-13.473206,12.835393,-13.474494,12.839750
0,-13.458385,12.849391,-13.458666,12.852900,-13.460946,12.847074
0,-13.493219,12.844186,-13.474494,12.839750,-13.483426,12.849062
0,-13.470162,12.788977,-13.477209,12.804217,-13.481347,12.783912
0,-13.474528,12.780738,-13.470162,12.788977,-13.481347,12.783912
0,-13.470162,12.788977,-13.469897,12.802065,-13.477209,12.804217
