0,0,0,1,12,
0,-16.500920,14.180051,-16.498539,14.178712,-16.492218,14.180893
0,-16.502552,14.188475,-16.500920,14.180051,-16.492218,14.180893
0,-16.501133,14.191540,-16.502552,14.188475,-16.492218,14.180893
0,-16.499884,14.193878,-16.501133,14.191540,-16.492218,14.180893
0,-16.484112,14.188390,-16.499884,14.193878,-16.492218,14.180893
0,-16.484112,14.188390,-16.482314,14.193020,-16.499884,14.193878
0,-16.485819,14.204221,-16.486838,14.208342,-16.494751,14.203145
0,-16.483416,14.201735,-16.485819,14.204221,-16.494751,14.203145
0,-16.499884,14.193878,-16.482314,14.193020,-16.494751,14.203145
0,-16.483416,14.201735,-16.484475,14.203339,-16.485819,14.204221
0,-16.483416,14.201735,-16.483433,14.202654,-16.484475,14.203339
0,-16.482314,14.193020,-16.483416,14.201735,-16.494751,14.203145
