0,0,0,0,12,
0,-16.528635,15.814350,-16.534466,15.796805,-16.528096,15.798294
0,-16.534466,15.796805,-16.536711,15.787954,-16.528096,15.798294
0,-16.492043,15.903056,-16.490740,15.904739,-16.499226,15.902067
0,-16.517527,15.834934,-16.517111,15.835765,-16.524306,15.836227
0,-16.502617,15.969241,-16.497828,15.966800,-16.498776,15.979403
0,-16.510399,15.954189,-16.516753,15.921344,-16.508528,15.930361
0,-16.498776,15.979403,-16.501845,15.978661,-16.502617,15.969241
0,-16.511706,15.922732,-16.516753,15.921344,-16.517941,15.901282
0,-16.504479,15.979992,-16.516066,15.978185,-16.513800,15.971111
0,-16.499226,15.902067,-16.490740,15.904739,-16.491415,15.915512
0,-16.508278,15.967536,-16.506178,15.969407,-16.513800,15.971111
0,-16.488242,15.974079,-16.487887,15.980510,-16.494339,15.983151
0,-16.487887,15.980510,-16.491267,15.983663,-16.494339,15.983151
0,-16.522940,15.813991,-16.528635,15.814350,-16.523520,15.807096
0,-16.528635,15.814350,-16.528096,15.798294,-16.523520,15.807096
0,-16.528635,15.814350,-16.522940,15.813991,-16.524306,15.836227
0,-16.522940,15.813991,-16.517527,15.834934,-16.524306,15.836227
0,-16.517941,15.901282,-16.514737,15.856820,-16.514538,15.896752
0,-16.524306,15.836227,-16.517111,15.835765,-16.516022,15.845419
0,-16.508528,15.930361,-16.516753,15.921344,-16.511706,15.922732
0,-16.514737,15.856820,-16.517941,15.901282,-16.524306,15.836227
0,-16.524306,15.836227,-16.516022,15.845419,-16.514737,15.856820
0,-16.504479,15.979992,-16.513800,15.971111,-16.506178,15.969407
0,-16.513800,15.971111,-16.516753,15.921344,-16.510399,15.954189
0,-16.506625,15.985696,-16.513331,16.000000,-16.516066,15.978185
0,-16.507658,16.000000,-16.507742,16.000000,-16.507924,15.999206
0,-16.505411,15.941199,-16.510399,15.954189,-16.508528,15.930361
0,-16.510399,15.954189,-16.508278,15.967536,-16.513800,15.971111
0,-16.507742,16.000000,-16.513331,16.000000,-16.507924,15.999206
0,-16.504479,15.979992,-16.506178,15.969407,-16.501845,15.978661
0,-16.506449,15.983859,-16.516066,15.978185,-16.504479,15.979992
0,-16.507924,15.999206,-16.513331,16.000000,-16.506625,15.985696
0,-16.506625,15.985696,-16.516066,15.978185,-16.506449,15.983859
0,-16.498776,15.979403,-16.488242,15.974079,-16.494339,15.983151
0,-16.506178,15.969407,-16.502617,15.969241,-16.501845,15.978661
0,-16.493328,15.967108,-16.498776,15.979403,-16.497828,15.966800
0,-16.498400,15.933977,-16.508528,15.930361,-16.502804,15.928623
0,-16.498776,15.979403,-16.493328,15.967108,-16.488242,15.974079
0,-16.494233,15.926707,-16.498400,15.933977,-16.502804,15.928623
0,-16.505411,15.941199,-16.508528,15.930361,-16.498400,15.933977
0,-16.491415,15.915512,-16.500319,15.922471,-16.499226,15.902067
0,-16.494233,15.926707,-16.502804,15.928623,-16.500319,15.922471
0,-16.496363,15.901199,-16.492360,15.902645,-16.492043,15.903056
0,-16.496363,15.901199,-16.492043,15.903056,-16.499226,15.902067
0,-16.494233,15.926707,-16.500319,15.922471,-16.491415,15.915512
0,-16.514538,15.896752,-16.511706,15.922732,-16.517941,15.901282
