0,0,1,1,13,
0,-13.024930,15.386116,-13.022584,15.389572,-13.044222,15.386562
0,-13.026763,15.417100,-13.029487,15.422275,-13.044700,15.427598
0,-13.030010,15.370937,-13.024930,15.386116,-13.044222,15.386562
0,-13.003936,15.355230,-13.010214,15.377698,-13.009349,15.351504
0,-13.003936,15.355230,-13.000182,15.360761,-13.010214,15.377698
0,-12.997936,15.372091,-13.000016,15.375437,-13.010214,15.377698
0,-13.026763,15.417100,-13.044700,15.427598,-13.062227,15.411632
0,-13.022045,15.377866,-13.009349,15.351504,-13.010214,15.377698
0,-13.044222,15.386562,-13.026763,15.417100,-13.062459,15.402125
0,-13.062227,15.411632,-13.067551,15.405613,-13.062459,15.402125
0,-13.062227,15.411632,-13.055744,15.423551,-13.063256,15.414944
0,-13.063256,15.414944,-13.055744,15.423551,-13.066461,15.426205
0,-13.069622,15.421925,-13.063256,15.414944,-13.066461,15.426205
0,-13.069622,15.421925,-13.066461,15.426205,-13.074727,15.425193
0,-13.055744,15.423551,-13.062227,15.411632,-13.044700,15.427598
0,-13.026763,15.417100,-13.062227,15.411632,-13.062459,15.402125
0,-13.035373,15.427621,-13.044700,15.427598,-13.029487,15.422275
0,-13.021931,15.399677,-13.044222,15.386562,-13.022584,15.389572
0,-13.021931,15.399677,-13.026763,15.417100,-13.044222,15.386562
0,-13.030010,15.370937,-13.022045,15.377866,-13.024930,15.386116
0,-13.030010,15.370937,-13.009349,15.351504,-13.022045,15.377866
0,-12.993635,15.343014,-12.998460,15.349060,-13.009349,15.351504
0,-12.998460,15.349060,-13.003936,15.355230,-13.009349,15.351504
0,-13.000182,15.360761,-12.997936,15.372091,-13.010214,15.377698
0,-12.998460,15.349060,-12.993635,15.343014,-12.986353,15.341546
0,-12.986197,15.338993,-12.986353,15.341546,-12.993635,15.343014
0,-12.979330,15.332989,-12.986353,15.341546,-12.986197,15.338993
