0,0,0,0,12,
0,-16.693754,12.463648,-16.698798,12.470227,-16.709523,12.467960
0,-16.693669,12.434661,-16.697283,12.440116,-16.698300,12.432045
0,-16.709523,12.467960,-16.717257,12.456312,-16.693754,12.463648
0,-16.700079,12.439375,-16.698300,12.432045,-16.697283,12.440116
0,-16.730124,12.516583,-16.738211,12.523105,-16.745135,12.517916
0,-16.716948,12.464602,-16.720356,12.459249,-16.717257,12.456312
0,-16.678469,12.516938,-16.688105,12.523108,-16.686571,12.516464
0,-16.687395,12.498275,-16.678543,12.512931,-16.687460,12.513917
0,-16.738211,12.523105,-16.745476,12.523432,-16.745135,12.517916
0,-16.678198,12.531572,-16.680733,12.539391,-16.685286,12.534893
0,-16.686161,12.458266,-16.681874,12.466626,-16.693754,12.463648
0,-16.669024,12.443396,-16.676771,12.444634,-16.678826,12.441835
0,-16.679686,12.450102,-16.676771,12.444634,-16.669831,12.448903
0,-16.684061,12.434147,-16.681431,12.431205,-16.678826,12.441835
0,-16.687254,12.417523,-16.678395,12.419297,-16.681431,12.431205
0,-16.700486,12.423953,-16.698300,12.432045,-16.703425,12.430800
0,-16.703425,12.430800,-16.698300,12.432045,-16.703059,12.436099
0,-16.697873,12.421929,-16.698300,12.432045,-16.700486,12.423953
0,-16.684061,12.434147,-16.678826,12.441835,-16.692118,12.439291
0,-16.692118,12.439291,-16.697283,12.440116,-16.693669,12.434661
0,-16.703059,12.436099,-16.698300,12.432045,-16.700079,12.439375
0,-16.687281,12.480102,-16.672453,12.488195,-16.682602,12.494112
0,-16.693754,12.463648,-16.692563,12.474712,-16.698798,12.470227
0,-16.687395,12.498275,-16.690918,12.511093,-16.695423,12.501808
0,-16.709523,12.467960,-16.716948,12.464602,-16.717257,12.456312
0,-16.725438,12.504246,-16.712941,12.511839,-16.721159,12.513067
0,-16.732968,12.506178,-16.730124,12.516583,-16.745135,12.517916
0,-16.743111,12.534288,-16.745476,12.523432,-16.738211,12.523105
0,-16.743111,12.534288,-16.751417,12.537143,-16.745476,12.523432
0,-16.743374,12.539943,-16.751417,12.537143,-16.743111,12.534288
0,-16.725438,12.504246,-16.730124,12.516583,-16.732968,12.506178
0,-16.730124,12.516583,-16.725438,12.504246,-16.721159,12.513067
0,-16.695423,12.501808,-16.690918,12.511093,-16.712941,12.511839
0,-16.725438,12.504246,-16.695423,12.501808,-16.712941,12.511839
0,-16.682602,12.494112,-16.672453,12.488195,-16.670678,12.493289
0,-16.687395,12.498275,-16.687460,12.513917,-16.690918,12.511093
0,-16.678543,12.512931,-16.686571,12.516464,-16.687460,12.513917
0,-16.678543,12.512931,-16.678469,12.516938,-16.686571,12.516464
0,-16.678198,12.531572,-16.688105,12.523108,-16.678469,12.516938
0,-16.680733,12.539391,-16.686241,12.538163,-16.685286,12.534893
0,-16.678198,12.531572,-16.685286,12.534893,-16.688105,12.523108
0,-16.678543,12.512931,-16.687395,12.498275,-16.670390,12.502727
0,-16.682602,12.494112,-16.670390,12.502727,-16.687395,12.498275
0,-16.682602,12.494112,-16.670678,12.493289,-16.670390,12.502727
0,-16.687281,12.480102,-16.681565,12.474915,-16.672453,12.488195
0,-16.693754,12.463648,-16.681874,12.466626,-16.692563,12.474712
0,-16.681874,12.466626,-16.679686,12.450102,-16.669831,12.448903
0,-16.676771,12.444634,-16.669024,12.443396,-16.669831,12.448903
0,-16.684061,12.434147,-16.692118,12.439291,-16.693669,12.434661
0,-16.692563,12.474712,-16.681565,12.474915,-16.687281,12.480102
0,-16.692563,12.474712,-16.681874,12.466626,-16.681565,12.474915
0,-16.686161,12.458266,-16.679686,12.450102,-16.681874,12.466626
0,-16.678395,12.419297,-16.669024,12.443396,-16.681431,12.431205
0,-16.689635,12.407357,-16.688412,12.404619,-16.687180,12.413614
0,-16.688412,12.404619,-16.678395,12.419297,-16.687180,12.413614
0,-16.681431,12.431205,-16.669024,12.443396,-16.678826,12.441835
0,-16.687254,12.417523,-16.687180,12.413614,-16.678395,12.419297
