0,0,1,1,13,
0,-14.821428,16.632343,-14.835979,16.618606,-14.816152,16.609989
0,-14.835771,16.604834,-14.828955,16.600351,-14.816152,16.609989
0,-14.756441,16.649996,-14.758325,16.649996,-14.755337,16.648573
0,-14.806622,16.646763,-14.818778,16.633902,-14.792874,16.631597
0,-14.806622,16.646763,-14.814189,16.649424,-14.818778,16.633902
0,-14.809699,16.611248,-14.792874,16.631597,-14.818778,16.633902
0,-14.775463,16.609249,-14.768768,16.610733,-14.782925,16.629122
0,-14.752244,16.627642,-14.758325,16.649996,-14.782925,16.629122
0,-14.835979,16.618606,-14.835771,16.604834,-14.816152,16.609989
0,-14.833462,16.601122,-14.828955,16.600351,-14.835771,16.604834
0,-14.788722,16.600771,-14.787685,16.629208,-14.802821,16.609978
0,-14.809699,16.611248,-14.818778,16.633902,-14.821428,16.632343
0,-14.802821,16.609978,-14.792874,16.631597,-14.809699,16.611248
0,-14.848491,16.636271,-14.841499,16.628573,-14.840135,16.637499
0,-14.832317,16.633329,-14.835979,16.618606,-14.828100,16.632004
0,-14.841499,16.628573,-14.836619,16.634682,-14.840135,16.637499
0,-14.841499,16.628573,-14.833325,16.633329,-14.836619,16.634682
0,-14.833325,16.633329,-14.835979,16.618606,-14.832317,16.633329
0,-14.840135,16.637499,-14.836619,16.634682,-14.837297,16.636530
0,-14.833325,16.633329,-14.841499,16.628573,-14.835979,16.618606
0,-14.833325,16.633646,-14.836619,16.634682,-14.833325,16.633329
0,-14.835979,16.618606,-14.821428,16.632343,-14.828100,16.632004
0,-14.816152,16.609989,-14.809699,16.611248,-14.821428,16.632343
0,-14.802821,16.609978,-14.787685,16.629208,-14.792874,16.631597
0,-14.782925,16.629122,-14.758325,16.649996,-14.766502,16.652916
0,-14.788722,16.600771,-14.781058,16.603155,-14.787685,16.629208
0,-14.768768,16.610733,-14.752244,16.627642,-14.782925,16.629122
0,-14.766502,16.652916,-14.758325,16.649996,-14.762212,16.653067
0,-14.762212,16.653067,-14.758325,16.649996,-14.758325,16.651187
0,-14.755337,16.648573,-14.758325,16.649996,-14.753539,16.646254
0,-14.763062,16.610399,-14.752244,16.627642,-14.768768,16.610733
0,-14.753539,16.646254,-14.758325,16.649996,-14.752244,16.627642
0,-14.734590,16.617678,-14.752244,16.627642,-14.735373,16.614250
0,-14.787685,16.629208,-14.775463,16.609249,-14.782925,16.629122
0,-14.787685,16.629208,-14.781058,16.603155,-14.775463,16.609249
0,-14.735373,16.614250,-14.752244,16.627642,-14.753196,16.603792
0,-14.753196,16.603792,-14.752244,16.627642,-14.763062,16.610399
0,-14.748231,16.602095,-14.735373,16.614250,-14.753196,16.603792
0,-14.736797,16.602572,-14.735373,16.614250,-14.748231,16.602095
0,-14.733173,16.605259,-14.735373,16.614250,-14.736797,16.602572
