0,0,0,1,12,
0,-16.393408,14.266047,-16.395111,14.269006,-16.394539,14.263498
0,-16.394539,14.263498,-16.407942,14.261889,-16.402148,14.254173
0,-16.405478,14.320544,-16.403462,14.313453,-16.401782,14.324745
0,-16.407006,14.249265,-16.412571,14.259219,-16.415471,14.254249
0,-16.380190,14.278822,-16.386816,14.292363,-16.389264,14.271402
0,-16.386816,14.292363,-16.380190,14.278822,-16.380198,14.291328
0,-16.414982,14.234415,-16.422183,14.234111,-16.419470,14.229030
0,-16.416235,14.225658,-16.414982,14.234415,-16.419470,14.229030
0,-16.409594,14.236116,-16.408007,14.239592,-16.417948,14.241949
0,-16.407006,14.249265,-16.417948,14.241949,-16.408007,14.239592
0,-16.419470,14.229030,-16.422183,14.234111,-16.422962,14.232669
0,-16.414982,14.234415,-16.417948,14.241949,-16.422183,14.234111
0,-16.414982,14.234415,-16.409594,14.236116,-16.417948,14.241949
0,-16.417603,14.248851,-16.417948,14.241949,-16.407006,14.249265
0,-16.415471,14.254249,-16.417603,14.248851,-16.407006,14.249265
0,-16.389698,14.295301,-16.387186,14.312813,-16.403534,14.304488
0,-16.403534,14.304488,-16.406666,14.295240,-16.403300,14.291621
0,-16.402148,14.254173,-16.412571,14.259219,-16.407006,14.249265
0,-16.389264,14.271402,-16.386816,14.292363,-16.403300,14.291621
0,-16.403462,14.313453,-16.404805,14.309523,-16.403534,14.304488
0,-16.387186,14.312813,-16.403462,14.313453,-16.403534,14.304488
0,-16.396126,14.324842,-16.403462,14.313453,-16.387186,14.312813
0,-16.403462,14.313453,-16.396126,14.324842,-16.401782,14.324745
0,-16.389698,14.295301,-16.403534,14.304488,-16.403300,14.291621
0,-16.386816,14.292363,-16.389698,14.295301,-16.403300,14.291621
0,-16.380198,14.291328,-16.380190,14.278822,-16.376585,14.287021
0,-16.395111,14.269006,-16.389264,14.271402,-16.404152,14.273676
0,-16.385663,14.267789,-16.380190,14.278822,-16.389264,14.271402
0,-16.380190,14.278822,-16.385663,14.267789,-16.382584,14.266922
0,-16.395111,14.269006,-16.404152,14.273676,-16.404972,14.266996
0,-16.389264,14.271402,-16.403300,14.291621,-16.404152,14.273676
0,-16.394539,14.263498,-16.395111,14.269006,-16.404972,14.266996
0,-16.394539,14.263498,-16.402148,14.254173,-16.396960,14.254033
0,-16.407942,14.261889,-16.412571,14.259219,-16.402148,14.254173
0,-16.394539,14.263498,-16.396960,14.254033,-16.393261,14.258003
0,-16.407942,14.261889,-16.394539,14.263498,-16.404972,14.266996
