0,0,0,0,5,
0,-11.745577,13.408329,-11.749992,13.404529,-11.743648,13.407182
0,-11.748134,13.382096,-11.748827,13.401053,-11.749992,13.391663
0,-11.716658,13.408329,-11.724991,13.408329,-11.714262,13.403181
0,-11.749988,13.378129,-11.749992,13.383329,-11.749992,13.378125
0,-11.748134,13.382096,-11.749992,13.383329,-11.749988,13.378129
0,-11.733325,13.408329,-11.741659,13.408329,-11.743648,13.407182
0,-11.748134,13.382096,-11.749992,13.391663,-11.749992,13.383329
0,-11.748827,13.401053,-11.749992,13.399996,-11.749992,13.391663
0,-11.748827,13.401053,-11.749992,13.404529,-11.749992,13.399996
0,-11.743648,13.407182,-11.749992,13.404529,-11.748827,13.401053
0,-11.745577,13.408329,-11.743648,13.407182,-11.741659,13.408329
0,-11.714262,13.403181,-11.714530,13.408329,-11.716658,13.408329
0,-11.714530,13.408329,-11.714262,13.403181,-11.709332,13.406174
0,-11.708325,13.405353,-11.709332,13.406174,-11.714262,13.403181
0,-11.714262,13.403181,-11.709797,13.399505,-11.708325,13.405353
0,-11.709797,13.399505,-11.708325,13.399996,-11.708325,13.405353
0,-11.709797,13.399505,-11.708325,13.396555,-11.708325,13.399996
0,-11.743648,13.407182,-11.714262,13.403181,-11.733325,13.408329
0,-11.733325,13.408329,-11.714262,13.403181,-11.724991,13.408329
1,-11.699992,13.390095,-11.700497,13.391663,-11.705093,13.390080
1,-11.699992,13.383329,-11.703208,13.382032,-11.698274,13.378817
1,-11.705093,13.390080,-11.699992,13.383329,-11.699992,13.390095
1,-11.691658,13.383329,-11.699992,13.383329,-11.698274,13.378817
1,-11.703208,13.382032,-11.699992,13.383329,-11.705093,13.390080
1,-11.705883,13.391663,-11.705093,13.390080,-11.700497,13.391663
1,-11.667745,13.379061,-11.658325,13.383329,-11.666658,13.383329
1,-11.674992,13.383329,-11.667745,13.379061,-11.666658,13.383329
1,-11.667745,13.379061,-11.656812,13.383329,-11.658325,13.383329
1,-11.683325,13.383329,-11.691658,13.383329,-11.698274,13.378817
1,-11.667745,13.379061,-11.683325,13.383329,-11.698274,13.378817
1,-11.667745,13.379061,-11.674992,13.383329,-11.683325,13.383329
2,-11.649991,13.388256,-11.649991,13.385543,-11.645440,13.389876
2,-11.649991,13.385543,-11.641658,13.385927,-11.645440,13.389876
2,-11.641658,13.385927,-11.641658,13.389525,-11.645440,13.389876
3,-11.637185,13.383329,-11.633928,13.380912,-11.633325,13.382834
3,-11.633325,13.383329,-11.637185,13.383329,-11.633325,13.382834
4,-11.752929,13.374996,-11.758325,13.374996,-11.757938,13.369660
4,-11.758325,13.374996,-11.758325,13.369204,-11.757938,13.369660
5,-11.771271,13.337836,-11.774991,13.345339,-11.774991,13.341662
5,-11.783325,13.333329,-11.790283,13.329542,-11.777840,13.331622
5,-11.768000,13.355085,-11.766658,13.358330,-11.772235,13.358330
5,-11.768000,13.355085,-11.772235,13.358330,-11.774991,13.345339
5,-11.790283,13.329542,-11.783325,13.333329,-11.791658,13.333329
5,-11.774991,13.333329,-11.777840,13.331622,-11.773616,13.333924
5,-11.791658,13.328406,-11.790283,13.329542,-11.791658,13.333329
5,-11.771271,13.337836,-11.774991,13.341662,-11.773616,13.333924
5,-11.783325,13.333329,-11.777840,13.331622,-11.774991,13.333329
5,-11.773616,13.333924,-11.774991,13.341662,-11.774991,13.333329
5,-11.768000,13.355085,-11.774991,13.345339,-11.771271,13.337836
5,-11.764250,13.362217,-11.766291,13.366663,-11.766658,13.366199
5,-11.764250,13.362217,-11.766658,13.366199,-11.766658,13.358330
5,-11.768000,13.355085,-11.764250,13.362217,-11.766658,13.358330
5,-11.760480,13.366663,-11.766291,13.366663,-11.764250,13.362217
6,-11.799992,13.324178,-11.799992,13.316663,-11.794946,13.324996
6,-11.799992,13.316663,-11.799992,13.308503,-11.799886,13.308607
6,-11.799992,13.324178,-11.794946,13.324996,-11.799769,13.324996
6,-11.799992,13.316663,-11.799886,13.308607,-11.797545,13.314128
6,-11.799992,13.316663,-11.797545,13.314128,-11.794946,13.324996
7,-11.803873,13.304693,-11.808325,13.307714,-11.808325,13.304218
7,-11.807665,13.308330,-11.808325,13.307714,-11.803873,13.304693
7,-11.807665,13.308330,-11.803873,13.304693,-11.800169,13.308330
