0,0,1,1,13,
0,-14.818647,12.892965,-14.837838,12.909302,-14.830171,12.885415
0,-14.837838,12.909302,-14.849596,12.904546,-14.830171,12.885415
0,-14.852049,12.909323,-14.849596,12.904546,-14.845879,12.914958
0,-14.849596,12.904546,-14.837838,12.909302,-14.845879,12.914958
0,-14.852143,12.913461,-14.852049,12.909323,-14.848469,12.915362
0,-14.848469,12.915362,-14.852049,12.909323,-14.845879,12.914958
0,-14.817662,12.889066,-14.818647,12.892965,-14.830171,12.885415
0,-14.815845,12.873995,-14.808577,12.874681,-14.817662,12.889066
0,-14.830171,12.885415,-14.815845,12.873995,-14.817662,12.889066
0,-14.815255,12.873721,-14.808577,12.874681,-14.815845,12.873995
0,-14.807788,12.870258,-14.808577,12.874681,-14.815255,12.873721
0,-14.803922,12.870341,-14.808577,12.874681,-14.807788,12.870258
