0,0,1,1,13,
0,-13.383166,15.780701,-13.400084,15.777332,-13.397931,15.762453
0,-13.335209,15.709822,-13.352364,15.675993,-13.349872,15.673777
0,-13.309092,15.701033,-13.316439,15.701675,-13.317731,15.645801
0,-13.296543,15.702028,-13.308925,15.643416,-13.280154,15.695473
0,-13.296543,15.702028,-13.304837,15.702435,-13.309092,15.701033
0,-13.357500,15.747087,-13.368170,15.748395,-13.353672,15.741832
0,-13.378278,15.804551,-13.407706,15.806807,-13.402578,15.798172
0,-13.398828,15.846607,-13.409064,15.852713,-13.431267,15.825695
0,-13.398828,15.846607,-13.407706,15.806807,-13.394906,15.843683
0,-13.270605,15.684286,-13.258325,15.666663,-13.255841,15.672440
0,-13.375039,15.815817,-13.407706,15.806807,-13.378278,15.804551
0,-13.474028,15.871106,-13.416684,15.872909,-13.421747,15.884809
0,-13.426058,15.890975,-13.474028,15.871106,-13.421747,15.884809
0,-13.415466,15.866313,-13.416684,15.872909,-13.443563,15.837422
0,-13.335209,15.709822,-13.361866,15.691216,-13.352364,15.675993
0,-13.474028,15.871106,-13.426058,15.890975,-13.441067,15.901200
0,-13.409064,15.852713,-13.413229,15.859109,-13.443563,15.837422
0,-13.387710,15.831568,-13.407706,15.806807,-13.375039,15.815817
0,-13.384589,15.792120,-13.402578,15.798172,-13.399917,15.787867
0,-13.368170,15.748395,-13.374887,15.718083,-13.353156,15.735641
0,-13.374887,15.718083,-13.361866,15.691216,-13.347581,15.717546
0,-13.347798,15.671699,-13.317731,15.645801,-13.316439,15.701675
0,-13.255841,15.672440,-13.256611,15.681617,-13.270605,15.684286
0,-13.308925,15.643416,-13.270605,15.684286,-13.280154,15.695473
0,-13.374608,15.754319,-13.383166,15.780701,-13.397931,15.762453
0,-13.384589,15.792120,-13.378278,15.804551,-13.402578,15.798172
0,-13.383166,15.780701,-13.399275,15.785377,-13.400084,15.777332
0,-13.385254,15.787139,-13.384589,15.792120,-13.399917,15.787867
0,-13.374608,15.754319,-13.391260,15.746729,-13.368170,15.748395
0,-13.524866,15.947435,-13.526506,15.944900,-13.519426,15.949307
0,-13.399275,15.785377,-13.385254,15.787139,-13.399917,15.787867
0,-13.383166,15.780701,-13.385254,15.787139,-13.399275,15.785377
0,-13.413229,15.859109,-13.415466,15.866313,-13.443563,15.837422
0,-13.431267,15.825695,-13.409064,15.852713,-13.443563,15.837422
0,-13.394906,15.843683,-13.407706,15.806807,-13.387710,15.831568
0,-13.484389,15.924769,-13.491642,15.943764,-13.530503,15.926602
0,-13.407706,15.806807,-13.398828,15.846607,-13.431267,15.825695
0,-13.443563,15.837422,-13.416684,15.872909,-13.474028,15.871106
0,-13.474078,15.909009,-13.474028,15.871106,-13.441067,15.901200
0,-13.482173,15.913773,-13.504951,15.903400,-13.493316,15.889139
0,-13.349872,15.673777,-13.316439,15.701675,-13.335209,15.709822
0,-13.534053,15.939571,-13.530750,15.941659,-13.534070,15.941865
0,-13.536564,15.934072,-13.534053,15.939571,-13.539540,15.935781
0,-13.536564,15.934072,-13.530503,15.926602,-13.534053,15.939571
0,-13.530503,15.926602,-13.530750,15.941659,-13.534053,15.939571
0,-13.526506,15.944900,-13.524866,15.947435,-13.526763,15.947651
0,-13.530503,15.926602,-13.526506,15.944900,-13.530750,15.941659
0,-13.530503,15.926602,-13.504951,15.903400,-13.484389,15.924769
0,-13.526506,15.944900,-13.530503,15.926602,-13.519426,15.949307
0,-13.523936,15.949965,-13.524866,15.947435,-13.519426,15.949307
0,-13.519426,15.949307,-13.530503,15.926602,-13.491642,15.943764
0,-13.516828,15.950704,-13.519426,15.949307,-13.491642,15.943764
0,-13.484389,15.924769,-13.483738,15.933034,-13.491642,15.943764
0,-13.484783,15.881162,-13.474078,15.909009,-13.493316,15.889139
0,-13.482173,15.913773,-13.484389,15.924769,-13.504951,15.903400
0,-13.482173,15.913773,-13.493316,15.889139,-13.477648,15.911049
0,-13.482173,15.913773,-13.477648,15.911049,-13.477905,15.913572
0,-13.484783,15.881162,-13.474028,15.871106,-13.474078,15.909009
0,-13.477648,15.911049,-13.493316,15.889139,-13.474078,15.909009
0,-13.347798,15.671699,-13.316439,15.701675,-13.349872,15.673777
0,-13.353156,15.735641,-13.374887,15.718083,-13.347581,15.717546
0,-13.391260,15.746729,-13.374887,15.718083,-13.368170,15.748395
0,-13.391260,15.746729,-13.374608,15.754319,-13.397931,15.762453
0,-13.368170,15.748395,-13.364622,15.749335,-13.367467,15.749546
0,-13.368170,15.748395,-13.357500,15.747087,-13.364622,15.749335
0,-13.353672,15.741832,-13.368170,15.748395,-13.353156,15.735641
0,-13.361866,15.691216,-13.335209,15.709822,-13.347581,15.717546
0,-13.340460,15.715525,-13.347581,15.717546,-13.335209,15.709822
0,-13.335209,15.709822,-13.316439,15.701675,-13.326202,15.708959
0,-13.308925,15.643416,-13.309092,15.701033,-13.317731,15.645801
0,-13.309092,15.701033,-13.308925,15.643416,-13.296543,15.702028
0,-13.258325,15.658329,-13.258325,15.666663,-13.270605,15.684286
0,-13.258325,15.658329,-13.305819,15.641860,-13.302914,15.638236
0,-13.256817,15.666663,-13.255841,15.672440,-13.258325,15.666663
0,-13.251612,15.677744,-13.256611,15.681617,-13.255841,15.672440
0,-13.270605,15.684286,-13.308925,15.643416,-13.305819,15.641860
0,-13.258325,15.658329,-13.270605,15.684286,-13.305819,15.641860
0,-13.251835,15.639415,-13.253111,15.617144,-13.249992,15.633329
0,-13.249992,15.633329,-13.253111,15.617144,-13.250540,15.622438
0,-13.254683,15.650271,-13.256796,15.658329,-13.258325,15.658329
0,-13.313898,15.643337,-13.308925,15.643416,-13.317731,15.645801
0,-13.258325,15.658329,-13.302914,15.638236,-13.254683,15.650271
0,-13.302914,15.638236,-13.300876,15.629776,-13.254683,15.650271
0,-13.300876,15.629776,-13.251835,15.639415,-13.254683,15.650271
0,-13.292025,15.582641,-13.290575,15.581204,-13.269924,15.581008
0,-13.253111,15.617144,-13.300876,15.629776,-13.298535,15.603421
0,-13.253111,15.617144,-13.251835,15.639415,-13.300876,15.629776
0,-13.269924,15.581008,-13.298535,15.603421,-13.292025,15.582641
0,-13.269924,15.581008,-13.290575,15.581204,-13.279690,15.570421
0,-13.254687,15.604510,-13.298535,15.603421,-13.269924,15.581008
0,-13.254687,15.604510,-13.269924,15.581008,-13.252016,15.594427
0,-13.253111,15.617144,-13.298535,15.603421,-13.254687,15.604510
0,-13.249992,15.635999,-13.251835,15.639415,-13.249992,15.633329
0,-13.246218,15.629006,-13.249992,15.633329,-13.250540,15.622438
0,-13.248551,15.633329,-13.249992,15.633329,-13.246218,15.629006
1,-13.371116,15.729099,-13.367312,15.727288,-13.368524,15.731181
1,-13.367312,15.727288,-13.362855,15.733742,-13.368524,15.731181
1,-13.368524,15.731181,-13.362855,15.733742,-13.362406,15.737187
1,-13.368524,15.731181,-13.362406,15.737187,-13.363848,15.740161
