0,0,1,1,13,
0,-14.949469,16.634373,-14.951300,16.638306,-14.962593,16.607290
0,-14.891457,16.630377,-14.896727,16.628634,-14.884426,16.612125
0,-14.933138,16.629271,-14.924701,16.609619,-14.916057,16.613598
0,-14.726696,16.560391,-14.736736,16.569986,-14.742448,16.546227
0,-14.884426,16.612125,-14.881326,16.615866,-14.891457,16.630377
0,-14.848279,16.610336,-14.835771,16.604834,-14.835979,16.618606
0,-14.716139,16.541149,-14.695363,16.568296,-14.721081,16.546745
0,-14.632118,16.519600,-14.649562,16.515802,-14.640289,16.515627
0,-14.658167,16.571726,-14.678266,16.578074,-14.682815,16.576782
0,-14.847183,16.580944,-14.845068,16.579529,-14.842411,16.581547
0,-14.840780,16.567520,-14.840424,16.561318,-14.836588,16.575018
0,-14.908226,16.612314,-14.896305,16.600861,-14.884426,16.612125
0,-14.908226,16.612314,-14.884426,16.612125,-14.896727,16.628634
0,-14.896305,16.600861,-14.886302,16.601143,-14.884426,16.612125
0,-14.995926,16.619564,-14.971922,16.604698,-14.969967,16.605242
0,-14.941185,16.606462,-14.935561,16.601776,-14.924701,16.609619
0,-14.929140,16.601435,-14.924701,16.609619,-14.935561,16.601776
0,-14.906450,16.630640,-14.908226,16.612314,-14.896727,16.628634
0,-15.000000,16.660408,-14.995926,16.619564,-14.951300,16.638306
0,-14.988496,16.686676,-14.992356,16.683989,-14.981107,16.687008
0,-14.960475,16.605877,-14.962487,16.600176,-14.959687,16.597145
0,-14.911377,16.634399,-14.916659,16.641663,-14.920640,16.641663
0,-14.883325,16.654437,-14.883325,16.649996,-14.876412,16.657650
0,-14.765172,16.552153,-14.757080,16.552233,-14.770614,16.577723
0,-14.911377,16.634399,-14.930934,16.631456,-14.916057,16.613598
0,-14.861715,16.617229,-14.876213,16.618404,-14.866517,16.615021
0,-14.751618,16.551674,-14.738332,16.573458,-14.757080,16.552233
0,-14.802514,16.589319,-14.809366,16.543320,-14.789620,16.543190
0,-14.840424,16.561318,-14.835872,16.550680,-14.835029,16.549904
0,-14.828955,16.600351,-14.833462,16.601122,-14.835629,16.587622
0,-14.681885,16.529036,-14.658167,16.571726,-14.682815,16.576782
0,-14.613862,16.585108,-14.595705,16.588430,-14.603779,16.589275
0,-14.742448,16.546227,-14.727403,16.548931,-14.726696,16.560391
0,-14.723350,16.549315,-14.726696,16.560391,-14.727403,16.548931
0,-14.649562,16.515802,-14.632118,16.519600,-14.643309,16.565249
0,-14.738332,16.573458,-14.754285,16.584995,-14.757080,16.552233
0,-14.739690,16.541357,-14.727403,16.548931,-14.742448,16.546227
0,-14.670987,16.526764,-14.643309,16.565249,-14.650645,16.567225
0,-14.670987,16.526764,-14.649562,16.515802,-14.643309,16.565249
0,-14.504890,16.561411,-14.513584,16.566631,-14.534974,16.523224
0,-14.487431,16.543394,-14.504890,16.561411,-14.503682,16.518017
0,-14.959687,16.597145,-14.951861,16.595633,-14.960475,16.605877
0,-14.848191,16.590370,-14.835771,16.604834,-14.852600,16.596186
0,-14.838938,16.588827,-14.833462,16.601122,-14.848191,16.590370
0,-14.835029,16.549904,-14.836588,16.575018,-14.840424,16.561318
0,-14.830028,16.545298,-14.809366,16.543320,-14.835029,16.549904
0,-14.847183,16.580944,-14.842411,16.581547,-14.848191,16.590370
0,-14.848191,16.590370,-14.842411,16.581547,-14.838938,16.588827
0,-14.911377,16.634399,-14.920640,16.641663,-14.930934,16.631456
0,-14.888233,16.599800,-14.886302,16.601143,-14.896305,16.600861
0,-14.854823,16.616648,-14.848279,16.610336,-14.835979,16.618606
0,-14.852600,16.596186,-14.835771,16.604834,-14.848279,16.610336
0,-14.872660,16.654600,-14.886244,16.641531,-14.861580,16.636503
0,-14.855649,16.635481,-14.854823,16.616648,-14.841499,16.628573
0,-14.879553,16.618006,-14.876213,16.618404,-14.891457,16.630377
0,-14.861580,16.636503,-14.876213,16.618404,-14.861715,16.617229
0,-14.933138,16.629271,-14.916057,16.613598,-14.930934,16.631456
0,-14.944539,16.630615,-14.960475,16.605877,-14.944066,16.605135
0,-14.944066,16.605135,-14.951861,16.595633,-14.948287,16.595800
0,-14.995926,16.619564,-14.969967,16.605242,-14.951300,16.638306
0,-14.938148,16.628670,-14.944539,16.630615,-14.941185,16.606462
0,-14.960475,16.605877,-14.951861,16.595633,-14.944066,16.605135
0,-14.969967,16.605242,-14.962593,16.607290,-14.951300,16.638306
0,-14.944539,16.630615,-14.949469,16.634373,-14.962593,16.607290
0,-15.000000,16.660408,-15.000000,16.620071,-14.995926,16.619564
0,-14.955664,16.659492,-14.999185,16.662302,-15.000000,16.660408
0,-14.924701,16.609619,-14.938148,16.628670,-14.941185,16.606462
0,-14.938148,16.628670,-14.924701,16.609619,-14.933138,16.629271
0,-14.960475,16.605877,-14.944539,16.630615,-14.962593,16.607290
0,-14.941185,16.606462,-14.944539,16.630615,-14.944066,16.605135
0,-14.955664,16.659492,-15.000000,16.660408,-14.951300,16.638306
0,-14.996275,16.678087,-14.999185,16.662302,-14.962765,16.674532
0,-14.992356,16.683989,-14.996275,16.678087,-14.981107,16.687008
0,-14.981107,16.687008,-14.996275,16.678087,-14.962765,16.674532
0,-14.962765,16.674532,-14.999185,16.662302,-14.955664,16.659492
0,-14.914271,16.645006,-14.916659,16.641663,-14.911377,16.634399
0,-14.876213,16.618404,-14.861580,16.636503,-14.886244,16.641531
0,-14.914271,16.645006,-14.916659,16.644285,-14.916659,16.641663
0,-14.883325,16.649996,-14.884824,16.649996,-14.886244,16.641531
0,-14.872660,16.654600,-14.883325,16.649996,-14.886244,16.641531
0,-14.872660,16.654600,-14.876412,16.657650,-14.883325,16.649996
0,-14.876412,16.657650,-14.881167,16.657963,-14.883325,16.654437
0,-14.854823,16.616648,-14.855649,16.635481,-14.861715,16.617229
0,-14.861580,16.636503,-14.861715,16.617229,-14.855649,16.635481
0,-14.879553,16.618006,-14.891457,16.630377,-14.881326,16.615866
0,-14.908226,16.612314,-14.906450,16.630640,-14.916057,16.613598
0,-14.911377,16.634399,-14.916057,16.613598,-14.906450,16.630640
0,-14.876213,16.618404,-14.886244,16.641531,-14.891457,16.630377
0,-14.871281,16.614876,-14.866517,16.615021,-14.876213,16.618404
0,-14.855649,16.635481,-14.841499,16.628573,-14.848491,16.636271
0,-14.854823,16.616648,-14.835979,16.618606,-14.841499,16.628573
0,-14.751618,16.551674,-14.742448,16.546227,-14.736736,16.569986
0,-14.770614,16.577723,-14.757080,16.552233,-14.754285,16.584995
0,-14.754285,16.584995,-14.758796,16.585537,-14.770614,16.577723
0,-14.802514,16.589319,-14.836588,16.575018,-14.809366,16.543320
0,-14.809366,16.543320,-14.836588,16.575018,-14.835029,16.549904
0,-14.835629,16.587622,-14.834533,16.582783,-14.828955,16.600351
0,-14.848191,16.590370,-14.833462,16.601122,-14.835771,16.604834
0,-14.838938,16.588827,-14.835629,16.587622,-14.833462,16.601122
0,-14.809699,16.611248,-14.816152,16.609989,-14.801010,16.593193
0,-14.816152,16.609989,-14.828955,16.600351,-14.802514,16.589319
0,-14.816152,16.609989,-14.802514,16.589319,-14.801010,16.593193
0,-14.670987,16.526764,-14.658167,16.571726,-14.681885,16.529036
0,-14.834533,16.582783,-14.802514,16.589319,-14.828955,16.600351
0,-14.834533,16.582783,-14.836588,16.575018,-14.802514,16.589319
0,-14.802821,16.609978,-14.801010,16.593193,-14.788722,16.600771
0,-14.802821,16.609978,-14.809699,16.611248,-14.801010,16.593193
0,-14.601275,16.538284,-14.613862,16.585108,-14.605550,16.537682
0,-14.588889,16.595642,-14.595705,16.588430,-14.582835,16.586815
0,-14.588889,16.595642,-14.583441,16.594389,-14.585530,16.596954
0,-14.564640,16.583008,-14.575240,16.588263,-14.582835,16.586815
0,-14.583441,16.594389,-14.588889,16.595642,-14.582835,16.586815
0,-14.601275,16.538284,-14.595705,16.588430,-14.613862,16.585108
0,-14.525898,16.569399,-14.544463,16.580549,-14.556881,16.533520
0,-14.566813,16.536469,-14.544463,16.580549,-14.564640,16.583008
0,-14.608434,16.537273,-14.613862,16.585108,-14.625097,16.582800
0,-14.608434,16.537273,-14.605550,16.537682,-14.613862,16.585108
0,-14.681885,16.529036,-14.682815,16.576782,-14.695363,16.568296
0,-14.670987,16.526764,-14.650645,16.567225,-14.658167,16.571726
0,-14.522230,16.518383,-14.504890,16.561411,-14.534974,16.523224
0,-14.534974,16.523224,-14.513584,16.566631,-14.525898,16.569399
0,-14.503682,16.518017,-14.504890,16.561411,-14.522230,16.518383
0,-14.482061,16.527681,-14.487431,16.543394,-14.489234,16.525989
0,-14.492372,16.557032,-14.504890,16.561411,-14.487431,16.543394
0,-14.492372,16.557032,-14.487431,16.543394,-14.486663,16.545902
0,-14.721081,16.546745,-14.695363,16.568296,-14.723350,16.549315
0,-14.639945,16.566792,-14.643309,16.565249,-14.608434,16.537273
0,-14.625097,16.582800,-14.639945,16.566792,-14.608434,16.537273
0,-14.695363,16.568296,-14.726696,16.560391,-14.723350,16.549315
0,-14.783068,16.585753,-14.802514,16.589319,-14.789620,16.543190
0,-14.770614,16.577723,-14.783068,16.585753,-14.789620,16.543190
0,-14.736989,16.570537,-14.738332,16.573458,-14.751618,16.551674
0,-14.770614,16.577723,-14.789620,16.543190,-14.765172,16.552153
0,-14.736989,16.570537,-14.751618,16.551674,-14.736736,16.569986
0,-14.734420,16.538282,-14.731622,16.540289,-14.739690,16.541357
0,-14.601275,16.538284,-14.582835,16.586815,-14.595705,16.588430
0,-14.739690,16.541357,-14.731622,16.540289,-14.727403,16.548931
0,-14.681885,16.529036,-14.695363,16.568296,-14.716139,16.541149
0,-14.545408,16.524805,-14.534974,16.523224,-14.525898,16.569399
0,-14.608434,16.537273,-14.643309,16.565249,-14.632118,16.519600
0,-14.525898,16.569399,-14.556881,16.533520,-14.545408,16.524805
0,-14.566813,16.536469,-14.582835,16.586815,-14.601275,16.538284
0,-14.544463,16.580549,-14.566813,16.536469,-14.556881,16.533520
0,-14.564640,16.583008,-14.582835,16.586815,-14.566813,16.536469
0,-14.487431,16.543394,-14.496482,16.520857,-14.489234,16.525989
0,-14.496482,16.520857,-14.487431,16.543394,-14.503682,16.518017
1,-14.827158,16.582649,-14.832503,16.580112,-14.825394,16.575504
1,-14.832503,16.580112,-14.827158,16.582649,-14.832150,16.582970
1,-14.823337,16.580612,-14.827158,16.582649,-14.825394,16.575504
1,-14.823900,16.591082,-14.826036,16.591349,-14.827037,16.588844
1,-14.823801,16.583965,-14.823900,16.591082,-14.827037,16.588844
1,-14.817399,16.582705,-14.823900,16.591082,-14.823801,16.583965
1,-14.821102,16.575886,-14.817480,16.578575,-14.823337,16.580612
1,-14.821102,16.575886,-14.823337,16.580612,-14.825394,16.575504
1,-14.817399,16.582705,-14.823801,16.583965,-14.823337,16.580612
1,-14.817480,16.578575,-14.817399,16.582705,-14.823337,16.580612
