0,0,1,1,13,
0,-14.151839,16.345924,-14.162588,16.343636,-14.150749,16.341770
0,-14.176955,16.379513,-14.176458,16.370323,-14.163801,16.382896
0,-14.179017,16.382769,-14.174396,16.397354,-14.185325,16.387495
0,-14.174396,16.397354,-14.185893,16.393704,-14.185325,16.387495
0,-14.183117,16.400526,-14.185893,16.393704,-14.174396,16.397354
0,-14.164929,16.395540,-14.172624,16.401903,-14.174396,16.397354
0,-14.179526,16.401596,-14.183117,16.400526,-14.174396,16.397354
0,-14.164929,16.395540,-14.168056,16.404099,-14.172624,16.401903
0,-14.162588,16.343636,-14.166226,16.340504,-14.161346,16.335808
0,-14.163801,16.382896,-14.176458,16.370323,-14.164698,16.365019
0,-14.150869,16.376879,-14.158849,16.381182,-14.164698,16.365019
0,-14.130173,16.347513,-14.137919,16.351585,-14.146953,16.341459
0,-14.147713,16.349505,-14.146953,16.341459,-14.137919,16.351585
0,-14.131805,16.318870,-14.138461,16.318787,-14.137414,16.312799
0,-14.161346,16.335808,-14.166226,16.340504,-14.166048,16.337975
0,-14.155176,16.335443,-14.162588,16.343636,-14.161346,16.335808
0,-14.150749,16.341770,-14.162588,16.343636,-14.155176,16.335443
0,-14.146953,16.341459,-14.151839,16.345924,-14.150749,16.341770
0,-14.140664,16.366100,-14.164698,16.365019,-14.147713,16.349505
0,-14.179017,16.382769,-14.166754,16.388697,-14.174396,16.397354
0,-14.140664,16.366100,-14.143402,16.370977,-14.164698,16.365019
0,-14.164698,16.365019,-14.158849,16.381182,-14.163801,16.382896
0,-14.166754,16.388697,-14.163584,16.392071,-14.164929,16.395540
0,-14.176458,16.370323,-14.176955,16.379513,-14.178995,16.373590
0,-14.163801,16.382896,-14.166754,16.388697,-14.176955,16.379513
0,-14.182322,16.383759,-14.179017,16.382769,-14.185325,16.387495
0,-14.164929,16.395540,-14.164043,16.402864,-14.168056,16.404099
0,-14.176955,16.379513,-14.166754,16.388697,-14.179017,16.382769
0,-14.163801,16.382896,-14.163525,16.384497,-14.166754,16.388697
0,-14.159172,16.397711,-14.164043,16.402864,-14.164929,16.395540
0,-14.164043,16.402864,-14.159172,16.397711,-14.158788,16.403896
0,-14.159172,16.397711,-14.155272,16.401754,-14.158788,16.403896
0,-14.140664,16.366100,-14.140489,16.353477,-14.137945,16.360533
0,-14.166754,16.388697,-14.164929,16.395540,-14.174396,16.397354
0,-14.143760,16.325787,-14.128911,16.320642,-14.123137,16.333593
0,-14.147713,16.349505,-14.151839,16.345924,-14.146953,16.341459
0,-14.143760,16.325787,-14.145669,16.335465,-14.149098,16.331181
0,-14.123137,16.333593,-14.120825,16.320923,-14.115027,16.324924
0,-14.143402,16.370977,-14.150869,16.376879,-14.164698,16.365019
0,-14.151176,16.383997,-14.158849,16.381182,-14.150869,16.376879
0,-14.139627,16.369747,-14.143402,16.370977,-14.140664,16.366100
0,-14.137919,16.351585,-14.140489,16.353477,-14.147713,16.349505
0,-14.140664,16.366100,-14.147713,16.349505,-14.140489,16.353477
0,-14.130173,16.347513,-14.133400,16.351715,-14.137919,16.351585
0,-14.145669,16.335465,-14.130173,16.347513,-14.146953,16.341459
0,-14.130173,16.347513,-14.145669,16.335465,-14.123137,16.333593
0,-14.145669,16.335465,-14.143760,16.325787,-14.123137,16.333593
0,-14.130173,16.347513,-14.123137,16.333593,-14.121892,16.345955
0,-14.128911,16.320642,-14.120825,16.320923,-14.123137,16.333593
0,-14.150324,16.319506,-14.149466,16.325682,-14.152403,16.322077
0,-14.138461,16.318787,-14.131805,16.318870,-14.143760,16.325787
0,-14.149466,16.325682,-14.143760,16.325787,-14.149098,16.331181
0,-14.131805,16.318870,-14.128911,16.320642,-14.143760,16.325787
0,-14.145358,16.318480,-14.150610,16.317448,-14.146471,16.314512
0,-14.145358,16.318480,-14.150324,16.319506,-14.150610,16.317448
0,-14.145358,16.318480,-14.149466,16.325682,-14.150324,16.319506
0,-14.131805,16.318870,-14.137414,16.312799,-14.130743,16.313570
0,-14.149098,16.331181,-14.152403,16.322077,-14.149466,16.325682
