0,0,0,5,5,19,28,3,0,3,0,0,0,0,0,0,11,10,
0.0,-15.131569,15.99163
0.0,-14.89746,15.99039
0.0,-14.86228,15.990989
0.0,-14.76775,15.944112
0.0,-14.756719,15.93905
0.0,-14.66216,15.930321
0.0,-14.652071,15.920621
0.0,-14.57141,15.848381
0.0,-14.54718,15.828291
0.0,-14.53542,15.81628
0.0,-14.52678,15.806352
0.0,-14.511869,15.781379
0.0,-14.4816,15.7363
0.0,-14.375541,15.67815
0.0,-14.26619,15.617181
0.0,-14.2592,15.588011
0.0,-14.25079,15.56371
0.0,-14.261263,15.54333
0.0,-14.26219,15.534531
0.0,-14.261921,15.515541
0.0,-14.262379,15.508141
0.0,-14.264039,15.50258
0.0,-14.266899,15.499099
0.0,-14.271432,15.496549
0.0,-14.274769,15.496079
0.0,-14.280501,15.49538
0.0,-14.289569,15.496531
0.0,-14.29674,15.4986
0.0,-14.30104,15.499291
0.0,-14.30486,15.499981
0.0,-14.310829,15.500439
0.0,-14.31823,15.49788
0.0,-14.323711,15.495102
0.0,-14.328479,15.491621
0.0,-14.33515,15.484661
0.0,-14.34111,15.480021
0.0,-14.347309,15.477931
0.0,-14.35733,15.476761
0.0,-14.42583,15.46947
0.0,-14.42583,15.46623
0.0,-14.417659,15.450731
0.0,-14.409751,15.438941
0.0,-14.411649,15.434301
0.0,-14.4152,15.425501
0.0,-14.413039,15.419949
0.0,-14.408009,15.413009
0.0,-14.407519,15.409071
0.0,-14.408461,15.4056
0.0,-14.412511,15.399811
0.0,-14.41773,15.39007
0.0,-14.419619,15.38359
0.0,-14.419359,15.378032
0.0,-14.49283,15.368391
0.0,-14.499439,15.347541
0.0,-14.543499,15.185151
0.0,-14.562769,15.109401
0.0,-14.462909,15.029761
0.0,-14.4419,15.014291
0.0,-14.425201,15.005521
0.0,-14.409231,14.999301
0.0,-14.398489,14.991451
0.0,-14.38581,14.972719
0.0,-14.3822,14.95837
0.0,-14.381211,14.94379
0.0,-14.38546,14.928732
0.0,-14.387089,14.918309
0.0,-14.387561,14.916001
0.0,-14.3214,14.82628
0.0,-14.27819,14.76568
0.0,-14.306879,14.72051
0.0,-14.318961,14.701972
0.0,-14.324889,14.6934
0.0,-14.32888,14.67279
0.0,-14.336909,14.651491
0.0,-14.377761,14.630819
0.0,-14.387251,14.625721
0.0,-14.405801,14.62753
0.0,-14.412219,14.628219
0.0,-14.418869,14.625431
0.0,-14.440669,14.601081
0.0,-14.48024,14.559799
0.0,-14.577591,14.53226
0.0,-14.62295,14.525202
0.0,-14.62357,14.563161
0.0,-14.827069,14.62129
0.0,-14.844689,14.627241
0.0,-14.906151,14.695982
0.0,-14.91377,14.698273
0.0,-14.917799,14.694551
0.0,-14.94854,14.618489
0.0,-14.954949,14.617069
0.0,-15.063521,14.605231
0.0,-15.30757,14.657159
0.0,-15.35698,14.71357
0.0,-15.447699,14.815771
0.0,-15.45803,14.827511
0.0,-15.464961,14.83186
0.0,-15.471411,14.835062
0.0,-15.47547,14.83596
0.0,-15.478091,14.835941
0.0,-15.50707,14.82995
0.0,-15.52487,14.823582
0.0,-15.537011,14.82373
0.0,-15.548211,14.826191
0.0,-15.62086,14.859699
0.0,-15.6639,14.85497
0.0,-15.680781,14.852529
0.0,-15.71108,14.861089
0.0,-15.745021,14.87517
0.0,-15.762272,14.887299
0.0,-15.769499,14.89627
0.0,-15.77898,14.91657
0.0,-15.78429,14.948941
0.0,-15.799109,14.95483
0.0,-15.801441,14.97403
0.0,-15.804021,14.99438
0.0,-15.80602,15.004089
0.0,-15.821611,15.302002
0.0,-15.816321,15.321491
0.0,-15.809069,15.35952
0.0,-15.808871,15.363459
0.0,-15.80772,15.368099
0.0,-15.8014,15.38042
0.0,-15.766882,15.43697
0.0,-15.750901,15.46303
0.0,-15.676619,15.58701
0.0,-15.583911,15.744681
0.0,-15.5798,15.924742
0.0,-15.416411,15.930489
0.0,-15.41329,15.959911
0.0,-15.41164,15.993261
0.0,-15.404461,15.99377
0.0,-15.178011,15.99255
0.0,-15.164119,15.992389
0.0,-15.131569,15.99163
