0,0,0,4,1,16,17,3,0,26,0,0,0,0,1,0,10,1,
0.0,-15.437183,13.365885
0.0,-15.431371,13.36449
0.0,-15.428141,13.364889
0.0,-15.427464,13.364971
0.0,-15.422929,13.365532
0.0,-15.41538,13.36357
0.0,-15.405339,13.358227
0.0,-15.403764,13.35735
0.0,-15.390351,13.348069
0.0,-15.384302,13.343878
0.0,-15.384145,13.343766
0.0,-15.38066,13.34352
0.0,-15.37589,13.343021
0.0,-15.373392,13.342814
0.0,-15.36433,13.343759
0.0,-15.354826,13.344751
0.0,-15.354088,13.344828
0.0,-15.34926,13.346039
0.0,-15.34325,13.347641
0.0,-15.342058,13.347964
0.0,-15.340121,13.327473
0.0,-15.337591,13.306202
0.0,-15.336101,13.296499
0.0,-15.341881,13.27934
0.0,-15.345361,13.271921
0.0,-15.35141,13.259621
0.0,-15.357021,13.251958
0.0,-15.35716,13.240161
0.0,-15.356611,13.22998
0.0,-15.337101,13.209751
0.0,-15.31926,13.192521
0.0,-15.302449,13.185911
0.0,-15.277381,13.179361
0.0,-15.26862,13.175482
0.0,-15.26006,13.166042
0.0,-15.25502,13.154509
0.0,-15.25471,13.1448
0.0,-15.253701,13.135781
0.0,-15.247009,13.124719
0.0,-15.236949,13.1035
0.0,-15.231399,13.08503
0.0,-15.228938,13.07117
0.0,-15.229811,13.060759
0.0,-15.230859,13.04341
0.0,-15.225649,13.039039
0.0,-15.189931,13.024911
0.0,-15.17644,13.018281
0.0,-15.164119,13.009321
0.0,-15.163789,12.99638
0.0,-15.16927,12.96883
0.0,-15.16917,12.95449
0.0,-15.164391,12.945268
0.0,-15.126869,12.90431
0.0,-15.114999,12.890489
0.0,-15.112301,12.874549
0.0,-15.113839,12.8572
0.0,-15.1128,12.842869
0.0,-15.114999,12.818353
0.0,-15.118671,12.802611
0.0,-15.11935,12.798909
0.0,-15.120741,12.795201
0.0,-15.1249,12.782921
0.0,-15.13395,12.76276
0.0,-15.14605,12.739112
0.0,-15.15255,12.725669
0.0,-15.153448,12.718732
0.0,-15.14629,12.70443
0.0,-15.130869,12.679617
0.0,-15.151281,12.67961
0.0,-15.16447,12.67961
0.0,-15.179251,12.680791
0.0,-15.18669,12.67724
0.0,-15.19489,12.677119
0.0,-15.235181,12.659549
0.0,-15.268891,12.637991
0.0,-15.272319,12.635801
0.0,-15.289991,12.627042
0.0,-15.329831,12.61176
0.0,-15.34607,12.601411
0.0,-15.36616,12.582031
0.0,-15.37775,12.573311
0.0,-15.391399,12.563039
0.0,-15.402091,12.557129
0.0,-15.407381,12.551081
0.0,-15.42962,12.535111
0.0,-15.445827,12.525935
0.0,-15.452141,12.522359
0.0,-15.468701,12.517981
0.0,-15.471231,12.514491
0.0,-15.480801,12.5112
0.0,-15.486439,12.509261
0.0,-15.49219,12.507292
0.0,-15.49938,12.502808
0.0,-15.506389,12.50155
0.0,-15.530609,12.492922
0.0,-15.54198,12.486761
0.0,-15.544521,12.483969
0.0,-15.602349,12.45605
0.0,-15.611901,12.451439
0.0,-15.61444,12.44887
0.0,-15.627921,12.44268
0.0,-15.630909,12.439419
0.0,-15.665851,12.428301
0.0,-15.69036,12.423779
0.0,-15.7037,12.423811
0.0,-15.723581,12.42643
0.0,-15.761431,12.43211
0.0,-15.769599,12.432089
0.0,-15.779461,12.43206
0.0,-15.784641,12.43358
0.0,-15.8008,12.434252
0.0,-15.815141,12.43747
0.0,-15.861371,12.44387
0.0,-15.89203,12.44464
0.0,-15.90021,12.462559
0.0,-15.91633,12.475361
0.0,-15.918771,12.483201
0.0,-15.918051,12.504242
0.0,-15.92187,12.50976
0.0,-15.931361,12.51776
0.0,-15.940819,12.52183
0.0,-15.945599,12.52872
0.0,-15.947349,12.539111
0.0,-15.94932,12.547181
0.0,-15.952219,12.554089
0.0,-15.955809,12.559839
0.0,-15.95988,12.566041
0.0,-15.96042,12.5732
0.0,-15.95582,12.582961
0.0,-15.95193,12.593402
0.0,-15.950389,12.604041
0.0,-15.970498,12.635529
0.0,-15.97406,12.638499
0.0,-15.980711,12.643301
0.0,-15.98756,12.645772
0.0,-15.99653,12.64731
0.0,-16.0101,12.66865
0.0,-16.010709,12.678961
0.0,-16.01661,12.692271
0.0,-16.016822,12.700941
0.0,-16.012881,12.70972
0.0,-16.010531,12.71978
0.0,-16.00946,12.72716
0.0,-16.013619,12.735741
0.0,-16.017268,12.74423
0.0,-16.01673,12.756301
0.0,-16.014191,12.76299
0.0,-16.00701,12.767252
0.0,-15.99383,12.77277
0.0,-15.99057,12.775601
0.0,-15.987471,12.78497
0.0,-15.985641,12.795121
0.0,-15.989431,12.805651
0.0,-15.996359,12.820809
0.0,-15.99597,12.83022
0.0,-15.989399,12.838338
0.0,-15.98155,12.84526
0.0,-15.97579,12.85204
0.0,-15.97388,12.854741
0.0,-15.971501,12.86095
0.0,-15.972499,12.86672
0.0,-15.972041,12.86755
0.0,-15.97504,12.876771
0.0,-15.974639,12.88607
0.0,-15.974001,12.889459
0.0,-15.96826,12.897562
0.0,-15.97904,12.904581
0.0,-15.98165,12.906642
0.0,-15.98544,12.908221
0.0,-15.983619,12.91448
0.0,-15.983501,12.925351
0.0,-15.978409,12.93465
0.0,-15.97234,12.939787
0.0,-15.960431,12.95054
0.0,-15.954631,12.95985
0.0,-15.940701,12.980089
0.0,-15.930549,13.001461
0.0,-15.921581,13.023281
0.0,-15.91303,13.0407
0.0,-15.90653,13.050932
0.0,-15.899539,13.05863
0.0,-15.89161,13.06818
0.0,-15.88934,13.076073
0.0,-15.89174,13.079981
0.0,-15.900962,13.081741
0.0,-15.914662,13.083931
0.0,-15.92371,13.091719
0.0,-15.925269,13.105811
0.0,-15.9186,13.122521
0.0,-15.91091,13.13115
0.0,-15.901851,13.14511
0.0,-15.898361,13.159421
0.0,-15.887319,13.159382
0.0,-15.86646,13.159311
0.0,-15.81226,13.159099
0.0,-15.810469,13.23241
0.0,-15.810254,13.241171
0.0,-15.809949,13.25362
0.0,-15.809871,13.256831
0.0,-15.80785,13.339399
0.0,-15.807809,13.341091
0.0,-15.789769,13.339762
0.0,-15.76665,13.338052
0.0,-15.74676,13.342301
0.0,-15.73177,13.345501
0.0,-15.72496,13.345601
0.0,-15.690178,13.357626
0.0,-15.688049,13.35836
0.0,-15.670901,13.358389
0.0,-15.64896,13.352751
0.0,-15.625309,13.343219
0.0,-15.622969,13.342581
0.0,-15.60391,13.337421
0.0,-15.60361,13.337341
0.0,-15.587651,13.338041
0.0,-15.57293,13.343092
0.0,-15.571089,13.345879
0.0,-15.53674,13.371911
0.0,-15.52069,13.38273
0.0,-15.510429,13.387022
0.0,-15.50078,13.38624
0.0,-15.48109,13.379847
0.0,-15.47738,13.37871
0.0,-15.474861,13.377949
0.0,-15.471851,13.37695
0.0,-15.46959,13.376189
0.0,-15.468329,13.376034
0.0,-15.463224,13.37569
0.0,-15.463051,13.375681
0.0,-15.461139,13.375551
0.0,-15.460835,13.375382
0.0,-15.455131,13.37223
0.0,-15.453649,13.371412
0.0,-15.448578,13.36862
0.0,-15.437666,13.365999
0.0,-15.437183,13.365885
