0,0,0,9,4,27,19,1,0,29,0,0,0,2,1,0,21,28,
0.0,-16.822915,14.15486
0.0,-16.822915,14.154582
0.0,-16.822083,14.154582
0.0,-16.822083,14.154029
0.0,-16.821805,14.154029
0.0,-16.821805,14.153751
0.0,-16.822083,14.153751
0.0,-16.822083,14.153472
0.0,-16.821805,14.153472
0.0,-16.821805,14.152916
0.0,-16.821527,14.152916
0.0,-16.821527,14.152488
0.0,-16.821527,14.15236
0.0,-16.821252,14.15236
0.0,-16.821252,14.152085
0.0,-16.820973,14.152085
0.0,-16.820973,14.151806
0.0,-16.820693,14.151806
0.0,-16.820693,14.15125
0.0,-16.820417,14.15125
0.0,-16.820417,14.150972
0.0,-16.820139,14.150972
0.0,-16.820139,14.150694
0.0,-16.819864,14.150694
0.0,-16.819861,14.150138
0.0,-16.819647,14.150138
0.0,-16.819583,14.149582
0.0,-16.819861,14.149582
0.0,-16.819861,14.149862
0.0,-16.820139,14.149862
0.0,-16.820139,14.150138
0.0,-16.821252,14.150138
0.0,-16.821252,14.150416
0.0,-16.821527,14.150416
0.0,-16.821527,14.150694
0.0,-16.824862,14.150694
0.0,-16.824855,14.152638
0.0,-16.825137,14.152638
0.0,-16.825137,14.152729
0.0,-16.825137,14.153472
0.0,-16.824862,14.153472
0.0,-16.824862,14.154029
0.0,-16.824584,14.154029
0.0,-16.824584,14.154304
0.0,-16.824306,14.154304
0.0,-16.824306,14.154582
0.0,-16.824028,14.154582
0.0,-16.824028,14.15486
0.0,-16.822915,14.15486
1.0,-17.088849,14.680051
1.0,-17.07956,14.67926
1.0,-17.06062,14.68439
1.0,-17.040231,14.688151
1.0,-17.023801,14.672181
1.0,-17.01168,14.65823
1.0,-17.001369,14.652362
1.0,-16.985121,14.647721
1.0,-16.976762,14.644831
1.0,-16.970489,14.639361
1.0,-16.964181,14.63158
1.0,-16.95591,14.619191
1.0,-16.927152,14.57375
1.0,-16.91984,14.562509
1.0,-16.91559,14.54844
1.0,-16.91636,14.53732
1.0,-16.917178,14.528511
1.0,-16.914769,14.52669
1.0,-16.91004,14.527921
1.0,-16.90294,14.52963
1.0,-16.896529,14.530182
1.0,-16.88749,14.52961
1.0,-16.879629,14.528329
1.0,-16.873501,14.531419
1.0,-16.86807,14.53381
1.0,-16.859769,14.535082
1.0,-16.84882,14.533831
1.0,-16.84694,14.535478
1.0,-16.84131,14.54018
1.0,-16.8181,14.561549
1.0,-16.79563,14.584532
1.0,-16.783881,14.594182
1.0,-16.771409,14.60267
1.0,-16.767911,14.607118
1.0,-16.7656,14.611779
1.0,-16.76193,14.62062
1.0,-16.75737,14.63434
1.0,-16.755489,14.651491
1.0,-16.75038,14.660122
1.0,-16.741359,14.661161
1.0,-16.72566,14.660671
1.0,-16.709239,14.659721
1.0,-16.696681,14.663119
1.0,-16.677709,14.666599
1.0,-16.65652,14.647879
1.0,-16.64393,14.648961
1.0,-16.638909,14.6474
1.0,-16.624241,14.639681
1.0,-16.621241,14.628832
1.0,-16.608241,14.616951
1.0,-16.586049,14.611431
1.0,-16.57221,14.607661
1.0,-16.56197,14.606631
1.0,-16.54797,14.608181
1.0,-16.529841,14.603757
1.0,-16.516479,14.60021
1.0,-16.51193,14.59818
1.0,-16.522208,14.55956
1.0,-16.532989,14.519
1.0,-16.535981,14.511561
1.0,-16.54208,14.487639
1.0,-16.59355,14.446061
1.0,-16.61261,14.45023
1.0,-16.63643,14.42077
1.0,-16.66986,14.41643
1.0,-16.695471,14.39597
1.0,-16.70249,14.369001
1.0,-16.729019,14.267081
1.0,-16.755979,14.244059
1.0,-16.75492,14.236431
1.0,-16.742469,14.21206
1.0,-16.737851,14.204712
1.0,-16.731408,14.202241
1.0,-16.729241,14.19973
1.0,-16.72783,14.184241
1.0,-16.749532,14.175161
1.0,-16.757039,14.169281
1.0,-16.7593,14.16162
1.0,-16.761039,14.150949
1.0,-16.758069,14.142191
1.0,-16.75799,14.136871
1.0,-16.7771,14.129681
1.0,-16.78249,14.124981
1.0,-16.780911,14.114351
1.0,-16.773171,14.10381
1.0,-16.755619,14.086901
1.0,-16.76402,14.04491
1.0,-16.772918,14.036013
1.0,-16.772918,14.037918
1.0,-16.773196,14.037918
1.0,-16.773196,14.039028
1.0,-16.773472,14.039028
1.0,-16.773472,14.048195
1.0,-16.77375,14.048195
1.0,-16.77375,14.054305
1.0,-16.774028,14.054305
1.0,-16.774028,14.054861
1.0,-16.774306,14.054861
1.0,-16.774306,14.055417
1.0,-16.774584,14.055417
1.0,-16.774584,14.055971
1.0,-16.77486,14.055971
1.0,-16.77486,14.057083
1.0,-16.775138,14.057083
1.0,-16.775138,14.058749
1.0,-16.775418,14.058749
1.0,-16.775418,14.060696
1.0,-16.775694,14.060696
1.0,-16.775694,14.061806
1.0,-16.775972,14.061806
1.0,-16.775972,14.062362
1.0,-16.77625,14.062362
1.0,-16.77625,14.063194
1.0,-16.776528,14.063194
1.0,-16.776528,14.063472
1.0,-16.776806,14.063472
1.0,-16.776806,14.06375
1.0,-16.777082,14.06375
1.0,-16.777082,14.065416
1.0,-16.77736,14.065416
1.0,-16.77736,14.065972
1.0,-16.77764,14.065972
1.0,-16.77764,14.066806
1.0,-16.777916,14.066806
1.0,-16.777916,14.06736
1.0,-16.778194,14.06736
1.0,-16.778194,14.067916
1.0,-16.778472,14.067916
1.0,-16.778472,14.069582
1.0,-16.77875,14.069582
1.0,-16.77875,14.069862
1.0,-16.779028,14.069862
1.0,-16.779028,14.070138
1.0,-16.779306,14.070138
1.0,-16.779306,14.07125
1.0,-16.779582,14.07125
1.0,-16.779582,14.075695
1.0,-16.779862,14.075695
1.0,-16.779862,14.077083
1.0,-16.780138,14.077083
1.0,-16.780138,14.078749
1.0,-16.780416,14.078749
1.0,-16.780416,14.080139
1.0,-16.780694,14.080139
1.0,-16.780694,14.080973
1.0,-16.780972,14.080973
1.0,-16.780972,14.082083
1.0,-16.78125,14.082083
1.0,-16.78125,14.083195
1.0,-16.781528,14.083195
1.0,-16.781528,14.084583
1.0,-16.781804,14.084583
1.0,-16.781804,14.085693
1.0,-16.782085,14.085693
1.0,-16.782085,14.087084
1.0,-16.782363,14.087084
1.0,-16.782363,14.088196
1.0,-16.782638,14.088196
1.0,-16.782638,14.089306
1.0,-16.782916,14.089306
1.0,-16.782916,14.089862
1.0,-16.783195,14.089862
1.0,-16.783195,14.090694
1.0,-16.783473,14.090694
1.0,-16.783473,14.091528
1.0,-16.783751,14.091528
1.0,-16.783751,14.092084
1.0,-16.784026,14.092084
1.0,-16.784026,14.094028
1.0,-16.784304,14.094028
1.0,-16.784304,14.094584
1.0,-16.784585,14.094584
1.0,-16.784585,14.095416
1.0,-16.784861,14.095416
1.0,-16.784861,14.095972
1.0,-16.785139,14.095972
1.0,-16.785139,14.096806
1.0,-16.785417,14.096806
1.0,-16.785417,14.097362
1.0,-16.785695,14.097362
1.0,-16.785695,14.09875
1.0,-16.785973,14.09875
1.0,-16.785973,14.099585
1.0,-16.786249,14.099585
1.0,-16.786249,14.100416
1.0,-16.786527,14.100416
1.0,-16.786527,14.100973
1.0,-16.786807,14.100973
1.0,-16.786807,14.101529
1.0,-16.787083,14.101529
1.0,-16.787083,14.102083
1.0,-16.787361,14.102083
1.0,-16.787361,14.102361
1.0,-16.787639,14.102361
1.0,-16.787639,14.102917
1.0,-16.787917,14.102917
1.0,-16.787917,14.103473
1.0,-16.788195,14.103473
1.0,-16.788195,14.104305
1.0,-16.788473,14.104305
1.0,-16.788473,14.104861
1.0,-16.788749,14.104861
1.0,-16.788749,14.105139
1.0,-16.789029,14.105139
1.0,-16.789029,14.105417
1.0,-16.789305,14.105417
1.0,-16.789305,14.105973
1.0,-16.789583,14.105973
1.0,-16.789583,14.107917
1.0,-16.789861,14.107917
1.0,-16.789861,14.108751
1.0,-16.790139,14.108751
1.0,-16.790139,14.109305
1.0,-16.790417,14.109305
1.0,-16.790417,14.109861
1.0,-16.790695,14.109861
1.0,-16.790695,14.110417
1.0,-16.790971,14.110417
1.0,-16.790971,14.110973
1.0,-16.791251,14.110973
1.0,-16.791251,14.111527
1.0,-16.791529,14.111527
1.0,-16.791529,14.111805
1.0,-16.791805,14.111805
1.0,-16.791805,14.112361
1.0,-16.792083,14.112361
1.0,-16.792083,14.112918
1.0,-16.792361,14.112918
1.0,-16.792361,14.113471
1.0,-16.792639,14.113471
1.0,-16.792639,14.113749
1.0,-16.792917,14.113749
1.0,-16.792917,14.114306
1.0,-16.793193,14.114306
1.0,-16.793193,14.11625
1.0,-16.793471,14.11625
1.0,-16.793471,14.116806
1.0,-16.793751,14.116806
1.0,-16.793751,14.117084
1.0,-16.794305,14.117084
1.0,-16.794305,14.117638
1.0,-16.794583,14.117638
1.0,-16.794583,14.117918
1.0,-16.794861,14.117918
1.0,-16.794861,14.118194
1.0,-16.795139,14.118194
1.0,-16.795139,14.118472
1.0,-16.795415,14.118472
1.0,-16.795415,14.119028
1.0,-16.795693,14.119028
1.0,-16.795693,14.11986
1.0,-16.795974,14.119862
1.0,-16.795974,14.120416
1.0,-16.796249,14.120416
1.0,-16.796249,14.120694
1.0,-16.796527,14.120694
1.0,-16.796527,14.12125
1.0,-16.796806,14.12125
1.0,-16.796806,14.121528
1.0,-16.797084,14.121528
1.0,-16.797084,14.122084
1.0,-16.797362,14.122084
1.0,-16.797362,14.122916
1.0,-16.797637,14.122916
1.0,-16.797637,14.124582
1.0,-16.797915,14.124582
1.0,-16.797915,14.12486
1.0,-16.798196,14.12486
1.0,-16.798196,14.125138
1.0,-16.799306,14.125138
1.0,-16.799306,14.125694
1.0,-16.799584,14.125694
1.0,-16.799584,14.126251
1.0,-16.799862,14.126251
1.0,-16.799862,14.126529
1.0,-16.800138,14.126529
1.0,-16.800138,14.127085
1.0,-16.800418,14.127085
1.0,-16.800418,14.127638
1.0,-16.800694,14.127638
1.0,-16.800694,14.127917
1.0,-16.800972,14.127917
1.0,-16.800972,14.128473
1.0,-16.80125,14.128473
1.0,-16.80125,14.129026
1.0,-16.801528,14.129026
1.0,-16.801528,14.129583
1.0,-16.802084,14.129583
1.0,-16.802084,14.129861
1.0,-16.80236,14.129861
1.0,-16.80236,14.130417
1.0,-16.802084,14.130417
1.0,-16.802084,14.132083
1.0,-16.801806,14.132083
1.0,-16.801806,14.132917
1.0,-16.802918,14.132917
1.0,-16.802918,14.133195
1.0,-16.803472,14.133195
1.0,-16.803472,14.133473
1.0,-16.804028,14.133473
1.0,-16.804028,14.133749
1.0,-16.80486,14.133749
1.0,-16.80486,14.134027
1.0,-16.80514,14.134027
1.0,-16.80514,14.134583
1.0,-16.805416,14.134583
1.0,-16.805416,14.134861
1.0,-16.805694,14.134861
1.0,-16.805694,14.135417
1.0,-16.806528,14.135417
1.0,-16.806528,14.137083
1.0,-16.806804,14.137083
1.0,-16.806804,14.137639
1.0,-16.807082,14.137639
1.0,-16.807082,14.137917
1.0,-16.807638,14.137917
1.0,-16.807638,14.138193
1.0,-16.807916,14.138193
1.0,-16.807916,14.138474
1.0,-16.808472,14.138474
1.0,-16.808472,14.137083
1.0,-16.809029,14.137083
1.0,-16.809029,14.136805
1.0,-16.809585,14.136805
1.0,-16.809585,14.136527
1.0,-16.810138,14.136527
1.0,-16.810138,14.136805
1.0,-16.810417,14.136805
1.0,-16.810417,14.137083
1.0,-16.810973,14.137083
1.0,-16.810973,14.137361
1.0,-16.811807,14.137361
1.0,-16.811807,14.137639
1.0,-16.812639,14.137639
1.0,-16.812639,14.137917
1.0,-16.812917,14.137917
1.0,-16.812917,14.138193
1.0,-16.813195,14.138193
1.0,-16.813195,14.138474
1.0,-16.813749,14.138474
1.0,-16.813749,14.138749
1.0,-16.814027,14.138749
1.0,-16.814027,14.139027
1.0,-16.814307,14.139027
1.0,-16.814307,14.139305
1.0,-16.814861,14.139305
1.0,-16.814861,14.139583
1.0,-16.815695,14.139583
1.0,-16.815695,14.139861
1.0,-16.815971,14.139861
1.0,-16.815971,14.14014
1.0,-16.816249,14.14014
1.0,-16.816249,14.140418
1.0,-16.816529,14.140418
1.0,-16.816529,14.140696
1.0,-16.817083,14.140696
1.0,-16.817083,14.140971
1.0,-16.817361,14.140971
1.0,-16.817361,14.141528
1.0,-16.817639,14.141528
1.0,-16.817639,14.144028
1.0,-16.817917,14.144028
1.0,-16.817917,14.144862
1.0,-16.817639,14.144862
1.0,-16.817639,14.145138
1.0,-16.817361,14.145138
1.0,-16.817361,14.145694
1.0,-16.817083,14.145694
1.0,-16.817083,14.145972
1.0,-16.816529,14.145972
1.0,-16.816529,14.14625
1.0,-16.815695,14.14625
1.0,-16.815695,14.146528
1.0,-16.814583,14.146528
1.0,-16.814583,14.146806
1.0,-16.814307,14.146806
1.0,-16.814307,14.14736
1.0,-16.813749,14.14736
1.0,-16.813749,14.149306
1.0,-16.816805,14.149306
1.0,-16.816805,14.149582
1.0,-16.817361,14.149584
1.0,-16.817361,14.150694
1.0,-16.817639,14.150694
1.0,-16.817639,14.15125
1.0,-16.817917,14.15125
1.0,-16.817917,14.151806
1.0,-16.818195,14.151806
1.0,-16.818195,14.152085
1.0,-16.818471,14.152085
1.0,-16.818471,14.15236
1.0,-16.818751,14.15236
1.0,-16.818751,14.152638
1.0,-16.819027,14.152638
1.0,-16.819027,14.152916
1.0,-16.819305,14.152916
1.0,-16.819305,14.153194
1.0,-16.819583,14.153194
1.0,-16.819583,14.153472
1.0,-16.819861,14.153472
1.0,-16.819861,14.154304
1.0,-16.820139,14.154304
1.0,-16.820139,14.15486
1.0,-16.820417,14.15486
1.0,-16.820417,14.155695
1.0,-16.820139,14.155695
1.0,-16.820139,14.157361
1.0,-16.820417,14.157361
1.0,-16.820417,14.157639
1.0,-16.820693,14.157639
1.0,-16.820693,14.158195
1.0,-16.820973,14.158195
1.0,-16.820973,14.158749
1.0,-16.821252,14.158749
1.0,-16.821252,14.159029
1.0,-16.822361,14.159029
1.0,-16.822361,14.158749
1.0,-16.82264,14.158749
1.0,-16.82264,14.158473
1.0,-16.822915,14.158473
1.0,-16.822915,14.158195
1.0,-16.823474,14.158195
1.0,-16.823474,14.157917
1.0,-16.823749,14.157917
1.0,-16.823749,14.157361
1.0,-16.824028,14.157361
1.0,-16.824028,14.157083
1.0,-16.824306,14.157083
1.0,-16.824306,14.156527
1.0,-16.824584,14.156527
1.0,-16.824584,14.155973
1.0,-16.824862,14.155973
1.0,-16.824862,14.155417
1.0,-16.825137,14.155417
1.0,-16.825137,14.15486
1.0,-16.827084,14.15486
1.0,-16.827084,14.155139
1.0,-16.82736,14.155139
1.0,-16.827362,14.155417
1.0,-16.828194,14.155417
1.0,-16.828194,14.155139
1.0,-16.828472,14.155139
1.0,-16.828472,14.15486
1.0,-16.82875,14.15486
1.0,-16.82875,14.154582
1.0,-16.829028,14.154582
1.0,-16.829028,14.154029
1.0,-16.829306,14.154029
1.0,-16.829306,14.15301
1.0,-16.829306,14.15125
1.0,-16.829028,14.15125
1.0,-16.829028,14.150972
1.0,-16.82875,14.150972
1.0,-16.82875,14.150416
1.0,-16.828472,14.150416
1.0,-16.828472,14.149862
1.0,-16.828194,14.149862
1.0,-16.828194,14.149582
1.0,-16.827918,14.149582
1.0,-16.827918,14.149028
1.0,-16.827638,14.149028
1.0,-16.827638,14.147916
1.0,-16.827362,14.147916
1.0,-16.827362,14.14736
1.0,-16.827084,14.14736
1.0,-16.827084,14.147084
1.0,-16.826806,14.147084
1.0,-16.826806,14.146806
1.0,-16.82625,14.146806
1.0,-16.82625,14.145694
1.0,-16.826528,14.145694
1.0,-16.826528,14.145138
1.0,-16.82625,14.145138
1.0,-16.82625,14.144862
1.0,-16.825972,14.144862
1.0,-16.825972,14.144584
1.0,-16.825696,14.144584
1.0,-16.825696,14.144028
1.0,-16.825416,14.144028
1.0,-16.825416,14.14375
1.0,-16.825137,14.14375
1.0,-16.825137,14.143472
1.0,-16.825696,14.143472
1.0,-16.825696,14.14375
1.0,-16.82625,14.14375
1.0,-16.82625,14.144028
1.0,-16.826528,14.144028
1.0,-16.826528,14.144306
1.0,-16.826806,14.144306
1.0,-16.826806,14.144862
1.0,-16.827084,14.144862
1.0,-16.827084,14.145138
1.0,-16.827638,14.145138
1.0,-16.827638,14.14625
1.0,-16.827918,14.14625
1.0,-16.827918,14.146528
1.0,-16.828194,14.146528
1.0,-16.828194,14.146806
1.0,-16.828472,14.146806
1.0,-16.828472,14.147084
1.0,-16.82875,14.147084
1.0,-16.82875,14.14764
1.0,-16.829028,14.14764
1.0,-16.829028,14.147916
1.0,-16.829584,14.147916
1.0,-16.829584,14.148194
1.0,-16.82986,14.148194
1.0,-16.82986,14.148472
1.0,-16.830694,14.148472
1.0,-16.830694,14.149028
1.0,-16.83125,14.149028
1.0,-16.83125,14.149306
1.0,-16.831528,14.149306
1.0,-16.831528,14.149582
1.0,-16.831806,14.149584
1.0,-16.831806,14.150694
1.0,-16.832362,14.150694
1.0,-16.832362,14.150972
1.0,-16.83264,14.150972
1.0,-16.83264,14.15125
1.0,-16.833194,14.15125
1.0,-16.833194,14.151528
1.0,-16.833472,14.151528
1.0,-16.833472,14.151806
1.0,-16.83375,14.151806
1.0,-16.83375,14.152085
1.0,-16.834304,14.152085
1.0,-16.834304,14.152638
1.0,-16.834582,14.152638
1.0,-16.834582,14.153194
1.0,-16.834863,14.153194
1.0,-16.834863,14.153386
1.0,-16.834863,14.153472
1.0,-16.835143,14.153404
1.0,-16.835138,14.153751
1.0,-16.835416,14.153751
1.0,-16.835416,14.154029
1.0,-16.835694,14.154029
1.0,-16.835694,14.154304
1.0,-16.835972,14.154304
1.0,-16.835972,14.154582
1.0,-16.836251,14.154582
1.0,-16.836251,14.15486
1.0,-16.836526,14.15486
1.0,-16.836526,14.155139
1.0,-16.836804,14.155139
1.0,-16.836804,14.155417
1.0,-16.837085,14.155417
1.0,-16.837085,14.155695
1.0,-16.83736,14.155695
1.0,-16.83736,14.155973
1.0,-16.837639,14.155973
1.0,-16.837639,14.156251
1.0,-16.837917,14.156251
1.0,-16.837917,14.156527
1.0,-16.838751,14.156527
1.0,-16.838751,14.156807
1.0,-16.839027,14.156807
1.0,-16.839027,14.157083
1.0,-16.839307,14.157083
1.0,-16.839307,14.157361
1.0,-16.839861,14.157361
1.0,-16.839861,14.157639
1.0,-16.840139,14.157639
1.0,-16.840139,14.158195
1.0,-16.840695,14.158195
1.0,-16.840695,14.158473
1.0,-16.840973,14.158473
1.0,-16.840973,14.158749
1.0,-16.841249,14.158749
1.0,-16.841249,14.159305
1.0,-16.841529,14.159305
1.0,-16.841529,14.159583
1.0,-16.841807,14.159583
1.0,-16.841807,14.159861
1.0,-16.842083,14.159861
1.0,-16.842083,14.160417
1.0,-16.842639,14.160417
1.0,-16.842639,14.160695
1.0,-16.842917,14.160695
1.0,-16.842917,14.161251
1.0,-16.843195,14.161251
1.0,-16.843195,14.161527
1.0,-16.843471,14.161527
1.0,-16.843471,14.162083
1.0,-16.844029,14.162083
1.0,-16.844029,14.162361
1.0,-16.845139,14.162361
1.0,-16.845139,14.162639
1.0,-16.845417,14.162639
1.0,-16.845417,14.162917
1.0,-16.845693,14.162917
1.0,-16.845693,14.163471
1.0,-16.845971,14.163471
1.0,-16.845971,14.164027
1.0,-16.846251,14.164027
1.0,-16.846251,14.164305
1.0,-16.846527,14.164305
1.0,-16.846527,14.164583
1.0,-16.846805,14.164583
1.0,-16.846805,14.165139
1.0,-16.847083,14.165139
1.0,-16.847083,14.165417
1.0,-16.847361,14.165417
1.0,-16.847361,14.165971
1.0,-16.847639,14.165974
1.0,-16.847639,14.166527
1.0,-16.848193,14.166527
1.0,-16.848193,14.166805
1.0,-16.848474,14.166805
1.0,-16.848474,14.167083
1.0,-16.848749,14.167083
1.0,-16.848749,14.16764
1.0,-16.849027,14.16764
1.0,-16.849027,14.168196
1.0,-16.849305,14.168196
1.0,-16.849305,14.16875
1.0,-16.849583,14.16875
1.0,-16.849583,14.169306
1.0,-16.85014,14.169306
1.0,-16.85014,14.169584
1.0,-16.850415,14.169584
1.0,-16.850415,14.169862
1.0,-16.850696,14.169862
1.0,-16.850696,14.170694
1.0,-16.850974,14.170694
1.0,-16.850974,14.170972
1.0,-16.85125,14.170972
1.0,-16.85125,14.17125
1.0,-16.851528,14.17125
1.0,-16.851528,14.173194
1.0,-16.851806,14.173194
1.0,-16.851806,14.174028
1.0,-16.852084,14.174028
1.0,-16.852084,14.174584
1.0,-16.852362,14.174584
1.0,-16.852362,14.175138
1.0,-16.852638,14.175138
1.0,-16.852638,14.175416
1.0,-16.852916,14.175416
1.0,-16.852916,14.175694
1.0,-16.853196,14.175694
1.0,-16.853196,14.17625
1.0,-16.853472,14.17625
1.0,-16.853472,14.176806
1.0,-16.85375,14.176806
1.0,-16.85375,14.177362
1.0,-16.854306,14.177362
1.0,-16.854306,14.177638
1.0,-16.854584,14.177638
1.0,-16.854584,14.177916
1.0,-16.85486,14.177916
1.0,-16.85486,14.179028
1.0,-16.855138,14.179028
1.0,-16.855138,14.179306
1.0,-16.855694,14.179306
1.0,-16.855694,14.179585
1.0,-16.85625,14.179585
1.0,-16.85625,14.17986
1.0,-16.856528,14.17986
1.0,-16.856528,14.180416
1.0,-16.856806,14.180416
1.0,-16.856806,14.180694
1.0,-16.857082,14.180694
1.0,-16.857084,14.180973
1.0,-16.85736,14.180973
1.0,-16.85736,14.181251
1.0,-16.858194,14.181251
1.0,-16.858194,14.181529
1.0,-16.858472,14.181529
1.0,-16.858472,14.181807
1.0,-16.85875,14.181807
1.0,-16.85875,14.181529
1.0,-16.859306,14.181529
1.0,-16.859306,14.181807
1.0,-16.860138,14.181807
1.0,-16.860138,14.182082
1.0,-16.860416,14.182082
1.0,-16.860416,14.182361
1.0,-16.860694,14.182361
1.0,-16.860694,14.182639
1.0,-16.860972,14.182639
1.0,-16.860972,14.182917
1.0,-16.86125,14.182917
1.0,-16.86125,14.183195
1.0,-16.861804,14.183195
1.0,-16.861804,14.183473
1.0,-16.862638,14.183473
1.0,-16.862638,14.183751
1.0,-16.862916,14.183751
1.0,-16.862916,14.184027
1.0,-16.863194,14.184027
1.0,-16.863194,14.184305
1.0,-16.864026,14.184305
1.0,-16.864026,14.184583
1.0,-16.864304,14.184583
1.0,-16.864304,14.184861
1.0,-16.865139,14.184861
1.0,-16.865139,14.185139
1.0,-16.865417,14.185139
1.0,-16.865417,14.185417
1.0,-16.865695,14.185417
1.0,-16.865695,14.185695
1.0,-16.866527,14.185695
1.0,-16.866527,14.185973
1.0,-16.867083,14.185973
1.0,-16.867083,14.190417
1.0,-16.866807,14.190417
1.0,-16.866807,14.191527
1.0,-16.867083,14.191527
1.0,-16.867083,14.192083
1.0,-16.867361,14.192083
1.0,-16.867361,14.192639
1.0,-16.867639,14.192639
1.0,-16.867639,14.19514
1.0,-16.867917,14.19514
1.0,-16.867917,14.197084
1.0,-16.868195,14.197084
1.0,-16.868195,14.197362
1.0,-16.868473,14.197362
1.0,-16.868473,14.197638
1.0,-16.868195,14.197638
1.0,-16.868195,14.199028
1.0,-16.868473,14.199028
1.0,-16.868473,14.20014
1.0,-16.868749,14.20014
1.0,-16.868749,14.200694
1.0,-16.869029,14.200694
1.0,-16.869029,14.202084
1.0,-16.868749,14.202084
1.0,-16.868749,14.205694
1.0,-16.869029,14.205694
1.0,-16.869029,14.20625
1.0,-16.869305,14.20625
1.0,-16.869305,14.209861
1.0,-16.869583,14.209861
1.0,-16.869583,14.212083
1.0,-16.869861,14.212083
1.0,-16.869861,14.215417
1.0,-16.870139,14.215417
1.0,-16.870139,14.215695
1.0,-16.870417,14.215695
1.0,-16.870417,14.215971
1.0,-16.870695,14.215971
1.0,-16.870695,14.216251
1.0,-16.870971,14.216251
1.0,-16.870971,14.219027
1.0,-16.871251,14.219027
1.0,-16.871251,14.219861
1.0,-16.870971,14.219861
1.0,-16.870971,14.220971
1.0,-16.871251,14.220971
1.0,-16.871251,14.221527
1.0,-16.871529,14.221527
1.0,-16.871529,14.222362
1.0,-16.871805,14.222362
1.0,-16.871805,14.223194
1.0,-16.872083,14.223194
1.0,-16.872083,14.224028
1.0,-16.872361,14.224028
1.0,-16.872361,14.224584
1.0,-16.872639,14.224584
1.0,-16.872639,14.225138
1.0,-16.872917,14.225138
1.0,-16.872917,14.225418
1.0,-16.873193,14.225418
1.0,-16.873193,14.22625
1.0,-16.873471,14.22625
1.0,-16.873471,14.22764
1.0,-16.873751,14.22764
1.0,-16.873751,14.227916
1.0,-16.874027,14.227916
1.0,-16.874027,14.228472
1.0,-16.874305,14.228472
1.0,-16.874305,14.229862
1.0,-16.874583,14.229862
1.0,-16.874583,14.230416
1.0,-16.874861,14.230416
1.0,-16.874861,14.230972
1.0,-16.875139,14.230972
1.0,-16.875139,14.231528
1.0,-16.875415,14.231528
1.0,-16.875415,14.232084
1.0,-16.875693,14.232084
1.0,-16.875693,14.23375
1.0,-16.875974,14.23375
1.0,-16.875974,14.234304
1.0,-16.876249,14.234304
1.0,-16.876249,14.23486
1.0,-16.876527,14.23486
1.0,-16.876527,14.235417
1.0,-16.876805,14.235417
1.0,-16.876805,14.235973
1.0,-16.877084,14.235973
1.0,-16.877084,14.236526
1.0,-16.877362,14.236526
1.0,-16.877362,14.237361
1.0,-16.87764,14.237361
1.0,-16.87764,14.237639
1.0,-16.877915,14.237639
1.0,-16.877915,14.237917
1.0,-16.878196,14.237917
1.0,-16.878196,14.238751
1.0,-16.878472,14.238751
1.0,-16.878472,14.239305
1.0,-16.87875,14.239305
1.0,-16.87875,14.239583
1.0,-16.879028,14.239583
1.0,-16.879028,14.239861
1.0,-16.879306,14.239861
1.0,-16.879306,14.240139
1.0,-16.879584,14.240139
1.0,-16.879584,14.240417
1.0,-16.879862,14.240417
1.0,-16.879862,14.240973
1.0,-16.880138,14.240973
1.0,-16.880138,14.241527
1.0,-16.880418,14.241527
1.0,-16.880418,14.242083
1.0,-16.880696,14.242083
1.0,-16.880696,14.242639
1.0,-16.880972,14.242639
1.0,-16.880972,14.242917
1.0,-16.88125,14.242917
1.0,-16.88125,14.243471
1.0,-16.881528,14.243471
1.0,-16.881528,14.243749
1.0,-16.881806,14.243749
1.0,-16.881806,14.244027
1.0,-16.882084,14.244027
1.0,-16.882084,14.244305
1.0,-16.88236,14.244305
1.0,-16.88236,14.244583
1.0,-16.88264,14.244583
1.0,-16.88264,14.244861
1.0,-16.883194,14.244861
1.0,-16.883194,14.245139
1.0,-16.883472,14.245139
1.0,-16.883472,14.245693
1.0,-16.88375,14.245693
1.0,-16.88375,14.245973
1.0,-16.884028,14.245973
1.0,-16.884028,14.246249
1.0,-16.884306,14.246249
1.0,-16.884306,14.246527
1.0,-16.884582,14.246527
1.0,-16.884582,14.246805
1.0,-16.88486,14.246805
1.0,-16.88486,14.247083
1.0,-16.88514,14.247083
1.0,-16.88514,14.247361
1.0,-16.885416,14.247361
1.0,-16.885416,14.24764
1.0,-16.885694,14.24764
1.0,-16.885694,14.247915
1.0,-16.885972,14.247915
1.0,-16.885972,14.248196
1.0,-16.88625,14.248196
1.0,-16.88625,14.248471
1.0,-16.886528,14.248471
1.0,-16.886528,14.248749
1.0,-16.886804,14.248749
1.0,-16.886806,14.249028
1.0,-16.887082,14.249028
1.0,-16.887082,14.249862
1.0,-16.887362,14.249862
1.0,-16.887362,14.250418
1.0,-16.887638,14.250418
1.0,-16.887638,14.250694
1.0,-16.887916,14.250694
1.0,-16.887916,14.250972
1.0,-16.888194,14.250972
1.0,-16.888194,14.25125
1.0,-16.888472,14.25125
1.0,-16.888472,14.251528
1.0,-16.88875,14.251528
1.0,-16.88875,14.251806
1.0,-16.889028,14.251806
1.0,-16.889028,14.252084
1.0,-16.889304,14.252084
1.0,-16.889304,14.252638
1.0,-16.889585,14.252638
1.0,-16.889585,14.253194
1.0,-16.88986,14.253194
1.0,-16.889863,14.25375
1.0,-16.890138,14.25375
1.0,-16.890138,14.254028
1.0,-16.890416,14.254028
1.0,-16.890416,14.254584
1.0,-16.890695,14.254584
1.0,-16.890695,14.25486
1.0,-16.891251,14.25486
1.0,-16.891251,14.255416
1.0,-16.891526,14.255416
1.0,-16.891526,14.255694
1.0,-16.891807,14.255694
1.0,-16.891807,14.255972
1.0,-16.892085,14.255972
1.0,-16.892085,14.25625
1.0,-16.892361,14.25625
1.0,-16.892361,14.256528
1.0,-16.892917,14.256528
1.0,-16.892917,14.257082
1.0,-16.893473,14.257082
1.0,-16.893473,14.257362
1.0,-16.893749,14.257362
1.0,-16.893749,14.257638
1.0,-16.894027,14.257638
1.0,-16.894027,14.257916
1.0,-16.894307,14.257916
1.0,-16.894307,14.258194
1.0,-16.894583,14.258194
1.0,-16.894583,14.258472
1.0,-16.894861,14.258472
1.0,-16.894861,14.25875
1.0,-16.895139,14.25875
1.0,-16.895139,14.259028
1.0,-16.895417,14.259028
1.0,-16.895417,14.259306
1.0,-16.895695,14.259306
1.0,-16.895695,14.259584
1.0,-16.895971,14.259584
1.0,-16.895971,14.25986
1.0,-16.896249,14.25986
1.0,-16.896249,14.260138
1.0,-16.896529,14.260138
1.0,-16.896529,14.260416
1.0,-16.896805,14.260416
1.0,-16.896805,14.260694
1.0,-16.897083,14.260694
1.0,-16.897156,14.260972
1.0,-16.897639,14.260972
1.0,-16.897639,14.261251
1.0,-16.897917,14.261251
1.0,-16.897917,14.261529
1.0,-16.898195,14.261529
1.0,-16.898195,14.26236
1.0,-16.898471,14.26236
1.0,-16.898471,14.262639
1.0,-16.898751,14.262639
1.0,-16.898751,14.263195
1.0,-16.899027,14.263195
1.0,-16.899027,14.263473
1.0,-16.899305,14.263473
1.0,-16.899305,14.263751
1.0,-16.899583,14.263751
1.0,-16.899583,14.264305
1.0,-16.900139,14.264305
1.0,-16.900139,14.264583
1.0,-16.900417,14.264583
1.0,-16.900417,14.265139
1.0,-16.900973,14.265139
1.0,-16.900973,14.265973
1.0,-16.901251,14.265973
1.0,-16.901251,14.266805
1.0,-16.901805,14.266805
1.0,-16.901805,14.267083
1.0,-16.902083,14.267083
1.0,-16.902083,14.267361
1.0,-16.902361,14.267361
1.0,-16.902361,14.267639
1.0,-16.902639,14.267639
1.0,-16.902639,14.267917
1.0,-16.902915,14.267917
1.0,-16.902915,14.268195
1.0,-16.903193,14.268195
1.0,-16.903193,14.269861
1.0,-16.903474,14.269861
1.0,-16.903474,14.270417
1.0,-16.903749,14.270417
1.0,-16.903749,14.270695
1.0,-16.904027,14.270695
1.0,-16.904027,14.270973
1.0,-16.904306,14.270973
1.0,-16.904306,14.271249
1.0,-16.904584,14.271249
1.0,-16.904584,14.271527
1.0,-16.904862,14.271527
1.0,-16.904862,14.271805
1.0,-16.905137,14.271805
1.0,-16.905137,14.272083
1.0,-16.905415,14.272083
1.0,-16.905415,14.272639
1.0,-16.905696,14.272639
1.0,-16.905696,14.273471
1.0,-16.905972,14.273471
1.0,-16.905972,14.274027
1.0,-16.90625,14.274027
1.0,-16.90625,14.274305
1.0,-16.906806,14.274305
1.0,-16.906806,14.274583
1.0,-16.907084,14.274583
1.0,-16.907084,14.274862
1.0,-16.907362,14.274862
1.0,-16.907362,14.27514
1.0,-16.907638,14.27514
1.0,-16.907638,14.275415
1.0,-16.907918,14.275415
1.0,-16.907918,14.275696
1.0,-16.908194,14.275696
1.0,-16.908194,14.275971
1.0,-16.908472,14.275971
1.0,-16.908472,14.276528
1.0,-16.90875,14.276528
1.0,-16.90875,14.276806
1.0,-16.909028,14.276806
1.0,-16.909028,14.277362
1.0,-16.909306,14.277362
1.0,-16.909306,14.277638
1.0,-16.90986,14.27764
1.0,-16.90986,14.278194
1.0,-16.91014,14.278194
1.0,-16.91014,14.27875
1.0,-16.910418,14.27875
1.0,-16.910418,14.279306
1.0,-16.910694,14.279306
1.0,-16.910694,14.279862
1.0,-16.910972,14.279862
1.0,-16.910972,14.28014
1.0,-16.91125,14.28014
1.0,-16.91125,14.280416
1.0,-16.911528,14.280416
1.0,-16.911528,14.280694
1.0,-16.911806,14.280694
1.0,-16.911806,14.280972
1.0,-16.912082,14.280972
1.0,-16.912082,14.281528
1.0,-16.91264,14.281528
1.0,-16.91264,14.28236
1.0,-16.913472,14.28236
1.0,-16.913472,14.282638
1.0,-16.914028,14.282638
1.0,-16.914028,14.283194
1.0,-16.914304,14.283194
1.0,-16.914304,14.284306
1.0,-16.915138,14.284306
1.0,-16.915138,14.284582
1.0,-16.915694,14.284582
1.0,-16.915694,14.284862
1.0,-16.916804,14.284862
1.0,-16.916804,14.285138
1.0,-16.91736,14.285138
1.0,-16.91736,14.285416
1.0,-16.918751,14.285416
1.0,-16.918751,14.285694
1.0,-16.920695,14.285694
1.0,-16.920695,14.285972
1.0,-16.921249,14.285972
1.0,-16.921249,14.28625
1.0,-16.922083,14.28625
1.0,-16.922083,14.286528
1.0,-16.924305,14.286528
1.0,-16.924305,14.28625
1.0,-16.928749,14.28625
1.0,-16.928749,14.285972
1.0,-16.929027,14.285972
1.0,-16.929027,14.285694
1.0,-16.929305,14.285694
1.0,-16.929305,14.28736
1.0,-16.929583,14.28736
1.0,-16.929583,14.289029
1.0,-16.929305,14.289029
1.0,-16.929305,14.289307
1.0,-16.929027,14.289307
1.0,-16.929027,14.289582
1.0,-16.928749,14.289582
1.0,-16.928749,14.289861
1.0,-16.927917,14.289861
1.0,-16.927917,14.290139
1.0,-16.927083,14.290139
1.0,-16.927083,14.290417
1.0,-16.926805,14.290417
1.0,-16.926805,14.290695
1.0,-16.927083,14.290695
1.0,-16.927083,14.290973
1.0,-16.927361,14.290973
1.0,-16.927361,14.291251
1.0,-16.927639,14.291251
1.0,-16.927639,14.291529
1.0,-16.928473,14.291529
1.0,-16.928473,14.291251
1.0,-16.929027,14.291251
1.0,-16.929027,14.290973
1.0,-16.930415,14.290973
1.0,-16.930415,14.291251
1.0,-16.931249,14.291251
1.0,-16.931249,14.292083
1.0,-16.930974,14.292083
1.0,-16.930974,14.292639
1.0,-16.930696,14.292639
1.0,-16.930696,14.294027
1.0,-16.930974,14.294029
1.0,-16.930974,14.294305
1.0,-16.931528,14.294305
1.0,-16.931528,14.295139
1.0,-16.931806,14.295139
1.0,-16.931806,14.300139
1.0,-16.932084,14.300139
1.0,-16.932084,14.301527
1.0,-16.932362,14.301527
1.0,-16.932362,14.306528
1.0,-16.932637,14.306528
1.0,-16.932637,14.308194
1.0,-16.932916,14.308194
1.0,-16.932916,14.31375
1.0,-16.932637,14.31375
1.0,-16.932637,14.314304
1.0,-16.932916,14.314304
1.0,-16.932916,14.314585
1.0,-16.932637,14.314585
1.0,-16.932637,14.315138
1.0,-16.932362,14.315138
1.0,-16.932362,14.320695
1.0,-16.932084,14.320695
1.0,-16.932084,14.323749
1.0,-16.931806,14.323749
1.0,-16.931806,14.324305
1.0,-16.931528,14.324305
1.0,-16.931528,14.327083
1.0,-16.931249,14.327083
1.0,-16.931249,14.327918
1.0,-16.930974,14.327918
1.0,-16.930974,14.329027
1.0,-16.930696,14.329027
1.0,-16.930696,14.329862
1.0,-16.930415,14.329862
1.0,-16.930415,14.339028
1.0,-16.930696,14.339028
1.0,-16.930696,14.339306
1.0,-16.930974,14.339306
1.0,-16.930974,14.339584
1.0,-16.931249,14.339584
1.0,-16.931249,14.341529
1.0,-16.931528,14.341529
1.0,-16.931528,14.343473
1.0,-16.931806,14.343473
1.0,-16.931806,14.344307
1.0,-16.932084,14.344307
1.0,-16.932084,14.345695
1.0,-16.932362,14.345695
1.0,-16.932362,14.345973
1.0,-16.932637,14.345973
1.0,-16.932637,14.348473
1.0,-16.932916,14.348473
1.0,-16.932916,14.349027
1.0,-16.933196,14.349027
1.0,-16.933196,14.351249
1.0,-16.933472,14.351249
1.0,-16.933472,14.352083
1.0,-16.93375,14.352083
1.0,-16.93375,14.352917
1.0,-16.934028,14.352917
1.0,-16.934028,14.353193
1.0,-16.934306,14.353193
1.0,-16.934306,14.353471
1.0,-16.934584,14.353473
1.0,-16.934584,14.35514
1.0,-16.93486,14.35514
1.0,-16.93486,14.355415
1.0,-16.935138,14.355415
1.0,-16.935138,14.355971
1.0,-16.935418,14.355971
1.0,-16.935418,14.356528
1.0,-16.935694,14.356528
1.0,-16.935694,14.357084
1.0,-16.935972,14.357084
1.0,-16.935972,14.357362
1.0,-16.936528,14.357362
1.0,-16.936528,14.35875
1.0,-16.935972,14.35875
1.0,-16.935972,14.359862
1.0,-16.93625,14.359862
1.0,-16.93625,14.36014
1.0,-16.93736,14.36014
1.0,-16.93736,14.360416
1.0,-16.93764,14.360416
1.0,-16.93764,14.360694
1.0,-16.937916,14.360694
1.0,-16.937916,14.36125
1.0,-16.938472,14.36125
1.0,-16.938472,14.361528
1.0,-16.93875,14.361528
1.0,-16.93875,14.361806
1.0,-16.939306,14.361806
1.0,-16.939306,14.362084
1.0,-16.939582,14.362084
1.0,-16.939582,14.36236
1.0,-16.939862,14.36236
1.0,-16.939862,14.362638
1.0,-16.94014,14.362638
1.0,-16.94014,14.362916
1.0,-16.940694,14.362916
1.0,-16.940694,14.363194
1.0,-16.940972,14.363194
1.0,-16.940972,14.36375
1.0,-16.941528,14.36375
1.0,-16.941528,14.364028
1.0,-16.941804,14.364028
1.0,-16.941804,14.364306
1.0,-16.942084,14.364306
1.0,-16.942084,14.364582
1.0,-16.942638,14.364582
1.0,-16.942638,14.364862
1.0,-16.942916,14.364862
1.0,-16.942916,14.365416
1.0,-16.943751,14.365416
1.0,-16.943751,14.365694
1.0,-16.944026,14.365694
1.0,-16.944026,14.369029
1.0,-16.944304,14.369029
1.0,-16.944304,14.369582
1.0,-16.944585,14.369582
1.0,-16.944585,14.36986
1.0,-16.94486,14.36986
1.0,-16.94486,14.370417
1.0,-16.944585,14.370417
1.0,-16.944585,14.370973
1.0,-16.944304,14.370973
1.0,-16.944304,14.371251
1.0,-16.944585,14.371251
1.0,-16.944585,14.373473
1.0,-16.945139,14.373473
1.0,-16.945139,14.374861
1.0,-16.945417,14.374861
1.0,-16.945417,14.375417
1.0,-16.945695,14.375417
1.0,-16.945695,14.375971
1.0,-16.945973,14.375971
1.0,-16.945973,14.376527
1.0,-16.946251,14.376527
1.0,-16.946251,14.376805
1.0,-16.946527,14.376805
1.0,-16.946527,14.377639
1.0,-16.946807,14.377639
1.0,-16.946807,14.378195
1.0,-16.947083,14.378195
1.0,-16.947083,14.378473
1.0,-16.947361,14.378473
1.0,-16.947361,14.379027
1.0,-16.947639,14.379027
1.0,-16.947639,14.379861
1.0,-16.948749,14.379861
1.0,-16.948749,14.381249
1.0,-16.949305,14.381249
1.0,-16.949307,14.382362
1.0,-16.949861,14.382362
1.0,-16.949861,14.38264
1.0,-16.950139,14.38264
1.0,-16.950139,14.383193
1.0,-16.950417,14.383196
1.0,-16.950417,14.383471
1.0,-16.950695,14.383471
1.0,-16.950695,14.38375
1.0,-16.950971,14.38375
1.0,-16.950971,14.384028
1.0,-16.951251,14.384028
1.0,-16.951251,14.384306
1.0,-16.952361,14.384306
1.0,-16.952361,14.384584
1.0,-16.952639,14.384584
1.0,-16.952639,14.384862
1.0,-16.953193,14.384862
1.0,-16.953193,14.385138
1.0,-16.954027,14.385138
1.0,-16.954027,14.385418
1.0,-16.954583,14.385418
1.0,-16.954583,14.385694
1.0,-16.955139,14.385694
1.0,-16.955139,14.385972
1.0,-16.955415,14.385972
1.0,-16.955415,14.38625
1.0,-16.955693,14.38625
1.0,-16.955693,14.386806
1.0,-16.955974,14.386806
1.0,-16.955974,14.387362
1.0,-16.956527,14.387362
1.0,-16.956527,14.38764
1.0,-16.956805,14.38764
1.0,-16.956805,14.388194
1.0,-16.957083,14.388194
1.0,-16.957083,14.389028
1.0,-16.957362,14.389028
1.0,-16.957362,14.389862
1.0,-16.957915,14.389862
1.0,-16.957915,14.390138
1.0,-16.958196,14.390138
1.0,-16.958196,14.390972
1.0,-16.958471,14.390972
1.0,-16.958471,14.391528
1.0,-16.95875,14.391528
1.0,-16.95875,14.391806
1.0,-16.959028,14.391806
1.0,-16.959028,14.393194
1.0,-16.959306,14.393194
1.0,-16.959306,14.39486
1.0,-16.959584,14.39486
1.0,-16.959584,14.395416
1.0,-16.959862,14.395416
1.0,-16.959862,14.395973
1.0,-16.960138,14.395973
1.0,-16.960138,14.397082
1.0,-16.960418,14.397082
1.0,-16.960418,14.397639
1.0,-16.961806,14.397639
1.0,-16.961806,14.397917
1.0,-16.962084,14.397917
1.0,-16.962084,14.398195
1.0,-16.96236,14.398195
1.0,-16.96236,14.399029
1.0,-16.962638,14.399029
1.0,-16.962638,14.399305
1.0,-16.962918,14.399305
1.0,-16.962918,14.399861
1.0,-16.963472,14.399861
1.0,-16.963472,14.400417
1.0,-16.96375,14.400417
1.0,-16.96375,14.401251
1.0,-16.964306,14.401251
1.0,-16.964306,14.401805
1.0,-16.964582,14.401805
1.0,-16.964582,14.402083
1.0,-16.96486,14.402083
1.0,-16.96486,14.402361
1.0,-16.96514,14.402361
1.0,-16.96514,14.402639
1.0,-16.965694,14.402639
1.0,-16.965694,14.403195
1.0,-16.96625,14.403195
1.0,-16.96625,14.403751
1.0,-16.966528,14.403751
1.0,-16.966528,14.404305
1.0,-16.966806,14.404305
1.0,-16.966806,14.404583
1.0,-16.967082,14.404583
1.0,-16.967082,14.404861
1.0,-16.967362,14.404861
1.0,-16.967362,14.405139
1.0,-16.967916,14.405139
1.0,-16.967916,14.405417
1.0,-16.968194,14.405417
1.0,-16.968194,14.405693
1.0,-16.968472,14.405693
1.0,-16.968472,14.405973
1.0,-16.96875,14.405973
1.0,-16.96875,14.406249
1.0,-16.969304,14.406249
1.0,-16.969304,14.406527
1.0,-16.969863,14.406527
1.0,-16.969863,14.406805
1.0,-16.970416,14.406805
1.0,-16.970416,14.407083
1.0,-16.970694,14.407083
1.0,-16.970694,14.407361
1.0,-16.971526,14.407361
1.0,-16.971526,14.407639
1.0,-16.972085,14.407639
1.0,-16.972085,14.408196
1.0,-16.974027,14.408196
1.0,-16.974027,14.408471
1.0,-16.974861,14.408471
1.0,-16.974861,14.408749
1.0,-16.975695,14.408749
1.0,-16.975695,14.409027
1.0,-16.976249,14.409027
1.0,-16.976249,14.409305
1.0,-16.976529,14.409305
1.0,-16.976529,14.409584
1.0,-16.976805,14.409584
1.0,-16.976805,14.409862
1.0,-16.977083,14.409862
1.0,-16.977083,14.410418
1.0,-16.977361,14.410418
1.0,-16.977361,14.410693
1.0,-16.977639,14.410693
1.0,-16.977639,14.410972
1.0,-16.977917,14.410972
1.0,-16.977917,14.41125
1.0,-16.978195,14.41125
1.0,-16.978195,14.411528
1.0,-16.978471,14.411528
1.0,-16.978471,14.411806
1.0,-16.978751,14.411806
1.0,-16.978751,14.412084
1.0,-16.979029,14.412084
1.0,-16.979029,14.412362
1.0,-16.979305,14.412362
1.0,-16.979305,14.412918
1.0,-16.979583,14.412918
1.0,-16.979583,14.413194
1.0,-16.979861,14.413194
1.0,-16.979861,14.413472
1.0,-16.980139,14.413472
1.0,-16.980139,14.41375
1.0,-16.980417,14.41375
1.0,-16.980417,14.414028
1.0,-16.980693,14.414028
1.0,-16.980693,14.414584
1.0,-16.980973,14.414584
1.0,-16.980973,14.41486
1.0,-16.981251,14.41486
1.0,-16.981251,14.41514
1.0,-16.981527,14.41514
1.0,-16.981527,14.415416
1.0,-16.983193,14.415416
1.0,-16.983193,14.41514
1.0,-16.983474,14.41514
1.0,-16.983474,14.41486
1.0,-16.983749,14.41486
1.0,-16.983749,14.41514
1.0,-16.984027,14.41514
1.0,-16.984027,14.415416
1.0,-16.984305,14.415416
1.0,-16.984305,14.415694
1.0,-16.984584,14.415694
1.0,-16.984584,14.415972
1.0,-16.984862,14.415972
1.0,-16.984862,14.41625
1.0,-16.985137,14.41625
1.0,-16.985137,14.416528
1.0,-16.985415,14.416528
1.0,-16.985415,14.416806
1.0,-16.985696,14.416806
1.0,-16.985696,14.417084
1.0,-16.986528,14.417084
1.0,-16.986528,14.418194
1.0,-16.987084,14.418194
1.0,-16.987084,14.417916
1.0,-16.987362,14.417916
1.0,-16.987362,14.418472
1.0,-16.987638,14.418472
1.0,-16.987638,14.41875
1.0,-16.987918,14.41875
1.0,-16.987918,14.419028
1.0,-16.988194,14.419028
1.0,-16.988194,14.419306
1.0,-16.988472,14.419306
1.0,-16.988472,14.419584
1.0,-16.989306,14.419584
1.0,-16.989306,14.420138
1.0,-16.989584,14.420138
1.0,-16.989584,14.420416
1.0,-16.98986,14.420416
1.0,-16.98986,14.420694
1.0,-16.99014,14.420694
1.0,-16.99014,14.420972
1.0,-16.990418,14.420972
1.0,-16.990418,14.42125
1.0,-16.990694,14.42125
1.0,-16.990694,14.421528
1.0,-16.990972,14.421528
1.0,-16.990972,14.421804
1.0,-16.99125,14.421804
1.0,-16.99125,14.42236
1.0,-16.99264,14.42236
1.0,-16.99264,14.422638
1.0,-16.992916,14.422638
1.0,-16.992916,14.422916
1.0,-16.993472,14.422916
1.0,-16.993472,14.423195
1.0,-16.994304,14.423195
1.0,-16.994304,14.423751
1.0,-16.994582,14.423751
1.0,-16.994582,14.424026
1.0,-16.995138,14.424026
1.0,-16.995138,14.424307
1.0,-16.995416,14.424307
1.0,-16.995416,14.424861
1.0,-16.995694,14.424861
1.0,-16.995694,14.425139
1.0,-16.995972,14.425139
1.0,-16.995972,14.425417
1.0,-16.99625,14.425417
1.0,-16.99625,14.425695
1.0,-16.996528,14.425695
1.0,-16.996528,14.426251
1.0,-16.996804,14.426251
1.0,-16.996804,14.426529
1.0,-16.997085,14.426529
1.0,-16.997085,14.427083
1.0,-16.99736,14.427083
1.0,-16.99736,14.427639
1.0,-16.997638,14.427639
1.0,-16.997638,14.427917
1.0,-16.997916,14.427917
1.0,-16.997916,14.428195
1.0,-16.998195,14.428195
1.0,-16.998195,14.428473
1.0,-16.998751,14.428473
1.0,-16.998751,14.429307
1.0,-16.999026,14.429307
1.0,-16.999026,14.429583
1.0,-16.999307,14.429583
1.0,-16.999307,14.430139
1.0,-16.999585,14.430139
1.0,-16.999585,14.430417
1.0,-16.999861,14.430417
1.0,-17.000417,14.430417
1.0,-17.000417,14.430973
1.0,-17.000695,14.430973
1.0,-17.000695,14.431527
1.0,-17.000973,14.431527
1.0,-17.000973,14.431805
1.0,-17.001249,14.431805
1.0,-17.001249,14.432083
1.0,-17.001529,14.432083
1.0,-17.001529,14.432361
1.0,-17.001807,14.432361
1.0,-17.001807,14.432917
1.0,-17.002083,14.432917
1.0,-17.002083,14.433193
1.0,-17.002361,14.433193
1.0,-17.002361,14.433473
1.0,-17.002639,14.433473
1.0,-17.002639,14.433749
1.0,-17.002917,14.433749
1.0,-17.002917,14.434027
1.0,-17.003195,14.434027
1.0,-17.003195,14.434305
1.0,-17.003749,14.434305
1.0,-17.003749,14.434583
1.0,-17.004029,14.434583
1.0,-17.004029,14.434861
1.0,-17.004305,14.434861
1.0,-17.004305,14.435139
1.0,-17.004861,14.435139
1.0,-17.004861,14.435415
1.0,-17.005139,14.435415
1.0,-17.005139,14.435696
1.0,-17.005695,14.435696
1.0,-17.005695,14.435971
1.0,-17.005971,14.435971
1.0,-17.005971,14.436249
1.0,-17.006251,14.436249
1.0,-17.006251,14.436527
1.0,-17.006805,14.436527
1.0,-17.006805,14.436806
1.0,-17.007083,14.436806
1.0,-17.007083,14.437084
1.0,-17.007639,14.437084
1.0,-17.007639,14.437362
1.0,-17.008473,14.437362
1.0,-17.008473,14.43764
1.0,-17.009027,14.43764
1.0,-17.009027,14.437918
1.0,-17.009861,14.437918
1.0,-17.009861,14.438194
1.0,-17.011249,14.438194
1.0,-17.011249,14.437918
1.0,-17.011806,14.437918
1.0,-17.011806,14.43764
1.0,-17.012084,14.43764
1.0,-17.012084,14.437362
1.0,-17.012637,14.437362
1.0,-17.012637,14.437084
1.0,-17.013196,14.437084
1.0,-17.013196,14.437362
1.0,-17.01375,14.437362
1.0,-17.01375,14.43764
1.0,-17.014028,14.43764
1.0,-17.014028,14.437918
1.0,-17.014306,14.437918
1.0,-17.014306,14.438194
1.0,-17.01486,14.438194
1.0,-17.014862,14.438472
1.0,-17.015138,14.438472
1.0,-17.015138,14.43875
1.0,-17.015694,14.43875
1.0,-17.015694,14.439028
1.0,-17.015972,14.439028
1.0,-17.015972,14.439306
1.0,-17.01625,14.439306
1.0,-17.01625,14.439584
1.0,-17.016806,14.439584
1.0,-17.016806,14.439862
1.0,-17.017084,14.439862
1.0,-17.017084,14.44014
1.0,-17.019862,14.44014
1.0,-17.019862,14.440416
1.0,-17.020416,14.440416
1.0,-17.020416,14.440694
1.0,-17.020972,14.440694
1.0,-17.020972,14.440972
1.0,-17.021804,14.440972
1.0,-17.021804,14.44125
1.0,-17.022362,14.44125
1.0,-17.022362,14.441528
1.0,-17.022916,14.441528
1.0,-17.022916,14.441806
1.0,-17.023194,14.441806
1.0,-17.023194,14.44236
1.0,-17.023472,14.44236
1.0,-17.023472,14.44264
1.0,-17.02375,14.44264
1.0,-17.02375,14.443194
1.0,-17.024026,14.443194
1.0,-17.024026,14.44375
1.0,-17.024304,14.44375
1.0,-17.024304,14.444028
1.0,-17.024585,14.444028
1.0,-17.024585,14.444306
1.0,-17.02486,14.444306
1.0,-17.02486,14.444582
1.0,-17.025138,14.444582
1.0,-17.025138,14.444862
1.0,-17.025417,14.444862
1.0,-17.025417,14.445138
1.0,-17.025695,14.445138
1.0,-17.025695,14.445416
1.0,-17.025973,14.445416
1.0,-17.025973,14.445972
1.0,-17.026251,14.445972
1.0,-17.026251,14.44625
1.0,-17.026526,14.44625
1.0,-17.026526,14.446528
1.0,-17.026807,14.446528
1.0,-17.026807,14.446806
1.0,-17.027083,14.446806
1.0,-17.027083,14.447084
1.0,-17.027361,14.447084
1.0,-17.027361,14.44736
1.0,-17.027639,14.44736
1.0,-17.027639,14.447638
1.0,-17.028195,14.447638
1.0,-17.028195,14.447916
1.0,-17.028749,14.447916
1.0,-17.028749,14.448194
1.0,-17.029307,14.448194
1.0,-17.029307,14.448472
1.0,-17.031251,14.448472
1.0,-17.031251,14.448194
1.0,-17.032083,14.448194
1.0,-17.032083,14.447638
1.0,-17.034861,14.447638
1.0,-17.034861,14.44736
1.0,-17.035139,14.44736
1.0,-17.035139,14.447084
1.0,-17.035973,14.447084
1.0,-17.035973,14.447638
1.0,-17.036249,14.447638
1.0,-17.036249,14.448194
1.0,-17.036805,14.448194
1.0,-17.036805,14.448472
1.0,-17.03764,14.448472
1.0,-17.03764,14.44875
1.0,-17.038474,14.44875
1.0,-17.038474,14.449029
1.0,-17.040137,14.449029
1.0,-17.040137,14.44875
1.0,-17.040972,14.44875
1.0,-17.040972,14.448472
1.0,-17.042084,14.448472
1.0,-17.042084,14.44875
1.0,-17.04236,14.44875
1.0,-17.04236,14.449029
1.0,-17.044306,14.449029
1.0,-17.044306,14.449307
1.0,-17.048194,14.449307
1.0,-17.048194,14.449582
1.0,-17.048472,14.449582
1.0,-17.048472,14.44986
1.0,-17.049028,14.44986
1.0,-17.049028,14.450138
1.0,-17.049304,14.450138
1.0,-17.049304,14.450417
1.0,-17.049863,14.450417
1.0,-17.049863,14.450695
1.0,-17.050138,14.450695
1.0,-17.050138,14.450973
1.0,-17.050972,14.450973
1.0,-17.050972,14.451251
1.0,-17.051807,14.451251
1.0,-17.051807,14.451526
1.0,-17.053195,14.451526
1.0,-17.053195,14.452083
1.0,-17.053748,14.452083
1.0,-17.053748,14.452361
1.0,-17.054307,14.452361
1.0,-17.054307,14.452639
1.0,-17.054583,14.452639
1.0,-17.054583,14.452917
1.0,-17.055139,14.452917
1.0,-17.055139,14.453195
1.0,-17.055695,14.453195
1.0,-17.055695,14.453473
1.0,-17.055973,14.453473
1.0,-17.055973,14.453749
1.0,-17.056249,14.453749
1.0,-17.056249,14.454305
1.0,-17.056529,14.454305
1.0,-17.056529,14.454583
1.0,-17.057083,14.454583
1.0,-17.057083,14.454861
1.0,-17.057639,14.454861
1.0,-17.057639,14.455139
1.0,-17.057917,14.455139
1.0,-17.057917,14.455417
1.0,-17.058195,14.455417
1.0,-17.058195,14.457639
1.0,-17.058471,14.457639
1.0,-17.058471,14.458473
1.0,-17.058751,14.458473
1.0,-17.058751,14.459029
1.0,-17.059029,14.459029
1.0,-17.059029,14.459583
1.0,-17.059305,14.459583
1.0,-17.059305,14.460139
1.0,-17.059583,14.460139
1.0,-17.059583,14.461249
1.0,-17.059861,14.461249
1.0,-17.059861,14.462361
1.0,-17.060139,14.462361
1.0,-17.060139,14.463196
1.0,-17.060417,14.463196
1.0,-17.060417,14.464028
1.0,-17.060693,14.464028
1.0,-17.060693,14.464862
1.0,-17.060973,14.464862
1.0,-17.060973,14.465418
1.0,-17.061251,14.465418
1.0,-17.061251,14.465972
1.0,-17.061527,14.465972
1.0,-17.061527,14.467362
1.0,-17.061805,14.467362
1.0,-17.061805,14.46764
1.0,-17.062083,14.46764
1.0,-17.062083,14.468194
1.0,-17.062361,14.468194
1.0,-17.062361,14.468472
1.0,-17.062639,14.468472
1.0,-17.062639,14.46875
1.0,-17.062915,14.46875
1.0,-17.062915,14.469028
1.0,-17.063193,14.469028
1.0,-17.063193,14.469584
1.0,-17.063474,14.469584
1.0,-17.063474,14.469862
1.0,-17.063749,14.469862
1.0,-17.063749,14.470138
1.0,-17.064027,14.470138
1.0,-17.064027,14.470416
1.0,-17.064305,14.470416
1.0,-17.064305,14.470972
1.0,-17.064583,14.470972
1.0,-17.064583,14.47125
1.0,-17.064862,14.47125
1.0,-17.064862,14.471528
1.0,-17.065696,14.471528
1.0,-17.065696,14.471806
1.0,-17.066528,14.471806
1.0,-17.066528,14.472082
1.0,-17.067084,14.472082
1.0,-17.067084,14.472362
1.0,-17.067918,14.472362
1.0,-17.067918,14.472638
1.0,-17.069584,14.472638
1.0,-17.069584,14.472362
1.0,-17.07014,14.472362
1.0,-17.07014,14.472082
1.0,-17.070972,14.472082
1.0,-17.070972,14.472362
1.0,-17.071528,14.472362
1.0,-17.071528,14.472638
1.0,-17.071806,14.472638
1.0,-17.071806,14.472916
1.0,-17.072082,14.472916
1.0,-17.072082,14.473194
1.0,-17.07236,14.473194
1.0,-17.07236,14.47375
1.0,-17.07264,14.47375
1.0,-17.07264,14.474028
1.0,-17.072916,14.474028
1.0,-17.072916,14.474304
1.0,-17.073194,14.474304
1.0,-17.073194,14.47486
1.0,-17.073472,14.47486
1.0,-17.073472,14.475138
1.0,-17.07375,14.475138
1.0,-17.07375,14.475416
1.0,-17.074028,14.475416
1.0,-17.074028,14.475972
1.0,-17.074304,14.475972
1.0,-17.074306,14.476251
1.0,-17.074582,14.476251
1.0,-17.074582,14.476529
1.0,-17.074862,14.476529
1.0,-17.074862,14.477082
1.0,-17.075138,14.477082
1.0,-17.075138,14.47736
1.0,-17.075416,14.47736
1.0,-17.075416,14.477639
1.0,-17.075694,14.477639
1.0,-17.075694,14.477917
1.0,-17.07625,14.477917
1.0,-17.07625,14.478195
1.0,-17.076528,14.478195
1.0,-17.076528,14.478473
1.0,-17.076804,14.478473
1.0,-17.076804,14.479305
1.0,-17.077085,14.479305
1.0,-17.077085,14.479583
1.0,-17.077638,14.479583
1.0,-17.077638,14.479861
1.0,-17.077916,14.479861
1.0,-17.077916,14.481249
1.0,-17.078194,14.481249
1.0,-17.078194,14.481805
1.0,-17.078473,14.481805
1.0,-17.078473,14.482639
1.0,-17.078751,14.482639
1.0,-17.078751,14.484861
1.0,-17.079026,14.484861
1.0,-17.079026,14.485695
1.0,-17.079307,14.485695
1.0,-17.079307,14.485973
1.0,-17.079585,14.485973
1.0,-17.079585,14.486249
1.0,-17.079861,14.486249
1.0,-17.079861,14.486527
1.0,-17.080139,14.486527
1.0,-17.080139,14.486805
1.0,-17.080417,14.486805
1.0,-17.080417,14.487083
1.0,-17.080973,14.487083
1.0,-17.080973,14.487361
1.0,-17.081807,14.487361
1.0,-17.081807,14.487639
1.0,-17.082361,14.487639
1.0,-17.082361,14.487917
1.0,-17.083195,14.487917
1.0,-17.083195,14.488195
1.0,-17.083749,14.488195
1.0,-17.083749,14.488752
1.0,-17.084029,14.488752
1.0,-17.084029,14.489305
1.0,-17.084305,14.489305
1.0,-17.084305,14.489583
1.0,-17.084861,14.489583
1.0,-17.084861,14.489862
1.0,-17.085139,14.489862
1.0,-17.085139,14.49014
1.0,-17.086251,14.49014
1.0,-17.086251,14.490418
1.0,-17.086527,14.490418
1.0,-17.086527,14.490693
1.0,-17.086251,14.490693
1.0,-17.086251,14.491528
1.0,-17.085971,14.491528
1.0,-17.085971,14.492638
1.0,-17.085695,14.492638
1.0,-17.085695,14.492918
1.0,-17.085139,14.492918
1.0,-17.085139,14.493194
1.0,-17.084861,14.493194
1.0,-17.084861,14.493472
1.0,-17.084305,14.493472
1.0,-17.084305,14.49375
1.0,-17.084029,14.49375
1.0,-17.084029,14.494306
1.0,-17.084305,14.494306
1.0,-17.084305,14.49514
1.0,-17.084583,14.49514
1.0,-17.084583,14.495694
1.0,-17.084305,14.495694
1.0,-17.084305,14.49625
1.0,-17.084029,14.49625
1.0,-17.084029,14.496806
1.0,-17.083749,14.496806
1.0,-17.083749,14.497084
1.0,-17.082917,14.497084
1.0,-17.082917,14.497362
1.0,-17.082361,14.497362
1.0,-17.082361,14.49875
1.0,-17.082083,14.49875
1.0,-17.082083,14.500416
1.0,-17.082639,14.500416
1.0,-17.082639,14.500694
1.0,-17.083471,14.500694
1.0,-17.083471,14.500138
1.0,-17.083749,14.500138
1.0,-17.083749,14.499028
1.0,-17.084029,14.499028
1.0,-17.084029,14.49875
1.0,-17.084861,14.49875
1.0,-17.084861,14.499028
1.0,-17.085971,14.499028
1.0,-17.085971,14.498472
1.0,-17.086251,14.498472
1.0,-17.086251,14.497362
1.0,-17.086527,14.497362
1.0,-17.086527,14.49625
1.0,-17.086805,14.49625
1.0,-17.086805,14.495694
1.0,-17.086251,14.495694
1.0,-17.086251,14.495416
1.0,-17.086527,14.495416
1.0,-17.086527,14.49514
1.0,-17.086805,14.49514
1.0,-17.086805,14.494584
1.0,-17.087083,14.494584
1.0,-17.087083,14.494306
1.0,-17.087361,14.494306
1.0,-17.087361,14.494028
1.0,-17.087639,14.494028
1.0,-17.087639,14.49375
1.0,-17.087917,14.49375
1.0,-17.087917,14.493472
1.0,-17.088193,14.493472
1.0,-17.088193,14.49486
1.0,-17.088473,14.494862
1.0,-17.088473,14.49514
1.0,-17.088751,14.49514
1.0,-17.088751,14.495694
1.0,-17.089027,14.495694
1.0,-17.089027,14.495972
1.0,-17.089257,14.495983
1.0,-17.089314,14.49625
1.0,-17.089583,14.49625
1.0,-17.089583,14.496806
1.0,-17.089861,14.496806
1.0,-17.089861,14.497084
1.0,-17.090139,14.497084
1.0,-17.090139,14.497362
1.0,-17.090415,14.497362
1.0,-17.090415,14.497916
1.0,-17.090696,14.497916
1.0,-17.090696,14.498194
1.0,-17.090974,14.498194
1.0,-17.090974,14.50125
1.0,-17.091249,14.50125
1.0,-17.091249,14.505155
1.0,-17.091527,14.505139
1.0,-17.0915,14.506821
1.0,-17.091805,14.506805
1.0,-17.091805,14.507919
1.0,-17.091805,14.508473
1.0,-17.09196,14.508473
1.0,-17.092084,14.508473
1.0,-17.092084,14.508908
1.0,-17.092084,14.509861
1.0,-17.092362,14.509904
1.0,-17.092362,14.510417
1.0,-17.092505,14.510417
1.0,-17.092637,14.510417
1.0,-17.092637,14.511249
1.0,-17.092738,14.511249
1.0,-17.092915,14.511251
1.0,-17.092893,14.511812
1.0,-17.093196,14.511805
1.0,-17.09313,14.512657
1.0,-17.093472,14.512639
1.0,-17.093472,14.513193
1.0,-17.09375,14.513193
1.0,-17.09375,14.513473
1.0,-17.094028,14.513473
1.0,-17.094028,14.514861
1.0,-17.094306,14.514861
1.0,-17.094308,14.516548
1.0,-17.094584,14.516527
1.0,-17.094584,14.517084
1.0,-17.094862,14.517084
1.0,-17.094862,14.518193
1.0,-17.095138,14.518193
1.0,-17.095138,14.519028
1.0,-17.095418,14.519028
1.0,-17.095418,14.519584
1.0,-17.095694,14.519584
1.0,-17.095694,14.519862
1.0,-17.095972,14.519862
1.0,-17.095972,14.52125
1.0,-17.09625,14.52125
1.0,-17.09625,14.521806
1.0,-17.096528,14.521806
1.0,-17.096528,14.52236
1.0,-17.096806,14.52236
1.0,-17.096806,14.522916
1.0,-17.097084,14.522916
1.0,-17.097084,14.524306
1.0,-17.09736,14.524306
1.0,-17.09736,14.525972
1.0,-17.09764,14.525972
1.0,-17.09764,14.526528
1.0,-17.097918,14.526528
1.0,-17.097918,14.52736
1.0,-17.098194,14.52736
1.0,-17.098224,14.528194
1.0,-17.098472,14.528194
1.0,-17.098524,14.52875
1.0,-17.09875,14.52875
1.0,-17.09875,14.52917
1.0,-17.09875,14.529582
1.0,-17.098985,14.529605
1.0,-17.099028,14.530416
1.0,-17.099302,14.530382
1.0,-17.099306,14.530973
1.0,-17.099582,14.530973
1.0,-17.099582,14.531526
1.0,-17.099862,14.531526
1.0,-17.099862,14.531807
1.0,-17.100161,14.531795
1.0,-17.10014,14.532361
1.0,-17.100455,14.53234
1.0,-17.100416,14.532639
1.0,-17.100633,14.532673
1.0,-17.100765,14.532917
1.0,-17.100972,14.532917
1.0,-17.100972,14.533473
1.0,-17.101063,14.533473
1.0,-17.10125,14.533473
1.0,-17.101221,14.533765
1.0,-17.102082,14.533749
1.0,-17.102082,14.534029
1.0,-17.102362,14.534029
1.0,-17.102362,14.534583
1.0,-17.102638,14.534583
1.0,-17.102638,14.534861
1.0,-17.102916,14.534861
1.0,-17.102916,14.535139
1.0,-17.103194,14.535139
1.0,-17.103194,14.535695
1.0,-17.103472,14.535695
1.0,-17.103472,14.535973
1.0,-17.10375,14.535973
1.0,-17.10375,14.536527
1.0,-17.104028,14.536527
1.0,-17.104028,14.537083
1.0,-17.104304,14.537083
1.0,-17.104304,14.537639
1.0,-17.104585,14.537639
1.0,-17.104585,14.538195
1.0,-17.10486,14.538195
1.0,-17.10486,14.538749
1.0,-17.105138,14.538749
1.0,-17.105138,14.539305
1.0,-17.105416,14.539305
1.0,-17.105416,14.539861
1.0,-17.105138,14.539861
1.0,-17.105138,14.540417
1.0,-17.104812,14.540442
1.0,-17.10486,14.541805
1.0,-17.105138,14.541805
1.0,-17.105138,14.542915
1.0,-17.105416,14.542915
1.0,-17.105416,14.543471
1.0,-17.105695,14.543471
1.0,-17.105695,14.544027
1.0,-17.105973,14.544027
1.0,-17.105973,14.544584
1.0,-17.106251,14.544584
1.0,-17.106251,14.54514
1.0,-17.106526,14.54514
1.0,-17.106526,14.545694
1.0,-17.106807,14.545694
1.0,-17.106807,14.546528
1.0,-17.107083,14.546528
1.0,-17.107085,14.547084
1.0,-17.107361,14.547084
1.0,-17.107361,14.54764
1.0,-17.107639,14.54764
1.0,-17.107639,14.548196
1.0,-17.107917,14.548196
1.0,-17.107917,14.54875
1.0,-17.108195,14.54875
1.0,-17.108195,14.549028
1.0,-17.108473,14.549028
1.0,-17.108473,14.549306
1.0,-17.108749,14.549306
1.0,-17.108749,14.549584
1.0,-17.109029,14.549584
1.0,-17.109029,14.549862
1.0,-17.109307,14.549862
1.0,-17.109307,14.550138
1.0,-17.111741,14.550167
1.0,-17.111805,14.5503
1.0,-17.111805,14.551806
1.0,-17.112083,14.551806
1.0,-17.112083,14.552082
1.0,-17.112639,14.552082
1.0,-17.112639,14.552362
1.0,-17.112917,14.552362
1.0,-17.112917,14.552638
1.0,-17.113471,14.552661
1.0,-17.113471,14.552916
1.0,-17.113751,14.552962
1.0,-17.113751,14.553053
1.0,-17.113751,14.553194
1.0,-17.113849,14.553194
1.0,-17.114027,14.553194
1.0,-17.114045,14.553472
1.0,-17.114305,14.553472
1.0,-17.114264,14.55378
1.0,-17.114583,14.55375
1.0,-17.114583,14.554028
1.0,-17.115417,14.554028
1.0,-17.115417,14.554306
1.0,-17.115973,14.554306
1.0,-17.115973,14.554584
1.0,-17.116249,14.554584
1.0,-17.116249,14.555138
1.0,-17.116527,14.555138
1.0,-17.116527,14.555416
1.0,-17.116805,14.555416
1.0,-17.116805,14.555694
1.0,-17.117083,14.555694
1.0,-17.117083,14.556157
1.0,-17.117083,14.55625
1.0,-17.117364,14.556246
1.0,-17.117361,14.556529
1.0,-17.117938,14.556531
1.0,-17.117915,14.556807
1.0,-17.118474,14.556807
1.0,-17.118474,14.557082
1.0,-17.119862,14.557139
1.0,-17.119862,14.55736
1.0,-17.120696,14.557363
1.0,-17.120696,14.557436
1.0,-17.120696,14.557638
1.0,-17.120997,14.557641
1.0,-17.120972,14.557917
1.0,-17.121528,14.557917
1.0,-17.121528,14.558195
1.0,-17.121806,14.558195
1.0,-17.121806,14.558473
1.0,-17.12236,14.558473
1.0,-17.12236,14.558751
1.0,-17.122638,14.558751
1.0,-17.122638,14.559029
1.0,-17.123194,14.559029
1.0,-17.123194,14.559305
1.0,-17.123472,14.559305
1.0,-17.123472,14.559583
1.0,-17.124028,14.559583
1.0,-17.124028,14.560139
1.0,-17.124306,14.560139
1.0,-17.124306,14.560695
1.0,-17.124584,14.560695
1.0,-17.124584,14.561249
1.0,-17.12486,14.561249
1.0,-17.12486,14.562083
1.0,-17.12514,14.562083
1.0,-17.12514,14.562639
1.0,-17.125416,14.562639
1.0,-17.125416,14.563195
1.0,-17.125694,14.563195
1.0,-17.125694,14.563471
1.0,-17.12764,14.563471
1.0,-17.12764,14.563751
1.0,-17.128194,14.563751
1.0,-17.128194,14.564027
1.0,-17.128472,14.564027
1.0,-17.128472,14.564305
1.0,-17.12875,14.564305
1.0,-17.12875,14.564583
1.0,-17.129584,14.564583
1.0,-17.129584,14.564861
1.0,-17.130138,14.564861
1.0,-17.130138,14.565139
1.0,-17.130972,14.565139
1.0,-17.130972,14.565417
1.0,-17.13125,14.565417
1.0,-17.13125,14.565695
1.0,-17.131526,14.565695
1.0,-17.131526,14.566249
1.0,-17.131804,14.566249
1.0,-17.131804,14.566527
1.0,-17.132085,14.566527
1.0,-17.132085,14.566805
1.0,-17.13236,14.566805
1.0,-17.13236,14.567361
1.0,-17.132638,14.567361
1.0,-17.132638,14.567639
1.0,-17.132917,14.567639
1.0,-17.132917,14.567917
1.0,-17.133195,14.567917
1.0,-17.133195,14.568471
1.0,-17.133473,14.568471
1.0,-17.133473,14.568749
1.0,-17.133751,14.568749
1.0,-17.133751,14.569027
1.0,-17.134026,14.569027
1.0,-17.134026,14.569583
1.0,-17.134307,14.569583
1.0,-17.134307,14.569861
1.0,-17.134583,14.569861
1.0,-17.134583,14.57014
1.0,-17.134861,14.57014
1.0,-17.134861,14.570418
1.0,-17.135139,14.570418
1.0,-17.135139,14.570971
1.0,-17.135417,14.570971
1.0,-17.135417,14.571249
1.0,-17.135695,14.571249
1.0,-17.135695,14.571528
1.0,-17.135973,14.571528
1.0,-17.135973,14.571806
1.0,-17.136249,14.571806
1.0,-17.136249,14.572084
1.0,-17.136529,14.572084
1.0,-17.136529,14.572362
1.0,-17.136805,14.572362
1.0,-17.136807,14.572918
1.0,-17.137083,14.572918
1.0,-17.137083,14.573194
1.0,-17.137361,14.573194
1.0,-17.137361,14.573472
1.0,-17.137639,14.573472
1.0,-17.137639,14.574584
1.0,-17.137917,14.574584
1.0,-17.13789,14.57597
1.0,-17.1239,14.714261
1.0,-17.110631,14.70312
1.0,-17.088849,14.680051
