0,0,0,9,4,28,10,3,0,14,0,0,0,2,1,0,15,26,
0.0,-17.114583,14.939027
0.0,-17.103358,14.927319
0.0,-17.09493,14.92142
0.0,-17.088941,14.919191
0.0,-17.087949,14.916889
0.0,-17.089301,14.91178
0.0,-17.08993,14.906911
0.0,-17.087211,14.900699
0.0,-17.078488,14.891329
0.0,-17.076209,14.8828
0.0,-17.071649,14.865962
0.0,-17.0712,14.853001
0.0,-17.068649,14.842391
0.0,-17.06735,14.835702
0.0,-17.062999,14.831591
0.0,-17.04865,14.827632
0.0,-17.03384,14.823901
0.0,-17.02236,14.820131
0.0,-17.013699,14.81493
0.0,-17.007771,14.81594
0.0,-17.001399,14.819028
0.0,-16.99058,14.82752
0.0,-16.978822,14.836479
0.0,-16.96656,14.843832
0.0,-16.95756,14.846501
0.0,-16.943741,14.8453
0.0,-16.92111,14.844219
0.0,-16.91349,14.84432
0.0,-16.900679,14.846811
0.0,-16.87206,14.858539
0.0,-16.8659,14.860711
0.0,-16.863769,14.860969
0.0,-16.85826,14.859191
0.0,-16.8475,14.855389
0.0,-16.84322,14.855681
0.0,-16.839229,14.859439
0.0,-16.83071,14.86302
0.0,-16.822389,14.863829
0.0,-16.792361,14.86098
0.0,-16.758512,14.857951
0.0,-16.747841,14.860862
0.0,-16.740789,14.866511
0.0,-16.735629,14.871899
0.0,-16.72491,14.888011
0.0,-16.71761,14.893191
0.0,-16.705079,14.8996
0.0,-16.692309,14.905551
0.0,-16.686639,14.9084
0.0,-16.67845,14.918232
0.0,-16.672221,14.924301
0.0,-16.667579,14.91626
0.0,-16.659419,14.911502
0.0,-16.641341,14.912639
0.0,-16.63011,14.909772
0.0,-16.62884,14.904461
0.0,-16.63258,14.899089
0.0,-16.636819,14.895801
0.0,-16.63867,14.891842
0.0,-16.638809,14.88489
0.0,-16.631322,14.859752
0.0,-16.624318,14.852891
0.0,-16.61783,14.84834
0.0,-16.615409,14.845359
0.0,-16.613711,14.842829
0.0,-16.61367,14.84006
0.0,-16.61718,14.835378
0.0,-16.623051,14.829991
0.0,-16.628731,14.827139
0.0,-16.632259,14.824322
0.0,-16.633891,14.821979
0.0,-16.634782,14.817572
0.0,-16.632311,14.811122
0.0,-16.625932,14.79685
0.0,-16.620412,14.79344
0.0,-16.614659,14.7905
0.0,-16.604759,14.780201
0.0,-16.596581,14.755759
0.0,-16.59899,14.74115
0.0,-16.597869,14.72866
0.0,-16.597509,14.71963
0.0,-16.602208,14.714949
0.0,-16.604699,14.70635
0.0,-16.606521,14.70008
0.0,-16.602341,14.69041
0.0,-16.6018,14.68555
0.0,-16.608079,14.675292
0.0,-16.61764,14.66105
0.0,-16.62198,14.648501
0.0,-16.62358,14.643161
0.0,-16.624241,14.639681
0.0,-16.638909,14.6474
0.0,-16.64393,14.648961
0.0,-16.65652,14.647879
0.0,-16.677709,14.666599
0.0,-16.696681,14.663119
0.0,-16.709239,14.659721
0.0,-16.72566,14.660671
0.0,-16.741359,14.661161
0.0,-16.75038,14.660122
0.0,-16.755489,14.651491
0.0,-16.75737,14.63434
0.0,-16.76193,14.62062
0.0,-16.7656,14.611779
0.0,-16.767911,14.607118
0.0,-16.771409,14.60267
0.0,-16.783881,14.594182
0.0,-16.79563,14.584532
0.0,-16.8181,14.561549
0.0,-16.84131,14.54018
0.0,-16.84694,14.535478
0.0,-16.84882,14.533831
0.0,-16.859769,14.535082
0.0,-16.86807,14.53381
0.0,-16.873501,14.531419
0.0,-16.879629,14.528329
0.0,-16.88749,14.52961
0.0,-16.896529,14.530182
0.0,-16.90294,14.52963
0.0,-16.91004,14.527921
0.0,-16.914769,14.52669
0.0,-16.917178,14.528511
0.0,-16.91636,14.53732
0.0,-16.91559,14.54844
0.0,-16.91984,14.562509
0.0,-16.927152,14.57375
0.0,-16.95591,14.619191
0.0,-16.964181,14.63158
0.0,-16.970489,14.639361
0.0,-16.976762,14.644831
0.0,-16.985121,14.647721
0.0,-17.001369,14.652362
0.0,-17.01168,14.65823
0.0,-17.023801,14.672181
0.0,-17.040231,14.688151
0.0,-17.06062,14.68439
0.0,-17.07956,14.67926
0.0,-17.088849,14.680051
0.0,-17.110631,14.70312
0.0,-17.1239,14.714261
0.0,-17.123529,14.73534
0.0,-17.12086,14.76107
0.0,-17.143321,14.781121
0.0,-17.146819,14.79148
0.0,-17.14818,14.816001
0.0,-17.14766,14.82736
0.0,-17.173335,14.886805
0.0,-17.172915,14.886805
0.0,-17.172915,14.887083
0.0,-17.172637,14.887083
0.0,-17.172637,14.887361
0.0,-17.172083,14.887361
0.0,-17.172083,14.887639
0.0,-17.171527,14.887639
0.0,-17.171527,14.887917
0.0,-17.170974,14.887917
0.0,-17.170974,14.888195
0.0,-17.170415,14.888195
0.0,-17.170415,14.888473
0.0,-17.169861,14.888473
0.0,-17.169861,14.888749
0.0,-17.169583,14.888749
0.0,-17.169583,14.889027
0.0,-17.169027,14.889027
0.0,-17.169027,14.889305
0.0,-17.168473,14.889305
0.0,-17.168473,14.889583
0.0,-17.167917,14.889583
0.0,-17.167917,14.889861
0.0,-17.167361,14.889861
0.0,-17.167361,14.890139
0.0,-17.166805,14.890139
0.0,-17.166805,14.890417
0.0,-17.166529,14.890417
0.0,-17.166529,14.890695
0.0,-17.165971,14.890695
0.0,-17.165971,14.890971
0.0,-17.165417,14.890971
0.0,-17.165417,14.891249
0.0,-17.164861,14.891249
0.0,-17.164861,14.891527
0.0,-17.164305,14.891527
0.0,-17.164305,14.891805
0.0,-17.163749,14.891805
0.0,-17.163749,14.892083
0.0,-17.163473,14.892083
0.0,-17.163473,14.892361
0.0,-17.162917,14.892361
0.0,-17.162917,14.892639
0.0,-17.162361,14.892639
0.0,-17.162361,14.892918
0.0,-17.161807,14.892918
0.0,-17.161807,14.893193
0.0,-17.161248,14.893193
0.0,-17.161248,14.893471
0.0,-17.160695,14.893474
0.0,-17.160695,14.893749
0.0,-17.160139,14.893749
0.0,-17.160139,14.894027
0.0,-17.159307,14.894027
0.0,-17.159307,14.894306
0.0,-17.158751,14.894306
0.0,-17.158751,14.894584
0.0,-17.158194,14.894584
0.0,-17.158194,14.894862
0.0,-17.157638,14.894862
0.0,-17.157638,14.89514
0.0,-17.157084,14.89514
0.0,-17.157084,14.895415
0.0,-17.156528,14.895415
0.0,-17.156528,14.895696
0.0,-17.155972,14.895696
0.0,-17.155972,14.895972
0.0,-17.155416,14.895972
0.0,-17.155416,14.89625
0.0,-17.154862,14.89625
0.0,-17.154862,14.896528
0.0,-17.154306,14.896528
0.0,-17.154306,14.896806
0.0,-17.153472,14.896806
0.0,-17.153472,14.897084
0.0,-17.152916,14.897084
0.0,-17.152916,14.897362
0.0,-17.15236,14.897362
0.0,-17.15236,14.89764
0.0,-17.151806,14.89764
0.0,-17.151806,14.897916
0.0,-17.15125,14.897916
0.0,-17.15125,14.898194
0.0,-17.150972,14.898194
0.0,-17.150972,14.89875
0.0,-17.150694,14.89875
0.0,-17.150694,14.899028
0.0,-17.150418,14.899028
0.0,-17.150418,14.899306
0.0,-17.15014,14.899306
0.0,-17.15014,14.899582
0.0,-17.14986,14.899582
0.0,-17.14986,14.899862
0.0,-17.149584,14.899862
0.0,-17.149584,14.900138
0.0,-17.149028,14.900138
0.0,-17.149028,14.900416
0.0,-17.148472,14.900416
0.0,-17.148472,14.900694
0.0,-17.147918,14.900694
0.0,-17.147918,14.900972
0.0,-17.147362,14.900972
0.0,-17.147362,14.90125
0.0,-17.146806,14.90125
0.0,-17.146806,14.901528
0.0,-17.146249,14.901528
0.0,-17.146249,14.901806
0.0,-17.145696,14.901806
0.0,-17.145696,14.902084
0.0,-17.14514,14.902084
0.0,-17.14514,14.90236
0.0,-17.144583,14.90236
0.0,-17.144583,14.902638
0.0,-17.144305,14.902638
0.0,-17.144305,14.902916
0.0,-17.143749,14.902916
0.0,-17.143749,14.903194
0.0,-17.143193,14.903194
0.0,-17.143193,14.903472
0.0,-17.142639,14.903472
0.0,-17.142639,14.90375
0.0,-17.142083,14.90375
0.0,-17.142083,14.904028
0.0,-17.141527,14.904028
0.0,-17.141527,14.904306
0.0,-17.140973,14.904306
0.0,-17.140973,14.904582
0.0,-17.140417,14.904582
0.0,-17.140417,14.904862
0.0,-17.139861,14.904862
0.0,-17.139861,14.905138
0.0,-17.139305,14.905138
0.0,-17.139305,14.905416
0.0,-17.138751,14.905416
0.0,-17.138751,14.905694
0.0,-17.138195,14.905694
0.0,-17.138195,14.905972
0.0,-17.137639,14.905972
0.0,-17.137639,14.90625
0.0,-17.136807,14.90625
0.0,-17.136805,14.906529
0.0,-17.136249,14.906529
0.0,-17.136249,14.906807
0.0,-17.135695,14.906807
0.0,-17.135695,14.907082
0.0,-17.135139,14.907082
0.0,-17.135139,14.90736
0.0,-17.134583,14.90736
0.0,-17.134583,14.907638
0.0,-17.134026,14.907638
0.0,-17.134026,14.907917
0.0,-17.133473,14.907917
0.0,-17.133473,14.908195
0.0,-17.132917,14.908195
0.0,-17.132917,14.908473
0.0,-17.13236,14.908473
0.0,-17.13236,14.908751
0.0,-17.131804,14.908751
0.0,-17.131804,14.909029
0.0,-17.130972,14.909029
0.0,-17.130972,14.909305
0.0,-17.130416,14.909305
0.0,-17.130416,14.909583
0.0,-17.129862,14.909583
0.0,-17.129862,14.909861
0.0,-17.129304,14.909861
0.0,-17.129304,14.910139
0.0,-17.12875,14.910139
0.0,-17.12875,14.910417
0.0,-17.128194,14.910417
0.0,-17.128194,14.910973
0.0,-17.127916,14.910973
0.0,-17.127916,14.911527
0.0,-17.12764,14.911527
0.0,-17.12764,14.912083
0.0,-17.127362,14.912083
0.0,-17.127362,14.912639
0.0,-17.127082,14.912639
0.0,-17.127082,14.913195
0.0,-17.126806,14.913195
0.0,-17.126806,14.913749
0.0,-17.126528,14.913749
0.0,-17.126528,14.914305
0.0,-17.12625,14.914305
0.0,-17.12625,14.914583
0.0,-17.125972,14.914583
0.0,-17.125972,14.915139
0.0,-17.125694,14.915139
0.0,-17.125694,14.915417
0.0,-17.125416,14.915417
0.0,-17.125416,14.915971
0.0,-17.12514,14.915971
0.0,-17.12514,14.916251
0.0,-17.12486,14.916251
0.0,-17.12486,14.916805
0.0,-17.124584,14.916805
0.0,-17.124584,14.917083
0.0,-17.124306,14.917083
0.0,-17.124306,14.917639
0.0,-17.124028,14.917639
0.0,-17.124028,14.917917
0.0,-17.12375,14.917917
0.0,-17.12375,14.918471
0.0,-17.123472,14.918471
0.0,-17.123472,14.918749
0.0,-17.123194,14.918749
0.0,-17.123194,14.919027
0.0,-17.122918,14.919027
0.0,-17.122918,14.919583
0.0,-17.122638,14.919583
0.0,-17.122638,14.919861
0.0,-17.12236,14.919861
0.0,-17.12236,14.920418
0.0,-17.122084,14.920418
0.0,-17.122084,14.920693
0.0,-17.121806,14.920693
0.0,-17.121806,14.921249
0.0,-17.121528,14.921249
0.0,-17.121528,14.921528
0.0,-17.12125,14.921528
0.0,-17.12125,14.922084
0.0,-17.120972,14.922084
0.0,-17.120972,14.922362
0.0,-17.120696,14.922362
0.0,-17.120696,14.922916
0.0,-17.120418,14.922916
0.0,-17.120418,14.923196
0.0,-17.120137,14.923196
0.0,-17.120137,14.923472
0.0,-17.119862,14.923472
0.0,-17.119862,14.924028
0.0,-17.119584,14.924028
0.0,-17.119584,14.924306
0.0,-17.119306,14.924306
0.0,-17.119306,14.924862
0.0,-17.119027,14.924862
0.0,-17.119027,14.925694
0.0,-17.118749,14.925694
0.0,-17.118749,14.927084
0.0,-17.118474,14.927084
0.0,-17.118474,14.927916
0.0,-17.118749,14.927916
0.0,-17.118749,14.928472
0.0,-17.118474,14.928472
0.0,-17.118474,14.929028
0.0,-17.118196,14.929028
0.0,-17.118196,14.92986
0.0,-17.117915,14.92986
0.0,-17.117915,14.930416
0.0,-17.117639,14.930416
0.0,-17.117639,14.93125
0.0,-17.117361,14.93125
0.0,-17.117361,14.932082
0.0,-17.117083,14.932082
0.0,-17.117083,14.932638
0.0,-17.116805,14.932638
0.0,-17.116805,14.933472
0.0,-17.116527,14.933472
0.0,-17.116527,14.934029
0.0,-17.116249,14.934029
0.0,-17.116249,14.93486
0.0,-17.115973,14.93486
0.0,-17.115973,14.935417
0.0,-17.115693,14.935417
0.0,-17.115693,14.936251
0.0,-17.115417,14.936251
0.0,-17.115417,14.936807
0.0,-17.115139,14.936807
0.0,-17.115139,14.937639
0.0,-17.114861,14.937639
0.0,-17.114861,14.938195
0.0,-17.114583,14.938195
0.0,-17.114583,14.939027
