0,0,0,3,0,13,18,3,0,11,0,0,0,0,1,0,20,29,
0.0,-16.10261,14.34432
0.0,-16.11556,14.293731
0.0,-16.123369,14.271201
0.0,-16.124641,14.25731
0.0,-16.12031,14.232351
0.0,-16.11621,14.205311
0.0,-16.11154,14.19124
0.0,-16.103461,14.190401
0.0,-16.088979,14.18892
0.0,-16.07757,14.187179
0.0,-16.0659,14.182661
0.0,-16.0594,14.174851
0.0,-16.052381,14.16242
0.0,-16.048139,14.143262
0.0,-16.036012,14.1399
0.0,-15.977139,14.113371
0.0,-15.946189,14.10255
0.0,-15.929581,14.101082
0.0,-15.9104,14.104029
0.0,-15.874191,14.11083
0.0,-15.84647,14.112692
0.0,-15.84267,14.08888
0.0,-15.838479,14.073411
0.0,-15.827959,14.064251
0.0,-15.810061,14.05237
0.0,-15.79505,14.04509
0.0,-15.78386,14.039858
0.0,-15.777421,14.036211
0.0,-15.77377,14.02629
0.0,-15.772979,14.017732
0.0,-15.76933,14.008501
0.0,-15.76115,13.99561
0.0,-15.75228,13.98573
0.0,-15.725701,13.95656
0.0,-15.710652,13.944191
0.0,-15.70254,13.938229
0.0,-15.68487,13.92333
0.0,-15.67599,13.911141
0.0,-15.67522,13.905131
0.0,-15.67538,13.896101
0.0,-15.68004,13.8875
0.0,-15.688929,13.87633
0.0,-15.69643,13.86724
0.0,-15.701359,13.863268
0.0,-15.704161,13.86533
0.0,-15.709389,13.867601
0.0,-15.715809,13.870331
0.0,-15.728629,13.873458
0.0,-15.749299,13.879311
0.0,-15.77379,13.888819
0.0,-15.802061,13.89714
0.0,-15.83287,13.898029
0.0,-15.853469,13.896931
0.0,-15.8757,13.892801
0.0,-15.8984,13.888441
0.0,-15.912811,13.88461
0.0,-15.926283,13.88125
0.0,-15.936459,13.880231
0.0,-15.953049,13.881469
0.0,-15.970831,13.882921
0.0,-15.984109,13.883491
0.0,-15.990219,13.87927
0.0,-15.99896,13.876651
0.0,-16.011001,13.872831
0.0,-16.033199,13.86614
0.0,-16.03508,13.865431
0.0,-16.04312,13.863268
0.0,-16.057502,13.857119
0.0,-16.065269,13.85311
0.0,-16.07641,13.853242
0.0,-16.087311,13.854049
0.0,-16.097521,13.856499
0.0,-16.1046,13.854352
0.0,-16.115239,13.851701
0.0,-16.125892,13.850899
0.0,-16.13437,13.846651
0.0,-16.143288,13.83962
0.0,-16.173571,13.857119
0.0,-16.174219,13.87261
0.0,-16.17954,13.882082
0.0,-16.18468,13.936401
0.0,-16.191709,13.96989
0.0,-16.197541,13.98186
0.0,-16.204251,13.988269
0.0,-16.216882,13.994159
0.0,-16.234502,14.000221
0.0,-16.253211,13.9991
0.0,-16.264851,14.00175
0.0,-16.26323,14.00501
0.0,-16.25738,14.01063
0.0,-16.24636,14.021162
0.0,-16.23065,14.034978
0.0,-16.218951,14.04806
0.0,-16.213351,14.05575
0.0,-16.209449,14.06597
0.0,-16.208112,14.073391
0.0,-16.210158,14.086331
0.0,-16.225109,14.107012
0.0,-16.24141,14.121191
0.0,-16.264099,14.134599
0.0,-16.267691,14.137338
0.0,-16.27608,14.144892
0.0,-16.28498,14.154751
0.0,-16.293819,14.15974
0.0,-16.316138,14.162051
0.0,-16.33343,14.159551
0.0,-16.34382,14.156192
0.0,-16.355672,14.155141
0.0,-16.36488,14.1518
0.0,-16.3647,14.154402
0.0,-16.36477,14.16018
0.0,-16.36338,14.162512
0.0,-16.360791,14.163931
0.0,-16.356069,14.16629
0.0,-16.35396,14.168171
0.0,-16.35352,14.170721
0.0,-16.356889,14.174609
0.0,-16.360319,14.1836
0.0,-16.361399,14.194
0.0,-16.357839,14.23265
0.0,-16.34161,14.234252
0.0,-16.333389,14.24082
0.0,-16.315571,14.2586
0.0,-16.301251,14.27217
0.0,-16.29048,14.284322
0.0,-16.277069,14.29487
0.0,-16.267649,14.301222
0.0,-16.264399,14.307271
0.0,-16.25887,14.32144
0.0,-16.255889,14.33026
0.0,-16.25451,14.33444
0.0,-16.251459,14.337251
0.0,-16.24437,14.3401
0.0,-16.23488,14.340899
0.0,-16.217479,14.33483
0.0,-16.209641,14.33468
0.0,-16.201869,14.340311
0.0,-16.18839,14.344849
0.0,-16.169669,14.348051
0.0,-16.152831,14.349841
0.0,-16.135799,14.355561
0.0,-16.11709,14.36014
0.0,-16.102369,14.360521
0.0,-16.09524,14.360131
0.0,-16.08995,14.35833
0.0,-16.10261,14.34432
