0,0,0,3,0,14,8,0,0,24,0,0,0,0,1,0,29,19,
0.0,-15.77379,13.888819
0.0,-15.749299,13.879311
0.0,-15.728629,13.873458
0.0,-15.715809,13.870331
0.0,-15.709389,13.867601
0.0,-15.704161,13.86533
0.0,-15.701359,13.863268
0.0,-15.690039,13.84323
0.0,-15.674199,13.820671
0.0,-15.656989,13.802301
0.0,-15.642649,13.78853
0.0,-15.63549,13.781871
0.0,-15.63186,13.772871
0.0,-15.62708,13.76805
0.0,-15.619981,13.76787
0.0,-15.61413,13.775781
0.0,-15.583729,13.81812
0.0,-15.57172,13.825849
0.0,-15.534809,13.802511
0.0,-15.51011,13.792742
0.0,-15.492089,13.789861
0.0,-15.46822,13.79511
0.0,-15.450269,13.80033
0.0,-15.436779,13.801572
0.0,-15.42418,13.794949
0.0,-15.41438,13.783439
0.0,-15.41069,13.76635
0.0,-15.410451,13.7374
0.0,-15.413571,13.73518
0.0,-15.438119,13.710001
0.0,-15.446611,13.698069
0.0,-15.44871,13.695131
0.0,-15.4579,13.681429
0.0,-15.471871,13.641909
0.0,-15.472808,13.638228
0.0,-15.47962,13.611451
0.0,-15.481129,13.58728
0.0,-15.49035,13.58744
0.0,-15.509821,13.587782
0.0,-15.515681,13.58631
0.0,-15.53356,13.586971
0.0,-15.55023,13.585799
0.0,-15.582701,13.58693
0.0,-15.619331,13.586651
0.0,-15.74857,13.585621
0.0,-15.756029,13.58556
0.0,-15.831669,13.584931
0.0,-15.849961,13.585519
0.0,-15.87779,13.58641
0.0,-15.89061,13.58682
0.0,-15.898719,13.58708
0.0,-15.973718,13.586779
0.0,-15.990441,13.588338
0.0,-15.99723,13.58662
0.0,-15.99816,13.58662
0.0,-16.00672,13.586601
0.0,-16.029908,13.58654
0.0,-16.050382,13.587121
0.0,-16.050391,13.588039
0.0,-16.05522,13.588001
0.0,-16.055011,13.59038
0.0,-16.057921,13.596361
0.0,-16.062459,13.600481
0.0,-16.068891,13.60436
0.0,-16.084539,13.608141
0.0,-16.09807,13.612171
0.0,-16.103791,13.61582
0.0,-16.113051,13.61896
0.0,-16.125201,13.62624
0.0,-16.133399,13.639578
0.0,-16.135719,13.65645
0.0,-16.137199,13.68189
0.0,-16.139099,13.703621
0.0,-16.14165,13.71886
0.0,-16.145652,13.737099
0.0,-16.152808,13.74305
0.0,-16.16422,13.746631
0.0,-16.178262,13.752511
0.0,-16.201639,13.76823
0.0,-16.22271,13.788152
0.0,-16.22634,13.794591
0.0,-16.227819,13.799432
0.0,-16.227158,13.80383
0.0,-16.22629,13.809861
0.0,-16.2259,13.817501
0.0,-16.226459,13.824671
0.0,-16.223019,13.83396
0.0,-16.21837,13.84072
0.0,-16.210181,13.84913
0.0,-16.200609,13.859421
0.0,-16.17954,13.882082
0.0,-16.174219,13.87261
0.0,-16.173571,13.857119
0.0,-16.143288,13.83962
0.0,-16.13437,13.846651
0.0,-16.125892,13.850899
0.0,-16.115239,13.851701
0.0,-16.1046,13.854352
0.0,-16.097521,13.856499
0.0,-16.087311,13.854049
0.0,-16.07641,13.853242
0.0,-16.065269,13.85311
0.0,-16.057502,13.857119
0.0,-16.04312,13.863268
0.0,-16.03508,13.865431
0.0,-16.033199,13.86614
0.0,-16.011001,13.872831
0.0,-15.99896,13.876651
0.0,-15.990219,13.87927
0.0,-15.984109,13.883491
0.0,-15.970831,13.882921
0.0,-15.953049,13.881469
0.0,-15.936459,13.880231
0.0,-15.926283,13.88125
0.0,-15.912811,13.88461
0.0,-15.8984,13.888441
0.0,-15.8757,13.892801
0.0,-15.853469,13.896931
0.0,-15.83287,13.898029
0.0,-15.802061,13.89714
0.0,-15.77379,13.888819
