0,0,0,10,10,1,3,3,0,9,0,0,0,0,1,0,25,7,
0.0,-16.67014,12.50125
0.0,-16.67014,12.500972
0.0,-16.669584,12.500972
0.0,-16.669582,12.500418
0.0,-16.669306,12.500418
0.0,-16.669306,12.498749
0.0,-16.669028,12.498749
0.0,-16.669028,12.498471
0.0,-16.669306,12.498471
0.0,-16.669306,12.498196
0.0,-16.669028,12.498196
0.0,-16.669028,12.497361
0.0,-16.66875,12.497361
0.0,-16.66875,12.496805
0.0,-16.669028,12.496805
0.0,-16.669028,12.495693
0.0,-16.669306,12.495693
0.0,-16.669306,12.495417
0.0,-16.66986,12.495417
0.0,-16.66986,12.495139
0.0,-16.670416,12.495139
0.0,-16.670416,12.494861
0.0,-16.670972,12.494861
0.0,-16.670972,12.494583
0.0,-16.67125,12.494583
0.0,-16.67125,12.494305
0.0,-16.671806,12.494305
0.0,-16.671806,12.499862
0.0,-16.671528,12.499862
0.0,-16.671528,12.50014
0.0,-16.67125,12.50014
0.0,-16.67125,12.500972
0.0,-16.670972,12.500972
0.0,-16.670972,12.50125
0.0,-16.67014,12.50125
1.0,-16.676251,12.50986
1.0,-16.676251,12.509584
1.0,-16.675695,12.509584
1.0,-16.675695,12.509028
1.0,-16.674863,12.509028
1.0,-16.674863,12.50875
1.0,-16.674582,12.50875
1.0,-16.674582,12.508194
1.0,-16.674029,12.508194
1.0,-16.674029,12.507916
1.0,-16.67375,12.507916
1.0,-16.67375,12.507082
1.0,-16.672638,12.507082
1.0,-16.672638,12.506806
1.0,-16.671528,12.506806
1.0,-16.671528,12.506528
1.0,-16.670972,12.506528
1.0,-16.670972,12.505416
1.0,-16.670694,12.505416
1.0,-16.670694,12.50514
1.0,-16.670972,12.505138
1.0,-16.670972,12.504862
1.0,-16.670694,12.504862
1.0,-16.670694,12.504306
1.0,-16.670972,12.504306
1.0,-16.670972,12.504028
1.0,-16.67125,12.504028
1.0,-16.67125,12.503194
1.0,-16.671528,12.503194
1.0,-16.671528,12.502084
1.0,-16.671806,12.502084
1.0,-16.671806,12.501806
1.0,-16.671528,12.501806
1.0,-16.671528,12.501528
1.0,-16.671806,12.501528
1.0,-16.671806,12.500693
1.0,-16.672082,12.500693
1.0,-16.672082,12.500418
1.0,-16.672362,12.500418
1.0,-16.672362,12.500693
1.0,-16.672916,12.500693
1.0,-16.672916,12.500972
1.0,-16.673194,12.500972
1.0,-16.673194,12.501806
1.0,-16.673472,12.501806
1.0,-16.673472,12.502084
1.0,-16.67375,12.502084
1.0,-16.67375,12.502362
1.0,-16.675973,12.502362
1.0,-16.675973,12.502084
1.0,-16.676526,12.502084
1.0,-16.676526,12.501806
1.0,-16.677085,12.501806
1.0,-16.677085,12.501528
1.0,-16.677639,12.501528
1.0,-16.677639,12.50125
1.0,-16.678195,12.50125
1.0,-16.678195,12.500972
1.0,-16.678473,12.500972
1.0,-16.678473,12.500693
1.0,-16.678749,12.500693
1.0,-16.678749,12.500418
1.0,-16.679307,12.500418
1.0,-16.679307,12.50014
1.0,-16.681805,12.50014
1.0,-16.681805,12.500693
1.0,-16.682083,12.500693
1.0,-16.682083,12.500972
1.0,-16.682361,12.500972
1.0,-16.682361,12.50125
1.0,-16.682639,12.50125
1.0,-16.682639,12.501528
1.0,-16.682917,12.501528
1.0,-16.682917,12.502362
1.0,-16.683195,12.502362
1.0,-16.683195,12.50375
1.0,-16.682917,12.50375
1.0,-16.682917,12.504028
1.0,-16.682639,12.504028
1.0,-16.682639,12.504306
1.0,-16.682083,12.504306
1.0,-16.682083,12.504862
1.0,-16.681805,12.504862
1.0,-16.681805,12.505138
1.0,-16.682083,12.50514
1.0,-16.682083,12.505694
1.0,-16.682361,12.505694
1.0,-16.682361,12.505972
1.0,-16.682639,12.505972
1.0,-16.682639,12.50625
1.0,-16.682917,12.50625
1.0,-16.682917,12.507082
1.0,-16.682639,12.507082
1.0,-16.682639,12.507916
1.0,-16.682361,12.507916
1.0,-16.682361,12.508472
1.0,-16.681805,12.508472
1.0,-16.681805,12.50875
1.0,-16.681249,12.50875
1.0,-16.681249,12.509028
1.0,-16.679027,12.509028
1.0,-16.679027,12.509306
1.0,-16.677917,12.509306
1.0,-16.677917,12.509584
1.0,-16.677085,12.509584
1.0,-16.677085,12.50986
1.0,-16.676251,12.50986
2.0,-16.69764,12.560138
2.0,-16.69764,12.559862
2.0,-16.69736,12.559862
2.0,-16.69736,12.559306
2.0,-16.697082,12.559306
2.0,-16.697082,12.55875
2.0,-16.69736,12.55875
2.0,-16.69736,12.557916
2.0,-16.697082,12.557916
2.0,-16.697082,12.557084
2.0,-16.696528,12.557084
2.0,-16.696528,12.556528
2.0,-16.696806,12.556528
2.0,-16.696806,12.555972
2.0,-16.697082,12.555972
2.0,-16.697082,12.555694
2.0,-16.69736,12.555694
2.0,-16.69736,12.555137
2.0,-16.69764,12.555137
2.0,-16.69764,12.554584
2.0,-16.698194,12.554584
2.0,-16.698194,12.554306
2.0,-16.698472,12.554306
2.0,-16.698472,12.554028
2.0,-16.699028,12.554028
2.0,-16.699028,12.553749
2.0,-16.700694,12.553749
2.0,-16.700694,12.553471
2.0,-16.700972,12.553471
2.0,-16.700972,12.553193
2.0,-16.701529,12.553193
2.0,-16.701529,12.552918
2.0,-16.701804,12.552918
2.0,-16.701804,12.55264
2.0,-16.702085,12.55264
2.0,-16.702085,12.552361
2.0,-16.702638,12.552361
2.0,-16.702638,12.552083
2.0,-16.702917,12.552083
2.0,-16.702917,12.551527
2.0,-16.703297,12.551527
2.0,-16.703473,12.551527
2.0,-16.703473,12.551158
2.0,-16.703534,12.550996
2.0,-16.703751,12.550971
2.0,-16.703751,12.550572
2.0,-16.703751,12.550417
2.0,-16.703473,12.550417
2.0,-16.703473,12.550139
2.0,-16.703195,12.550139
2.0,-16.703195,12.549583
2.0,-16.702917,12.549583
2.0,-16.702917,12.549027
2.0,-16.702363,12.549027
2.0,-16.70236,12.548749
2.0,-16.701804,12.548749
2.0,-16.701804,12.548473
2.0,-16.701529,12.548473
2.0,-16.701529,12.548195
2.0,-16.700972,12.548195
2.0,-16.700972,12.547917
2.0,-16.700416,12.547917
2.0,-16.700416,12.547361
2.0,-16.700138,12.547361
2.0,-16.700138,12.547083
2.0,-16.699306,12.547083
2.0,-16.699304,12.546805
2.0,-16.698194,12.546805
2.0,-16.698194,12.546527
2.0,-16.697916,12.546527
2.0,-16.697916,12.546805
2.0,-16.69764,12.546805
2.0,-16.69764,12.546527
2.0,-16.69736,12.546527
2.0,-16.69736,12.546805
2.0,-16.693196,12.546805
2.0,-16.693196,12.546527
2.0,-16.692918,12.546527
2.0,-16.692918,12.546251
2.0,-16.692638,12.546251
2.0,-16.692638,12.545695
2.0,-16.692362,12.545695
2.0,-16.692362,12.545139
2.0,-16.691806,12.545139
2.0,-16.691806,12.544861
2.0,-16.691528,12.544861
2.0,-16.691528,12.544583
2.0,-16.689862,12.544583
2.0,-16.689862,12.544305
2.0,-16.689306,12.544305
2.0,-16.689306,12.544029
2.0,-16.686805,12.544027
2.0,-16.686805,12.543751
2.0,-16.686527,12.543751
2.0,-16.686527,12.543473
2.0,-16.685971,12.543473
2.0,-16.685971,12.543195
2.0,-16.685139,12.543195
2.0,-16.685139,12.542917
2.0,-16.684583,12.542917
2.0,-16.684583,12.542639
2.0,-16.683749,12.542639
2.0,-16.683749,12.542361
2.0,-16.683471,12.542361
2.0,-16.683471,12.542085
2.0,-16.682917,12.542085
2.0,-16.682917,12.541805
2.0,-16.682083,12.541805
2.0,-16.682083,12.541529
2.0,-16.681112,12.541529
2.0,-16.680139,12.541529
2.0,-16.680082,12.541276
2.0,-16.678473,12.541251
2.0,-16.678473,12.540695
2.0,-16.677917,12.540695
2.0,-16.677917,12.540417
2.0,-16.677639,12.540417
2.0,-16.677639,12.538194
2.0,-16.677917,12.538194
2.0,-16.677917,12.537638
2.0,-16.677639,12.537638
2.0,-16.677639,12.537084
2.0,-16.677917,12.537084
2.0,-16.677885,12.535427
2.0,-16.678195,12.535416
2.0,-16.678195,12.53375
2.0,-16.678473,12.53375
2.0,-16.678473,12.532638
2.0,-16.678749,12.532638
2.0,-16.678749,12.532084
2.0,-16.678473,12.532084
2.0,-16.678473,12.53125
2.0,-16.678749,12.53125
2.0,-16.678749,12.530972
2.0,-16.678473,12.530972
2.0,-16.678473,12.530416
2.0,-16.678749,12.530416
2.0,-16.678749,12.529306
2.0,-16.679027,12.529306
2.0,-16.679027,12.527637
2.0,-16.679307,12.527637
2.0,-16.679307,12.527084
2.0,-16.679027,12.527084
2.0,-16.679027,12.526527
2.0,-16.679307,12.526527
2.0,-16.679307,12.524861
2.0,-16.679583,12.524861
2.0,-16.679583,12.522917
2.0,-16.679861,12.522917
2.0,-16.679861,12.521805
2.0,-16.679583,12.521805
2.0,-16.679583,12.520417
2.0,-16.679307,12.520417
2.0,-16.679307,12.519583
2.0,-16.679027,12.519583
2.0,-16.679027,12.519027
2.0,-16.678749,12.519027
2.0,-16.678749,12.518473
2.0,-16.678473,12.518473
2.0,-16.678473,12.518195
2.0,-16.678195,12.518195
2.0,-16.678195,12.516529
2.0,-16.677917,12.516529
2.0,-16.677917,12.516249
2.0,-16.678195,12.516249
2.0,-16.678195,12.515973
2.0,-16.678473,12.515973
2.0,-16.678473,12.515417
2.0,-16.678749,12.515417
2.0,-16.678749,12.514861
2.0,-16.679307,12.514861
2.0,-16.679307,12.514583
2.0,-16.680139,12.514583
2.0,-16.680139,12.514304
2.0,-16.680417,12.514304
2.0,-16.680417,12.514029
2.0,-16.680695,12.514029
2.0,-16.680695,12.513751
2.0,-16.681249,12.513751
2.0,-16.681249,12.513473
2.0,-16.682083,12.513473
2.0,-16.682083,12.513195
2.0,-16.683471,12.513195
2.0,-16.683471,12.512916
2.0,-16.685417,12.512916
2.0,-16.685417,12.512638
2.0,-16.686527,12.512638
2.0,-16.686527,12.512363
2.0,-16.689027,12.512363
2.0,-16.689027,12.512082
2.0,-16.690696,12.512082
2.0,-16.690696,12.511807
2.0,-16.690972,12.511807
2.0,-16.690972,12.512082
2.0,-16.69125,12.512082
2.0,-16.69125,12.511807
2.0,-16.693472,12.511807
2.0,-16.693472,12.511528
2.0,-16.694306,12.511528
2.0,-16.694306,12.51125
2.0,-16.69486,12.51125
2.0,-16.69486,12.510972
2.0,-16.695418,12.510972
2.0,-16.695418,12.510694
2.0,-16.696528,12.510694
2.0,-16.696528,12.510972
2.0,-16.69764,12.510972
2.0,-16.69764,12.510694
2.0,-16.697916,12.510694
2.0,-16.697916,12.510972
2.0,-16.698194,12.510972
2.0,-16.698194,12.510694
2.0,-16.698472,12.510694
2.0,-16.698472,12.510416
2.0,-16.700694,12.510416
2.0,-16.700694,12.510138
2.0,-16.70236,12.510138
2.0,-16.702363,12.50986
2.0,-16.702638,12.50986
2.0,-16.702638,12.510138
2.0,-16.702917,12.510138
2.0,-16.702917,12.50986
2.0,-16.703195,12.50986
2.0,-16.703195,12.510138
2.0,-16.703473,12.510138
2.0,-16.703473,12.50986
2.0,-16.704026,12.50986
2.0,-16.704026,12.510138
2.0,-16.705139,12.510138
2.0,-16.705139,12.510416
2.0,-16.705695,12.510416
2.0,-16.705695,12.510138
2.0,-16.705973,12.510138
2.0,-16.705973,12.510416
2.0,-16.706249,12.510416
2.0,-16.706249,12.510138
2.0,-16.706527,12.510138
2.0,-16.706527,12.510416
2.0,-16.706807,12.510416
2.0,-16.706807,12.510138
2.0,-16.708195,12.510138
2.0,-16.708195,12.510416
2.0,-16.709583,12.510416
2.0,-16.709583,12.510694
2.0,-16.710139,12.510694
2.0,-16.710139,12.510972
2.0,-16.711251,12.510972
2.0,-16.711251,12.51125
2.0,-16.712361,12.51125
2.0,-16.712361,12.511528
2.0,-16.712917,12.511528
2.0,-16.712917,12.511807
2.0,-16.713752,12.511807
2.0,-16.713752,12.512082
2.0,-16.714305,12.512082
2.0,-16.714305,12.512363
2.0,-16.71514,12.512363
2.0,-16.71514,12.512638
2.0,-16.715415,12.512638
2.0,-16.715415,12.513195
2.0,-16.715974,12.513195
2.0,-16.715974,12.513473
2.0,-16.716528,12.513473
2.0,-16.716528,12.513195
2.0,-16.717084,12.513195
2.0,-16.717084,12.513473
2.0,-16.718196,12.513473
2.0,-16.718196,12.513751
2.0,-16.718472,12.513751
2.0,-16.718472,12.514029
2.0,-16.719028,12.514029
2.0,-16.719028,12.514304
2.0,-16.720138,12.514304
2.0,-16.720138,12.514583
2.0,-16.720694,12.514583
2.0,-16.720694,12.514861
2.0,-16.72125,12.514861
2.0,-16.72125,12.515139
2.0,-16.721806,12.515139
2.0,-16.721806,12.515417
2.0,-16.72236,12.515417
2.0,-16.72236,12.515695
2.0,-16.72264,12.515695
2.0,-16.72264,12.515973
2.0,-16.723194,12.515973
2.0,-16.723194,12.516249
2.0,-16.723472,12.516249
2.0,-16.723472,12.516529
2.0,-16.72375,12.516529
2.0,-16.72375,12.516805
2.0,-16.724028,12.516805
2.0,-16.724028,12.517361
2.0,-16.72514,12.517361
2.0,-16.72514,12.518195
2.0,-16.725416,12.518195
2.0,-16.725416,12.518471
2.0,-16.725972,12.518473
2.0,-16.725972,12.518751
2.0,-16.72625,12.518751
2.0,-16.72625,12.519027
2.0,-16.727082,12.519027
2.0,-16.727082,12.519583
2.0,-16.727363,12.519583
2.0,-16.727363,12.519861
2.0,-16.727916,12.519861
2.0,-16.727916,12.520139
2.0,-16.728472,12.520139
2.0,-16.728472,12.520417
2.0,-16.728751,12.520417
2.0,-16.728751,12.520973
2.0,-16.729304,12.520973
2.0,-16.729304,12.521249
2.0,-16.729585,12.521249
2.0,-16.729585,12.521805
2.0,-16.72986,12.521805
2.0,-16.72986,12.522361
2.0,-16.730139,12.522361
2.0,-16.730139,12.522639
2.0,-16.730695,12.522639
2.0,-16.730695,12.523195
2.0,-16.730973,12.523195
2.0,-16.730973,12.523471
2.0,-16.731251,12.523471
2.0,-16.731251,12.524027
2.0,-16.731807,12.524027
2.0,-16.731807,12.524305
2.0,-16.732085,12.524305
2.0,-16.732085,12.524861
2.0,-16.732361,12.524861
2.0,-16.732361,12.525415
2.0,-16.732639,12.525415
2.0,-16.732639,12.525696
2.0,-16.733195,12.525696
2.0,-16.733195,12.526249
2.0,-16.733473,12.526249
2.0,-16.733473,12.526527
2.0,-16.734027,12.526527
2.0,-16.734027,12.527084
2.0,-16.734307,12.527084
2.0,-16.734307,12.527637
2.0,-16.734583,12.527637
2.0,-16.734583,12.527918
2.0,-16.734861,12.527918
2.0,-16.734861,12.528472
2.0,-16.735139,12.528472
2.0,-16.735139,12.529306
2.0,-16.735695,12.529306
2.0,-16.735695,12.529862
2.0,-16.735971,12.529862
2.0,-16.735971,12.530416
2.0,-16.736249,12.530416
2.0,-16.736249,12.530972
2.0,-16.736529,12.530972
2.0,-16.736529,12.53125
2.0,-16.736805,12.53125
2.0,-16.736805,12.531806
2.0,-16.737361,12.531806
2.0,-16.737361,12.532084
2.0,-16.737639,12.532084
2.0,-16.737639,12.532638
2.0,-16.737917,12.532638
2.0,-16.737917,12.533194
2.0,-16.738193,12.533194
2.0,-16.738195,12.533472
2.0,-16.738471,12.533472
2.0,-16.738471,12.534028
2.0,-16.738751,12.534028
2.0,-16.738751,12.534584
2.0,-16.739027,12.534584
2.0,-16.739027,12.53486
2.0,-16.739305,12.534862
2.0,-16.739305,12.535138
2.0,-16.739027,12.535138
2.0,-16.739027,12.535416
2.0,-16.738751,12.535416
2.0,-16.738751,12.535694
2.0,-16.739027,12.535694
2.0,-16.739027,12.539582
2.0,-16.738751,12.539582
2.0,-16.738751,12.541251
2.0,-16.738471,12.541251
2.0,-16.738471,12.542361
2.0,-16.738195,12.542361
2.0,-16.738193,12.543473
2.0,-16.737917,12.543473
2.0,-16.737917,12.544027
2.0,-16.737639,12.544029
2.0,-16.737639,12.544583
2.0,-16.737361,12.544583
2.0,-16.737361,12.545139
2.0,-16.736529,12.545139
2.0,-16.736529,12.545417
2.0,-16.736249,12.545417
2.0,-16.736249,12.545695
2.0,-16.735971,12.545695
2.0,-16.735971,12.546251
2.0,-16.735695,12.546251
2.0,-16.735695,12.547083
2.0,-16.735417,12.547083
2.0,-16.735417,12.547917
2.0,-16.735139,12.547917
2.0,-16.735139,12.548473
2.0,-16.734861,12.548473
2.0,-16.734861,12.548749
2.0,-16.734583,12.548749
2.0,-16.734583,12.549305
2.0,-16.734307,12.549305
2.0,-16.734307,12.549583
2.0,-16.733749,12.549583
2.0,-16.733749,12.549861
2.0,-16.733195,12.549861
2.0,-16.733195,12.550821
2.0,-16.733195,12.552083
2.0,-16.732917,12.552083
2.0,-16.732917,12.552361
2.0,-16.732639,12.552361
2.0,-16.732639,12.55264
2.0,-16.732361,12.55264
2.0,-16.732361,12.553193
2.0,-16.732085,12.553193
2.0,-16.732085,12.553471
2.0,-16.731807,12.553471
2.0,-16.731807,12.554028
2.0,-16.731527,12.554028
2.0,-16.731527,12.554584
2.0,-16.731251,12.554584
2.0,-16.731251,12.555137
2.0,-16.730973,12.555137
2.0,-16.730973,12.555418
2.0,-16.730695,12.555418
2.0,-16.730695,12.555694
2.0,-16.730417,12.555694
2.0,-16.730417,12.555972
2.0,-16.730139,12.555972
2.0,-16.730139,12.556528
2.0,-16.72986,12.556528
2.0,-16.72986,12.556806
2.0,-16.729304,12.556806
2.0,-16.729304,12.557084
2.0,-16.728751,12.557084
2.0,-16.728751,12.55736
2.0,-16.728472,12.557362
2.0,-16.728472,12.55764
2.0,-16.727916,12.55764
2.0,-16.727916,12.557916
2.0,-16.725972,12.557916
2.0,-16.725972,12.55764
2.0,-16.72514,12.55764
2.0,-16.72514,12.556528
2.0,-16.728194,12.556528
2.0,-16.728194,12.55625
2.0,-16.729304,12.55625
2.0,-16.729304,12.555137
2.0,-16.728751,12.555137
2.0,-16.728751,12.55264
2.0,-16.728472,12.55264
2.0,-16.728472,12.551527
2.0,-16.729029,12.551527
2.0,-16.729029,12.551163
2.0,-16.729029,12.550971
2.0,-16.72236,12.550971
2.0,-16.72236,12.550695
2.0,-16.722084,12.550695
2.0,-16.722084,12.550417
2.0,-16.720972,12.550417
2.0,-16.720972,12.550695
2.0,-16.718472,12.550695
2.0,-16.718472,12.550417
2.0,-16.717916,12.550417
2.0,-16.717916,12.550139
2.0,-16.717362,12.550139
2.0,-16.717362,12.550417
2.0,-16.716806,12.550417
2.0,-16.716806,12.550695
2.0,-16.716528,12.550695
2.0,-16.716528,12.550971
2.0,-16.716249,12.550971
2.0,-16.716249,12.551805
2.0,-16.716528,12.551805
2.0,-16.716528,12.55264
2.0,-16.716249,12.55264
2.0,-16.716249,12.553193
2.0,-16.715974,12.553193
2.0,-16.715974,12.553749
2.0,-16.715693,12.553749
2.0,-16.715693,12.554028
2.0,-16.714583,12.554028
2.0,-16.714583,12.554306
2.0,-16.714305,12.554306
2.0,-16.714305,12.554584
2.0,-16.713752,12.554584
2.0,-16.713752,12.554862
2.0,-16.713474,12.554862
2.0,-16.713474,12.555137
2.0,-16.713193,12.555137
2.0,-16.713193,12.555418
2.0,-16.712917,12.555418
2.0,-16.712917,12.555972
2.0,-16.712639,12.555972
2.0,-16.712639,12.55625
2.0,-16.712361,12.55625
2.0,-16.712361,12.556482
2.0,-16.712361,12.556806
2.0,-16.712083,12.556806
2.0,-16.712083,12.557084
2.0,-16.711805,12.557084
2.0,-16.711805,12.55736
2.0,-16.711527,12.557362
2.0,-16.711527,12.557916
2.0,-16.711251,12.557916
2.0,-16.711251,12.558194
2.0,-16.710971,12.558194
2.0,-16.710971,12.55875
2.0,-16.710695,12.55875
2.0,-16.710695,12.559028
2.0,-16.710417,12.559028
2.0,-16.710417,12.559306
2.0,-16.710139,12.559306
2.0,-16.710139,12.559584
2.0,-16.709029,12.559584
2.0,-16.709029,12.559306
2.0,-16.708749,12.559306
2.0,-16.708749,12.559028
2.0,-16.708195,12.559028
2.0,-16.708195,12.55875
2.0,-16.707917,12.55875
2.0,-16.707917,12.558472
2.0,-16.707639,12.558472
2.0,-16.707639,12.558194
2.0,-16.707361,12.558194
2.0,-16.707361,12.557916
2.0,-16.705417,12.557916
2.0,-16.705417,12.558194
2.0,-16.704585,12.558194
2.0,-16.704585,12.558472
2.0,-16.704305,12.558472
2.0,-16.704305,12.55875
2.0,-16.703195,12.55875
2.0,-16.703195,12.559028
2.0,-16.702085,12.559028
2.0,-16.702085,12.559306
2.0,-16.701529,12.559306
2.0,-16.701529,12.559584
2.0,-16.700694,12.559584
2.0,-16.700694,12.559862
2.0,-16.700138,12.559862
2.0,-16.700138,12.560138
2.0,-16.69764,12.560138
3.0,-16.579027,12.638194
3.0,-16.579027,12.637916
3.0,-16.577083,12.637916
3.0,-16.577083,12.63764
3.0,-16.575417,12.63764
3.0,-16.575417,12.637362
3.0,-16.573749,12.637362
3.0,-16.573749,12.637084
3.0,-16.573473,12.637084
3.0,-16.573473,12.636806
3.0,-16.572639,12.636806
3.0,-16.572639,12.636528
3.0,-16.571527,12.636528
3.0,-16.571527,12.63625
3.0,-16.570417,12.63625
3.0,-16.570417,12.635972
3.0,-16.570139,12.635972
3.0,-16.570139,12.635694
3.0,-16.569585,12.635694
3.0,-16.569585,12.635972
3.0,-16.569304,12.635972
3.0,-16.569304,12.635694
3.0,-16.568751,12.635694
3.0,-16.568751,12.635418
3.0,-16.568195,12.635418
3.0,-16.568195,12.635137
3.0,-16.567363,12.635137
3.0,-16.567363,12.634862
3.0,-16.567082,12.634862
3.0,-16.567082,12.634584
3.0,-16.566529,12.634584
3.0,-16.566529,12.634306
3.0,-16.56625,12.634306
3.0,-16.56625,12.633749
3.0,-16.565972,12.633749
3.0,-16.565972,12.633193
3.0,-16.565416,12.633193
3.0,-16.565416,12.632918
3.0,-16.56486,12.632918
3.0,-16.56486,12.632639
3.0,-16.562916,12.632639
3.0,-16.562916,12.632918
3.0,-16.562084,12.632918
3.0,-16.562084,12.633193
3.0,-16.561806,12.633193
3.0,-16.561806,12.633471
3.0,-16.55986,12.633471
3.0,-16.55986,12.633193
3.0,-16.55875,12.633193
3.0,-16.55875,12.632918
3.0,-16.557916,12.632918
3.0,-16.557916,12.632639
3.0,-16.557638,12.632639
3.0,-16.557638,12.632083
3.0,-16.557084,12.632083
3.0,-16.557084,12.631805
3.0,-16.556806,12.631805
3.0,-16.556806,12.631251
3.0,-16.55625,12.631251
3.0,-16.55625,12.630971
3.0,-16.555974,12.630971
3.0,-16.555974,12.630695
3.0,-16.555694,12.630695
3.0,-16.555694,12.630417
3.0,-16.555415,12.630417
3.0,-16.555415,12.630139
3.0,-16.55514,12.630139
3.0,-16.55514,12.629861
3.0,-16.554862,12.629861
3.0,-16.554862,12.629583
3.0,-16.554584,12.629583
3.0,-16.554584,12.629305
3.0,-16.554306,12.629305
3.0,-16.554306,12.628749
3.0,-16.554027,12.628749
3.0,-16.554027,12.628473
3.0,-16.553749,12.628473
3.0,-16.553749,12.628195
3.0,-16.553193,12.628195
3.0,-16.553193,12.627917
3.0,-16.552918,12.627917
3.0,-16.552918,12.627361
3.0,-16.552639,12.627361
3.0,-16.552639,12.627083
3.0,-16.552361,12.627083
3.0,-16.552361,12.626251
3.0,-16.552083,12.626251
3.0,-16.552083,12.625695
3.0,-16.551251,12.625695
3.0,-16.551251,12.625139
3.0,-16.550971,12.625139
3.0,-16.550971,12.624583
3.0,-16.550417,12.624583
3.0,-16.550417,12.624029
3.0,-16.550139,12.624029
3.0,-16.550139,12.623751
3.0,-16.549583,12.623751
3.0,-16.549583,12.623473
3.0,-16.549029,12.623473
3.0,-16.549029,12.622917
3.0,-16.548471,12.622917
3.0,-16.548471,12.622639
3.0,-16.547917,12.622639
3.0,-16.547917,12.622361
3.0,-16.547639,12.622361
3.0,-16.547639,12.621529
3.0,-16.547361,12.621529
3.0,-16.547361,12.620973
3.0,-16.547083,12.620973
3.0,-16.547083,12.620416
3.0,-16.546527,12.620416
3.0,-16.546527,12.620138
3.0,-16.546249,12.620138
3.0,-16.546249,12.61986
3.0,-16.545695,12.61986
3.0,-16.545695,12.619582
3.0,-16.545417,12.619582
3.0,-16.545417,12.619307
3.0,-16.544861,12.619307
3.0,-16.544861,12.619028
3.0,-16.544307,12.619028
3.0,-16.544307,12.61875
3.0,-16.543751,12.61875
3.0,-16.543751,12.618472
3.0,-16.543473,12.618472
3.0,-16.543473,12.618194
3.0,-16.543195,12.618194
3.0,-16.543195,12.617916
3.0,-16.542639,12.617916
3.0,-16.542639,12.617638
3.0,-16.542085,12.617638
3.0,-16.542085,12.61736
3.0,-16.541529,12.61736
3.0,-16.541529,12.616806
3.0,-16.541251,12.616804
3.0,-16.541251,12.616528
3.0,-16.540973,12.616528
3.0,-16.540973,12.61625
3.0,-16.540695,12.61625
3.0,-16.540695,12.615694
3.0,-16.540416,12.615694
3.0,-16.540416,12.615416
3.0,-16.539863,12.615416
3.0,-16.539863,12.615138
3.0,-16.539582,12.615138
3.0,-16.539582,12.614862
3.0,-16.539028,12.614862
3.0,-16.539028,12.614584
3.0,-16.538472,12.614584
3.0,-16.538472,12.614306
3.0,-16.53764,12.614306
3.0,-16.53764,12.614028
3.0,-16.53736,12.614028
3.0,-16.53736,12.612916
3.0,-16.537082,12.612916
3.0,-16.537082,12.612638
3.0,-16.536528,12.612638
3.0,-16.536528,12.612084
3.0,-16.53625,12.612084
3.0,-16.53625,12.611806
3.0,-16.536528,12.611806
3.0,-16.536528,12.611528
3.0,-16.53625,12.611528
3.0,-16.53625,12.61125
3.0,-16.536528,12.61125
3.0,-16.536528,12.610696
3.0,-16.536806,12.610696
3.0,-16.536806,12.609862
3.0,-16.537082,12.609862
3.0,-16.537082,12.607918
3.0,-16.53736,12.607918
3.0,-16.53736,12.60764
3.0,-16.537082,12.60764
3.0,-16.537082,12.607362
3.0,-16.53736,12.607362
3.0,-16.53736,12.605971
3.0,-16.537082,12.605971
3.0,-16.537082,12.605696
3.0,-16.536806,12.605696
3.0,-16.536806,12.601249
3.0,-16.536528,12.601249
3.0,-16.536528,12.599305
3.0,-16.536806,12.599305
3.0,-16.536806,12.598195
3.0,-16.536528,12.598195
3.0,-16.536528,12.597361
3.0,-16.536806,12.597361
3.0,-16.536806,12.596529
3.0,-16.537082,12.596529
3.0,-16.537082,12.595695
3.0,-16.53736,12.595695
3.0,-16.53736,12.595417
3.0,-16.537916,12.595417
3.0,-16.537916,12.595139
3.0,-16.538194,12.595139
3.0,-16.538194,12.594307
3.0,-16.537916,12.594307
3.0,-16.537916,12.593473
3.0,-16.538194,12.593473
3.0,-16.538194,12.593194
3.0,-16.538472,12.593194
3.0,-16.538472,12.591528
3.0,-16.53875,12.591528
3.0,-16.53875,12.590416
3.0,-16.539028,12.590416
3.0,-16.539028,12.58996
3.0,-16.539028,12.58875
3.0,-16.538194,12.58875
3.0,-16.538194,12.588472
3.0,-16.537082,12.588472
3.0,-16.537082,12.588194
3.0,-16.535972,12.588194
3.0,-16.535972,12.587916
3.0,-16.534839,12.587909
3.0,-16.53486,12.587638
3.0,-16.53457,12.57804
3.0,-16.52137,12.559671
3.0,-16.49975,12.563591
3.0,-16.490141,12.560482
3.0,-16.489888,12.55114
3.0,-16.489551,12.538671
3.0,-16.483272,12.522997
3.0,-16.44955,12.50372
3.0,-16.448241,12.500399
3.0,-16.449579,12.4958
3.0,-16.46361,12.490882
3.0,-16.46587,12.475001
3.0,-16.461189,12.464079
3.0,-16.45618,12.450299
3.0,-16.457162,12.44385
3.0,-16.45483,12.44116
3.0,-16.446461,12.431091
3.0,-16.43603,12.424741
3.0,-16.43244,12.419461
3.0,-16.43512,12.409031
3.0,-16.44227,12.398319
3.0,-16.44524,12.390892
3.0,-16.444009,12.386739
3.0,-16.44041,12.381242
3.0,-16.4361,12.375742
3.0,-16.432739,12.370459
3.0,-16.428691,12.358621
3.0,-16.467769,12.356641
3.0,-16.49433,12.35041
3.0,-16.507191,12.34948
3.0,-16.50934,12.35151
3.0,-16.52261,12.353101
3.0,-16.545941,12.3559
3.0,-16.555969,12.35456
3.0,-16.56014,12.352192
3.0,-16.58344,12.34669
3.0,-16.592091,12.3463
3.0,-16.60263,12.34656
3.0,-16.648931,12.354799
3.0,-16.651729,12.355301
3.0,-16.672809,12.356062
3.0,-16.680032,12.354311
3.0,-16.697661,12.34638
3.0,-16.705159,12.340441
3.0,-16.705139,12.34014
3.0,-16.705462,12.340199
3.0,-16.705417,12.339862
3.0,-16.705695,12.339862
3.0,-16.705695,12.339584
3.0,-16.705973,12.339584
3.0,-16.705973,12.339306
3.0,-16.706249,12.339306
3.0,-16.706249,12.339028
3.0,-16.706527,12.339028
3.0,-16.706527,12.338749
3.0,-16.706807,12.338749
3.0,-16.706807,12.338471
3.0,-16.707361,12.338471
3.0,-16.707361,12.338196
3.0,-16.707992,12.338196
3.0,-16.708195,12.338196
3.0,-16.708227,12.33797
3.0,-16.708437,12.337924
3.0,-16.708471,12.33764
3.0,-16.708694,12.33764
3.0,-16.709029,12.33764
3.0,-16.709029,12.337375
3.0,-16.709305,12.337361
3.0,-16.709305,12.337156
3.0,-16.709583,12.337083
3.0,-16.709583,12.336935
3.0,-16.709583,12.336805
3.0,-16.709861,12.336805
3.0,-16.709861,12.336527
3.0,-16.710164,12.336559
3.0,-16.710139,12.336249
3.0,-16.710543,12.336249
3.0,-16.710971,12.336249
3.0,-16.710937,12.335928
3.0,-16.711251,12.335971
3.0,-16.711251,12.336249
3.0,-16.711527,12.336249
3.0,-16.711527,12.336527
3.0,-16.712083,12.336527
3.0,-16.712083,12.336805
3.0,-16.712361,12.336805
3.0,-16.712361,12.337083
3.0,-16.712917,12.337083
3.0,-16.712917,12.337361
3.0,-16.713193,12.337361
3.0,-16.713193,12.33764
3.0,-16.713752,12.33764
3.0,-16.713752,12.337915
3.0,-16.714027,12.337915
3.0,-16.714027,12.338196
3.0,-16.714583,12.338196
3.0,-16.714583,12.338471
3.0,-16.714861,12.338471
3.0,-16.714861,12.338749
3.0,-16.71514,12.338749
3.0,-16.71514,12.339028
3.0,-16.715415,12.339028
3.0,-16.715415,12.339306
3.0,-16.715693,12.339306
3.0,-16.715693,12.339584
3.0,-16.716249,12.339584
3.0,-16.716249,12.339862
3.0,-16.716528,12.339862
3.0,-16.716528,12.340137
3.0,-16.716806,12.34014
3.0,-16.716806,12.340418
3.0,-16.717084,12.340418
3.0,-16.717084,12.340694
3.0,-16.717362,12.340694
3.0,-16.717362,12.34125
3.0,-16.717637,12.34125
3.0,-16.717637,12.341806
3.0,-16.717916,12.341806
3.0,-16.717916,12.342362
3.0,-16.718196,12.342362
3.0,-16.718196,12.342916
3.0,-16.718472,12.342916
3.0,-16.718472,12.343472
3.0,-16.71875,12.343472
3.0,-16.71875,12.34375
3.0,-16.719028,12.34375
3.0,-16.719028,12.344028
3.0,-16.719306,12.344028
3.0,-16.719306,12.344306
3.0,-16.719862,12.344306
3.0,-16.719862,12.344584
3.0,-16.720138,12.344584
3.0,-16.720138,12.344862
3.0,-16.720418,12.344862
3.0,-16.720418,12.345416
3.0,-16.720694,12.345416
3.0,-16.720694,12.345972
3.0,-16.720972,12.345972
3.0,-16.720972,12.34625
3.0,-16.72125,12.34625
3.0,-16.72125,12.346528
3.0,-16.721528,12.346528
3.0,-16.721528,12.346806
3.0,-16.721806,12.346806
3.0,-16.721806,12.347362
3.0,-16.722084,12.347362
3.0,-16.722084,12.347638
3.0,-16.72236,12.347638
3.0,-16.72236,12.347916
3.0,-16.72264,12.347916
3.0,-16.72264,12.348194
3.0,-16.722918,12.348194
3.0,-16.722918,12.348472
3.0,-16.723194,12.348472
3.0,-16.723194,12.34875
3.0,-16.723472,12.34875
3.0,-16.723472,12.349028
3.0,-16.724028,12.349028
3.0,-16.724028,12.349304
3.0,-16.724582,12.349304
3.0,-16.724582,12.349584
3.0,-16.72486,12.349584
3.0,-16.72486,12.34986
3.0,-16.72514,12.34986
3.0,-16.72514,12.350138
3.0,-16.725416,12.350138
3.0,-16.725416,12.350694
3.0,-16.725694,12.350694
3.0,-16.725694,12.351251
3.0,-16.725972,12.351251
3.0,-16.725972,12.351807
3.0,-16.72625,12.351807
3.0,-16.72625,12.352082
3.0,-16.726528,12.352082
3.0,-16.726528,12.35236
3.0,-16.726804,12.35236
3.0,-16.726804,12.352639
3.0,-16.727082,12.352639
3.0,-16.727082,12.352917
3.0,-16.727363,12.352917
3.0,-16.727363,12.353195
3.0,-16.727638,12.353195
3.0,-16.727638,12.353473
3.0,-16.727916,12.353473
3.0,-16.727916,12.353751
3.0,-16.728194,12.353751
3.0,-16.728194,12.354029
3.0,-16.728472,12.354029
3.0,-16.728472,12.354305
3.0,-16.728751,12.354305
3.0,-16.728751,12.354583
3.0,-16.729304,12.354583
3.0,-16.729304,12.354861
3.0,-16.729585,12.354861
3.0,-16.729585,12.355139
3.0,-16.730139,12.355139
3.0,-16.730139,12.359583
3.0,-16.730417,12.359583
3.0,-16.730417,12.361805
3.0,-16.730139,12.361805
3.0,-16.730139,12.362917
3.0,-16.730417,12.362917
3.0,-16.730417,12.363195
3.0,-16.730695,12.363195
3.0,-16.730695,12.365693
3.0,-16.730973,12.365693
3.0,-16.730973,12.36625
3.0,-16.730695,12.36625
3.0,-16.730695,12.36875
3.0,-16.730973,12.36875
3.0,-16.730973,12.37014
3.0,-16.731251,12.37014
3.0,-16.731251,12.370416
3.0,-16.731527,12.370416
3.0,-16.731527,12.371528
3.0,-16.731807,12.371528
3.0,-16.731807,12.372362
3.0,-16.732083,12.372362
3.0,-16.732085,12.373194
3.0,-16.732361,12.373194
3.0,-16.732361,12.373472
3.0,-16.732639,12.373472
3.0,-16.732639,12.37375
3.0,-16.732917,12.37375
3.0,-16.732917,12.374306
3.0,-16.733195,12.374306
3.0,-16.733195,12.37486
3.0,-16.733473,12.37486
3.0,-16.733473,12.375416
3.0,-16.733749,12.375416
3.0,-16.733749,12.375694
3.0,-16.734027,12.375694
3.0,-16.734027,12.375972
3.0,-16.734307,12.375972
3.0,-16.734307,12.37625
3.0,-16.734583,12.37625
3.0,-16.734583,12.376804
3.0,-16.734861,12.376804
3.0,-16.734861,12.377916
3.0,-16.735139,12.377916
3.0,-16.735139,12.378473
3.0,-16.735417,12.378473
3.0,-16.735417,12.378751
3.0,-16.735695,12.378751
3.0,-16.735695,12.379026
3.0,-16.735971,12.379026
3.0,-16.735971,12.379582
3.0,-16.736249,12.379582
3.0,-16.736249,12.379861
3.0,-16.736529,12.379861
3.0,-16.736529,12.380139
3.0,-16.736805,12.380139
3.0,-16.736805,12.380695
3.0,-16.737083,12.380695
3.0,-16.737083,12.380973
3.0,-16.737361,12.380973
3.0,-16.737361,12.381251
3.0,-16.737639,12.381251
3.0,-16.737639,12.381529
3.0,-16.737917,12.381529
3.0,-16.737917,12.381805
3.0,-16.738193,12.381805
3.0,-16.738193,12.382083
3.0,-16.739027,12.382083
3.0,-16.739027,12.382361
3.0,-16.741805,12.382361
3.0,-16.741805,12.382083
3.0,-16.742083,12.382083
3.0,-16.742083,12.381805
3.0,-16.742915,12.381805
3.0,-16.742915,12.381529
3.0,-16.743474,12.381529
3.0,-16.743474,12.381251
3.0,-16.744306,12.381251
3.0,-16.744306,12.381529
3.0,-16.744584,12.381529
3.0,-16.744584,12.382083
3.0,-16.744862,12.382083
3.0,-16.744862,12.382361
3.0,-16.745138,12.382361
3.0,-16.745138,12.382917
3.0,-16.745416,12.382917
3.0,-16.745416,12.383195
3.0,-16.745696,12.383195
3.0,-16.745696,12.383751
3.0,-16.745972,12.383751
3.0,-16.745972,12.384027
3.0,-16.74625,12.384027
3.0,-16.74625,12.384861
3.0,-16.746528,12.384861
3.0,-16.746528,12.385417
3.0,-16.746806,12.385417
3.0,-16.746806,12.385971
3.0,-16.747084,12.385971
3.0,-16.747084,12.387083
3.0,-16.74736,12.387083
3.0,-16.74736,12.388193
3.0,-16.747638,12.388193
3.0,-16.747638,12.388473
3.0,-16.747918,12.388473
3.0,-16.747918,12.388749
3.0,-16.748194,12.388749
3.0,-16.748194,12.389027
3.0,-16.74875,12.389027
3.0,-16.74875,12.389305
3.0,-16.749028,12.389305
3.0,-16.749028,12.389583
3.0,-16.749584,12.389583
3.0,-16.749584,12.389861
3.0,-16.74986,12.389861
3.0,-16.74986,12.390139
3.0,-16.75014,12.390139
3.0,-16.75014,12.390417
3.0,-16.750416,12.390417
3.0,-16.750416,12.390696
3.0,-16.750694,12.390696
3.0,-16.750694,12.391249
3.0,-16.750972,12.391249
3.0,-16.750972,12.391527
3.0,-16.752916,12.391527
3.0,-16.752916,12.391805
3.0,-16.753472,12.391805
3.0,-16.753472,12.391527
3.0,-16.75375,12.391527
3.0,-16.75375,12.391249
3.0,-16.754028,12.391249
3.0,-16.754028,12.390971
3.0,-16.754582,12.390971
3.0,-16.754582,12.391249
3.0,-16.754863,12.391249
3.0,-16.754863,12.391527
3.0,-16.755416,12.391527
3.0,-16.755416,12.391805
3.0,-16.755694,12.391805
3.0,-16.755694,12.392084
3.0,-16.756251,12.392084
3.0,-16.756251,12.392918
3.0,-16.756526,12.392918
3.0,-16.756526,12.393193
3.0,-16.756804,12.393193
3.0,-16.756804,12.39375
3.0,-16.757085,12.39375
3.0,-16.757085,12.394306
3.0,-16.757361,12.394306
3.0,-16.757361,12.39514
3.0,-16.757639,12.39514
3.0,-16.757639,12.395694
3.0,-16.758195,12.395694
3.0,-16.758195,12.395972
3.0,-16.758473,12.395972
3.0,-16.758473,12.39625
3.0,-16.758751,12.39625
3.0,-16.758751,12.396528
3.0,-16.759307,12.396528
3.0,-16.759307,12.396806
3.0,-16.759583,12.396806
3.0,-16.759583,12.397084
3.0,-16.759861,12.397084
3.0,-16.759861,12.39736
3.0,-16.760695,12.39736
3.0,-16.760695,12.39764
3.0,-16.761529,12.39764
3.0,-16.761529,12.397916
3.0,-16.762639,12.397916
3.0,-16.762639,12.39736
3.0,-16.762917,12.39736
3.0,-16.762917,12.397084
3.0,-16.763195,12.397084
3.0,-16.763195,12.396806
3.0,-16.764029,12.396806
3.0,-16.764029,12.397916
3.0,-16.763749,12.397916
3.0,-16.763749,12.398472
3.0,-16.763471,12.398472
3.0,-16.763471,12.39875
3.0,-16.763749,12.39875
3.0,-16.763749,12.399306
3.0,-16.764305,12.399306
3.0,-16.764305,12.399582
3.0,-16.764583,12.399584
3.0,-16.764583,12.400972
3.0,-16.764305,12.400972
3.0,-16.764305,12.401528
3.0,-16.764583,12.401528
3.0,-16.764583,12.402084
3.0,-16.764861,12.402084
3.0,-16.764861,12.402638
3.0,-16.765139,12.40264
3.0,-16.765139,12.403194
3.0,-16.765417,12.403194
3.0,-16.765417,12.403472
3.0,-16.765693,12.403472
3.0,-16.765693,12.40375
3.0,-16.766805,12.40375
3.0,-16.766805,12.404028
3.0,-16.768193,12.404028
3.0,-16.768193,12.40375
3.0,-16.768474,12.40375
3.0,-16.768474,12.403472
3.0,-16.769862,12.403472
3.0,-16.769862,12.40375
3.0,-16.770696,12.40375
3.0,-16.770696,12.404028
3.0,-16.77125,12.404028
3.0,-16.77125,12.404307
3.0,-16.771528,12.404307
3.0,-16.771528,12.407639
3.0,-16.771806,12.407639
3.0,-16.771806,12.409029
3.0,-16.772084,12.409029
3.0,-16.772084,12.409583
3.0,-16.772362,12.409583
3.0,-16.772362,12.410139
3.0,-16.772638,12.410139
3.0,-16.772638,12.410695
3.0,-16.772918,12.410695
3.0,-16.772918,12.411251
3.0,-16.773196,12.411251
3.0,-16.773196,12.411805
3.0,-16.773472,12.411805
3.0,-16.773472,12.412083
3.0,-16.77375,12.412083
3.0,-16.77375,12.412361
3.0,-16.774028,12.412361
3.0,-16.774028,12.412917
3.0,-16.774306,12.412917
3.0,-16.774306,12.413195
3.0,-16.774584,12.413195
3.0,-16.774584,12.413473
3.0,-16.77486,12.413473
3.0,-16.77486,12.414027
3.0,-16.775138,12.414027
3.0,-16.775138,12.414305
3.0,-16.775418,12.414305
3.0,-16.775418,12.414861
3.0,-16.775138,12.414861
3.0,-16.775138,12.415971
3.0,-16.77486,12.415971
3.0,-16.77486,12.417639
3.0,-16.775418,12.417639
3.0,-16.775418,12.418196
3.0,-16.775694,12.418196
3.0,-16.775694,12.418749
3.0,-16.775972,12.418749
3.0,-16.775972,12.419306
3.0,-16.77625,12.419306
3.0,-16.77625,12.419862
3.0,-16.776528,12.419862
3.0,-16.776528,12.42125
3.0,-16.776806,12.42125
3.0,-16.776806,12.421528
3.0,-16.777082,12.421528
3.0,-16.777082,12.421806
3.0,-16.77736,12.421806
3.0,-16.77736,12.422362
3.0,-16.77764,12.422362
3.0,-16.77764,12.42264
3.0,-16.777916,12.42264
3.0,-16.777916,12.422916
3.0,-16.778194,12.422916
3.0,-16.778194,12.42375
3.0,-16.778472,12.42375
3.0,-16.778472,12.425138
3.0,-16.77875,12.425138
3.0,-16.77875,12.425694
3.0,-16.779028,12.425694
3.0,-16.779028,12.42625
3.0,-16.779306,12.42625
3.0,-16.779306,12.426806
3.0,-16.779582,12.426806
3.0,-16.779582,12.427362
3.0,-16.779862,12.427362
3.0,-16.779862,12.427638
3.0,-16.780138,12.427638
3.0,-16.780138,12.428194
3.0,-16.780416,12.428194
3.0,-16.780416,12.42875
3.0,-16.780694,12.42875
3.0,-16.780694,12.42986
3.0,-16.780972,12.42986
3.0,-16.780972,12.431529
3.0,-16.78125,12.431529
3.0,-16.78125,12.433195
3.0,-16.781528,12.433195
3.0,-16.781528,12.434861
3.0,-16.781804,12.434861
3.0,-16.781804,12.439861
3.0,-16.782085,12.439861
3.0,-16.782085,12.441249
3.0,-16.782363,12.441249
3.0,-16.782363,12.441805
3.0,-16.782638,12.441805
3.0,-16.782638,12.442361
3.0,-16.782916,12.442361
3.0,-16.782916,12.442917
3.0,-16.783195,12.442917
3.0,-16.783195,12.443471
3.0,-16.783473,12.443471
3.0,-16.783473,12.444027
3.0,-16.783195,12.444027
3.0,-16.783195,12.444583
3.0,-16.783473,12.444583
3.0,-16.783473,12.44514
3.0,-16.783751,12.44514
3.0,-16.783751,12.445693
3.0,-16.784026,12.445696
3.0,-16.784026,12.446249
3.0,-16.784304,12.446249
3.0,-16.784304,12.446806
3.0,-16.784585,12.446806
3.0,-16.784585,12.447362
3.0,-16.784861,12.447362
3.0,-16.784861,12.447637
3.0,-16.785139,12.447637
3.0,-16.785139,12.447918
3.0,-16.785417,12.447918
3.0,-16.785417,12.448472
3.0,-16.785695,12.448472
3.0,-16.785695,12.44875
3.0,-16.785973,12.44875
3.0,-16.785973,12.449862
3.0,-16.786249,12.449862
3.0,-16.786249,12.45014
3.0,-16.786527,12.45014
3.0,-16.786527,12.450416
3.0,-16.786807,12.450416
3.0,-16.786807,12.450972
3.0,-16.787083,12.450972
3.0,-16.787083,12.45125
3.0,-16.787361,12.45125
3.0,-16.787361,12.451528
3.0,-16.787639,12.451528
3.0,-16.787639,12.452084
3.0,-16.787917,12.452084
3.0,-16.787917,12.453472
3.0,-16.788195,12.453472
3.0,-16.788195,12.454306
3.0,-16.788473,12.454306
3.0,-16.788473,12.45486
3.0,-16.788749,12.45486
3.0,-16.788749,12.455694
3.0,-16.789029,12.455694
3.0,-16.789029,12.45736
3.0,-16.788749,12.45736
3.0,-16.788749,12.458751
3.0,-16.789029,12.458751
3.0,-16.789029,12.460417
3.0,-16.789305,12.460417
3.0,-16.789305,12.464027
3.0,-16.789583,12.464027
3.0,-16.789583,12.465971
3.0,-16.789029,12.465971
3.0,-16.789029,12.466527
3.0,-16.789305,12.466527
3.0,-16.789305,12.468473
3.0,-16.789029,12.468473
3.0,-16.789029,12.472083
3.0,-16.788749,12.472083
3.0,-16.788749,12.474306
3.0,-16.789029,12.474306
3.0,-16.789029,12.475418
3.0,-16.789305,12.475418
3.0,-16.789305,12.476806
3.0,-16.789583,12.476806
3.0,-16.789583,12.478194
3.0,-16.789861,12.478194
3.0,-16.789861,12.479028
3.0,-16.790139,12.479028
3.0,-16.790139,12.479306
3.0,-16.790417,12.479306
3.0,-16.790417,12.479862
3.0,-16.790695,12.479862
3.0,-16.790695,12.481528
3.0,-16.790971,12.481528
3.0,-16.790971,12.483194
3.0,-16.791251,12.483194
3.0,-16.791251,12.48486
3.0,-16.790971,12.48486
3.0,-16.790971,12.485416
3.0,-16.790695,12.485416
3.0,-16.790695,12.485694
3.0,-16.790417,12.485694
3.0,-16.790417,12.486251
3.0,-16.790139,12.486251
3.0,-16.790139,12.486807
3.0,-16.789861,12.486807
3.0,-16.789861,12.487082
3.0,-16.789583,12.487082
3.0,-16.789583,12.487639
3.0,-16.789305,12.487639
3.0,-16.789305,12.487917
3.0,-16.789029,12.487917
3.0,-16.789029,12.488473
3.0,-16.788749,12.488473
3.0,-16.788749,12.489029
3.0,-16.788473,12.489029
3.0,-16.788473,12.489305
3.0,-16.788195,12.489305
3.0,-16.788195,12.489861
3.0,-16.787917,12.489861
3.0,-16.787917,12.490417
3.0,-16.787639,12.490417
3.0,-16.787639,12.490973
3.0,-16.787361,12.490973
3.0,-16.787361,12.491527
3.0,-16.787083,12.491527
3.0,-16.787083,12.492083
3.0,-16.786807,12.492083
3.0,-16.786807,12.492639
3.0,-16.786527,12.492639
3.0,-16.786527,12.493195
3.0,-16.786249,12.493195
3.0,-16.786249,12.493749
3.0,-16.785973,12.493749
3.0,-16.785973,12.494305
3.0,-16.785695,12.494305
3.0,-16.785695,12.495139
3.0,-16.785417,12.495139
3.0,-16.785417,12.495693
3.0,-16.785139,12.495693
3.0,-16.785139,12.496249
3.0,-16.784861,12.496249
3.0,-16.784861,12.496805
3.0,-16.784585,12.496805
3.0,-16.784585,12.497639
3.0,-16.784304,12.497639
3.0,-16.784304,12.498196
3.0,-16.784026,12.498196
3.0,-16.784026,12.498749
3.0,-16.783751,12.498749
3.0,-16.783751,12.499305
3.0,-16.783473,12.499305
3.0,-16.783473,12.50014
3.0,-16.783195,12.50014
3.0,-16.783195,12.500693
3.0,-16.782916,12.500693
3.0,-16.782916,12.50125
3.0,-16.782638,12.50125
3.0,-16.782638,12.501806
3.0,-16.782363,12.501806
3.0,-16.782363,12.50264
3.0,-16.782638,12.50264
3.0,-16.782638,12.504028
3.0,-16.781804,12.504028
3.0,-16.781804,12.504306
3.0,-16.78125,12.504306
3.0,-16.78125,12.505694
3.0,-16.780972,12.505694
3.0,-16.780972,12.506528
3.0,-16.780694,12.506528
3.0,-16.780694,12.507362
3.0,-16.780416,12.507362
3.0,-16.780416,12.508194
3.0,-16.780138,12.508194
3.0,-16.780138,12.509028
3.0,-16.779862,12.509028
3.0,-16.779862,12.50986
3.0,-16.779582,12.50986
3.0,-16.779582,12.510416
3.0,-16.779306,12.510416
3.0,-16.779306,12.510972
3.0,-16.779028,12.510972
3.0,-16.779028,12.511528
3.0,-16.77875,12.511528
3.0,-16.77875,12.512638
3.0,-16.778472,12.512638
3.0,-16.778472,12.514583
3.0,-16.778194,12.514583
3.0,-16.778194,12.516529
3.0,-16.777916,12.516529
3.0,-16.777916,12.517083
3.0,-16.77764,12.517083
3.0,-16.77764,12.517639
3.0,-16.77736,12.517639
3.0,-16.77736,12.518195
3.0,-16.777082,12.518195
3.0,-16.777082,12.519305
3.0,-16.776806,12.519305
3.0,-16.776806,12.520417
3.0,-16.776528,12.520417
3.0,-16.776528,12.521249
3.0,-16.77625,12.521249
3.0,-16.77625,12.522361
3.0,-16.775972,12.522361
3.0,-16.775972,12.522917
3.0,-16.775694,12.522917
3.0,-16.775694,12.523471
3.0,-16.775418,12.523471
3.0,-16.775418,12.524027
3.0,-16.775138,12.524027
3.0,-16.775138,12.524583
3.0,-16.77486,12.524583
3.0,-16.77486,12.524861
3.0,-16.774584,12.524861
3.0,-16.774584,12.525415
3.0,-16.774306,12.525415
3.0,-16.774306,12.525971
3.0,-16.774028,12.525971
3.0,-16.774028,12.526527
3.0,-16.77375,12.526527
3.0,-16.77375,12.527084
3.0,-16.773472,12.527084
3.0,-16.773472,12.527362
3.0,-16.773196,12.527362
3.0,-16.773196,12.527918
3.0,-16.772918,12.527918
3.0,-16.772918,12.528194
3.0,-16.772638,12.528194
3.0,-16.772638,12.52875
3.0,-16.772362,12.52875
3.0,-16.772362,12.529028
3.0,-16.772084,12.529028
3.0,-16.772084,12.529584
3.0,-16.771806,12.529584
3.0,-16.771847,12.53017
3.0,-16.771528,12.53014
3.0,-16.771528,12.530416
3.0,-16.77125,12.530416
3.0,-16.77125,12.530972
3.0,-16.770972,12.530972
3.0,-16.770972,12.53125
3.0,-16.770696,12.53125
3.0,-16.770696,12.531528
3.0,-16.770415,12.531528
3.0,-16.770415,12.531806
3.0,-16.77014,12.531806
3.0,-16.770169,12.532105
3.0,-16.769862,12.532084
3.0,-16.769855,12.532403
3.0,-16.769584,12.532362
3.0,-16.769584,12.532638
3.0,-16.769305,12.532638
3.0,-16.769326,12.53321
3.0,-16.769027,12.533194
3.0,-16.769089,12.53352
3.0,-16.768749,12.533472
3.0,-16.768749,12.53375
3.0,-16.768474,12.53375
3.0,-16.768474,12.534028
3.0,-16.768193,12.534028
3.0,-16.768193,12.534306
3.0,-16.767915,12.534306
3.0,-16.767915,12.534584
3.0,-16.767639,12.534584
3.0,-16.767639,12.53486
3.0,-16.767361,12.534862
3.0,-16.767361,12.535138
3.0,-16.767083,12.535138
3.0,-16.767083,12.535416
3.0,-16.766805,12.535416
3.0,-16.766805,12.535694
3.0,-16.766527,12.535694
3.0,-16.766527,12.535972
3.0,-16.766251,12.535972
3.0,-16.766251,12.53625
3.0,-16.765971,12.53625
3.0,-16.765971,12.536528
3.0,-16.765693,12.536528
3.0,-16.765693,12.536804
3.0,-16.765139,12.536804
3.0,-16.765139,12.537084
3.0,-16.764861,12.537084
3.0,-16.764861,12.53736
3.0,-16.764583,12.53736
3.0,-16.764583,12.537638
3.0,-16.764305,12.537638
3.0,-16.764305,12.537916
3.0,-16.764029,12.537916
3.0,-16.764029,12.538194
3.0,-16.763749,12.538194
3.0,-16.763749,12.538472
3.0,-16.763471,12.538472
3.0,-16.763471,12.53875
3.0,-16.763195,12.53875
3.0,-16.763195,12.539029
3.0,-16.762917,12.539029
3.0,-16.762917,12.539307
3.0,-16.762639,12.539307
3.0,-16.762639,12.539582
3.0,-16.762083,12.539582
3.0,-16.762083,12.53986
3.0,-16.761807,12.53986
3.0,-16.761805,12.540138
3.0,-16.761249,12.540138
3.0,-16.761249,12.540417
3.0,-16.760973,12.540417
3.0,-16.760973,12.540695
3.0,-16.760417,12.540695
3.0,-16.760417,12.540973
3.0,-16.760139,12.540973
3.0,-16.760139,12.541251
3.0,-16.759583,12.541251
3.0,-16.759583,12.541529
3.0,-16.759307,12.541529
3.0,-16.759307,12.541805
3.0,-16.758751,12.541805
3.0,-16.758751,12.542085
3.0,-16.758473,12.542085
3.0,-16.758473,12.542361
3.0,-16.758195,12.542361
3.0,-16.758195,12.542639
3.0,-16.757639,12.542639
3.0,-16.757639,12.542917
3.0,-16.757361,12.542917
3.0,-16.757361,12.543195
3.0,-16.756804,12.543195
3.0,-16.756804,12.543473
3.0,-16.756526,12.543473
3.0,-16.756526,12.543751
3.0,-16.756189,12.543751
3.0,-16.755973,12.543751
3.0,-16.755973,12.544027
3.0,-16.755138,12.544027
3.0,-16.755138,12.544305
3.0,-16.754582,12.544305
3.0,-16.754582,12.544583
3.0,-16.754304,12.544583
3.0,-16.754304,12.544861
3.0,-16.75375,12.544861
3.0,-16.75375,12.545139
3.0,-16.753472,12.545139
3.0,-16.753472,12.545417
3.0,-16.749306,12.545417
3.0,-16.749306,12.545139
3.0,-16.749028,12.545139
3.0,-16.749028,12.544583
3.0,-16.74875,12.544583
3.0,-16.74875,12.544305
3.0,-16.748472,12.544305
3.0,-16.748472,12.543751
3.0,-16.748194,12.543751
3.0,-16.748194,12.543473
3.0,-16.747918,12.543473
3.0,-16.747918,12.542917
3.0,-16.747638,12.542917
3.0,-16.747638,12.542361
3.0,-16.74736,12.542361
3.0,-16.74736,12.541805
3.0,-16.747084,12.541805
3.0,-16.747084,12.540973
3.0,-16.746806,12.540973
3.0,-16.746806,12.540138
3.0,-16.746528,12.540138
3.0,-16.746528,12.539029
3.0,-16.746268,12.53896
3.0,-16.74625,12.538472
3.0,-16.745972,12.538472
3.0,-16.745972,12.537916
3.0,-16.745696,12.537916
3.0,-16.745696,12.53736
3.0,-16.745416,12.53736
3.0,-16.745416,12.536804
3.0,-16.745138,12.536804
3.0,-16.745138,12.53625
3.0,-16.744862,12.53625
3.0,-16.744862,12.535694
3.0,-16.744584,12.535694
3.0,-16.744584,12.535138
3.0,-16.744306,12.535138
3.0,-16.744306,12.534862
3.0,-16.744028,12.53486
3.0,-16.744028,12.534306
3.0,-16.74375,12.534306
3.0,-16.74375,12.53375
3.0,-16.743474,12.53375
3.0,-16.743474,12.533472
3.0,-16.743196,12.533472
3.0,-16.743196,12.531806
3.0,-16.742915,12.531806
3.0,-16.742915,12.530694
3.0,-16.74264,12.530694
3.0,-16.74264,12.530416
3.0,-16.742362,12.530416
3.0,-16.742362,12.52875
3.0,-16.742083,12.52875
3.0,-16.742083,12.528472
3.0,-16.741805,12.528472
3.0,-16.741805,12.527918
3.0,-16.741527,12.527918
3.0,-16.741527,12.527362
3.0,-16.741249,12.527362
3.0,-16.741249,12.526527
3.0,-16.740974,12.526527
3.0,-16.740974,12.525971
3.0,-16.740693,12.525971
3.0,-16.740693,12.525415
3.0,-16.740417,12.525415
3.0,-16.740417,12.525139
3.0,-16.740139,12.525139
3.0,-16.740139,12.524027
3.0,-16.739861,12.524027
3.0,-16.739861,12.522917
3.0,-16.739583,12.522917
3.0,-16.739583,12.522361
3.0,-16.739305,12.522361
3.0,-16.739305,12.522083
3.0,-16.739027,12.522083
3.0,-16.739027,12.520973
3.0,-16.738751,12.520973
3.0,-16.738751,12.520695
3.0,-16.738471,12.520695
3.0,-16.738471,12.520139
3.0,-16.737917,12.520139
3.0,-16.737917,12.519305
3.0,-16.737361,12.519305
3.0,-16.737361,12.518751
3.0,-16.737083,12.518751
3.0,-16.737083,12.518195
3.0,-16.736805,12.518195
3.0,-16.736805,12.517917
3.0,-16.736529,12.517917
3.0,-16.736529,12.517361
3.0,-16.736249,12.517361
3.0,-16.736249,12.516805
3.0,-16.735971,12.516805
3.0,-16.735971,12.516529
3.0,-16.735417,12.516529
3.0,-16.735417,12.515973
3.0,-16.735139,12.515973
3.0,-16.735139,12.515695
3.0,-16.734583,12.515695
3.0,-16.734583,12.515139
3.0,-16.734307,12.515139
3.0,-16.734307,12.514583
3.0,-16.734027,12.514583
3.0,-16.734027,12.514304
3.0,-16.733473,12.514304
3.0,-16.733473,12.513751
3.0,-16.733195,12.513751
3.0,-16.733195,12.513473
3.0,-16.732917,12.513473
3.0,-16.732917,12.512916
3.0,-16.732639,12.512916
3.0,-16.732639,12.512363
3.0,-16.732085,12.512363
3.0,-16.732085,12.512082
3.0,-16.731807,12.512082
3.0,-16.731807,12.511528
3.0,-16.731251,12.511528
3.0,-16.731251,12.51125
3.0,-16.730973,12.51125
3.0,-16.730973,12.510972
3.0,-16.730417,12.510972
3.0,-16.730417,12.510694
3.0,-16.72986,12.510694
3.0,-16.72986,12.510138
3.0,-16.729029,12.510138
3.0,-16.729029,12.50986
3.0,-16.728472,12.50986
3.0,-16.728472,12.509584
3.0,-16.728194,12.509584
3.0,-16.728194,12.509306
3.0,-16.727638,12.509306
3.0,-16.727638,12.510694
3.0,-16.727363,12.510694
3.0,-16.727363,12.510138
3.0,-16.726804,12.510138
3.0,-16.726804,12.510416
3.0,-16.725694,12.510416
3.0,-16.725694,12.510138
3.0,-16.72486,12.510138
3.0,-16.72486,12.509584
3.0,-16.724306,12.509584
3.0,-16.724306,12.509028
3.0,-16.72375,12.509028
3.0,-16.72375,12.50875
3.0,-16.723194,12.50875
3.0,-16.723194,12.508472
3.0,-16.722918,12.508472
3.0,-16.722918,12.508194
3.0,-16.72264,12.508194
3.0,-16.72264,12.507916
3.0,-16.722084,12.507916
3.0,-16.722084,12.507638
3.0,-16.719306,12.507638
3.0,-16.719306,12.507916
3.0,-16.717637,12.507916
3.0,-16.717637,12.507638
3.0,-16.717084,12.507638
3.0,-16.717084,12.507362
3.0,-16.716528,12.507362
3.0,-16.716528,12.507082
3.0,-16.715693,12.507082
3.0,-16.715693,12.506528
3.0,-16.71514,12.506528
3.0,-16.71514,12.50625
3.0,-16.714027,12.50625
3.0,-16.714027,12.505972
3.0,-16.713193,12.505972
3.0,-16.713193,12.505694
3.0,-16.712361,12.505694
3.0,-16.712361,12.505416
3.0,-16.711527,12.505416
3.0,-16.711527,12.50514
3.0,-16.710971,12.50514
3.0,-16.710971,12.505416
3.0,-16.710695,12.505416
3.0,-16.710695,12.50514
3.0,-16.709029,12.505138
3.0,-16.709029,12.504862
3.0,-16.708195,12.504862
3.0,-16.708195,12.505138
3.0,-16.707361,12.505138
3.0,-16.707361,12.504862
3.0,-16.707083,12.504862
3.0,-16.707083,12.505138
3.0,-16.706527,12.505138
3.0,-16.706527,12.504862
3.0,-16.704861,12.504862
3.0,-16.704861,12.504584
3.0,-16.702638,12.504584
3.0,-16.702638,12.504862
3.0,-16.702363,12.504862
3.0,-16.702363,12.504584
3.0,-16.702085,12.504584
3.0,-16.702085,12.504862
3.0,-16.701804,12.504862
3.0,-16.701804,12.504584
3.0,-16.699863,12.504584
3.0,-16.699863,12.504862
3.0,-16.699582,12.504862
3.0,-16.699582,12.504584
3.0,-16.699306,12.504584
3.0,-16.699304,12.504862
3.0,-16.694584,12.504862
3.0,-16.694584,12.505138
3.0,-16.694028,12.50514
3.0,-16.694028,12.505416
3.0,-16.692362,12.505416
3.0,-16.692362,12.505694
3.0,-16.691528,12.505694
3.0,-16.691528,12.505972
3.0,-16.690972,12.505972
3.0,-16.690972,12.50625
3.0,-16.689862,12.50625
3.0,-16.689862,12.506528
3.0,-16.689584,12.506528
3.0,-16.689584,12.506806
3.0,-16.688474,12.506806
3.0,-16.688474,12.507082
3.0,-16.687083,12.507082
3.0,-16.687083,12.506806
3.0,-16.686527,12.506806
3.0,-16.686527,12.506528
3.0,-16.685971,12.506528
3.0,-16.685971,12.505972
3.0,-16.685693,12.505972
3.0,-16.685693,12.505416
3.0,-16.685417,12.505416
3.0,-16.685417,12.50514
3.0,-16.685139,12.505138
3.0,-16.685139,12.504584
3.0,-16.685417,12.504584
3.0,-16.685417,12.503472
3.0,-16.685693,12.503472
3.0,-16.685693,12.50264
3.0,-16.685417,12.50264
3.0,-16.685417,12.502362
3.0,-16.685139,12.502362
3.0,-16.685139,12.502084
3.0,-16.684861,12.502084
3.0,-16.684861,12.501806
3.0,-16.684305,12.501806
3.0,-16.684305,12.501528
3.0,-16.683471,12.501528
3.0,-16.683471,12.500972
3.0,-16.683195,12.500972
3.0,-16.683195,12.500693
3.0,-16.682917,12.500693
3.0,-16.682917,12.500418
3.0,-16.682639,12.500418
3.0,-16.682639,12.499584
3.0,-16.682361,12.499584
3.0,-16.682361,12.499305
3.0,-16.682083,12.499305
3.0,-16.682083,12.499027
3.0,-16.679027,12.499027
3.0,-16.679027,12.499305
3.0,-16.678473,12.499305
3.0,-16.678473,12.499584
3.0,-16.678195,12.499584
3.0,-16.678195,12.499862
3.0,-16.677917,12.499862
3.0,-16.677917,12.50014
3.0,-16.677361,12.50014
3.0,-16.677361,12.500418
3.0,-16.676804,12.500418
3.0,-16.676804,12.500693
3.0,-16.676251,12.500693
3.0,-16.676251,12.500972
3.0,-16.675695,12.500972
3.0,-16.675695,12.50125
3.0,-16.674029,12.50125
3.0,-16.674029,12.500693
3.0,-16.67375,12.500693
3.0,-16.67375,12.50014
3.0,-16.673472,12.50014
3.0,-16.673472,12.496805
3.0,-16.67375,12.496805
3.0,-16.67375,12.493473
3.0,-16.673472,12.493473
3.0,-16.673472,12.493195
3.0,-16.67375,12.493195
3.0,-16.67375,12.491807
3.0,-16.673472,12.491805
3.0,-16.673472,12.489583
3.0,-16.673194,12.489583
3.0,-16.673194,12.489305
3.0,-16.672641,12.489305
3.0,-16.672638,12.489029
3.0,-16.672082,12.489029
3.0,-16.672082,12.488751
3.0,-16.671806,12.488749
3.0,-16.671806,12.488473
3.0,-16.67125,12.488473
3.0,-16.67125,12.488195
3.0,-16.670972,12.488195
3.0,-16.670972,12.487917
3.0,-16.670416,12.487917
3.0,-16.670416,12.487639
3.0,-16.67014,12.487639
3.0,-16.67014,12.487361
3.0,-16.669584,12.487361
3.0,-16.669584,12.487082
3.0,-16.669327,12.487082
3.0,-16.669308,12.486825
3.0,-16.66875,12.486807
3.0,-16.66875,12.486526
3.0,-16.668194,12.486526
3.0,-16.668194,12.486251
3.0,-16.667918,12.486251
3.0,-16.667918,12.485973
3.0,-16.667638,12.485973
3.0,-16.667638,12.486251
3.0,-16.66736,12.486251
3.0,-16.66736,12.486807
3.0,-16.66625,12.486807
3.0,-16.66625,12.487082
3.0,-16.665972,12.487082
3.0,-16.665972,12.487361
3.0,-16.665696,12.487361
3.0,-16.665696,12.487639
3.0,-16.665416,12.487639
3.0,-16.665416,12.487917
3.0,-16.665138,12.487917
3.0,-16.665138,12.488473
3.0,-16.664862,12.488473
3.0,-16.664862,12.488749
3.0,-16.664584,12.488751
3.0,-16.664584,12.489583
3.0,-16.664306,12.489583
3.0,-16.664306,12.489861
3.0,-16.664028,12.489861
3.0,-16.664028,12.490417
3.0,-16.66375,12.490417
3.0,-16.66375,12.490973
3.0,-16.663474,12.490973
3.0,-16.663474,12.491805
3.0,-16.663196,12.491807
3.0,-16.663196,12.492361
3.0,-16.662915,12.492361
3.0,-16.662915,12.492639
3.0,-16.66264,12.492639
3.0,-16.66264,12.494583
3.0,-16.662084,12.494583
3.0,-16.662084,12.497083
3.0,-16.662362,12.497083
3.0,-16.662362,12.497361
3.0,-16.66264,12.497361
3.0,-16.66264,12.497639
3.0,-16.662915,12.497639
3.0,-16.662915,12.499027
3.0,-16.66264,12.499027
3.0,-16.66264,12.499862
3.0,-16.662084,12.499862
3.0,-16.662084,12.50014
3.0,-16.660974,12.50014
3.0,-16.660974,12.500418
3.0,-16.659583,12.500418
3.0,-16.659583,12.500693
3.0,-16.658751,12.500693
3.0,-16.658751,12.500972
3.0,-16.658193,12.500972
3.0,-16.658193,12.50125
3.0,-16.657639,12.50125
3.0,-16.657639,12.501528
3.0,-16.657083,12.501528
3.0,-16.657083,12.501806
3.0,-16.656529,12.501806
3.0,-16.656529,12.502084
3.0,-16.655971,12.502084
3.0,-16.655971,12.502362
3.0,-16.655417,12.502362
3.0,-16.655417,12.50264
3.0,-16.654861,12.50264
3.0,-16.654861,12.502916
3.0,-16.654307,12.502916
3.0,-16.654307,12.503194
3.0,-16.653749,12.503194
3.0,-16.653749,12.503472
3.0,-16.653195,12.503472
3.0,-16.653195,12.50375
3.0,-16.651527,12.50375
3.0,-16.651527,12.504028
3.0,-16.650695,12.504028
3.0,-16.650695,12.504306
3.0,-16.649304,12.504306
3.0,-16.649304,12.504584
3.0,-16.647363,12.504584
3.0,-16.647363,12.504306
3.0,-16.645972,12.504306
3.0,-16.645972,12.504028
3.0,-16.645694,12.504028
3.0,-16.645694,12.50375
3.0,-16.64514,12.50375
3.0,-16.64514,12.503472
3.0,-16.64486,12.503472
3.0,-16.64486,12.503194
3.0,-16.644582,12.503194
3.0,-16.644582,12.502916
3.0,-16.644306,12.502916
3.0,-16.644306,12.50264
3.0,-16.644028,12.50264
3.0,-16.644028,12.502362
3.0,-16.643194,12.502362
3.0,-16.643194,12.502084
3.0,-16.642918,12.502084
3.0,-16.642916,12.501806
3.0,-16.64236,12.501806
3.0,-16.64236,12.501528
3.0,-16.642084,12.501528
3.0,-16.642084,12.50125
3.0,-16.641806,12.50125
3.0,-16.641806,12.500972
3.0,-16.641528,12.500972
3.0,-16.641528,12.500693
3.0,-16.64125,12.500693
3.0,-16.64125,12.500418
3.0,-16.640694,12.500418
3.0,-16.640694,12.50014
3.0,-16.640418,12.50014
3.0,-16.640418,12.499584
3.0,-16.640138,12.499584
3.0,-16.640138,12.499305
3.0,-16.639862,12.499305
3.0,-16.639862,12.499027
3.0,-16.640138,12.499027
3.0,-16.640138,12.498471
3.0,-16.639862,12.498471
3.0,-16.639862,12.498196
3.0,-16.639584,12.498196
3.0,-16.639584,12.497915
3.0,-16.639306,12.497915
3.0,-16.639306,12.497639
3.0,-16.63875,12.497639
3.0,-16.63875,12.497361
3.0,-16.638196,12.497361
3.0,-16.638196,12.497083
3.0,-16.637638,12.497083
3.0,-16.637638,12.496805
3.0,-16.636806,12.496805
3.0,-16.636806,12.496527
3.0,-16.635974,12.496527
3.0,-16.635974,12.496805
3.0,-16.635693,12.496805
3.0,-16.635693,12.497361
3.0,-16.635974,12.497361
3.0,-16.635974,12.497639
3.0,-16.636528,12.497639
3.0,-16.636528,12.497915
3.0,-16.637084,12.497915
3.0,-16.637084,12.498196
3.0,-16.637362,12.498196
3.0,-16.637362,12.498471
3.0,-16.637638,12.498471
3.0,-16.637638,12.498749
3.0,-16.637916,12.498749
3.0,-16.637916,12.499027
3.0,-16.638196,12.499027
3.0,-16.638196,12.499305
3.0,-16.638472,12.499305
3.0,-16.638472,12.499584
3.0,-16.63875,12.499584
3.0,-16.63875,12.499862
3.0,-16.639306,12.499862
3.0,-16.639306,12.500418
3.0,-16.639584,12.500418
3.0,-16.639584,12.500693
3.0,-16.63986,12.500693
3.0,-16.639862,12.500972
3.0,-16.640138,12.500972
3.0,-16.640138,12.50125
3.0,-16.640418,12.50125
3.0,-16.640418,12.501528
3.0,-16.640972,12.501528
3.0,-16.640972,12.501806
3.0,-16.64125,12.501806
3.0,-16.64125,12.502084
3.0,-16.641528,12.502084
3.0,-16.641528,12.502362
3.0,-16.641806,12.502362
3.0,-16.641806,12.50264
3.0,-16.642084,12.50264
3.0,-16.642084,12.502916
3.0,-16.64264,12.502916
3.0,-16.64264,12.503194
3.0,-16.642916,12.503194
3.0,-16.642916,12.503472
3.0,-16.643194,12.503472
3.0,-16.643194,12.504028
3.0,-16.643472,12.504028
3.0,-16.643472,12.504306
3.0,-16.64375,12.504306
3.0,-16.64375,12.504584
3.0,-16.644028,12.504584
3.0,-16.644028,12.504862
3.0,-16.644582,12.504862
3.0,-16.644582,12.50514
3.0,-16.64486,12.50514
3.0,-16.64486,12.505416
3.0,-16.647082,12.505416
3.0,-16.647082,12.505694
3.0,-16.647638,12.505694
3.0,-16.647638,12.505972
3.0,-16.647916,12.505972
3.0,-16.647916,12.50625
3.0,-16.650139,12.50625
3.0,-16.650139,12.505972
3.0,-16.651527,12.505972
3.0,-16.651527,12.505694
3.0,-16.652361,12.505694
3.0,-16.652361,12.505416
3.0,-16.653195,12.505416
3.0,-16.653195,12.50514
3.0,-16.653749,12.50514
3.0,-16.653749,12.504862
3.0,-16.654307,12.504862
3.0,-16.654307,12.504584
3.0,-16.654861,12.504584
3.0,-16.654861,12.504306
3.0,-16.655417,12.504306
3.0,-16.655417,12.504028
3.0,-16.655971,12.504028
3.0,-16.655971,12.50375
3.0,-16.656529,12.50375
3.0,-16.656529,12.503472
3.0,-16.657083,12.503472
3.0,-16.657083,12.503194
3.0,-16.657639,12.503194
3.0,-16.657639,12.502916
3.0,-16.658193,12.502916
3.0,-16.658193,12.50264
3.0,-16.659305,12.50264
3.0,-16.659305,12.502362
3.0,-16.659583,12.502362
3.0,-16.659583,12.502084
3.0,-16.660139,12.502084
3.0,-16.660139,12.501806
3.0,-16.661527,12.501806
3.0,-16.661527,12.501528
3.0,-16.663474,12.501528
3.0,-16.663474,12.501806
3.0,-16.664306,12.501806
3.0,-16.664306,12.502084
3.0,-16.664862,12.502084
3.0,-16.664862,12.50264
3.0,-16.665138,12.50264
3.0,-16.665138,12.502916
3.0,-16.664862,12.502916
3.0,-16.664862,12.50375
3.0,-16.664584,12.50375
3.0,-16.664584,12.504306
3.0,-16.664862,12.504306
3.0,-16.664862,12.504862
3.0,-16.665138,12.504862
3.0,-16.665138,12.505416
3.0,-16.665416,12.505416
3.0,-16.665416,12.505694
3.0,-16.665696,12.505694
3.0,-16.665696,12.50625
3.0,-16.665972,12.50625
3.0,-16.665972,12.507638
3.0,-16.666528,12.507638
3.0,-16.666528,12.508194
3.0,-16.666806,12.508194
3.0,-16.666806,12.508472
3.0,-16.667084,12.508472
3.0,-16.667084,12.509028
3.0,-16.667638,12.509028
3.0,-16.667638,12.509306
3.0,-16.667918,12.509306
3.0,-16.667918,12.50986
3.0,-16.668194,12.50986
3.0,-16.668194,12.510416
3.0,-16.66875,12.510416
3.0,-16.66875,12.510694
3.0,-16.669028,12.510694
3.0,-16.669028,12.510972
3.0,-16.669306,12.510972
3.0,-16.669306,12.51125
3.0,-16.669582,12.51125
3.0,-16.669584,12.511528
3.0,-16.66986,12.511528
3.0,-16.66986,12.512082
3.0,-16.67014,12.512121
3.0,-16.67014,12.512638
3.0,-16.670275,12.512638
3.0,-16.670694,12.512638
3.0,-16.670694,12.512916
3.0,-16.670972,12.512916
3.0,-16.670972,12.513473
3.0,-16.671528,12.513473
3.0,-16.671528,12.513751
3.0,-16.671806,12.513751
3.0,-16.671806,12.514304
3.0,-16.672082,12.514304
3.0,-16.672082,12.514861
3.0,-16.672362,12.514861
3.0,-16.672362,12.515139
3.0,-16.672916,12.515139
3.0,-16.672916,12.515695
3.0,-16.673194,12.515695
3.0,-16.673194,12.515973
3.0,-16.673472,12.515973
3.0,-16.673472,12.516529
3.0,-16.67375,12.516529
3.0,-16.67375,12.517083
3.0,-16.674029,12.517083
3.0,-16.674029,12.517639
3.0,-16.674304,12.517639
3.0,-16.674304,12.517917
3.0,-16.674582,12.517917
3.0,-16.674582,12.518473
3.0,-16.674863,12.518473
3.0,-16.674863,12.519583
3.0,-16.675138,12.519583
3.0,-16.675138,12.520417
3.0,-16.675416,12.520417
3.0,-16.675416,12.520973
3.0,-16.675695,12.520973
3.0,-16.675695,12.521529
3.0,-16.675973,12.521529
3.0,-16.675973,12.521805
3.0,-16.676251,12.521805
3.0,-16.676251,12.523195
3.0,-16.676526,12.523195
3.0,-16.676526,12.524027
3.0,-16.676251,12.524027
3.0,-16.676251,12.525696
3.0,-16.675973,12.525696
3.0,-16.675973,12.526806
3.0,-16.675695,12.526806
3.0,-16.675695,12.527084
3.0,-16.675416,12.527084
3.0,-16.675416,12.528205
3.0,-16.675416,12.529584
3.0,-16.675138,12.529584
3.0,-16.675138,12.530416
3.0,-16.674863,12.530416
3.0,-16.674863,12.53014
3.0,-16.674304,12.53014
3.0,-16.674304,12.530694
3.0,-16.674029,12.530694
3.0,-16.674029,12.531528
3.0,-16.67375,12.531528
3.0,-16.67375,12.532918
3.0,-16.673472,12.532918
3.0,-16.673472,12.533194
3.0,-16.672916,12.533194
3.0,-16.672916,12.533472
3.0,-16.672082,12.533472
3.0,-16.672082,12.53375
3.0,-16.671806,12.53375
3.0,-16.671806,12.534028
3.0,-16.671528,12.534028
3.0,-16.671528,12.535416
3.0,-16.671806,12.535416
3.0,-16.671806,12.535972
3.0,-16.672082,12.535972
3.0,-16.672082,12.53625
3.0,-16.672362,12.53625
3.0,-16.672362,12.53736
3.0,-16.672638,12.53736
3.0,-16.672638,12.538194
3.0,-16.672916,12.538194
3.0,-16.672916,12.53986
3.0,-16.673194,12.53986
3.0,-16.673194,12.540417
3.0,-16.673472,12.540417
3.0,-16.673472,12.540695
3.0,-16.67375,12.540695
3.0,-16.67375,12.541805
3.0,-16.674029,12.541805
3.0,-16.674029,12.542917
3.0,-16.674304,12.542917
3.0,-16.674304,12.543195
3.0,-16.674582,12.543195
3.0,-16.674582,12.543751
3.0,-16.674863,12.543751
3.0,-16.674863,12.544861
3.0,-16.675138,12.544861
3.0,-16.675138,12.545417
3.0,-16.675416,12.545417
3.0,-16.675416,12.545695
3.0,-16.675695,12.545695
3.0,-16.675695,12.546251
3.0,-16.675973,12.546251
3.0,-16.675973,12.546805
3.0,-16.676251,12.546805
3.0,-16.676251,12.547361
3.0,-16.676526,12.547361
3.0,-16.676526,12.547639
3.0,-16.676804,12.547639
3.0,-16.676804,12.547917
3.0,-16.677085,12.547917
3.0,-16.677085,12.548473
3.0,-16.677361,12.548473
3.0,-16.677361,12.548749
3.0,-16.677639,12.548749
3.0,-16.677639,12.549027
3.0,-16.677917,12.549027
3.0,-16.677917,12.549305
3.0,-16.678195,12.549305
3.0,-16.678195,12.549583
3.0,-16.678473,12.549583
3.0,-16.678473,12.550139
3.0,-16.679027,12.550139
3.0,-16.679027,12.550695
3.0,-16.679307,12.550695
3.0,-16.679307,12.551252
3.0,-16.679583,12.551252
3.0,-16.679583,12.551527
3.0,-16.679861,12.551527
3.0,-16.679861,12.551805
3.0,-16.679583,12.551805
3.0,-16.679583,12.552918
3.0,-16.679307,12.552918
3.0,-16.679307,12.553471
3.0,-16.678749,12.553471
3.0,-16.678749,12.554028
3.0,-16.678473,12.554028
3.0,-16.678473,12.554306
3.0,-16.678195,12.554306
3.0,-16.678195,12.554584
3.0,-16.677917,12.554584
3.0,-16.677917,12.554862
3.0,-16.677361,12.554862
3.0,-16.677361,12.555137
3.0,-16.676804,12.555137
3.0,-16.676804,12.555418
3.0,-16.676526,12.555418
3.0,-16.676526,12.555972
3.0,-16.675973,12.555972
3.0,-16.675973,12.55625
3.0,-16.675695,12.55625
3.0,-16.675695,12.556806
3.0,-16.675138,12.556806
3.0,-16.675138,12.557084
3.0,-16.674582,12.557084
3.0,-16.674582,12.55736
3.0,-16.674029,12.55736
3.0,-16.674029,12.55764
3.0,-16.67375,12.55764
3.0,-16.67375,12.557916
3.0,-16.673194,12.557916
3.0,-16.673194,12.558194
3.0,-16.672916,12.558194
3.0,-16.672916,12.55875
3.0,-16.672362,12.55875
3.0,-16.672362,12.559028
3.0,-16.671806,12.559028
3.0,-16.671806,12.559584
3.0,-16.670972,12.559584
3.0,-16.670972,12.560138
3.0,-16.670694,12.560138
3.0,-16.670694,12.560416
3.0,-16.670416,12.560416
3.0,-16.670416,12.560694
3.0,-16.669306,12.560694
3.0,-16.669306,12.560972
3.0,-16.66736,12.560972
3.0,-16.66736,12.56125
3.0,-16.667084,12.56125
3.0,-16.667084,12.561528
3.0,-16.666806,12.561528
3.0,-16.666806,12.561806
3.0,-16.66625,12.561806
3.0,-16.66625,12.562084
3.0,-16.665972,12.562084
3.0,-16.665972,12.56236
3.0,-16.664862,12.56236
3.0,-16.664862,12.56264
3.0,-16.663196,12.56264
3.0,-16.663196,12.562916
3.0,-16.66264,12.562916
3.0,-16.66264,12.563194
3.0,-16.662084,12.563194
3.0,-16.662084,12.563472
3.0,-16.661805,12.563472
3.0,-16.661805,12.56375
3.0,-16.660693,12.56375
3.0,-16.660693,12.564028
3.0,-16.659861,12.564028
3.0,-16.659861,12.564584
3.0,-16.659305,12.564584
3.0,-16.659305,12.565138
3.0,-16.659027,12.565138
3.0,-16.659027,12.565694
3.0,-16.658471,12.565694
3.0,-16.658471,12.565972
3.0,-16.657917,12.565972
3.0,-16.657917,12.566251
3.0,-16.657639,12.566251
3.0,-16.657639,12.566526
3.0,-16.657083,12.566526
3.0,-16.657083,12.566807
3.0,-16.656529,12.566807
3.0,-16.656529,12.566526
3.0,-16.655971,12.566526
3.0,-16.655971,12.566251
3.0,-16.655417,12.566251
3.0,-16.655417,12.565972
3.0,-16.652639,12.565972
3.0,-16.652639,12.566251
3.0,-16.650417,12.566251
3.0,-16.650417,12.566526
3.0,-16.648195,12.566526
3.0,-16.648195,12.566807
3.0,-16.647916,12.566807
3.0,-16.647916,12.56736
3.0,-16.647363,12.56736
3.0,-16.647363,12.567639
3.0,-16.646804,12.567639
3.0,-16.646804,12.567917
3.0,-16.64625,12.567917
3.0,-16.64625,12.568195
3.0,-16.645972,12.568195
3.0,-16.645972,12.567917
3.0,-16.645694,12.567917
3.0,-16.645694,12.568195
3.0,-16.645416,12.568195
3.0,-16.645416,12.568473
3.0,-16.644582,12.568473
3.0,-16.644582,12.568751
3.0,-16.643194,12.568751
3.0,-16.643194,12.569029
3.0,-16.642916,12.569029
3.0,-16.642916,12.569305
3.0,-16.64236,12.569305
3.0,-16.64236,12.569583
3.0,-16.641528,12.569583
3.0,-16.641528,12.569861
3.0,-16.640972,12.569861
3.0,-16.640972,12.570417
3.0,-16.640418,12.570417
3.0,-16.640418,12.570695
3.0,-16.639862,12.570695
3.0,-16.63986,12.570973
3.0,-16.639028,12.570973
3.0,-16.639028,12.571527
3.0,-16.638472,12.571527
3.0,-16.638472,12.571807
3.0,-16.637916,12.571807
3.0,-16.637916,12.572361
3.0,-16.637638,12.572361
3.0,-16.637638,12.572083
3.0,-16.637362,12.572083
3.0,-16.637362,12.572361
3.0,-16.637084,12.572361
3.0,-16.637084,12.573195
3.0,-16.636528,12.573195
3.0,-16.636528,12.573749
3.0,-16.636806,12.573751
3.0,-16.636806,12.574027
3.0,-16.636528,12.574027
3.0,-16.636528,12.575693
3.0,-16.63625,12.575693
3.0,-16.63625,12.576249
3.0,-16.635415,12.576249
3.0,-16.635415,12.576527
3.0,-16.63514,12.576527
3.0,-16.63514,12.576805
3.0,-16.634584,12.576805
3.0,-16.634584,12.577083
3.0,-16.634305,12.577083
3.0,-16.634305,12.577361
3.0,-16.634027,12.577361
3.0,-16.634027,12.577639
3.0,-16.633752,12.577639
3.0,-16.633752,12.577917
3.0,-16.633474,12.577917
3.0,-16.633474,12.578195
3.0,-16.632917,12.578195
3.0,-16.632917,12.578471
3.0,-16.632639,12.578471
3.0,-16.632639,12.578749
3.0,-16.632361,12.578749
3.0,-16.632361,12.579027
3.0,-16.632083,12.579027
3.0,-16.632083,12.579583
3.0,-16.631527,12.579583
3.0,-16.631527,12.579862
3.0,-16.631251,12.579862
3.0,-16.631251,12.58014
3.0,-16.630971,12.58014
3.0,-16.630971,12.580418
3.0,-16.630417,12.580418
3.0,-16.630417,12.580693
3.0,-16.630139,12.580693
3.0,-16.630139,12.580971
3.0,-16.629861,12.580974
3.0,-16.629861,12.581528
3.0,-16.629305,12.581528
3.0,-16.629305,12.582084
3.0,-16.628471,12.582084
3.0,-16.628471,12.582362
3.0,-16.628195,12.582362
3.0,-16.628195,12.58264
3.0,-16.627639,12.58264
3.0,-16.627639,12.582916
3.0,-16.627361,12.582916
3.0,-16.627361,12.583194
3.0,-16.626807,12.583194
3.0,-16.626807,12.58375
3.0,-16.626527,12.58375
3.0,-16.626527,12.584028
3.0,-16.626249,12.584028
3.0,-16.626249,12.584862
3.0,-16.625973,12.584862
3.0,-16.625973,12.585416
3.0,-16.625695,12.585416
3.0,-16.625695,12.585694
3.0,-16.625139,12.585694
3.0,-16.625139,12.585972
3.0,-16.624861,12.585972
3.0,-16.624861,12.586528
3.0,-16.624585,12.586528
3.0,-16.624585,12.586806
3.0,-16.624305,12.586806
3.0,-16.624305,12.587362
3.0,-16.624027,12.587362
3.0,-16.624027,12.587916
3.0,-16.623473,12.587916
3.0,-16.623473,12.588472
3.0,-16.623195,12.588472
3.0,-16.623195,12.58875
3.0,-16.622917,12.58875
3.0,-16.622917,12.589028
3.0,-16.622639,12.589028
3.0,-16.622639,12.58986
3.0,-16.62236,12.58986
3.0,-16.62236,12.590138
3.0,-16.622085,12.590138
3.0,-16.622085,12.590416
3.0,-16.621804,12.590416
3.0,-16.621804,12.590972
3.0,-16.621529,12.590972
3.0,-16.621529,12.591528
3.0,-16.621251,12.591528
3.0,-16.621251,12.592082
3.0,-16.620973,12.592082
3.0,-16.620973,12.592363
3.0,-16.620694,12.592363
3.0,-16.620694,12.593194
3.0,-16.620416,12.593194
3.0,-16.620416,12.593751
3.0,-16.620138,12.593751
3.0,-16.620138,12.595139
3.0,-16.619582,12.595139
3.0,-16.619582,12.596805
3.0,-16.619304,12.596805
3.0,-16.619304,12.597083
3.0,-16.619028,12.597083
3.0,-16.619028,12.598473
3.0,-16.618472,12.598473
3.0,-16.618472,12.599027
3.0,-16.618194,12.599027
3.0,-16.618194,12.599583
3.0,-16.617916,12.599583
3.0,-16.617916,12.600139
3.0,-16.61764,12.600139
3.0,-16.61764,12.600417
3.0,-16.61736,12.600417
3.0,-16.61736,12.600695
3.0,-16.617082,12.600695
3.0,-16.617082,12.600973
3.0,-16.616806,12.600973
3.0,-16.616806,12.601249
3.0,-16.616528,12.601249
3.0,-16.616528,12.601529
3.0,-16.61625,12.601529
3.0,-16.61625,12.601805
3.0,-16.615972,12.601805
3.0,-16.615972,12.602083
3.0,-16.615694,12.602083
3.0,-16.615694,12.602361
3.0,-16.615418,12.602361
3.0,-16.615418,12.602639
3.0,-16.615138,12.602639
3.0,-16.615138,12.602917
3.0,-16.61486,12.602917
3.0,-16.61486,12.603195
3.0,-16.614584,12.603195
3.0,-16.614584,12.603749
3.0,-16.614306,12.603749
3.0,-16.614306,12.604027
3.0,-16.614028,12.604027
3.0,-16.614028,12.604305
3.0,-16.613472,12.604305
3.0,-16.613472,12.604583
3.0,-16.612918,12.604583
3.0,-16.612918,12.604861
3.0,-16.612638,12.604861
3.0,-16.612638,12.605139
3.0,-16.612362,12.605139
3.0,-16.612362,12.605415
3.0,-16.611806,12.605415
3.0,-16.611806,12.605696
3.0,-16.611528,12.605696
3.0,-16.611528,12.605971
3.0,-16.61125,12.605971
3.0,-16.61125,12.606249
3.0,-16.610972,12.606249
3.0,-16.610972,12.606527
3.0,-16.610696,12.606527
3.0,-16.610696,12.606805
3.0,-16.609862,12.606805
3.0,-16.609862,12.607084
3.0,-16.609306,12.607084
3.0,-16.609306,12.607362
3.0,-16.609028,12.607362
3.0,-16.609028,12.60764
3.0,-16.608474,12.60764
3.0,-16.608474,12.607918
3.0,-16.608193,12.607918
3.0,-16.608193,12.608472
3.0,-16.607915,12.608472
3.0,-16.607915,12.60875
3.0,-16.60764,12.60875
3.0,-16.60764,12.609028
3.0,-16.607362,12.609028
3.0,-16.607362,12.609306
3.0,-16.607083,12.609306
3.0,-16.607083,12.609584
3.0,-16.606805,12.609584
3.0,-16.606805,12.61014
3.0,-16.606527,12.61014
3.0,-16.606527,12.610696
3.0,-16.606252,12.610696
3.0,-16.606252,12.610972
3.0,-16.605971,12.610972
3.0,-16.605971,12.611806
3.0,-16.605693,12.611806
3.0,-16.605693,12.612362
3.0,-16.605417,12.612362
3.0,-16.605417,12.612916
3.0,-16.605139,12.612916
3.0,-16.605139,12.615416
3.0,-16.604861,12.615416
3.0,-16.604861,12.615694
3.0,-16.604583,12.615694
3.0,-16.604583,12.61625
3.0,-16.604305,12.61625
3.0,-16.604305,12.616804
3.0,-16.604029,12.616806
3.0,-16.604029,12.618472
3.0,-16.603751,12.618472
3.0,-16.603751,12.61986
3.0,-16.603471,12.61986
3.0,-16.603471,12.620416
3.0,-16.603195,12.620416
3.0,-16.603195,12.62113
3.0,-16.603195,12.621804
3.0,-16.602917,12.621804
3.0,-16.602917,12.622361
3.0,-16.602639,12.622361
3.0,-16.602639,12.622917
3.0,-16.601805,12.622917
3.0,-16.601805,12.623473
3.0,-16.601249,12.623473
3.0,-16.601249,12.623751
3.0,-16.600695,12.623751
3.0,-16.600695,12.624029
3.0,-16.599656,12.624029
3.0,-16.597639,12.624029
3.0,-16.597639,12.623751
3.0,-16.596805,12.623751
3.0,-16.596805,12.623473
3.0,-16.595695,12.623473
3.0,-16.595695,12.623195
3.0,-16.594863,12.623195
3.0,-16.594863,12.623473
3.0,-16.594304,12.623473
3.0,-16.594304,12.623195
3.0,-16.593751,12.623195
3.0,-16.593751,12.623473
3.0,-16.593472,12.623473
3.0,-16.593472,12.624305
3.0,-16.593751,12.624305
3.0,-16.593751,12.625139
3.0,-16.593472,12.625139
3.0,-16.593472,12.625695
3.0,-16.593194,12.625695
3.0,-16.593194,12.625971
3.0,-16.592082,12.625971
3.0,-16.592082,12.626251
3.0,-16.590972,12.626251
3.0,-16.590972,12.625971
3.0,-16.59014,12.625971
3.0,-16.59014,12.625695
3.0,-16.589306,12.625695
3.0,-16.589306,12.625417
3.0,-16.58875,12.625417
3.0,-16.58875,12.625139
3.0,-16.588472,12.625139
3.0,-16.588472,12.624861
3.0,-16.587638,12.624861
3.0,-16.587638,12.624583
3.0,-16.586806,12.624583
3.0,-16.586806,12.624305
3.0,-16.585416,12.624305
3.0,-16.585416,12.624583
3.0,-16.585138,12.624583
3.0,-16.585138,12.624861
3.0,-16.584862,12.624861
3.0,-16.584862,12.626251
3.0,-16.585138,12.626251
3.0,-16.585138,12.626527
3.0,-16.584862,12.626527
3.0,-16.584862,12.627917
3.0,-16.585138,12.627917
3.0,-16.585138,12.628473
3.0,-16.585416,12.628473
3.0,-16.585416,12.629305
3.0,-16.585696,12.629305
3.0,-16.585696,12.629583
3.0,-16.585972,12.629583
3.0,-16.585972,12.633193
3.0,-16.585696,12.633193
3.0,-16.585696,12.633471
3.0,-16.584862,12.633471
3.0,-16.584862,12.633749
3.0,-16.584306,12.633749
3.0,-16.584301,12.634082
3.0,-16.584028,12.634062
3.0,-16.584028,12.634862
3.0,-16.58375,12.634862
3.0,-16.58375,12.635137
3.0,-16.583472,12.635137
3.0,-16.583472,12.635694
3.0,-16.583196,12.635694
3.0,-16.583196,12.635972
3.0,-16.582915,12.635972
3.0,-16.582915,12.636528
3.0,-16.58264,12.636528
3.0,-16.58264,12.636806
3.0,-16.582084,12.636806
3.0,-16.582084,12.637362
3.0,-16.581528,12.637362
3.0,-16.581528,12.63764
3.0,-16.581249,12.63764
3.0,-16.581249,12.637916
3.0,-16.579861,12.637916
3.0,-16.579861,12.638194
3.0,-16.579027,12.638194
