0,0,0,9,4,29,25,3,0,0,0,0,0,0,1,0,22,25,
0.0,-16.700991,15.241359
0.0,-16.689251,15.23711
0.0,-16.67213,15.24103
0.0,-16.66307,15.24137
0.0,-16.65368,15.235
0.0,-16.639481,15.22545
0.0,-16.633649,15.217651
0.0,-16.628111,15.196649
0.0,-16.62237,15.177971
0.0,-16.618641,15.166899
0.0,-16.614999,15.162079
0.0,-16.610671,15.159581
0.0,-16.60516,15.157099
0.0,-16.592251,15.154941
0.0,-16.58676,15.154309
0.0,-16.582341,15.162241
0.0,-16.578132,15.167841
0.0,-16.57054,15.170952
0.0,-16.56306,15.181679
0.0,-16.558201,15.192619
0.0,-16.546281,15.210821
0.0,-16.53349,15.23505
0.0,-16.525511,15.245101
0.0,-16.517461,15.249361
0.0,-16.50677,15.25249
0.0,-16.50083,15.254181
0.0,-16.498699,15.255371
0.0,-16.493879,15.270012
0.0,-16.492491,15.291092
0.0,-16.491399,15.298752
0.0,-16.48768,15.30643
0.0,-16.47826,15.3158
0.0,-16.46554,15.328212
0.0,-16.4488,15.34392
0.0,-16.443132,15.34815
0.0,-16.432,15.33577
0.0,-16.420411,15.325709
0.0,-16.4051,15.322181
0.0,-16.353591,15.32436
0.0,-16.334788,15.289141
0.0,-16.3429,15.270529
0.0,-16.344459,15.261021
0.0,-16.340308,15.253892
0.0,-16.329229,15.24498
0.0,-16.32038,15.243221
0.0,-16.31132,15.243321
0.0,-16.307069,15.24638
0.0,-16.30366,15.260073
0.0,-16.301611,15.267731
0.0,-16.298541,15.270541
0.0,-16.295931,15.27173
0.0,-16.294001,15.270361
0.0,-16.28557,15.24382
0.0,-16.27355,15.2157
0.0,-16.261489,15.184809
0.0,-16.25588,15.17375
0.0,-16.25694,15.16263
0.0,-16.258711,15.151729
0.0,-16.25812,15.141781
0.0,-16.255659,15.13532
0.0,-16.25054,15.125879
0.0,-16.23867,15.11003
0.0,-16.227101,15.09904
0.0,-16.221531,15.091451
0.0,-16.21571,15.08318
0.0,-16.206828,15.057339
0.0,-16.197789,15.018069
0.0,-16.18847,14.994551
0.0,-16.18558,14.97189
0.0,-16.181861,14.958971
0.0,-16.193899,14.949579
0.0,-16.200759,14.945579
0.0,-16.20883,14.943412
0.0,-16.215031,14.94405
0.0,-16.230142,14.953381
0.0,-16.246969,14.966641
0.0,-16.28227,14.990811
0.0,-16.302131,14.997783
0.0,-16.32355,14.996621
0.0,-16.344789,14.999859
0.0,-16.35556,15.003921
0.0,-16.361071,15.0064
0.0,-16.380448,15.01337
0.0,-16.42269,15.018922
0.0,-16.449609,15.019312
0.0,-16.45623,15.01553
0.0,-16.46541,15.00663
0.0,-16.473471,15.003991
0.0,-16.54229,14.984211
0.0,-16.59827,14.96734
0.0,-16.628831,14.955391
0.0,-16.65678,14.944401
0.0,-16.660299,14.940891
0.0,-16.668502,14.931061
0.0,-16.670589,14.92687
0.0,-16.672221,14.924301
0.0,-16.67845,14.918232
0.0,-16.686639,14.9084
0.0,-16.692309,14.905551
0.0,-16.705079,14.8996
0.0,-16.71761,14.893191
0.0,-16.72491,14.888011
0.0,-16.735629,14.871899
0.0,-16.740789,14.866511
0.0,-16.747841,14.860862
0.0,-16.758512,14.857951
0.0,-16.792361,14.86098
0.0,-16.822389,14.863829
0.0,-16.83071,14.86302
0.0,-16.839229,14.859439
0.0,-16.84322,14.855681
0.0,-16.8475,14.855389
0.0,-16.85826,14.859191
0.0,-16.863769,14.860969
0.0,-16.8659,14.860711
0.0,-16.87206,14.858539
0.0,-16.900679,14.846811
0.0,-16.91349,14.84432
0.0,-16.92111,14.844219
0.0,-16.943741,14.8453
0.0,-16.95756,14.846501
0.0,-16.96656,14.843832
0.0,-16.978822,14.836479
0.0,-16.99058,14.82752
0.0,-17.001399,14.819028
0.0,-17.007771,14.81594
0.0,-17.013699,14.81493
0.0,-17.02236,14.820131
0.0,-17.03384,14.823901
0.0,-17.04865,14.827632
0.0,-17.062999,14.831591
0.0,-17.06735,14.835702
0.0,-17.068649,14.842391
0.0,-17.0712,14.853001
0.0,-17.071649,14.865962
0.0,-17.076209,14.8828
0.0,-17.078488,14.891329
0.0,-17.087211,14.900699
0.0,-17.08993,14.906911
0.0,-17.089301,14.91178
0.0,-17.087949,14.916889
0.0,-17.088941,14.919191
0.0,-17.09493,14.92142
0.0,-17.103358,14.927319
0.0,-17.114583,14.939027
0.0,-17.114305,14.939027
0.0,-17.114305,14.939861
0.0,-17.114027,14.939861
0.0,-17.114027,14.940417
0.0,-17.113751,14.940417
0.0,-17.113751,14.941249
0.0,-17.113471,14.941249
0.0,-17.113471,14.941805
0.0,-17.113193,14.941805
0.0,-17.113193,14.942361
0.0,-17.112917,14.942361
0.0,-17.112917,14.942917
0.0,-17.112639,14.942917
0.0,-17.112639,14.943471
0.0,-17.112361,14.943471
0.0,-17.112361,14.944027
0.0,-17.112083,14.944027
0.0,-17.112083,14.944583
0.0,-17.111805,14.944583
0.0,-17.111805,14.944861
0.0,-17.111529,14.944861
0.0,-17.111529,14.945417
0.0,-17.111251,14.945417
0.0,-17.111251,14.945974
0.0,-17.110971,14.945974
0.0,-17.110971,14.946527
0.0,-17.110695,14.946527
0.0,-17.110695,14.947083
0.0,-17.110417,14.947083
0.0,-17.110417,14.94764
0.0,-17.110139,14.94764
0.0,-17.110139,14.947918
0.0,-17.109861,14.947918
0.0,-17.109861,14.948471
0.0,-17.109583,14.948471
0.0,-17.109583,14.949028
0.0,-17.109307,14.949028
0.0,-17.109307,14.949584
0.0,-17.109029,14.949584
0.0,-17.109029,14.95014
0.0,-17.108749,14.95014
0.0,-17.108749,14.950416
0.0,-17.108473,14.950416
0.0,-17.108473,14.950972
0.0,-17.108195,14.950972
0.0,-17.108195,14.951528
0.0,-17.107917,14.951528
0.0,-17.107917,14.952084
0.0,-17.107639,14.952084
0.0,-17.107639,14.952638
0.0,-17.107361,14.952638
0.0,-17.107361,14.953194
0.0,-17.107085,14.953194
0.0,-17.107083,14.953472
0.0,-17.106807,14.953472
0.0,-17.106807,14.95375
0.0,-17.106526,14.95375
0.0,-17.106526,14.954028
0.0,-17.106251,14.954028
0.0,-17.106251,14.954306
0.0,-17.105695,14.954306
0.0,-17.105695,14.954584
0.0,-17.105416,14.954584
0.0,-17.105416,14.95486
0.0,-17.105138,14.95486
0.0,-17.105138,14.95514
0.0,-17.10486,14.95514
0.0,-17.10486,14.955416
0.0,-17.104585,14.955416
0.0,-17.104585,14.955694
0.0,-17.104304,14.955694
0.0,-17.104304,14.95625
0.0,-17.104028,14.95625
0.0,-17.104028,14.956528
0.0,-17.10375,14.956528
0.0,-17.10375,14.956806
0.0,-17.103472,14.956806
0.0,-17.103472,14.95736
0.0,-17.103194,14.95736
0.0,-17.103194,14.957638
0.0,-17.102916,14.957638
0.0,-17.102916,14.957916
0.0,-17.102638,14.957916
0.0,-17.102638,14.958472
0.0,-17.102362,14.958472
0.0,-17.102362,14.95875
0.0,-17.102082,14.95875
0.0,-17.102082,14.959026
0.0,-17.101804,14.959028
0.0,-17.101804,14.959582
0.0,-17.101528,14.959582
0.0,-17.101528,14.95986
0.0,-17.10125,14.95986
0.0,-17.10125,14.960138
0.0,-17.100972,14.960138
0.0,-17.100972,14.960416
0.0,-17.100694,14.960416
0.0,-17.100694,14.960694
0.0,-17.100416,14.960694
0.0,-17.100416,14.960973
0.0,-17.10014,14.960973
0.0,-17.10014,14.961529
0.0,-17.099862,14.961529
0.0,-17.099862,14.961804
0.0,-17.099582,14.961804
0.0,-17.099582,14.962082
0.0,-17.099306,14.962082
0.0,-17.099306,14.962361
0.0,-17.099028,14.962361
0.0,-17.099028,14.962639
0.0,-17.09875,14.962639
0.0,-17.09875,14.962917
0.0,-17.098472,14.962917
0.0,-17.098472,14.963195
0.0,-17.098194,14.963195
0.0,-17.098194,14.963751
0.0,-17.097918,14.963751
0.0,-17.097918,14.964027
0.0,-17.09764,14.964027
0.0,-17.09764,14.964307
0.0,-17.09736,14.964307
0.0,-17.09736,14.964583
0.0,-17.097084,14.964583
0.0,-17.097084,14.964861
0.0,-17.096806,14.964861
0.0,-17.096806,14.965139
0.0,-17.096528,14.965139
0.0,-17.096528,14.965417
0.0,-17.09625,14.965417
0.0,-17.09625,14.965973
0.0,-17.095972,14.965973
0.0,-17.095972,14.966251
0.0,-17.095694,14.966251
0.0,-17.095694,14.966529
0.0,-17.095418,14.966529
0.0,-17.095418,14.966805
0.0,-17.095138,14.966805
0.0,-17.095138,14.967083
0.0,-17.094862,14.967083
0.0,-17.094862,14.967361
0.0,-17.094584,14.967361
0.0,-17.094584,14.967639
0.0,-17.094306,14.967639
0.0,-17.094306,14.968195
0.0,-17.094028,14.968195
0.0,-17.094028,14.968473
0.0,-17.09375,14.968473
0.0,-17.09375,14.968749
0.0,-17.093472,14.968749
0.0,-17.093472,14.969027
0.0,-17.093196,14.969027
0.0,-17.093196,14.969305
0.0,-17.092915,14.969305
0.0,-17.092915,14.969583
0.0,-17.092637,14.969583
0.0,-17.092637,14.969861
0.0,-17.092362,14.969861
0.0,-17.092362,14.970139
0.0,-17.092084,14.970139
0.0,-17.092084,14.970695
0.0,-17.091805,14.970695
0.0,-17.091805,14.970971
0.0,-17.091527,14.970971
0.0,-17.091527,14.971249
0.0,-17.091249,14.971249
0.0,-17.091249,14.971527
0.0,-17.090974,14.971527
0.0,-17.090974,14.971805
0.0,-17.090696,14.971805
0.0,-17.090696,14.972083
0.0,-17.090415,14.972083
0.0,-17.090415,14.972361
0.0,-17.090139,14.972361
0.0,-17.090139,14.972639
0.0,-17.089861,14.972639
0.0,-17.089861,14.973193
0.0,-17.089583,14.973193
0.0,-17.089583,14.973474
0.0,-17.089305,14.973474
0.0,-17.089305,14.973749
0.0,-17.089027,14.973749
0.0,-17.089027,14.974027
0.0,-17.088751,14.974027
0.0,-17.088751,14.974305
0.0,-17.088473,14.974305
0.0,-17.088473,14.974584
0.0,-17.088193,14.974584
0.0,-17.088193,14.974862
0.0,-17.087917,14.974862
0.0,-17.087917,14.97514
0.0,-17.087639,14.97514
0.0,-17.087639,14.975696
0.0,-17.087361,14.975696
0.0,-17.087361,14.975972
0.0,-17.087083,14.975972
0.0,-17.087083,14.97625
0.0,-17.086805,14.97625
0.0,-17.086805,14.976528
0.0,-17.086527,14.976528
0.0,-17.086527,14.976806
0.0,-17.086251,14.976806
0.0,-17.086251,14.977084
0.0,-17.085971,14.977084
0.0,-17.085971,14.977362
0.0,-17.085695,14.977362
0.0,-17.085695,14.97764
0.0,-17.085417,14.97764
0.0,-17.085417,14.978194
0.0,-17.085139,14.978194
0.0,-17.085139,14.978472
0.0,-17.084861,14.978472
0.0,-17.084861,14.97875
0.0,-17.084583,14.97875
0.0,-17.084583,14.979028
0.0,-17.084305,14.979028
0.0,-17.084305,14.979306
0.0,-17.084029,14.979306
0.0,-17.084029,14.979862
0.0,-17.083749,14.979862
0.0,-17.083749,14.980138
0.0,-17.083471,14.980138
0.0,-17.083471,14.980416
0.0,-17.083195,14.980416
0.0,-17.083195,14.980694
0.0,-17.082917,14.980694
0.0,-17.082917,14.980972
0.0,-17.082639,14.980972
0.0,-17.082639,14.98125
0.0,-17.082361,14.98125
0.0,-17.082361,14.981528
0.0,-17.082083,14.981528
0.0,-17.082083,14.981806
0.0,-17.081807,14.981806
0.0,-17.081807,14.982084
0.0,-17.081529,14.982084
0.0,-17.081529,14.98236
0.0,-17.081249,14.98236
0.0,-17.081249,14.98264
0.0,-17.080973,14.98264
0.0,-17.080973,14.982916
0.0,-17.080695,14.982916
0.0,-17.080695,14.983194
0.0,-17.080417,14.983194
0.0,-17.080417,14.983472
0.0,-17.080139,14.983472
0.0,-17.080139,14.98375
0.0,-17.079861,14.98375
0.0,-17.079861,14.984028
0.0,-17.079585,14.984028
0.0,-17.079585,14.984306
0.0,-17.079307,14.984306
0.0,-17.079307,14.984582
0.0,-17.079026,14.984582
0.0,-17.079026,14.984862
0.0,-17.078751,14.984862
0.0,-17.078751,14.985138
0.0,-17.078473,14.985138
0.0,-17.078473,14.985416
0.0,-17.078194,14.985416
0.0,-17.078194,14.985694
0.0,-17.077916,14.985694
0.0,-17.077916,14.985972
0.0,-17.077638,14.985972
0.0,-17.077638,14.98625
0.0,-17.077363,14.98625
0.0,-17.07736,14.986807
0.0,-17.077085,14.986807
0.0,-17.077085,14.98736
0.0,-17.076804,14.98736
0.0,-17.076804,14.987638
0.0,-17.076528,14.987638
0.0,-17.076528,14.987916
0.0,-17.07625,14.987916
0.0,-17.07625,14.988195
0.0,-17.075972,14.988195
0.0,-17.075972,14.988473
0.0,-17.075416,14.988473
0.0,-17.075416,14.988748
0.0,-17.075138,14.988751
0.0,-17.075138,14.989029
0.0,-17.074862,14.989029
0.0,-17.074862,14.989304
0.0,-17.074582,14.989304
0.0,-17.074582,14.989583
0.0,-17.074306,14.989583
0.0,-17.074304,14.989861
0.0,-17.074028,14.989861
0.0,-17.074028,14.990139
0.0,-17.07375,14.990139
0.0,-17.07375,14.990417
0.0,-17.073472,14.990417
0.0,-17.073472,14.990695
0.0,-17.073194,14.990695
0.0,-17.073194,14.990973
0.0,-17.072916,14.990973
0.0,-17.072916,14.991251
0.0,-17.07236,14.991251
0.0,-17.07236,14.991527
0.0,-17.072082,14.991527
0.0,-17.072082,14.991805
0.0,-17.071806,14.991807
0.0,-17.071806,14.992083
0.0,-17.071528,14.992083
0.0,-17.071528,14.992361
0.0,-17.07125,14.992361
0.0,-17.07125,14.992639
0.0,-17.070972,14.992639
0.0,-17.070972,14.992917
0.0,-17.070694,14.992917
0.0,-17.070694,14.993195
0.0,-17.070418,14.993195
0.0,-17.070418,14.993473
0.0,-17.07014,14.993473
0.0,-17.07014,14.993749
0.0,-17.06986,14.993749
0.0,-17.06986,14.994029
0.0,-17.069584,14.994029
0.0,-17.069584,14.994305
0.0,-17.069306,14.994305
0.0,-17.069306,14.994583
0.0,-17.069028,14.994583
0.0,-17.069028,14.994861
0.0,-17.06875,14.994861
0.0,-17.06875,14.995139
0.0,-17.068472,14.995139
0.0,-17.068472,14.995417
0.0,-17.068196,14.995417
0.0,-17.068196,14.995695
0.0,-17.067918,14.995695
0.0,-17.067918,14.995973
0.0,-17.067638,14.995973
0.0,-17.067638,14.996251
0.0,-17.067084,14.996251
0.0,-17.067084,14.996527
0.0,-17.066806,14.996527
0.0,-17.066806,14.996805
0.0,-17.066528,14.996805
0.0,-17.066528,14.997083
0.0,-17.06625,14.997083
0.0,-17.06625,14.997361
0.0,-17.065971,14.997361
0.0,-17.065971,14.997639
0.0,-17.065696,14.997639
0.0,-17.065696,14.997917
0.0,-17.065415,14.997917
0.0,-17.065415,14.998195
0.0,-17.06514,14.998195
0.0,-17.06514,14.998471
0.0,-17.064862,14.998471
0.0,-17.064862,14.998749
0.0,-17.064583,14.998749
0.0,-17.064583,14.999027
0.0,-17.064305,14.999027
0.0,-17.064305,14.999305
0.0,-17.064027,14.999305
0.0,-17.064027,14.999861
0.0,-17.064027,15.000693
0.0,-17.063193,15.000693
0.0,-17.063193,15.000971
0.0,-17.062915,15.000971
0.0,-17.062915,15.001249
0.0,-17.062639,15.001249
0.0,-17.062639,15.001527
0.0,-17.062361,15.001527
0.0,-17.062361,15.002084
0.0,-17.062083,15.002084
0.0,-17.062083,15.002362
0.0,-17.061805,15.002362
0.0,-17.061805,15.00264
0.0,-17.061527,15.00264
0.0,-17.061527,15.002915
0.0,-17.061251,15.002915
0.0,-17.061251,15.003196
0.0,-17.060973,15.003196
0.0,-17.060973,15.00375
0.0,-17.060693,15.00375
0.0,-17.060693,15.004028
0.0,-17.060417,15.004028
0.0,-17.060417,15.004306
0.0,-17.060139,15.004306
0.0,-17.060139,15.004584
0.0,-17.059861,15.004584
0.0,-17.059861,15.004862
0.0,-17.059583,15.004862
0.0,-17.059583,15.005138
0.0,-17.059305,15.00514
0.0,-17.059305,15.005418
0.0,-17.058751,15.005418
0.0,-17.058751,15.005694
0.0,-17.058471,15.005694
0.0,-17.058471,15.005972
0.0,-17.058195,15.005972
0.0,-17.058195,15.00625
0.0,-17.057917,15.00625
0.0,-17.057917,15.006528
0.0,-17.057639,15.006528
0.0,-17.057639,15.006806
0.0,-17.057361,15.006806
0.0,-17.057361,15.007084
0.0,-17.057083,15.007084
0.0,-17.057083,15.007362
0.0,-17.056805,15.007362
0.0,-17.056805,15.007638
0.0,-17.056529,15.007638
0.0,-17.056529,15.007916
0.0,-17.055973,15.007916
0.0,-17.055973,15.008194
0.0,-17.055695,15.008194
0.0,-17.055695,15.00875
0.0,-17.055417,15.00875
0.0,-17.055417,15.009306
0.0,-17.055139,15.009306
0.0,-17.055139,15.010138
0.0,-17.054861,15.010138
0.0,-17.054861,15.010694
0.0,-17.054583,15.010694
0.0,-17.054583,15.010972
0.0,-17.054307,15.010972
0.0,-17.054307,15.01125
0.0,-17.054027,15.01125
0.0,-17.054027,15.011528
0.0,-17.053748,15.011528
0.0,-17.053748,15.011806
0.0,-17.053473,15.011806
0.0,-17.053473,15.012082
0.0,-17.053195,15.012082
0.0,-17.053195,15.012362
0.0,-17.052917,15.012362
0.0,-17.052917,15.012638
0.0,-17.052639,15.012638
0.0,-17.052639,15.013194
0.0,-17.05236,15.013194
0.0,-17.05236,15.013472
0.0,-17.052085,15.013472
0.0,-17.052085,15.01375
0.0,-17.051807,15.01375
0.0,-17.051807,15.014029
0.0,-17.051526,15.014029
0.0,-17.051526,15.014304
0.0,-17.051251,15.014304
0.0,-17.051251,15.014585
0.0,-17.050972,15.014585
0.0,-17.050972,15.01486
0.0,-17.050694,15.01486
0.0,-17.050694,15.015138
0.0,-17.050416,15.015138
0.0,-17.050416,15.015417
0.0,-17.050138,15.015417
0.0,-17.050138,15.015695
0.0,-17.049863,15.015695
0.0,-17.049863,15.015973
0.0,-17.049584,15.015973
0.0,-17.049584,15.016251
0.0,-17.049304,15.016251
0.0,-17.049304,15.016529
0.0,-17.049028,15.016529
0.0,-17.049028,15.016805
0.0,-17.04875,15.016805
0.0,-17.04875,15.017083
0.0,-17.048472,15.017083
0.0,-17.048472,15.017361
0.0,-17.048194,15.017361
0.0,-17.048194,15.017917
0.0,-17.047916,15.017917
0.0,-17.047916,15.018195
0.0,-17.047638,15.018195
0.0,-17.047638,15.018473
0.0,-17.047362,15.018473
0.0,-17.047362,15.018751
0.0,-17.047082,15.018751
0.0,-17.047082,15.019027
0.0,-17.046806,15.019027
0.0,-17.046806,15.019305
0.0,-17.046528,15.019305
0.0,-17.046528,15.019583
0.0,-17.04625,15.019583
0.0,-17.04625,15.019861
0.0,-17.045972,15.019861
0.0,-17.045972,15.020139
0.0,-17.045694,15.020139
0.0,-17.045694,15.020417
0.0,-17.045416,15.020417
0.0,-17.045416,15.020695
0.0,-17.04514,15.020695
0.0,-17.04514,15.021249
0.0,-17.04486,15.021249
0.0,-17.04486,15.021527
0.0,-17.044584,15.021529
0.0,-17.044582,15.021805
0.0,-17.044306,15.021805
0.0,-17.044306,15.022083
0.0,-17.044028,15.022083
0.0,-17.044028,15.022361
0.0,-17.04375,15.022361
0.0,-17.04375,15.022639
0.0,-17.043472,15.022639
0.0,-17.043472,15.022917
0.0,-17.043194,15.022917
0.0,-17.043194,15.023471
0.0,-17.042918,15.023471
0.0,-17.042918,15.023751
0.0,-17.042638,15.023751
0.0,-17.042638,15.024027
0.0,-17.04236,15.024027
0.0,-17.04236,15.024305
0.0,-17.042084,15.024305
0.0,-17.042084,15.024583
0.0,-17.041806,15.024583
0.0,-17.041806,15.024861
0.0,-17.041528,15.024861
0.0,-17.041528,15.025139
0.0,-17.04125,15.025139
0.0,-17.04125,15.025417
0.0,-17.040972,15.025417
0.0,-17.040972,15.025695
0.0,-17.040696,15.025695
0.0,-17.040696,15.025973
0.0,-17.040418,15.025973
0.0,-17.040418,15.026527
0.0,-17.040137,15.026527
0.0,-17.040137,15.026805
0.0,-17.039862,15.026805
0.0,-17.039862,15.027083
0.0,-17.039584,15.027083
0.0,-17.039584,15.027361
0.0,-17.039306,15.027361
0.0,-17.039306,15.02764
0.0,-17.039028,15.02764
0.0,-17.039028,15.027918
0.0,-17.038749,15.027918
0.0,-17.038749,15.028193
0.0,-17.038474,15.028193
0.0,-17.038474,15.028471
0.0,-17.038196,15.028471
0.0,-17.038196,15.028749
0.0,-17.037915,15.028749
0.0,-17.037915,15.029028
0.0,-17.03764,15.029028
0.0,-17.03764,15.029306
0.0,-17.037361,15.029306
0.0,-17.037361,15.029584
0.0,-17.037083,15.029584
0.0,-17.037083,15.029862
0.0,-17.036805,15.029862
0.0,-17.036805,15.03014
0.0,-17.036527,15.03014
0.0,-17.036527,15.030694
0.0,-17.036249,15.030694
0.0,-17.036249,15.030972
0.0,-17.035973,15.030972
0.0,-17.035973,15.03125
0.0,-17.035693,15.03125
0.0,-17.035693,15.031528
0.0,-17.035417,15.031528
0.0,-17.035417,15.031806
0.0,-17.035139,15.031806
0.0,-17.035139,15.032084
0.0,-17.034861,15.032084
0.0,-17.034861,15.032362
0.0,-17.034583,15.032362
0.0,-17.034583,15.032638
0.0,-17.034305,15.032638
0.0,-17.034305,15.032918
0.0,-17.034027,15.032918
0.0,-17.034027,15.033194
0.0,-17.033751,15.033194
0.0,-17.033751,15.033472
0.0,-17.033471,15.033472
0.0,-17.033471,15.03375
0.0,-17.033193,15.03375
0.0,-17.033193,15.034028
0.0,-17.032917,15.034028
0.0,-17.032917,15.034306
0.0,-17.032639,15.034306
0.0,-17.032639,15.034584
0.0,-17.032361,15.034584
0.0,-17.032361,15.03486
0.0,-17.032083,15.034862
0.0,-17.032083,15.03514
0.0,-17.031805,15.03514
0.0,-17.031805,15.035694
0.0,-17.031529,15.035694
0.0,-17.031529,15.035972
0.0,-17.031251,15.035972
0.0,-17.031251,15.03625
0.0,-17.030971,15.03625
0.0,-17.030971,15.036528
0.0,-17.030695,15.036528
0.0,-17.030695,15.036806
0.0,-17.030417,15.036806
0.0,-17.030417,15.037084
0.0,-17.030139,15.037084
0.0,-17.030139,15.03736
0.0,-17.029861,15.03736
0.0,-17.029861,15.037638
0.0,-17.029583,15.037638
0.0,-17.029583,15.037916
0.0,-17.029307,15.037916
0.0,-17.029307,15.038194
0.0,-17.029029,15.038194
0.0,-17.029029,15.038472
0.0,-17.028749,15.038472
0.0,-17.028749,15.03875
0.0,-17.028473,15.03875
0.0,-17.028473,15.039306
0.0,-17.028195,15.039306
0.0,-17.028195,15.039582
0.0,-17.027917,15.039582
0.0,-17.027917,15.03986
0.0,-17.027639,15.03986
0.0,-17.027639,15.040138
0.0,-17.027361,15.040138
0.0,-17.027361,15.040416
0.0,-17.027083,15.040416
0.0,-17.027083,15.040972
0.0,-17.026807,15.040972
0.0,-17.026807,15.041251
0.0,-17.026526,15.041251
0.0,-17.026526,15.041529
0.0,-17.026251,15.041529
0.0,-17.026251,15.041804
0.0,-17.025973,15.041804
0.0,-17.025973,15.042085
0.0,-17.025695,15.042085
0.0,-17.025695,15.042639
0.0,-17.025417,15.042639
0.0,-17.025417,15.042917
0.0,-17.025138,15.042917
0.0,-17.025138,15.043473
0.0,-17.02486,15.043473
0.0,-17.02486,15.043751
0.0,-17.024585,15.043751
0.0,-17.024585,15.044027
0.0,-17.024304,15.044027
0.0,-17.024304,15.044307
0.0,-17.024026,15.044307
0.0,-17.024026,15.044583
0.0,-17.02375,15.044583
0.0,-17.02375,15.045139
0.0,-17.023518,15.045148
0.0,-17.023472,15.045417
0.0,-17.023194,15.045417
0.0,-17.023194,15.045695
0.0,-17.022916,15.045695
0.0,-17.022916,15.045973
0.0,-17.022638,15.045973
0.0,-17.022638,15.046251
0.0,-17.022362,15.046251
0.0,-17.022362,15.046527
0.0,-17.022082,15.046527
0.0,-17.022082,15.046805
0.0,-17.021804,15.046805
0.0,-17.021804,15.047083
0.0,-17.021528,15.047083
0.0,-17.021528,15.047361
0.0,-17.02125,15.047361
0.0,-17.02125,15.047639
0.0,-17.020972,15.047639
0.0,-17.020972,15.048195
0.0,-17.020694,15.048195
0.0,-17.020694,15.048473
0.0,-17.020416,15.048473
0.0,-17.020416,15.048749
0.0,-17.02014,15.048749
0.0,-17.02014,15.049027
0.0,-17.019862,15.049027
0.0,-17.019862,15.049305
0.0,-17.019582,15.049305
0.0,-17.019582,15.049583
0.0,-17.019306,15.049583
0.0,-17.019306,15.049861
0.0,-17.019028,15.049861
0.0,-17.019028,15.050139
0.0,-17.01875,15.050139
0.0,-17.01875,15.050417
0.0,-17.018472,15.050417
0.0,-17.018472,15.050695
0.0,-17.018194,15.050695
0.0,-17.018194,15.051249
0.0,-17.017916,15.051251
0.0,-17.017916,15.051527
0.0,-17.01764,15.051527
0.0,-17.01764,15.051805
0.0,-17.01736,15.051805
0.0,-17.01736,15.052083
0.0,-17.017084,15.052083
0.0,-17.017084,15.052361
0.0,-17.016806,15.052361
0.0,-17.016806,15.052639
0.0,-17.016528,15.052639
0.0,-17.016528,15.052917
0.0,-17.01625,15.052917
0.0,-17.01625,15.053193
0.0,-17.015972,15.053193
0.0,-17.015972,15.053749
0.0,-17.015694,15.053749
0.0,-17.015694,15.054027
0.0,-17.015418,15.054027
0.0,-17.015418,15.054305
0.0,-17.015138,15.054305
0.0,-17.015138,15.054583
0.0,-17.014862,15.054583
0.0,-17.01486,15.054862
0.0,-17.014584,15.054862
0.0,-17.014584,15.05514
0.0,-17.014306,15.05514
0.0,-17.014306,15.055696
0.0,-17.014028,15.055696
0.0,-17.014028,15.055971
0.0,-17.01375,15.055971
0.0,-17.01375,15.05625
0.0,-17.013472,15.05625
0.0,-17.013472,15.056528
0.0,-17.013196,15.056528
0.0,-17.013196,15.056806
0.0,-17.012915,15.056806
0.0,-17.012915,15.057084
0.0,-17.012637,15.057084
0.0,-17.012637,15.05764
0.0,-17.012362,15.05764
0.0,-17.012362,15.057916
0.0,-17.012084,15.057916
0.0,-17.012084,15.058194
0.0,-17.011806,15.058194
0.0,-17.011806,15.058472
0.0,-17.011527,15.058472
0.0,-17.011527,15.05875
0.0,-17.011249,15.05875
0.0,-17.011249,15.059306
0.0,-17.010974,15.059306
0.0,-17.010974,15.059584
0.0,-17.010696,15.059584
0.0,-17.010696,15.059862
0.0,-17.010415,15.059862
0.0,-17.010415,15.060138
0.0,-17.010139,15.060138
0.0,-17.010139,15.060416
0.0,-17.009861,15.060416
0.0,-17.009861,15.060694
0.0,-17.009583,15.060694
0.0,-17.009583,15.06125
0.0,-17.009305,15.06125
0.0,-17.009305,15.061528
0.0,-17.009027,15.061528
0.0,-17.009027,15.061806
0.0,-17.008751,15.061806
0.0,-17.008751,15.062084
0.0,-17.008473,15.062084
0.0,-17.008473,15.06236
0.0,-17.008193,15.06236
0.0,-17.008193,15.06264
0.0,-17.007917,15.06264
0.0,-17.007917,15.062916
0.0,-17.007639,15.062916
0.0,-17.007639,15.063472
0.0,-17.007361,15.063472
0.0,-17.007361,15.06375
0.0,-17.007083,15.06375
0.0,-17.007083,15.064028
0.0,-17.006805,15.064028
0.0,-17.006805,15.064306
0.0,-17.006527,15.064306
0.0,-17.006527,15.064584
0.0,-17.006251,15.064584
0.0,-17.006251,15.064862
0.0,-17.005971,15.064862
0.0,-17.005971,15.065138
0.0,-17.005695,15.065138
0.0,-17.005695,15.065416
0.0,-17.005417,15.065416
0.0,-17.005417,15.065694
0.0,-17.005139,15.065694
0.0,-17.005139,15.06625
0.0,-17.004861,15.06625
0.0,-17.004861,15.066528
0.0,-17.004583,15.066528
0.0,-17.004583,15.066806
0.0,-17.004305,15.066806
0.0,-17.004305,15.067082
0.0,-17.004029,15.067082
0.0,-17.004029,15.06736
0.0,-17.003749,15.06736
0.0,-17.003749,15.067638
0.0,-17.003471,15.067638
0.0,-17.003471,15.067916
0.0,-17.003195,15.067916
0.0,-17.003195,15.068194
0.0,-17.002917,15.068194
0.0,-17.002917,15.068473
0.0,-17.002639,15.068473
0.0,-17.002639,15.069029
0.0,-17.002361,15.069029
0.0,-17.002361,15.069304
0.0,-17.002083,15.069304
0.0,-17.002083,15.069582
0.0,-17.001807,15.069582
0.0,-17.001807,15.069861
0.0,-17.001529,15.069861
0.0,-17.001529,15.070139
0.0,-17.001249,15.070139
0.0,-17.001249,15.070417
0.0,-17.000973,15.070417
0.0,-17.000973,15.070695
0.0,-17.000695,15.070695
0.0,-17.000695,15.070973
0.0,-17.000417,15.070973
0.0,-17.000417,15.071251
0.0,-17.000139,15.071251
0.0,-17.000139,15.071527
0.0,-16.999861,15.071527
0.0,-16.999861,15.072361
0.0,-16.999585,15.072361
0.0,-16.999585,15.072917
0.0,-16.999307,15.072917
0.0,-16.999307,15.073195
0.0,-16.999026,15.073195
0.0,-16.999026,15.073473
0.0,-16.998751,15.073473
0.0,-16.998751,15.073749
0.0,-16.998473,15.073749
0.0,-16.998473,15.074029
0.0,-16.998195,15.074029
0.0,-16.998195,15.074305
0.0,-16.997916,15.074305
0.0,-16.997916,15.074583
0.0,-16.997638,15.074583
0.0,-16.997638,15.075139
0.0,-16.99736,15.075139
0.0,-16.99736,15.075417
0.0,-16.997085,15.075417
0.0,-16.997085,15.075973
0.0,-16.996804,15.075973
0.0,-16.996804,15.076527
0.0,-16.996528,15.076527
0.0,-16.996528,15.076805
0.0,-16.99625,15.076805
0.0,-16.99625,15.077361
0.0,-16.995972,15.077361
0.0,-16.995972,15.077639
0.0,-16.995694,15.077639
0.0,-16.995694,15.077917
0.0,-16.995416,15.077917
0.0,-16.995416,15.078195
0.0,-16.995138,15.078195
0.0,-16.995138,15.078471
0.0,-16.994862,15.078471
0.0,-16.994862,15.078749
0.0,-16.994582,15.078749
0.0,-16.994582,15.079027
0.0,-16.994304,15.079027
0.0,-16.994304,15.079305
0.0,-16.994028,15.079305
0.0,-16.994028,15.079583
0.0,-16.99375,15.079583
0.0,-16.99375,15.079861
0.0,-16.993472,15.079861
0.0,-16.993472,15.080139
0.0,-16.993194,15.080139
0.0,-16.993194,15.080417
0.0,-16.992916,15.080417
0.0,-16.992916,15.080693
0.0,-16.99236,15.080693
0.0,-16.99236,15.080971
0.0,-16.992082,15.080974
0.0,-16.992082,15.081527
0.0,-16.991806,15.081527
0.0,-16.991806,15.082084
0.0,-16.991528,15.082084
0.0,-16.991528,15.08264
0.0,-16.99125,15.08264
0.0,-16.99125,15.082915
0.0,-16.990972,15.082915
0.0,-16.990972,15.083196
0.0,-16.990694,15.083196
0.0,-16.990694,15.083472
0.0,-16.990418,15.083472
0.0,-16.990418,15.08375
0.0,-16.99014,15.08375
0.0,-16.99014,15.084028
0.0,-16.98986,15.084028
0.0,-16.98986,15.084584
0.0,-16.989584,15.084584
0.0,-16.989584,15.084862
0.0,-16.989306,15.084862
0.0,-16.989306,15.08514
0.0,-16.989028,15.08514
0.0,-16.989028,15.085418
0.0,-16.98875,15.085418
0.0,-16.98875,15.085694
0.0,-16.988472,15.085694
0.0,-16.988472,15.085972
0.0,-16.988194,15.085972
0.0,-16.988194,15.08625
0.0,-16.987918,15.08625
0.0,-16.987918,15.086528
0.0,-16.987638,15.086528
0.0,-16.987638,15.086806
0.0,-16.987362,15.086806
0.0,-16.987362,15.087362
0.0,-16.987084,15.087362
0.0,-16.987084,15.087638
0.0,-16.986806,15.087638
0.0,-16.986806,15.087916
0.0,-16.986528,15.087916
0.0,-16.986528,15.088194
0.0,-16.98625,15.088194
0.0,-16.98625,15.088472
0.0,-16.985972,15.088472
0.0,-16.985972,15.08875
0.0,-16.985696,15.08875
0.0,-16.985696,15.089028
0.0,-16.985415,15.089028
0.0,-16.985415,15.089584
0.0,-16.985137,15.089584
0.0,-16.985137,15.08986
0.0,-16.984862,15.08986
0.0,-16.984862,15.090138
0.0,-16.984584,15.090138
0.0,-16.984584,15.090416
0.0,-16.984305,15.090416
0.0,-16.984305,15.090694
0.0,-16.984027,15.090694
0.0,-16.984027,15.090972
0.0,-16.983749,15.090972
0.0,-16.983749,15.091528
0.0,-16.983474,15.091528
0.0,-16.983474,15.091806
0.0,-16.983193,15.091806
0.0,-16.983193,15.092082
0.0,-16.982915,15.092082
0.0,-16.982915,15.092362
0.0,-16.982639,15.092362
0.0,-16.982639,15.092638
0.0,-16.982361,15.092638
0.0,-16.982361,15.093194
0.0,-16.982083,15.093194
0.0,-16.982083,15.093472
0.0,-16.981805,15.093472
0.0,-16.981805,15.09375
0.0,-16.981527,15.09375
0.0,-16.981527,15.094028
0.0,-16.981251,15.094028
0.0,-16.981251,15.094307
0.0,-16.980973,15.094307
0.0,-16.980973,15.094585
0.0,-16.980693,15.094585
0.0,-16.980693,15.095138
0.0,-16.980417,15.095138
0.0,-16.980417,15.095416
0.0,-16.980139,15.095416
0.0,-16.980139,15.095695
0.0,-16.979861,15.095695
0.0,-16.979861,15.095973
0.0,-16.979583,15.095973
0.0,-16.979583,15.096251
0.0,-16.979305,15.096251
0.0,-16.979305,15.096529
0.0,-16.979029,15.096529
0.0,-16.979029,15.096804
0.0,-16.978751,15.096804
0.0,-16.978751,15.097083
0.0,-16.978471,15.097083
0.0,-16.978471,15.097361
0.0,-16.978195,15.097361
0.0,-16.978195,15.097639
0.0,-16.977917,15.097639
0.0,-16.977917,15.098195
0.0,-16.977639,15.098195
0.0,-16.977639,15.098473
0.0,-16.977361,15.098473
0.0,-16.977361,15.098751
0.0,-16.977083,15.098751
0.0,-16.977083,15.099027
0.0,-16.976805,15.099027
0.0,-16.976805,15.099305
0.0,-16.976529,15.099305
0.0,-16.976529,15.099583
0.0,-16.976249,15.099583
0.0,-16.976249,15.099861
0.0,-16.975973,15.099861
0.0,-16.975973,15.100417
0.0,-16.975695,15.100417
0.0,-16.975695,15.101249
0.0,-16.975139,15.101249
0.0,-16.975139,15.101529
0.0,-16.974861,15.101529
0.0,-16.974861,15.101805
0.0,-16.974583,15.101805
0.0,-16.974583,15.102083
0.0,-16.974307,15.102083
0.0,-16.974307,15.102639
0.0,-16.974027,15.102639
0.0,-16.974027,15.103471
0.0,-16.973749,15.103471
0.0,-16.973749,15.104305
0.0,-16.972361,15.104305
0.0,-16.972361,15.104583
0.0,-16.972085,15.104583
0.0,-16.972085,15.104861
0.0,-16.971807,15.104861
0.0,-16.971807,15.105139
0.0,-16.971526,15.105139
0.0,-16.971526,15.105417
0.0,-16.971251,15.105417
0.0,-16.971251,15.105695
0.0,-16.970973,15.105695
0.0,-16.970973,15.106249
0.0,-16.970694,15.106249
0.0,-16.970694,15.106527
0.0,-16.970416,15.106527
0.0,-16.970416,15.106805
0.0,-16.970138,15.106805
0.0,-16.970138,15.107361
0.0,-16.969863,15.107361
0.0,-16.969863,15.107639
0.0,-16.969585,15.107639
0.0,-16.969585,15.107918
0.0,-16.969304,15.107918
0.0,-16.969304,15.108471
0.0,-16.969028,15.108471
0.0,-16.969028,15.108749
0.0,-16.96875,15.108749
0.0,-16.96875,15.109027
0.0,-16.968472,15.109027
0.0,-16.968472,15.109306
0.0,-16.968194,15.109306
0.0,-16.968194,15.109862
0.0,-16.967916,15.109862
0.0,-16.967916,15.11014
0.0,-16.967638,15.11014
0.0,-16.967638,15.110415
0.0,-16.967362,15.110415
0.0,-16.967362,15.110696
0.0,-16.967082,15.110696
0.0,-16.967082,15.110972
0.0,-16.966806,15.110972
0.0,-16.966806,15.111528
0.0,-16.966528,15.111528
0.0,-16.966528,15.111806
0.0,-16.96625,15.111806
0.0,-16.96625,15.112084
0.0,-16.965972,15.112084
0.0,-16.965972,15.112362
0.0,-16.965694,15.112362
0.0,-16.965694,15.112638
0.0,-16.965416,15.112638
0.0,-16.965416,15.113194
0.0,-16.96514,15.113194
0.0,-16.96514,15.113472
0.0,-16.96486,15.113472
0.0,-16.96486,15.11375
0.0,-16.964582,15.11375
0.0,-16.964582,15.114028
0.0,-16.964306,15.114028
0.0,-16.964306,15.114584
0.0,-16.964028,15.114584
0.0,-16.964028,15.114862
0.0,-16.96375,15.114862
0.0,-16.96375,15.11514
0.0,-16.963472,15.11514
0.0,-16.963472,15.115416
0.0,-16.963194,15.115416
0.0,-16.963194,15.115972
0.0,-16.962918,15.115972
0.0,-16.962918,15.11625
0.0,-16.962638,15.11625
0.0,-16.962638,15.116528
0.0,-16.96236,15.116528
0.0,-16.96236,15.116806
0.0,-16.962084,15.116806
0.0,-16.962084,15.117084
0.0,-16.961806,15.117084
0.0,-16.961806,15.117638
0.0,-16.961528,15.117638
0.0,-16.961528,15.117916
0.0,-16.96125,15.117916
0.0,-16.96125,15.118194
0.0,-16.960972,15.118194
0.0,-16.960972,15.118472
0.0,-16.960696,15.118472
0.0,-16.960696,15.119028
0.0,-16.960418,15.119028
0.0,-16.960418,15.119306
0.0,-16.960138,15.119306
0.0,-16.960138,15.119582
0.0,-16.959862,15.119582
0.0,-16.959862,15.11986
0.0,-16.959584,15.11986
0.0,-16.959584,15.120138
0.0,-16.959306,15.120138
0.0,-16.959306,15.120416
0.0,-16.959028,15.120416
0.0,-16.959028,15.120694
0.0,-16.95875,15.120694
0.0,-16.95875,15.120972
0.0,-16.958471,15.120972
0.0,-16.958471,15.121529
0.0,-16.958196,15.121529
0.0,-16.958196,15.121804
0.0,-16.957915,15.121804
0.0,-16.957915,15.12236
0.0,-16.95764,15.12236
0.0,-16.95764,15.122638
0.0,-16.957362,15.122638
0.0,-16.957362,15.123195
0.0,-16.957083,15.123195
0.0,-16.957083,15.123473
0.0,-16.956805,15.123473
0.0,-16.956805,15.123751
0.0,-16.956527,15.123751
0.0,-16.956527,15.124307
0.0,-16.956249,15.124307
0.0,-16.956249,15.124583
0.0,-16.955974,15.124583
0.0,-16.955974,15.124861
0.0,-16.955693,15.124861
0.0,-16.955693,15.125139
0.0,-16.955415,15.125139
0.0,-16.955415,15.125695
0.0,-16.955139,15.125695
0.0,-16.955139,15.125973
0.0,-16.954861,15.125973
0.0,-16.954861,15.126251
0.0,-16.954583,15.126251
0.0,-16.954583,15.126527
0.0,-16.954305,15.126527
0.0,-16.954305,15.127083
0.0,-16.954027,15.127083
0.0,-16.954027,15.127361
0.0,-16.953751,15.127361
0.0,-16.953751,15.127639
0.0,-16.953471,15.127639
0.0,-16.953471,15.127917
0.0,-16.953193,15.127917
0.0,-16.953193,15.128473
0.0,-16.952917,15.128473
0.0,-16.952917,15.128749
0.0,-16.952639,15.128749
0.0,-16.952639,15.129027
0.0,-16.952361,15.129027
0.0,-16.952361,15.129583
0.0,-16.952083,15.129583
0.0,-16.952083,15.129861
0.0,-16.951805,15.129861
0.0,-16.951805,15.130417
0.0,-16.951529,15.130417
0.0,-16.951529,15.130695
0.0,-16.951251,15.130695
0.0,-16.951251,15.131251
0.0,-16.950971,15.131251
0.0,-16.950971,15.131527
0.0,-16.950695,15.131527
0.0,-16.950695,15.132083
0.0,-16.950417,15.132083
0.0,-16.950417,15.132361
0.0,-16.950139,15.132361
0.0,-16.950139,15.132639
0.0,-16.949861,15.132639
0.0,-16.949861,15.132917
0.0,-16.949583,15.132917
0.0,-16.949583,15.133193
0.0,-16.949307,15.133193
0.0,-16.949305,15.133473
0.0,-16.949029,15.133473
0.0,-16.949029,15.133749
0.0,-16.948749,15.133749
0.0,-16.948749,15.134027
0.0,-16.948473,15.134027
0.0,-16.948473,15.134305
0.0,-16.948195,15.134305
0.0,-16.948195,15.134583
0.0,-16.947917,15.134583
0.0,-16.947917,15.134861
0.0,-16.947639,15.134861
0.0,-16.947639,15.135418
0.0,-16.947361,15.135418
0.0,-16.947361,15.135696
0.0,-16.947083,15.135696
0.0,-16.947083,15.135971
0.0,-16.946807,15.135971
0.0,-16.946807,15.136249
0.0,-16.946527,15.136249
0.0,-16.946527,15.136528
0.0,-16.946251,15.136528
0.0,-16.946251,15.137084
0.0,-16.945973,15.137084
0.0,-16.945973,15.137362
0.0,-16.945695,15.137362
0.0,-16.945695,15.13764
0.0,-16.945417,15.13764
0.0,-16.945417,15.137916
0.0,-16.945139,15.137916
0.0,-16.945139,15.138472
0.0,-16.94486,15.138472
0.0,-16.94486,15.13875
0.0,-16.944585,15.13875
0.0,-16.944585,15.139028
0.0,-16.944304,15.139028
0.0,-16.944304,15.139306
0.0,-16.944026,15.139306
0.0,-16.944026,15.139862
0.0,-16.943751,15.139862
0.0,-16.943751,15.140138
0.0,-16.943472,15.140138
0.0,-16.943472,15.140418
0.0,-16.943194,15.140418
0.0,-16.943194,15.140694
0.0,-16.942916,15.140694
0.0,-16.942916,15.14125
0.0,-16.942638,15.14125
0.0,-16.942638,15.141528
0.0,-16.942363,15.141528
0.0,-16.942363,15.141806
0.0,-16.942084,15.141806
0.0,-16.942084,15.14236
0.0,-16.941804,15.14236
0.0,-16.941804,15.142916
0.0,-16.941528,15.142916
0.0,-16.941528,15.143194
0.0,-16.94125,15.143194
0.0,-16.94125,15.143472
0.0,-16.940972,15.143472
0.0,-16.940972,15.14375
0.0,-16.940694,15.14375
0.0,-16.940694,15.144028
0.0,-16.940416,15.144028
0.0,-16.940416,15.144306
0.0,-16.94014,15.144306
0.0,-16.94014,15.144862
0.0,-16.939862,15.144862
0.0,-16.939862,15.145416
0.0,-16.939582,15.145416
0.0,-16.939582,15.145972
0.0,-16.939306,15.145972
0.0,-16.939306,15.14625
0.0,-16.939028,15.14625
0.0,-16.939028,15.146528
0.0,-16.93875,15.146528
0.0,-16.93875,15.146806
0.0,-16.938472,15.146806
0.0,-16.938472,15.147082
0.0,-16.938194,15.147082
0.0,-16.938194,15.147638
0.0,-16.937916,15.147638
0.0,-16.937916,15.147916
0.0,-16.93764,15.147916
0.0,-16.93764,15.148194
0.0,-16.93736,15.148194
0.0,-16.93736,15.148472
0.0,-16.937084,15.148472
0.0,-16.937084,15.148751
0.0,-16.936806,15.148751
0.0,-16.936806,15.149029
0.0,-16.936528,15.149029
0.0,-16.936528,15.149304
0.0,-16.93625,15.149304
0.0,-16.93625,15.14986
0.0,-16.935972,15.14986
0.0,-16.935972,15.150139
0.0,-16.935694,15.150139
0.0,-16.935694,15.150417
0.0,-16.935418,15.150417
0.0,-16.935418,15.150695
0.0,-16.935138,15.150695
0.0,-16.935138,15.150973
0.0,-16.93486,15.150973
0.0,-16.93486,15.151251
0.0,-16.934584,15.151251
0.0,-16.934584,15.151527
0.0,-16.934306,15.151527
0.0,-16.934306,15.151807
0.0,-16.934028,15.151807
0.0,-16.934028,15.152361
0.0,-16.93375,15.152361
0.0,-16.93375,15.152639
0.0,-16.933472,15.152639
0.0,-16.933472,15.152917
0.0,-16.933196,15.152917
0.0,-16.933196,15.153473
0.0,-16.932916,15.153473
0.0,-16.932916,15.153751
0.0,-16.932637,15.153751
0.0,-16.932637,15.154029
0.0,-16.932362,15.154029
0.0,-16.932362,15.154583
0.0,-16.932084,15.154583
0.0,-16.932084,15.154861
0.0,-16.931806,15.154861
0.0,-16.931806,15.155139
0.0,-16.931528,15.155139
0.0,-16.931528,15.155695
0.0,-16.931249,15.155695
0.0,-16.931249,15.155973
0.0,-16.930974,15.155973
0.0,-16.930974,15.156249
0.0,-16.930696,15.156249
0.0,-16.930696,15.156527
0.0,-16.930415,15.156527
0.0,-16.930415,15.156805
0.0,-16.93014,15.156805
0.0,-16.93014,15.157361
0.0,-16.929861,15.157361
0.0,-16.929861,15.157639
0.0,-16.929583,15.157639
0.0,-16.929583,15.157917
0.0,-16.929305,15.157917
0.0,-16.929305,15.158471
0.0,-16.929027,15.158471
0.0,-16.929027,15.158749
0.0,-16.928749,15.158749
0.0,-16.928749,15.159305
0.0,-16.928473,15.159305
0.0,-16.928473,15.159583
0.0,-16.928193,15.159583
0.0,-16.928193,15.159861
0.0,-16.927917,15.159861
0.0,-16.927917,15.160417
0.0,-16.927639,15.160417
0.0,-16.927639,15.160693
0.0,-16.927361,15.160693
0.0,-16.927361,15.160974
0.0,-16.927083,15.160974
0.0,-16.927083,15.161249
0.0,-16.926805,15.161249
0.0,-16.926805,15.161805
0.0,-16.926527,15.161805
0.0,-16.926527,15.162083
0.0,-16.926251,15.162083
0.0,-16.926251,15.162362
0.0,-16.925971,15.162362
0.0,-16.925971,15.162915
0.0,-16.925693,15.162918
0.0,-16.925693,15.163196
0.0,-16.925417,15.163196
0.0,-16.925417,15.163471
0.0,-16.925139,15.163471
0.0,-16.925139,15.164028
0.0,-16.924861,15.164028
0.0,-16.924861,15.164306
0.0,-16.924583,15.164306
0.0,-16.924583,15.164862
0.0,-16.924305,15.164862
0.0,-16.924305,15.165418
0.0,-16.924029,15.165418
0.0,-16.924029,15.165694
0.0,-16.923749,15.165694
0.0,-16.923749,15.16625
0.0,-16.923471,15.16625
0.0,-16.923471,15.166528
0.0,-16.923195,15.166528
0.0,-16.923195,15.166806
0.0,-16.922917,15.166806
0.0,-16.922917,15.167084
0.0,-16.922639,15.167084
0.0,-16.922639,15.167638
0.0,-16.922361,15.167638
0.0,-16.922361,15.167916
0.0,-16.922083,15.167916
0.0,-16.922083,15.168194
0.0,-16.921807,15.168194
0.0,-16.921807,15.168472
0.0,-16.921529,15.168472
0.0,-16.921529,15.16875
0.0,-16.921249,15.16875
0.0,-16.921249,15.169028
0.0,-16.920973,15.169028
0.0,-16.920973,15.169306
0.0,-16.920695,15.169306
0.0,-16.920695,15.16986
0.0,-16.920417,15.16986
0.0,-16.920417,15.17014
0.0,-16.920139,15.17014
0.0,-16.920139,15.170416
0.0,-16.919861,15.170416
0.0,-16.919861,15.170694
0.0,-16.919585,15.170694
0.0,-16.919583,15.170972
0.0,-16.919307,15.170972
0.0,-16.919307,15.17125
0.0,-16.919026,15.17125
0.0,-16.919026,15.171806
0.0,-16.918751,15.171806
0.0,-16.918751,15.172082
0.0,-16.918473,15.172082
0.0,-16.918473,15.172362
0.0,-16.918195,15.172362
0.0,-16.918195,15.172638
0.0,-16.917917,15.172638
0.0,-16.917917,15.173194
0.0,-16.917638,15.173194
0.0,-16.917638,15.17375
0.0,-16.91736,15.17375
0.0,-16.91736,15.174306
0.0,-16.917085,15.174306
0.0,-16.917085,15.17486
0.0,-16.916804,15.17486
0.0,-16.916804,15.175138
0.0,-16.916529,15.175138
0.0,-16.916529,15.175416
0.0,-16.91625,15.175416
0.0,-16.91625,15.175694
0.0,-16.915972,15.175694
0.0,-16.915972,15.175973
0.0,-16.915694,15.175973
0.0,-16.915694,15.176251
0.0,-16.915416,15.176251
0.0,-16.915416,15.176529
0.0,-16.914862,15.176529
0.0,-16.914862,15.176804
0.0,-16.914582,15.176804
0.0,-16.914582,15.177082
0.0,-16.914304,15.177082
0.0,-16.914304,15.177361
0.0,-16.914028,15.177361
0.0,-16.914028,15.177639
0.0,-16.91375,15.177639
0.0,-16.91375,15.177917
0.0,-16.913472,15.177917
0.0,-16.913472,15.178195
0.0,-16.913194,15.178195
0.0,-16.913194,15.178751
0.0,-16.912916,15.178751
0.0,-16.912916,15.179305
0.0,-16.91264,15.179307
0.0,-16.91264,15.179583
0.0,-16.912362,15.179583
0.0,-16.912362,15.180139
0.0,-16.912082,15.180139
0.0,-16.912082,15.180417
0.0,-16.911806,15.180417
0.0,-16.911806,15.180973
0.0,-16.911528,15.180973
0.0,-16.911528,15.181529
0.0,-16.91125,15.181529
0.0,-16.91125,15.181805
0.0,-16.910972,15.181805
0.0,-16.910972,15.182361
0.0,-16.910694,15.182361
0.0,-16.910694,15.182917
0.0,-16.910418,15.182917
0.0,-16.910418,15.183195
0.0,-16.91014,15.183195
0.0,-16.91014,15.183473
0.0,-16.90986,15.183473
0.0,-16.90986,15.184027
0.0,-16.909584,15.184027
0.0,-16.909584,15.184305
0.0,-16.909306,15.184305
0.0,-16.909306,15.184583
0.0,-16.909028,15.184583
0.0,-16.909028,15.184861
0.0,-16.90875,15.184861
0.0,-16.90875,15.185417
0.0,-16.908472,15.185417
0.0,-16.908472,15.185695
0.0,-16.908194,15.185695
0.0,-16.908194,15.185971
0.0,-16.907918,15.185971
0.0,-16.907918,15.186249
0.0,-16.907638,15.186249
0.0,-16.907638,15.186805
0.0,-16.907362,15.186805
0.0,-16.907362,15.187083
0.0,-16.907084,15.187083
0.0,-16.907084,15.187361
0.0,-16.906806,15.187361
0.0,-16.906806,15.187639
0.0,-16.906528,15.187639
0.0,-16.906528,15.188193
0.0,-16.90625,15.188193
0.0,-16.90625,15.188471
0.0,-16.905972,15.188471
0.0,-16.905972,15.188749
0.0,-16.905696,15.188749
0.0,-16.905696,15.189027
0.0,-16.905415,15.189027
0.0,-16.905415,15.189584
0.0,-16.905137,15.189584
0.0,-16.905137,15.189862
0.0,-16.904862,15.189862
0.0,-16.904862,15.19014
0.0,-16.904584,15.19014
0.0,-16.904584,15.190696
0.0,-16.904306,15.190696
0.0,-16.904306,15.190972
0.0,-16.904027,15.190972
0.0,-16.904027,15.191528
0.0,-16.903749,15.191528
0.0,-16.903749,15.191806
0.0,-16.903474,15.191806
0.0,-16.903474,15.192362
0.0,-16.903193,15.192362
0.0,-16.903193,15.192638
0.0,-16.902915,15.19264
0.0,-16.902915,15.193194
0.0,-16.902639,15.193194
0.0,-16.902639,15.193472
0.0,-16.902361,15.193472
0.0,-16.902361,15.19375
0.0,-16.902083,15.19375
0.0,-16.902083,15.194306
0.0,-16.901805,15.194306
0.0,-16.901805,15.194584
0.0,-16.901527,15.194584
0.0,-16.901527,15.194862
0.0,-16.901251,15.194862
0.0,-16.901251,15.19514
0.0,-16.900973,15.19514
0.0,-16.900973,15.195694
0.0,-16.900693,15.195694
0.0,-16.900693,15.195972
0.0,-16.900417,15.195972
0.0,-16.900417,15.19625
0.0,-16.900139,15.19625
0.0,-16.900139,15.196528
0.0,-16.899861,15.196528
0.0,-16.899861,15.196806
0.0,-16.899583,15.196806
0.0,-16.899583,15.19736
0.0,-16.899305,15.19736
0.0,-16.899305,15.197638
0.0,-16.899027,15.197638
0.0,-16.899027,15.197916
0.0,-16.898751,15.197916
0.0,-16.898751,15.198194
0.0,-16.898471,15.198194
0.0,-16.898471,15.19875
0.0,-16.898195,15.19875
0.0,-16.898195,15.199028
0.0,-16.897917,15.199028
0.0,-16.897917,15.199306
0.0,-16.897639,15.199306
0.0,-16.897639,15.199582
0.0,-16.897361,15.199582
0.0,-16.897361,15.199862
0.0,-16.897083,15.199862
0.0,-16.897083,15.200416
0.0,-16.896805,15.200416
0.0,-16.896805,15.200694
0.0,-16.896529,15.200694
0.0,-16.896529,15.200972
0.0,-16.896249,15.200972
0.0,-16.896249,15.20125
0.0,-16.895971,15.20125
0.0,-16.895971,15.201528
0.0,-16.895695,15.201528
0.0,-16.895695,15.202085
0.0,-16.895417,15.202085
0.0,-16.895417,15.20236
0.0,-16.895139,15.20236
0.0,-16.895139,15.202638
0.0,-16.894861,15.202638
0.0,-16.894861,15.203195
0.0,-16.894583,15.203195
0.0,-16.894583,15.203473
0.0,-16.894307,15.203473
0.0,-16.894307,15.204029
0.0,-16.894027,15.204029
0.0,-16.894027,15.204307
0.0,-16.893749,15.204307
0.0,-16.893749,15.204861
0.0,-16.893473,15.204861
0.0,-16.893473,15.205139
0.0,-16.893195,15.205139
0.0,-16.893195,15.205695
0.0,-16.892917,15.205695
0.0,-16.892917,15.205973
0.0,-16.892639,15.205973
0.0,-16.892639,15.206527
0.0,-16.892361,15.206527
0.0,-16.892361,15.206805
0.0,-16.892085,15.206805
0.0,-16.892085,15.207083
0.0,-16.891807,15.207083
0.0,-16.891807,15.207639
0.0,-16.891526,15.207639
0.0,-16.891526,15.207917
0.0,-16.891251,15.207917
0.0,-16.891251,15.208195
0.0,-16.890973,15.208195
0.0,-16.890973,15.208749
0.0,-16.890695,15.208749
0.0,-16.890695,15.209027
0.0,-16.890416,15.209029
0.0,-16.890416,15.209305
0.0,-16.890138,15.209305
0.0,-16.890138,15.209583
0.0,-16.889863,15.209583
0.0,-16.88986,15.210139
0.0,-16.889585,15.210139
0.0,-16.889585,15.210417
0.0,-16.889304,15.210417
0.0,-16.889304,15.210695
0.0,-16.889028,15.210695
0.0,-16.889028,15.211251
0.0,-16.88875,15.211251
0.0,-16.88875,15.211527
0.0,-16.888472,15.211527
0.0,-16.888472,15.211805
0.0,-16.888194,15.211805
0.0,-16.888194,15.212361
0.0,-16.887916,15.212361
0.0,-16.887916,15.212639
0.0,-16.887638,15.212639
0.0,-16.887638,15.212917
0.0,-16.887362,15.212917
0.0,-16.887362,15.213195
0.0,-16.887082,15.213195
0.0,-16.887082,15.213749
0.0,-16.886806,15.213749
0.0,-16.886804,15.214027
0.0,-16.886528,15.214027
0.0,-16.886528,15.214305
0.0,-16.88625,15.214305
0.0,-16.88625,15.214861
0.0,-16.885972,15.214861
0.0,-16.885972,15.215139
0.0,-16.885694,15.215139
0.0,-16.885694,15.215418
0.0,-16.885416,15.215418
0.0,-16.885416,15.215693
0.0,-16.88514,15.215693
0.0,-16.88514,15.216249
0.0,-16.88486,15.216249
0.0,-16.88486,15.216527
0.0,-16.884582,15.216527
0.0,-16.884582,15.216806
0.0,-16.884306,15.216806
0.0,-16.884306,15.217362
0.0,-16.884028,15.217362
0.0,-16.884028,15.21764
0.0,-16.88375,15.21764
0.0,-16.88375,15.217915
0.0,-16.883472,15.217915
0.0,-16.883472,15.218472
0.0,-16.883194,15.218472
0.0,-16.883194,15.21875
0.0,-16.882918,15.21875
0.0,-16.882918,15.219028
0.0,-16.88264,15.219028
0.0,-16.88264,15.219306
0.0,-16.88236,15.219306
0.0,-16.88236,15.219862
0.0,-16.882084,15.219862
0.0,-16.882084,15.220138
0.0,-16.881806,15.220138
0.0,-16.881806,15.220418
0.0,-16.881528,15.220418
0.0,-16.881528,15.220972
0.0,-16.88125,15.220972
0.0,-16.88125,15.22125
0.0,-16.880972,15.22125
0.0,-16.880972,15.221528
0.0,-16.880696,15.221528
0.0,-16.880696,15.222084
0.0,-16.880418,15.222084
0.0,-16.880418,15.22236
0.0,-16.880138,15.222362
0.0,-16.880138,15.22264
0.0,-16.879862,15.22264
0.0,-16.879862,15.223194
0.0,-16.879584,15.223194
0.0,-16.879584,15.223472
0.0,-16.879306,15.223472
0.0,-16.879306,15.224028
0.0,-16.879028,15.224028
0.0,-16.879028,15.224306
0.0,-16.87875,15.224306
0.0,-16.87875,15.224584
0.0,-16.878472,15.224584
0.0,-16.878472,15.225138
0.0,-16.878196,15.225138
0.0,-16.878196,15.225416
0.0,-16.877915,15.225416
0.0,-16.877915,15.225972
0.0,-16.87764,15.225972
0.0,-16.87764,15.22625
0.0,-16.877362,15.22625
0.0,-16.877362,15.226528
0.0,-16.877084,15.226528
0.0,-16.877084,15.227082
0.0,-16.876805,15.227082
0.0,-16.876805,15.22736
0.0,-16.876527,15.22736
0.0,-16.876527,15.227638
0.0,-16.876249,15.227638
0.0,-16.876249,15.227916
0.0,-16.875974,15.227916
0.0,-16.875974,15.228472
0.0,-16.875693,15.228472
0.0,-16.875693,15.22875
0.0,-16.875415,15.22875
0.0,-16.875415,15.229029
0.0,-16.875139,15.229029
0.0,-16.875139,15.229585
0.0,-16.874861,15.229585
0.0,-16.874861,15.22986
0.0,-16.874583,15.22986
0.0,-16.874583,15.230138
0.0,-16.874305,15.230138
0.0,-16.874305,15.230695
0.0,-16.874027,15.230695
0.0,-16.874027,15.230973
0.0,-16.873751,15.230973
0.0,-16.873751,15.231526
0.0,-16.873471,15.231526
0.0,-16.873471,15.231807
0.0,-16.873193,15.231807
0.0,-16.873193,15.232361
0.0,-16.872917,15.232361
0.0,-16.872917,15.232639
0.0,-16.872639,15.232639
0.0,-16.872639,15.233195
0.0,-16.872361,15.233195
0.0,-16.872361,15.233473
0.0,-16.872083,15.233473
0.0,-16.872083,15.233751
0.0,-16.871805,15.233751
0.0,-16.871805,15.234029
0.0,-16.871529,15.234029
0.0,-16.871529,15.234583
0.0,-16.871251,15.234583
0.0,-16.871251,15.234861
0.0,-16.870971,15.234861
0.0,-16.870971,15.235417
0.0,-16.870695,15.235417
0.0,-16.870695,15.235973
0.0,-16.870417,15.235973
0.0,-16.870417,15.236805
0.0,-16.870139,15.236805
0.0,-16.870139,15.237361
0.0,-16.869861,15.237361
0.0,-16.869861,15.237639
0.0,-16.869583,15.237639
0.0,-16.869583,15.237917
0.0,-16.869305,15.237917
0.0,-16.869305,15.238195
0.0,-16.869029,15.238195
0.0,-16.869029,15.238749
0.0,-16.868749,15.238751
0.0,-16.868749,15.239027
0.0,-16.868473,15.239027
0.0,-16.868473,15.239305
0.0,-16.868195,15.239305
0.0,-16.868195,15.239583
0.0,-16.867917,15.239583
0.0,-16.867917,15.239861
0.0,-16.867639,15.239861
0.0,-16.867639,15.240417
0.0,-16.867361,15.240417
0.0,-16.867361,15.240693
0.0,-16.867083,15.240693
0.0,-16.867083,15.240973
0.0,-16.866807,15.240973
0.0,-16.866807,15.241527
0.0,-16.866527,15.241527
0.0,-16.866527,15.241805
0.0,-16.866249,15.241805
0.0,-16.866249,15.242361
0.0,-16.865973,15.242361
0.0,-16.865973,15.24264
0.0,-16.865695,15.24264
0.0,-16.865695,15.242918
0.0,-16.865417,15.242918
0.0,-16.865417,15.243196
0.0,-16.865139,15.243196
0.0,-16.865139,15.243749
0.0,-16.864861,15.243749
0.0,-16.864861,15.244028
0.0,-16.864585,15.244028
0.0,-16.864585,15.244306
0.0,-16.864304,15.244306
0.0,-16.864304,15.244584
0.0,-16.864026,15.244584
0.0,-16.864026,15.24514
0.0,-16.863751,15.24514
0.0,-16.863751,15.245694
0.0,-16.863473,15.245694
0.0,-16.863473,15.24625
0.0,-16.863194,15.24625
0.0,-16.863194,15.246806
0.0,-16.862916,15.246806
0.0,-16.862916,15.247084
0.0,-16.862638,15.247084
0.0,-16.862638,15.247362
0.0,-16.862363,15.247362
0.0,-16.862363,15.247638
0.0,-16.862085,15.247638
0.0,-16.862085,15.247916
0.0,-16.861804,15.247916
0.0,-16.861804,15.248194
0.0,-16.861528,15.248194
0.0,-16.861528,15.248472
0.0,-16.86125,15.248472
0.0,-16.86125,15.249028
0.0,-16.860972,15.249028
0.0,-16.860972,15.249306
0.0,-16.860694,15.249306
0.0,-16.860694,15.249584
0.0,-16.860416,15.249584
0.0,-16.860416,15.25014
0.0,-16.860138,15.25014
0.0,-16.860138,15.250416
0.0,-16.859862,15.250416
0.0,-16.859862,15.250972
0.0,-16.859582,15.250972
0.0,-16.859582,15.251528
0.0,-16.859306,15.251528
0.0,-16.859306,15.252084
0.0,-16.859028,15.252084
0.0,-16.859028,15.252638
0.0,-16.85875,15.252638
0.0,-16.85875,15.252916
0.0,-16.858472,15.252916
0.0,-16.858472,15.253472
0.0,-16.858194,15.253472
0.0,-16.858194,15.254028
0.0,-16.857916,15.254028
0.0,-16.857916,15.254584
0.0,-16.85764,15.254584
0.0,-16.85764,15.25486
0.0,-16.85736,15.25486
0.0,-16.85736,15.255138
0.0,-16.857084,15.255138
0.0,-16.857082,15.255694
0.0,-16.856806,15.255694
0.0,-16.856806,15.256251
0.0,-16.856528,15.256251
0.0,-16.856528,15.256804
0.0,-16.85625,15.256804
0.0,-16.85625,15.25736
0.0,-16.855418,15.25736
0.0,-16.855418,15.257639
0.0,-16.855138,15.257639
0.0,-16.855138,15.258195
0.0,-16.85486,15.258195
0.0,-16.85486,15.258751
0.0,-16.854584,15.258751
0.0,-16.854584,15.259307
0.0,-16.854306,15.259307
0.0,-16.854306,15.259583
0.0,-16.854028,15.259583
0.0,-16.854028,15.259861
0.0,-16.85375,15.259861
0.0,-16.85375,15.260139
0.0,-16.853472,15.260139
0.0,-16.853472,15.260417
0.0,-16.853196,15.260417
0.0,-16.853196,15.260973
0.0,-16.852916,15.260973
0.0,-16.852916,15.261249
0.0,-16.852638,15.261249
0.0,-16.852638,15.261805
0.0,-16.852362,15.261805
0.0,-16.852362,15.262083
0.0,-16.852084,15.262083
0.0,-16.852084,15.262639
0.0,-16.851806,15.262639
0.0,-16.851806,15.262917
0.0,-16.851528,15.262917
0.0,-16.851528,15.263473
0.0,-16.85125,15.263473
0.0,-16.85125,15.264027
0.0,-16.850974,15.264027
0.0,-16.850974,15.264583
0.0,-16.850696,15.264583
0.0,-16.850696,15.265139
0.0,-16.850415,15.265139
0.0,-16.850415,15.265695
0.0,-16.85014,15.265695
0.0,-16.85014,15.265971
0.0,-16.849862,15.265971
0.0,-16.849862,15.266249
0.0,-16.849583,15.266249
0.0,-16.849583,15.266527
0.0,-16.849305,15.266527
0.0,-16.849305,15.267083
0.0,-16.849027,15.267083
0.0,-16.849027,15.267361
0.0,-16.848749,15.267361
0.0,-16.848749,15.267917
0.0,-16.848474,15.267917
0.0,-16.848474,15.268471
0.0,-16.848193,15.268474
0.0,-16.848193,15.268749
0.0,-16.847917,15.268749
0.0,-16.847917,15.269305
0.0,-16.847639,15.269305
0.0,-16.847639,15.269862
0.0,-16.847361,15.269862
0.0,-16.847361,15.270696
0.0,-16.847083,15.270696
0.0,-16.847083,15.270971
0.0,-16.846805,15.270971
0.0,-16.846805,15.27125
0.0,-16.846527,15.27125
0.0,-16.846527,15.271806
0.0,-16.846251,15.271806
0.0,-16.846251,15.272084
0.0,-16.845693,15.272084
0.0,-16.845693,15.272362
0.0,-16.845417,15.272362
0.0,-16.845417,15.27264
0.0,-16.845139,15.27264
0.0,-16.845139,15.273194
0.0,-16.844861,15.273194
0.0,-16.844861,15.273472
0.0,-16.844583,15.273472
0.0,-16.844583,15.27375
0.0,-16.844305,15.27375
0.0,-16.844305,15.274306
0.0,-16.844029,15.274306
0.0,-16.844029,15.275694
0.0,-16.843749,15.275694
0.0,-16.843749,15.275972
0.0,-16.843471,15.275972
0.0,-16.843471,15.27625
0.0,-16.843195,15.27625
0.0,-16.843195,15.276806
0.0,-16.842917,15.276806
0.0,-16.842917,15.277084
0.0,-16.842639,15.277084
0.0,-16.842639,15.277638
0.0,-16.842361,15.277638
0.0,-16.842361,15.278194
0.0,-16.842083,15.278194
0.0,-16.842083,15.278472
0.0,-16.841807,15.278472
0.0,-16.841807,15.279028
0.0,-16.841529,15.279028
0.0,-16.841529,15.279306
0.0,-16.841249,15.279306
0.0,-16.841249,15.279862
0.0,-16.840973,15.279862
0.0,-16.840973,15.280138
0.0,-16.840695,15.280138
0.0,-16.840695,15.280694
0.0,-16.840417,15.280694
0.0,-16.840417,15.280972
0.0,-16.840139,15.280972
0.0,-16.840139,15.281528
0.0,-16.839861,15.281528
0.0,-16.839861,15.281806
0.0,-16.839583,15.281806
0.0,-16.839583,15.282085
0.0,-16.839307,15.282085
0.0,-16.839307,15.282638
0.0,-16.839027,15.282638
0.0,-16.839027,15.282916
0.0,-16.838751,15.282916
0.0,-16.838751,15.283473
0.0,-16.838473,15.283473
0.0,-16.838473,15.283751
0.0,-16.838195,15.283751
0.0,-16.838195,15.284307
0.0,-16.837917,15.284307
0.0,-16.837917,15.284582
0.0,-16.837639,15.284582
0.0,-16.837639,15.285139
0.0,-16.83736,15.285139
0.0,-16.83736,15.285695
0.0,-16.837085,15.285695
0.0,-16.837085,15.286251
0.0,-16.836804,15.286251
0.0,-16.836804,15.286805
0.0,-16.836526,15.286805
0.0,-16.836526,15.287361
0.0,-16.836251,15.287361
0.0,-16.836251,15.287917
0.0,-16.835972,15.287917
0.0,-16.835972,15.288473
0.0,-16.835694,15.288473
0.0,-16.835694,15.289305
0.0,-16.834582,15.289305
0.0,-16.834582,15.289861
0.0,-16.834304,15.289861
0.0,-16.834304,15.290695
0.0,-16.834028,15.290695
0.0,-16.834028,15.291251
0.0,-16.83375,15.291251
0.0,-16.83375,15.291805
0.0,-16.833472,15.291805
0.0,-16.833472,15.292361
0.0,-16.833194,15.292361
0.0,-16.833194,15.292917
0.0,-16.832916,15.292917
0.0,-16.832916,15.293473
0.0,-16.83264,15.293473
0.0,-16.83264,15.294027
0.0,-16.832362,15.294027
0.0,-16.832362,15.294305
0.0,-16.832082,15.294305
0.0,-16.832082,15.294583
0.0,-16.831806,15.294583
0.0,-16.831806,15.294861
0.0,-16.831528,15.294861
0.0,-16.831528,15.295139
0.0,-16.83125,15.295139
0.0,-16.83125,15.295417
0.0,-16.830972,15.295417
0.0,-16.830972,15.295693
0.0,-16.830694,15.295693
0.0,-16.830694,15.295971
0.0,-16.830416,15.295971
0.0,-16.830416,15.296527
0.0,-16.83014,15.296527
0.0,-16.83014,15.296805
0.0,-16.82986,15.296805
0.0,-16.82986,15.297084
0.0,-16.829584,15.297084
0.0,-16.829584,15.29764
0.0,-16.829306,15.29764
0.0,-16.829306,15.298196
0.0,-16.829028,15.298196
0.0,-16.829028,15.29875
0.0,-16.82875,15.29875
0.0,-16.82875,15.299306
0.0,-16.828472,15.299306
0.0,-16.828472,15.299862
0.0,-16.828194,15.299862
0.0,-16.828194,15.300418
0.0,-16.827918,15.300418
0.0,-16.827918,15.300972
0.0,-16.827638,15.300972
0.0,-16.827638,15.301528
0.0,-16.827362,15.301528
0.0,-16.82736,15.302084
0.0,-16.827084,15.302084
0.0,-16.827084,15.30264
0.0,-16.826806,15.30264
0.0,-16.826806,15.302916
0.0,-16.826528,15.302916
0.0,-16.826528,15.303194
0.0,-16.82625,15.303194
0.0,-16.82625,15.30375
0.0,-16.825972,15.30375
0.0,-16.825972,15.304028
0.0,-16.825696,15.304028
0.0,-16.825696,15.304306
0.0,-16.825416,15.304306
0.0,-16.825416,15.304862
0.0,-16.825137,15.304862
0.0,-16.825137,15.305138
0.0,-16.824862,15.305138
0.0,-16.824862,15.305416
0.0,-16.824584,15.305416
0.0,-16.824584,15.305972
0.0,-16.824306,15.305972
0.0,-16.824306,15.30625
0.0,-16.824028,15.30625
0.0,-16.824028,15.306806
0.0,-16.823749,15.306806
0.0,-16.823749,15.307082
0.0,-16.823474,15.307082
0.0,-16.823474,15.30736
0.0,-16.823193,15.30736
0.0,-16.823193,15.307916
0.0,-16.822915,15.307916
0.0,-16.822915,15.308194
0.0,-16.82264,15.308194
0.0,-16.82264,15.30875
0.0,-16.822361,15.30875
0.0,-16.822361,15.309304
0.0,-16.822083,15.309304
0.0,-16.822083,15.30986
0.0,-16.821805,15.30986
0.0,-16.821805,15.310416
0.0,-16.821527,15.310416
0.0,-16.821527,15.310973
0.0,-16.821252,15.310973
0.0,-16.821252,15.311529
0.0,-16.820973,15.311529
0.0,-16.820973,15.311807
0.0,-16.820693,15.311807
0.0,-16.820693,15.312361
0.0,-16.820417,15.312361
0.0,-16.820417,15.312639
0.0,-16.820139,15.312639
0.0,-16.820139,15.313195
0.0,-16.819861,15.313195
0.0,-16.819861,15.313751
0.0,-16.819583,15.313751
0.0,-16.819583,15.314029
0.0,-16.819305,15.314029
0.0,-16.819305,15.314583
0.0,-16.819027,15.314583
0.0,-16.819027,15.314861
0.0,-16.818751,15.314861
0.0,-16.818751,15.315417
0.0,-16.818471,15.315417
0.0,-16.818471,15.315695
0.0,-16.818195,15.315695
0.0,-16.818195,15.315973
0.0,-16.817917,15.315973
0.0,-16.817917,15.316527
0.0,-16.817639,15.316527
0.0,-16.817639,15.316805
0.0,-16.817361,15.316805
0.0,-16.817361,15.317361
0.0,-16.817083,15.317361
0.0,-16.817083,15.317639
0.0,-16.816805,15.317639
0.0,-16.816805,15.318195
0.0,-16.816529,15.318195
0.0,-16.816529,15.318751
0.0,-16.816249,15.318751
0.0,-16.816249,15.319027
0.0,-16.815971,15.319027
0.0,-16.815971,15.319583
0.0,-16.815695,15.319583
0.0,-16.815695,15.319861
0.0,-16.815417,15.319861
0.0,-16.815417,15.320417
0.0,-16.815139,15.320417
0.0,-16.815139,15.320973
0.0,-16.814861,15.320973
0.0,-16.814861,15.321249
0.0,-16.814583,15.321249
0.0,-16.814583,15.321805
0.0,-16.814307,15.321805
0.0,-16.814307,15.322083
0.0,-16.814027,15.322083
0.0,-16.814027,15.322639
0.0,-16.813749,15.322639
0.0,-16.813749,15.323196
0.0,-16.813473,15.323196
0.0,-16.813473,15.323471
0.0,-16.813195,15.323471
0.0,-16.813195,15.324027
0.0,-16.812917,15.324027
0.0,-16.812917,15.324584
0.0,-16.812639,15.324584
0.0,-16.812639,15.324862
0.0,-16.812361,15.324862
0.0,-16.812361,15.325415
0.0,-16.812085,15.325415
0.0,-16.812085,15.325694
0.0,-16.811807,15.325694
0.0,-16.811807,15.32625
0.0,-16.811526,15.32625
0.0,-16.811526,15.326806
0.0,-16.811251,15.326806
0.0,-16.811251,15.327084
0.0,-16.810973,15.327084
0.0,-16.810973,15.327638
0.0,-16.810695,15.327638
0.0,-16.810695,15.328194
0.0,-16.810417,15.328194
0.0,-16.810417,15.328472
0.0,-16.810138,15.328472
0.0,-16.810138,15.329028
0.0,-16.80986,15.329028
0.0,-16.80986,15.329584
0.0,-16.809585,15.329584
0.0,-16.809585,15.32986
0.0,-16.809304,15.32986
0.0,-16.809304,15.330416
0.0,-16.809029,15.330416
0.0,-16.809029,15.330694
0.0,-16.80875,15.330694
0.0,-16.80875,15.33125
0.0,-16.808472,15.33125
0.0,-16.808472,15.331806
0.0,-16.808194,15.331806
0.0,-16.808194,15.332084
0.0,-16.807916,15.332084
0.0,-16.807916,15.332638
0.0,-16.807638,15.332638
0.0,-16.807638,15.332916
0.0,-16.807362,15.332916
0.0,-16.807362,15.333472
0.0,-16.807082,15.333472
0.0,-16.807082,15.334028
0.0,-16.806804,15.334028
0.0,-16.806804,15.334306
0.0,-16.806528,15.334306
0.0,-16.806528,15.33486
0.0,-16.80625,15.33486
0.0,-16.80625,15.335138
0.0,-16.805972,15.335138
0.0,-16.805972,15.335416
0.0,-16.805694,15.335416
0.0,-16.805694,15.335972
0.0,-16.805416,15.335972
0.0,-16.805416,15.33625
0.0,-16.80514,15.33625
0.0,-16.80514,15.336529
0.0,-16.80486,15.336529
0.0,-16.80486,15.337082
0.0,-16.804582,15.337082
0.0,-16.804582,15.33736
0.0,-16.804306,15.33736
0.0,-16.804306,15.337638
0.0,-16.804028,15.337638
0.0,-16.804028,15.338195
0.0,-16.80375,15.338195
0.0,-16.80375,15.339861
0.0,-16.803472,15.339861
0.0,-16.803472,15.340139
0.0,-16.803194,15.340139
0.0,-16.803194,15.340695
0.0,-16.802918,15.340695
0.0,-16.802918,15.340973
0.0,-16.80264,15.340973
0.0,-16.80264,15.341251
0.0,-16.80236,15.341251
0.0,-16.80236,15.341805
0.0,-16.802084,15.341805
0.0,-16.802084,15.342083
0.0,-16.801806,15.342083
0.0,-16.801806,15.342361
0.0,-16.801528,15.342361
0.0,-16.801528,15.342639
0.0,-16.80125,15.342639
0.0,-16.80125,15.343195
0.0,-16.800972,15.343195
0.0,-16.800972,15.343473
0.0,-16.800694,15.343473
0.0,-16.800694,15.343751
0.0,-16.800418,15.343751
0.0,-16.800418,15.344305
0.0,-16.800138,15.344305
0.0,-16.800138,15.344861
0.0,-16.799862,15.344861
0.0,-16.799862,15.345417
0.0,-16.799584,15.345417
0.0,-16.799584,15.345971
0.0,-16.799306,15.345971
0.0,-16.799306,15.346527
0.0,-16.799028,15.346527
0.0,-16.799028,15.347083
0.0,-16.79875,15.347083
0.0,-16.79875,15.347361
0.0,-16.798472,15.347361
0.0,-16.798472,15.347639
0.0,-16.798196,15.347639
0.0,-16.798196,15.348193
0.0,-16.797915,15.348193
0.0,-16.797915,15.348749
0.0,-16.797637,15.348749
0.0,-16.797637,15.349305
0.0,-16.797362,15.349305
0.0,-16.797362,15.349861
0.0,-16.797084,15.349861
0.0,-16.797084,15.350415
0.0,-16.796806,15.350418
0.0,-16.796806,15.350696
0.0,-16.796527,15.350696
0.0,-16.796527,15.351249
0.0,-16.796249,15.351249
0.0,-16.796249,15.351528
0.0,-16.795974,15.351528
0.0,-16.795974,15.351806
0.0,-16.795693,15.351806
0.0,-16.795693,15.352362
0.0,-16.795415,15.352362
0.0,-16.795415,15.35264
0.0,-16.795139,15.35264
0.0,-16.795139,15.352918
0.0,-16.794861,15.352918
0.0,-16.794861,15.353472
0.0,-16.794583,15.353472
0.0,-16.794583,15.35375
0.0,-16.794305,15.35375
0.0,-16.794305,15.355972
0.0,-16.794027,15.355972
0.0,-16.794027,15.35625
0.0,-16.793751,15.35625
0.0,-16.793751,15.356528
0.0,-16.793471,15.356528
0.0,-16.793471,15.356806
0.0,-16.793193,15.356806
0.0,-16.793193,15.357084
0.0,-16.792917,15.357084
0.0,-16.792917,15.35736
0.0,-16.792639,15.35736
0.0,-16.792639,15.35764
0.0,-16.792361,15.35764
0.0,-16.792361,15.357916
0.0,-16.792083,15.357916
0.0,-16.792083,15.358194
0.0,-16.791805,15.358194
0.0,-16.791805,15.35875
0.0,-16.791529,15.35875
0.0,-16.791529,15.359028
0.0,-16.791251,15.359028
0.0,-16.791251,15.359306
0.0,-16.790971,15.359306
0.0,-16.790971,15.359862
0.0,-16.790695,15.359862
0.0,-16.790695,15.360138
0.0,-16.790417,15.360138
0.0,-16.790417,15.360694
0.0,-16.790139,15.360694
0.0,-16.790139,15.360972
0.0,-16.789861,15.360972
0.0,-16.789861,15.361528
0.0,-16.789583,15.361528
0.0,-16.789583,15.361806
0.0,-16.789305,15.361806
0.0,-16.789305,15.362084
0.0,-16.789029,15.362084
0.0,-16.789029,15.362638
0.0,-16.788749,15.362638
0.0,-16.788749,15.363194
0.0,-16.788473,15.363194
0.0,-16.788473,15.363751
0.0,-16.788195,15.363751
0.0,-16.788195,15.364307
0.0,-16.787917,15.364307
0.0,-16.787917,15.36486
0.0,-16.787639,15.36486
0.0,-16.787639,15.365417
0.0,-16.787361,15.365417
0.0,-16.787361,15.365973
0.0,-16.787083,15.365973
0.0,-16.787083,15.366251
0.0,-16.786807,15.366251
0.0,-16.786807,15.366805
0.0,-16.786527,15.366807
0.0,-16.786527,15.367083
0.0,-16.786249,15.367083
0.0,-16.786249,15.367361
0.0,-16.785973,15.367361
0.0,-16.785973,15.367917
0.0,-16.785695,15.367917
0.0,-16.785695,15.368195
0.0,-16.785417,15.368195
0.0,-16.785417,15.368473
0.0,-16.785139,15.368473
0.0,-16.785139,15.369029
0.0,-16.784861,15.369029
0.0,-16.784861,15.369305
0.0,-16.784585,15.369305
0.0,-16.784585,15.369861
0.0,-16.784304,15.369861
0.0,-16.784304,15.370417
0.0,-16.784026,15.370417
0.0,-16.784026,15.371251
0.0,-16.783751,15.371251
0.0,-16.783751,15.371805
0.0,-16.783473,15.371805
0.0,-16.783473,15.372083
0.0,-16.783195,15.372083
0.0,-16.783195,15.372361
0.0,-16.782916,15.372361
0.0,-16.782916,15.372639
0.0,-16.782638,15.372639
0.0,-16.782638,15.372917
0.0,-16.782363,15.372917
0.0,-16.782363,15.373473
0.0,-16.782085,15.373473
0.0,-16.782085,15.373749
0.0,-16.781804,15.373749
0.0,-16.781804,15.374027
0.0,-16.781528,15.374027
0.0,-16.781528,15.374583
0.0,-16.78125,15.374583
0.0,-16.78125,15.374861
0.0,-16.780972,15.374861
0.0,-16.780972,15.375417
0.0,-16.780694,15.375417
0.0,-16.780694,15.376249
0.0,-16.780416,15.376249
0.0,-16.780416,15.377083
0.0,-16.780138,15.377083
0.0,-16.780138,15.377362
0.0,-16.779862,15.377362
0.0,-16.779862,15.377915
0.0,-16.779582,15.377915
0.0,-16.779582,15.378196
0.0,-16.779306,15.378196
0.0,-16.779306,15.37875
0.0,-16.779028,15.37875
0.0,-16.779028,15.379028
0.0,-16.77875,15.379028
0.0,-16.77875,15.379584
0.0,-16.778472,15.379584
0.0,-16.778472,15.379862
0.0,-16.778194,15.379862
0.0,-16.778194,15.380137
0.0,-16.777916,15.38014
0.0,-16.777916,15.380694
0.0,-16.77764,15.380694
0.0,-16.77764,15.380972
0.0,-16.77736,15.380972
0.0,-16.77736,15.38125
0.0,-16.777082,15.38125
0.0,-16.777082,15.381806
0.0,-16.776806,15.381806
0.0,-16.776806,15.382084
0.0,-16.776528,15.382084
0.0,-16.776528,15.38264
0.0,-16.77625,15.38264
0.0,-16.77625,15.382916
0.0,-16.775972,15.382916
0.0,-16.775972,15.383472
0.0,-16.775694,15.383472
0.0,-16.775694,15.38375
0.0,-16.775418,15.38375
0.0,-16.775418,15.384306
0.0,-16.775138,15.384306
0.0,-16.775138,15.38486
0.0,-16.77486,15.38486
0.0,-16.77486,15.385416
0.0,-16.774584,15.385416
0.0,-16.774584,15.385972
0.0,-16.774306,15.385972
0.0,-16.774306,15.38625
0.0,-16.774028,15.38625
0.0,-16.774028,15.386806
0.0,-16.77375,15.386806
0.0,-16.77375,15.387362
0.0,-16.773472,15.387362
0.0,-16.773472,15.387638
0.0,-16.773196,15.387638
0.0,-16.773196,15.388194
0.0,-16.772918,15.388194
0.0,-16.772918,15.38875
0.0,-16.772638,15.38875
0.0,-16.772638,15.389028
0.0,-16.772362,15.389028
0.0,-16.772362,15.389585
0.0,-16.772084,15.389585
0.0,-16.772084,15.390138
0.0,-16.771806,15.390138
0.0,-16.771806,15.390416
0.0,-16.771528,15.390416
0.0,-16.771528,15.390973
0.0,-16.77125,15.390973
0.0,-16.77125,15.391251
0.0,-16.770696,15.391251
0.0,-16.770696,15.391807
0.0,-16.770415,15.391807
0.0,-16.770415,15.392917
0.0,-16.77014,15.392917
0.0,-16.77014,15.393473
0.0,-16.769862,15.393473
0.0,-16.769862,15.394029
0.0,-16.769584,15.394029
0.0,-16.769584,15.394305
0.0,-16.769305,15.394305
0.0,-16.769305,15.394583
0.0,-16.769027,15.394583
0.0,-16.769027,15.394861
0.0,-16.768749,15.394861
0.0,-16.768749,15.395139
0.0,-16.768474,15.395139
0.0,-16.768474,15.395417
0.0,-16.768193,15.395417
0.0,-16.768193,15.395695
0.0,-16.767915,15.395695
0.0,-16.767915,15.396249
0.0,-16.767639,15.396249
0.0,-16.767639,15.396805
0.0,-16.767361,15.396805
0.0,-16.767361,15.397361
0.0,-16.767083,15.397361
0.0,-16.767083,15.397917
0.0,-16.766805,15.397917
0.0,-16.766805,15.398195
0.0,-16.766527,15.398195
0.0,-16.766527,15.398751
0.0,-16.766251,15.398751
0.0,-16.766251,15.399305
0.0,-16.765971,15.399305
0.0,-16.765971,15.399861
0.0,-16.765693,15.399861
0.0,-16.765693,15.400417
0.0,-16.765417,15.400417
0.0,-16.765417,15.400973
0.0,-16.765139,15.400973
0.0,-16.765139,15.401527
0.0,-16.764861,15.401527
0.0,-16.764861,15.401805
0.0,-16.764583,15.401805
0.0,-16.764583,15.402083
0.0,-16.764305,15.402083
0.0,-16.764305,15.402361
0.0,-16.764029,15.402361
0.0,-16.764029,15.402639
0.0,-16.763749,15.402639
0.0,-16.763749,15.403196
0.0,-16.763471,15.403196
0.0,-16.763471,15.403471
0.0,-16.763195,15.403471
0.0,-16.763195,15.403749
0.0,-16.762917,15.403749
0.0,-16.762917,15.404027
0.0,-16.762639,15.404027
0.0,-16.762639,15.404584
0.0,-16.762361,15.404584
0.0,-16.762361,15.404862
0.0,-16.762083,15.404862
0.0,-16.762083,15.405415
0.0,-16.761807,15.405415
0.0,-16.761805,15.405693
0.0,-16.761529,15.405693
0.0,-16.761529,15.40625
0.0,-16.761249,15.40625
0.0,-16.761249,15.406528
0.0,-16.760973,15.406528
0.0,-16.760973,15.407084
0.0,-16.760695,15.407084
0.0,-16.760695,15.407638
0.0,-16.760417,15.407638
0.0,-16.760417,15.407918
0.0,-16.760139,15.407918
0.0,-16.760139,15.408472
0.0,-16.759861,15.408472
0.0,-16.759861,15.40875
0.0,-16.759583,15.40875
0.0,-16.759583,15.409306
0.0,-16.759307,15.409306
0.0,-16.759307,15.409584
0.0,-16.759027,15.409584
0.0,-16.759027,15.41014
0.0,-16.758751,15.41014
0.0,-16.758751,15.410416
0.0,-16.758473,15.410416
0.0,-16.758473,15.410972
0.0,-16.758195,15.410972
0.0,-16.758195,15.411528
0.0,-16.757917,15.411528
0.0,-16.757917,15.412084
0.0,-16.757639,15.412084
0.0,-16.757639,15.412362
0.0,-16.757361,15.412362
0.0,-16.757361,15.412916
0.0,-16.757085,15.412916
0.0,-16.757085,15.413472
0.0,-16.756804,15.413472
0.0,-16.756804,15.414028
0.0,-16.756526,15.414028
0.0,-16.756526,15.414582
0.0,-16.756251,15.414582
0.0,-16.756251,15.41486
0.0,-16.755973,15.41486
0.0,-16.755973,15.415416
0.0,-16.755694,15.415416
0.0,-16.755694,15.415694
0.0,-16.755416,15.415694
0.0,-16.755416,15.41625
0.0,-16.755138,15.41625
0.0,-16.755138,15.416528
0.0,-16.754863,15.416528
0.0,-16.754863,15.417085
0.0,-16.754582,15.417085
0.0,-16.754582,15.41736
0.0,-16.754304,15.41736
0.0,-16.754304,15.417916
0.0,-16.754028,15.417916
0.0,-16.754028,15.418195
0.0,-16.75375,15.418195
0.0,-16.75375,15.418751
0.0,-16.753472,15.418751
0.0,-16.753472,15.419026
0.0,-16.753194,15.419026
0.0,-16.753194,15.419582
0.0,-16.752916,15.419582
0.0,-16.752916,15.419861
0.0,-16.75264,15.419861
0.0,-16.75264,15.420417
0.0,-16.752362,15.420417
0.0,-16.752362,15.420695
0.0,-16.752082,15.420695
0.0,-16.752082,15.421251
0.0,-16.751806,15.421251
0.0,-16.751806,15.421529
0.0,-16.751528,15.421529
0.0,-16.751528,15.422083
0.0,-16.75125,15.422083
0.0,-16.75125,15.422361
0.0,-16.750972,15.422361
0.0,-16.750972,15.422917
0.0,-16.750694,15.422917
0.0,-16.750694,15.423195
0.0,-16.750416,15.423195
0.0,-16.750416,15.423751
0.0,-16.75014,15.423751
0.0,-16.75014,15.424027
0.0,-16.74986,15.424027
0.0,-16.74986,15.424583
0.0,-16.749584,15.424583
0.0,-16.749584,15.424861
0.0,-16.749306,15.424861
0.0,-16.749306,15.425417
0.0,-16.749028,15.425417
0.0,-16.749028,15.425695
0.0,-16.74875,15.425695
0.0,-16.74875,15.425971
0.0,-16.748472,15.425971
0.0,-16.748472,15.426527
0.0,-16.748194,15.426527
0.0,-16.748194,15.426805
0.0,-16.747918,15.426805
0.0,-16.747918,15.427083
0.0,-16.747638,15.427083
0.0,-16.747638,15.427361
0.0,-16.74736,15.427361
0.0,-16.74736,15.427917
0.0,-16.747084,15.427917
0.0,-16.747084,15.428193
0.0,-16.746806,15.428193
0.0,-16.746806,15.428473
0.0,-16.746528,15.428473
0.0,-16.746528,15.429027
0.0,-16.74625,15.429027
0.0,-16.74625,15.429583
0.0,-16.745972,15.429583
0.0,-16.745972,15.429861
0.0,-16.745696,15.429861
0.0,-16.745696,15.430418
0.0,-16.745416,15.430418
0.0,-16.745416,15.430696
0.0,-16.745138,15.430696
0.0,-16.745138,15.431249
0.0,-16.744862,15.431249
0.0,-16.744862,15.431806
0.0,-16.744584,15.431806
0.0,-16.744584,15.432084
0.0,-16.744306,15.432084
0.0,-16.744306,15.43264
0.0,-16.744028,15.43264
0.0,-16.744028,15.433193
0.0,-16.74375,15.433193
0.0,-16.74375,15.433472
0.0,-16.743474,15.433472
0.0,-16.743474,15.434028
0.0,-16.743196,15.434028
0.0,-16.743196,15.434306
0.0,-16.742915,15.434306
0.0,-16.742915,15.434862
0.0,-16.74264,15.434862
0.0,-16.74264,15.435416
0.0,-16.742362,15.435416
0.0,-16.742362,15.435694
0.0,-16.742083,15.435694
0.0,-16.742083,15.43625
0.0,-16.741805,15.43625
0.0,-16.741805,15.436528
0.0,-16.741527,15.436528
0.0,-16.741527,15.436806
0.0,-16.741249,15.436806
0.0,-16.741249,15.43736
0.0,-16.740974,15.43736
0.0,-16.740974,15.43764
0.0,-16.740693,15.43764
0.0,-16.740693,15.438194
0.0,-16.740417,15.438194
0.0,-16.740417,15.438472
0.0,-16.740139,15.438472
0.0,-16.740139,15.439028
0.0,-16.739861,15.439028
0.0,-16.739861,15.439306
0.0,-16.739583,15.439306
0.0,-16.739583,15.439584
0.0,-16.739305,15.439584
0.0,-16.739305,15.440138
0.0,-16.739027,15.440138
0.0,-16.739027,15.440416
0.0,-16.738751,15.440416
0.0,-16.738751,15.440972
0.0,-16.738471,15.440972
0.0,-16.738471,15.44125
0.0,-16.738193,15.44125
0.0,-16.738193,15.441806
0.0,-16.737917,15.441806
0.0,-16.737917,15.442084
0.0,-16.737639,15.442084
0.0,-16.737639,15.44236
0.0,-16.737361,15.44236
0.0,-16.737361,15.442916
0.0,-16.737083,15.442916
0.0,-16.737083,15.443194
0.0,-16.736805,15.443194
0.0,-16.736805,15.44375
0.0,-16.736529,15.44375
0.0,-16.736529,15.444029
0.0,-16.736249,15.444029
0.0,-16.736249,15.444582
0.0,-16.735971,15.444582
0.0,-16.735971,15.44486
0.0,-16.735695,15.44486
0.0,-16.735695,15.445416
0.0,-16.735417,15.445416
0.0,-16.735417,15.445695
0.0,-16.735139,15.445695
0.0,-16.735139,15.446251
0.0,-16.734861,15.446251
0.0,-16.734861,15.446526
0.0,-16.734583,15.446526
0.0,-16.734583,15.447083
0.0,-16.734307,15.447083
0.0,-16.734307,15.447361
0.0,-16.734027,15.447361
0.0,-16.734027,15.447917
0.0,-16.733749,15.447917
0.0,-16.733749,15.448195
0.0,-16.733473,15.448195
0.0,-16.733473,15.448473
0.0,-16.733195,15.448473
0.0,-16.733195,15.449029
0.0,-16.732917,15.449029
0.0,-16.732917,15.449305
0.0,-16.732639,15.449305
0.0,-16.732639,15.449583
0.0,-16.732361,15.449583
0.0,-16.732361,15.449861
0.0,-16.732085,15.449861
0.0,-16.732083,15.450417
0.0,-16.731807,15.450417
0.0,-16.731807,15.450695
0.0,-16.731527,15.450695
0.0,-16.731527,15.450973
0.0,-16.731251,15.450973
0.0,-16.731251,15.451251
0.0,-16.730973,15.451251
0.0,-16.730973,15.451527
0.0,-16.730695,15.451527
0.0,-16.730695,15.452083
0.0,-16.730417,15.452083
0.0,-16.730417,15.452361
0.0,-16.730139,15.452361
0.0,-16.730139,15.452639
0.0,-16.72986,15.452639
0.0,-16.72986,15.453195
0.0,-16.729585,15.453195
0.0,-16.729585,15.453749
0.0,-16.729304,15.453749
0.0,-16.729304,15.454305
0.0,-16.729029,15.454305
0.0,-16.729029,15.454583
0.0,-16.728751,15.454583
0.0,-16.728751,15.454861
0.0,-16.728472,15.454861
0.0,-16.728472,15.455417
0.0,-16.728194,15.455417
0.0,-16.728194,15.455693
0.0,-16.727916,15.455693
0.0,-16.727916,15.455971
0.0,-16.727638,15.455973
0.0,-16.727638,15.456249
0.0,-16.727363,15.456249
0.0,-16.727363,15.456805
0.0,-16.727082,15.456805
0.0,-16.727082,15.457083
0.0,-16.726804,15.457083
0.0,-16.726804,15.457361
0.0,-16.726528,15.457361
0.0,-16.726528,15.457915
0.0,-16.72625,15.457915
0.0,-16.72625,15.458196
0.0,-16.725972,15.458196
0.0,-16.725972,15.458471
0.0,-16.725694,15.458471
0.0,-16.725694,15.459027
0.0,-16.725416,15.459027
0.0,-16.725416,15.459584
0.0,-16.72514,15.459584
0.0,-16.72514,15.46014
0.0,-16.72486,15.46014
0.0,-16.72486,15.460694
0.0,-16.724582,15.460694
0.0,-16.724582,15.46125
0.0,-16.724306,15.46125
0.0,-16.724306,15.461528
0.0,-16.724028,15.461528
0.0,-16.724028,15.462084
0.0,-16.72375,15.462084
0.0,-16.72375,15.462362
0.0,-16.723472,15.462362
0.0,-16.723472,15.462916
0.0,-16.723194,15.462916
0.0,-16.723194,15.463194
0.0,-16.722918,15.463194
0.0,-16.722918,15.46375
0.0,-16.72264,15.46375
0.0,-16.72264,15.464028
0.0,-16.72236,15.464028
0.0,-16.72236,15.464584
0.0,-16.722084,15.464584
0.0,-16.722084,15.46486
0.0,-16.721806,15.46486
0.0,-16.721806,15.465416
0.0,-16.721528,15.465416
0.0,-16.721528,15.465972
0.0,-16.72125,15.465972
0.0,-16.72125,15.46625
0.0,-16.720972,15.46625
0.0,-16.720972,15.466806
0.0,-16.720418,15.466806
0.0,-16.720418,15.467362
0.0,-16.720138,15.467362
0.0,-16.720126,15.467864
0.0,-16.711051,15.46166
0.0,-16.699051,15.45764
0.0,-16.68637,15.455939
0.0,-16.677459,15.450499
0.0,-16.672809,15.441991
0.0,-16.67151,15.434591
0.0,-16.674279,15.427849
0.0,-16.67827,15.423172
0.0,-16.68565,15.421691
0.0,-16.69377,15.421581
0.0,-16.700412,15.418491
0.0,-16.706989,15.411462
0.0,-16.71046,15.404009
0.0,-16.713448,15.39564
0.0,-16.719272,15.38584
0.0,-16.736529,15.357611
0.0,-16.742728,15.341089
0.0,-16.746539,15.323909
0.0,-16.746831,15.31048
0.0,-16.740771,15.304071
0.0,-16.725341,15.292689
0.0,-16.72001,15.286971
0.0,-16.717542,15.280981
0.0,-16.716651,15.26895
0.0,-16.716521,15.25969
0.0,-16.716208,15.25437
0.0,-16.7106,15.245869
0.0,-16.700991,15.241359
