0,0,0,1,8,6,9,3,0,21,0,0,0,0,1,0,7,2,
0.0,-16.36207,14.92217
0.0,-16.36454,14.910339
0.0,-16.36542,14.904541
0.0,-16.36359,14.89183
0.0,-16.356,14.87501
0.0,-16.351111,14.86534
0.0,-16.34762,14.85288
0.0,-16.346749,14.839921
0.0,-16.343652,14.821211
0.0,-16.34163,14.792519
0.0,-16.33787,14.777981
0.0,-16.32987,14.766031
0.0,-16.32169,14.75848
0.0,-16.318278,14.7525
0.0,-16.3139,14.744211
0.0,-16.310281,14.739851
0.0,-16.29994,14.7314
0.0,-16.281429,14.715391
0.0,-16.279681,14.7087
0.0,-16.288602,14.698881
0.0,-16.295879,14.691622
0.0,-16.303639,14.684372
0.0,-16.313298,14.67732
0.0,-16.325551,14.668161
0.0,-16.32858,14.6628
0.0,-16.329321,14.645891
0.0,-16.33137,14.619711
0.0,-16.33296,14.614141
0.0,-16.345869,14.6015
0.0,-16.355699,14.594162
0.0,-16.35977,14.59666
0.0,-16.364009,14.593831
0.0,-16.367551,14.591481
0.0,-16.37205,14.590041
0.0,-16.378229,14.59044
0.0,-16.390142,14.592161
0.0,-16.41015,14.59518
0.0,-16.427522,14.59614
0.0,-16.459338,14.594162
0.0,-16.46949,14.588019
0.0,-16.479869,14.582121
0.0,-16.489188,14.58618
0.0,-16.51193,14.59818
0.0,-16.516479,14.60021
0.0,-16.529841,14.603757
0.0,-16.54797,14.608181
0.0,-16.56197,14.606631
0.0,-16.57221,14.607661
0.0,-16.586049,14.611431
0.0,-16.608241,14.616951
0.0,-16.621241,14.628832
0.0,-16.624241,14.639681
0.0,-16.62358,14.643161
0.0,-16.62198,14.648501
0.0,-16.61764,14.66105
0.0,-16.608079,14.675292
0.0,-16.6018,14.68555
0.0,-16.602341,14.69041
0.0,-16.606521,14.70008
0.0,-16.604699,14.70635
0.0,-16.602208,14.714949
0.0,-16.597509,14.71963
0.0,-16.597869,14.72866
0.0,-16.59899,14.74115
0.0,-16.596581,14.755759
0.0,-16.604759,14.780201
0.0,-16.614659,14.7905
0.0,-16.620412,14.79344
0.0,-16.625932,14.79685
0.0,-16.632311,14.811122
0.0,-16.634782,14.817572
0.0,-16.633891,14.821979
0.0,-16.632259,14.824322
0.0,-16.628731,14.827139
0.0,-16.623051,14.829991
0.0,-16.61718,14.835378
0.0,-16.61367,14.84006
0.0,-16.613711,14.842829
0.0,-16.615409,14.845359
0.0,-16.61783,14.84834
0.0,-16.624318,14.852891
0.0,-16.631322,14.859752
0.0,-16.638809,14.88489
0.0,-16.63867,14.891842
0.0,-16.636819,14.895801
0.0,-16.63258,14.899089
0.0,-16.62884,14.904461
0.0,-16.63011,14.909772
0.0,-16.641341,14.912639
0.0,-16.659419,14.911502
0.0,-16.667579,14.91626
0.0,-16.672221,14.924301
0.0,-16.670589,14.92687
0.0,-16.668502,14.931061
0.0,-16.660299,14.940891
0.0,-16.65678,14.944401
0.0,-16.628831,14.955391
0.0,-16.59827,14.96734
0.0,-16.54229,14.984211
0.0,-16.473471,15.003991
0.0,-16.46541,15.00663
0.0,-16.45623,15.01553
0.0,-16.449609,15.019312
0.0,-16.42269,15.018922
0.0,-16.380448,15.01337
0.0,-16.361071,15.0064
0.0,-16.352329,14.979921
0.0,-16.35169,14.96696
0.0,-16.356198,14.946999
0.0,-16.36207,14.92217
